19 145
175 173
59 74
161 31
12 9
39 113
69 118
156 99
35 32
26 128
41 8
155 26
49 105
99 8
126 72
45 160
84 100
88 175
7 26
23 26
113 3
100 27
148 69
64 151
152 106
26 48
22 158
158 146
119 0
19 38
90 48
126 34
88 146
134 97
61 115
165 100
15 80
82 11
146 88
110 156
104 74
78 18
122 115
7 40
137 19
118 32
82 71
19 26
55 3
43 18
17 167
26 153
97 19
55 43
86 119
126 122
115 53
157 12
168 167
11 29
41 16
25 12
80 34
0 144
101 159
114 46
127 140
164 23
68 101
125 52
15 24
91 43
86 50
142 164
5 108
0 83
20 8
35 143
65 32
103 144
140 9
26 25
102 19
84 15
24 158
58 112
27 108
66 92
33 13
38 163
138 67
37 156
49 74
134 71
72 165
134 67
68 168
55 136
23 91
14 109
141 23
132 62
39 124
162 22
75 51
94 74
149 90
107 109
81 42
57 123
126 160
84 153
121 160
117 95
40 69
112 83
22 31
103 1
112 25
95 152
46 107
155 138
173 82
14 173
68 3
166 138
7 129
122 7
122 13
94 80
119 48
165 3
82 76
167 16
8 46
93 24
95 40
90 117
14 14
132 57
60 26
65 85
166 53
19 158
62 64
2 59
33 111
80 144
96 107
175 69
81 80
94 47
58 32
169 15
18 120
91 102
70 20
108 26
59 5
82 146
6 67
107 7
100 123
109 102
86 143
35 23
119 144
38 132
144 84
124 131
129 102
136 108
81 149
56 121
79 160
101 58
51 72
80 135
59 63
87 151
39 135
15 160
130 32
30 176
112 70
174 72
58 20
48 43
75 22
6 61
72 118
14 142
45 91
123 155
156 82
46 21
41 32
168 141
105 43
143 48
9 157
20 163
46 142
118 170
4 168
125 141
164 42
44 176
101 112
38 24
94 170
48 66
170 111
107 3
151 92
47 23
13 151
87 83
20 43
39 151
74 79
79 31
161 98
43 169
25 35
158 92
153 46
116 7
158 154
8 149
2 122
85 22
54 14
115 174
11 169
77 167
36 78
54 88
80 57
86 161
2 95
122 127
103 176
151 43
22 100
87 33
177 151
135 141
126 49
76 160
72 46
28 60
166 135
85 93
75 58
65 127
38 18
36 53
162 133
123 79
167 13
6 144
96 14
169 45
0 61
12 104
81 123
1 171
106 101
168 95
125 114
175 113
2 35
46 109
88 131
43 84
154 85
152 100
36 119
52 165
0 44
59 95
50 173
121 104
66 174
119 172
155 126
102 118
36 42
66 140
13 140
100 38
8 174
95 111
18 53
93 34
175 105
141 40
158 111
20 137
53 34
29 150
137 85
117 59
19 0
58 169
89 138
172 134
158 103
10 140
162 48
52 120
158 34
148 28
22 5
114 60
104 147
128 25
66 8
122 166
171 47
78 142
162 162
105 133
117 128
114 103
88 91
97 4
143 103
101 85
9 80
30 155
172 51
174 26
100 6
131 23
58 110
122 44
157 131
60 171
147 75
108 133
28 157
169 54
153 56
89 80
131 28
16 84
164 137
41 2
94 135
57 134
108 94
50 4
162 10
126 170
160 88
7 2
95 77
150 107
172 176
169 26
67 61
103 103
36 16
82 53
63 147
125 66
37 19
150 5
91 126
97 103
171 92
81 157
116 112
23 151
59 41
6 57
9 77
58 126
47 150
173 27
166 144
3 20
20 22
42 94
25 119
133 53
70 80
113 38
56 48
16 48
172 143
53 107
60 153
107 80
151 49
156 36
54 25
19 150
163 123
19 81
155 67
45 75
134 5
98 91
148 59
75 84
80 55
139 34
148 61
47 100
160 164
29 135
109 40
140 138
46 12
22 2
83 109
36 95
48 137
61 144
103 152
13 120
156 74
84 80
111 50
170 95
165 159
174 62
116 30
98 79
125 163
0 41
105 156
158 43
154 64
46 116
162 109
121 120
17 100
161 14
153 135
117 166
152 143
84 25
5 15
58 136
74 88
142 146
172 115
73 2
155 91
109 82
84 69
99 56
31 76
171 89
80 63
133 43
22 65
20 51
146 95
113 111
168 0
69 31
168 79
158 68
63 165
17 21
1 2
0 64
88 109
170 28
121 0
124 93
55 17
153 8
146 116
110 101
99 174
153 165
177 141
127 84
169 132
49 50
106 84
31 65
32 169
93 94
50 62
148 139
122 35
20 19
89 72
45 33
101 11
159 129
82 92
8 71
169 107
108 74
92 29
121 125
150 161
71 158
116 149
36 90
130 160
150 22
55 160
85 31
97 50
71 137
61 126
170 70
35 152
68 129
176 158
2 174
171 151
141 169
110 136
47 54
40 146
155 176
25 68
43 97
175 28
34 60
121 89
24 30
43 138
131 98
159 67
86 116
172 120
86 103
164 57
82 35
35 123
146 128
146 37
75 137
100 65
53 124
154 96
150 67
9 12
3 72
79 165
123 50
149 50
140 118
117 19
146 7
27 132
128 7
133 47
130 112
39 169
9 161
61 167
74 112
128 98
88 107
42 11
128 60
39 97
164 35
169 36
166 104
120 67
103 50
120 133
97 111
86 58
173 12
148 17
142 134
104 88
90 140
76 86
132 130
19 5
85 63
87 112
13 86
135 115
128 145
15 128
115 164
100 48
110 106
111 27
64 116
73 130
153 19
166 49
141 1
141 86
84 48
159 121
36 76
157 59
5 96
26 150
90 59
169 66
97 69
164 59
40 158
73 95
44 130
63 11
174 2
1 10
115 57
176 66
74 73
65 158
13 164
74 121
96 11
54 163
10 130
55 115
141 19
148 133
131 103
104 135
8 54
70 133
121 26
2 53
36 64
22 135
125 104
60 44
96 85
165 25
147 147
101 156
148 52
103 101
41 58
14 132
133 26
26 169
118 36
149 154
88 163
28 15
110 16
158 51
21 141
145 32
10 38
96 27
25 175
130 124
144 14
79 4
7 64
29 174
33 36
4 31
114 12
138 88
79 74
143 131
105 28
44 24
119 110
53 138
9 30
115 24
68 71
51 58
67 103
8 91
47 28
3 47
38 59
152 69
150 59
146 112
6 167
105 108
99 130
55 147
166 110
107 88
130 60
175 88
36 139
102 137
136 62
68 165
88 41
146 135
74 171
119 80
30 93
14 28
130 39
130 52
108 118
117 69
58 145
132 176
169 114
112 125
89 95
89 16
37 106
100 167
91 1
170 20
18 83
117 146
124 63
134 37
158 56
82 63
172 31
8 87
65 49
138 119
175 134
71 116
75 147
133 22
57 12
85 175
11 65
156 142
38 101
49 57
146 45
94 147
163 167
175 44
62 56
19 71
74 62
120 117
154 159
48 172
54 130
4 5
94 19
80 23
28 76
78 111
27 129
108 78
167 90
79 107
64 79
56 153
62 140
13 75
14 59
56 64
52 168
95 53
5 114
146 93
80 130
122 108
138 6
57 171
136 126
2 4
3 155
40 105
10 18
157 88
139 156
136 150
36 104
74 109
75 48
159 71
106 23
172 9
145 25
117 57
97 1
122 31
163 102
104 8
103 82
59 141
102 172
113 129
100 72
113 114
69 93
147 34
128 31
111 32
160 47
130 156
154 32
140 58
130 129
142 97
119 137
166 164
159 140
114 33
77 147
113 73
81 104
80 114
98 135
136 58
27 166
165 80
64 28
73 161
103 79
129 11
11 125
118 62
115 115
55 37
10 118
107 144
87 140
36 0
131 163
54 127
59 55
74 144
83 28
84 77
45 172
76 88
14 54
10 150
127 56
165 10
138 132
79 83
157 163
99 36
150 120
138 61
33 73
148 82
78 78
177 7
25 4
149 13
149 142
109 9
143 52
118 46
47 88
10 59
65 133
56 45
171 11
161 136
137 154
162 16
166 130
132 7
30 115
160 54
83 168
169 159
35 73
5 135
29 32
145 58
152 63
30 74
94 121
130 95
127 21
30 16
19 171
4 56
172 154
20 74
52 39
111 164
51 55
167 70
116 16
104 172
69 12
96 100
84 140
109 42
24 94
167 101
78 98
83 132
135 65
80 44
115 102
89 160
26 96
67 64
175 132
92 108
0 23
28 98
176 145
31 161
5 161
8 16
59 90
88 126
64 124
48 152
90 170
139 40
14 117
20 56
72 67
116 3
128 1
50 35
174 108
100 67
165 162
69 74
100 52
96 96
46 96
98 137
165 96
162 64
57 173
108 140
104 112
78 127
3 116
117 90
59 37
173 80
134 1
90 133
17 12
93 68
148 42
15 63
34 158
95 56
101 133
140 63
112 95
23 8
70 46
15 98
121 29
118 28
0 13
62 111
92 112
119 41
15 146
31 120
120 76
91 106
6 164
12 23
63 112
107 38
87 14
163 117
96 162
21 131
114 156
104 53
50 120
31 9
9 144
159 61
53 0
0 91
38 89
69 141
92 143
13 6
133 143
148 161
62 24
92 131
121 38
105 119
14 50
131 81
149 113
55 111
56 103
165 46
50 158
103 33
134 139
101 98
155 132
128 130
46 131
16 45
104 35
1 69
99 95
32 154
8 42
24 44
13 0
118 71
108 146
83 45
3 105
127 67
91 149
32 132
77 5
76 95
146 155
55 82
151 52
78 71
38 80
56 70
109 69
128 77
52 84
113 66
25 142
7 8
160 114
139 47
158 137
116 155
2 8
5 50
5 172
174 168
11 92
80 8
168 86
22 48
155 151
160 117
12 109
123 144
152 115
71 172
145 42
101 92
14 137
141 149
49 125
52 7
59 163
51 175
153 30
56 51
36 6
157 21
173 36
96 23
27 136
24 165
152 0
86 36
10 34
143 107
153 157
44 58
39 84
140 71
149 122
17 68
40 117
157 175
31 101
157 108
4 87
17 91
172 58
1 163
121 54
63 40
48 46
161 43
84 155
60 49
128 111
49 92
39 52
141 36
96 74
70 129
127 18
108 123
20 120
150 80
116 80
16 7
166 148
92 147
14 93
159 106
34 128
112 42
30 143
30 82
0 100
58 14
141 11
90 20
101 44
44 26
145 123
163 170
141 90
113 144
37 49
5 102
176 46
58 98
128 163
19 164
3 123
73 38
99 155
20 86
157 38
135 19
134 111
168 40
65 61
111 90
156 94
71 92
80 139
50 83
52 112
110 62
176 109
95 32
74 8
161 81
104 110
10 9
40 138
144 127
125 42
124 19
34 82
135 171
94 139
56 91
4 92
89 68
29 26
52 28
159 151
33 98
21 154
0 161
154 118
51 132
168 76
37 147
83 87
99 117
27 36
143 120
125 99
136 164
24 103
7 112
141 161
133 165
106 165
164 28
130 142
91 86
17 113
149 71
66 13
169 5
17 36
2 134
13 66
116 106
55 35
137 176
33 117
71 149
119 65
95 142
11 53
155 12
91 22
167 43
105 15
25 39
42 75
36 154
137 1
74 133
75 164
132 107
62 129
114 176
19 41
27 5
119 155
64 141
168 126
162 147
143 64
73 124
109 0
65 121
23 81
45 81
41 173
92 163
169 32
103 30
131 172
115 137
144 37
24 74
61 82
125 59
128 135
75 41
142 69
10 63
82 118
56 59
40 130
29 11
67 110
32 11
142 137
147 50
103 128
157 28
140 159
70 83
105 104
163 72
31 55
19 109
4 130
140 165
94 43
75 3
80 11
53 5
43 153
34 3
107 169
136 10
146 72
108 46
32 159
8 109
106 61
45 29
152 18
70 4
48 41
71 97
153 39
46 114
111 57
0 169
71 147
168 144
8 22
105 140
143 154
26 139
43 112
17 125
42 47
174 86
15 88
124 38
64 109
121 83
63 49
167 118
92 123
41 165
165 74
52 37
62 162
86 108
154 155
160 58
100 107
44 6
154 123
106 18
135 76
154 49
111 134
158 133
93 128
112 173
27 102
34 79
60 97
104 165
117 49
35 26
132 89
74 153
159 166
74 102
3 11
132 75
147 174
104 94
171 128
38 30
120 24
24 59
75 11
94 10
5 21
48 1
81 67
109 29
55 76
52 75
5 82
152 112
23 167
29 124
97 66
174 39
102 39
137 160
110 93
117 172
114 153
150 103
171 86
49 109
176 80
168 3
109 48
14 169
127 175
88 120
161 176
8 166
50 148
126 45
143 5
116 160
34 51
147 102
59 101
34 141
93 152
6 76
57 144
173 172
119 175
33 148
175 76
166 176
13 112
154 104
155 70
164 5
42 121
44 154
129 108
57 39
50 128
25 130
145 91
23 115
53 174
20 11
112 162
174 49
43 104
52 149
106 33
85 137
167 170
143 80
90 81
66 42
13 32
92 16
157 32
73 12
7 30
114 135
149 0
146 165
61 30
25 134
17 17
138 71
94 57
67 57
99 24
131 78
90 45
43 62
177 55
105 68
143 77
61 135
105 57
40 9
154 72
136 123
127 157
58 60
157 61
121 72
169 100
146 145
137 45
139 93
156 145
24 172
172 166
47 157
123 84
131 47
138 74
137 110
11 122
140 141
111 8
57 157
97 30
175 37
39 143
89 62
22 63
118 78
130 85
78 91
67 148
75 141
32 104
21 91
68 161
32 113
133 133
63 107
151 86
110 143
139 24
176 125
28 171
19 14
88 100
90 97
50 136
51 31
124 70
46 123
147 158
155 148
78 54
64 0
67 21
30 4
36 170
47 176
45 146
127 28
115 40
81 78
171 55
176 74
66 39
170 59
112 120
174 149
158 160
42 148
133 83
168 153
71 101
35 136
171 18
113 88
64 56
87 64
64 155
32 123
67 107
141 77
121 94
142 117
127 117
113 44
40 14
147 31
20 97
89 149
148 125
34 85
8 57
130 41
134 51
100 2
162 94
130 118
120 163
150 76
57 62
109 59
126 127
65 168
11 78
77 25
81 175
31 141
136 34
162 53
19 103
115 72
119 16
162 106
152 132
65 36
108 112
101 115
75 128
172 6
118 73
26 56
115 74
116 63
19 46
152 37
32 174
68 86
147 3
134 148
89 57
51 102
40 82
177 52
72 66
61 132
70 50
29 68
12 145
109 5
131 19
25 7
124 67
135 168
30 106
88 29
139 98
95 159
81 95
128 132
51 67
95 114
92 3
117 163
22 98
67 127
21 174
144 20
92 85
8 170
168 56
148 84
58 29
171 104
160 142
168 72
32 29
67 75
24 136
78 69
173 21
175 18
7 152
18 49
17 74
170 38
164 140
148 55
10 72
15 2
89 77
79 170
47 4
101 170
149 34
88 23
160 157
142 114
84 123
64 120
8 38
72 122
128 13
132 168
5 0
159 80
26 115
0 176
42 177
1 80
59 82
84 128
152 88
145 67
139 108
142 144
15 101
39 34
146 22
103 25
25 50
7 94
168 150
83 59
133 124
39 106
21 122
164 69
151 72
23 72
53 105
17 66
150 94
136 94
14 73
52 63
158 19
10 155
155 3
22 37
30 58
30 167
62 94
146 105
61 17
61 149
78 103
63 32
106 173
18 143
87 154
140 124
60 78
161 74
158 117
54 53
121 147
6 124
117 10
91 156
97 46
77 172
76 55
8 137
78 119
41 98
6 43
125 75
129 67
95 65
93 117
142 14
33 16
176 21
75 92
160 5
30 96
174 100
27 42
62 121
42 159
94 151
118 121
26 163
77 162
90 27
43 88
16 107
81 2
34 63
114 167
145 99
156 120
87 87
165 91
23 22
83 19
72 74
31 128
80 37
129 153
141 84
16 123
119 59
10 85
75 67
54 57
148 145
93 91
125 155
61 85
59 131
110 23
133 155
31 20
109 14
109 85
46 61
61 107
77 36
145 54
174 91
137 148
64 171
44 125
6 156
67 84
157 76
135 103
171 2
4 166
122 23
12 158
35 131
68 0
71 23
86 97
176 128
38 36
153 74
130 70
13 96
158 54
168 133
111 97
164 130
85 114
67 153
72 20
70 35
125 167
59 8
162 24
10 112
134 14
3 143
133 118
167 64
42 102
77 27
138 128
0 148
109 125
160 160
101 62
52 15
37 114
69 69
93 0
79 15
53 141
16 149
38 68
66 66
116 76
102 36
73 141
29 111
128 115
65 63
2 66
85 85
174 94
47 166
53 23
110 80
53 21
123 162
60 103
12 3
85 45
114 9
86 171
112 149
125 119
118 113
36 84
125 0
62 46
172 132
69 139
11 98
41 126
155 107
165 132
137 146
36 38
17 58
168 105
18 148
140 44
33 135
54 99
123 96
35 10
80 59
165 168
68 121
87 48
119 10
151 164
94 105
69 155
124 137
7 132
64 26
23 132
148 169
0 32
70 39
31 137
11 13
1 88
110 168
76 124
53 44
72 0
142 57
139 53
66 99
69 104
130 151
142 7
124 30
47 126
65 24
45 37
30 132
29 48
157 115
176 155
63 103
122 168
164 110
109 120
106 78
78 115
151 172
96 166
121 150
151 150
86 71
17 152
56 106
23 89
65 152
55 84
81 121
29 46
86 0
137 137
141 67
102 141
21 106
99 170
45 174
171 171
98 107
84 40
52 98
89 53
96 129
108 150
38 93
109 51
135 173
134 159
76 113
118 119
28 119
6 121
172 78
145 134
84 8
160 155
82 99
45 72
141 29
124 4
30 146
130 56
83 142
13 70
22 95
3 171
10 101
113 17
131 148
56 165
82 102
150 26
41 22
42 43
110 88
154 24
58 17
129 5
139 115
17 110
27 125
62 169
28 18
143 61
24 32
53 153
146 168
48 83
165 172
23 120
98 149
18 138
148 86
164 155
118 88
21 53
2 140
61 5
124 169
73 99
34 93
132 64
84 6
167 120
54 8
10 1
37 57
120 158
15 121
29 52
172 169
133 3
135 100
125 85
155 51
16 94
1 129
77 62
69 111
59 1
30 22
48 13
99 101
98 131
140 103
153 121
42 79
99 162
54 78
62 174
139 50
169 148
84 66
15 19
50 88
39 120
174 59
132 17
145 166
164 20
98 11
59 133
166 152
103 43
125 88
135 48
117 139
19 123
7 70
135 135
6 138
129 168
176 10
21 148
144 149
92 39
71 114
16 52
126 2
44 13
168 111
6 35
81 39
38 4
174 158
151 155
97 143
21 128
150 97
95 5
89 136
110 35
157 106
1 76
16 118
41 72
92 13
107 12
114 78
121 51
36 125
166 108
117 143
39 42
59 52
118 140
102 69
113 117
27 113
21 112
27 28
27 23
143 44
24 111
120 142
18 169
114 123
160 174
43 4
59 160
106 92
33 164
62 59
29 87
51 163
120 19
132 101
45 51
136 105
162 114
50 0
115 35
116 176
47 161
37 70
85 166
174 161
135 92
93 88
124 134
57 74
39 172
24 162
52 145
19 116
60 121
68 113
147 131
104 71
171 75
110 117
21 59
99 15
31 34
30 158
105 161
121 112
62 68
151 127
40 65
49 115
118 5
3 176
167 172
124 26
131 138
118 117
3 137
54 28
106 66
54 67
69 62
13 26
149 99
29 126
33 57
155 171
146 150
52 12
74 136
47 94
110 77
128 88
163 153
142 3
23 140
0 107
170 83
13 35
2 33
150 130
98 39
15 38
75 43
70 99
57 117
51 23
139 79
97 153
122 137
116 97
87 19
105 97
11 160
61 37
36 35
138 36
84 72
20 77
89 51
147 115
30 63
170 122
34 47
46 163
72 60
169 9
100 42
172 41
17 131
6 115
42 134
95 84
39 160
68 97
167 60
147 118
147 64
9 127
97 157
2 49
117 134
142 26
34 67
117 84
42 29
46 152
33 108
144 140
111 145
150 28
50 80
6 12
41 110
24 153
169 119
91 37
82 90
71 144
3 151
6 20
160 41
5 127
98 21
112 154
145 18
173 103
10 43
28 65
149 136
49 97
70 58
12 83
35 162
42 166
81 82
37 166
143 156
36 101
175 34
136 42
11 76
2 114
46 139
9 99
26 64
159 76
129 92
165 126
81 17
154 173
17 5
87 168
112 127
65 45
88 38
100 77
154 15
163 85
150 174
26 160
108 160
11 134
167 66
49 134
98 60
153 80
73 16
151 145
92 158
49 140
73 76
120 166
25 79
107 53
161 144
67 144
103 130
39 165
47 134
61 2
132 161
49 9
77 152
3 15
72 168
45 48
95 91
14 175
166 38
54 32
84 161
6 169
35 30
50 18
8 83
39 56
65 5
78 56
5 78
7 80
70 164
24 78
54 63
150 167
140 110
26 92
160 3
5 105
11 176
16 33
166 94
159 28
90 167
17 156
83 112
77 38
27 83
69 173
73 27
153 153
175 115
93 64
74 19
48 32
80 90
169 48
112 1
173 124
40 162
30 72
18 127
83 129
87 5
145 129
5 132
121 3
18 32
24 127
40 61
68 26
95 29
26 89
12 17
44 164
143 142
39 63
145 160
135 31
21 169
125 111
136 53
139 13
114 140
172 63
43 143
155 5
128 54
12 154
84 135
43 140
106 63
27 146
25 18
69 135
112 137
52 94
146 177
7 50
51 90
61 72
162 121
5 10
16 135
57 151
109 21
153 130
37 168
33 39
172 129
129 47
91 152
100 17
104 122
42 82
48 144
41 38
95 176
39 74
75 34
106 127
176 96
36 108
72 85
103 15
166 116
130 88
138 27
100 119
96 93
120 47
77 156
11 47
125 80
10 163
133 35
109 99
22 108
100 142
39 27
90 31
39 174
10 107
136 132
50 25
88 2
86 159
64 97
143 60
29 37
71 43
4 40
61 79
17 105
84 170
47 79
48 20
111 140
159 64
34 20
29 163
2 37
157 15
76 117
151 109
136 24
122 15
52 48
125 147
12 126
46 57
111 46
67 17
89 113
51 46
66 137
45 45
117 101
8 4
27 0
166 34
72 58
76 99
125 82
63 20
32 157
21 16
174 151
41 19
151 138
172 139
92 77
76 0
13 44
149 47
13 57
33 42
13 162
161 168
7 159
162 62
160 171
122 91
50 122
4 85
132 127
15 151
146 141
118 106
11 32
78 23
165 78
0 17
49 86
168 157
146 15
170 136
174 51
53 117
160 124
163 144
96 89
17 141
51 139
27 73
99 74
83 173
157 100
124 16
71 54
174 164
173 53
164 113
9 65
119 148
158 1
60 138
44 135
56 137
59 156
89 143
0 26
106 50
158 83
32 93
102 56
57 86
129 139
128 166
157 45
96 8
25 1
133 113
128 103
116 66
142 9
1 150
28 117
123 61
76 74
130 64
160 103
73 81
93 154
64 162
57 78
143 92
68 44
76 133
99 115
59 66
18 174
0 138
1 29
171 22
46 68
78 81
86 165
126 40
94 123
73 31
45 41
103 76
132 135
128 35
153 140
122 63
128 74
42 52
37 129
62 53
62 7
157 26
158 8
32 23
41 25
45 9
165 32
97 146
57 176
114 132
48 131
162 78
16 43
97 125
116 13
139 143
32 71
136 7
155 112
51 42
84 120
64 101
103 41
67 34
102 149
113 108
47 146
9 122
10 26
52 160
72 155
158 126
86 56
38 13
162 39
73 33
126 150
80 147
107 41
83 3
42 156
27 13
91 64
120 99
63 70
143 111
133 158
67 54
137 56
23 67
161 100
82 22
12 172
145 81
140 176
43 150
92 161
156 96
143 54
80 47
151 20
93 168
63 134
45 99
2 42
74 53
39 49
151 124
47 30
173 145
6 90
136 12
28 30
108 91
125 77
123 173
52 3
135 119
115 119
7 102
125 10
107 152
16 114
45 64
16 76
56 108
135 45
103 13
116 125
90 90
172 159
64 82
91 175
137 112
103 59
31 41
68 78
119 13
115 130
3 110
61 156
168 161
70 126
75 106
34 120
128 79
176 4
162 51
139 37
147 78
77 8
141 82
123 101
72 5
136 15
154 163
1 157
79 20
44 66
32 90
71 109
55 30
61 13
134 107
25 146
56 23
56 19
54 41
35 45
145 29
157 172
37 111
152 118
78 12
140 128
63 138
90 130
3 63
57 148
164 119
31 6
25 106
107 97
13 99
167 5
166 29
6 98
112 20
155 77
117 99
82 1
141 154
78 175
51 166
12 40
138 65
61 10
95 62
138 21
100 140
54 71
55 132
113 64
59 115
146 110
39 45
153 66
14 124
155 130
127 153
117 39
94 59
78 50
124 41
139 31
4 148
90 12
133 11
175 120
7 146
162 26
91 138
84 148
151 56
126 143
24 54
10 94
95 118
117 25
135 81
156 19
173 67
94 72
120 31
77 93
2 126
142 122
149 171
148 44
98 44
143 174
47 6
45 101
67 69
57 128
64 74
82 50
105 11
96 71
83 163
139 171
104 115
131 166
38 98
168 83
145 171
153 58
12 90
80 153
121 21
161 127
112 16
22 85
105 2
96 140
29 54
115 82
106 176
86 17
58 84
142 34
105 48
63 89
155 88
22 79
9 116
172 163
93 26
58 118
110 171
142 101
11 68
47 36
48 16
170 64
80 26
176 102
126 61
134 122
50 168
25 84
83 97
55 95
69 96
32 50
18 161
60 21
5 70
28 79
11 114
129 18
133 31
16 29
129 9
117 153
45 85
126 132
76 32
150 8
131 35
162 34
170 156
146 121
91 9
98 119
38 154
0 113
66 96
78 1
108 130
170 102
1 103
105 5
38 8
72 153
92 52
101 152
14 166
43 174
136 26
109 66
158 148
18 92
127 100
2 85
4 159
86 133
92 172
40 102
48 154
52 156
120 69
137 91
164 55
100 145
106 137
61 118
104 167
83 41
142 171
89 85
99 126
18 60
148 11
18 43
122 75
151 15
106 70
93 7
9 68
132 95
79 94
105 145
2 168
153 102
50 70
90 39
89 111
103 99
18 63
72 106
69 10
38 54
115 142
63 14
5 119
83 107
116 108
88 103
142 73
156 134
114 7
161 89
81 15
95 156
98 159
81 128
127 65
20 167
170 62
97 34
14 85
148 109
139 95
14 16
165 16
101 30
52 126
107 156
115 94
106 111
162 139
99 88
5 140
89 8
25 65
69 170
114 96
131 13
103 5
108 166
64 52
121 56
113 54
2 74
97 113
45 17
77 59
42 161
160 19
15 104
2 146
18 88
30 99
147 6
76 109
52 172
80 124
92 33
108 57
117 41
159 170
91 93
80 29
125 152
149 117
16 86
111 12
55 156
81 155
102 22
51 21
76 130
78 137
155 110
31 68
94 133
22 45
19 94
170 164
82 115
100 104
25 61
57 102
73 25
59 151
12 136
97 64
16 27
28 94
154 60
3 76
31 43
152 34
51 115
163 31
43 118
92 69
18 97
32 143
108 116
40 79
123 158
88 11
68 151
20 61
62 76
137 100
37 142
91 118
48 123
161 84
157 72
127 94
146 84
167 19
12 149
141 99
104 20
163 66
143 168
161 112
174 15
71 111
36 66
8 124
145 11
126 92
130 136
121 170
26 100
42 115
19 3
150 62
48 76
11 7
32 151
121 85
97 58
110 64
60 88
