19 145
174 173
59 74
160 31
12 8
39 113
69 118
156 99
34 32
25 128
42 8
155 26
50 105
99 8
127 72
45 160
84 99
89 175
7 26
23 26
113 3
100 27
148 70
64 150
153 106
26 48
22 159
159 146
118 0
19 38
89 48
127 33
87 146
134 97
61 116
164 100
16 80
82 12
146 87
111 156
104 73
78 18
121 115
7 40
137 19
119 32
82 71
19 27
55 3
42 18
16 167
26 153
96 19
54 42
86 118
125 123
115 53
157 12
168 168
10 29
41 16
25 11
80 35
0 143
101 159
114 46
127 139
165 23
67 102
125 51
15 25
91 43
86 50
142 164
5 107
0 82
19 8
35 143
65 32
102 144
140 9
25 26
103 19
84 15
24 158
58 112
27 108
66 91
34 14
38 163
138 66
37 156
48 74
134 70
72 165
135 67
68 168
55 137
22 90
14 109
140 23
133 62
38 123
162 23
75 51
94 74
149 90
107 109
80 42
57 124
125 160
85 153
121 160
117 95
40 70
113 83
21 31
104 1
113 24
95 153
46 106
155 139
174 82
15 173
68 3
166 137
7 129
123 8
122 13
94 80
119 48
165 4
82 76
167 15
8 46
93 24
96 40
90 117
14 15
132 56
60 25
65 84
166 53
19 158
62 64
2 59
33 111
80 145
96 107
175 69
80 80
94 48
58 33
169 15
18 121
91 102
70 20
108 26
58 5
82 146
6 67
108 7
100 122
109 103
85 143
35 22
119 144
39 132
144 84
124 131
129 101
136 109
80 149
56 122
79 160
101 57
50 72
79 135
59 64
88 151
38 135
16 161
130 32
31 0
113 70
174 72
59 20
48 43
75 23
6 60
72 118
14 141
44 91
123 155
156 82
46 21
41 33
168 142
105 44
143 49
10 157
20 163
46 141
118 170
4 168
125 141
164 41
45 176
102 111
38 24
94 170
48 66
170 111
106 4
151 92
47 23
14 150
88 83
20 43
39 150
73 79
79 31
161 97
42 169
25 35
157 93
153 45
116 7
158 154
8 149
1 122
84 21
55 14
116 173
10 170
77 167
36 79
53 88
81 57
86 160
1 94
122 127
103 176
151 43
22 101
87 33
177 151
134 142
126 50
75 161
72 47
27 60
166 134
85 93
75 58
65 127
39 18
35 53
162 132
124 79
167 13
6 144
96 14
169 46
0 60
12 103
82 123
1 171
105 100
168 94
126 114
175 113
2 34
46 109
88 131
43 84
155 85
152 100
37 119
52 165
0 44
58 95
50 173
121 104
65 174
119 171
154 126
102 118
36 41
67 139
13 139
99 38
7 173
95 112
19 53
92 34
175 105
141 40
158 110
21 137
53 34
29 149
137 85
117 59
19 1
58 169
89 138
171 133
158 103
9 140
161 48
52 121
158 34
148 28
21 4
115 61
104 147
128 24
66 8
121 166
171 47
77 141
163 162
105 133
117 127
114 103
87 91
96 4
143 103
100 85
9 81
30 155
172 51
174 26
101 6
131 23
58 110
121 44
156 132
60 172
147 76
107 132
28 156
169 54
153 56
89 79
131 29
16 84
164 138
40 2
95 135
57 134
108 94
50 4
162 9
126 170
159 88
7 2
95 77
150 106
172 176
169 26
67 61
103 103
36 16
82 53
64 147
125 66
37 19
150 5
90 126
98 103
171 93
81 157
116 111
23 151
60 41
6 57
8 77
59 125
47 150
173 27
167 144
3 20
21 22
42 94
25 119
132 53
70 79
114 38
56 47
16 48
172 143
52 107
61 154
107 80
151 50
156 37
54 25
18 150
163 123
19 81
155 66
45 75
134 6
98 91
149 60
75 84
80 55
139 34
148 61
47 100
160 164
29 136
109 40
140 138
46 13
21 2
84 109
35 95
48 137
61 144
102 152
13 120
156 73
85 80
110 51
170 94
165 160
173 62
116 30
98 80
126 163
0 40
105 155
158 43
155 64
46 115
162 108
121 121
17 100
161 13
153 135
117 166
152 142
84 25
5 16
58 135
74 87
142 146
171 114
73 2
156 92
109 82
84 70
99 56
31 76
171 89
79 63
133 43
23 65
20 51
146 95
113 111
169 1
69 31
168 78
158 68
63 166
17 21
0 2
0 64
88 109
170 28
121 0
124 93
56 17
153 8
145 116
110 101
99 175
153 165
176 141
128 84
170 132
50 49
106 84
30 65
32 169
93 94
50 62
148 139
122 36
18 19
90 73
45 33
100 11
159 129
81 93
8 71
170 108
108 74
92 30
121 125
150 161
71 158
117 149
36 90
131 160
150 21
55 159
85 31
97 50
72 136
61 126
170 70
36 152
68 129
176 158
1 174
171 151
141 169
109 136
46 54
41 146
154 0
26 68
43 97
175 28
34 60
121 89
24 30
44 137
131 98
160 68
85 116
173 121
86 103
164 56
82 35
35 122
146 128
146 37
75 137
101 65
53 124
154 96
150 68
9 12
3 71
79 165
124 50
149 50
140 118
116 18
146 7
27 132
128 7
133 46
130 113
39 168
9 161
62 167
73 112
127 98
87 107
42 10
128 60
39 97
164 35
168 36
165 104
121 67
103 49
119 133
97 111
87 58
173 12
148 16
142 134
103 88
91 140
76 86
132 129
19 5
85 63
88 113
13 86
135 116
128 145
16 128
115 165
100 48
111 105
111 28
64 116
74 131
153 19
167 49
141 0
141 86
84 48
160 121
35 76
157 59
4 96
26 151
89 59
169 65
97 69
164 59
40 158
73 94
44 131
62 12
174 2
1 10
115 57
176 66
74 73
66 159
14 164
74 121
95 11
54 163
10 130
56 114
141 19
148 134
131 103
105 135
9 54
70 133
121 26
2 53
36 63
22 134
125 103
60 44
96 85
165 26
147 148
100 156
148 52
103 101
41 58
15 132
133 26
26 169
117 36
149 154
88 163
28 14
110 16
158 52
20 142
145 33
10 38
95 27
24 174
129 124
143 15
78 4
7 64
30 173
33 36
5 32
113 12
138 89
78 74
143 131
105 29
43 24
119 111
53 138
9 30
115 24
69 71
52 59
67 104
8 91
47 28
3 47
38 59
151 70
151 59
147 112
6 167
105 109
100 130
55 147
166 110
107 88
130 60
175 88
36 140
102 138
136 62
67 165
89 42
146 136
74 171
119 80
30 93
14 28
129 38
129 51
108 118
117 69
58 145
132 176
169 113
112 125
90 95
89 16
37 106
100 167
91 1
170 20
18 83
117 146
125 62
134 37
158 56
81 64
172 32
7 86
66 49
138 119
175 134
70 116
75 147
133 22
57 12
85 175
11 65
156 142
37 101
49 57
146 45
94 147
162 167
175 45
62 56
19 70
74 61
120 116
155 159
48 172
54 131
4 5
94 20
80 23
28 75
78 112
27 130
108 78
166 90
79 107
64 78
56 153
62 140
13 75
14 59
56 64
53 168
95 54
5 114
146 93
80 130
122 108
138 6
57 171
136 126
2 5
4 155
40 104
10 18
157 88
140 156
136 150
36 104
73 110
75 48
158 70
107 23
171 8
145 25
117 57
97 2
122 31
164 102
104 7
103 82
59 142
102 172
113 129
100 72
113 114
69 94
147 34
128 32
110 32
160 47
131 156
155 31
141 58
130 129
142 96
120 137
166 165
159 139
114 33
77 147
114 74
81 104
81 114
98 135
136 58
27 166
165 80
64 28
73 160
104 79
129 12
11 125
118 62
115 115
55 37
9 118
108 144
87 141
35 177
131 162
54 127
59 55
75 143
83 28
84 77
46 172
76 88
15 54
10 150
128 56
165 11
138 132
79 83
158 164
99 36
150 120
138 61
33 73
147 82
77 77
177 8
25 5
148 14
149 141
109 9
142 51
119 45
47 87
10 58
64 133
56 45
171 10
160 136
137 155
163 17
166 130
132 7
31 114
160 54
84 168
169 159
35 72
6 135
30 32
145 57
151 63
30 74
94 120
129 95
127 21
30 16
19 171
4 56
172 154
20 74
52 39
111 164
52 55
166 69
116 16
104 172
69 13
95 99
83 140
108 42
25 95
166 101
78 97
84 131
134 65
79 44
115 101
89 159
26 96
68 64
176 132
92 108
0 23
27 98
176 145
30 160
5 161
7 17
60 90
88 126
64 124
48 152
89 170
139 39
14 118
20 57
72 67
115 3
128 1
50 35
174 108
99 67
165 162
69 74
100 52
96 95
46 96
97 137
164 95
162 64
57 173
108 140
104 112
79 127
3 116
117 91
59 37
174 80
135 1
91 133
18 12
93 68
148 42
14 63
34 158
95 56
101 133
141 63
111 95
23 8
71 45
16 99
122 29
118 28
0 13
62 111
93 111
119 40
14 146
31 120
120 77
91 106
6 165
12 23
63 112
107 38
86 14
163 117
96 161
21 131
114 156
103 53
50 120
31 9
9 144
158 60
54 176
0 91
38 90
69 140
93 142
12 6
133 144
148 161
62 25
92 131
120 39
104 118
14 50
131 81
150 113
55 111
57 103
165 47
51 159
103 33
133 139
101 98
154 132
127 130
46 131
17 45
104 34
0 69
99 95
32 154
8 42
24 43
13 0
118 71
108 146
83 45
3 105
127 66
91 149
32 132
77 6
75 94
146 155
55 82
152 52
79 72
37 81
56 70
109 69
128 77
52 85
113 66
25 141
7 8
160 114
139 47
159 137
116 155
1 8
5 50
5 172
174 168
11 92
80 8
168 87
22 49
155 151
160 116
11 109
123 145
152 115
71 172
145 42
101 92
13 137
140 149
49 125
52 7
59 163
51 176
153 30
56 51
37 6
157 20
173 36
95 22
27 136
23 166
152 0
86 36
9 33
142 107
152 156
45 58
39 84
140 72
149 122
17 69
40 117
158 174
31 100
157 108
4 87
17 90
172 58
1 163
120 53
63 40
48 46
161 44
84 155
60 49
127 112
49 91
39 51
141 36
95 75
71 129
128 17
108 124
21 120
151 79
115 80
17 7
166 148
92 147
15 92
159 107
34 129
113 42
30 143
30 82
177 100
58 13
141 11
90 20
100 44
43 26
145 123
164 170
141 90
113 144
37 48
4 102
176 47
58 97
128 163
18 164
3 122
74 39
99 154
21 86
157 38
135 20
134 111
168 39
65 62
111 90
156 94
71 93
79 139
50 83
52 113
109 61
176 109
94 32
75 8
161 81
103 110
10 9
40 138
144 127
125 42
124 18
34 82
136 170
94 139
56 91
5 92
89 68
29 26
52 28
159 150
33 99
21 154
0 161
154 118
51 132
169 75
37 148
83 88
99 117
27 36
143 120
124 99
136 165
23 103
7 112
141 162
134 165
105 165
164 27
130 142
91 86
18 112
149 71
66 13
169 5
18 37
2 134
13 65
116 106
56 35
136 175
33 116
71 149
119 65
95 142
12 52
155 12
91 22
167 43
105 14
25 39
41 76
36 154
136 2
74 134
74 164
132 107
62 129
113 177
20 40
27 4
119 155
64 141
168 126
162 148
143 63
72 125
110 1
65 122
22 81
45 81
40 173
92 163
169 32
103 30
131 172
115 137
144 37
24 74
61 82
126 58
128 135
75 41
142 69
10 63
82 118
56 59
40 131
30 11
67 111
32 10
141 136
147 50
104 128
157 28
141 158
69 84
105 104
163 72
32 55
19 109
4 130
140 164
95 42
74 4
80 12
53 5
43 153
34 3
108 169
137 10
146 72
107 46
32 159
9 109
106 61
45 29
151 17
70 3
48 41
71 96
153 39
46 113
111 57
177 169
71 147
169 144
8 23
105 139
143 155
26 138
43 111
16 126
41 46
174 86
14 87
124 39
64 109
121 83
62 49
167 118
92 123
41 165
165 73
52 36
62 162
85 108
154 156
160 59
100 108
43 7
154 123
106 17
135 76
154 49
112 134
158 133
93 128
111 172
27 103
34 79
60 97
103 165
118 49
35 26
133 88
74 153
158 166
74 102
3 11
132 75
147 174
103 94
171 128
39 30
120 24
24 60
76 11
94 10
5 21
48 1
81 67
109 29
55 75
52 75
5 82
152 112
23 168
29 124
97 66
175 39
102 39
136 161
110 93
117 171
114 154
150 102
171 86
50 109
175 81
168 3
109 49
14 170
128 175
88 120
161 176
8 166
50 150
126 44
142 5
116 160
34 51
148 102
59 100
34 141
93 152
6 76
57 143
173 171
119 175
33 147
176 75
166 176
13 111
154 104
155 70
164 5
42 120
44 154
128 107
57 40
49 127
25 130
145 91
22 115
54 174
19 10
111 162
175 48
43 104
51 149
106 33
84 137
167 169
144 80
89 82
66 42
13 32
92 16
157 31
74 12
6 30
113 136
149 0
146 165
62 31
25 134
17 16
138 72
94 57
68 55
99 24
131 78
91 45
43 63
0 55
105 68
143 78
62 136
105 57
40 10
154 72
136 123
127 158
58 59
157 61
121 73
169 100
146 145
137 44
139 93
157 146
24 172
172 167
46 157
123 84
131 46
138 74
137 110
12 121
139 141
110 7
57 157
97 30
175 36
39 143
89 63
22 63
118 78
130 84
78 91
67 148
75 141
32 104
20 91
68 161
33 113
133 133
63 107
151 86
109 143
138 24
177 125
28 171
20 14
88 100
90 97
50 135
52 30
125 69
46 124
147 157
154 148
78 54
64 0
66 21
30 5
35 170
47 176
45 146
128 28
114 40
82 78
171 55
0 74
65 38
170 59
112 120
173 148
157 159
42 148
132 83
168 153
71 101
35 136
171 18
113 88
64 57
86 65
64 156
31 123
67 107
141 78
121 93
142 117
127 118
114 44
40 13
147 32
20 97
89 150
149 124
34 84
8 57
130 40
134 51
101 2
163 94
131 118
120 164
150 77
57 63
109 59
127 128
64 169
12 78
77 26
81 174
31 141
135 34
162 54
20 103
114 72
119 17
161 107
152 132
65 36
108 112
101 116
75 127
172 7
118 73
26 56
115 75
116 63
19 45
152 37
32 174
68 86
146 3
135 148
89 57
51 102
39 82
0 52
73 66
61 132
70 50
29 68
12 145
109 5
131 20
25 7
124 67
135 168
31 106
88 29
139 97
96 159
80 95
128 132
51 67
95 114
93 3
117 162
22 97
67 127
21 174
144 20
92 85
8 169
168 56
148 84
58 29
170 104
160 143
168 73
32 30
67 75
24 137
78 70
173 21
175 18
8 153
18 49
17 74
170 38
163 140
148 55
10 72
16 1
89 77
78 170
47 3
101 170
150 33
87 23
160 157
142 114
84 123
64 120
8 38
72 123
128 13
132 168
5 1
159 80
26 115
0 0
41 0
0 80
59 83
84 128
152 88
144 68
139 109
142 144
15 101
40 34
146 23
103 24
25 49
7 94
168 151
83 59
133 124
39 106
21 122
164 69
151 72
24 72
53 105
17 66
151 94
136 94
14 73
52 63
158 18
10 155
155 4
22 36
29 58
31 167
62 94
146 105
61 17
61 149
78 102
63 32
106 172
18 143
87 155
139 124
60 78
162 74
158 117
54 53
121 147
6 124
118 10
90 157
97 45
77 172
76 55
7 137
78 119
42 98
6 42
124 75
129 67
95 66
93 117
142 13
32 17
175 21
75 92
161 5
30 96
175 100
28 41
63 121
42 159
94 151
118 121
26 164
78 162
89 27
44 89
16 107
82 3
34 62
113 166
145 99
156 120
87 86
165 92
23 22
83 19
72 75
31 128
80 37
128 152
141 84
16 124
119 58
9 85
75 67
55 57
149 145
93 92
125 155
61 86
59 131
110 23
133 155
31 20
110 14
109 84
46 62
61 107
78 36
145 54
174 92
137 147
64 171
45 125
6 155
67 84
157 76
134 103
171 1
4 166
122 24
12 158
35 131
68 0
71 24
86 96
176 128
39 36
152 74
130 70
13 96
158 54
169 134
112 98
164 130
84 114
68 152
72 21
71 35
125 167
59 8
163 24
9 113
133 13
2 144
133 118
166 64
42 102
77 28
138 127
0 147
107 125
159 160
100 63
51 14
37 113
70 69
93 0
79 15
52 141
16 149
39 68
65 66
116 76
103 35
73 142
30 111
128 114
65 64
2 66
84 85
173 94
47 166
53 23
110 80
53 21
124 162
60 104
12 4
85 46
114 9
86 171
112 149
125 119
118 113
36 84
125 0
62 46
172 131
69 138
11 98
40 126
155 108
165 132
137 145
37 39
18 58
168 105
18 148
139 44
33 135
54 99
124 96
36 9
81 59
165 167
67 121
87 48
119 9
151 165
94 105
69 154
124 138
7 133
64 26
23 132
149 168
0 32
70 39
31 136
11 13
1 88
110 168
76 123
52 44
72 0
143 57
139 53
66 98
69 103
130 151
142 7
124 29
48 126
66 23
45 37
30 132
28 48
157 115
176 156
63 103
122 168
164 109
108 120
106 78
78 115
151 171
96 165
122 151
150 150
86 72
17 152
56 106
23 89
66 151
56 84
81 121
28 46
85 0
137 138
141 66
102 141
22 105
99 169
46 174
171 170
98 107
84 40
52 99
89 52
96 128
108 149
37 94
109 52
135 172
134 160
77 113
118 119
28 119
7 121
171 77
145 134
84 8
160 155
82 99
45 73
141 28
125 4
31 146
130 56
83 142
13 70
21 95
3 170
11 102
113 18
131 148
56 165
82 102
151 26
41 22
42 44
110 88
155 24
58 16
128 5
139 115
16 109
27 126
62 169
27 19
142 61
25 32
52 153
147 168
48 83
165 172
23 120
98 148
19 138
148 86
164 154
119 88
21 53
2 139
61 5
124 169
73 99
34 94
132 64
84 6
168 120
53 8
9 0
37 57
120 157
15 121
29 53
171 168
133 4
135 99
126 85
154 51
16 94
2 130
77 63
69 111
58 1
30 22
48 12
99 101
98 131
140 103
153 121
42 78
100 162
54 77
62 174
139 51
169 148
84 66
15 20
50 88
39 120
173 59
132 17
145 167
166 20
98 10
59 133
166 152
104 43
126 87
134 48
117 139
19 124
7 69
134 134
5 137
130 168
176 10
20 149
144 149
92 39
71 114
15 52
126 2
44 13
168 111
5 35
81 39
39 4
174 158
151 155
97 142
22 128
150 97
95 5
90 136
110 34
157 106
1 76
16 118
42 73
91 13
107 13
115 78
120 51
37 125
166 108
117 143
38 41
59 53
119 140
103 69
113 118
27 112
22 112
27 27
27 22
143 44
25 112
119 142
18 169
114 123
161 173
43 5
59 159
106 92
33 165
62 60
29 87
51 164
120 19
132 101
45 51
135 105
162 113
50 0
115 35
117 176
47 161
38 70
85 166
174 161
136 92
94 87
124 134
57 74
39 171
24 162
52 146
19 116
61 121
68 113
146 131
104 71
171 75
110 118
21 60
99 15
31 34
30 158
105 160
122 113
63 68
151 127
40 65
48 116
117 6
4 0
167 172
124 27
131 138
118 117
3 138
54 28
106 65
54 67
69 62
14 26
151 99
29 126
33 57
155 171
146 150
51 12
74 136
47 94
111 77
128 88
163 152
142 3
24 140
0 107
169 82
12 35
2 32
151 130
98 39
15 38
75 43
70 98
57 117
51 24
139 79
98 153
122 137
116 96
88 18
105 97
11 160
61 37
35 35
138 36
84 73
20 77
90 51
147 115
29 63
171 122
34 48
46 163
72 60
169 8
100 42
173 41
17 131
7 116
43 134
94 84
38 160
68 97
167 60
147 117
147 64
9 129
97 157
2 49
117 134
141 26
34 66
117 84
42 30
46 152
34 108
144 140
111 144
150 28
50 80
5 12
42 110
24 153
169 119
91 37
82 89
70 144
3 151
7 19
160 42
6 127
98 21
112 154
145 19
173 103
10 42
28 64
149 135
49 97
71 58
12 82
35 162
42 166
81 82
37 166
142 156
35 101
176 34
135 42
11 76
2 114
46 139
9 98
26 64
159 76
129 93
165 126
80 17
154 173
17 5
87 169
112 127
65 45
87 38
100 77
154 16
164 86
151 175
26 161
108 159
12 134
167 66
50 133
98 60
153 80
73 16
151 146
92 157
49 141
74 75
119 166
25 79
107 52
162 144
67 143
103 130
39 165
46 135
61 3
133 161
50 9
77 152
3 15
72 167
46 48
95 92
13 176
167 37
55 33
84 161
6 169
35 31
49 17
9 83
38 56
65 6
79 56
5 77
7 81
70 165
24 77
54 63
150 166
141 110
26 91
161 3
5 105
12 176
16 33
166 94
159 28
89 167
17 157
83 113
77 38
27 83
69 172
73 27
152 153
175 115
92 63
74 19
49 31
80 89
169 48
112 1
174 124
40 162
30 72
18 127
83 129
87 4
144 129
5 132
121 3
19 32
24 127
40 61
69 26
95 29
26 89
12 17
44 164
143 142
39 63
145 160
134 32
22 169
125 111
137 53
140 13
114 139
171 63
43 143
155 6
129 54
12 154
83 135
43 139
106 63
27 146
25 18
69 135
113 138
52 94
146 176
7 50
51 90
61 71
162 122
5 10
17 135
57 151
108 21
153 130
37 168
33 39
173 130
129 46
91 151
101 18
104 122
42 82
49 143
40 37
94 176
39 74
75 33
106 127
176 96
36 108
71 85
103 15
165 117
130 87
137 27
100 118
97 93
121 46
77 156
11 48
126 80
10 163
133 34
109 99
23 109
99 142
39 28
90 30
39 174
10 107
136 132
50 25
88 3
87 158
64 97
143 59
29 37
71 43
4 40
62 79
17 105
84 170
46 79
49 20
112 139
160 64
33 20
30 162
2 38
157 14
77 117
152 108
136 24
122 15
52 48
125 147
12 127
47 57
111 46
67 17
90 113
51 46
66 136
45 45
117 102
8 4
27 1
165 34
73 58
77 99
124 81
63 20
32 157
21 15
173 152
40 19
152 138
171 139
92 78
76 0
13 44
148 47
13 58
33 42
13 162
161 168
6 159
161 62
160 171
121 91
50 122
4 85
132 127
15 151
146 141
118 107
11 32
78 22
165 78
0 17
49 87
169 157
146 15
170 137
174 51
52 116
160 125
164 143
97 89
17 141
51 138
27 72
99 74
83 172
157 100
124 16
70 53
173 164
173 53
164 113
9 66
119 149
159 1
60 139
44 135
57 137
59 157
88 143
176 26
106 50
159 83
32 93
102 55
56 86
129 138
128 167
158 45
97 8
25 1
133 113
127 103
115 66
142 10
1 150
27 117
123 61
76 74
130 65
160 103
73 81
93 154
65 162
58 78
143 91
68 43
76 133
99 115
59 66
18 175
0 138
1 30
171 22
47 68
78 82
87 165
125 40
94 122
72 31
45 40
104 77
132 135
127 35
153 140
121 63
128 74
41 52
36 129
62 53
61 8
157 26
158 8
33 23
42 25
46 9
165 32
97 147
57 177
113 133
48 132
162 79
16 43
97 125
116 14
139 144
32 71
136 7
156 112
52 41
84 119
63 101
103 41
67 34
103 150
113 108
47 146
8 122
9 26
53 160
72 155
159 127
87 56
38 12
162 39
73 33
126 150
80 147
107 40
84 3
42 156
26 13
91 64
121 100
63 70
144 111
133 158
67 53
137 56
23 67
161 99
82 21
13 172
145 81
140 176
43 151
92 161
156 96
143 53
80 47
151 19
93 168
63 134
45 99
1 42
75 53
40 50
151 124
47 30
173 146
6 90
136 12
28 30
108 91
125 77
122 174
52 3
135 119
114 119
6 102
125 9
107 151
16 114
45 63
16 76
56 108
134 45
104 13
116 125
89 91
172 159
65 82
91 175
137 112
103 58
31 40
68 79
119 13
114 131
4 110
62 156
168 161
71 126
76 106
35 120
128 79
176 4
161 51
139 37
147 78
77 8
141 82
124 101
72 5
136 15
154 162
1 157
79 20
43 66
32 90
72 109
55 30
61 13
134 106
25 146
55 24
57 19
54 40
34 46
145 29
157 171
37 111
152 118
78 11
140 128
62 138
90 131
3 63
57 147
164 119
31 7
26 107
107 98
13 98
167 5
166 28
5 100
112 20
155 77
117 100
83 1
141 154
78 176
51 166
12 41
138 64
61 10
95 62
138 20
100 140
54 70
55 133
113 64
59 114
146 110
39 45
153 66
13 125
155 130
127 153
117 39
94 60
78 50
123 41
138 33
5 148
90 11
134 12
175 120
7 145
161 25
91 138
84 149
151 55
126 143
25 54
10 94
94 118
117 26
134 81
156 19
173 67
94 72
120 30
77 93
3 126
141 122
149 171
149 43
98 43
142 173
47 5
45 101
68 69
57 129
65 75
83 49
104 11
96 71
83 164
139 170
103 115
132 165
38 98
168 83
145 171
152 58
11 89
80 153
121 22
161 127
112 16
22 85
106 1
96 140
28 54
115 83
106 176
87 16
58 84
142 34
105 48
63 89
155 88
23 79
9 116
172 162
93 26
59 118
109 172
142 102
10 68
47 36
48 16
169 63
80 25
177 102
126 61
134 122
51 168
24 85
84 97
55 95
69 96
32 49
18 162
61 21
5 70
27 79
10 115
130 17
133 30
16 29
129 8
117 153
46 85
125 132
76 32
150 7
131 35
162 34
171 156
147 121
91 9
98 119
38 154
0 113
66 96
77 1
108 129
170 102
1 103
105 5
37 8
72 153
92 52
100 152
14 166
44 173
135 26
109 66
158 148
18 92
127 100
2 85
4 159
87 132
92 172
40 101
48 154
52 155
120 69
137 91
164 54
100 145
106 137
62 120
104 167
82 41
142 171
89 85
98 126
18 60
148 12
18 43
122 75
150 15
106 70
93 8
8 68
132 96
79 93
104 145
2 167
152 102
50 70
90 39
89 111
103 99
18 62
72 107
69 11
38 54
116 141
63 13
5 119
83 107
116 108
88 102
142 73
156 134
114 6
162 90
81 15
95 157
98 160
81 128
126 64
19 167
170 61
97 34
14 85
147 109
139 95
14 17
165 15
101 30
52 126
107 156
115 94
107 111
161 139
100 88
5 141
89 9
25 65
70 170
114 96
131 13
103 5
108 166
64 53
121 57
113 54
2 74
97 113
46 18
77 59
42 161
160 19
16 104
2 147
18 89
31 98
147 5
76 108
52 172
80 124
92 32
108 57
117 41
158 170
91 93
80 29
125 152
149 117
16 86
111 12
55 157
81 154
101 22
51 22
75 130
79 137
156 110
31 68
94 133
22 44
19 94
169 163
82 115
100 104
26 61
57 101
73 25
59 151
12 136
96 64
16 27
28 94
155 60
3 76
31 43
152 34
51 115
162 31
43 119
92 70
18 97
33 143
108 116
40 79
122 159
88 11
67 150
20 62
62 76
137 100
38 142
92 118
48 123
161 83
158 72
128 93
146 83
167 19
12 149
141 100
104 20
163 67
142 168
161 112
175 14
72 111
36 65
8 125
145 10
125 92
129 136
121 170
26 99
42 115
18 3
150 62
48 76
10 7
34 152
121 85
97 58
111 64
59 88
