19 146
175 172
58 75
161 32
12 8
39 113
70 118
156 99
33 33
26 128
42 8
155 26
49 106
99 9
127 73
44 160
85 101
89 175
7 26
23 27
112 3
101 28
147 71
64 151
152 105
26 48
22 159
158 146
118 0
19 38
90 49
127 33
87 146
133 97
60 115
165 101
16 81
82 12
147 86
111 156
103 73
79 18
121 114
6 40
137 18
119 31
82 71
18 27
56 3
41 18
16 165
26 152
97 19
55 42
86 119
125 123
115 53
158 12
167 168
10 29
40 16
25 12
80 36
0 143
99 159
114 46
127 140
164 24
67 102
126 51
15 25
90 42
86 50
142 164
4 107
0 81
19 8
35 143
65 33
103 143
140 9
25 28
102 19
83 15
24 159
58 112
27 108
66 91
34 14
38 162
137 66
37 156
48 74
133 69
73 164
135 66
69 168
55 137
22 90
14 109
140 24
134 62
38 124
162 24
75 50
93 74
150 91
107 108
80 42
57 123
126 159
84 154
121 161
116 94
39 69
113 84
20 30
104 1
113 25
94 152
45 107
154 138
174 82
15 174
68 3
166 138
7 129
123 8
122 13
95 82
118 47
165 3
82 76
167 16
8 47
93 24
96 40
91 116
14 15
132 56
61 25
65 84
166 53
19 158
63 63
1 59
33 110
80 145
96 106
175 69
80 80
94 47
57 34
169 16
18 123
91 102
70 20
109 26
58 4
82 146
6 67
108 7
101 122
109 102
85 144
36 22
118 145
38 132
144 84
123 130
128 101
136 109
81 148
56 121
79 160
101 57
50 73
79 135
58 65
88 150
37 134
15 161
129 32
30 176
113 69
174 72
58 20
48 43
75 22
6 61
72 118
15 140
42 90
124 155
157 82
45 21
41 33
168 142
105 44
144 49
10 157
21 163
46 142
118 169
4 168
125 141
164 41
45 176
101 111
39 25
93 170
48 66
169 112
106 4
152 92
46 23
14 150
88 82
21 43
38 150
73 79
78 31
161 97
43 169
25 35
157 93
153 44
116 7
158 154
8 149
1 121
84 21
55 16
116 173
10 169
77 168
36 79
52 89
80 57
87 161
1 95
122 127
104 176
151 43
23 101
88 33
176 151
135 143
126 49
76 162
73 48
27 61
165 134
84 93
75 58
66 127
39 18
35 53
163 132
124 79
167 14
6 144
95 15
169 46
0 61
12 104
82 123
1 171
105 101
168 95
126 114
176 112
1 34
46 109
89 131
43 84
153 85
152 100
37 121
52 165
176 44
59 95
49 173
122 105
65 174
119 171
154 125
103 118
36 41
67 138
13 140
99 37
8 174
95 112
19 54
93 34
175 104
141 40
157 110
20 136
54 35
28 149
136 85
116 59
19 1
57 170
90 138
171 133
158 102
9 141
161 48
52 121
157 34
147 28
22 4
115 61
105 146
127 25
66 8
122 166
171 48
77 142
163 162
106 134
117 128
114 103
87 90
96 4
143 103
101 85
9 81
30 155
172 51
174 26
101 6
131 21
57 110
122 45
156 131
60 172
148 77
107 132
29 156
169 55
152 56
89 80
132 29
15 83
164 138
39 1
96 134
57 133
108 94
50 3
162 10
126 170
159 87
7 3
95 76
151 107
171 177
169 27
68 60
104 103
35 16
83 52
62 148
125 66
38 20
151 5
90 126
97 102
172 93
81 156
117 112
22 152
61 40
7 58
6 77
58 124
48 150
173 28
166 144
3 20
21 22
42 94
25 121
133 55
70 80
113 39
56 47
16 49
172 143
53 107
61 154
107 80
151 51
157 36
53 25
18 150
163 123
20 83
155 67
44 74
134 6
97 91
149 60
75 84
80 55
139 35
147 61
47 100
160 165
29 135
109 40
141 139
47 13
20 3
84 110
35 95
47 139
61 144
103 152
14 120
156 74
84 79
110 50
170 94
166 160
174 61
117 30
97 79
126 163
1 40
105 155
157 44
155 65
46 116
162 108
121 122
17 100
161 14
153 135
117 166
153 142
85 25
6 16
58 135
74 87
142 146
171 115
72 2
156 91
109 83
84 70
99 57
30 76
171 89
79 63
134 43
23 64
20 52
147 94
113 111
168 1
69 31
169 78
158 69
62 165
17 20
0 2
0 63
87 109
171 28
120 0
124 93
56 18
154 8
145 116
110 100
98 174
153 165
0 140
127 84
170 131
51 49
107 84
30 65
32 169
93 93
50 63
147 139
124 37
19 19
88 72
46 32
101 10
159 128
80 93
9 70
169 108
108 75
92 30
122 125
150 161
71 158
118 149
37 91
131 160
150 21
55 159
84 30
96 49
71 136
61 125
170 71
36 152
67 128
176 158
1 174
172 151
140 169
108 137
47 53
41 146
155 0
25 67
43 96
175 28
34 60
120 90
23 31
43 137
131 98
160 67
86 117
172 119
85 103
163 56
82 36
33 122
146 129
145 35
75 137
101 65
52 124
154 96
150 68
9 12
3 71
80 166
124 50
149 50
140 118
116 18
146 7
25 132
129 7
132 46
129 113
39 169
9 161
62 167
74 111
127 99
87 107
43 10
128 60
38 96
164 35
169 36
166 102
120 68
103 48
119 133
97 111
88 58
173 10
149 16
143 135
102 87
91 140
76 86
132 129
20 5
85 64
88 113
12 86
136 116
128 146
16 127
114 165
100 48
112 105
110 27
65 116
74 132
153 18
167 49
140 177
142 85
84 47
159 122
35 76
157 59
5 96
26 150
90 59
169 65
96 69
163 58
40 159
73 95
45 131
61 12
175 3
1 11
114 57
176 65
74 73
65 159
14 163
74 122
95 10
54 164
10 130
55 114
141 19
148 134
131 102
105 136
7 53
70 133
121 26
2 53
35 64
21 133
125 103
61 45
96 87
165 25
146 148
100 156
148 52
103 101
40 59
15 133
134 26
28 169
117 35
149 154
88 163
28 15
109 16
159 52
21 142
145 33
10 38
96 27
26 174
128 125
143 14
79 3
7 65
30 173
32 35
3 31
112 12
138 89
78 74
142 131
104 29
44 24
119 111
52 138
9 31
115 25
69 71
52 58
68 104
7 92
47 28
4 48
38 59
151 70
151 59
146 112
6 167
105 110
99 130
55 147
166 110
107 88
130 60
174 88
33 139
102 137
136 62
69 166
89 41
146 135
73 172
118 80
30 94
14 28
129 38
129 52
108 118
116 69
58 145
133 177
168 114
113 125
91 94
89 16
37 106
101 167
91 2
170 20
17 83
116 146
125 62
133 38
159 57
80 65
172 32
7 87
65 49
138 119
174 133
70 116
75 147
133 21
57 11
85 176
11 66
156 142
36 101
48 57
146 46
95 146
163 168
174 45
62 56
18 70
75 60
119 115
155 158
48 172
54 131
5 6
95 19
80 23
27 74
78 111
28 129
108 78
167 91
79 107
63 79
56 154
62 140
13 75
14 59
56 64
53 167
95 54
5 114
147 92
79 130
122 107
138 6
58 171
136 126
3 5
5 155
39 105
10 18
157 87
141 156
136 149
36 104
73 109
75 48
157 70
107 23
171 9
145 25
116 57
98 3
122 31
164 102
104 7
104 81
59 142
102 173
113 129
101 72
112 114
70 94
147 34
128 31
109 33
160 47
130 155
154 31
141 59
130 129
142 94
119 137
166 164
158 139
114 34
77 147
114 73
82 104
81 114
97 135
135 57
27 165
163 81
63 28
74 160
104 78
129 11
12 124
118 64
114 115
56 37
10 117
108 144
85 141
35 176
132 162
54 126
59 55
75 143
83 29
84 76
46 172
76 88
15 54
10 149
128 56
164 9
139 132
80 83
158 163
100 35
149 121
138 61
34 72
147 82
77 77
0 8
26 5
148 14
148 141
109 9
143 51
119 45
47 87
11 58
64 133
56 45
171 11
160 137
136 155
164 17
166 129
132 7
31 114
160 56
84 168
169 159
35 71
6 136
30 32
144 57
151 63
29 74
94 120
129 94
128 21
30 18
18 171
5 56
172 155
20 73
52 40
111 164
51 53
166 69
117 16
104 173
69 12
94 99
84 140
109 42
26 94
167 101
78 98
84 130
135 64
79 44
115 102
89 158
27 96
68 64
176 131
92 109
0 23
28 98
176 145
30 160
4 161
7 17
60 90
88 127
64 124
48 152
89 170
139 39
14 118
20 57
73 68
114 3
128 1
50 35
175 108
99 66
165 162
68 74
100 53
96 95
47 97
98 137
165 96
161 63
59 173
108 141
104 112
80 126
4 115
116 92
59 37
174 80
134 1
91 132
19 12
94 69
148 42
13 63
33 157
96 56
100 134
141 62
111 94
24 9
72 46
15 100
122 29
119 29
177 12
62 110
93 112
119 41
15 145
30 121
119 76
91 107
5 165
11 22
63 112
107 38
85 15
164 117
96 161
22 131
114 156
103 54
50 121
31 8
9 144
159 61
54 176
0 90
38 89
69 140
94 143
11 6
133 143
148 162
62 25
93 132
120 39
105 118
14 50
132 81
151 114
56 111
57 104
164 47
51 159
103 33
133 140
101 99
154 132
127 129
47 131
17 44
105 34
0 69
99 95
32 153
8 41
23 43
13 1
118 70
107 146
82 45
3 104
127 66
92 149
32 133
77 5
75 95
146 157
55 82
152 53
78 72
37 81
56 69
109 68
128 76
52 85
112 66
25 141
7 8
160 114
139 46
158 137
116 154
2 9
5 50
5 173
174 168
10 92
80 8
168 88
22 49
154 150
161 115
12 109
123 145
152 115
71 172
146 41
102 91
13 138
140 149
50 125
52 8
59 164
51 174
152 30
56 51
37 6
158 20
173 36
95 24
28 137
22 166
153 0
85 37
10 33
142 107
152 156
44 57
40 84
140 71
150 123
17 69
41 117
157 174
31 100
157 108
3 87
18 91
172 57
2 164
120 53
63 39
47 46
161 43
83 155
60 49
127 112
48 91
39 52
141 36
95 74
72 128
128 19
108 124
21 121
151 79
115 79
17 7
166 148
93 147
16 92
159 107
34 129
113 41
30 143
28 81
0 100
58 13
141 11
89 20
100 45
44 26
145 122
163 170
141 90
113 145
37 49
5 102
0 46
58 97
128 163
18 163
4 122
73 37
99 154
21 86
155 38
137 20
135 111
168 39
66 62
111 89
155 93
72 93
79 139
49 82
51 113
109 62
176 110
94 32
76 8
160 81
103 110
11 9
40 138
145 128
125 43
124 19
34 82
137 170
94 139
57 91
5 92
90 67
29 26
52 27
159 150
33 99
21 155
177 161
153 119
51 132
169 76
37 148
83 87
99 117
27 36
143 121
124 98
136 166
23 104
7 113
141 162
134 165
104 165
164 27
129 142
90 85
17 112
150 71
67 14
169 4
17 37
2 135
13 66
117 105
56 35
136 175
33 117
70 148
120 66
95 141
12 52
156 12
90 22
167 43
106 14
24 38
40 75
36 154
136 2
74 134
75 164
131 106
62 128
112 0
20 40
28 5
119 155
64 140
168 124
162 149
143 62
72 124
110 0
65 122
22 81
45 82
41 172
93 163
169 32
102 29
132 172
115 137
144 37
24 74
61 83
127 59
129 134
75 42
142 69
10 64
83 117
55 60
40 131
30 10
67 111
32 10
142 137
147 49
104 128
158 29
141 158
69 84
106 103
163 73
32 54
17 108
4 131
140 164
93 44
74 4
80 12
53 6
43 152
34 3
109 169
136 10
146 72
108 46
32 158
9 109
107 63
45 28
151 17
70 3
49 41
70 96
154 39
46 114
112 57
1 169
70 146
168 144
8 22
104 138
144 155
27 139
42 112
16 125
41 46
173 86
14 87
124 39
63 109
122 83
62 49
167 118
92 124
40 165
164 74
52 36
62 163
85 108
154 156
159 59
100 108
43 7
153 123
108 18
135 76
154 49
112 134
158 132
93 130
111 172
28 102
34 78
60 97
102 165
118 49
35 26
132 89
74 152
158 165
73 101
3 10
130 73
147 173
102 95
170 129
39 30
120 24
25 60
76 11
93 11
5 20
49 0
82 66
110 30
55 76
52 75
5 81
153 113
23 168
29 124
97 65
174 38
102 39
137 160
110 93
117 171
114 154
150 103
171 87
49 110
176 81
167 3
109 49
13 170
128 174
89 119
161 175
7 166
50 150
127 43
142 5
117 159
34 51
148 103
60 101
34 142
92 153
4 75
57 143
173 171
120 176
33 149
176 76
166 175
13 110
154 104
155 70
163 4
42 120
44 154
128 107
56 39
50 127
26 130
145 91
22 116
54 174
20 10
112 162
175 46
43 103
52 149
107 34
84 137
167 170
144 80
90 81
67 42
12 33
92 15
157 32
74 12
7 30
113 136
149 0
147 165
62 30
24 134
17 17
138 71
95 57
68 56
99 24
130 78
91 44
44 63
177 56
105 68
143 78
62 136
105 58
41 10
156 72
136 124
128 158
58 60
157 61
121 73
169 101
146 146
137 45
139 92
157 144
24 172
172 166
47 157
123 85
130 45
138 73
137 111
13 121
139 140
110 7
57 157
98 30
175 36
40 142
90 63
21 63
118 78
131 83
78 92
67 149
75 141
32 104
20 91
67 161
33 113
131 133
63 107
151 86
109 143
138 23
0 124
29 171
21 13
89 101
90 99
50 135
53 29
125 68
47 124
147 158
154 148
78 55
64 0
65 21
30 5
37 170
47 176
44 146
128 29
115 40
82 79
171 54
0 74
64 38
170 59
112 121
175 146
156 159
41 148
133 83
167 153
71 101
34 136
172 18
113 89
64 57
86 65
63 157
31 123
67 106
141 78
122 93
141 117
127 119
114 43
39 14
146 32
21 97
90 149
149 124
33 84
9 58
129 40
134 52
100 2
164 94
130 117
121 164
150 77
57 63
109 60
128 127
65 169
10 77
78 26
82 173
31 141
135 33
162 54
18 102
115 71
118 18
161 107
152 132
66 36
107 113
101 117
75 128
173 8
117 72
27 56
114 75
116 63
19 45
153 37
32 174
68 86
147 4
135 148
89 57
52 102
39 82
1 52
73 66
61 133
69 50
29 69
13 146
109 6
131 19
25 7
123 67
135 168
31 106
89 29
137 98
96 159
81 95
127 131
51 67
95 114
93 2
117 161
23 97
67 126
21 173
144 20
92 86
8 169
168 56
148 84
57 30
170 104
161 143
168 74
34 29
66 74
24 136
78 69
173 21
175 18
8 153
18 48
18 75
170 38
162 139
148 55
10 72
16 0
90 78
78 170
46 3
100 171
151 33
88 21
160 157
143 114
84 123
64 120
8 39
72 122
128 13
132 168
5 1
159 80
27 115
0 0
41 0
0 79
59 83
83 127
152 88
144 69
139 109
142 144
16 102
40 35
146 23
103 25
24 48
6 94
168 151
82 58
133 123
39 106
20 122
164 69
151 72
25 72
54 105
17 65
151 94
136 95
14 73
52 63
158 18
11 155
156 4
22 39
30 58
30 169
62 94
146 106
62 16
61 149
77 101
63 32
106 172
18 144
86 154
141 124
60 79
162 75
159 116
54 52
121 147
6 123
118 12
90 156
98 45
77 172
76 54
8 137
79 119
41 98
6 42
124 76
129 66
96 67
95 116
142 13
31 16
175 21
75 92
161 5
30 96
175 101
29 42
63 122
42 159
93 151
118 121
25 163
78 161
89 27
43 88
16 107
82 3
34 62
112 165
144 99
155 120
87 86
165 92
23 21
82 20
72 74
31 128
80 38
128 152
140 84
16 123
118 59
8 85
75 67
55 58
149 146
93 91
126 155
61 86
59 131
109 23
132 156
31 20
110 14
109 85
47 61
61 105
78 37
144 53
174 90
137 148
64 170
45 125
6 156
67 84
157 76
134 104
171 2
4 166
122 24
10 159
35 131
68 0
72 24
86 97
175 129
39 36
153 73
130 70
13 97
159 55
169 133
112 98
164 130
85 115
68 153
72 21
71 37
125 167
59 9
163 26
9 114
132 13
3 144
132 119
165 64
43 101
76 28
138 127
1 146
108 126
157 161
101 63
51 14
37 114
69 69
93 0
79 16
52 142
16 150
37 68
66 66
116 76
103 35
73 141
31 112
128 114
66 64
0 65
83 85
174 92
46 166
53 23
110 81
53 21
124 164
59 105
11 4
85 45
115 9
86 171
112 148
125 119
119 113
36 84
125 0
62 46
172 132
69 138
11 98
42 126
155 108
165 132
136 146
37 39
18 58
169 106
17 148
139 44
33 135
55 98
123 95
36 9
81 59
165 167
67 121
87 49
119 10
151 166
94 105
69 154
123 138
7 133
62 27
23 132
148 169
0 33
69 41
31 134
11 11
1 88
110 167
76 123
53 44
72 0
142 57
139 53
66 98
69 102
130 151
142 7
124 30
48 126
65 23
45 37
30 132
28 49
157 116
176 156
64 102
122 169
164 109
107 120
106 78
77 115
151 172
97 165
121 151
149 151
86 71
17 152
56 107
23 89
66 152
56 84
82 121
28 47
86 1
136 138
141 67
101 141
22 105
99 169
47 174
171 170
98 108
83 39
53 98
89 54
97 128
108 149
36 94
108 51
135 171
135 159
77 113
118 119
28 119
7 121
171 77
145 134
84 8
160 155
83 99
46 73
141 28
125 3
31 145
130 56
84 142
13 71
20 95
3 170
11 102
112 18
132 147
54 166
83 102
151 27
41 22
41 44
109 88
156 24
57 16
129 5
138 115
16 109
27 125
63 169
28 18
142 61
25 33
52 152
147 167
47 82
165 171
23 120
98 148
18 138
149 86
164 154
118 89
21 54
2 139
63 4
124 169
72 99
33 94
133 64
84 6
168 120
54 8
9 0
37 57
120 157
15 122
29 52
172 168
133 4
135 98
126 85
153 51
17 93
2 129
77 63
69 111
57 2
30 22
48 14
99 102
97 130
140 101
153 121
42 78
100 163
54 77
63 173
141 52
170 149
84 66
15 19
50 87
39 120
173 59
132 17
145 167
165 20
98 10
59 133
166 152
103 43
125 87
134 47
117 141
19 124
7 69
133 134
6 138
130 169
0 10
19 148
144 149
92 40
71 114
15 52
126 2
45 13
167 112
6 36
81 40
39 5
174 159
151 154
97 142
22 127
149 97
95 6
90 137
110 35
157 106
1 76
17 118
42 74
91 13
106 12
114 77
121 51
37 126
166 108
117 144
38 41
60 53
119 141
103 69
113 117
27 112
23 112
27 27
28 23
142 43
25 112
119 143
18 169
114 123
160 173
43 5
59 158
106 93
33 165
61 60
29 88
51 164
119 19
131 100
45 51
135 106
162 113
50 176
116 35
118 175
46 161
37 70
85 166
174 161
137 93
94 87
124 134
57 74
39 171
25 161
52 146
18 117
61 122
68 113
146 131
104 71
171 75
110 117
20 59
99 16
31 34
30 158
107 162
122 112
62 68
150 126
41 64
48 116
116 5
4 177
166 172
123 26
131 139
118 117
4 139
54 27
105 66
53 67
68 62
13 26
151 99
29 126
32 56
155 172
146 150
50 12
73 136
47 95
111 78
127 88
163 151
142 3
23 140
0 108
168 82
13 34
2 33
151 130
98 39
15 38
76 43
70 98
56 118
51 24
139 79
98 152
121 137
116 96
89 18
106 97
11 161
61 37
35 34
138 36
84 72
21 78
90 53
147 115
30 63
172 121
34 49
46 163
72 60
170 7
101 43
172 42
17 132
6 115
42 134
94 85
39 160
68 97
168 59
147 117
147 63
9 128
97 158
2 49
117 133
142 26
34 66
117 83
41 30
46 151
33 108
144 140
111 144
149 28
50 80
5 11
41 110
24 153
169 119
92 37
82 89
70 144
3 151
7 19
159 43
6 127
99 20
112 155
146 19
173 104
9 43
28 63
150 134
48 98
71 58
12 82
34 162
42 167
81 82
38 166
143 157
34 100
176 34
136 43
12 76
2 115
45 138
9 99
26 64
159 76
129 92
165 124
81 17
153 173
17 5
87 170
113 127
66 46
87 37
100 76
152 16
163 86
61 175
27 162
108 160
13 134
167 65
49 133
98 59
153 80
74 14
151 146
92 157
48 141
74 75
120 166
25 79
106 52
162 144
68 143
103 129
38 164
46 134
61 4
133 160
50 9
76 152
4 15
72 166
46 48
94 92
12 176
167 37
55 33
85 161
6 169
35 32
50 18
9 83
38 55
66 6
78 57
4 78
7 81
71 165
24 77
54 64
149 167
141 110
25 90
161 3
5 105
11 177
16 32
166 94
160 29
90 167
18 157
83 113
77 38
28 83
69 172
73 27
153 154
175 114
92 63
72 19
48 31
80 88
168 48
111 1
173 123
40 162
31 73
18 126
82 129
87 4
144 130
5 132
121 2
18 31
24 127
40 61
69 26
96 29
25 88
12 17
45 165
143 142
40 63
146 159
133 33
22 170
125 112
137 53
140 12
114 139
172 62
44 144
156 6
129 54
13 155
84 135
43 140
105 64
27 147
26 18
69 135
113 138
52 94
146 0
7 50
50 89
61 70
162 122
5 9
17 134
58 152
109 21
153 130
37 168
32 39
172 130
129 47
91 151
101 17
104 121
41 82
48 143
39 38
95 176
39 74
75 33
107 128
176 96
35 108
71 85
104 15
166 117
129 87
138 27
101 119
96 93
120 47
78 155
11 48
126 79
10 163
134 35
109 99
22 109
99 143
39 28
90 31
41 174
10 107
137 133
51 26
88 2
87 159
65 97
143 59
28 37
71 43
3 40
61 80
16 105
84 170
46 80
49 19
112 140
159 63
33 20
30 162
2 39
157 14
78 117
151 109
136 24
122 15
52 48
124 146
12 126
46 56
111 47
67 17
90 113
52 46
66 136
45 46
117 102
8 4
26 1
166 35
73 58
77 99
125 81
63 20
31 156
21 15
173 153
40 20
152 138
171 139
92 77
76 0
13 44
149 48
13 57
33 42
12 163
161 168
6 160
161 61
160 171
122 91
51 123
3 85
131 127
15 152
145 141
118 107
11 31
78 22
164 79
0 18
48 86
169 157
147 15
170 137
174 52
53 117
160 125
164 145
96 89
17 142
51 138
27 72
101 74
84 172
156 101
123 17
69 54
172 164
173 53
164 114
9 66
119 148
158 1
60 139
44 135
57 137
59 156
88 143
176 26
107 50
159 82
31 92
103 56
56 86
129 139
128 167
158 46
97 9
24 0
133 111
127 103
114 67
142 9
1 152
27 117
123 61
76 75
131 65
160 102
72 81
93 154
66 163
58 77
143 91
69 43
76 133
100 115
60 66
17 175
0 138
1 31
172 22
47 68
78 82
86 165
125 41
94 122
72 31
47 41
105 77
132 135
127 35
153 140
120 64
128 74
41 52
36 129
62 53
61 7
157 27
158 6
34 22
42 26
44 9
166 32
97 146
58 0
114 132
49 131
162 80
17 42
97 126
118 14
138 144
32 71
136 6
155 112
53 42
84 119
63 101
103 41
66 34
102 150
113 107
46 147
8 123
9 27
53 160
71 154
159 126
88 56
37 12
163 39
73 33
125 151
80 147
107 40
84 4
43 157
26 14
91 65
123 100
63 70
144 110
134 157
67 54
137 56
23 66
161 99
82 22
14 172
145 82
139 174
42 150
93 161
156 95
142 53
79 46
151 19
92 168
62 134
45 98
2 42
75 52
40 50
151 124
46 30
173 146
6 90
136 12
28 31
108 92
124 78
122 174
52 4
134 119
114 120
7 102
123 10
107 151
15 113
46 63
16 76
55 109
134 45
104 13
115 127
89 91
173 160
66 82
92 174
138 113
103 58
31 41
68 79
120 13
115 130
4 111
61 156
169 161
72 126
76 106
35 121
127 78
177 4
161 50
140 37
146 78
78 7
141 82
124 101
72 4
137 15
154 163
1 157
78 20
43 65
31 90
71 109
55 29
61 13
133 106
25 148
55 24
57 19
54 40
34 47
145 28
157 172
37 112
152 117
78 12
140 128
62 138
91 130
3 63
57 147
165 119
32 6
26 106
107 99
13 99
167 5
166 28
5 100
111 20
155 77
116 100
84 2
142 155
78 176
51 167
11 41
137 64
61 9
96 63
139 20
99 141
54 70
56 132
113 64
59 114
146 110
39 45
153 66
14 125
155 130
127 153
118 39
94 59
77 51
124 41
139 33
5 147
91 11
134 12
174 120
8 145
160 25
92 138
84 149
150 56
127 142
25 53
9 93
94 118
117 25
134 81
156 19
174 68
94 72
120 30
77 94
2 127
142 122
150 171
149 43
99 43
142 173
46 5
45 100
67 69
58 130
64 74
82 48
104 11
95 71
82 164
138 170
102 115
133 166
37 98
167 84
144 170
153 58
11 90
79 153
121 22
161 127
111 16
22 85
106 2
96 140
27 54
115 83
106 0
87 16
58 85
141 34
105 49
62 89
155 88
23 79
8 116
173 162
94 26
58 118
109 171
142 101
10 68
47 36
49 16
170 63
79 24
176 102
126 61
133 121
51 169
24 85
85 98
55 96
68 95
32 49
17 162
60 22
5 70
27 79
10 115
130 18
134 31
16 28
130 9
118 153
45 85
125 131
76 32
152 7
132 35
162 34
171 157
147 122
92 9
99 119
38 154
0 113
66 96
78 2
108 131
169 103
1 103
105 5
37 8
72 152
92 51
100 153
14 165
44 173
136 26
110 66
158 148
19 93
126 101
1 86
4 159
88 133
91 171
38 101
48 154
51 154
120 70
138 91
164 54
100 144
106 137
62 120
104 167
82 41
142 171
89 84
99 126
18 60
148 12
19 43
122 74
150 15
105 70
94 9
8 68
131 96
79 94
104 145
2 168
152 102
51 71
90 39
88 111
103 99
18 62
72 107
69 10
40 54
115 142
63 13
5 120
83 107
116 107
87 102
142 73
157 133
114 7
163 89
81 15
95 157
98 160
80 128
126 64
19 168
170 61
98 34
14 85
147 108
140 94
14 17
165 15
100 30
52 126
107 155
114 95
107 111
160 139
100 87
5 142
90 9
25 65
70 170
114 97
131 12
103 6
108 166
64 52
122 57
113 55
2 74
97 113
47 19
77 59
41 161
160 19
15 104
3 146
17 89
31 98
147 6
77 108
51 172
80 124
92 32
109 58
117 41
158 170
91 92
79 29
124 153
149 116
16 85
112 14
56 157
81 154
102 21
52 22
75 130
78 137
155 110
31 67
95 132
22 44
18 95
170 163
83 115
98 104
26 62
58 102
74 25
59 150
13 136
95 65
16 26
28 95
155 60
3 76
31 43
152 35
51 115
162 30
43 119
93 71
19 97
32 143
108 116
40 79
123 159
89 11
68 151
20 61
62 78
136 100
38 143
93 116
49 124
161 83
158 72
127 93
146 84
167 19
12 149
141 99
103 20
163 67
142 169
161 112
175 13
72 111
36 66
8 125
144 10
126 92
129 137
120 169
27 100
40 115
18 3
149 62
48 76
10 7
34 152
121 84
97 57
111 64
60 88
