98 215
99 155
76 106
83 150
204 172
258 267
145 238
207 89
146 23
15 151
234 130
267 137
202 168
218 165
180 44
106 126
260 245
103 102
104 57
147 100
124 64
121 111
191 149
259 118
82 19
119 26
208 228
216 270
128 240
126 79
169 264
74 81
108 241
98 240
17 120
269 104
221 263
121 122
188 45
117 93
182 241
29 32
25 182
172 210
264 152
113 257
267 22
164 214
51 236
238 38
78 4
194 217
119 4
248 207
72 14
14 10
46 55
257 5
240 112
206 155
104 219
213 194
186 64
128 190
198 168
78 60
263 43
156 222
95 39
57 9
149 58
218 84
4 233
97 257
6 100
197 123
234 202
167 180
73 147
0 262
194 159
193 255
154 25
37 249
9 21
45 20
158 127
112 158
106 37
38 142
161 251
145 97
231 199
58 80
175 156
188 163
256 37
167 3
30 89
210 171
96 176
28 238
161 69
254 126
220 51
71 158
215 46
158 150
179 75
234 22
154 158
173 4
262 270
260 16
58 98
66 0
81 51
251 181
239 201
134 39
16 23
57 87
48 201
194 228
81 118
141 191
96 244
121 246
60 183
15 68
116 150
110 40
253 71
31 226
245 80
205 210
5 51
240 241
175 61
263 127
143 123
179 107
67 51
128 242
18 74
261 161
63 103
152 115
267 159
238 176
205 6
52 95
98 235
118 145
115 201
19 206
137 37
59 148
245 200
179 270
67 267
122 123
126 159
133 172
245 104
5 236
161 56
196 82
52 124
106 81
259 199
215 39
64 139
205 19
62 259
75 70
111 116
232 125
245 46
8 26
47 147
37 152
156 151
18 214
260 82
25 131
119 189
92 27
122 26
6 46
230 68
269 217
215 81
82 183
259 196
235 215
163 191
204 149
20 61
62 60
215 28
218 176
253 198
23 149
15 201
232 137
150 106
232 108
83 167
176 8
154 1
182 31
12 39
248 9
160 130
168 116
34 262
130 116
46 214
194 17
20 128
109 258
166 172
208 195
16 33
121 170
183 245
183 204
227 30
68 18
241 99
267 78
76 55
243 125
4 59
32 17
176 154
142 185
228 163
31 184
213 214
120 151
231 76
69 64
247 117
270 130
11 208
58 215
225 242
9 217
141 24
35 224
33 67
201 204
136 196
14 34
236 205
25 129
166 24
255 154
97 156
51 211
261 65
196 97
61 79
206 245
226 234
157 101
1 156
261 187
205 234
114 177
176 263
66 204
191 181
36 171
236 119
124 4
9 230
213 245
193 184
244 122
35 218
142 134
78 197
7 17
7 66
35 19
39 48
79 251
8 93
42 228
72 118
229 199
187 26
131 14
131 44
71 71
112 261
154 46
55 225
256 53
22 188
106 250
242 246
263 45
262 206
118 124
123 70
189 116
17 225
214 148
52 195
237 135
39 162
217 112
117 195
97 203
233 270
75 7
170 178
69 147
88 183
99 87
159 149
126 51
138 52
178 14
195 237
194 98
160 12
35 25
151 267
76 222
50 69
47 16
107 119
19 196
58 113
118 103
19 111
186 14
109 46
241 19
117 65
172 188
101 84
73 250
76 92
220 86
160 63
125 20
108 81
133 233
262 250
132 111
41 43
29 143
108 129
18 164
149 10
267 154
208 65
239 14
47 20
257 89
58 109
104 99
236 230
96 54
242 175
52 114
191 230
47 222
116 174
100 78
24 78
82 230
105 256
183 20
191 19
54 94
201 265
29 257
113 130
136 62
117 67
106 238
14 214
216 83
29 200
259 132
237 0
6 260
45 127
153 197
148 174
221 209
85 61
212 126
235 27
216 207
10 188
52 74
194 233
224 149
213 46
208 221
236 109
248 111
114 136
159 18
55 126
91 216
210 132
10 15
240 27
67 26
211 246
77 262
72 130
106 164
173 150
47 169
194 12
197 5
55 172
85 40
159 3
267 5
148 37
135 251
264 56
62 2
19 94
267 221
51 7
198 113
121 69
110 5
72 121
112 219
18 229
136 105
195 138
170 86
113 243
57 247
21 174
67 55
137 74
226 130
119 170
183 46
96 141
108 197
266 55
160 135
238 188
244 42
24 54
256 113
193 91
158 38
19 3
217 155
163 78
249 128
4 210
128 96
53 29
48 65
184 195
114 242
121 214
52 264
135 107
35 130
179 62
84 62
17 95
224 86
167 51
241 2
269 10
182 147
5 45
211 8
70 104
140 1
261 179
131 237
163 107
146 183
110 250
233 29
43 110
102 124
183 75
50 128
8 134
105 55
35 151
79 117
214 161
46 47
163 68
4 185
243 157
233 86
152 69
170 229
268 175
120 253
182 70
151 231
78 215
131 160
45 228
70 235
77 224
57 166
174 253
47 228
172 201
106 63
88 216
97 4
257 74
254 163
41 268
20 71
112 197
260 20
30 196
120 116
27 129
155 111
23 248
160 121
145 76
91 151
55 38
102 29
135 50
260 50
117 181
54 34
270 166
172 57
48 118
135 218
91 9
105 86
160 42
86 85
113 86
90 234
122 33
61 31
64 130
167 135
2 88
102 214
265 270
29 66
15 198
267 31
103 241
100 209
92 58
191 60
265 68
259 89
232 120
57 231
186 181
188 197
217 188
241 256
65 237
100 252
230 263
61 63
14 269
141 152
63 65
155 124
198 60
65 34
167 49
203 52
143 33
63 192
41 219
253 114
148 163
230 108
16 172
233 34
107 263
225 162
149 46
123 164
141 41
195 240
84 54
60 16
150 145
43 185
262 148
209 208
226 19
183 134
109 78
250 8
150 223
59 81
223 37
26 67
206 54
110 13
150 158
138 221
157 234
84 15
142 256
207 1
211 77
254 52
248 76
144 64
224 22
39 89
86 109
27 189
197 44
196 126
130 93
15 83
77 155
184 158
223 116
209 211
86 184
169 204
3 18
235 238
265 159
58 28
90 77
66 225
148 258
192 193
163 212
105 131
113 155
6 265
22 165
49 52
113 268
245 4
83 32
70 38
78 213
103 0
16 253
264 19
75 187
241 141
252 82
85 103
231 38
24 140
82 76
2 229
42 237
240 53
73 55
13 256
207 139
256 82
5 93
221 187
19 62
42 57
244 37
198 73
29 108
111 70
145 84
239 25
53 58
253 66
127 117
0 1
51 29
114 168
99 67
148 167
168 168
105 28
245 32
93 20
189 83
126 35
128 151
170 66
245 136
72 132
17 100
249 113
214 223
186 83
17 173
131 97
232 145
267 125
63 44
138 159
132 93
90 268
203 40
59 158
63 26
56 145
232 18
261 100
259 59
85 186
42 169
24 38
103 4
99 243
189 126
38 167
208 263
167 156
100 72
137 89
211 177
221 163
140 135
11 190
183 262
31 75
18 105
191 236
106 26
217 103
13 167
111 156
64 1
257 241
175 121
39 118
198 51
18 117
29 160
166 209
243 151
59 115
155 71
59 181
60 59
254 62
52 190
181 120
17 1
162 134
247 84
42 248
8 227
84 194
235 176
118 33
124 129
198 83
22 205
231 9
31 252
113 226
120 153
27 33
114 143
107 71
250 36
238 166
157 212
60 235
113 60
13 2
219 76
146 55
125 91
90 166
195 35
183 160
173 187
252 143
123 191
268 79
71 214
93 121
135 87
50 264
41 61
257 221
125 39
13 136
29 59
147 153
218 239
125 170
207 181
70 208
113 105
267 95
176 233
0 96
215 79
13 191
138 168
133 15
151 104
37 161
5 251
50 233
249 244
124 37
135 177
134 257
268 33
103 48
135 5
248 223
35 35
83 226
18 47
248 251
87 89
178 84
221 201
222 165
115 193
132 22
216 107
182 173
260 210
28 176
212 264
117 123
239 136
228 87
56 138
200 226
160 200
156 147
99 223
202 250
223 67
69 110
107 139
77 30
114 126
146 133
149 65
143 237
243 180
51 15
102 258
145 32
214 267
35 203
68 235
32 215
42 218
134 249
204 56
206 221
65 250
207 237
176 93
81 215
101 68
167 137
125 241
86 5
140 112
217 34
115 17
29 247
256 254
166 26
261 234
110 133
118 39
162 15
11 248
162 136
78 233
97 56
9 75
178 56
4 161
197 158
81 156
119 237
239 198
189 251
241 270
225 126
184 254
87 174
262 113
210 169
207 72
84 159
21 249
199 196
245 205
18 187
20 28
266 152
90 43
78 161
254 46
163 142
182 115
75 45
85 167
168 234
79 95
192 175
134 53
56 268
16 269
157 4
80 233
247 269
220 252
26 173
252 92
175 106
16 152
191 54
156 86
72 136
224 75
61 114
35 84
28 101
87 224
198 126
104 150
134 95
213 96
263 54
111 257
13 85
25 126
142 163
35 149
108 40
128 265
224 6
43 86
61 258
209 30
241 84
29 236
172 135
22 154
168 143
13 159
56 85
254 203
122 158
47 211
218 8
50 37
185 255
206 91
174 263
193 205
205 159
13 38
180 102
123 257
152 169
148 169
181 90
108 94
253 247
72 11
4 1
43 52
213 135
245 240
177 210
106 264
36 71
3 117
23 16
76 26
85 123
249 221
258 106
235 70
48 77
165 60
115 160
215 52
142 246
36 137
87 13
236 75
229 100
27 89
74 146
56 175
120 145
225 17
156 164
24 5
125 82
194 256
213 11
101 211
18 36
91 156
233 102
180 242
187 18
26 217
30 36
138 230
65 78
107 17
165 161
53 40
33 124
169 164
128 73
259 212
71 23
257 215
109 29
72 240
48 63
198 13
73 2
233 195
145 82
52 70
13 219
65 128
64 215
178 87
37 34
191 12
165 69
68 20
191 62
252 194
32 94
80 206
229 221
133 203
238 247
254 132
51 40
216 258
197 50
62 227
70 13
115 233
199 129
61 105
255 74
245 26
13 146
149 203
154 3
46 261
123 230
190 238
74 50
117 230
88 200
239 131
241 217
266 91
90 206
176 84
75 265
87 251
149 123
203 229
268 247
135 144
47 128
108 11
23 221
260 42
97 169
162 264
225 265
84 169
207 123
237 155
194 39
70 260
189 221
80 49
210 55
202 227
17 93
139 39
255 221
14 23
205 166
244 127
211 148
18 28
180 218
127 90
130 249
37 14
111 232
79 120
167 262
142 53
179 165
8 80
26 84
94 133
7 70
265 170
198 85
81 0
18 160
49 223
141 258
118 150
114 25
245 151
89 20
122 76
204 259
248 172
254 233
175 49
100 105
160 26
78 56
229 64
251 41
102 247
227 217
70 96
176 142
82 225
171 96
215 181
215 90
235 39
66 69
17 68
270 148
133 125
162 50
240 118
38 172
142 242
17 86
191 21
236 77
122 217
17 223
186 212
147 28
98 157
217 89
93 147
90 185
39 269
250 18
156 99
121 101
248 196
37 58
249 68
160 58
178 101
16 43
143 141
53 110
81 164
126 76
47 10
188 238
169 130
3 102
35 235
5 17
65 262
139 216
88 24
40 191
41 122
129 54
46 198
116 34
52 49
219 142
71 239
121 18
2 123
88 4
78 178
265 16
265 144
11 241
123 242
106 12
156 126
171 133
244 82
0 94
113 211
210 228
51 118
235 35
8 212
94 174
211 108
183 59
269 117
162 166
213 218
201 255
236 169
206 51
172 112
65 199
85 45
40 130
260 25
202 75
49 45
108 89
38 262
117 7
217 196
31 113
220 226
234 80
77 1
45 191
146 25
224 73
154 237
265 240
148 216
191 207
219 162
106 133
121 53
13 149
139 17
253 141
7 83
228 32
173 16
1 21
115 196
231 268
13 83
114 162
82 69
87 149
12 182
58 151
156 73
188 176
0 73
106 107
232 212
261 146
151 48
158 53
139 8
142 70
29 141
134 46
196 152
159 165
220 8
216 60
167 109
159 31
182 119
202 81
158 135
265 86
23 198
262 62
193 150
209 46
29 133
31 6
247 260
235 138
128 41
73 88
17 66
235 217
64 213
129 237
54 45
149 51
18 49
17 248
77 122
267 210
186 93
27 265
203 138
115 163
37 127
179 201
212 160
1 17
243 159
171 118
111 61
266 146
70 84
178 152
247 69
225 71
75 157
219 156
37 96
246 134
220 121
139 267
47 67
61 99
0 134
251 196
38 71
33 213
89 48
149 60
56 142
69 184
260 5
248 142
188 119
235 186
128 223
120 109
0 265
58 21
259 171
25 216
176 29
263 63
225 60
115 78
34 205
206 233
158 131
207 130
261 22
121 205
86 101
198 225
230 174
67 220
221 108
126 84
236 131
97 12
2 48
239 190
137 215
217 157
130 62
175 68
138 140
194 133
232 210
113 190
240 188
18 239
39 242
183 162
34 254
225 0
0 34
87 121
203 210
182 37
179 208
128 133
72 149
187 133
70 122
50 192
60 85
33 82
165 143
144 110
64 37
163 227
3 218
9 140
254 54
185 262
211 226
117 53
247 208
21 125
181 19
152 227
43 112
52 160
83 108
100 99
81 185
168 67
47 90
143 147
261 199
96 28
178 25
71 74
136 156
21 110
235 148
261 104
128 202
182 52
129 156
21 35
126 22
228 28
232 88
134 155
43 79
174 17
123 236
97 213
21 262
95 129
14 123
25 86
54 219
205 214
192 77
252 157
8 151
153 8
102 245
151 6
127 215
159 144
196 258
151 153
22 172
139 151
248 232
210 256
111 112
142 66
127 188
138 197
46 22
53 259
125 235
11 75
165 268
215 74
131 64
58 3
220 205
14 54
147 165
211 250
265 142
147 197
142 261
90 239
0 136
192 171
48 244
75 123
151 12
228 56
138 97
119 57
219 82
151 255
238 56
1 166
248 4
165 258
9 222
145 139
17 132
8 214
191 222
44 161
69 242
270 77
261 120
165 98
42 94
58 127
193 50
222 78
253 27
13 47
191 31
178 221
39 108
83 141
263 181
7 28
127 160
57 119
111 68
16 185
27 224
127 2
75 142
62 21
236 88
213 221
121 149
223 249
234 59
236 55
130 216
29 79
91 7
53 257
225 263
239 18
31 108
190 114
210 252
158 98
116 242
232 197
160 14
232 155
202 189
218 200
118 134
119 64
49 144
121 194
57 76
4 171
231 118
218 207
159 23
261 139
251 57
104 97
46 239
198 17
84 79
161 187
169 245
112 135
162 149
133 71
7 61
156 39
229 251
255 139
199 8
66 82
69 60
51 106
176 208
146 98
2 110
54 128
265 53
21 103
48 1
233 177
43 117
195 87
154 40
76 169
218 232
210 141
93 141
45 159
66 57
171 258
9 240
253 119
244 108
204 132
245 185
64 235
86 119
199 261
146 14
224 143
79 134
158 65
63 237
6 123
104 95
160 224
204 143
49 11
55 203
228 211
70 73
108 182
84 270
116 118
201 175
226 140
23 212
137 139
256 3
120 131
79 159
30 180
185 191
139 82
95 134
202 56
126 259
269 119
170 68
113 92
40 80
104 269
58 173
123 107
25 2
211 205
29 262
73 200
131 6
184 155
140 12
245 264
148 161
32 126
90 201
14 25
51 93
184 146
133 166
17 82
228 82
174 134
245 149
125 226
83 21
135 89
157 202
178 130
48 97
144 206
4 227
229 245
68 90
203 262
211 82
101 231
262 208
168 148
133 186
121 41
246 249
212 256
42 205
7 164
201 236
116 221
249 187
41 51
158 6
120 22
225 108
104 12
160 255
123 266
196 14
152 238
214 120
78 86
212 66
250 77
69 130
176 147
4 203
199 67
220 258
128 194
130 5
74 183
76 260
168 73
31 165
225 159
89 131
231 245
264 13
173 193
7 51
237 36
150 205
223 182
229 209
62 84
53 244
228 155
79 84
204 100
243 228
28 204
158 241
134 243
84 201
70 258
236 21
264 96
77 132
247 230
31 123
266 46
141 117
7 244
132 227
49 83
75 41
128 192
200 220
131 170
170 234
141 252
80 80
22 40
20 101
60 22
39 207
28 105
238 61
219 70
5 19
221 149
112 148
76 164
251 258
12 157
156 192
266 236
227 60
179 1
72 212
90 55
215 131
121 143
64 226
151 176
244 59
207 36
24 46
259 27
109 104
49 253
226 167
225 43
25 269
30 243
63 261
253 149
237 4
34 2
163 223
189 25
54 84
132 45
245 84
211 172
67 123
81 247
123 264
108 187
55 196
270 40
246 214
234 158
65 54
35 42
46 109
19 14
12 168
161 92
78 104
48 138
226 23
204 188
102 33
151 89
79 51
37 67
74 192
23 200
38 244
38 16
247 176
136 227
113 160
216 5
23 146
111 76
94 53
151 117
75 171
112 54
6 86
233 250
160 98
141 136
193 200
236 243
66 93
79 47
174 189
238 160
60 71
233 13
191 147
214 265
201 18
36 209
181 38
60 194
215 35
65 208
51 126
255 90
151 225
27 212
187 182
68 14
54 17
202 11
250 227
239 129
72 123
172 160
203 9
69 198
100 83
207 244
236 237
181 232
121 97
225 28
180 67
242 54
133 123
262 118
24 214
182 185
151 240
150 9
198 205
21 189
224 189
187 4
202 99
253 196
142 12
70 268
35 250
28 78
48 140
263 188
115 251
246 233
209 107
192 134
235 6
151 109
172 178
124 57
266 24
100 113
127 82
71 60
0 57
140 265
170 210
39 51
265 118
252 189
31 11
41 41
122 151
0 65
218 20
96 139
34 72
12 238
161 125
147 178
195 187
98 208
121 261
33 148
11 133
265 94
199 204
18 195
241 51
21 14
123 55
85 233
137 263
168 152
22 233
138 33
205 178
169 120
39 42
114 234
221 161
193 28
120 171
168 247
264 75
67 262
218 140
157 227
122 129
132 58
237 41
219 6
267 192
105 122
147 33
226 49
181 124
169 47
45 157
86 132
55 239
124 60
103 196
196 48
202 269
188 140
161 104
160 113
166 16
37 222
176 57
58 223
48 152
157 191
165 256
105 262
255 201
266 20
73 13
185 156
213 117
94 65
181 212
6 44
107 85
60 18
29 28
11 172
214 166
239 211
42 15
67 132
99 250
83 91
242 146
229 255
15 92
202 127
92 227
51 3
77 220
97 132
212 115
18 64
47 3
77 190
66 230
234 107
40 114
240 92
11 216
138 199
208 54
216 224
149 91
204 201
183 17
257 125
111 248
90 261
102 95
190 165
62 221
33 6
118 173
182 84
124 163
186 270
244 89
60 147
127 110
31 151
186 118
33 78
155 268
211 220
79 185
4 61
137 134
135 101
154 149
247 243
111 122
168 122
225 205
147 265
159 100
256 51
201 238
22 112
41 47
60 220
163 5
164 220
64 85
249 208
154 143
22 184
211 96
112 217
156 51
186 129
136 160
35 258
167 101
240 45
119 132
153 123
168 239
111 211
52 178
147 114
242 269
93 253
125 2
92 193
138 122
225 34
100 90
219 34
192 4
49 257
29 17
230 191
163 109
238 162
44 206
171 256
126 74
156 106
64 231
223 247
210 181
196 40
33 76
160 218
197 58
243 144
70 180
63 174
155 208
128 183
35 14
235 266
111 173
148 44
72 18
162 113
57 153
5 101
0 214
36 9
261 33
45 267
149 179
0 231
247 105
110 50
150 35
17 263
169 155
12 65
112 0
10 74
208 165
144 23
17 56
69 29
185 132
199 236
36 144
162 88
128 35
239 114
5 95
212 266
187 72
13 121
27 148
74 202
63 208
252 227
196 116
29 10
197 203
62 36
264 244
113 77
109 176
264 102
210 139
199 212
239 229
44 176
90 33
80 115
94 187
149 230
151 81
246 210
160 205
59 213
203 213
153 18
95 69
153 264
54 59
257 147
241 111
142 145
249 252
254 156
24 261
21 33
63 46
91 82
140 130
255 25
33 144
80 145
255 253
187 156
99 39
24 154
98 93
23 134
106 172
254 104
111 30
240 180
99 230
79 157
245 7
45 170
57 69
268 255
87 220
31 30
186 237
19 52
187 99
39 33
133 196
62 197
119 213
235 260
107 31
81 232
268 268
167 231
85 66
270 92
13 263
11 86
233 193
206 197
56 114
246 190
41 208
30 216
46 121
35 39
136 216
234 104
94 115
224 102
15 19
126 228
54 190
217 38
142 203
182 175
141 80
168 112
45 71
105 155
187 9
131 214
97 8
32 195
225 226
191 188
203 102
148 87
228 150
210 166
99 5
245 255
193 223
49 166
224 92
28 118
112 202
137 191
166 94
180 5
110 223
80 17
93 63
78 58
254 183
175 224
124 199
49 7
39 182
148 204
81 260
152 30
195 59
27 97
34 66
156 81
92 239
23 163
197 265
146 21
247 40
84 112
13 193
173 199
143 135
193 103
5 218
149 156
25 80
65 116
231 207
40 235
129 67
115 182
91 205
59 228
9 257
245 124
127 60
42 69
105 44
234 8
77 34
24 40
48 112
25 196
215 37
32 177
78 237
148 20
211 64
240 203
66 245
69 195
5 91
224 106
177 143
148 191
172 239
87 95
187 168
140 45
214 142
134 63
44 266
54 64
177 95
156 184
267 44
190 268
112 24
57 50
7 178
167 225
233 159
241 219
224 259
269 100
118 44
136 53
123 21
227 134
2 66
58 74
155 21
266 171
24 62
260 90
1 149
12 250
28 65
200 148
240 59
202 218
70 18
26 210
258 256
87 191
45 223
242 59
2 199
79 131
162 54
180 27
57 238
3 75
37 108
90 194
268 83
97 110
29 151
203 179
35 252
131 232
233 146
250 127
270 61
23 10
218 25
64 151
269 226
255 20
214 56
144 216
266 18
162 77
261 154
156 229
222 269
50 32
95 113
190 125
116 205
258 91
60 143
56 93
186 227
209 2
258 207
104 177
173 221
165 78
256 262
244 65
150 265
93 223
267 143
139 142
107 7
246 54
135 248
165 204
196 175
55 10
263 87
238 254
142 16
92 166
154 246
217 180
160 159
9 95
170 176
224 269
42 67
230 239
92 212
244 206
165 23
233 268
148 35
188 37
36 3
208 182
85 49
21 239
104 125
198 96
108 204
127 267
157 42
63 246
42 192
242 20
227 34
239 252
94 254
171 2
21 133
25 123
227 21
216 205
189 169
112 90
136 132
133 107
249 101
262 218
31 133
85 164
140 196
63 142
95 168
23 66
194 5
177 51
60 131
6 256
257 14
34 231
23 178
69 8
142 224
78 54
110 89
34 43
265 109
174 92
52 233
131 103
130 251
73 176
203 174
145 198
259 155
50 47
190 192
102 6
57 207
8 246
79 148
102 104
152 94
193 157
178 68
156 92
150 210
41 157
159 194
146 175
28 36
71 93
161 61
108 213
10 118
245 181
31 182
4 25
107 199
152 2
117 264
30 40
211 188
196 247
167 208
68 35
239 250
133 120
40 183
268 81
45 166
102 197
265 257
13 94
168 213
38 122
189 56
162 195
15 62
72 146
264 175
227 180
270 203
237 218
212 270
102 212
129 14
250 43
145 134
22 96
101 226
230 62
37 188
53 229
29 116
50 220
260 267
103 186
168 31
31 144
132 225
178 247
204 60
124 62
119 198
47 270
110 62
44 184
6 114
156 25
237 199
192 216
148 128
203 88
60 245
177 108
204 156
24 202
143 208
180 211
258 262
29 26
97 39
51 162
175 123
168 83
161 84
197 169
96 264
41 146
4 33
259 107
33 146
129 44
136 256
265 248
196 54
23 174
125 49
117 204
34 105
67 206
248 164
150 93
59 240
82 74
27 91
4 128
78 164
166 67
35 207
210 18
169 184
20 48
52 122
96 103
181 66
94 194
238 13
169 19
143 102
225 151
211 155
225 97
143 115
109 96
27 12
94 88
9 52
93 107
151 197
38 137
244 153
55 54
237 226
88 193
82 112
208 184
270 257
107 144
30 112
81 252
99 7
89 245
4 238
89 230
265 42
51 222
215 183
266 223
32 13
211 101
220 240
49 248
203 162
184 266
197 187
260 239
76 23
195 68
169 217
38 213
9 55
71 4
163 154
208 128
126 92
149 81
219 233
145 108
176 256
100 162
147 112
79 15
77 248
154 163
37 48
55 86
110 204
177 54
182 103
54 227
165 80
177 164
215 69
119 195
141 207
56 147
24 142
41 11
220 183
145 268
94 268
268 197
246 75
230 231
153 118
131 82
63 117
172 247
33 64
33 131
245 97
203 153
114 73
221 116
80 126
61 246
238 100
94 189
29 6
221 97
40 240
240 226
142 189
115 263
265 48
182 130
1 223
135 71
164 25
157 189
109 233
206 102
46 11
19 258
167 61
239 66
35 245
98 102
175 39
211 17
55 68
115 57
195 209
129 145
115 102
270 27
153 235
97 183
111 206
25 76
243 223
143 81
125 30
46 34
227 122
92 207
215 254
60 122
213 173
121 103
144 66
45 123
9 72
88 235
13 30
254 190
210 91
176 136
184 153
168 35
157 82
149 55
148 150
62 7
29 245
79 243
94 4
102 97
0 30
236 188
109 98
149 266
96 62
259 246
98 54
220 199
82 143
58 23
26 166
142 229
155 157
97 2
241 224
207 246
23 192
100 20
16 164
70 48
249 52
139 245
48 69
224 193
150 99
69 173
265 111
234 237
238 260
91 121
48 95
190 46
116 250
40 173
176 37
172 143
206 168
27 232
199 72
176 131
232 141
69 158
158 178
1 237
157 36
251 101
136 114
172 10
90 79
244 92
230 66
259 188
103 156
142 3
17 170
188 138
66 178
158 246
211 24
171 47
116 98
191 44
55 5
62 98
102 218
175 73
140 63
163 85
187 117
33 52
132 197
14 103
266 33
50 117
12 95
58 32
4 8
218 65
251 20
90 83
90 16
71 174
199 22
117 266
55 152
143 177
209 32
203 106
170 152
150 140
126 27
241 186
211 231
169 138
54 214
198 128
194 109
210 190
209 95
183 237
161 44
124 245
171 214
229 188
8 129
176 266
59 165
67 199
170 116
147 237
143 149
107 105
24 220
214 50
121 165
269 183
210 3
136 32
227 221
155 63
235 258
158 79
153 41
208 136
66 105
83 190
258 130
153 252
164 202
186 225
6 197
167 20
128 26
206 157
147 185
170 169
32 190
129 110
270 51
89 64
94 247
81 84
256 35
39 166
129 115
147 246
260 232
33 142
0 153
123 138
21 269
133 99
52 27
113 187
128 251
201 156
86 2
139 101
73 243
2 136
54 153
126 37
60 89
8 2
116 219
147 263
143 143
88 124
270 59
72 99
138 12
98 63
143 62
240 265
117 17
120 183
188 93
80 98
180 240
109 221
34 5
179 95
142 209
155 55
18 11
168 215
202 194
33 229
252 213
243 244
91 97
197 213
262 3
138 189
137 204
96 188
223 212
6 228
219 193
112 171
159 208
62 215
2 158
168 185
95 24
41 195
81 75
48 107
88 205
52 207
48 183
165 100
5 187
134 211
263 85
41 181
74 72
230 180
209 147
145 221
14 144
19 91
171 11
94 163
104 246
64 98
162 34
189 227
247 17
222 238
197 144
81 217
76 182
73 29
148 79
112 246
21 99
110 69
54 28
269 207
89 141
83 259
75 191
75 150
122 67
53 168
166 235
42 120
107 225
62 107
38 177
186 214
179 235
268 152
139 21
70 124
142 250
227 36
103 198
108 5
246 145
178 137
215 245
7 190
0 185
71 55
119 9
57 164
173 0
48 142
92 200
114 36
11 84
230 249
185 59
248 29
238 47
114 9
7 196
235 251
98 244
192 92
62 16
46 168
255 175
45 7
106 269
121 84
103 19
216 166
87 70
35 132
109 42
253 173
129 219
177 129
230 150
98 119
80 130
67 65
180 126
138 184
227 198
148 187
63 161
78 49
154 69
213 38
32 181
226 174
80 199
66 185
61 65
156 132
98 138
166 13
201 3
248 159
203 0
99 124
246 95
69 52
249 250
152 0
222 213
269 185
47 73
63 14
65 189
152 218
140 257
128 131
227 96
134 44
62 135
38 264
126 63
207 69
210 198
114 94
21 264
130 242
184 117
31 163
87 115
28 269
49 30
189 202
220 90
102 209
193 221
28 52
193 187
159 21
176 14
213 102
157 176
12 195
202 69
14 48
255 181
15 191
134 176
203 245
258 239
17 26
176 160
13 45
132 139
34 243
235 124
56 205
218 136
1 13
257 133
45 152
161 48
154 61
129 264
175 146
234 84
149 33
33 183
162 140
201 40
154 186
254 120
176 241
22 105
99 11
46 96
239 146
136 129
86 37
235 31
176 162
198 109
160 188
102 46
135 263
266 76
228 215
98 152
60 156
191 128
7 116
263 161
83 182
40 27
170 64
53 269
189 69
86 138
137 1
68 6
90 175
58 210
8 224
144 106
81 149
75 234
132 164
192 71
244 191
26 157
35 142
17 207
269 232
168 10
73 24
60 39
266 133
231 209
262 29
100 258
198 221
15 134
270 177
260 2
119 17
111 110
103 144
21 162
68 255
228 257
269 195
49 242
235 160
42 246
177 27
65 143
119 46
63 252
84 87
172 223
47 163
207 267
8 45
101 202
145 227
111 49
228 115
155 183
171 84
114 270
231 187
0 32
257 269
127 122
100 28
243 173
191 145
70 215
0 114
212 118
8 198
214 213
134 61
144 93
58 5
55 101
62 219
239 0
262 256
64 135
80 172
77 3
249 149
233 71
36 263
203 17
222 258
217 219
153 177
257 172
234 229
224 65
177 156
64 71
119 157
109 198
9 92
143 125
65 64
269 111
255 209
169 128
234 168
196 150
18 80
222 223
180 14
142 268
199 35
253 180
208 67
49 125
160 235
243 236
24 257
47 191
231 21
142 9
172 170
159 221
22 8
37 18
49 204
61 199
175 7
100 188
167 98
14 32
129 161
186 85
6 207
238 242
87 157
92 55
42 3
155 197
103 226
101 184
152 199
143 252
55 42
8 7
86 155
260 165
160 161
60 192
221 71
150 138
90 133
187 70
35 233
19 119
207 31
214 243
5 190
67 111
75 225
232 52
72 249
229 237
24 103
210 80
44 88
64 121
92 29
54 141
168 253
70 190
56 7
14 21
14 56
136 270
141 51
18 58
95 140
31 83
67 195
113 253
21 220
79 255
145 101
25 118
133 151
184 6
137 177
203 166
62 27
165 102
171 27
189 259
131 178
174 34
24 87
69 222
205 239
88 116
40 120
229 119
209 250
196 106
45 73
255 88
6 185
183 202
103 67
15 262
208 23
59 94
135 134
29 103
51 58
192 142
71 64
167 120
171 70
219 264
11 239
11 113
222 93
176 226
102 180
167 114
88 15
101 130
159 119
52 201
25 186
83 256
257 87
139 169
132 122
105 24
155 259
95 196
152 195
131 158
184 42
51 224
83 222
128 112
97 87
99 15
176 214
114 34
219 119
13 124
135 113
138 31
91 119
264 263
192 125
182 250
206 59
253 107
5 76
107 73
103 130
137 228
30 201
65 187
34 249
229 50
183 67
102 263
178 5
125 261
64 176
21 90
180 222
16 45
88 54
1 190
136 243
84 104
259 160
16 14
118 11
165 4
126 136
11 37
83 89
153 32
154 196
186 21
126 126
214 115
236 97
218 149
180 247
41 201
232 95
65 66
111 226
121 81
23 227
125 130
77 170
58 137
236 111
47 26
168 25
195 265
73 182
30 270
184 264
223 54
81 234
59 203
215 104
97 107
116 0
226 89
256 186
219 129
234 82
104 187
246 71
200 120
54 265
64 73
249 270
11 136
218 198
98 84
46 232
166 63
89 31
99 176
152 262
171 128
114 260
4 268
44 193
227 209
106 1
15 149
255 223
159 171
88 207
185 76
23 268
43 216
62 73
167 255
69 112
67 42
228 46
192 158
43 261
44 144
146 191
248 170
237 39
220 30
98 164
245 132
80 53
261 227
5 140
166 39
68 41
91 177
0 116
126 115
226 45
21 212
50 54
219 134
33 162
119 92
134 174
34 27
237 265
270 247
37 90
87 45
10 267
145 189
228 10
249 72
257 226
182 187
5 156
230 243
54 179
25 149
194 41
142 39
23 243
150 69
83 7
197 244
47 82
23 239
103 264
125 55
54 99
132 40
181 204
101 60
175 23
3 52
128 143
1 168
161 73
252 33
49 159
14 97
202 90
10 144
179 176
151 189
243 161
60 66
231 113
166 248
131 99
175 81
223 84
27 51
262 14
201 79
5 35
217 210
252 61
71 267
259 254
89 152
99 21
33 264
267 12
72 114
146 48
242 74
187 202
111 65
106 195
161 9
74 100
242 37
148 119
49 79
181 194
151 130
46 98
194 117
225 112
24 48
239 231
156 130
236 63
207 265
101 37
217 93
161 241
229 106
247 119
89 101
233 224
49 187
139 107
211 46
241 213
191 85
118 80
132 180
122 215
41 242
34 201
35 88
76 68
11 97
140 93
222 58
204 8
270 12
120 255
69 141
267 199
80 132
2 172
84 139
34 0
13 162
188 219
155 13
177 7
269 168
138 173
155 139
115 165
159 111
113 116
161 143
162 197
258 260
203 196
109 7
72 210
41 105
184 97
265 254
47 42
37 5
131 220
47 240
33 122
27 21
137 24
180 140
24 20
142 217
74 111
198 107
94 99
218 22
183 27
132 244
30 238
145 158
89 169
12 204
189 156
2 227
119 48
230 247
263 38
55 120
196 72
227 80
144 229
229 33
2 81
128 173
137 268
209 69
152 103
216 124
45 129
135 65
220 66
140 3
49 92
15 85
90 181
71 219
177 196
154 217
83 57
257 93
52 21
221 13
36 242
248 11
256 168
58 264
112 4
54 105
38 60
115 65
225 171
34 241
4 266
13 107
98 130
120 134
98 253
129 3
154 15
191 105
232 143
152 212
80 208
163 28
95 97
158 217
127 210
207 95
62 93
106 179
81 29
86 247
116 39
167 77
28 202
242 198
239 186
127 125
237 269
91 112
136 225
161 115
33 84
89 41
56 251
229 117
27 122
106 151
111 228
178 223
28 169
28 193
191 49
206 201
119 211
263 123
245 30
9 24
126 233
255 243
264 163
109 192
51 166
241 169
210 217
81 45
99 3
23 74
19 137
198 156
120 176
201 122
69 166
72 139
93 237
184 54
35 113
174 219
197 239
12 117
138 218
177 251
195 242
228 140
46 256
50 174
77 235
62 9
264 249
217 134
160 261
210 203
19 69
30 74
36 100
232 205
173 6
132 28
92 161
191 78
140 19
32 175
34 256
94 262
85 179
223 39
266 264
240 83
199 137
244 24
183 112
76 63
208 3
52 116
156 188
245 260
0 199
249 169
225 235
252 256
269 87
116 11
267 141
229 135
220 197
207 239
69 108
143 73
14 147
9 83
258 42
1 24
217 95
148 137
118 75
134 21
160 245
122 74
64 171
67 251
5 242
10 77
256 105
182 197
198 91
263 220
169 262
260 35
194 0
243 135
95 106
21 178
269 209
5 234
172 25
138 238
161 170
13 128
78 102
221 3
226 230
166 81
53 125
236 17
204 24
251 114
115 265
82 13
79 176
73 151
33 191
203 125
191 163
258 198
182 153
187 231
137 10
127 8
75 82
174 141
31 103
40 223
5 254
262 164
33 150
83 1
143 88
46 133
68 169
259 44
116 95
37 54
106 113
218 67
102 147
263 176
58 115
255 141
154 141
202 115
255 235
215 191
10 59
99 121
255 245
166 92
90 232
163 259
98 41
107 175
180 231
68 46
269 205
143 175
260 29
250 185
37 50
162 260
193 26
229 10
242 34
266 29
143 118
29 38
103 223
122 219
197 118
113 141
101 143
139 190
20 266
6 26
261 126
98 255
176 43
249 260
97 75
156 149
2 252
250 87
108 239
151 234
219 54
167 89
180 69
136 165
26 35
36 60
184 165
267 254
41 101
56 219
11 111
264 9
56 99
62 162
237 6
122 1
207 120
186 97
236 233
92 202
87 198
258 10
192 166
31 161
227 16
270 121
111 154
44 119
67 59
245 167
230 12
32 47
161 24
54 88
150 168
100 115
188 252
138 205
204 109
7 91
128 100
214 241
141 55
228 89
52 1
121 236
49 154
95 181
58 256
17 15
240 196
42 232
69 219
147 52
183 79
54 155
167 79
69 266
184 22
175 114
114 145
97 262
171 151
111 224
97 159
32 224
162 158
130 224
254 151
102 52
136 167
44 238
114 236
18 216
262 35
217 42
15 36
71 131
6 161
200 218
65 25
235 146
232 45
214 111
239 151
184 110
82 6
231 2
90 199
83 248
139 80
9 9
213 17
174 43
37 157
98 128
191 123
200 250
104 230
188 180
247 144
223 123
175 237
225 15
101 14
163 257
257 7
145 160
234 204
190 213
12 16
50 141
73 71
110 213
107 162
105 16
106 32
61 148
237 173
193 232
202 239
191 173
195 191
96 173
72 254
1 92
172 152
163 169
249 202
99 171
0 125
70 167
254 206
199 30
125 243
246 42
74 59
134 234
22 252
128 92
229 110
28 230
195 132
42 209
35 187
64 6
6 155
71 178
106 218
164 12
131 86
193 58
258 214
163 171
242 215
138 132
9 242
162 182
86 141
11 156
89 266
30 135
221 130
80 163
123 95
107 3
30 176
243 167
210 183
259 40
99 60
71 111
231 44
79 8
159 142
267 111
151 228
139 47
59 141
10 252
205 124
123 104
85 83
88 22
232 256
237 177
60 53
8 266
226 232
74 213
66 151
93 266
162 228
159 84
100 64
132 191
137 22
220 117
49 211
126 61
248 161
133 9
187 191
256 22
138 99
10 158
253 235
103 256
8 124
147 251
37 7
10 17
152 236
74 161
92 77
205 96
51 143
56 236
119 259
256 49
252 115
123 148
143 57
125 8
197 177
176 119
164 206
22 167
155 23
113 206
176 231
205 116
78 40
175 75
166 70
212 128
238 74
4 207
18 249
107 25
170 25
177 135
204 47
225 249
236 43
265 172
208 86
91 70
137 116
250 216
105 22
149 250
11 109
78 76
248 81
63 137
263 258
183 172
246 73
17 258
54 186
146 171
35 139
254 266
135 125
31 98
129 82
203 183
137 161
213 227
9 98
96 48
64 185
138 157
135 78
137 253
95 150
79 170
81 96
262 81
248 201
174 2
63 250
251 239
217 10
235 66
51 25
72 47
254 95
84 224
223 228
8 143
235 42
196 179
198 219
103 74
183 4
81 21
42 199
117 83
247 113
121 118
43 74
180 116
156 122
205 261
10 7
196 233
184 185
250 183
15 235
139 209
187 106
41 28
12 122
166 96
23 2
198 246
116 69
32 135
220 57
108 151
13 253
214 261
57 1
242 49
60 44
80 187
89 211
229 102
40 229
243 104
236 224
39 23
111 114
115 59
46 68
201 137
82 151
202 221
137 242
44 187
29 259
107 131
92 250
36 112
103 204
33 258
170 207
105 136
175 187
150 25
24 28
182 34
248 18
164 10
59 37
154 59
170 60
73 53
92 123
216 266
84 242
264 132
233 43
127 162
204 160
114 138
134 188
98 112
162 239
210 75
95 148
270 266
188 147
99 117
130 128
198 217
210 233
182 87
107 166
254 251
184 115
148 4
89 8
41 127
219 74
147 226
4 151
263 171
132 20
224 59
188 29
78 199
75 196
131 149
261 182
259 227
251 12
181 57
134 3
175 95
125 94
252 17
40 175
99 178
62 89
219 43
215 10
181 1
56 52
246 36
131 141
3 0
168 229
98 191
122 37
30 157
141 244
59 96
139 43
7 121
100 190
78 267
170 99
236 255
72 247
154 244
15 212
90 215
168 241
205 104
193 22
185 210
266 231
50 27
72 6
208 144
66 99
150 270
151 206
46 156
61 228
178 252
8 170
187 92
62 5
180 175
37 30
183 200
248 193
64 90
124 228
11 202
32 231
158 74
84 216
265 168
222 208
0 6
226 248
100 221
174 195
231 4
46 204
43 130
25 228
151 32
42 264
6 209
123 270
119 83
69 214
29 210
50 135
241 65
160 249
11 206
269 179
245 229
235 178
148 99
62 235
46 146
163 43
41 39
169 198
200 259
191 81
220 214
252 94
238 158
96 85
142 26
244 34
153 213
11 32
195 118
239 153
269 68
239 213
252 267
11 261
1 71
218 215
71 201
96 127
184 83
52 250
67 45
156 61
244 246
155 115
17 116
149 42
151 43
182 82
123 247
245 222
261 243
197 56
101 186
146 62
3 235
2 15
216 30
75 118
216 200
238 106
266 250
156 224
235 182
122 6
54 149
122 8
60 133
76 80
37 216
79 20
196 114
31 222
214 122
129 104
121 185
190 246
264 134
229 104
8 14
197 192
84 110
243 255
78 245
87 103
188 108
170 251
82 265
55 244
204 82
149 73
87 209
231 0
210 241
184 10
246 61
247 2
77 228
21 226
186 254
245 244
4 177
209 62
53 76
57 176
217 190
203 257
31 130
57 160
130 95
127 170
244 68
7 249
40 78
16 41
38 102
189 103
80 224
236 259
80 222
115 83
231 189
111 78
39 74
259 48
94 47
47 36
243 80
124 234
17 243
228 145
245 17
126 266
7 3
182 219
252 43
204 41
185 112
204 27
43 146
96 78
239 138
201 143
15 127
85 265
194 125
132 258
202 108
216 198
71 37
143 84
77 266
24 167
23 136
65 13
76 19
129 210
110 44
227 14
90 213
82 170
216 137
144 117
14 255
6 223
137 232
101 42
80 241
159 16
145 234
53 14
89 259
34 226
115 154
229 178
18 233
19 16
141 57
100 62
209 83
260 31
52 180
135 109
13 225
226 258
204 118
45 269
16 10
159 257
108 106
101 107
116 235
7 56
85 96
86 250
192 75
108 226
220 141
259 66
259 180
108 50
123 14
65 145
103 146
126 203
165 224
35 30
247 150
250 235
270 56
168 194
191 186
93 139
198 105
237 137
149 2
144 214
9 180
84 239
180 188
135 120
236 100
242 128
61 116
46 193
188 233
242 188
269 31
256 127
126 199
35 67
217 248
269 249
246 5
110 123
16 122
209 73
155 270
19 145
184 37
38 56
170 44
37 178
242 171
167 133
241 135
160 152
75 194
260 192
211 59
57 34
161 232
55 200
59 247
83 67
95 252
263 204
170 219
172 109
193 99
223 108
43 40
190 219
70 79
212 5
72 208
148 63
269 5
201 71
97 221
47 126
126 179
259 139
40 180
10 108
174 108
209 12
236 8
200 33
118 217
196 65
220 173
39 253
89 44
76 110
10 234
69 22
198 260
150 44
263 71
205 236
191 2
232 227
13 268
166 159
229 224
112 143
23 182
92 225
44 255
174 86
201 73
89 233
1 56
165 178
22 38
40 12
270 102
200 85
68 155
69 225
151 4
30 119
8 192
180 178
251 119
68 136
145 236
110 238
182 145
17 218
64 94
17 157
133 26
110 55
118 69
116 190
145 123
44 105
203 136
52 32
108 138
198 10
256 158
125 86
190 87
184 224
234 150
218 234
251 72
180 186
80 25
16 213
144 11
33 266
249 56
71 206
27 185
139 10
219 209
269 211
199 243
199 24
268 230
43 1
247 256
193 182
252 265
255 160
132 60
9 142
95 238
18 32
14 195
208 50
63 178
173 115
250 38
114 202
99 219
194 37
98 268
61 196
245 251
117 188
238 8
176 35
114 13
216 126
169 266
116 248
18 99
134 28
168 92
223 175
200 45
127 49
111 267
233 265
14 184
79 78
188 142
252 184
11 218
177 167
230 204
209 138
258 209
70 156
66 183
219 262
47 172
250 158
124 178
157 20
209 114
127 206
123 213
209 24
92 245
131 186
226 169
120 34
147 144
109 17
264 40
170 193
171 76
39 197
115 53
214 152
111 244
131 32
18 78
113 111
98 108
167 237
246 12
57 158
20 253
266 98
268 257
158 30
143 247
3 83
135 55
29 24
6 163
74 255
115 6
66 256
215 41
243 51
221 225
210 164
177 217
127 164
243 96
89 90
152 150
223 160
66 121
76 135
27 26
229 39
7 103
152 50
213 255
194 24
226 132
127 10
81 254
76 137
155 121
192 24
218 205
69 33
107 236
261 220
181 220
84 143
217 2
113 79
126 208
182 122
246 88
257 33
244 113
200 0
234 15
256 207
199 182
118 143
104 165
265 210
194 15
231 167
269 153
180 59
94 34
59 254
7 12
46 263
197 34
125 187
197 180
242 207
234 211
193 269
229 52
191 201
204 86
151 253
226 253
209 111
246 193
148 39
91 244
174 226
178 163
247 265
116 43
166 238
174 202
269 142
168 54
170 88
5 144
174 243
101 204
40 56
44 221
169 162
197 164
229 30
6 133
81 67
45 102
47 12
253 4
115 86
83 55
118 87
90 53
253 134
20 54
261 122
83 233
176 55
178 110
123 193
163 268
195 122
170 36
264 256
130 132
83 218
12 77
173 107
209 60
125 168
140 234
124 176
76 104
265 212
120 168
162 189
219 101
179 243
190 248
124 253
245 20
22 101
227 101
42 135
46 62
5 103
169 114
48 177
205 154
213 156
8 145
106 161
148 75
66 84
152 142
195 100
189 32
209 197
196 171
6 173
147 131
150 213
10 79
181 76
34 208
158 236
61 171
180 88
248 138
257 139
186 179
269 192
193 43
240 11
90 10
36 118
45 140
62 126
260 57
52 193
221 169
105 117
18 168
4 27
251 237
196 110
258 114
103 54
165 44
172 168
84 166
259 134
95 183
202 92
247 216
169 151
121 20
137 42
56 107
160 50
216 58
51 258
207 205
93 134
189 231
181 40
210 258
126 151
42 59
256 59
3 9
203 155
25 144
2 214
210 87
45 45
118 222
166 37
46 32
13 236
117 190
259 97
172 28
117 37
39 227
34 21
228 129
89 238
150 187
176 184
3 196
244 253
9 104
23 82
203 29
217 203
46 113
148 56
78 247
168 44
152 257
87 59
250 58
264 107
70 262
133 178
249 191
240 127
213 154
37 186
96 152
22 58
22 31
134 118
96 32
167 75
125 69
90 220
111 142
171 32
180 138
250 174
96 71
257 174
201 267
247 157
17 13
179 89
158 248
250 223
8 168
51 249
232 201
254 143
226 197
91 141
215 112
179 50
180 93
192 30
53 202
210 115
110 182
245 22
54 174
228 169
128 255
195 89
90 124
153 63
158 121
226 190
180 181
268 46
93 97
165 246
262 10
31 96
232 262
226 56
152 216
121 89
170 253
188 47
20 155
40 16
12 175
2 262
260 80
215 85
79 253
134 41
224 257
243 6
148 176
228 200
205 17
9 161
204 168
182 165
53 10
201 196
124 219
265 261
10 66
23 138
178 161
167 55
161 154
22 267
4 37
198 103
146 80
189 54
70 171
218 52
137 81
175 0
141 43
87 74
0 15
148 223
197 63
260 206
80 213
244 155
206 148
151 222
192 41
72 95
262 8
50 152
268 129
64 48
187 55
6 146
52 156
93 6
53 162
48 215
179 260
21 145
105 251
125 15
238 87
34 80
58 19
51 197
83 263
95 80
182 139
94 264
91 31
139 149
220 20
174 182
219 171
154 239
149 67
180 52
49 40
19 254
49 94
232 91
25 212
254 16
108 67
212 18
79 229
90 183
104 170
252 10
4 262
9 81
204 76
163 40
75 2
109 210
129 153
28 191
178 20
26 41
152 106
225 7
162 164
173 128
13 180
230 60
122 206
187 28
57 196
105 236
107 15
42 137
23 250
115 170
80 174
73 228
116 74
59 134
270 83
97 231
249 99
161 198
86 63
252 77
160 216
241 44
158 92
33 14
20 160
30 205
216 246
188 265
48 47
46 107
130 151
223 10
134 199
138 106
136 118
266 238
149 182
247 178
255 81
173 170
220 207
196 77
133 209
112 12
19 185
12 115
180 170
254 60
265 120
254 64
114 128
111 99
259 74
246 125
41 87
135 268
234 116
140 168
159 212
43 102
228 230
40 155
33 186
119 245
169 268
91 41
45 220
3 70
154 199
253 22
214 109
160 7
181 177
166 9
196 133
99 211
152 175
175 15
187 62
85 118
167 242
78 18
121 120
33 245
196 92
49 101
213 237
122 223
236 48
105 143
157 111
237 235
54 62
239 29
73 141
204 226
176 21
160 127
230 144
217 192
166 185
180 77
63 109
21 25
264 194
10 232
162 126
164 210
142 156
4 159
196 167
85 213
246 127
251 149
119 104
15 114
269 215
70 102
69 188
55 111
129 222
250 33
187 247
257 195
257 12
216 114
48 37
148 183
219 254
88 79
262 56
180 256
237 99
182 210
106 170
165 129
98 261
143 108
150 192
19 158
199 78
97 196
114 61
141 107
66 176
265 63
224 139
46 136
113 232
117 171
174 57
96 215
255 119
169 12
233 124
114 195
174 125
66 72
22 114
62 133
189 198
151 127
62 58
107 149
230 46
108 270
16 124
126 4
79 28
150 97
46 89
232 104
192 6
130 30
47 149
99 50
82 22
256 166
166 157
61 109
13 247
174 110
119 227
70 142
223 146
207 29
72 160
52 56
47 200
44 257
59 170
190 48
33 217
7 180
242 63
131 218
41 73
45 82
262 261
245 143
220 180
112 22
71 221
101 182
153 76
188 49
203 61
80 41
242 105
250 137
82 181
93 152
166 30
150 88
62 244
129 117
230 115
262 166
93 14
40 270
160 109
88 68
170 189
34 93
39 260
85 38
32 5
221 250
15 174
18 21
211 210
258 82
58 183
188 178
72 230
67 159
233 27
75 24
139 214
75 155
198 134
205 114
218 237
109 174
70 82
189 28
161 176
111 104
73 36
58 143
254 48
47 70
71 53
253 69
171 162
203 255
13 52
84 189
131 270
122 176
95 111
29 72
20 4
77 90
106 39
260 102
66 30
43 230
70 6
186 186
138 226
184 39
144 47
175 265
200 5
2 41
199 28
170 224
134 73
219 242
96 220
234 256
87 105
64 22
212 122
24 252
37 163
236 2
225 182
217 48
217 40
143 235
213 65
71 140
245 231
155 17
177 265
136 183
180 33
34 34
39 128
183 221
134 153
112 150
6 166
220 110
40 199
22 237
77 193
3 189
59 129
238 121
192 15
213 25
27 72
145 252
31 60
18 72
234 91
3 107
220 195
41 24
193 69
23 7
30 221
75 84
176 172
198 142
70 94
179 150
119 164
208 5
116 172
222 46
70 62
185 3
256 76
106 159
50 139
91 75
127 145
123 40
109 100
177 249
218 63
21 88
263 67
38 170
263 228
144 176
61 233
112 145
15 264
183 30
171 108
178 52
157 31
207 61
164 196
218 230
153 121
234 96
96 163
102 152
177 62
185 268
106 243
73 234
36 166
67 28
234 17
129 141
266 268
146 27
43 139
235 249
40 95
43 16
27 161
230 137
9 61
122 100
29 30
67 119
195 49
238 191
190 264
206 4
189 9
140 53
27 152
156 249
32 157
240 209
90 218
215 26
29 21
248 63
147 19
28 40
244 63
219 228
15 0
22 61
125 197
193 13
61 202
166 240
193 148
195 6
100 85
219 244
151 46
179 241
102 162
134 157
211 218
251 229
36 128
96 76
107 54
218 172
205 52
29 61
254 50
261 205
77 157
183 77
39 87
51 23
258 35
253 269
172 180
237 267
259 109
167 130
79 67
33 97
49 170
214 5
139 236
159 180
73 206
213 34
251 70
11 210
126 177
47 259
177 194
81 204
22 72
225 120
166 151
261 27
51 241
233 138
267 26
90 114
167 33
181 261
137 244
181 258
253 24
74 165
113 262
197 249
0 127
9 269
35 37
258 231
121 178
16 104
93 23
72 217
140 260
0 218
212 7
48 213
119 121
71 39
157 171
36 150
232 57
229 121
107 234
3 179
144 41
129 159
213 196
75 127
23 219
41 5
141 143
215 236
252 159
215 226
77 28
136 51
17 162
177 121
232 7
221 55
266 96
12 252
259 62
50 177
208 209
269 16
254 87
243 35
247 0
16 181
224 219
32 102
246 155
35 106
43 191
187 110
235 33
79 235
54 130
141 222
100 192
75 21
121 48
196 207
264 81
191 270
126 166
254 228
196 10
109 202
176 110
121 24
225 240
143 222
160 33
184 170
175 65
103 120
35 55
114 1
184 101
269 213
31 245
240 23
196 143
98 48
149 222
103 239
188 73
6 129
269 135
87 212
240 194
261 177
17 139
45 80
37 214
172 189
104 17
232 25
42 88
153 71
17 179
158 88
265 124
253 169
27 31
168 219
163 45
7 211
75 175
245 262
5 6
69 75
83 229
8 65
19 139
206 43
112 255
47 8
262 241
29 164
213 75
189 95
139 207
213 73
125 185
114 7
193 252
60 10
59 48
225 110
79 143
225 221
158 244
68 244
105 75
165 90
21 52
227 176
125 114
0 241
269 43
60 103
208 191
26 53
50 231
49 50
84 19
128 204
120 32
130 190
177 207
143 90
84 28
83 123
137 91
31 81
250 94
47 224
157 265
125 237
28 206
246 10
248 203
87 256
91 48
101 40
215 249
0 48
265 234
164 14
264 265
120 162
108 59
61 266
182 105
53 54
1 52
46 265
255 247
244 106
90 100
43 11
53 192
94 231
185 18
44 15
241 182
250 256
128 238
9 202
108 92
221 11
251 214
44 154
32 263
91 94
154 113
133 264
25 4
165 109
53 248
131 216
57 117
130 192
88 37
151 269
26 231
235 231
117 3
201 55
192 262
227 120
8 209
19 34
232 264
137 179
153 78
201 16
215 135
251 221
39 106
5 115
56 121
225 247
60 222
121 107
109 15
97 146
74 92
96 190
260 18
139 120
154 230
220 154
21 127
228 222
126 33
33 134
92 233
24 231
229 148
173 147
129 266
112 185
140 95
23 124
37 193
206 38
116 152
214 127
142 231
215 157
56 183
32 243
193 163
59 50
61 239
198 146
203 19
120 235
125 257
21 56
229 14
28 44
226 195
193 241
114 15
258 116
258 186
256 121
218 247
117 210
128 71
1 147
33 164
44 180
58 251
220 25
82 209
56 190
15 2
192 164
256 99
254 2
26 49
92 132
31 159
64 124
267 48
121 46
224 166
53 60
27 195
238 164
236 191
261 84
44 178
203 80
210 93
55 66
105 186
49 179
138 250
115 55
252 96
179 258
168 118
269 93
199 202
179 12
55 177
221 119
0 192
240 69
112 63
93 119
237 130
82 61
67 80
167 18
54 92
79 220
206 212
10 259
76 202
160 35
147 253
116 19
211 33
90 179
1 257
78 222
225 77
85 263
103 154
8 248
80 38
121 192
132 205
224 131
125 202
64 35
0 201
100 213
1 59
127 56
139 243
43 21
148 30
134 180
53 112
213 23
186 120
117 71
20 105
112 213
222 183
215 102
264 177
250 160
120 251
24 259
151 67
174 143
41 145
201 232
78 207
153 154
258 98
126 112
113 33
142 93
8 5
145 196
237 190
9 70
149 86
231 93
86 200
150 154
131 126
48 18
204 254
137 71
30 58
81 77
150 20
34 199
83 179
133 86
50 150
257 234
223 224
133 5
48 175
60 20
104 243
88 88
81 258
175 63
161 3
78 89
31 141
158 63
249 177
201 161
267 113
162 117
184 16
120 113
97 34
47 247
92 175
41 22
236 61
238 27
40 60
235 0
214 138
88 84
157 267
169 84
252 215
33 227
6 171
215 48
75 177
184 14
236 68
70 240
220 5
133 43
91 17
51 270
264 236
153 13
144 43
107 75
153 104
178 257
81 125
71 152
86 207
238 68
76 43
255 152
38 175
3 166
44 253
248 50
140 16
154 257
63 79
134 11
246 90
132 185
38 113
178 44
119 62
119 136
178 250
62 173
152 164
109 114
33 233
86 15
67 134
129 268
168 206
61 154
183 214
64 183
41 216
223 133
163 3
91 148
10 204
22 147
89 126
80 59
77 109
81 27
249 70
67 153
269 7
91 37
115 207
234 125
155 159
100 157
226 107
24 188
61 29
209 265
254 249
0 173
208 171
8 108
144 267
144 170
202 234
104 153
61 261
130 130
44 69
2 125
238 82
190 171
4 229
60 262
259 141
109 121
212 40
94 15
61 51
261 37
162 32
143 196
210 254
46 177
80 103
173 269
257 152
204 247
225 199
69 254
68 180
247 188
74 22
221 67
21 200
165 176
208 103
238 54
10 138
259 71
221 15
267 203
64 210
203 185
162 106
85 268
253 158
184 229
103 43
67 92
24 113
231 255
85 94
125 138
49 99
149 143
215 154
95 119
136 70
51 13
82 193
197 202
185 125
233 142
244 134
98 198
49 236
208 132
237 179
147 155
67 237
58 46
46 18
7 75
162 180
136 73
12 154
34 95
16 229
225 55
213 27
58 259
36 81
81 15
187 250
106 111
234 184
74 245
88 195
259 190
56 116
209 88
26 175
34 111
186 158
232 20
99 76
55 132
153 148
159 210
86 147
118 235
207 104
95 12
17 227
210 179
24 217
0 162
247 237
50 255
218 132
262 144
139 74
3 148
140 184
50 87
25 205
179 233
98 200
127 198
195 141
34 260
201 30
103 182
108 237
231 226
71 109
104 134
48 235
133 251
122 183
33 171
118 109
171 0
91 266
231 250
137 125
180 100
135 195
205 186
27 116
40 238
215 168
127 153
184 182
181 128
182 68
98 181
92 268
261 225
59 117
72 101
269 66
157 254
72 261
79 65
192 243
57 240
63 199
146 216
15 27
23 23
56 165
89 60
162 224
249 121
14 142
227 43
8 229
167 265
88 178
206 35
237 216
117 105
146 110
68 167
173 69
238 76
60 112
114 117
114 186
179 195
251 168
230 155
119 53
259 233
159 199
228 213
233 199
17 91
191 243
138 62
63 150
43 23
239 102
230 219
200 209
252 103
212 242
77 130
207 262
202 117
92 89
166 111
1 249
57 162
23 90
110 193
205 180
145 53
60 73
95 178
204 249
187 125
224 41
55 188
120 223
17 76
53 263
173 175
18 54
252 88
63 186
51 218
146 170
212 149
189 149
178 225
204 164
181 28
137 149
117 49
254 179
124 7
172 149
30 49
22 66
233 156
78 140
187 50
190 217
158 185
138 265
56 109
213 100
26 88
163 115
237 197
267 188
245 165
83 16
131 222
44 49
162 178
212 147
28 249
231 178
224 125
106 88
39 195
55 40
35 82
208 38
207 146
45 25
157 114
230 182
43 50
243 44
23 241
99 136
27 150
80 266
103 35
199 124
83 34
246 82
159 94
60 127
161 230
181 74
186 239
223 0
114 11
7 222
24 111
210 109
233 170
199 161
65 110
174 77
237 175
262 21
106 212
31 237
101 35
245 99
238 52
232 75
228 26
66 91
7 254
83 72
251 155
240 243
99 263
46 245
203 113
112 123
26 128
233 161
48 55
260 116
17 205
21 120
172 220
171 198
134 69
43 153
31 259
126 143
26 202
119 166
173 49
85 251
190 29
80 4
147 96
57 171
227 78
27 258
243 213
113 48
230 141
67 242
1 225
16 215
104 180
147 2
199 216
194 92
201 28
16 187
65 252
177 138
108 208
84 85
34 128
56 83
96 268
84 133
174 155
83 44
231 165
20 118
262 156
189 166
25 200
100 166
219 115
12 103
178 22
222 185
121 137
122 58
60 55
249 242
159 231
77 46
239 144
11 128
88 148
197 79
95 21
74 252
103 126
127 168
196 16
262 232
238 127
78 115
53 199
220 84
95 260
181 161
187 263
16 233
69 134
221 232
240 63
188 158
59 1
114 96
99 106
228 108
261 237
118 141
218 127
2 98
180 3
188 249
46 161
75 36
96 208
177 262
202 200
136 38
128 158
15 129
182 238
207 83
258 145
236 90
224 19
1 39
154 94
221 88
166 139
30 174
190 93
100 141
164 171
227 171
60 46
210 143
206 118
39 36
147 244
19 178
267 208
85 177
44 93
49 259
197 8
148 213
94 201
98 126
1 239
43 258
176 198
236 228
171 244
238 178
1 42
212 98
39 215
148 121
221 181
37 139
97 43
95 155
171 222
7 0
182 101
72 180
134 260
158 86
201 23
265 38
181 78
133 236
64 107
160 222
81 91
95 266
231 110
92 146
251 269
99 27
223 236
9 57
50 39
159 45
70 113
185 65
203 264
226 155
154 79
117 245
147 149
91 246
44 142
137 14
149 152
109 60
96 41
228 73
25 74
149 130
186 206
124 215
256 252
216 268
154 175
5 147
14 140
126 149
30 117
20 123
172 77
200 90
267 239
48 185
129 65
94 256
38 65
191 83
247 52
240 215
46 230
1 4
67 53
238 256
92 99
199 58
219 96
151 134
102 229
166 11
260 64
15 8
268 55
22 194
86 225
130 112
174 207
29 91
268 121
203 158
187 104
109 3
80 36
144 269
263 94
236 257
78 269
74 98
111 46
198 174
247 241
76 215
91 1
12 240
39 157
146 200
19 106
248 127
100 94
136 79
67 67
43 31
220 238
28 35
108 79
146 35
254 29
222 230
42 207
31 155
137 251
94 70
179 213
31 67
53 188
270 81
259 225
112 230
197 46
5 158
60 136
251 130
3 111
28 22
262 31
166 53
137 127
96 64
150 135
266 256
192 229
158 250
1 251
215 133
249 238
60 215
115 93
200 26
178 99
189 67
101 51
255 4
227 38
65 81
91 64
79 155
86 79
98 91
239 104
61 251
184 197
161 256
268 20
119 86
213 94
65 46
187 229
97 6
197 237
228 67
172 208
1 112
261 86
42 179
140 106
17 62
128 248
131 19
165 201
138 19
58 221
229 132
113 164
13 211
53 47
212 51
268 131
7 68
9 132
190 37
243 18
28 125
72 72
26 47
263 260
149 211
94 28
208 207
0 86
156 247
246 172
115 244
127 43
241 113
240 37
102 115
164 160
140 99
154 169
169 21
63 105
169 102
108 52
112 132
257 184
131 209
66 117
242 242
24 84
65 206
9 207
12 26
25 18
177 235
227 127
35 92
207 25
107 155
85 56
215 3
43 182
202 149
169 255
71 169
169 75
173 96
22 54
59 257
170 237
77 230
154 51
206 260
260 260
38 154
186 147
181 214
208 154
29 57
130 91
50 206
110 80
17 255
103 69
218 80
248 119
238 224
162 202
58 78
97 237
194 263
84 220
169 94
263 143
246 68
111 221
261 128
91 135
160 78
173 46
268 42
257 161
64 126
198 77
64 191
256 94
258 3
168 90
220 72
158 204
130 226
229 84
85 223
222 171
65 229
126 132
86 241
258 75
108 32
137 123
25 26
85 1
269 140
222 131
136 199
144 225
110 28
4 142
63 229
223 33
211 113
99 197
152 166
217 217
41 206
183 266
223 264
263 178
6 262
243 4
161 226
261 142
191 68
153 254
243 98
132 242
159 239
269 181
242 124
141 17
119 200
0 197
170 239
32 200
191 132
77 180
97 98
180 114
201 230
20 31
198 248
141 64
191 209
263 125
267 67
197 111
268 76
182 117
67 187
235 235
169 65
200 195
11 230
252 217
219 68
265 148
147 91
224 145
26 0
170 160
