99 215
99 155
76 106
83 149
203 171
257 267
145 238
206 88
146 22
14 150
233 130
268 137
202 167
217 164
180 44
107 127
261 245
104 103
104 58
146 100
124 64
120 111
191 149
259 118
82 19
119 26
208 228
216 270
129 240
124 81
169 264
74 80
107 241
99 240
17 120
268 105
220 263
121 122
189 44
117 94
182 241
29 33
24 181
172 210
264 153
112 256
267 22
163 213
50 236
238 37
79 4
194 216
119 4
248 207
72 14
16 11
47 55
257 5
240 111
206 155
103 218
213 194
186 63
127 190
198 168
78 61
263 42
156 222
95 39
57 9
149 58
217 84
4 233
98 258
6 100
197 122
234 202
167 179
73 148
270 262
194 159
193 255
154 24
38 249
9 21
45 20
158 127
112 158
106 37
37 143
161 252
145 98
231 199
58 79
175 156
187 163
256 37
166 3
31 89
210 170
96 175
27 238
161 69
255 126
220 52
71 157
214 48
158 150
179 75
234 21
154 158
172 4
263 270
261 16
57 97
66 0
81 52
252 182
240 202
134 39
15 22
56 87
48 201
195 228
80 118
142 191
96 242
121 246
60 183
15 67
116 149
109 40
252 72
31 226
246 80
204 210
5 51
240 242
174 61
263 127
142 122
178 106
66 52
128 242
17 74
262 160
63 103
153 115
266 160
238 176
205 6
52 95
98 235
119 145
116 200
20 206
137 37
59 149
245 201
180 270
67 266
122 123
126 159
133 172
245 105
5 236
161 56
196 81
51 124
106 81
259 200
215 39
64 139
205 19
62 260
75 70
110 116
232 125
245 45
8 25
48 148
37 152
156 151
18 214
261 82
26 131
119 189
92 27
123 25
6 46
230 68
270 217
217 82
82 183
259 196
234 215
163 190
204 149
21 62
61 61
214 29
218 176
253 198
24 148
15 200
232 136
150 106
232 108
82 168
176 8
153 1
182 32
11 39
248 9
159 129
168 116
34 262
130 116
46 214
194 16
20 129
109 258
166 171
208 195
16 32
121 170
183 246
183 205
226 30
68 18
242 99
266 78
77 55
244 125
3 59
31 17
176 154
142 185
227 163
31 185
213 214
119 151
230 75
69 64
247 117
270 131
11 208
59 215
226 242
10 216
141 22
35 225
33 68
201 204
136 195
14 34
236 205
25 129
166 23
255 155
97 155
51 211
262 66
197 98
61 80
205 244
226 233
157 101
1 157
261 187
205 234
113 177
176 263
66 205
192 181
36 171
236 119
124 4
9 230
213 245
194 184
244 123
35 217
141 134
79 197
7 16
7 67
35 18
38 48
79 251
8 93
42 229
74 118
229 198
187 26
131 15
130 44
71 71
112 262
154 45
55 225
256 53
23 189
106 250
243 245
263 44
262 207
118 124
122 69
189 116
18 225
214 148
52 195
237 135
39 162
217 112
117 194
97 203
233 270
74 7
170 179
69 148
88 184
99 87
159 149
126 51
138 52
178 14
196 238
195 97
160 12
36 26
151 267
76 222
50 69
46 16
106 119
18 195
58 113
118 103
20 111
185 15
108 46
241 18
118 65
172 188
101 83
73 251
75 92
219 86
160 63
125 20
108 81
133 234
262 250
133 111
41 42
29 143
107 129
19 163
149 9
267 153
208 64
240 15
47 20
256 89
58 110
105 98
237 230
96 54
242 174
51 114
191 230
47 222
116 174
101 77
23 78
82 230
105 256
182 20
190 20
54 94
201 265
29 257
113 131
135 62
117 67
106 238
14 214
215 83
29 200
259 132
237 0
6 260
45 127
153 197
148 175
222 209
85 60
212 126
235 26
217 207
10 189
52 74
195 233
224 149
213 46
208 221
236 109
248 112
114 136
159 18
54 126
91 216
209 130
10 15
240 27
66 26
211 246
77 262
72 130
106 164
173 151
47 169
195 12
196 5
55 172
85 40
159 4
267 5
147 37
135 250
264 56
63 2
19 94
267 221
50 8
197 113
120 69
110 5
72 122
112 219
19 228
136 106
197 137
170 86
113 244
57 247
22 175
65 55
138 74
225 130
119 170
182 47
97 140
108 196
266 56
161 136
238 188
245 42
25 54
256 114
193 91
158 38
17 4
217 155
163 79
249 128
5 211
128 97
53 29
48 64
184 194
114 242
121 214
52 263
135 108
35 130
178 63
84 62
16 95
224 86
168 51
242 2
269 10
182 147
4 45
213 9
70 104
140 1
261 179
131 237
164 107
146 183
110 250
232 29
43 111
103 125
183 75
51 128
7 133
104 56
35 151
79 117
214 161
46 47
163 68
5 185
243 156
233 87
152 69
170 230
268 175
120 252
182 70
151 230
79 215
131 161
44 228
70 235
77 224
57 166
173 253
46 228
172 201
107 63
88 216
97 4
257 74
253 164
40 268
20 71
113 195
260 20
29 195
120 116
27 129
155 112
23 247
160 121
145 76
91 151
55 37
102 28
134 51
260 49
117 182
53 33
270 166
172 57
48 118
137 219
91 9
105 88
160 43
86 84
113 87
91 234
122 33
61 31
64 130
167 135
1 88
102 214
265 269
29 66
15 198
267 30
102 240
100 209
91 57
191 60
265 69
259 89
231 120
57 231
186 181
188 196
217 187
242 255
65 237
100 252
230 263
61 63
14 270
141 152
64 65
155 123
198 60
66 34
168 49
203 51
143 32
62 192
40 219
253 114
148 163
230 108
16 171
233 34
107 264
225 161
149 46
123 163
141 41
195 240
84 54
60 16
149 145
44 185
260 148
209 208
227 18
183 134
109 78
250 8
151 224
59 81
223 37
27 66
206 54
110 13
150 158
139 220
158 233
84 15
142 257
207 1
212 77
254 52
247 76
143 64
225 22
38 90
85 109
27 189
196 46
196 126
129 93
16 83
77 155
184 158
223 116
209 210
86 184
168 204
3 18
235 239
265 158
57 27
90 77
66 225
149 257
192 194
164 212
105 131
113 155
5 265
23 165
50 52
113 268
246 4
83 32
70 37
78 213
104 0
16 252
264 19
74 185
242 141
251 82
86 103
230 38
24 140
83 76
2 229
42 237
240 53
73 55
13 255
208 140
257 81
6 93
223 187
19 63
42 57
244 37
197 72
29 108
112 70
145 84
239 25
53 58
253 66
126 116
0 1
51 29
113 170
101 67
148 167
168 168
105 28
244 32
94 21
189 84
126 35
129 151
170 67
245 136
73 132
17 101
249 113
214 222
186 83
17 173
130 97
231 145
266 125
62 44
137 158
131 93
90 268
203 40
59 158
64 26
56 145
232 18
261 101
259 59
85 186
42 169
23 38
104 4
98 242
189 127
37 166
208 263
168 156
100 71
137 90
212 177
221 163
139 134
11 190
183 263
31 76
18 104
191 236
106 26
216 103
13 168
111 156
65 1
257 241
175 121
39 120
199 51
18 116
30 160
166 209
243 151
60 115
155 71
60 181
60 59
254 62
52 190
181 121
17 2
162 134
247 84
42 248
7 227
84 193
234 176
119 33
123 130
198 83
23 205
231 9
31 252
113 226
121 153
27 34
114 143
107 71
251 36
238 166
157 211
61 236
113 59
13 3
218 76
146 56
125 91
90 165
195 35
183 160
173 187
252 143
123 191
268 79
71 214
93 121
134 88
50 263
41 62
257 220
124 38
13 136
28 59
148 154
219 240
125 171
206 182
70 208
113 106
268 96
177 233
0 96
216 80
13 191
139 168
133 15
151 105
37 161
6 250
50 234
250 244
124 36
135 177
134 258
269 33
103 48
136 5
248 223
36 35
84 227
18 47
247 250
86 88
177 85
219 201
222 164
115 193
132 22
215 107
182 173
260 210
28 176
213 264
117 123
239 136
228 87
58 138
201 225
161 201
155 147
99 223
202 249
223 67
69 110
107 140
77 30
113 127
146 133
149 65
143 237
243 181
51 14
102 257
145 34
215 267
35 203
68 236
32 215
42 218
133 249
204 55
206 220
66 250
207 236
175 93
81 215
101 69
167 137
125 241
86 4
140 112
216 34
115 17
29 247
257 253
166 25
261 233
109 133
118 38
162 14
11 249
163 136
78 234
96 56
9 75
177 56
4 162
197 158
81 155
119 236
239 197
189 251
241 270
225 127
184 253
87 175
261 113
210 168
208 72
84 159
21 248
199 196
244 204
17 185
20 27
266 152
91 43
78 161
254 46
162 142
182 115
76 45
84 168
167 234
79 95
192 174
134 53
56 267
16 269
157 5
80 234
247 268
220 252
25 173
252 92
175 106
16 151
191 54
155 87
72 137
224 75
62 114
35 84
29 102
87 224
198 126
104 151
136 97
213 96
263 55
111 258
13 85
25 125
142 163
35 149
107 40
128 265
223 6
43 86
61 258
209 29
242 85
29 236
172 135
21 155
168 145
13 159
56 85
254 202
121 158
47 211
218 8
50 36
185 255
206 90
174 263
195 205
206 160
13 38
180 102
123 258
151 168
148 169
180 90
107 95
254 247
71 11
4 1
42 52
214 135
246 240
178 211
105 265
37 72
3 117
23 15
76 26
85 122
248 221
257 106
235 70
47 77
166 59
115 160
215 51
142 246
37 137
86 13
237 75
229 100
27 89
75 147
55 175
120 146
225 17
156 164
23 5
125 83
194 257
213 11
101 211
18 36
91 156
232 101
181 242
186 18
26 218
29 37
136 230
65 79
106 17
165 161
53 40
33 124
169 163
128 73
259 212
70 23
256 214
109 29
71 241
48 62
198 13
73 2
233 195
145 82
52 70
13 219
65 128
64 216
178 87
37 34
191 12
165 68
68 20
190 61
252 195
33 95
80 206
229 221
132 203
238 245
255 133
51 40
217 257
197 50
63 227
70 13
115 232
199 130
61 105
255 75
244 26
13 146
149 202
154 3
46 261
122 229
190 238
74 50
117 230
88 199
239 131
241 217
265 92
90 206
176 84
76 264
88 251
148 123
202 229
268 248
135 144
47 129
108 12
23 221
260 42
96 169
162 264
224 264
83 169
206 123
238 155
193 39
70 260
189 221
80 50
209 56
201 227
17 93
138 38
255 220
13 22
205 166
244 127
211 149
18 26
180 218
127 90
130 248
37 15
111 232
78 120
167 263
142 53
178 164
8 80
26 84
94 132
8 70
265 170
199 85
83 0
18 160
49 223
140 258
118 150
112 26
245 152
89 21
121 76
204 260
248 172
254 233
175 49
100 105
160 27
78 57
231 64
250 40
102 247
227 216
70 96
176 142
82 226
171 95
215 181
216 91
234 38
67 69
17 68
270 148
133 126
163 50
240 119
37 173
141 242
17 85
191 21
237 77
122 217
17 223
186 212
148 28
98 157
216 89
93 147
90 185
39 269
251 18
156 99
121 101
248 197
36 58
248 68
160 57
178 101
16 44
143 142
52 110
80 164
126 76
47 10
188 238
169 131
3 102
34 235
5 17
65 262
139 216
89 23
41 192
41 121
129 54
45 198
117 34
52 48
220 142
71 239
121 19
1 123
88 3
78 178
265 16
265 144
11 241
123 242
106 12
156 127
172 133
244 82
0 94
113 211
210 228
51 118
234 35
9 211
94 175
212 108
183 59
0 117
162 166
213 219
202 255
236 169
206 51
172 111
65 199
85 44
40 130
260 25
202 75
49 45
108 89
38 262
117 8
217 196
31 115
219 226
234 81
77 1
45 191
146 24
225 73
153 237
267 240
148 217
190 207
220 161
106 133
121 52
12 150
139 18
252 141
8 83
227 32
173 15
1 22
116 197
231 269
14 83
113 162
82 68
87 148
13 182
57 151
157 72
189 176
1 73
106 107
233 213
261 147
152 48
158 51
140 8
143 69
29 141
134 46
197 152
160 165
220 8
216 60
167 110
159 31
182 119
202 81
159 136
265 85
24 198
262 62
193 150
209 47
29 133
31 6
247 260
235 138
128 41
72 87
17 66
235 217
64 214
129 236
54 45
149 52
19 49
17 247
78 122
266 209
186 93
27 264
203 138
115 164
37 127
179 200
212 161
0 16
243 158
171 118
112 60
266 146
70 83
178 151
247 70
223 72
76 157
219 156
37 96
246 134
220 121
139 267
47 66
61 98
0 134
252 196
38 70
32 213
88 47
149 60
56 143
70 183
260 5
247 142
187 119
235 186
128 223
119 108
0 264
59 21
259 171
25 216
177 29
263 64
225 59
115 77
34 205
206 233
158 131
207 130
261 22
121 205
86 101
199 224
229 174
67 221
221 109
126 85
235 130
97 11
2 47
239 189
137 215
217 157
130 62
175 67
139 140
194 133
232 210
114 191
240 188
18 239
39 242
183 162
34 253
225 0
0 34
87 122
202 210
182 37
179 208
128 133
72 150
187 132
70 122
50 194
60 85
33 81
164 143
144 110
64 37
163 227
3 219
9 140
254 55
185 263
211 226
117 53
247 208
21 125
180 19
153 227
43 113
53 160
83 108
100 98
80 185
168 67
48 90
142 147
261 199
96 28
178 25
71 75
136 156
22 110
234 148
260 104
129 203
182 52
130 157
22 35
126 22
228 28
231 88
134 155
44 79
174 17
123 236
98 213
22 262
94 128
14 123
25 85
54 220
204 214
192 77
251 157
7 150
153 8
102 245
152 4
128 215
159 144
195 259
151 152
23 173
139 151
248 232
210 256
111 112
142 66
127 188
137 197
46 22
53 259
125 235
11 75
164 267
215 74
130 64
57 3
220 205
13 54
148 165
211 250
265 142
147 197
142 262
90 239
0 136
191 170
48 243
76 122
152 12
229 56
138 97
119 57
219 82
151 255
238 56
1 166
248 4
165 258
9 221
144 140
17 132
7 213
191 221
43 160
70 242
270 77
261 120
165 99
43 95
59 127
193 50
222 79
254 27
12 47
191 31
178 221
39 109
83 141
263 180
8 27
127 160
56 119
112 68
15 185
26 223
128 3
75 142
62 20
236 87
214 220
120 149
223 249
233 58
237 55
130 217
29 79
91 7
53 257
224 262
239 17
30 109
190 115
210 252
157 97
116 242
232 197
160 14
232 156
202 189
218 199
118 134
120 64
48 144
121 194
56 75
4 172
231 118
219 207
160 22
262 138
251 56
105 96
46 239
198 17
84 80
161 187
169 245
112 136
161 149
133 71
8 61
156 38
230 251
254 138
198 8
66 82
69 60
50 107
175 207
147 98
1 109
54 128
265 54
21 103
48 0
233 178
43 117
195 88
154 40
76 169
218 231
210 141
93 141
45 159
66 57
172 258
9 240
253 118
243 108
204 132
245 185
64 235
86 120
199 261
146 13
224 144
78 133
159 64
63 236
7 123
104 95
160 225
203 143
49 11
55 204
229 210
70 73
108 182
84 270
116 118
202 174
226 140
24 212
137 139
256 3
120 131
79 159
30 181
185 190
138 82
95 134
202 55
125 259
0 120
170 69
113 92
40 81
104 269
58 172
124 108
25 2
211 205
29 261
73 200
132 5
183 155
139 12
245 263
147 161
33 126
90 201
14 24
51 93
184 146
133 165
18 82
227 82
174 134
245 150
126 227
83 21
136 89
158 201
178 129
48 97
143 206
4 228
229 245
68 89
202 262
209 82
101 230
261 208
167 150
133 187
121 41
245 249
212 256
43 205
6 165
201 235
116 221
249 186
41 51
159 6
120 23
224 108
104 12
160 255
123 265
196 13
151 238
213 120
78 86
211 67
249 76
69 130
175 147
5 204
200 67
221 259
129 194
130 5
74 183
76 260
168 74
32 165
225 159
89 130
231 246
263 12
173 193
7 51
236 36
149 206
223 182
229 208
62 84
54 245
228 155
79 85
203 100
243 229
29 204
158 240
133 242
85 202
69 258
236 21
264 96
76 131
247 231
31 123
266 46
141 117
8 244
132 227
48 83
75 41
128 192
200 220
131 170
169 234
142 253
80 80
22 39
20 101
61 22
39 206
29 106
237 60
219 70
5 19
222 149
114 149
76 164
250 258
13 157
156 192
267 236
227 60
179 1
72 212
90 55
214 131
121 144
64 226
150 175
244 59
208 35
24 46
259 26
109 104
49 254
226 166
226 42
26 269
30 243
63 262
252 150
237 4
34 3
163 223
189 26
54 84
132 45
245 84
211 172
68 123
80 247
124 263
109 187
56 197
269 40
246 215
234 158
65 53
34 41
46 108
19 14
12 168
160 92
78 104
48 138
227 22
203 187
102 34
150 89
79 52
37 66
74 192
23 200
38 244
39 16
247 176
136 228
113 160
216 5
23 146
111 76
94 52
151 117
76 171
111 53
7 86
234 251
159 97
141 136
193 201
237 243
66 92
78 48
175 189
239 160
61 72
232 14
191 147
215 265
201 18
35 208
180 37
60 193
215 35
66 208
51 126
254 90
151 226
28 212
188 182
68 14
53 16
202 11
250 226
239 129
72 124
172 160
203 10
68 198
99 83
207 244
236 237
181 232
121 97
226 28
180 67
241 54
133 124
261 118
25 214
182 185
151 240
150 8
198 205
21 190
225 188
187 4
203 98
254 196
141 12
70 268
36 249
27 79
48 140
262 189
115 251
246 233
210 107
192 133
236 6
150 108
172 177
124 57
266 24
100 112
127 83
71 61
0 58
141 266
170 209
39 51
265 119
253 189
31 11
41 40
122 151
0 66
218 19
95 139
35 72
12 238
161 125
148 178
195 187
98 208
120 261
33 148
11 132
265 94
199 204
16 195
242 52
21 14
122 55
85 232
137 264
168 153
22 234
137 34
205 178
169 120
39 42
113 234
222 161
193 27
120 172
168 247
264 75
67 262
219 140
157 228
121 129
132 58
236 41
219 6
266 192
106 121
147 33
226 49
181 124
169 47
45 157
85 132
55 239
124 60
102 195
196 48
203 269
187 140
161 105
161 114
166 15
35 223
176 57
57 222
48 152
157 191
165 256
105 263
256 201
266 20
73 13
185 156
213 116
95 64
181 212
6 44
106 86
59 18
29 28
12 173
215 165
240 211
41 14
68 132
99 250
83 91
242 145
228 255
15 92
203 127
92 227
50 3
77 220
96 133
212 115
17 64
49 2
78 191
66 230
234 108
41 113
239 91
12 216
139 199
208 55
214 225
150 91
204 201
182 18
257 125
111 248
89 261
102 95
190 164
61 221
33 7
118 173
182 85
125 164
185 269
244 90
59 147
127 110
31 150
185 119
33 78
155 268
212 220
78 185
4 61
137 134
135 100
155 149
248 244
111 121
168 122
224 205
147 265
158 99
256 51
201 238
22 112
40 48
60 220
162 5
165 221
64 86
249 209
154 143
20 183
212 95
112 217
156 52
187 128
135 160
35 258
167 102
240 45
119 133
153 123
168 238
111 210
52 178
147 114
241 268
93 254
126 3
91 193
138 122
225 35
99 89
219 34
192 4
49 256
28 17
231 192
163 109
238 162
44 206
170 256
127 74
155 105
64 231
222 247
210 181
196 40
33 76
159 218
196 58
245 144
70 181
63 174
155 207
128 184
36 13
235 267
110 172
148 44
71 18
163 114
56 153
4 100
0 214
35 8
261 32
45 267
150 179
0 232
247 105
109 50
150 34
17 263
169 155
12 66
112 270
9 73
208 166
144 23
16 56
69 29
184 133
199 236
35 145
162 88
128 35
239 113
5 94
213 266
188 71
14 121
27 148
74 201
64 208
252 227
195 116
29 11
197 204
62 36
263 244
113 77
108 176
265 102
210 139
199 213
238 228
44 177
91 32
80 115
95 187
149 229
152 82
245 209
159 205
59 213
203 212
153 19
95 69
152 264
54 60
257 147
242 110
142 145
249 251
255 157
24 262
22 33
62 46
90 81
140 130
255 25
33 144
80 144
255 253
187 156
99 39
23 154
98 93
23 134
105 172
255 104
111 30
240 181
99 230
80 157
245 6
46 170
58 68
268 256
87 220
31 29
186 237
19 52
187 98
39 33
132 196
61 197
120 213
236 260
108 30
81 232
268 267
167 232
85 66
270 93
13 263
11 85
234 194
207 197
56 114
247 190
40 208
31 217
46 120
36 40
137 217
233 103
94 115
224 102
15 18
126 229
54 190
217 37
142 202
183 175
141 80
168 112
45 71
105 155
186 9
130 215
96 8
31 197
225 225
191 188
202 102
148 88
227 150
210 166
98 5
244 255
193 221
48 166
224 92
29 117
112 203
138 191
167 94
180 5
111 223
80 17
94 63
78 59
253 183
176 224
123 199
49 6
39 182
148 204
81 259
152 31
194 59
27 96
33 66
157 81
92 238
23 163
197 266
146 20
247 40
84 112
13 193
172 199
143 135
192 104
5 218
149 156
25 79
65 116
231 207
40 236
128 66
115 181
92 205
59 227
9 257
246 124
128 60
42 69
104 43
234 7
76 34
24 40
47 113
25 195
215 37
32 178
78 237
148 19
210 65
239 204
67 245
68 194
6 91
224 106
178 142
149 191
172 239
88 96
187 168
140 45
214 141
134 63
44 265
55 64
177 94
157 185
267 43
192 267
111 25
56 50
8 178
166 224
233 159
242 218
224 259
270 101
118 44
136 53
123 21
226 134
2 66
58 75
156 21
266 171
24 62
260 90
1 149
12 250
28 65
201 148
241 60
202 219
70 20
26 210
258 255
88 191
45 222
242 58
1 200
78 131
161 53
179 27
56 238
4 73
38 107
89 193
268 83
97 110
29 151
203 179
35 252
131 233
233 146
249 126
0 61
24 9
218 25
64 151
267 225
254 21
215 57
144 216
266 18
163 77
261 154
155 229
222 268
50 32
95 113
190 125
116 206
258 91
60 143
55 93
186 227
209 2
257 207
105 177
173 222
165 78
257 262
244 65
150 265
93 224
267 143
139 142
107 6
246 53
135 248
165 205
197 175
55 8
264 87
238 255
142 16
92 166
155 245
216 179
160 158
9 94
170 176
224 269
44 67
230 239
92 212
244 206
164 22
233 268
148 35
188 38
36 3
208 182
86 50
22 239
105 126
198 96
109 205
127 267
157 41
63 247
42 193
243 19
227 34
239 253
95 254
171 2
21 133
25 123
226 20
215 206
188 170
112 91
136 132
133 107
249 101
262 218
31 133
85 166
139 197
64 141
96 167
23 66
194 5
177 50
61 130
7 256
257 14
34 231
22 177
71 7
141 224
79 55
110 89
34 43
265 109
176 91
52 235
131 104
129 250
73 177
204 173
145 198
259 154
51 47
190 194
103 6
57 207
8 246
79 148
102 104
152 94
193 157
178 68
156 92
150 211
40 157
159 194
146 175
27 36
71 93
161 61
108 212
10 118
245 180
31 183
4 25
107 198
152 2
117 265
30 39
211 188
196 247
168 208
68 35
240 251
133 119
40 184
268 81
45 166
101 197
265 258
13 93
168 213
39 122
189 55
162 194
15 62
73 146
264 175
227 180
270 203
236 218
213 270
103 212
129 13
249 42
145 134
21 96
100 227
230 62
36 188
55 228
28 115
51 220
259 267
103 185
168 32
31 144
131 224
179 247
204 60
124 62
120 198
47 269
110 62
44 183
5 114
156 25
237 199
192 216
149 127
204 89
60 245
177 108
204 156
24 201
143 208
180 211
259 262
28 26
97 39
51 161
176 123
167 84
159 83
196 169
96 264
40 146
4 34
259 107
34 146
128 44
135 257
264 248
196 55
24 175
125 49
115 204
34 105
67 207
247 163
149 93
59 239
83 74
27 91
4 129
78 163
166 66
34 207
210 18
169 184
20 48
51 121
96 103
182 66
93 194
239 13
169 18
143 102
225 151
211 155
225 97
143 116
109 96
27 13
93 88
8 52
94 107
151 197
39 136
243 153
55 53
238 226
87 193
82 111
209 184
269 257
107 143
31 113
81 252
98 7
89 245
4 237
89 231
265 42
50 222
215 183
266 223
32 13
211 101
221 240
49 247
203 162
185 266
196 187
260 239
76 24
194 68
169 217
39 213
8 54
72 4
162 154
208 128
126 92
150 81
219 233
145 108
176 257
101 163
147 112
79 15
77 248
154 164
36 48
54 86
111 204
177 54
182 102
53 226
164 80
176 164
217 69
119 194
141 208
56 147
24 142
42 11
220 184
146 268
94 268
269 198
246 75
229 231
152 118
131 83
63 116
172 247
33 64
33 131
245 97
203 153
116 73
221 117
80 126
61 247
238 101
95 189
29 7
222 96
40 240
239 225
143 190
115 264
265 48
181 130
1 223
135 71
164 24
158 189
109 232
206 103
46 11
18 259
166 61
239 67
35 245
98 103
175 39
211 16
56 68
115 57
196 208
129 144
115 102
270 28
153 235
97 183
110 206
25 76
243 223
143 81
125 30
47 34
228 122
91 207
215 253
58 122
212 171
121 103
144 66
46 123
9 71
89 235
13 30
254 191
211 91
176 136
184 154
169 35
157 83
148 54
149 150
63 7
29 245
79 243
94 5
103 97
0 30
236 188
109 98
149 267
96 63
260 247
98 54
220 199
83 143
58 23
27 166
143 227
155 157
97 2
241 224
206 246
22 191
101 19
17 164
69 48
250 52
139 245
48 69
224 194
150 99
69 173
266 111
234 237
238 260
91 121
48 95
191 46
117 250
39 173
176 38
172 143
206 168
27 232
199 72
177 131
232 141
69 159
159 178
1 237
157 36
251 102
137 114
172 10
90 79
244 92
230 66
259 188
104 156
142 3
17 170
188 138
65 177
157 246
211 25
171 46
116 97
191 44
54 6
63 97
101 218
175 73
139 63
163 86
187 117
34 52
130 196
15 104
267 32
50 117
11 94
58 32
4 8
218 65
251 20
89 83
90 15
70 174
198 23
117 267
55 151
143 177
210 31
204 106
170 153
149 139
126 27
241 186
211 230
169 138
55 214
198 128
194 109
210 190
210 95
183 237
162 44
123 244
172 214
229 189
8 129
176 266
59 165
66 200
170 116
147 238
143 149
107 105
25 219
214 50
122 165
269 183
210 3
136 32
227 221
155 62
235 259
157 78
153 41
207 136
66 105
83 191
258 131
154 253
164 203
187 225
7 198
167 19
128 26
206 158
147 185
170 169
32 190
129 110
269 51
90 64
95 247
81 85
256 35
39 165
129 115
147 246
260 231
33 142
270 151
123 138
22 269
133 99
52 27
113 187
128 252
201 156
86 2
138 101
74 243
2 135
54 153
126 37
60 89
8 1
117 219
147 263
143 143
88 124
269 59
72 99
137 12
98 63
143 62
240 265
117 17
119 182
188 93
81 99
180 240
109 221
34 5
179 94
141 210
154 54
18 11
169 215
202 194
33 229
252 213
244 244
91 97
197 213
262 4
139 189
136 205
97 188
224 212
6 228
219 193
111 170
159 208
62 215
2 159
168 185
94 25
41 195
81 75
48 107
88 205
52 206
48 184
166 101
5 187
132 210
263 85
41 182
74 72
229 180
209 147
143 220
13 144
18 90
171 12
94 165
103 246
65 97
162 34
189 225
247 17
222 238
197 144
82 217
75 181
73 29
148 80
111 246
21 99
110 69
54 28
269 207
89 141
83 260
76 191
74 149
121 67
53 166
165 236
43 121
108 224
62 107
38 177
187 214
180 235
268 151
139 21
70 124
142 251
227 36
103 197
108 5
246 146
178 137
215 245
7 190
0 184
71 55
119 9
58 164
172 0
48 142
92 200
114 36
12 83
230 249
185 58
249 29
238 46
114 9
8 196
236 251
97 244
192 93
62 17
45 168
254 175
45 7
105 270
121 84
103 19
216 166
86 69
35 132
110 42
252 174
129 219
177 129
229 150
99 118
80 130
67 65
181 126
138 184
227 199
147 187
63 160
78 50
154 69
213 38
32 181
226 174
79 199
66 185
62 65
155 130
97 138
166 13
202 3
248 159
204 270
99 125
246 95
68 52
249 249
151 0
222 213
269 185
47 72
64 15
65 189
151 219
140 256
129 131
227 96
134 44
62 136
38 264
126 63
207 69
210 199
114 94
21 264
130 242
183 118
32 163
86 115
28 269
49 30
190 202
220 89
102 209
192 219
29 52
192 187
160 20
176 14
213 101
157 176
13 195
202 69
14 47
254 181
15 192
134 176
203 244
258 238
17 27
176 159
13 46
130 139
34 243
236 125
56 206
218 136
1 13
258 133
44 151
162 48
155 61
130 265
174 146
234 85
149 33
33 183
163 140
202 39
155 186
254 120
177 240
22 105
99 11
46 96
240 145
138 129
87 37
234 32
176 161
198 109
160 188
102 47
135 264
266 76
228 214
97 152
61 157
191 127
7 115
263 162
83 182
40 26
170 64
53 269
190 69
85 138
138 1
69 7
90 175
57 209
8 223
144 106
81 149
76 234
131 165
192 71
245 191
26 157
35 143
19 207
269 233
168 10
73 24
59 39
266 133
231 209
262 29
100 257
198 221
15 133
269 177
260 2
119 18
111 110
103 144
22 162
68 255
228 257
269 195
48 241
235 160
43 246
177 27
64 143
119 46
63 252
84 87
172 223
47 163
207 267
8 45
101 203
145 228
111 49
228 116
155 183
171 84
114 270
231 188
0 32
258 269
127 122
100 28
243 172
191 145
71 215
0 113
213 118
9 197
214 213
134 61
144 92
57 5
56 101
62 220
238 270
262 256
64 135
81 173
77 3
249 150
233 71
37 263
203 17
222 257
217 219
152 176
257 173
235 229
224 65
178 156
63 72
119 157
109 198
9 92
143 124
65 64
270 111
257 209
169 129
234 167
195 150
18 80
222 223
180 14
142 268
199 35
253 180
208 67
49 126
159 235
242 236
23 258
47 191
230 21
143 10
171 170
158 222
21 9
37 18
50 204
61 199
174 6
100 188
167 98
14 32
129 162
186 85
7 207
238 242
87 156
92 55
42 3
155 198
104 225
101 184
152 199
143 252
55 41
8 7
86 154
259 165
159 160
60 191
221 71
151 138
90 132
188 69
35 233
19 118
208 31
214 243
5 191
67 111
75 225
231 52
71 250
229 237
23 103
210 80
44 87
65 121
93 29
54 142
167 253
70 190
56 7
14 20
14 56
137 270
141 51
18 57
95 141
31 82
67 195
113 252
21 221
79 255
145 101
25 118
132 152
183 6
137 177
203 166
62 27
166 103
171 26
189 259
131 177
175 34
23 87
69 222
205 238
88 116
41 119
229 118
209 250
196 106
45 73
255 88
7 185
182 203
103 67
15 262
208 23
57 94
135 134
29 104
51 58
193 141
71 63
167 120
172 68
219 264
11 239
11 113
222 93
176 226
102 180
167 114
88 14
102 130
159 119
52 202
26 187
83 256
257 87
141 168
133 121
105 24
154 259
94 196
152 195
131 158
184 42
51 224
83 223
129 112
97 87
99 16
175 214
114 34
218 119
13 124
135 114
138 32
90 119
263 263
192 125
180 250
206 60
252 107
5 75
107 73
104 129
138 228
30 201
65 187
34 249
228 49
183 67
102 262
178 5
125 261
64 176
21 90
180 222
15 46
89 53
1 190
135 242
85 105
260 160
15 14
118 11
164 4
126 136
12 37
83 89
153 32
154 196
186 20
127 126
214 114
236 97
216 150
180 248
42 200
232 95
65 66
111 226
122 80
23 227
125 130
78 170
59 137
237 110
47 27
167 25
195 266
72 181
30 270
184 265
223 53
82 234
60 203
215 105
97 105
115 0
227 88
256 185
219 129
235 83
103 187
246 72
200 120
53 265
64 73
249 269
11 136
218 197
98 85
45 232
166 63
89 31
99 176
152 262
171 128
114 262
5 268
44 193
227 209
106 1
16 148
256 222
159 171
88 207
185 75
24 268
42 216
62 73
167 255
68 112
67 43
227 46
192 159
44 260
44 145
146 191
248 170
236 38
220 30
97 164
246 132
80 53
262 227
5 140
168 39
68 41
90 177
0 115
127 114
226 44
22 212
50 54
219 134
33 162
118 92
134 173
35 27
236 265
270 247
37 91
87 44
9 267
145 189
227 11
248 72
258 226
182 187
5 156
231 244
54 178
25 149
194 41
142 39
22 243
150 69
83 8
197 244
47 82
24 239
103 264
124 55
54 100
132 39
181 204
101 60
176 23
3 51
127 143
2 168
162 73
251 33
50 159
12 96
202 90
10 144
179 176
150 189
243 160
60 65
231 113
166 248
131 99
175 82
223 85
27 51
262 14
201 80
5 35
218 209
252 61
71 266
259 254
89 151
99 21
34 264
268 12
72 113
144 48
244 74
188 202
112 65
106 195
159 8
73 100
242 37
148 119
48 79
180 195
151 129
46 98
193 116
224 113
24 48
239 230
157 129
237 62
207 265
102 37
217 93
161 241
230 106
247 119
88 101
234 225
50 187
139 107
211 46
241 213
191 85
118 81
132 179
123 215
41 242
34 201
35 89
75 68
10 96
140 93
222 56
204 8
270 12
120 254
69 140
267 199
80 132
2 172
83 139
33 1
12 161
188 220
156 14
177 6
269 168
139 173
155 139
114 166
159 111
112 116
161 143
162 196
258 260
203 196
109 7
72 209
40 105
184 96
265 254
47 41
36 5
131 220
48 239
33 122
26 21
137 24
180 140
24 21
142 217
74 112
198 106
94 99
218 21
182 27
131 243
29 238
144 158
88 169
12 204
189 156
2 227
118 48
229 247
263 38
55 120
196 71
227 80
144 229
229 32
2 80
130 173
137 268
209 68
153 103
216 124
45 130
134 65
220 66
140 3
48 92
15 85
91 181
71 219
177 196
153 218
83 57
257 93
52 21
222 14
36 243
248 11
256 167
58 263
112 5
55 105
38 59
116 66
225 170
35 241
4 266
12 107
97 131
120 134
99 254
130 3
154 15
191 106
232 143
152 212
81 208
164 27
95 97
158 216
128 210
207 95
62 93
106 179
81 30
85 248
116 38
167 78
28 202
241 198
238 186
127 124
237 269
90 112
135 226
162 116
33 83
89 42
56 250
230 117
26 122
106 151
112 228
178 223
28 169
27 193
191 50
206 200
118 211
263 123
245 30
9 24
125 233
255 243
263 164
109 192
51 166
241 169
210 217
81 45
99 3
23 74
18 137
199 156
120 175
200 122
69 165
72 139
94 237
183 54
35 113
174 220
197 240
12 117
139 218
177 250
194 242
228 140
46 257
50 174
77 235
62 9
264 250
217 134
160 262
210 203
19 69
30 74
37 99
232 205
172 6
132 28
94 162
192 79
140 20
32 175
33 257
95 262
84 180
223 39
265 265
240 83
200 138
244 24
183 113
77 64
208 3
52 116
156 187
245 259
0 199
249 169
225 235
252 257
269 86
116 11
267 141
228 134
220 197
207 238
69 108
142 74
14 148
10 83
258 42
1 24
218 95
149 137
119 75
134 21
159 246
121 74
62 172
67 252
7 242
10 77
255 105
182 198
198 91
263 220
169 262
260 35
194 0
243 135
95 106
20 178
268 209
5 234
172 24
137 237
161 171
12 128
77 102
221 3
226 229
166 82
53 125
236 16
204 24
251 113
115 266
82 14
79 176
74 151
33 191
202 125
191 163
258 198
182 154
188 230
136 10
127 7
75 82
174 141
30 103
41 223
6 254
261 164
33 150
84 1
143 88
45 133
68 169
259 44
116 95
37 54
106 112
218 67
102 148
263 176
58 115
254 140
154 141
203 115
255 235
216 190
10 58
100 120
255 245
166 92
91 232
163 259
98 41
106 175
179 231
68 46
269 205
143 175
260 29
249 184
37 50
161 260
192 26
230 11
242 33
267 28
143 118
28 38
103 223
121 219
196 118
113 141
101 143
140 190
20 266
6 26
261 126
99 256
176 42
249 259
97 76
157 149
3 252
251 88
107 239
152 234
219 54
166 89
180 69
135 166
25 35
36 60
184 165
267 254
41 101
56 220
11 111
264 9
56 99
62 162
238 6
123 1
207 119
185 97
235 233
91 202
86 198
257 10
191 166
31 161
227 16
0 122
111 154
43 119
68 59
245 167
230 13
32 49
160 25
55 88
150 167
99 114
187 252
138 205
204 109
7 91
129 100
214 241
141 55
229 89
51 1
121 235
49 154
96 181
58 256
17 15
241 196
43 232
69 220
147 52
184 79
53 155
166 80
69 266
184 21
175 115
113 145
97 262
171 151
112 225
98 159
32 224
162 159
130 224
253 152
103 52
137 166
44 238
114 236
18 216
262 34
218 41
16 35
71 131
6 161
200 218
65 24
235 146
233 45
214 111
239 152
183 111
82 6
231 2
90 199
82 248
139 80
9 8
213 17
174 43
36 157
97 129
192 123
199 249
103 230
188 180
247 144
223 123
175 237
225 15
101 14
163 257
258 7
145 160
234 204
188 213
12 15
50 141
73 71
110 212
108 162
105 16
108 32
61 148
236 173
193 231
202 239
191 172
195 192
95 173
72 253
1 92
172 153
163 169
249 201
98 171
0 125
69 167
255 206
198 30
125 243
247 42
74 58
135 235
22 251
128 92
229 109
28 230
195 131
42 209
35 187
64 5
6 154
70 179
105 218
164 12
131 86
192 58
258 214
163 171
242 215
138 133
9 242
162 182
85 140
11 156
89 266
30 135
220 131
80 162
123 95
107 3
30 177
243 167
210 183
259 40
99 60
70 111
231 44
80 8
159 142
268 111
151 228
139 46
59 141
9 252
204 124
122 105
84 83
87 22
232 256
236 177
61 53
7 266
226 231
73 213
66 151
93 266
161 228
157 85
100 64
131 191
137 22
219 117
49 211
126 61
248 161
132 10
187 191
256 21
138 99
11 158
253 235
103 256
8 125
147 251
37 7
11 17
152 236
74 161
92 77
206 97
50 143
57 236
119 260
255 49
252 116
122 147
142 56
125 8
198 177
176 119
163 206
23 168
156 23
112 206
176 231
205 116
79 39
175 75
166 70
212 128
239 74
5 207
19 248
107 25
170 25
177 135
204 47
225 249
237 43
265 172
207 86
90 70
136 116
250 216
105 22
149 250
11 109
79 76
248 81
64 137
263 258
183 171
247 73
16 259
54 186
145 171
36 139
254 266
135 125
31 98
129 82
204 184
137 160
213 226
9 98
96 48
65 185
138 156
135 77
138 253
94 149
80 171
80 97
262 80
247 200
173 2
63 251
251 238
217 10
234 68
52 25
70 46
254 95
84 225
223 229
8 144
235 42
197 179
198 219
103 74
182 4
81 21
43 198
117 82
247 114
121 117
43 74
180 116
156 122
204 262
10 7
197 233
183 186
250 182
15 236
139 209
188 106
41 28
12 122
167 96
23 1
198 246
116 69
32 135
220 56
108 152
13 253
215 261
56 1
242 50
61 45
80 187
89 211
229 102
40 229
243 104
236 225
39 22
111 114
115 60
46 68
201 136
81 151
202 221
137 241
43 187
29 259
107 131
92 250
37 112
103 204
33 259
170 207
105 135
175 187
150 25
25 29
181 34
249 16
164 10
58 38
153 59
170 59
72 53
92 123
217 266
84 241
264 133
233 43
127 163
204 160
113 138
135 188
98 111
162 239
211 75
95 147
270 266
188 147
98 116
131 128
198 217
210 232
182 88
107 166
254 251
183 116
148 4
89 9
40 127
219 74
147 227
6 152
263 171
132 20
223 58
188 30
77 198
76 195
132 150
262 182
260 226
252 11
180 57
135 3
175 95
125 94
253 18
39 175
99 178
62 90
219 43
215 9
182 1
57 52
246 36
130 141
4 270
168 230
98 192
122 37
30 158
141 244
58 96
139 43
6 121
100 190
78 268
170 99
236 255
72 247
154 244
14 212
90 214
168 240
205 104
193 22
185 210
266 230
50 27
72 6
208 144
67 98
150 270
151 206
45 155
61 228
179 251
7 170
187 92
62 5
181 175
37 30
184 201
249 193
64 91
124 228
11 202
32 231
157 74
84 217
265 168
223 207
270 6
226 247
100 222
174 194
231 4
45 204
44 128
25 227
151 32
42 265
6 209
122 269
119 83
69 214
29 210
51 134
241 65
160 248
11 206
269 179
245 229
235 178
148 100
62 234
47 146
163 43
41 38
169 198
199 259
191 80
220 215
253 94
238 159
96 85
142 24
245 34
153 213
11 31
194 118
239 154
268 69
239 213
253 267
10 261
2 71
219 216
72 202
96 127
184 84
52 250
66 45
157 61
245 245
155 115
16 116
149 42
151 42
182 83
123 246
245 222
261 243
197 56
101 186
146 62
4 235
2 15
215 31
76 118
216 200
238 106
265 249
156 224
236 183
123 5
55 149
122 7
59 131
76 80
37 216
79 20
196 114
32 222
214 122
129 103
120 184
190 245
264 135
229 104
8 15
197 193
84 110
243 254
78 244
88 102
190 107
170 251
81 265
54 242
204 81
148 74
87 209
231 0
210 241
183 10
246 62
248 2
77 228
21 226
186 254
246 244
4 177
209 62
54 75
57 176
218 189
203 258
31 130
57 160
129 95
127 170
244 68
7 248
39 80
15 42
37 101
190 104
80 224
237 259
80 222
115 83
231 190
111 78
40 75
258 48
94 47
48 36
244 80
123 234
17 243
228 145
245 17
126 266
7 3
182 218
251 42
204 42
185 112
204 28
42 146
95 79
239 138
201 142
14 127
85 265
194 126
132 259
202 108
216 198
72 37
143 84
77 266
25 167
23 136
64 13
77 20
130 210
110 44
227 14
90 212
81 170
216 137
145 117
15 254
6 223
137 232
100 42
80 241
158 15
145 234
53 14
90 259
35 227
114 153
229 178
18 233
19 16
140 57
99 62
207 83
260 30
52 180
134 109
13 226
226 258
204 118
45 269
17 9
161 257
108 106
101 107
115 234
7 56
86 97
86 250
192 75
109 226
221 141
260 65
260 181
107 50
124 13
65 145
103 146
127 204
164 225
35 32
247 151
251 234
0 56
169 194
190 186
93 139
198 104
237 137
149 2
145 213
9 180
84 239
180 188
135 120
236 101
242 128
61 116
46 193
188 232
242 187
269 31
257 127
125 200
35 67
216 248
269 249
247 6
110 123
16 121
209 74
155 270
19 145
184 37
38 56
169 43
37 178
241 171
167 133
241 136
160 152
75 193
261 191
211 59
57 34
160 232
55 201
59 247
84 68
94 252
263 205
170 219
173 109
193 99
223 108
43 39
190 219
70 79
212 5
72 208
148 63
269 4
201 71
98 221
47 127
126 179
258 140
40 180
9 109
175 108
209 13
236 8
201 34
118 217
197 64
220 172
39 253
89 44
76 111
10 234
69 22
197 260
150 44
262 72
205 236
191 2
232 228
12 269
166 160
230 225
112 143
22 183
91 225
45 255
174 85
201 73
89 233
2 56
165 178
21 37
40 13
270 103
201 85
69 155
69 226
150 4
30 118
7 192
180 178
250 119
69 136
145 236
110 238
182 145
16 217
64 94
17 159
133 26
112 55
118 69
115 190
144 123
45 106
204 136
51 33
108 138
198 10
255 159
125 87
189 86
185 224
233 149
217 233
250 72
180 186
80 26
16 213
143 12
34 266
249 56
71 206
26 185
138 10
220 209
269 211
199 244
200 24
268 231
43 270
247 255
194 181
252 266
253 160
132 60
9 142
96 238
18 33
14 194
208 49
63 177
173 115
250 38
114 202
100 220
193 37
98 268
61 195
245 251
117 188
238 8
175 36
114 13
216 126
169 266
116 248
19 99
134 28
168 92
224 174
200 45
127 49
111 267
233 266
14 183
79 78
189 142
251 184
11 218
178 167
230 204
209 138
259 208
69 157
66 183
218 263
48 171
250 158
125 178
158 20
209 113
126 206
122 213
209 24
93 246
131 187
226 169
120 34
148 143
108 17
264 40
169 191
171 75
39 197
115 53
214 152
111 244
131 31
18 78
113 110
97 108
167 236
246 12
57 158
21 253
267 98
267 258
158 29
143 247
2 83
135 55
28 24
6 163
73 255
115 7
66 256
216 41
244 51
221 224
210 164
179 216
127 165
243 97
88 89
153 149
223 160
67 122
77 136
26 25
229 39
7 102
153 50
213 255
194 24
226 132
127 9
81 254
77 138
155 121
192 24
217 205
69 33
107 236
261 220
181 220
85 142
216 3
113 79
127 208
182 122
246 88
257 33
244 113
201 1
234 15
255 208
199 181
119 142
105 165
265 210
195 14
232 166
269 153
181 58
95 34
59 255
7 13
46 263
197 36
125 187
197 181
242 207
234 211
193 269
228 52
191 201
204 87
152 253
226 253
210 111
247 192
148 39
91 244
174 225
178 162
246 265
116 43
166 238
173 203
269 142
168 53
170 88
6 143
174 244
101 205
40 56
44 221
168 161
198 162
228 30
5 133
80 67
45 102
48 12
253 4
114 85
83 55
120 87
91 53
253 134
20 54
261 122
83 232
175 55
178 110
123 193
164 269
195 122
170 37
264 256
130 132
83 219
12 77
173 107
210 61
126 169
141 235
124 176
76 104
264 212
120 168
161 189
220 102
179 243
190 248
125 252
245 20
22 101
228 101
42 136
46 61
5 102
169 114
48 178
204 154
213 156
9 146
106 161
147 76
65 84
152 142
195 99
189 32
209 197
195 170
5 174
148 131
150 213
10 79
181 76
33 209
157 235
60 171
180 88
248 138
256 139
186 179
268 192
193 42
241 12
90 11
35 119
44 140
61 125
261 58
52 193
221 169
106 117
18 168
4 27
251 236
196 110
258 115
104 54
165 44
172 168
83 166
259 134
95 183
202 92
246 217
169 151
121 21
138 42
56 107
160 50
217 57
51 257
207 205
93 134
190 231
181 39
210 258
126 150
41 60
255 58
3 10
203 155
24 144
2 215
209 87
46 45
118 222
168 37
46 32
13 236
117 190
258 98
173 28
117 37
39 227
34 20
227 128
90 237
149 187
175 184
2 196
245 254
9 103
23 82
203 30
216 204
45 112
148 56
78 246
167 45
152 257
87 60
250 58
264 107
69 262
133 177
249 191
239 127
213 154
37 186
96 151
22 57
22 31
135 118
96 32
167 76
124 68
89 219
111 141
171 33
180 138
250 173
96 71
256 174
201 267
248 157
17 13
178 89
158 248
250 222
7 168
51 249
233 201
254 142
225 197
91 140
215 113
179 50
180 93
192 29
54 202
210 115
109 182
245 22
54 174
228 168
128 255
195 90
90 124
153 62
158 121
226 190
180 180
268 45
93 97
164 247
263 10
31 96
231 262
227 55
151 217
120 89
169 253
189 46
19 154
39 14
11 174
2 262
260 80
216 85
79 253
133 41
224 257
244 5
147 177
228 200
205 17
8 162
204 168
183 167
53 9
201 196
123 218
265 262
10 65
24 138
178 160
167 54
160 154
22 267
5 37
198 103
146 80
189 53
69 171
218 53
137 81
175 1
141 43
88 75
0 14
149 225
196 63
260 207
80 213
245 155
206 147
151 221
192 40
72 95
262 8
50 153
268 129
64 48
187 55
7 145
52 156
93 6
53 162
48 215
179 260
21 145
105 251
125 15
238 87
35 80
58 20
51 197
83 265
95 81
182 138
94 264
91 30
139 149
220 20
174 183
219 170
153 239
149 67
180 52
49 40
19 253
49 94
233 92
26 212
254 16
109 67
212 18
78 230
90 183
104 171
250 10
5 261
9 81
204 75
163 40
75 2
109 210
129 153
28 191
179 20
26 40
152 107
225 7
162 164
173 128
12 180
229 60
123 206
186 28
58 196
105 236
107 15
41 138
23 249
115 170
80 175
72 228
117 73
60 133
270 82
97 230
249 99
161 198
86 62
251 76
160 216
242 44
158 92
34 14
20 160
30 205
217 246
188 265
48 47
47 106
131 151
222 10
134 200
138 105
137 118
266 238
149 181
247 178
255 82
173 170
221 207
196 77
133 209
112 13
19 185
12 115
181 170
254 60
265 121
254 64
113 129
110 100
259 73
248 125
41 87
135 269
235 116
140 166
159 212
43 102
228 229
40 155
33 185
119 245
168 268
91 41
46 220
4 71
154 199
252 22
215 109
161 6
181 177
166 9
196 133
99 211
152 174
175 15
187 61
85 118
166 242
79 18
121 120
33 245
196 92
47 102
213 237
122 223
238 48
104 143
157 110
236 235
54 62
239 29
73 141
203 227
177 21
160 128
230 144
218 191
166 185
180 77
63 108
23 25
265 193
10 232
162 127
164 209
143 157
4 160
197 167
85 212
246 126
250 149
119 105
14 115
269 215
70 102
68 188
54 111
129 221
250 31
189 246
257 194
256 12
216 114
48 38
148 183
219 254
88 79
262 57
180 257
237 99
182 211
106 170
165 129
99 262
143 108
151 191
19 158
199 78
96 197
114 61
141 107
66 176
265 63
224 139
48 136
113 232
117 171
174 57
97 214
255 119
169 12
234 124
115 195
175 124
65 72
23 114
62 134
188 198
151 127
62 59
108 150
231 46
108 270
16 123
127 5
79 28
150 97
46 88
231 103
192 6
130 29
47 150
99 50
82 23
257 166
167 158
61 108
13 249
174 110
120 227
70 142
223 147
207 29
72 159
53 56
46 200
44 257
59 170
190 48
33 217
7 180
242 64
131 218
41 73
45 82
262 260
245 142
220 180
111 23
71 221
101 182
153 76
188 48
204 62
81 40
241 106
250 137
81 182
93 150
167 30
150 87
62 245
128 117
230 114
261 166
92 14
41 270
159 109
88 69
171 190
34 94
39 260
85 38
32 5
221 250
15 173
18 22
211 210
259 82
58 182
188 178
72 230
67 158
233 27
74 25
139 214
75 155
198 134
205 114
218 238
109 174
70 81
189 28
161 177
111 105
74 36
58 143
254 48
46 70
70 53
253 70
170 162
203 256
13 52
84 189
130 0
122 176
96 111
29 72
19 4
76 90
105 39
260 102
67 30
43 230
70 5
186 186
137 226
183 39
143 46
175 265
201 5
2 41
199 28
170 223
134 73
220 242
96 221
234 255
87 104
63 22
212 122
24 251
37 163
236 2
225 181
217 48
217 39
143 235
212 65
71 141
245 231
154 17
177 264
136 183
180 33
35 34
39 128
183 221
134 153
112 149
6 167
221 111
41 198
23 238
77 193
3 189
60 129
238 120
193 15
213 25
27 73
145 252
29 60
18 72
235 91
3 107
218 195
41 23
192 69
23 7
30 221
75 84
177 173
198 142
70 94
179 149
120 164
209 5
116 172
223 47
69 62
184 4
256 76
106 159
49 139
90 75
127 145
122 40
108 100
177 248
219 63
20 88
264 67
38 171
263 228
145 176
60 234
111 145
15 264
182 30
171 107
178 52
157 31
208 61
163 196
219 230
153 120
234 96
95 163
103 152
176 61
184 268
106 243
74 235
35 165
67 28
234 17
128 141
267 268
146 26
43 139
235 249
41 95
43 16
28 160
230 136
9 60
121 99
29 31
66 120
195 49
238 191
190 264
207 5
188 9
140 53
27 152
157 249
32 157
241 209
91 218
215 27
28 21
248 63
146 18
28 40
244 63
220 228
15 0
23 61
125 198
193 13
61 202
166 240
193 148
195 7
100 85
219 244
151 46
179 241
103 162
134 157
211 218
250 228
35 128
95 77
106 55
218 172
205 52
27 61
254 50
261 205
78 157
183 77
39 88
52 23
258 35
253 269
172 180
237 267
260 109
167 129
78 67
33 97
49 170
214 5
139 235
160 179
73 206
213 34
251 70
11 210
126 177
48 259
176 194
80 204
22 71
226 121
166 152
261 27
50 241
233 138
268 25
91 114
167 34
181 262
137 244
181 258
254 23
74 165
113 263
196 249
1 127
10 269
35 37
258 231
121 177
17 105
93 23
72 217
141 260
1 218
212 7
48 213
119 121
71 39
157 171
37 150
233 56
229 121
107 234
3 179
144 41
129 160
212 196
75 128
23 219
41 5
141 144
215 236
252 159
215 227
77 27
136 51
17 162
177 120
232 7
221 54
266 96
11 252
260 62
50 176
207 209
269 16
254 86
243 35
247 0
16 181
224 220
33 102
246 156
36 107
43 191
188 108
235 33
79 235
54 130
140 222
100 192
76 21
120 48
196 207
264 81
191 269
126 167
254 228
196 10
109 203
176 110
122 24
225 240
143 222
160 33
183 169
175 65
104 121
35 53
113 1
183 101
269 213
31 245
240 24
196 143
98 49
149 222
102 238
189 73
6 129
269 135
87 211
240 194
261 177
16 139
45 80
37 214
173 190
104 18
232 26
42 88
153 71
17 179
159 88
265 124
253 169
27 31
168 219
163 45
7 211
75 176
245 261
5 6
69 75
83 229
8 66
19 139
206 43
112 254
47 8
261 241
30 164
213 75
190 95
138 207
214 73
125 185
113 7
193 253
60 9
59 48
225 111
78 144
225 221
159 244
69 244
105 75
165 90
21 53
228 175
125 113
0 241
269 43
60 103
208 190
27 53
50 232
48 51
85 19
128 205
120 32
129 190
177 207
143 90
85 29
83 123
136 91
31 80
251 94
47 224
156 266
124 237
28 206
246 10
247 202
87 255
90 48
101 40
215 249
0 47
265 235
164 14
263 265
121 162
108 59
61 266
183 104
54 55
1 51
46 265
256 247
243 106
90 99
44 11
53 192
94 231
184 18
44 14
242 183
250 256
128 238
9 201
108 93
223 12
250 214
44 153
32 262
91 95
154 113
133 263
24 3
165 109
53 248
132 216
57 117
130 192
89 37
152 269
26 231
235 231
117 3
200 54
193 262
227 120
8 209
20 34
232 264
136 179
154 78
201 16
216 135
250 220
40 107
5 116
56 121
224 247
59 222
121 108
109 15
96 148
73 93
97 190
260 18
137 120
154 230
221 155
20 127
229 223
127 33
33 133
93 233
24 231
228 148
173 147
129 267
112 185
141 95
23 125
37 193
207 37
115 151
213 127
141 229
215 156
56 182
32 243
193 163
58 50
61 239
197 146
203 19
119 234
125 257
20 56
230 14
28 44
226 195
193 241
114 15
258 117
257 187
256 121
218 247
118 209
127 71
1 147
34 164
44 179
57 252
220 24
82 210
56 190
15 2
192 164
256 98
254 2
26 50
92 132
32 159
63 124
267 48
121 46
224 165
52 60
27 195
238 164
236 192
261 84
43 178
203 79
211 93
55 66
105 186
49 180
139 251
115 55
252 95
179 258
169 118
269 94
198 202
179 12
55 177
220 119
0 191
240 68
112 62
92 119
237 130
82 61
66 80
167 17
53 92
79 220
205 212
10 259
76 202
160 35
147 253
117 19
211 33
91 179
1 257
78 222
225 76
84 263
103 154
9 248
81 38
121 192
132 205
224 131
125 202
64 35
0 201
101 213
1 59
127 56
139 243
43 20
149 30
134 179
52 112
213 23
186 121
117 71
20 105
112 212
222 184
214 103
265 177
250 160
119 250
23 260
152 67
174 143
41 144
202 232
79 208
153 153
258 100
126 112
113 32
142 93
9 5
145 196
237 190
10 69
148 86
231 93
87 200
150 154
131 126
48 18
203 254
138 71
30 58
81 77
150 20
34 199
82 180
133 86
50 151
257 234
223 224
134 5
48 176
60 20
104 242
88 87
82 258
175 63
160 4
78 89
31 142
157 63
248 177
202 161
269 113
163 117
183 16
121 113
97 34
47 247
92 175
41 21
235 61
238 27
40 60
234 1
214 137
88 85
157 267
169 85
252 216
33 227
6 172
216 49
75 178
183 14
236 68
69 240
220 4
132 43
92 17
51 270
265 237
154 13
144 43
107 75
153 105
178 257
81 124
72 152
86 207
238 68
75 43
255 153
37 175
3 167
44 254
248 50
140 16
155 257
63 79
133 12
246 90
132 185
39 113
178 43
120 62
119 136
179 249
61 173
153 164
109 114
33 233
86 15
68 134
129 269
168 206
62 155
182 214
64 182
40 217
223 133
162 3
91 147
10 203
22 147
89 126
80 60
77 109
81 28
249 70
67 153
268 6
91 36
114 206
234 126
156 159
100 157
226 107
25 189
61 29
209 265
254 249
0 173
208 171
7 108
144 267
144 170
202 234
105 153
61 261
131 130
44 69
2 125
238 82
189 171
4 230
59 262
259 141
109 121
212 40
93 16
61 51
262 36
162 32
143 197
209 254
47 177
79 103
174 269
257 153
204 246
225 199
70 254
68 180
248 188
74 23
221 67
21 200
165 176
208 103
238 54
10 138
260 72
222 16
268 204
64 210
202 185
162 107
83 268
253 158
185 228
102 44
68 91
25 112
230 256
86 95
125 138
47 99
150 143
215 154
94 120
137 70
52 12
82 193
196 202
186 125
234 142
244 134
97 198
49 237
208 132
237 179
147 156
66 236
59 46
46 18
7 75
162 181
136 72
13 155
35 96
17 229
225 54
213 27
58 258
37 80
81 15
187 250
107 110
235 184
74 245
88 195
260 189
56 116
208 88
26 175
35 111
186 158
230 19
99 76
54 132
153 147
159 210
87 146
117 235
207 105
96 10
17 227
211 179
24 217
1 162
247 236
51 255
219 132
262 145
140 74
3 147
140 185
50 86
25 205
179 233
97 200
127 199
195 141
34 260
200 30
103 182
108 237
232 225
71 109
104 133
49 235
133 251
121 182
31 169
117 109
170 0
91 266
232 251
137 125
179 100
134 195
204 186
27 117
40 238
215 167
127 152
184 182
181 128
182 68
98 181
92 268
261 225
59 117
71 101
269 67
158 254
71 261
79 65
192 243
57 240
63 198
146 217
15 26
23 23
56 164
89 60
162 224
249 120
13 142
228 43
8 229
167 265
89 178
206 36
236 216
118 105
146 110
67 167
174 69
239 76
60 113
114 117
114 186
178 194
251 168
230 155
119 53
259 233
159 199
228 212
233 199
16 91
191 243
137 63
62 150
43 22
239 102
230 219
199 211
252 103
212 242
77 129
206 263
203 117
91 88
165 111
1 249
57 162
23 90
110 194
205 180
145 54
60 74
95 177
203 248
188 125
224 41
55 188
120 222
17 76
54 263
173 175
18 54
253 88
63 186
51 218
146 169
213 150
190 148
178 225
204 164
181 28
137 148
116 49
255 179
124 7
172 149
30 48
22 67
234 156
79 139
187 49
191 218
158 187
139 265
56 109
212 99
25 87
164 116
237 197
267 186
245 165
83 16
131 222
45 49
162 178
212 147
29 249
231 179
225 125
107 88
39 195
55 39
35 82
209 37
207 146
46 25
157 115
229 182
43 50
244 44
23 241
99 137
27 150
79 266
103 36
197 124
82 34
246 82
159 94
61 127
161 230
181 74
186 239
223 0
113 11
7 221
24 110
210 109
233 169
200 161
65 110
173 77
236 175
262 21
106 212
31 237
101 36
246 99
238 52
232 74
227 26
66 90
8 254
84 73
252 155
240 244
98 264
47 245
204 113
112 123
26 127
233 161
49 56
260 116
18 205
21 119
172 220
170 200
133 69
42 153
31 258
125 144
26 202
120 166
174 50
86 252
190 30
81 4
146 96
57 171
227 77
27 258
243 213
112 48
230 140
67 243
1 225
16 215
104 181
147 2
199 216
194 92
201 28
16 187
65 252
177 138
109 208
84 85
33 128
56 83
96 267
84 134
174 154
83 45
230 165
20 117
263 155
189 166
25 200
99 166
220 115
13 104
178 22
223 185
122 137
122 59
60 55
249 242
159 230
76 47
240 143
10 128
89 147
197 78
95 23
74 253
103 127
128 168
196 16
262 231
238 128
78 115
53 200
219 84
96 260
181 161
187 264
16 234
70 134
220 232
240 63
188 158
58 2
114 96
99 107
228 107
261 237
119 140
218 127
2 96
181 3
189 249
45 162
76 36
96 208
177 261
202 200
136 38
128 158
14 129
182 239
206 82
257 145
236 89
224 19
0 40
154 93
221 87
168 139
30 175
190 93
101 141
165 170
227 170
60 47
210 143
206 118
38 35
147 244
18 178
267 207
85 178
43 93
49 258
196 8
149 214
93 202
98 127
0 239
43 258
177 198
236 228
170 244
238 178
0 42
212 97
39 215
148 121
221 182
38 138
96 43
95 155
171 222
8 270
181 100
72 179
133 260
159 86
200 22
265 38
182 78
133 236
64 107
160 223
81 90
95 266
231 110
92 145
251 269
98 27
223 237
9 56
50 38
160 45
70 114
185 65
203 264
226 155
155 79
117 244
147 149
91 247
44 142
136 13
149 152
110 60
95 41
228 74
25 74
149 129
186 206
124 214
256 251
217 268
154 175
5 146
13 140
126 148
30 116
20 123
171 77
200 90
268 239
48 186
128 64
93 256
37 64
191 83
248 52
240 215
45 230
0 4
67 54
238 257
92 99
198 58
220 95
152 134
103 229
166 11
261 64
15 9
268 55
22 193
85 226
131 111
173 206
29 90
268 121
204 158
188 104
109 3
79 37
144 269
263 94
236 257
77 270
74 98
110 47
199 174
247 242
77 214
92 270
12 240
38 156
146 200
18 106
247 127
100 95
137 78
67 67
44 31
220 238
29 35
108 79
146 35
254 29
222 230
42 207
30 156
137 251
94 71
179 213
31 67
53 188
270 80
259 224
111 230
198 46
4 157
60 135
251 130
3 111
27 23
262 31
166 52
136 127
97 65
151 136
266 256
193 229
159 250
1 251
215 133
249 237
61 214
115 93
200 26
177 99
189 68
101 50
255 4
227 38
64 81
92 63
79 155
86 79
98 91
240 104
61 251
184 196
162 255
268 20
119 85
213 94
64 45
187 229
97 6
198 238
228 67
172 208
1 111
262 86
42 180
140 105
17 62
128 247
131 18
165 201
138 20
58 220
228 132
113 164
13 210
53 46
213 52
268 131
8 68
9 133
190 36
243 17
27 126
72 73
26 47
264 260
149 212
94 28
208 207
0 86
156 247
246 172
115 244
127 43
242 112
240 37
102 114
164 159
140 100
153 169
169 20
64 105
169 102
107 52
111 133
258 185
131 209
66 118
242 243
24 84
65 207
9 207
13 26
25 19
178 235
227 127
35 92
207 25
107 153
85 56
214 3
43 181
202 149
169 255
70 169
169 75
173 95
22 54
59 257
171 237
76 230
154 52
206 260
260 260
38 154
186 146
180 214
208 154
29 57
130 91
50 206
110 80
17 254
103 69
218 80
248 118
238 224
163 201
57 78
97 236
194 264
83 221
170 93
263 143
246 68
111 221
261 128
91 134
159 77
172 45
267 41
255 161
63 126
198 76
64 191
256 94
258 3
168 90
220 72
159 203
130 226
229 83
85 223
221 171
64 229
127 131
85 240
258 76
110 32
137 123
25 26
86 0
269 140
222 132
137 199
143 224
111 28
4 142
62 230
224 33
211 113
99 197
151 166
217 217
41 206
183 266
222 263
263 178
7 261
244 3
161 226
261 143
191 67
153 255
244 99
132 241
160 240
270 181
242 123
141 18
120 200
0 197
170 239
32 200
191 131
76 179
96 98
180 114
200 230
20 32
198 248
141 64
192 209
263 125
266 67
198 111
268 77
182 117
67 188
234 235
168 65
200 194
11 231
251 218
219 68
265 148
148 90
224 146
27 0
170 160
