99 215
99 156
76 106
82 149
202 172
257 267
144 238
206 88
146 22
14 150
233 130
268 137
202 167
216 164
180 43
107 127
261 245
104 103
104 57
146 100
124 64
121 111
191 149
259 118
83 19
119 26
208 229
216 270
129 240
125 81
169 264
74 80
107 241
99 240
17 119
269 105
221 263
121 121
189 44
117 94
182 240
29 32
24 181
171 210
263 152
112 256
267 22
163 213
50 236
238 38
79 4
193 217
118 4
249 207
72 15
16 11
47 55
257 5
240 112
206 155
103 218
213 194
186 63
127 190
198 169
78 61
263 42
156 221
95 39
57 9
149 58
217 83
4 233
98 258
6 100
197 122
234 202
167 179
73 148
269 263
194 159
193 255
154 24
38 249
9 20
45 20
158 127
112 158
106 37
37 143
161 252
145 98
231 199
58 79
176 156
187 163
256 37
166 3
31 89
210 170
96 176
27 238
161 68
255 127
220 52
71 158
214 48
158 150
179 76
234 22
154 158
172 4
263 270
261 16
57 98
66 270
81 52
252 182
240 202
134 39
16 22
56 86
48 201
194 228
80 119
142 191
96 243
121 246
60 184
15 67
116 149
109 41
252 72
32 225
246 80
204 210
5 51
240 242
175 61
263 127
142 123
178 106
66 52
128 243
17 74
262 160
62 103
153 115
266 160
238 176
205 6
52 95
98 234
119 144
116 202
20 206
137 37
59 149
245 201
180 270
67 266
122 123
126 159
133 172
245 105
6 236
161 56
196 82
52 123
106 81
259 200
215 39
63 139
205 19
62 259
75 71
111 116
232 124
245 46
7 25
48 148
37 152
156 150
18 214
261 82
26 131
119 189
92 27
124 25
6 46
230 68
270 217
217 81
82 183
259 195
234 215
163 190
204 148
21 62
61 61
214 29
219 177
252 198
24 148
14 200
232 136
150 106
232 109
82 168
176 8
153 1
182 32
11 38
248 9
159 129
168 116
34 262
130 116
46 215
194 17
20 129
109 258
167 171
209 196
16 32
121 170
182 246
183 205
226 30
68 18
242 99
266 78
77 56
244 124
3 59
32 17
177 154
141 185
227 163
31 185
213 215
119 151
231 75
69 64
247 117
270 131
11 208
59 215
225 242
10 216
141 22
35 225
33 67
201 203
137 195
14 34
235 205
25 129
166 23
255 155
97 156
50 210
262 66
196 98
61 80
205 244
226 233
157 101
1 157
261 187
204 234
113 177
176 262
66 205
192 181
36 171
237 119
124 5
9 230
213 245
193 183
244 122
35 217
141 133
79 196
7 16
7 67
35 18
38 48
79 251
8 93
42 229
74 118
229 199
187 26
131 14
130 44
71 71
112 261
154 46
55 225
256 53
23 189
106 250
243 245
264 44
262 207
119 123
122 68
189 117
18 225
215 148
53 196
237 134
39 162
217 112
117 194
97 203
233 270
74 7
170 179
70 148
88 184
99 87
159 148
127 51
138 52
178 14
196 238
194 97
160 12
36 26
151 267
76 222
50 70
46 16
106 120
18 195
58 113
118 103
20 110
184 15
108 46
241 18
118 65
172 188
101 83
73 250
75 91
220 86
160 63
125 20
108 81
133 234
262 249
133 111
41 42
29 143
107 129
18 164
148 9
267 154
208 65
240 15
47 20
256 89
57 110
105 98
237 230
96 54
242 175
51 115
191 230
47 222
116 174
101 77
23 78
82 230
105 256
183 20
190 19
54 94
201 265
29 257
112 131
135 63
117 67
106 238
14 214
215 83
30 200
259 132
236 0
6 260
45 128
153 197
148 175
222 208
85 60
211 126
236 26
217 207
10 189
53 74
194 233
224 149
213 46
208 221
236 108
248 112
114 137
160 18
54 126
92 216
209 130
10 15
240 27
66 26
211 246
77 262
72 129
106 164
173 151
47 169
195 12
196 5
55 172
85 40
159 4
266 4
147 37
135 250
264 56
62 1
18 94
267 221
51 7
197 112
120 69
110 5
72 122
112 219
19 228
137 107
197 138
170 86
113 244
57 246
22 175
66 56
138 74
226 130
119 170
182 47
97 140
108 196
266 55
160 135
238 188
245 42
25 54
257 115
193 91
158 38
17 4
217 155
163 79
249 128
4 210
128 97
53 29
47 65
183 194
114 242
121 215
52 264
135 108
35 130
177 63
84 62
16 94
225 86
168 51
242 2
269 10
182 147
4 44
212 9
70 104
140 1
262 179
131 236
164 107
147 183
110 250
233 29
44 111
103 125
183 75
51 128
7 134
105 56
35 151
79 117
214 161
46 47
163 68
5 184
244 157
233 87
152 69
170 230
268 176
120 252
182 70
151 230
79 215
131 160
44 228
70 235
76 224
57 166
173 253
46 227
172 201
108 63
88 216
97 4
257 74
253 164
41 268
19 71
113 194
260 20
30 195
121 115
27 129
155 112
23 247
160 120
145 76
91 151
55 37
102 28
135 51
260 49
117 182
53 33
270 166
172 57
48 117
137 219
91 9
105 87
160 43
86 84
113 87
91 234
122 33
61 31
64 130
167 135
0 89
102 215
265 269
29 66
14 198
267 30
103 240
100 209
91 57
191 59
265 69
258 89
231 120
57 231
186 181
188 196
217 187
242 255
65 237
100 252
230 263
62 63
14 270
141 152
63 64
155 123
197 60
66 34
168 49
203 51
143 33
62 191
40 219
253 114
147 163
230 108
16 172
233 34
107 263
226 161
150 46
123 163
141 41
195 240
84 54
60 17
149 144
43 185
261 148
210 208
227 18
183 134
109 78
250 8
151 224
59 80
223 38
27 66
206 54
110 13
150 158
140 220
159 233
84 15
141 256
206 2
212 76
254 52
247 77
143 64
225 22
38 90
85 109
27 189
196 46
196 127
129 93
16 83
77 155
184 157
223 116
209 210
86 184
168 204
3 18
235 239
265 159
58 26
89 78
66 225
149 257
192 193
164 212
105 131
113 155
6 265
23 165
50 52
113 268
246 5
84 33
70 37
78 213
104 0
16 253
264 19
74 185
242 142
252 82
86 103
230 38
24 140
83 76
2 229
42 237
240 53
74 55
13 255
208 140
257 81
6 93
223 187
19 62
42 57
244 38
197 72
28 108
112 70
145 84
239 25
54 58
253 66
126 116
1 0
51 29
113 170
100 67
147 167
168 168
104 28
244 32
94 21
189 83
126 35
129 151
170 67
245 136
73 131
17 100
249 113
215 222
185 83
17 174
130 97
231 145
266 125
62 44
136 159
131 93
90 268
203 40
59 158
64 26
56 146
232 17
261 101
258 58
85 186
43 169
24 38
104 4
98 242
189 127
37 165
209 263
167 156
100 71
138 90
212 178
221 163
139 134
12 190
183 263
31 75
18 103
191 236
106 26
216 103
13 168
112 156
65 1
258 241
175 121
39 119
198 51
18 116
30 160
166 209
243 151
60 115
155 72
59 182
60 59
254 62
52 190
180 120
17 2
161 134
247 84
42 248
7 227
84 193
234 177
118 33
123 131
198 83
24 205
231 9
31 252
113 226
121 153
27 33
114 143
106 71
251 37
238 166
157 212
61 236
113 59
13 2
218 76
146 56
124 91
90 165
195 35
183 159
173 187
252 143
123 191
268 79
71 213
93 121
134 88
50 263
41 62
257 220
124 38
13 136
28 59
148 154
219 240
125 171
206 182
70 208
113 106
268 96
177 233
270 96
216 79
12 191
138 168
133 15
151 104
37 161
6 251
50 234
250 244
124 36
135 177
134 258
269 33
103 49
136 5
249 223
36 35
84 227
18 47
247 251
87 89
177 85
219 201
223 164
115 193
132 22
215 106
182 173
260 210
28 176
212 264
117 123
239 136
228 87
57 138
200 225
161 201
155 147
99 223
201 249
223 68
69 110
107 140
77 29
113 127
146 133
148 65
143 237
242 181
51 14
102 257
145 33
215 267
35 203
68 235
32 215
42 218
133 249
204 55
206 221
65 250
207 236
175 93
81 215
101 69
167 137
125 241
86 4
140 112
216 33
115 17
29 247
257 254
165 26
261 233
109 134
118 39
162 15
11 249
162 135
78 233
96 56
9 75
178 56
4 162
197 158
81 155
119 236
239 197
189 251
241 270
225 126
184 253
86 175
261 113
210 168
209 72
84 159
21 248
199 196
244 205
17 185
20 27
266 152
91 43
79 161
253 46
162 141
182 115
76 44
84 168
167 234
79 95
192 174
134 53
56 267
16 269
157 5
80 233
247 269
220 252
25 174
252 92
176 106
16 151
191 54
154 87
71 137
224 75
62 114
35 84
29 102
87 224
198 126
104 151
136 96
213 96
263 55
111 258
13 85
25 125
142 163
35 149
107 40
128 265
223 6
43 86
61 258
209 29
242 84
29 236
172 135
21 155
168 145
12 159
56 84
254 202
122 158
46 211
218 8
50 36
185 255
206 90
174 262
196 205
206 160
13 37
180 101
123 258
151 168
148 169
180 90
107 95
253 247
71 11
5 1
42 52
214 135
246 240
178 211
105 264
37 72
3 117
23 15
76 26
85 122
248 221
257 106
234 69
48 78
166 59
115 160
215 51
142 246
37 137
86 14
237 76
229 100
27 88
75 147
55 174
120 146
225 17
156 164
23 5
125 83
194 257
213 11
101 211
18 36
90 156
232 101
180 242
186 18
26 218
29 36
137 230
65 79
106 17
164 161
53 40
33 124
169 163
129 73
259 212
71 23
256 215
109 29
71 241
48 63
198 12
73 2
233 196
145 82
52 70
13 218
65 128
64 216
177 87
37 34
191 12
165 67
67 20
190 61
252 195
33 95
80 206
229 221
132 203
238 244
255 133
51 40
216 257
197 50
63 227
71 13
115 232
199 130
61 105
255 75
245 25
13 146
148 202
154 3
46 261
122 228
190 237
73 50
117 230
88 199
239 131
241 216
264 92
90 206
175 84
76 264
88 251
149 123
202 229
268 247
135 145
47 129
108 12
23 221
260 42
97 169
161 264
225 264
83 170
206 124
238 155
194 39
70 260
189 221
80 50
209 55
201 227
17 93
138 38
255 220
14 22
205 166
244 126
211 149
19 27
180 218
126 91
129 248
37 15
111 232
78 120
167 263
142 53
179 165
8 80
25 83
94 132
8 70
265 170
198 85
83 0
19 161
49 224
140 258
117 150
112 26
245 152
89 22
121 75
204 260
248 172
253 233
175 49
100 105
160 26
79 56
231 64
250 40
101 246
227 216
70 96
176 142
82 226
171 95
215 181
216 91
234 39
67 69
17 68
270 148
133 126
163 50
240 119
37 173
141 242
17 85
191 21
237 78
121 217
17 223
187 212
148 28
98 157
216 89
93 147
90 185
39 269
250 18
156 99
122 101
248 196
37 58
248 68
160 57
178 101
16 44
143 141
52 111
79 164
126 76
48 10
188 237
168 131
3 102
34 235
5 17
65 262
139 216
88 24
41 192
40 121
128 55
45 198
116 33
52 49
219 142
71 239
121 19
1 123
88 3
78 178
265 16
264 144
10 241
124 242
106 12
156 127
172 133
244 82
0 94
113 211
210 228
51 118
234 36
9 211
94 175
211 108
183 59
270 117
162 166
213 219
201 255
235 169
207 51
172 111
64 198
86 44
40 130
260 25
203 74
50 45
108 89
38 262
117 8
216 196
31 115
219 226
234 81
77 1
45 191
146 24
224 73
153 237
267 240
148 217
190 208
220 161
106 133
121 53
12 149
139 18
253 141
8 83
227 32
173 16
0 22
117 197
231 269
14 83
114 162
82 68
88 148
13 182
57 151
157 72
190 177
1 73
106 107
233 212
261 146
152 48
158 51
139 8
143 69
29 141
134 46
197 151
160 165
220 8
217 59
167 110
159 31
182 119
202 81
158 136
265 85
25 198
262 62
194 150
210 48
28 133
31 7
247 260
235 138
127 41
72 87
17 66
234 217
64 214
129 237
54 45
149 53
19 49
17 249
78 122
266 209
186 93
27 264
202 138
115 163
37 127
179 201
212 161
0 16
243 159
171 118
112 61
265 146
70 83
178 151
247 70
223 72
76 157
219 156
37 96
246 134
219 121
139 267
48 67
61 98
0 134
251 196
38 70
32 213
88 47
148 60
56 144
71 183
260 5
247 141
187 119
235 186
127 223
119 108
0 264
59 22
259 172
25 216
176 29
263 64
225 59
115 77
34 205
206 233
157 131
207 130
262 22
122 205
86 101
199 224
229 174
67 221
221 109
126 85
235 130
97 11
2 48
239 190
137 215
217 157
130 62
175 67
139 140
194 134
233 210
114 191
240 188
18 239
39 242
183 161
34 253
225 0
0 34
87 122
202 210
182 37
179 209
128 133
72 150
186 132
70 122
50 194
60 85
33 81
164 143
144 110
65 37
163 227
3 218
9 140
254 54
185 263
211 226
117 54
247 208
21 125
181 19
152 227
42 112
53 160
83 108
100 98
80 184
168 67
47 90
142 147
261 199
96 28
178 25
71 75
136 157
22 110
234 148
259 105
129 203
182 52
129 157
22 35
126 21
228 28
231 88
134 155
43 79
174 18
123 236
99 213
22 262
94 128
15 123
25 85
54 220
204 214
192 77
251 157
7 150
154 9
102 244
152 4
128 215
159 144
195 258
151 152
23 173
139 151
248 232
210 255
112 112
142 66
127 188
137 198
46 22
53 259
125 235
11 75
164 267
215 74
130 64
57 3
220 205
13 54
148 165
211 250
265 142
147 198
142 262
90 239
0 136
191 170
48 243
76 122
151 12
228 57
138 96
119 57
219 82
151 255
238 56
1 166
248 4
165 258
9 221
145 140
16 132
7 212
191 221
43 161
70 242
270 77
261 120
165 99
43 95
59 127
193 49
222 79
254 26
12 47
191 31
177 222
38 108
83 141
264 180
8 27
127 160
57 119
112 68
15 185
26 222
128 3
75 142
62 20
235 87
214 220
120 149
223 249
233 58
237 55
129 216
29 79
91 7
53 257
224 262
239 17
30 109
190 115
210 252
157 97
116 242
232 198
160 14
231 155
202 189
218 199
118 134
120 65
48 144
121 194
56 75
4 172
231 118
219 207
160 22
262 138
251 57
105 96
45 239
198 17
84 81
161 187
169 246
112 136
160 150
133 71
9 62
156 38
230 251
254 138
198 8
66 82
70 60
50 107
175 207
147 98
2 110
54 128
265 54
21 103
48 0
233 178
43 117
195 88
154 39
76 169
218 231
210 141
93 141
45 159
66 58
172 258
9 240
253 118
243 108
204 132
245 186
64 235
86 120
199 261
146 13
224 144
79 133
158 64
63 236
7 123
103 95
160 224
203 143
49 11
55 204
229 210
70 73
107 182
84 270
116 118
201 174
226 140
24 212
138 138
257 3
121 131
79 159
30 181
185 190
138 82
95 134
202 55
125 259
270 119
170 69
113 92
40 80
104 269
58 172
123 108
25 2
211 205
29 261
73 200
132 5
183 156
139 12
245 263
146 161
33 126
90 201
14 25
51 93
184 146
134 165
18 82
227 82
174 134
245 150
126 227
83 21
136 89
159 201
178 129
48 98
144 206
4 228
229 245
68 90
203 262
209 81
101 230
261 208
167 150
133 187
121 40
245 249
212 256
42 205
5 165
201 235
116 221
249 186
41 51
159 6
121 22
224 109
104 12
160 255
124 265
197 14
151 238
213 121
78 87
211 67
249 76
69 130
175 147
5 205
200 66
220 259
129 194
130 5
74 183
75 261
168 74
32 165
225 159
89 130
231 246
263 13
172 193
7 51
237 36
149 206
223 182
229 208
62 85
54 244
227 155
79 85
203 101
243 229
29 203
158 240
134 242
85 201
69 258
236 21
264 96
76 131
247 231
31 123
266 46
141 118
8 244
132 226
49 82
76 41
128 192
200 220
131 170
169 234
142 252
80 80
22 40
20 101
61 22
38 206
29 106
237 60
219 70
5 19
221 149
114 149
76 164
251 258
13 157
156 193
267 236
227 60
179 1
71 211
90 55
214 131
121 144
64 226
150 175
245 59
208 36
24 46
259 27
109 104
49 254
226 167
225 42
26 269
30 243
63 261
252 150
237 4
34 3
163 223
189 26
54 84
132 45
245 84
211 172
68 123
80 247
124 263
109 188
56 197
269 41
246 215
234 158
65 54
35 42
46 108
19 14
11 168
160 92
78 104
47 138
227 22
203 187
101 34
150 89
79 52
37 66
73 192
23 199
38 244
39 16
247 176
136 228
113 160
215 5
23 146
111 76
94 52
152 117
76 171
112 53
6 86
233 251
159 97
141 135
194 201
236 243
65 92
78 48
174 188
239 160
61 72
232 14
191 147
214 265
201 18
36 208
180 37
60 193
215 35
66 208
51 125
254 90
151 226
28 212
188 182
69 14
53 16
202 11
250 227
239 129
72 124
171 160
203 10
68 198
99 83
207 244
236 236
181 231
122 97
226 28
180 67
241 54
133 124
261 118
25 214
182 185
151 240
150 8
198 205
21 189
225 189
186 4
203 99
253 196
141 12
70 268
36 249
27 79
47 140
262 189
115 251
246 232
209 107
192 133
236 6
150 108
172 177
124 57
266 24
100 112
127 83
71 61
0 58
141 266
170 209
39 52
267 119
253 190
31 12
41 40
121 151
270 66
218 19
96 139
35 72
12 238
161 126
148 178
194 188
98 208
120 261
33 148
11 132
265 94
199 203
16 195
242 52
21 14
122 55
85 232
137 264
168 153
22 233
137 34
205 178
170 120
39 41
113 234
222 161
193 27
120 172
168 247
264 75
67 263
219 140
157 228
121 129
132 59
236 40
219 6
267 192
106 122
147 33
225 49
181 124
168 47
45 157
85 132
55 239
124 60
102 195
196 48
203 268
188 140
162 105
161 113
166 15
35 223
176 57
57 222
48 152
157 191
165 256
105 262
256 201
266 20
72 13
185 156
213 116
95 64
181 212
7 44
106 86
59 18
29 28
13 173
214 165
240 211
42 15
68 132
100 250
83 91
242 145
229 255
15 93
203 127
92 226
50 3
77 220
96 132
212 115
17 64
48 2
77 191
66 230
234 108
40 113
239 91
12 216
139 199
208 54
214 225
150 91
204 201
182 18
257 125
110 248
89 261
102 95
190 164
61 221
33 7
117 173
182 85
125 163
185 270
244 90
59 147
127 110
31 150
185 119
33 79
155 268
212 220
79 186
3 61
137 134
135 100
155 149
248 244
111 121
168 122
224 205
147 266
158 99
256 51
201 237
23 112
40 48
60 220
162 5
164 221
64 86
249 209
154 142
21 183
212 95
113 218
156 52
187 127
135 160
35 258
168 102
239 45
119 132
153 123
168 238
111 211
52 177
146 114
241 268
93 253
126 3
91 193
138 122
226 35
99 89
218 34
192 4
50 256
28 18
231 191
163 109
238 162
44 207
170 257
127 74
155 105
64 231
222 247
210 180
196 40
33 77
159 218
196 58
245 144
70 181
63 174
155 206
128 183
36 13
235 267
111 172
149 44
71 18
163 113
56 153
4 100
1 213
35 8
261 32
44 267
149 180
1 233
247 105
109 51
150 34
17 263
169 155
12 66
112 0
10 73
208 166
144 23
16 56
69 29
184 132
199 237
35 145
162 88
128 35
239 113
5 94
213 267
188 71
14 121
27 148
74 201
63 208
252 227
195 116
29 11
197 203
63 36
263 245
113 77
108 176
265 102
210 139
199 213
238 228
45 177
90 32
80 115
95 187
149 230
152 81
245 209
159 205
59 213
203 212
154 19
95 69
152 264
55 60
257 147
242 110
142 145
249 252
255 157
24 262
22 33
62 46
90 82
140 130
255 24
33 144
80 144
255 253
187 156
99 39
23 154
98 93
23 134
105 172
255 104
111 30
240 181
99 230
80 157
246 7
45 171
57 68
268 256
87 220
31 29
186 237
19 52
188 98
38 32
132 196
61 197
120 213
236 260
108 30
81 232
269 268
167 232
85 67
270 92
13 264
11 85
234 194
207 197
56 114
247 189
40 208
31 217
47 121
36 40
137 217
233 103
94 115
224 101
15 18
126 229
54 190
217 38
143 202
183 175
141 80
168 113
45 71
105 155
186 8
130 215
96 8
31 197
225 225
191 189
201 102
148 88
227 150
210 166
98 5
244 255
193 221
49 166
224 92
29 118
112 204
138 190
166 93
180 4
110 223
80 17
94 62
78 59
254 183
177 224
124 199
49 6
39 182
148 204
81 259
152 30
194 59
27 96
33 65
157 80
92 238
23 163
197 266
147 20
247 40
84 112
12 193
173 199
143 135
192 104
5 218
149 156
25 78
65 116
231 207
40 236
128 67
115 181
92 205
59 227
9 257
246 124
128 60
42 69
104 43
234 7
76 34
24 40
47 113
26 196
215 37
32 178
77 237
148 19
210 65
239 204
67 245
69 193
5 90
224 107
178 143
149 191
172 239
87 96
188 168
140 45
214 141
133 63
43 265
54 64
177 94
157 185
267 43
191 267
111 25
56 50
8 178
166 225
233 159
241 218
224 259
269 101
118 45
136 53
123 21
226 134
1 66
59 75
156 21
267 171
24 63
260 91
1 149
12 251
28 64
200 148
241 60
201 218
69 19
26 210
258 255
88 190
45 222
243 58
1 200
78 131
161 54
179 27
56 237
3 73
38 106
89 193
268 83
97 110
29 151
203 179
35 251
132 233
233 146
249 126
0 61
23 9
219 25
64 151
267 225
254 21
215 56
145 215
266 18
163 77
261 155
155 228
222 269
49 31
95 113
190 125
116 206
258 91
60 143
55 93
186 227
208 1
257 207
106 177
173 222
165 78
258 262
244 65
150 265
94 223
266 143
139 142
107 6
246 53
135 248
165 205
197 175
55 8
264 87
238 255
142 17
92 166
155 246
216 179
160 158
9 94
170 177
224 269
44 67
230 238
92 212
244 207
164 22
233 268
148 35
188 38
36 4
208 182
86 50
22 240
105 126
198 96
108 205
127 267
157 42
63 247
42 193
243 19
227 34
239 253
95 254
171 2
22 132
24 123
226 20
215 206
188 170
112 90
136 133
133 108
250 101
262 218
31 133
85 166
139 197
64 141
96 168
23 66
194 5
177 51
61 130
7 256
257 14
34 231
22 177
71 7
142 224
78 54
110 89
34 44
266 109
176 91
52 235
132 104
129 250
74 177
203 174
145 198
259 154
51 47
189 193
102 6
57 207
9 246
78 148
102 104
152 93
193 158
178 68
156 92
150 210
40 157
159 194
146 175
27 36
71 93
161 61
108 211
10 118
244 181
31 183
4 25
107 198
152 2
117 265
30 39
212 189
197 246
168 208
68 34
239 251
133 120
40 184
268 81
45 166
101 197
265 258
13 93
168 213
38 121
190 55
162 195
15 62
73 146
265 175
227 180
269 203
236 218
213 270
103 213
129 14
249 41
145 134
21 96
100 226
231 62
36 188
55 227
28 116
51 220
260 267
103 185
168 32
31 144
131 224
178 247
204 60
124 62
120 197
47 269
110 62
44 183
5 114
156 25
237 199
192 216
149 128
204 89
60 245
177 108
204 156
24 201
142 208
180 211
260 262
28 27
97 39
52 161
176 122
167 83
159 83
196 169
96 264
41 146
4 34
259 107
34 146
128 44
135 257
264 248
196 55
24 175
126 49
115 204
34 105
67 207
247 163
149 92
59 238
83 74
27 91
4 129
78 163
167 66
34 207
210 19
168 183
20 48
51 121
96 103
182 66
93 195
239 13
169 18
143 102
225 150
211 155
225 97
142 117
109 97
27 13
93 88
9 52
94 107
151 197
39 137
243 153
54 53
238 226
87 192
82 111
209 184
269 257
106 143
30 113
81 252
98 7
89 245
4 237
89 231
265 41
50 222
215 183
267 223
32 14
210 101
221 240
49 247
203 162
185 266
196 187
260 240
76 24
194 68
169 218
39 214
8 54
72 4
162 154
208 128
126 93
150 81
219 233
145 108
176 257
101 162
147 112
79 15
76 248
154 163
36 49
54 86
110 204
177 54
182 102
53 226
164 80
177 164
217 69
119 194
140 208
56 148
24 142
42 11
220 184
145 269
95 267
269 197
246 75
228 231
153 119
130 83
63 116
172 247
33 63
33 131
245 97
202 153
115 72
221 117
80 125
61 247
238 101
95 189
29 7
221 96
40 240
240 225
143 189
115 264
265 48
181 130
1 223
135 71
164 24
157 189
109 232
206 103
46 11
19 259
167 61
239 66
35 245
98 103
175 40
211 17
55 68
114 58
196 208
129 145
116 102
270 28
153 235
97 183
110 206
25 76
243 223
142 81
125 30
47 34
228 122
91 207
215 253
58 122
212 170
121 103
144 66
46 123
9 71
89 235
13 30
255 191
211 91
176 136
184 154
169 36
157 82
147 54
149 150
63 7
29 245
79 243
95 5
103 97
0 30
236 188
109 99
149 267
96 63
260 247
98 54
219 199
83 143
59 24
26 166
142 227
156 156
97 2
242 225
207 246
22 191
101 19
16 164
69 47
250 52
139 245
48 69
225 194
150 99
69 173
265 111
234 237
238 260
91 121
49 96
191 46
117 250
39 173
176 38
172 143
206 168
27 232
199 72
177 131
232 141
69 159
158 178
1 237
157 36
252 102
137 114
172 10
90 79
245 92
230 66
259 188
103 156
141 3
18 170
187 138
64 178
157 246
211 25
170 46
116 97
191 44
54 6
63 98
101 218
176 73
139 63
163 86
187 117
33 53
130 196
14 104
267 32
50 117
12 94
57 33
4 9
218 64
252 19
89 83
90 14
71 174
199 23
117 267
54 151
143 177
210 31
204 106
170 153
148 139
126 27
241 186
211 230
169 138
55 214
198 128
195 108
211 190
210 95
184 237
162 44
123 244
172 214
229 189
8 129
176 266
59 166
66 199
170 116
146 238
143 149
107 105
25 220
214 50
122 165
269 183
210 3
136 32
227 221
156 63
235 259
157 78
153 41
207 137
65 105
82 191
258 130
154 253
164 203
186 225
7 198
167 19
128 26
206 157
147 185
170 169
32 190
129 110
269 51
91 64
94 247
81 85
256 35
39 164
128 115
148 246
260 231
33 142
270 151
123 138
22 269
133 99
52 27
113 187
128 252
200 155
86 2
137 101
73 243
2 135
54 153
126 37
60 90
8 2
117 219
147 264
143 143
88 124
269 60
72 99
137 11
98 63
143 62
240 266
117 17
119 182
189 93
80 99
180 240
109 222
35 5
179 94
141 210
154 53
18 11
168 215
202 194
33 229
252 213
244 244
91 97
197 214
262 4
139 189
137 205
97 188
223 212
5 229
219 193
111 170
159 208
63 215
2 159
167 185
94 25
41 195
81 75
48 108
88 205
53 206
48 184
166 101
5 187
132 210
263 85
41 182
74 73
229 180
209 147
144 220
12 144
18 91
171 12
94 164
104 246
65 97
162 34
188 225
247 17
222 238
198 144
82 217
75 182
73 29
148 80
111 246
21 99
110 68
54 28
269 207
90 141
83 260
75 191
74 149
120 67
53 166
165 236
42 121
108 224
62 107
38 177
186 214
180 235
268 152
139 22
70 124
142 250
227 36
103 197
108 5
246 145
178 137
215 245
7 190
0 184
71 55
118 9
58 164
173 0
48 142
92 200
114 35
12 83
230 249
185 59
249 29
238 46
114 10
8 196
235 252
97 244
193 93
62 17
45 169
254 174
45 7
105 270
121 84
103 19
216 166
87 69
35 132
110 43
252 174
129 219
176 129
229 150
100 118
80 129
67 65
181 126
137 184
227 198
147 187
63 161
78 50
154 70
213 38
32 181
226 175
79 198
66 185
61 65
155 131
98 138
166 13
201 3
248 159
204 270
99 125
246 95
68 52
249 250
151 0
222 213
269 185
47 72
64 15
65 188
151 220
139 256
129 131
227 96
134 44
62 136
38 264
126 63
208 69
210 199
114 94
21 264
130 242
183 118
32 163
86 115
28 269
49 29
190 202
221 89
102 209
192 219
28 52
192 187
160 20
176 14
212 101
157 176
13 196
202 69
14 47
254 181
14 192
134 175
203 244
258 238
17 28
177 160
13 46
130 139
34 243
236 125
56 206
218 136
1 13
258 133
44 151
161 48
154 61
129 264
174 146
234 85
149 33
33 183
163 139
201 39
155 186
254 120
177 240
22 105
99 11
47 96
240 145
137 129
87 37
234 32
177 162
197 109
159 188
102 47
135 264
266 76
228 214
97 152
61 157
191 127
7 115
263 162
83 181
40 26
170 65
52 269
190 69
85 138
138 1
69 7
90 175
58 209
8 223
144 106
80 149
76 233
131 165
192 70
245 190
26 157
35 143
19 207
269 232
168 10
73 24
59 39
266 134
231 209
262 29
100 258
198 221
15 133
269 177
261 2
119 19
111 110
103 144
22 161
68 255
228 257
269 195
48 241
234 160
43 246
177 27
64 143
119 47
62 252
83 87
172 224
47 163
207 267
8 46
101 203
145 228
110 49
228 116
155 184
171 84
114 270
230 187
0 32
258 269
127 122
100 28
243 173
191 145
71 216
0 113
213 118
9 198
214 213
134 61
144 92
57 5
56 101
62 219
239 0
262 256
64 135
81 173
77 3
249 150
233 71
36 263
202 17
222 258
218 218
152 176
257 172
235 229
224 66
178 156
63 72
120 158
109 198
9 92
143 125
65 63
270 111
257 209
169 129
234 167
195 151
19 80
222 223
180 14
142 268
199 34
252 180
208 67
49 126
159 235
243 236
23 258
47 191
230 21
142 10
171 171
159 222
21 9
37 18
51 204
60 199
175 7
101 188
167 97
14 32
129 161
186 85
7 207
238 242
87 156
92 55
42 4
155 197
104 225
101 184
152 199
143 252
55 41
8 7
86 154
259 165
160 160
60 191
221 71
150 138
90 132
188 69
35 233
19 118
208 31
214 243
5 191
67 111
75 225
231 53
71 249
228 237
23 103
211 80
44 88
65 121
92 29
54 143
167 254
70 189
56 7
14 21
14 56
137 270
141 51
19 56
95 141
31 82
67 195
114 252
21 221
79 255
145 101
25 119
133 152
183 6
137 177
203 166
63 27
166 103
171 26
188 259
131 178
175 34
23 87
69 222
206 238
88 116
41 119
229 118
209 250
196 106
45 73
255 88
7 185
183 203
102 67
15 262
208 23
57 94
135 134
29 104
52 58
194 141
71 63
167 120
172 68
219 264
10 239
11 113
223 94
176 226
102 180
167 114
88 14
102 130
159 119
52 202
26 187
84 256
257 88
140 168
133 122
105 25
154 258
94 196
152 196
131 158
185 43
51 224
84 222
129 112
97 87
99 15
175 213
114 33
218 119
13 124
135 114
138 32
90 119
263 263
192 125
180 250
206 60
253 107
5 75
107 73
104 129
138 228
30 202
65 186
34 249
227 49
184 66
103 262
178 4
124 261
64 175
20 90
179 222
15 46
89 53
1 190
136 242
85 105
260 159
15 14
118 11
164 4
126 136
11 36
83 89
153 32
154 196
187 21
127 126
214 114
236 97
216 150
180 248
41 200
233 95
65 65
111 226
123 80
23 228
125 131
78 170
59 137
236 111
48 27
167 25
195 266
72 181
30 270
184 265
223 53
82 234
60 203
214 104
98 105
116 1
227 89
256 185
219 129
234 83
103 188
246 72
200 121
53 265
64 73
249 269
11 137
218 197
98 85
45 231
166 62
89 30
99 177
152 262
171 128
114 262
4 268
44 193
227 209
107 1
16 149
256 222
160 172
88 207
185 75
24 268
42 216
62 73
167 256
68 112
67 43
228 46
192 160
44 260
44 144
147 191
247 170
236 38
220 31
97 164
245 132
80 53
261 227
6 140
168 39
68 41
90 176
0 115
127 114
226 44
22 212
50 54
219 134
33 162
118 92
134 173
34 27
236 265
270 247
36 90
88 45
9 268
145 190
228 11
248 72
257 226
182 187
5 156
230 244
54 178
26 149
194 41
142 39
23 243
150 69
83 8
197 244
47 82
24 239
103 264
124 55
54 100
132 40
181 204
100 60
176 23
3 51
127 143
2 168
162 72
251 33
51 160
13 96
202 90
10 144
179 176
150 189
243 161
59 65
231 113
166 248
131 99
176 82
223 85
27 51
262 15
201 79
5 35
218 209
253 61
71 266
259 254
89 151
99 20
34 264
268 12
72 113
144 48
244 74
188 202
112 65
106 195
159 8
73 101
242 37
149 119
49 78
180 195
151 129
46 98
193 116
224 112
24 48
239 230
157 129
237 62
207 265
102 37
216 93
162 241
230 106
247 119
88 101
234 225
50 188
139 107
211 46
241 213
191 85
118 81
132 179
123 215
41 242
34 201
34 89
74 69
11 96
140 93
222 57
204 8
270 12
121 254
69 140
267 199
80 131
2 172
83 139
33 1
12 161
187 219
155 14
176 6
270 168
139 174
155 139
114 165
159 111
113 116
161 143
161 197
258 261
203 195
109 7
71 209
41 105
184 96
265 254
48 41
37 6
131 220
48 239
33 122
26 21
137 24
180 140
24 21
143 217
74 111
198 107
94 99
218 21
182 27
132 243
29 238
143 158
88 169
12 204
189 156
2 227
118 49
229 247
263 38
55 120
195 71
228 80
143 229
229 33
2 80
129 173
137 268
209 68
153 103
216 124
45 130
134 65
220 66
139 3
48 92
15 85
91 181
71 218
177 196
153 219
84 57
257 93
52 21
222 14
36 244
248 11
256 167
58 264
112 4
55 105
38 59
116 66
225 171
35 242
4 266
11 107
97 131
120 134
99 254
130 3
154 15
192 106
231 143
152 211
81 208
163 26
95 97
158 216
128 209
207 95
63 93
106 179
81 30
85 248
116 38
167 78
28 201
241 197
239 186
127 124
237 269
91 112
135 226
162 115
33 83
89 42
56 250
230 117
26 121
106 152
112 228
179 224
28 169
28 193
191 50
206 201
118 211
263 123
245 30
9 24
126 233
255 243
263 164
109 192
51 166
241 169
210 217
82 44
98 3
24 75
17 137
199 156
120 176
200 123
68 165
72 139
94 238
183 54
35 113
174 220
197 240
12 117
139 218
177 250
195 242
228 140
46 257
50 174
76 235
62 9
263 250
217 134
160 262
210 203
19 69
30 74
37 99
232 205
173 6
132 28
94 162
192 79
140 20
32 176
34 257
95 262
84 180
223 40
265 264
240 83
200 138
244 23
183 113
78 64
208 3
52 117
156 187
245 259
0 199
249 169
225 235
252 257
268 86
116 11
267 141
228 134
220 197
208 238
69 108
142 73
14 148
10 83
258 42
2 24
218 95
149 136
119 74
134 21
159 246
121 73
62 172
67 252
7 243
10 77
255 106
182 197
198 90
263 220
169 262
260 35
194 0
243 135
96 106
20 178
268 209
5 234
171 24
138 237
161 170
12 128
77 102
222 3
227 229
166 82
53 125
235 16
205 25
251 113
115 266
83 14
79 176
74 151
33 191
202 125
191 162
259 198
181 154
188 230
136 9
127 7
75 82
174 142
31 102
41 223
6 255
261 164
33 150
85 1
143 88
45 133
68 169
259 44
116 95
37 54
106 112
218 67
102 148
263 176
58 115
254 140
153 140
203 114
255 234
216 190
9 58
100 120
255 245
166 91
91 232
163 259
98 41
106 175
179 231
68 45
269 205
143 175
260 28
250 184
37 50
161 260
192 25
230 11
243 34
267 28
143 118
28 38
102 223
121 219
196 118
113 141
101 143
140 190
20 266
6 27
261 126
99 256
176 43
249 259
98 76
157 148
3 253
251 88
108 239
152 233
219 54
166 89
180 69
135 166
25 35
36 60
184 165
267 254
41 101
56 220
12 111
264 9
56 99
63 163
238 6
123 1
207 119
186 97
235 233
91 202
86 198
257 10
191 166
31 161
227 16
270 121
111 154
43 119
68 59
246 166
231 13
32 49
160 24
55 88
149 167
99 114
187 252
139 206
204 109
7 91
129 100
214 241
141 55
229 88
50 1
121 235
49 154
96 181
58 256
17 15
241 195
43 232
69 220
147 52
184 79
53 155
166 80
69 266
185 21
175 115
113 145
97 262
171 151
112 225
99 159
32 223
162 159
129 224
253 152
102 52
137 166
44 238
113 236
18 216
262 34
218 42
16 35
71 131
6 161
200 217
65 24
235 146
233 45
214 110
239 151
184 111
82 6
231 2
90 199
82 248
139 80
9 8
213 16
174 43
36 156
98 129
191 123
199 250
103 231
188 180
247 143
224 122
176 237
225 15
100 14
163 257
258 7
145 160
234 204
188 213
12 15
49 141
73 71
110 212
108 162
105 16
108 32
61 148
236 173
193 232
202 239
191 172
194 191
95 174
72 253
1 92
172 153
163 169
248 201
98 171
270 125
69 167
255 205
198 30
125 243
247 42
74 59
135 235
22 251
128 92
229 110
28 230
194 132
41 209
35 186
64 6
6 154
70 179
105 218
164 12
131 86
192 58
258 214
163 171
242 215
138 132
9 242
163 182
85 140
11 156
89 266
29 135
220 131
80 162
123 95
108 3
30 177
244 166
210 182
259 40
98 60
70 111
231 44
80 8
159 142
267 111
150 228
139 46
59 141
9 253
204 123
122 105
84 83
87 22
232 256
236 177
61 53
7 266
226 231
73 213
66 151
93 266
161 228
158 84
100 64
131 190
137 22
219 117
48 211
126 61
248 162
133 10
187 191
256 21
138 99
11 158
253 235
103 255
8 125
147 251
37 8
10 17
151 236
73 161
92 77
207 97
50 143
57 236
118 260
256 49
252 115
121 148
142 56
125 8
197 177
175 119
163 206
23 167
156 23
112 207
175 231
205 116
80 39
174 75
166 69
211 128
238 74
5 207
19 248
107 25
169 25
177 135
203 47
225 249
237 42
265 172
207 86
90 70
136 116
250 216
105 23
149 249
11 109
79 76
248 81
64 137
263 258
183 171
247 74
17 259
54 186
145 171
36 139
253 265
135 125
31 98
129 82
203 184
137 160
213 226
10 98
96 48
64 184
138 157
136 77
138 253
94 149
80 171
80 97
262 80
247 200
173 2
63 250
251 238
216 9
234 67
51 25
70 46
254 95
84 224
223 229
8 144
235 42
198 179
198 219
103 74
182 4
81 21
43 199
117 83
247 114
121 117
43 74
180 116
156 122
205 262
10 7
196 233
183 186
250 182
15 236
139 210
189 106
41 28
13 122
167 95
23 2
199 246
116 69
31 135
220 56
108 152
13 253
215 261
56 1
243 50
60 45
81 186
89 211
229 102
40 228
243 104
236 225
39 22
112 114
115 60
46 68
201 136
81 151
201 221
138 241
43 187
29 259
107 131
92 250
37 112
103 204
33 258
170 207
105 134
175 186
150 26
25 28
181 34
249 16
164 10
58 38
153 59
170 59
72 53
92 123
216 266
83 241
264 133
233 43
127 163
204 160
112 138
135 187
98 111
161 239
211 75
95 147
270 266
188 147
99 116
130 129
198 217
211 232
181 88
106 166
255 251
183 116
148 4
90 8
41 127
219 74
146 227
6 152
263 170
132 20
223 58
188 30
77 197
76 195
132 150
262 181
259 226
252 11
179 57
135 3
175 95
125 94
252 18
39 175
99 179
62 90
219 43
214 9
181 0
56 52
246 36
131 141
4 270
168 230
98 192
122 38
30 158
141 244
58 96
139 43
6 121
100 190
78 268
170 99
236 255
71 247
154 244
14 212
90 215
168 240
206 105
193 22
185 210
266 230
50 27
72 6
208 144
67 98
150 269
151 205
45 155
61 228
179 251
7 170
187 92
62 5
181 175
37 31
184 201
249 193
64 91
124 228
12 202
32 231
157 74
84 217
264 168
223 207
270 5
226 247
101 222
174 194
231 4
44 204
44 129
25 226
151 32
41 264
6 209
123 269
119 83
69 214
29 210
50 133
241 65
160 248
11 206
269 179
246 229
235 179
148 100
62 234
47 146
163 43
40 38
169 198
199 259
191 80
220 215
253 94
238 158
96 85
142 24
245 34
153 213
11 31
194 118
239 153
268 68
239 213
253 267
11 261
2 72
219 216
72 202
96 127
184 84
52 250
66 45
156 61
245 246
155 115
17 115
150 43
152 42
182 83
123 246
245 222
261 243
197 56
101 186
146 63
4 235
2 15
215 31
76 117
216 200
238 106
265 249
156 223
236 183
122 5
55 149
122 7
60 131
76 80
36 216
79 20
195 114
32 221
214 122
130 103
120 184
190 245
265 135
229 104
8 14
196 193
84 110
243 254
78 244
88 103
190 107
171 252
81 266
54 242
204 81
147 74
87 208
231 0
210 242
182 11
246 62
248 2
77 228
21 227
186 254
246 244
4 178
209 62
54 75
57 175
218 189
203 258
32 129
57 160
129 95
127 170
244 68
7 249
38 80
15 42
38 101
189 104
80 224
237 258
80 222
115 83
231 189
111 78
40 75
258 49
94 47
47 36
244 80
124 234
17 243
228 145
245 17
126 266
7 3
182 218
251 42
204 41
185 113
203 28
43 146
96 78
239 138
201 142
14 127
85 265
194 125
132 258
202 107
216 198
72 37
143 84
77 266
25 166
23 136
65 13
77 20
130 211
110 45
227 14
91 213
81 170
216 137
144 117
15 254
6 223
136 232
100 43
80 241
158 15
145 234
53 14
89 259
35 227
115 153
229 178
17 233
19 16
140 57
99 62
208 83
261 30
52 179
134 110
13 226
226 258
204 118
45 269
17 9
161 257
108 106
101 107
115 234
7 56
85 96
86 250
191 75
109 225
221 140
260 65
260 181
107 50
124 13
65 145
103 146
127 204
164 225
35 32
247 151
251 234
270 56
168 193
190 187
94 139
198 105
237 136
150 2
144 213
9 180
84 239
180 188
135 120
236 101
242 127
61 116
46 193
188 232
242 187
269 31
257 128
125 200
35 67
217 248
269 249
247 6
110 123
16 121
209 74
154 270
19 145
184 37
38 56
169 43
37 179
241 171
167 133
241 136
160 153
75 193
261 191
211 59
57 35
160 231
55 201
59 247
84 68
95 252
263 205
170 219
173 109
193 99
223 108
42 39
189 219
69 79
211 5
72 207
148 63
269 4
201 71
99 221
47 127
127 179
258 141
40 180
9 108
175 108
209 12
235 8
201 34
118 217
197 65
220 172
39 253
89 44
76 111
11 234
69 21
197 259
151 44
261 72
205 236
191 2
232 227
12 269
166 159
230 224
112 143
22 182
92 224
46 255
174 85
201 73
89 233
1 56
165 178
22 37
41 13
270 103
200 84
68 155
69 226
150 4
31 118
7 192
180 178
250 119
69 136
145 236
110 238
183 145
16 217
64 94
17 159
132 26
112 55
118 69
115 189
144 123
45 105
203 136
51 33
109 138
198 10
255 159
125 86
189 86
185 224
233 149
217 233
250 72
180 186
80 27
16 213
143 11
35 266
249 56
71 206
26 185
138 10
220 209
268 211
199 244
200 24
268 231
43 270
247 255
195 181
251 266
253 160
132 61
9 142
96 238
18 33
14 195
208 49
63 177
173 115
250 38
114 202
100 220
194 37
99 267
61 195
245 252
117 188
237 8
175 35
114 14
216 126
169 266
115 249
19 99
134 27
168 92
224 174
200 45
128 49
112 267
233 266
14 184
79 78
189 142
252 184
11 218
178 167
232 203
208 137
259 208
69 157
66 183
219 262
47 171
250 158
125 178
158 19
209 113
126 206
122 213
209 25
92 246
131 187
225 169
120 34
148 143
108 17
264 40
170 192
171 75
39 196
115 54
214 153
111 244
131 31
18 78
113 110
97 107
167 236
246 13
57 158
20 253
267 98
267 258
158 29
143 248
2 82
135 55
28 25
6 163
74 254
115 7
66 256
216 41
244 52
221 225
209 164
179 216
127 165
243 97
89 88
153 149
224 161
66 122
77 136
26 25
229 40
7 102
153 50
213 254
194 24
225 132
127 9
81 254
77 138
154 121
192 23
217 205
70 33
107 235
261 220
181 220
85 142
216 3
113 79
127 208
182 122
246 88
258 33
244 113
201 1
234 14
255 207
199 181
119 142
105 165
265 211
195 14
232 166
269 153
181 59
95 34
59 255
7 12
46 263
197 36
126 186
197 181
242 207
234 211
193 269
228 51
192 201
205 87
152 253
227 253
209 111
247 192
148 39
91 244
175 225
179 163
247 265
116 43
166 238
173 203
268 142
168 53
170 88
6 144
175 244
101 205
40 56
44 221
168 161
199 163
228 30
5 133
80 67
45 102
48 12
253 4
114 85
83 56
119 87
91 53
253 134
20 54
261 122
83 232
176 55
178 110
123 193
164 269
195 123
170 38
264 256
130 133
83 219
12 77
174 107
210 61
126 169
141 235
124 176
76 104
264 212
120 168
161 189
219 102
179 243
190 247
125 252
245 20
22 101
227 101
41 136
47 61
5 102
169 115
49 178
204 154
213 156
9 146
106 161
147 76
65 84
152 142
195 99
189 31
209 198
194 170
5 174
148 131
150 212
9 79
181 76
33 209
157 235
60 172
179 88
248 138
256 139
186 179
269 192
193 42
241 12
90 10
35 119
45 140
62 125
260 58
52 194
221 169
106 117
18 168
4 28
250 236
196 110
259 115
103 54
165 44
172 169
83 166
259 134
96 183
202 92
246 217
168 151
121 21
138 41
55 107
161 50
217 57
51 258
207 205
93 134
190 232
181 39
210 257
127 150
42 59
255 58
3 10
202 155
25 144
2 215
209 86
45 45
118 221
168 37
45 32
12 236
117 190
259 98
173 28
117 37
39 227
34 20
226 128
90 237
149 187
176 184
2 197
245 254
9 102
24 82
202 30
216 204
45 112
148 56
78 247
167 44
152 257
87 61
250 58
264 107
69 262
133 177
249 191
239 127
213 154
37 186
95 150
23 57
22 31
135 118
96 32
167 76
124 68
89 219
111 141
171 34
180 138
250 173
96 71
256 174
201 267
248 157
17 13
178 89
158 248
250 222
7 168
51 248
232 201
254 142
225 197
92 140
215 112
179 50
181 93
192 29
54 202
210 115
110 182
245 22
53 173
227 168
128 255
195 90
90 124
153 63
158 121
226 190
180 180
268 45
93 97
164 248
262 10
31 96
232 262
227 55
151 217
120 89
169 253
189 46
19 154
40 14
11 174
3 262
260 80
216 85
79 253
133 41
224 257
244 6
147 176
228 200
204 17
8 162
204 168
184 167
53 10
201 196
123 218
264 262
10 65
24 138
178 160
167 54
160 155
22 267
4 37
199 103
146 80
189 53
69 171
218 52
137 81
175 0
141 43
88 76
0 14
149 225
196 63
260 207
80 213
245 155
206 148
151 222
192 40
72 95
262 8
50 153
268 129
64 47
188 55
7 145
51 157
93 6
54 161
48 215
180 260
22 145
104 251
124 15
237 87
35 80
58 20
51 197
83 265
95 80
181 139
94 264
91 30
139 149
220 20
174 183
219 170
153 239
149 67
180 52
49 40
18 253
49 94
233 92
26 212
254 16
109 67
212 18
78 230
90 183
104 170
250 10
5 261
9 81
205 74
164 41
75 2
109 210
129 153
28 191
179 20
26 40
152 106
225 7
162 164
173 128
13 180
229 60
123 206
187 28
58 196
105 236
107 15
41 138
22 249
115 170
80 175
73 228
117 73
60 133
270 82
97 230
249 99
161 199
86 62
251 77
160 216
241 44
158 92
34 14
20 160
31 204
217 246
188 266
49 47
47 106
131 151
222 10
135 199
138 105
137 118
267 238
148 181
247 178
255 82
173 170
221 207
196 77
133 208
112 13
19 185
13 115
181 171
255 60
265 121
254 64
113 129
110 100
259 73
248 125
41 87
135 269
235 116
140 166
159 212
43 101
229 229
40 155
33 185
119 245
168 268
91 40
46 220
4 71
154 199
252 21
215 108
161 7
181 177
166 9
196 133
99 211
152 174
175 16
187 61
85 118
166 242
78 18
121 119
33 245
197 92
47 101
213 237
122 223
237 48
104 143
157 110
236 234
54 62
239 29
73 141
203 226
177 21
160 128
230 144
217 191
165 186
180 78
63 108
23 25
265 192
10 232
162 127
164 210
143 156
4 160
197 167
86 212
246 126
250 149
119 105
15 115
270 215
70 102
69 188
54 112
129 222
250 31
188 246
257 195
256 12
216 114
48 38
149 183
220 254
88 79
262 57
180 257
237 99
182 210
106 170
165 128
99 261
143 108
151 191
19 159
199 78
96 197
114 61
141 107
66 176
265 63
224 139
48 136
113 232
117 171
174 56
97 214
255 119
169 12
234 124
115 195
175 124
65 71
23 114
62 134
188 198
151 127
62 59
108 150
231 46
108 270
17 123
126 5
79 29
150 97
46 88
231 103
192 6
131 29
47 150
99 51
82 23
257 166
166 157
61 108
13 249
174 110
120 227
70 142
222 147
208 29
72 159
52 56
46 200
44 256
58 170
190 48
33 216
7 180
242 64
130 218
41 74
45 82
262 260
245 142
220 180
110 23
71 221
101 182
153 76
188 48
204 62
81 40
241 106
250 137
81 182
93 150
167 30
150 87
62 245
128 117
230 115
261 166
92 14
41 270
160 109
89 69
171 190
35 93
39 260
85 38
32 5
221 250
15 173
18 22
211 210
259 82
58 183
188 178
71 230
67 158
234 27
74 25
139 214
75 155
198 134
205 114
218 238
109 174
70 81
189 28
162 177
111 105
74 36
58 143
254 48
46 70
70 53
253 70
170 162
203 256
13 52
84 189
130 0
122 176
96 111
29 72
19 5
76 90
105 39
260 103
67 30
43 230
70 5
185 186
137 226
183 39
143 46
175 264
200 5
2 41
199 28
170 224
134 73
220 242
97 221
234 255
87 105
63 22
212 122
24 251
37 163
236 2
225 182
218 48
217 40
143 235
212 65
71 141
245 231
154 17
177 264
136 183
180 32
34 34
39 128
183 220
134 153
112 150
5 167
221 111
41 198
22 237
77 193
3 190
60 129
238 120
193 15
213 25
27 72
145 252
30 60
18 72
235 91
3 107
218 195
41 23
192 68
22 7
30 221
74 84
177 173
199 142
70 94
179 149
120 164
209 5
115 172
223 47
69 62
184 4
257 76
106 159
49 139
90 76
127 145
122 40
108 101
177 248
219 63
19 89
263 67
38 171
263 228
145 176
60 234
111 145
15 264
182 30
171 107
178 52
157 31
208 61
163 196
219 230
152 121
234 96
95 164
103 152
177 61
184 268
106 243
74 235
35 166
67 28
233 17
129 142
267 268
146 27
43 139
235 250
40 95
43 16
28 160
230 135
9 60
122 99
29 30
66 119
195 49
238 192
189 264
207 5
187 9
140 53
27 152
157 249
32 157
241 209
91 218
215 27
28 21
248 63
147 18
28 40
244 63
219 228
15 0
23 61
126 198
193 13
60 201
166 240
193 148
195 7
100 85
219 243
152 46
179 241
103 162
134 157
211 219
251 229
36 128
96 76
106 55
218 172
205 52
28 61
254 50
261 205
78 157
183 77
39 88
52 23
258 35
253 269
172 179
237 267
260 109
167 129
78 68
33 97
49 170
213 5
139 236
160 179
73 205
213 33
251 70
10 210
126 177
48 260
176 194
79 204
21 71
226 121
166 151
261 27
50 241
233 138
268 25
90 114
168 34
182 261
137 243
181 258
253 23
75 165
113 263
196 249
0 127
10 269
36 38
258 230
121 177
17 104
93 23
72 217
141 260
1 218
212 7
47 213
120 120
71 39
158 171
37 150
233 56
229 120
108 234
4 180
144 41
129 159
212 195
75 128
23 219
41 5
141 143
215 236
252 159
215 226
78 27
137 51
17 162
177 120
233 8
221 54
266 96
11 252
260 62
50 176
207 209
269 16
254 86
243 36
248 0
16 181
224 219
33 102
246 156
36 106
43 191
188 108
235 34
79 235
54 130
141 222
100 192
76 22
120 48
197 207
264 81
191 269
126 167
254 228
195 10
109 203
176 110
122 24
226 240
143 222
160 33
184 169
175 65
104 121
35 53
114 1
184 100
269 212
31 245
240 23
197 142
98 50
149 223
102 239
189 73
6 128
269 135
87 210
240 193
261 177
16 139
45 80
37 214
173 190
104 17
232 26
42 88
153 71
17 179
159 88
265 124
253 169
27 31
169 220
163 45
7 211
75 176
245 261
5 7
69 75
83 229
8 66
18 139
205 43
113 254
47 8
261 241
30 165
213 75
190 95
138 208
214 73
125 185
113 7
193 253
60 9
59 48
225 111
78 144
225 221
158 244
69 244
105 75
165 90
21 53
228 175
125 113
270 241
269 43
60 103
208 190
26 53
50 232
48 52
85 20
128 205
120 32
129 190
177 207
143 90
85 28
83 124
136 91
31 80
251 93
47 224
156 266
124 237
29 205
246 11
246 202
88 255
90 48
101 41
215 249
0 48
265 235
164 14
263 265
121 162
108 59
61 266
182 104
54 55
1 52
45 265
255 247
243 106
90 99
44 11
53 192
94 231
184 17
44 14
241 183
251 256
128 238
10 201
108 93
223 12
250 214
44 153
32 263
92 95
154 113
133 263
24 4
165 109
53 249
131 216
57 117
130 192
89 36
152 269
26 230
235 231
116 3
200 54
193 262
227 120
8 209
20 34
232 264
136 179
153 78
200 16
216 135
250 220
40 107
5 116
57 121
224 247
59 222
121 107
109 15
96 148
74 93
97 190
261 18
137 120
154 230
220 155
20 127
229 223
127 33
33 133
93 233
24 231
228 148
173 148
129 266
112 185
141 95
23 125
37 193
207 38
116 151
213 127
141 229
215 157
56 183
32 243
193 163
58 50
61 239
197 146
203 19
119 234
125 257
21 56
230 15
28 44
226 196
193 241
114 16
258 117
257 187
256 121
219 247
118 209
127 72
1 147
34 164
44 179
57 252
220 24
82 209
56 190
15 2
192 164
257 98
255 2
25 49
92 132
32 159
64 125
267 47
121 46
224 165
53 60
28 195
237 164
236 192
261 84
43 178
203 79
210 93
55 66
105 187
49 180
138 251
114 55
252 95
179 258
169 118
269 94
198 202
179 12
55 176
220 119
0 192
240 68
112 63
92 119
237 129
82 61
66 80
167 17
53 93
79 220
205 212
9 259
76 202
160 35
147 253
117 19
211 33
91 179
1 257
78 222
226 77
84 263
103 154
9 248
81 38
121 192
133 205
224 131
125 202
64 35
0 201
101 213
1 60
127 56
139 243
43 20
149 29
134 179
52 113
213 23
185 121
117 71
20 105
112 213
222 184
214 102
265 177
250 160
119 251
23 260
151 67
174 144
41 144
202 232
79 207
153 154
258 100
127 112
112 33
142 93
9 5
146 196
237 190
10 69
148 86
231 93
87 200
150 154
131 127
48 18
203 254
138 71
30 58
81 77
150 20
33 199
82 180
133 86
50 151
257 233
223 224
134 5
48 176
60 20
104 242
88 87
83 258
175 63
161 5
78 89
31 142
158 62
249 177
202 161
268 113
163 117
183 16
120 113
97 34
47 247
92 175
41 21
235 61
238 27
40 60
234 1
214 137
88 85
157 267
169 85
252 215
33 227
6 172
216 49
76 178
182 14
236 68
69 240
220 4
132 43
91 16
51 270
265 237
153 13
143 43
107 75
153 105
178 257
81 124
72 152
86 206
238 68
75 42
255 153
37 175
3 167
44 254
249 50
140 16
154 256
63 79
133 12
246 90
132 185
38 113
178 43
120 63
119 136
178 249
61 174
153 165
110 114
33 233
86 16
68 134
129 269
168 206
61 155
182 214
64 182
40 217
223 133
162 3
91 147
10 203
22 147
89 126
80 59
77 109
81 28
249 70
67 153
268 6
91 36
114 206
234 126
156 158
100 157
226 107
25 189
62 29
209 265
254 249
0 173
208 172
7 108
144 267
144 170
202 234
105 153
61 261
131 131
44 69
1 125
238 82
189 171
4 230
59 262
259 142
109 121
212 40
93 16
61 51
262 37
161 32
144 196
209 253
47 177
79 103
174 269
257 153
204 246
226 199
70 254
68 180
249 188
74 23
221 67
22 201
165 176
209 103
239 54
10 138
259 71
222 16
268 204
64 210
202 185
162 107
84 268
253 158
184 228
102 43
67 92
25 112
230 256
86 94
125 137
48 100
150 143
215 155
94 120
137 70
52 12
82 193
196 202
186 125
233 142
244 134
97 199
48 237
208 132
236 179
147 156
66 236
59 46
46 18
7 75
161 181
136 72
13 155
35 96
17 229
225 54
213 27
58 258
37 81
81 15
187 250
106 110
235 184
73 245
88 194
260 190
56 116
208 88
26 175
35 111
186 158
230 19
100 76
54 132
153 147
159 210
87 146
117 235
208 105
95 10
17 227
210 179
24 218
0 161
247 236
51 255
219 132
262 145
140 74
3 147
140 184
50 86
26 206
179 233
97 201
127 199
196 140
34 260
200 30
103 182
108 237
232 225
71 109
104 133
48 235
133 251
121 182
32 170
117 109
171 0
91 266
231 250
137 126
180 99
135 196
204 186
27 117
40 238
214 167
127 152
184 182
181 128
182 68
98 181
93 268
261 225
59 117
71 101
268 66
158 254
71 262
79 66
193 243
57 239
62 198
146 217
15 26
23 23
56 164
89 61
162 224
249 120
13 142
227 43
7 229
167 265
89 178
206 36
236 216
117 105
146 110
67 167
174 69
239 76
60 113
114 117
114 185
178 194
251 168
230 155
119 53
259 232
159 199
229 212
233 199
16 91
191 243
137 63
62 150
43 22
239 102
230 219
199 211
253 104
212 242
77 129
207 262
203 116
91 87
165 111
0 249
57 162
22 90
110 194
205 180
145 54
60 73
94 177
203 248
188 125
223 42
55 188
120 222
17 76
53 263
174 175
18 54
253 88
63 186
52 218
146 169
213 149
190 149
178 226
204 164
181 28
137 148
116 49
254 179
124 7
172 149
30 49
22 67
233 156
79 138
187 49
191 218
158 187
139 265
55 109
211 99
25 87
164 115
237 197
267 186
245 165
83 16
131 222
45 50
162 179
213 147
29 249
231 179
225 125
107 88
39 195
55 39
35 82
209 37
207 146
46 25
157 115
229 182
43 50
243 44
23 241
99 137
27 150
79 266
103 35
196 124
82 34
246 82
160 94
61 127
162 230
181 74
186 239
223 0
114 12
7 221
24 110
210 109
233 169
200 161
65 109
173 77
236 175
262 20
106 212
31 237
101 36
246 99
238 52
233 74
227 26
66 90
8 255
84 72
251 155
240 244
98 263
47 245
204 112
112 123
26 127
233 161
49 56
260 116
18 205
21 119
172 220
171 200
133 69
42 153
31 258
125 144
26 202
121 166
174 50
86 252
190 30
81 4
146 96
57 171
227 78
27 258
243 213
112 48
230 140
68 243
1 225
16 215
104 180
147 2
199 215
195 92
201 28
16 187
65 252
177 138
109 208
84 85
34 128
55 82
97 267
83 133
175 154
84 45
230 165
20 117
263 155
189 166
25 200
99 166
220 115
12 104
178 22
223 185
121 137
123 58
61 55
249 242
160 229
76 46
240 143
10 128
89 146
197 78
95 23
74 252
103 127
128 168
196 16
262 231
237 127
78 115
53 200
219 84
96 260
181 161
187 264
15 234
70 134
220 232
240 63
188 158
58 2
114 96
99 107
228 108
261 238
119 140
218 127
1 96
181 2
189 249
45 161
76 36
96 209
178 261
202 200
136 38
128 158
14 129
182 238
206 82
257 145
236 89
225 19
0 40
154 93
222 87
168 139
30 175
191 93
101 141
165 170
227 170
60 47
210 143
206 118
38 34
147 244
18 178
267 207
85 178
43 93
49 258
196 8
148 214
93 202
98 126
0 239
43 258
177 198
236 228
170 244
238 178
0 42
211 97
38 216
149 121
221 182
38 139
97 42
95 155
171 222
8 0
182 100
72 179
133 260
159 86
201 23
265 39
182 78
133 236
64 106
160 222
81 90
95 265
231 110
92 145
251 269
98 27
223 237
9 56
50 38
160 45
70 113
185 65
203 264
225 155
155 79
117 244
147 149
90 246
44 142
136 13
149 152
109 60
96 41
228 74
26 74
149 130
187 207
124 213
257 252
217 268
154 175
5 146
13 140
126 148
30 116
20 123
171 78
200 90
268 239
49 186
128 64
93 255
36 64
191 83
247 52
240 214
45 229
0 4
67 54
237 257
92 99
198 58
220 95
152 134
103 229
166 11
261 64
15 9
268 55
21 193
86 225
131 111
173 207
29 90
268 121
204 158
187 104
110 3
80 37
143 269
263 94
235 257
78 270
74 99
110 47
199 173
247 242
77 215
92 270
12 240
38 156
146 200
18 106
247 127
100 94
137 79
67 67
44 30
220 238
28 34
108 79
146 35
254 28
222 230
42 207
30 156
137 252
94 71
179 213
31 67
53 188
270 80
259 224
111 230
198 46
4 157
60 135
250 130
3 111
27 23
263 31
166 52
136 128
97 65
151 136
266 256
193 230
159 249
1 251
215 133
249 237
61 214
115 93
200 26
178 99
189 67
101 50
255 4
228 38
64 81
92 63
79 155
86 79
98 91
240 104
61 250
184 196
162 255
268 20
119 85
213 94
64 45
186 229
96 6
198 238
228 67
171 208
1 111
262 86
42 180
140 105
17 62
128 247
131 18
165 201
138 20
58 220
227 133
113 164
12 211
53 47
213 52
268 132
9 68
9 133
190 36
243 17
27 126
72 73
25 47
264 260
148 212
94 28
208 207
270 87
156 247
246 172
115 244
126 43
242 113
240 37
101 114
164 159
139 100
153 169
169 20
63 105
170 102
108 52
111 133
258 185
131 209
66 117
242 243
23 84
65 206
9 207
13 26
25 20
178 234
227 127
35 91
207 24
107 154
85 56
214 3
43 181
202 149
169 255
70 169
169 75
173 95
22 54
59 257
171 237
76 230
154 51
206 260
260 260
38 154
186 146
180 214
208 154
29 57
130 91
51 206
110 80
17 255
103 69
218 80
248 118
238 224
163 201
57 77
97 236
194 264
82 221
170 93
263 143
246 68
111 221
262 128
91 134
159 76
172 45
267 41
255 161
63 126
198 76
64 191
256 95
259 3
168 90
219 72
160 203
130 226
229 83
85 223
221 171
65 229
127 131
85 240
258 75
109 31
136 124
25 26
86 0
269 140
222 131
137 200
144 224
111 28
4 142
63 229
224 34
211 113
99 197
151 166
217 216
40 206
183 266
223 263
263 178
7 262
244 3
161 226
261 143
191 67
153 255
244 99
132 241
160 240
269 181
242 123
141 18
120 199
0 197
170 239
32 200
192 131
76 180
96 98
180 114
200 231
20 32
198 248
141 64
192 208
262 125
266 67
198 111
268 77
182 117
67 187
234 235
169 65
200 194
11 231
252 217
219 68
265 148
148 90
224 146
27 0
169 160
