99 213
98 156
78 106
81 149
202 173
258 266
144 238
206 89
147 23
14 150
234 130
270 139
202 168
216 164
180 44
106 126
261 245
104 103
104 56
147 100
125 64
120 113
192 149
259 119
82 19
118 26
209 228
216 270
129 241
126 81
169 263
73 80
107 240
101 241
15 119
0 105
220 262
121 122
190 44
117 93
182 241
29 32
23 180
172 210
264 153
113 257
267 21
164 213
50 235
238 37
79 4
193 217
117 5
248 207
71 14
16 11
49 57
257 5
241 112
206 156
103 217
214 193
186 64
127 190
197 168
78 61
264 42
157 221
95 39
57 9
147 59
218 84
3 233
99 256
8 102
197 122
233 202
168 178
72 148
269 263
195 159
193 255
154 24
38 251
8 18
45 20
158 127
111 158
107 38
37 143
160 253
145 98
232 199
57 79
176 157
187 163
257 38
166 2
30 89
210 172
96 175
28 238
162 69
255 127
221 52
71 158
214 48
158 150
180 75
234 23
155 158
172 4
265 269
261 16
58 98
67 270
80 51
252 183
240 202
135 41
16 22
57 86
49 201
195 229
81 119
141 190
97 243
120 245
60 183
16 67
115 150
107 42
253 72
32 225
246 80
205 210
5 50
240 242
175 62
263 127
141 125
178 106
66 53
128 243
17 74
262 161
62 104
154 115
266 160
238 176
206 7
53 95
97 235
119 145
116 202
19 206
137 38
59 148
245 201
180 270
66 268
120 124
125 159
134 173
245 106
5 236
159 56
199 81
51 124
106 80
259 198
216 39
64 139
205 19
62 260
74 70
110 115
232 125
246 46
6 25
48 148
36 153
156 151
18 214
261 82
26 130
119 189
92 28
124 26
6 46
230 67
270 216
217 82
81 183
258 197
235 215
163 189
204 148
22 63
61 60
214 29
219 177
252 198
24 147
15 198
232 136
150 106
232 109
82 168
176 8
153 0
181 33
13 39
247 10
159 128
168 116
34 261
129 117
46 214
194 16
21 128
111 259
166 171
209 195
16 32
120 170
181 245
182 205
227 30
69 19
242 97
267 78
77 57
244 124
2 59
32 17
177 155
140 185
226 163
31 184
212 214
119 151
230 74
68 63
248 116
270 128
12 208
59 216
226 242
12 216
141 22
36 225
32 67
201 203
136 197
14 33
233 207
25 129
166 24
255 155
96 156
50 212
261 66
196 98
61 81
205 244
225 233
156 101
2 156
260 188
204 234
114 175
178 262
67 205
193 182
35 172
237 118
125 5
9 230
213 245
195 183
245 122
34 218
141 133
78 195
6 16
6 68
37 17
38 50
81 251
8 93
42 229
75 118
229 199
187 27
132 15
131 43
71 72
113 260
155 47
54 226
256 52
23 188
105 250
243 245
265 43
262 207
119 123
122 67
189 117
18 225
215 148
51 196
236 136
40 163
216 111
116 194
98 203
233 0
74 7
170 178
70 149
88 182
99 88
158 148
127 50
137 53
178 14
196 238
194 98
160 12
37 27
151 267
76 221
50 67
47 16
107 120
18 194
58 114
119 103
21 109
184 15
108 47
241 18
117 65
172 189
101 84
73 250
75 91
219 86
159 62
124 19
108 81
133 234
261 249
132 110
40 42
29 144
105 128
18 163
147 8
266 153
208 65
239 15
47 20
256 89
57 110
104 98
236 229
95 53
242 174
51 114
191 229
48 221
116 174
98 78
24 78
81 230
105 257
183 20
191 20
55 95
202 265
30 257
112 131
136 61
118 67
107 238
14 215
216 83
30 200
259 133
237 0
8 259
46 127
153 197
149 175
222 208
85 60
211 125
235 26
217 207
9 190
53 75
193 232
224 148
212 48
208 221
235 110
249 112
113 135
160 19
55 126
91 217
209 131
8 13
239 26
66 26
211 245
78 264
71 130
107 164
173 151
47 170
196 12
196 6
55 172
83 40
159 3
266 6
148 36
136 250
265 57
63 269
19 95
268 220
51 8
195 112
120 68
110 4
72 122
112 220
18 227
137 107
196 138
170 86
113 244
58 246
22 176
68 56
137 74
226 131
118 169
182 45
96 141
106 196
267 56
160 134
238 188
245 44
28 54
256 116
193 90
158 38
17 4
217 155
163 79
248 129
5 211
130 97
53 30
48 64
184 195
113 242
121 215
51 263
135 108
35 130
177 65
84 62
17 95
223 86
169 52
242 3
269 11
182 148
4 45
214 7
71 104
141 2
262 179
131 236
164 108
147 184
110 250
232 28
43 112
103 125
183 74
52 128
8 133
105 54
34 152
81 117
213 161
48 48
164 68
6 184
244 157
233 87
152 69
170 230
267 176
120 252
182 70
152 229
78 214
130 161
44 229
71 234
77 223
58 166
172 254
47 228
173 201
109 64
89 214
97 4
256 74
252 165
41 268
19 72
113 193
261 20
30 195
122 116
27 128
155 112
23 248
161 121
146 76
90 151
55 38
101 28
134 52
260 49
117 182
52 32
269 166
172 57
49 118
137 220
92 9
105 88
162 43
86 84
113 85
91 233
121 33
62 31
64 129
167 136
1 87
101 214
264 267
28 67
13 198
267 30
102 240
101 208
90 56
191 59
265 68
258 89
231 121
59 229
186 182
187 197
217 188
243 254
65 237
100 253
231 264
61 62
14 270
142 150
62 64
155 124
198 61
66 34
169 50
204 52
143 33
63 190
39 218
252 114
147 163
230 108
15 171
233 33
108 264
225 161
150 47
123 162
140 41
195 240
84 54
60 16
150 144
43 185
262 149
209 209
226 19
184 132
109 78
248 8
151 224
59 80
223 40
27 66
207 53
110 14
148 157
139 221
159 232
84 14
141 257
206 1
211 75
254 51
247 77
143 64
224 21
39 90
86 109
27 189
196 45
196 126
130 93
16 84
78 155
183 157
222 115
209 211
87 184
167 204
2 17
234 238
265 158
57 23
89 78
66 225
149 257
191 191
163 211
104 130
113 155
6 265
23 165
50 52
113 268
245 5
84 32
69 37
78 212
104 1
17 252
264 19
73 185
243 141
250 81
85 103
229 39
24 141
83 75
2 229
41 238
240 52
73 54
13 254
209 141
257 81
6 93
223 185
20 64
41 58
244 38
197 72
28 108
113 70
145 84
237 25
54 58
254 65
126 115
1 1
51 30
113 170
100 66
148 167
168 171
103 29
243 32
93 20
189 84
126 35
128 151
171 67
244 136
73 131
18 102
249 114
214 223
186 85
16 172
132 96
231 146
266 124
62 44
137 158
132 92
91 268
204 40
59 159
64 26
57 147
231 17
260 101
259 59
85 185
44 170
23 37
103 5
99 242
189 126
37 165
208 262
167 155
99 68
138 89
212 180
221 163
139 134
11 191
183 263
31 77
19 104
192 238
103 27
215 103
13 167
112 157
65 269
259 241
175 121
39 119
197 51
16 117
29 159
166 209
243 151
60 115
155 72
59 181
59 59
256 62
52 190
180 120
17 2
162 135
246 85
42 249
6 227
83 194
234 177
118 35
124 131
199 83
24 203
231 9
30 251
113 227
120 153
27 32
115 144
106 72
251 36
237 166
157 211
61 236
112 58
13 2
217 75
145 56
125 92
91 165
196 37
182 159
172 187
252 144
123 192
268 79
70 213
92 120
135 87
49 264
42 62
257 219
124 38
13 134
28 59
148 153
220 240
124 170
206 182
70 208
113 105
268 97
176 232
0 96
216 80
13 192
138 168
133 14
152 105
38 161
7 249
50 233
250 245
124 36
135 177
134 259
269 33
103 50
135 5
248 222
36 36
84 226
18 48
248 250
88 89
178 86
219 201
223 164
115 193
132 22
214 106
181 173
260 210
27 176
213 266
117 124
238 136
229 86
58 139
201 227
160 200
155 147
99 223
203 248
223 69
69 110
105 141
77 29
113 128
146 132
149 65
143 236
242 181
52 14
102 258
145 33
216 268
34 203
69 234
32 215
41 218
134 249
205 54
207 222
65 249
206 235
175 93
80 215
101 68
168 137
127 242
86 4
140 112
216 33
115 16
29 248
257 254
166 26
261 232
110 134
117 38
162 13
10 250
161 136
77 233
96 55
8 75
177 56
4 161
197 158
82 156
119 236
239 196
189 251
240 269
226 127
184 253
89 176
258 113
210 169
209 71
84 160
21 249
200 196
245 205
18 186
19 27
265 151
90 43
78 161
254 45
163 142
182 115
78 44
84 168
167 234
78 97
192 175
133 54
54 269
15 269
157 4
79 233
247 269
221 252
25 173
252 92
176 107
16 150
192 54
153 88
71 138
224 75
62 114
35 83
28 103
87 223
198 125
104 150
136 96
213 97
263 55
111 257
13 85
25 125
140 163
35 150
108 40
128 265
222 6
44 86
60 260
210 30
242 84
30 237
173 137
21 153
168 143
12 160
56 84
255 202
123 159
46 210
219 8
51 36
185 255
204 90
176 262
196 205
206 160
14 37
180 101
124 258
152 169
150 169
180 90
106 95
253 248
70 11
6 2
41 52
214 133
246 241
178 210
106 265
37 71
3 115
23 14
76 26
84 123
248 220
257 107
234 69
48 77
169 58
115 160
215 51
141 246
38 138
86 13
237 75
230 101
26 89
74 147
55 175
121 146
225 17
156 162
24 5
126 83
194 257
213 8
102 210
18 35
91 157
232 101
180 241
186 18
26 218
28 36
137 229
65 79
106 17
164 160
54 40
33 124
169 163
129 73
259 212
71 24
256 215
110 29
71 241
49 63
198 12
74 3
235 197
144 82
50 69
13 219
65 127
64 215
176 88
36 34
192 13
165 67
68 21
191 62
253 195
33 94
80 206
229 220
130 203
237 244
255 132
52 39
219 258
197 49
63 227
70 13
115 232
198 129
61 106
255 75
245 24
13 146
148 202
154 1
46 261
122 229
190 238
74 52
118 228
88 200
240 130
242 217
263 93
89 205
177 85
76 264
87 251
148 123
201 231
269 246
135 147
47 129
108 14
23 221
259 42
97 169
160 261
224 263
84 170
205 125
239 155
195 39
69 260
189 221
78 50
209 55
202 229
18 93
139 40
255 219
14 23
205 166
243 126
211 147
19 25
180 218
127 91
129 248
38 15
111 233
81 121
167 262
141 53
179 164
8 80
25 84
94 132
8 70
265 169
197 84
83 0
18 161
49 222
141 259
117 150
111 27
245 153
89 23
119 75
204 260
249 174
253 233
177 49
100 105
160 25
79 57
230 63
250 40
100 246
226 215
69 96
176 144
82 226
172 93
216 182
216 92
235 40
67 68
18 69
1 147
133 125
164 49
240 121
36 174
141 242
17 86
193 21
236 77
121 217
17 223
186 211
148 29
97 158
217 91
93 146
89 184
39 268
251 17
155 99
121 101
247 198
37 57
249 68
159 58
179 100
16 45
144 142
52 112
80 164
127 76
47 9
188 238
168 131
4 102
36 234
4 16
65 263
139 217
87 24
42 191
41 121
127 54
45 199
116 34
52 48
222 141
70 239
119 19
0 123
88 3
79 179
263 17
264 144
10 241
125 242
107 12
156 127
172 135
244 81
1 95
113 210
211 228
51 118
234 35
9 211
94 174
212 110
182 59
270 117
163 165
212 219
201 257
233 169
207 50
172 111
64 199
85 45
41 130
260 25
202 73
49 46
108 90
38 263
116 9
217 196
31 115
221 226
235 81
78 1
46 192
146 25
223 73
153 237
266 239
149 217
189 208
220 161
106 132
120 55
12 150
140 18
252 141
8 82
227 32
173 16
0 22
116 196
232 269
14 83
113 161
82 68
89 147
13 182
57 151
156 73
189 178
1 74
107 106
234 213
262 147
152 48
158 51
138 8
142 68
29 142
135 45
196 151
161 164
220 9
215 59
167 110
159 31
182 119
201 81
159 135
265 87
25 198
262 63
194 150
210 48
29 133
31 6
247 260
235 138
129 42
72 84
18 66
236 217
64 213
130 238
52 44
148 53
18 50
17 250
79 122
266 209
187 95
28 263
202 138
114 163
37 127
179 203
211 161
0 17
243 159
170 119
111 60
264 146
69 82
177 151
247 70
222 71
76 156
219 155
37 96
246 135
218 120
140 268
48 66
61 98
0 135
251 196
36 69
32 212
89 47
148 61
57 144
72 183
260 4
247 141
187 118
236 187
127 222
120 109
0 264
59 21
259 172
25 216
178 29
263 65
226 59
115 77
33 205
206 233
158 130
207 130
261 22
122 205
86 101
199 226
229 173
67 221
222 110
126 85
236 130
98 9
1 48
239 189
137 216
218 157
130 61
176 68
139 141
194 134
233 211
114 191
240 187
19 238
39 241
183 161
34 253
226 0
0 34
86 123
203 210
182 36
179 209
127 133
72 150
187 133
70 122
50 193
61 85
33 80
164 143
143 111
66 36
164 227
2 218
11 140
254 54
185 263
211 226
117 54
246 208
21 125
181 20
152 227
42 113
53 160
84 109
101 97
79 184
169 67
47 91
140 147
261 198
96 28
178 25
72 75
136 157
22 110
235 147
260 105
128 203
181 53
129 158
21 35
125 21
228 29
231 87
134 155
43 81
173 18
123 236
98 211
21 262
95 130
14 123
24 86
55 221
205 213
192 76
251 157
7 150
153 9
101 244
153 3
128 216
160 145
196 257
151 151
22 174
140 151
247 234
210 254
110 111
142 66
127 188
137 199
46 22
52 260
125 236
10 75
165 268
215 74
131 63
58 3
220 205
14 55
148 165
211 250
264 142
147 198
142 262
89 239
0 137
192 171
48 242
77 121
154 11
227 57
138 96
118 56
219 82
151 255
239 55
1 167
247 4
165 256
10 222
145 140
15 133
8 213
191 221
43 162
70 242
270 77
260 120
166 99
43 94
59 128
192 48
219 78
255 26
12 47
191 31
177 222
38 108
83 141
264 180
8 26
127 160
56 119
113 68
16 185
25 222
128 2
74 143
62 21
235 87
214 221
121 150
223 249
233 57
237 54
129 217
30 78
92 7
53 258
224 261
240 17
28 110
189 115
210 252
156 97
116 242
233 198
160 14
231 156
203 190
218 199
119 134
119 66
47 144
120 194
56 75
3 172
231 119
219 207
160 23
263 138
251 56
105 96
45 237
198 17
85 81
162 188
168 245
111 135
160 150
133 71
10 62
156 39
230 252
255 139
198 9
67 82
69 60
49 108
176 207
147 98
1 110
53 127
265 55
21 103
48 269
233 178
43 116
193 88
154 40
76 170
218 232
211 142
93 143
44 160
66 57
170 255
8 240
256 118
241 108
205 130
247 185
65 235
85 121
197 260
147 14
223 145
79 132
157 63
63 236
8 124
104 95
160 225
203 143
50 9
55 204
229 210
70 74
106 181
84 270
115 117
201 174
225 140
25 212
139 139
256 3
122 131
79 159
30 181
185 190
140 81
95 134
203 55
125 260
0 119
170 69
113 92
41 82
103 270
58 172
122 107
26 2
211 203
32 260
74 200
131 5
182 156
139 12
246 263
146 162
33 126
89 201
14 25
52 94
184 147
134 167
18 82
226 82
174 135
245 151
126 227
84 20
136 88
158 201
177 129
48 98
144 207
4 228
228 246
68 90
202 261
208 80
101 230
261 209
167 150
134 187
121 41
246 249
212 255
42 205
5 164
200 235
117 221
248 187
40 50
159 5
122 23
224 109
106 14
160 255
124 265
197 14
151 238
213 120
78 86
210 66
248 76
69 130
175 148
7 205
200 67
221 258
130 193
129 6
74 183
77 262
169 74
31 165
225 159
91 131
230 247
263 13
173 192
6 51
236 36
150 206
224 181
230 208
63 86
53 242
227 156
79 84
203 101
243 230
30 203
158 243
134 243
86 203
70 258
234 21
265 97
76 130
247 232
32 123
265 45
141 118
9 244
130 227
49 81
76 40
128 192
200 219
133 171
169 235
143 252
82 79
22 39
20 101
61 22
38 206
28 106
237 60
219 70
4 18
222 148
114 149
76 163
250 258
12 158
156 193
267 236
228 59
180 1
71 211
89 55
214 131
121 144
65 226
150 176
244 59
207 35
23 46
259 27
110 105
49 255
226 166
226 42
25 269
31 244
63 262
252 150
236 4
34 3
163 223
189 26
54 84
133 44
244 83
212 172
68 123
80 249
125 264
110 188
58 195
270 40
248 216
234 158
66 55
37 42
45 107
19 14
11 167
159 90
79 104
48 138
225 23
203 188
101 34
149 88
77 52
36 66
73 192
24 199
39 243
39 17
247 176
136 227
113 159
215 5
23 146
111 76
97 51
153 117
78 171
113 52
8 87
233 251
158 98
141 135
194 201
236 243
65 92
77 48
174 188
238 161
60 73
232 15
191 147
215 266
201 19
36 208
179 37
60 193
215 35
66 208
51 126
254 89
151 226
28 213
188 183
69 15
53 16
201 11
250 228
240 128
71 124
172 160
203 9
67 198
99 84
207 243
235 236
180 231
122 97
226 28
180 67
241 53
134 123
261 118
24 214
182 185
152 240
149 8
198 205
21 189
224 187
186 3
202 99
253 197
141 12
68 269
37 250
28 79
48 140
262 189
116 252
245 234
212 107
192 134
235 6
150 108
172 177
123 57
267 23
99 112
128 84
71 61
0 58
140 266
170 209
39 52
268 117
252 189
31 11
41 40
121 152
270 65
218 19
95 140
35 70
12 238
162 125
149 178
194 186
99 208
119 261
33 148
9 132
265 95
199 203
16 194
242 51
21 14
121 57
83 230
137 265
168 153
24 233
138 33
205 179
168 120
39 41
113 233
222 162
193 27
119 171
169 247
264 75
67 263
220 141
156 229
123 129
133 58
237 40
220 7
266 193
106 121
147 32
226 50
181 123
168 48
45 158
83 130
56 240
125 59
102 195
196 47
204 269
187 140
161 106
162 113
166 15
37 223
176 57
57 221
48 152
156 191
164 255
106 263
256 200
266 19
72 12
185 156
213 116
95 64
181 213
6 44
107 87
60 18
29 29
13 172
215 165
241 211
42 14
69 132
100 250
83 90
243 143
228 254
16 93
204 127
93 226
49 2
78 220
96 132
212 115
18 64
47 1
78 191
66 230
234 109
40 113
238 88
13 217
139 199
207 55
215 224
150 90
204 200
183 18
257 127
112 248
89 262
102 95
189 164
61 222
33 7
117 173
183 85
124 163
182 269
244 91
60 146
127 110
31 151
186 117
33 78
156 268
212 222
78 185
3 61
137 134
135 101
154 149
248 244
111 122
167 121
224 205
148 265
157 99
256 50
202 236
23 112
39 48
60 220
162 5
165 221
65 85
248 209
154 141
21 183
211 95
112 218
156 51
188 128
135 159
36 258
168 101
239 46
120 133
153 123
168 238
111 210
52 176
146 113
241 267
92 253
126 3
90 194
136 121
226 35
100 89
218 33
193 3
49 257
30 16
231 191
163 110
237 163
43 207
169 257
128 74
155 105
64 231
222 247
210 181
196 40
33 76
157 219
196 60
245 144
71 181
62 174
154 207
128 184
36 15
235 267
110 173
149 45
71 18
164 112
56 153
6 101
0 212
35 8
261 32
45 267
148 180
0 233
246 105
110 51
151 34
16 263
169 155
11 67
112 270
10 73
209 167
145 24
16 55
69 29
185 131
200 237
36 145
161 87
128 35
239 112
6 95
214 268
188 73
13 121
27 148
74 202
64 208
252 226
194 115
30 10
197 203
64 37
263 246
113 77
106 175
265 103
210 140
198 213
238 228
46 178
90 31
81 115
94 186
150 230
150 81
245 207
159 204
58 214
204 211
152 19
94 68
151 264
55 60
258 146
242 110
142 146
248 252
255 157
23 261
21 33
62 46
89 82
137 131
254 24
34 144
81 144
255 253
187 156
99 39
23 153
98 93
23 135
106 171
255 104
112 30
240 182
100 228
80 158
246 7
45 171
57 66
268 256
87 218
31 29
186 236
19 52
187 98
38 34
132 197
61 197
120 212
236 260
108 29
80 231
268 267
169 233
86 67
270 93
13 265
11 85
233 196
207 196
56 115
247 189
39 208
32 217
46 121
37 40
138 218
233 102
94 115
224 102
15 20
126 229
54 191
217 38
142 200
183 174
141 79
169 112
45 71
105 155
185 11
130 215
97 8
32 196
223 226
190 186
200 102
147 88
227 149
211 168
99 5
245 255
193 221
49 167
224 93
28 118
113 205
137 190
166 93
180 4
110 224
81 17
94 62
78 59
253 184
176 223
123 199
49 7
40 182
148 204
82 259
150 30
194 60
27 95
33 65
157 81
91 238
22 164
196 265
148 21
248 41
86 113
13 194
172 199
143 134
192 104
4 219
149 155
26 78
66 116
231 208
40 237
130 65
117 180
91 205
59 227
10 258
246 124
127 58
43 69
103 44
233 6
76 34
24 39
47 114
26 196
215 37
32 177
76 236
150 21
210 64
238 203
67 244
69 195
5 91
225 107
177 143
148 189
171 241
87 96
189 167
141 45
214 141
134 62
43 266
54 63
177 93
157 186
267 43
193 267
110 25
57 49
9 179
165 224
232 159
240 217
224 259
270 101
118 45
135 54
123 21
226 135
0 64
58 75
157 21
266 170
25 64
259 91
3 148
12 250
28 65
200 149
243 61
201 218
70 20
27 212
258 256
85 192
46 222
242 59
1 200
78 130
161 55
179 27
55 237
3 73
38 106
88 194
268 83
98 110
29 151
204 181
36 252
131 234
233 147
249 127
0 62
23 9
216 25
65 150
268 223
255 22
217 55
145 215
265 17
164 77
261 154
154 227
223 269
50 31
95 113
190 125
116 206
257 91
60 142
56 93
186 227
209 1
258 207
105 177
172 222
165 78
257 262
244 65
150 265
94 224
266 143
141 143
107 6
245 53
136 248
162 204
199 175
55 8
263 87
238 254
143 17
91 167
156 244
218 181
161 157
10 94
170 176
225 269
44 67
229 237
92 211
243 206
165 22
234 269
148 34
188 36
36 4
208 181
87 51
20 239
104 127
198 96
110 206
127 267
156 41
63 248
42 193
243 20
227 34
238 253
94 254
171 2
23 133
25 123
226 21
216 206
190 169
112 91
136 133
134 107
250 102
263 219
31 133
85 166
138 197
64 141
97 167
25 66
194 5
177 51
62 129
8 257
256 13
35 231
23 177
72 6
142 224
78 55
110 89
35 42
266 109
176 91
52 234
132 106
129 250
75 177
203 175
145 198
259 154
51 46
189 192
101 6
58 206
9 246
79 147
102 104
153 95
193 159
178 68
156 91
149 211
39 157
161 194
147 175
26 36
71 93
159 60
107 211
13 119
243 183
30 183
4 27
105 198
152 1
117 264
29 38
211 188
197 248
168 208
68 35
240 251
133 120
41 184
268 81
46 167
101 197
265 258
14 93
168 215
39 122
190 55
163 196
16 61
72 146
265 175
227 180
269 202
238 217
212 267
102 212
130 13
249 42
145 134
21 94
101 226
231 61
35 188
52 226
27 116
53 221
260 267
102 185
169 33
32 144
131 225
177 247
203 60
125 61
120 198
46 270
110 62
43 184
5 114
156 24
237 198
191 215
148 128
204 88
60 246
177 108
204 157
25 201
142 207
180 211
259 261
29 27
97 39
51 161
176 123
167 84
160 83
195 168
96 263
41 145
4 34
258 106
35 146
130 44
135 257
263 249
195 56
24 175
126 48
115 204
34 105
67 207
246 162
148 92
59 238
82 73
28 90
5 130
78 163
167 66
35 207
211 18
169 186
20 49
52 122
97 102
182 65
92 195
239 13
169 18
144 100
225 150
211 156
223 95
143 117
107 96
29 12
93 88
6 53
96 109
151 196
40 137
243 154
55 53
238 226
87 192
84 112
208 184
269 258
106 143
31 113
83 252
99 7
89 245
4 237
88 231
266 41
51 222
217 183
267 222
32 13
211 100
222 241
48 247
203 163
185 266
196 188
260 240
76 24
194 70
169 218
39 214
8 54
72 3
161 155
209 129
127 93
148 81
219 233
144 109
177 256
101 162
147 111
79 17
78 249
155 163
36 49
55 86
111 204
177 54
182 101
53 224
164 80
177 162
217 68
118 195
140 207
56 148
25 143
43 12
220 183
143 270
95 267
268 198
246 75
227 231
152 119
129 84
63 115
174 248
33 63
33 131
246 98
202 154
116 71
221 117
81 123
61 248
238 101
94 188
30 8
221 95
41 241
239 225
143 189
115 263
264 47
181 129
0 223
135 70
164 24
158 189
109 233
207 102
46 11
20 260
167 60
238 66
36 246
98 104
175 40
212 17
55 67
113 57
196 208
128 145
117 102
269 29
152 235
97 184
112 206
25 76
241 223
142 81
127 28
46 35
228 122
90 206
215 254
58 121
212 170
121 103
144 66
44 122
10 71
90 235
13 29
254 190
212 91
175 136
184 154
170 36
157 83
146 55
150 150
63 8
30 246
79 243
95 5
103 97
0 30
236 189
109 98
149 267
96 62
262 247
97 53
220 199
83 143
59 23
25 165
141 226
156 156
97 2
242 225
207 245
22 190
102 19
17 164
69 47
248 51
139 245
48 68
225 195
151 99
68 172
266 111
233 237
238 260
90 121
49 96
191 45
116 250
38 174
174 38
173 142
206 168
26 232
199 72
177 131
230 142
69 158
160 177
0 236
156 37
252 101
137 116
171 11
90 80
245 93
230 65
258 189
103 156
141 4
17 170
187 138
65 177
158 245
211 26
169 46
117 97
192 43
55 6
63 98
102 219
176 74
139 64
163 88
188 116
34 54
130 195
15 104
267 32
50 116
12 94
58 32
6 8
219 64
252 19
88 83
90 15
70 173
198 24
117 266
55 152
144 177
210 32
205 105
170 153
150 139
125 28
240 185
209 230
170 139
54 213
197 127
196 107
212 190
209 95
184 237
162 45
124 244
169 214
230 190
8 128
176 266
60 165
66 200
170 117
146 238
141 149
108 105
24 220
214 50
122 164
269 182
210 3
136 33
227 222
155 62
234 259
158 79
152 41
208 137
65 106
83 192
257 131
154 253
162 202
188 225
6 197
167 19
126 26
206 158
149 185
170 170
32 191
129 110
270 52
93 64
94 247
81 85
257 36
39 165
128 115
147 246
259 231
33 143
269 151
124 136
22 268
133 100
52 28
112 186
128 251
200 157
86 2
136 100
72 242
2 136
55 154
126 37
60 91
9 2
118 219
146 264
142 144
88 123
270 60
72 99
137 12
98 62
142 62
239 267
117 16
119 183
188 93
80 101
180 239
109 223
35 6
179 92
141 208
155 52
18 12
170 216
203 194
34 229
252 213
244 244
90 97
197 215
262 3
139 189
137 205
96 187
224 214
6 229
218 194
111 172
160 208
62 214
2 158
168 185
93 24
42 195
81 75
47 108
87 205
53 207
48 184
165 101
6 186
132 210
264 85
42 182
74 72
229 180
209 146
144 221
13 144
19 91
169 13
92 166
102 245
64 99
162 33
189 224
247 17
223 239
198 143
81 217
75 181
72 30
147 79
112 246
20 99
111 69
54 28
268 206
90 140
83 261
76 192
74 149
121 66
51 167
165 235
43 120
108 224
62 108
38 177
186 213
180 233
267 151
139 22
69 124
141 251
228 36
103 197
108 4
247 145
177 136
215 245
7 190
270 183
71 54
118 10
58 164
172 0
47 142
91 201
115 35
12 83
229 250
184 60
250 29
239 47
114 9
6 195
235 253
99 244
192 92
62 15
45 169
255 174
45 6
105 269
121 84
104 20
217 166
87 70
35 132
109 43
253 175
129 219
175 130
229 150
99 118
79 129
66 64
180 125
138 185
227 198
149 187
64 161
76 50
154 70
214 38
32 181
225 172
80 196
67 185
60 64
156 131
96 139
166 13
200 4
248 159
205 0
98 125
246 96
68 52
250 250
151 0
222 215
268 184
47 72
64 16
66 188
151 220
139 258
128 131
225 95
135 43
62 136
36 264
127 62
208 69
209 199
114 94
20 263
130 243
184 118
31 163
86 115
27 269
49 30
190 203
220 87
103 209
192 219
29 51
192 187
159 21
176 15
213 100
158 178
13 196
200 70
14 46
254 183
15 193
134 175
203 244
259 239
17 26
178 158
12 45
128 141
35 244
235 125
57 204
218 136
0 13
257 133
44 153
163 47
153 61
130 265
174 146
234 85
149 32
33 183
161 141
202 39
155 186
255 120
176 240
23 104
100 11
47 97
242 144
137 128
87 37
234 31
178 160
198 109
160 188
103 48
135 264
266 76
227 214
95 151
59 157
191 127
7 116
263 163
82 181
39 25
171 65
52 0
190 70
85 138
140 1
70 6
91 175
58 208
8 224
143 107
79 150
75 233
134 165
192 71
245 189
26 154
35 143
18 207
269 234
167 10
73 23
61 40
266 133
231 210
262 29
101 256
198 221
13 132
268 178
260 2
118 18
111 110
103 144
20 162
69 254
227 256
267 196
47 240
234 160
43 247
177 27
66 142
118 47
63 252
83 86
172 224
45 164
208 266
8 45
101 202
143 226
110 49
228 116
155 184
171 84
114 270
230 188
0 32
258 268
127 123
100 29
242 172
191 145
71 215
270 113
214 118
8 196
212 212
134 60
143 91
57 5
56 101
63 220
239 0
262 256
64 135
79 173
79 2
248 151
233 71
36 262
202 17
223 258
219 217
151 178
257 172
234 229
224 67
178 156
62 72
121 158
107 198
9 92
143 125
64 63
270 111
257 208
169 129
232 167
194 152
18 80
222 222
180 14
142 267
199 34
252 181
208 67
50 127
159 234
245 239
24 259
48 192
230 21
141 10
171 171
159 221
21 8
38 18
52 205
60 199
175 6
100 188
167 97
14 31
128 162
184 86
8 207
238 242
89 156
91 54
42 4
155 197
103 225
101 184
152 198
143 250
55 41
8 6
88 154
259 165
160 159
61 191
221 70
152 138
90 133
188 71
36 232
18 119
208 31
214 244
5 190
67 112
75 223
230 54
71 250
231 237
23 102
210 79
46 87
64 121
92 30
56 145
168 253
71 189
57 7
14 21
15 57
138 0
140 51
18 55
95 142
32 81
67 194
114 253
21 221
80 255
146 102
24 119
131 152
185 4
137 177
203 166
62 27
167 103
172 26
190 259
131 176
174 34
22 87
69 222
205 237
88 114
41 119
229 118
209 251
196 105
46 73
255 87
8 185
183 203
102 66
14 263
208 24
57 94
135 135
29 105
52 58
195 139
70 63
166 119
172 68
221 264
10 239
13 113
222 93
175 225
102 180
167 114
88 14
102 131
159 120
52 203
25 188
83 258
257 87
140 168
134 121
103 24
153 258
94 197
153 195
131 159
184 41
51 224
82 223
128 112
96 87
98 14
176 215
114 33
218 118
13 124
135 114
137 32
89 119
262 263
192 125
180 250
205 60
254 107
4 75
105 74
103 129
138 227
31 202
66 186
35 250
228 49
184 66
104 262
179 5
126 262
64 175
21 91
179 221
14 44
88 53
1 191
136 242
84 105
261 159
15 15
117 12
164 4
126 134
12 37
83 88
152 30
155 195
186 20
126 127
214 114
235 99
217 148
180 248
42 199
233 95
64 65
111 228
124 81
24 227
125 130
78 169
59 137
237 111
48 28
168 25
195 267
73 181
30 269
184 265
224 53
81 233
61 203
214 104
98 106
115 1
227 88
256 186
219 129
235 83
102 187
246 72
199 121
53 264
64 73
249 269
12 136
219 197
98 86
45 232
165 61
89 30
101 179
152 262
171 128
115 261
6 269
45 193
228 209
106 0
16 148
255 221
160 172
88 207
185 74
24 268
42 216
62 74
166 255
69 112
67 43
227 45
194 161
45 260
45 145
147 191
248 172
237 38
220 33
96 164
245 133
79 53
262 227
6 140
168 39
69 42
91 177
270 115
127 113
226 44
24 210
49 54
220 134
33 162
117 91
136 173
35 28
237 267
0 247
37 90
87 46
9 268
145 190
229 9
249 72
258 226
182 187
4 155
230 245
53 178
25 149
194 41
142 41
23 242
150 68
82 7
198 246
47 81
22 238
104 264
122 55
54 101
135 39
181 203
101 60
176 21
2 50
127 143
1 169
161 73
251 32
51 159
13 96
202 89
11 143
180 177
150 189
242 160
59 65
230 113
167 248
133 98
177 83
222 84
27 50
263 15
202 79
6 34
218 209
254 63
70 268
259 254
89 152
100 18
34 263
267 12
72 112
143 46
244 76
188 202
111 64
104 196
159 7
74 100
242 37
150 119
49 79
179 195
150 129
47 99
192 115
223 113
23 48
238 230
157 129
237 62
207 264
102 37
216 94
161 242
230 106
247 118
88 100
234 225
49 186
139 107
211 46
242 213
191 84
118 82
132 178
123 215
41 243
33 202
35 90
73 69
11 96
141 92
222 56
204 8
269 13
119 254
69 141
266 198
80 131
2 173
83 139
33 3
11 161
188 219
155 14
177 6
270 168
138 174
154 139
113 165
159 110
112 115
162 143
161 196
258 260
204 195
109 6
72 209
40 105
184 98
265 254
48 40
37 6
131 221
47 238
34 122
25 23
138 23
181 139
23 21
145 217
74 111
198 107
93 99
216 20
182 30
132 244
30 239
143 160
88 169
13 205
189 156
2 226
118 49
228 248
263 38
54 120
196 70
227 80
142 228
229 33
1 79
129 172
138 269
210 68
154 104
215 124
45 129
135 63
220 66
139 3
49 93
15 85
91 181
70 218
177 196
153 218
82 57
256 93
53 22
221 13
37 244
248 12
257 166
57 263
111 3
56 106
39 59
116 67
225 170
36 242
5 267
12 108
97 130
121 134
98 254
129 3
154 16
192 106
232 144
151 212
81 208
164 26
94 97
157 217
129 209
207 96
63 93
106 179
81 30
83 250
115 37
167 78
29 201
241 197
238 186
127 125
238 269
91 112
136 225
163 114
33 82
88 43
57 250
230 117
27 123
106 151
112 229
178 223
28 169
29 193
190 49
206 201
118 212
263 123
243 30
8 24
126 234
254 244
263 165
109 191
51 165
241 171
210 218
82 44
98 3
23 76
17 137
198 157
120 176
200 122
69 165
72 139
93 238
183 54
35 112
173 220
197 240
13 117
139 219
177 251
194 242
227 141
46 256
48 176
76 235
62 10
263 251
218 133
162 261
210 201
20 70
31 75
37 98
232 205
173 6
131 29
92 164
191 78
140 20
31 175
34 257
94 262
83 179
222 42
264 263
240 84
200 138
246 23
184 114
77 64
208 3
52 116
156 188
244 259
0 198
249 170
224 235
252 257
269 84
115 11
266 141
228 134
221 197
207 237
69 108
140 71
13 148
10 83
257 42
2 23
218 95
150 137
119 73
134 21
160 245
121 74
62 172
67 250
7 244
9 77
255 106
183 196
198 91
262 221
169 261
261 36
193 0
242 135
96 107
21 178
268 208
5 234
172 24
139 236
160 170
11 128
78 103
221 2
227 229
166 82
53 125
235 16
206 26
250 113
115 265
82 14
79 177
74 151
34 190
202 126
191 162
260 197
182 154
187 231
137 10
127 6
74 81
175 143
30 103
39 224
8 255
261 164
33 150
84 1
145 88
45 131
68 168
259 44
116 95
38 53
107 112
218 66
103 146
264 176
58 116
254 140
152 140
204 114
255 234
216 190
10 57
99 120
253 246
166 91
90 231
164 258
98 41
104 175
179 229
68 45
268 204
145 175
259 29
249 185
37 51
162 258
192 25
230 11
242 34
267 28
143 119
27 38
101 224
121 219
195 117
114 142
101 144
139 191
21 265
6 27
261 126
100 255
177 41
249 259
97 77
156 149
1 253
252 89
108 239
150 234
220 54
166 89
180 69
136 167
26 34
37 59
184 166
267 254
43 100
56 219
12 111
264 10
56 99
63 163
237 5
123 270
208 119
186 99
235 233
90 203
86 199
257 9
190 166
31 161
227 17
270 121
111 155
43 118
68 58
245 167
230 13
31 49
158 24
56 88
150 167
99 114
188 252
139 205
204 109
7 91
131 98
213 242
141 55
229 88
50 0
121 236
49 154
97 182
59 256
17 15
240 195
43 233
69 220
146 53
185 77
53 156
166 80
68 267
185 19
176 114
113 145
96 261
171 151
112 226
98 160
32 223
162 159
129 224
253 152
103 52
138 165
43 238
114 235
18 216
262 34
218 42
16 34
71 132
6 160
199 217
64 24
235 145
233 45
215 110
237 151
184 112
81 6
232 2
90 199
82 249
139 79
8 8
214 16
175 42
36 155
98 129
191 123
201 249
104 230
187 181
247 143
226 123
176 234
225 15
100 13
163 256
257 7
145 160
233 205
188 213
10 15
49 141
72 71
109 211
107 162
105 16
107 31
61 147
236 173
191 231
201 238
191 173
193 192
96 173
72 252
2 93
172 153
162 169
248 204
97 171
270 125
69 167
256 205
198 30
126 244
247 43
72 58
135 235
20 251
128 92
228 110
28 231
194 132
40 209
34 187
64 6
6 154
70 179
104 218
164 12
131 85
193 58
257 213
162 171
243 215
138 132
8 242
162 182
85 140
11 157
89 267
30 135
220 130
80 162
124 96
107 2
30 177
244 165
210 183
258 40
99 60
70 111
232 43
78 6
160 143
268 110
150 228
139 45
59 141
9 253
203 124
121 105
84 83
87 22
232 255
236 177
61 54
7 267
225 231
72 213
66 151
93 266
162 228
158 85
99 64
131 189
137 21
219 116
48 211
127 60
248 161
133 10
187 191
255 20
137 98
11 159
253 235
103 256
7 126
147 250
37 8
8 15
151 236
72 162
91 78
206 97
49 143
57 236
117 262
256 48
251 115
120 148
143 56
126 8
199 177
176 119
164 206
23 167
155 22
112 208
174 232
205 116
80 38
174 74
167 68
211 128
239 74
6 207
19 249
105 26
170 25
176 134
202 46
226 249
237 42
264 171
207 87
89 69
135 116
250 216
105 24
148 248
11 110
79 77
248 82
64 137
263 258
183 172
248 74
18 259
55 187
146 171
37 140
253 266
135 125
31 97
128 82
204 185
136 160
213 226
12 98
96 48
65 184
138 156
135 78
139 253
93 148
80 171
79 99
262 81
247 202
173 2
63 250
250 239
217 8
234 67
51 26
70 45
254 96
83 225
223 230
9 144
235 42
198 179
198 219
103 73
183 4
82 21
43 198
117 83
247 113
122 118
44 73
180 116
157 123
204 262
10 8
195 231
184 186
249 183
15 235
139 209
188 105
39 27
12 122
167 95
25 1
199 247
117 69
32 135
220 56
108 152
13 252
215 261
58 1
243 49
60 45
80 186
89 212
229 102
40 230
243 105
236 225
39 22
111 113
114 59
46 68
201 137
81 151
202 220
138 241
43 187
30 259
107 130
93 251
37 111
103 203
34 259
170 207
105 134
174 186
148 26
24 27
180 35
249 16
164 10
60 38
153 59
171 58
72 52
92 122
217 266
81 240
264 133
234 43
126 162
204 161
112 137
134 189
97 112
161 240
212 73
95 147
269 265
188 148
98 116
131 129
197 217
211 230
181 88
106 165
256 251
184 116
149 3
90 9
39 127
219 74
145 226
7 152
263 169
132 20
224 58
188 30
78 197
76 195
132 150
262 181
260 226
250 12
179 57
134 3
176 95
125 94
253 17
39 175
100 181
62 91
220 42
215 9
182 0
57 52
245 36
130 141
5 0
168 231
97 191
123 37
30 157
141 244
58 96
140 43
6 123
99 190
79 267
170 100
236 255
72 248
154 244
13 213
91 215
168 240
206 104
194 23
184 211
266 231
50 28
73 5
207 144
66 99
150 269
152 204
46 156
61 228
179 251
4 169
186 93
62 6
181 175
37 32
184 201
248 192
64 91
124 228
12 203
33 231
156 75
83 217
263 167
223 206
270 6
227 247
101 222
175 193
232 4
44 205
44 128
24 225
151 32
42 264
6 209
122 268
119 84
69 215
29 211
52 135
240 65
161 247
11 206
269 180
246 230
235 179
149 99
63 234
48 146
164 44
41 38
170 198
197 258
191 80
220 216
253 94
238 159
96 85
143 22
244 34
153 213
11 30
193 117
239 153
269 68
240 213
253 268
10 260
1 72
218 215
72 201
96 128
184 84
52 249
66 45
155 60
245 245
156 114
16 115
150 43
153 43
182 83
122 245
243 222
262 244
195 58
100 186
146 62
3 235
1 15
214 31
77 117
216 200
239 106
265 250
158 223
237 184
123 5
55 150
123 7
61 131
74 79
36 216
80 21
195 114
31 221
214 122
132 104
119 185
189 245
264 135
230 104
6 14
195 192
85 111
245 253
79 245
87 102
190 107
171 252
81 267
51 242
203 82
147 75
87 208
231 0
211 242
181 12
245 63
247 2
77 229
22 227
186 253
246 244
5 178
208 63
54 76
55 177
218 190
203 258
31 130
57 160
130 95
126 170
245 67
7 247
39 81
15 43
38 100
190 105
81 224
236 258
80 222
115 85
232 189
111 78
41 76
258 49
94 48
49 35
244 79
124 234
16 244
228 146
246 18
126 266
9 4
182 219
251 42
205 41
186 113
203 28
43 146
95 78
239 137
202 142
13 126
84 265
194 124
132 260
204 107
216 198
71 36
143 83
78 266
25 167
23 137
64 14
78 20
130 210
109 45
227 15
91 213
82 170
216 137
144 118
15 253
6 223
135 229
101 43
80 242
158 13
146 235
54 15
91 261
34 226
115 154
229 178
18 233
20 16
141 57
100 62
207 82
260 30
51 178
133 109
14 227
226 258
204 117
44 269
18 10
161 257
109 106
102 106
115 234
7 55
85 96
85 250
190 76
110 226
221 139
259 65
260 180
108 49
125 12
64 143
105 145
126 204
164 225
35 32
246 152
251 235
0 56
169 193
192 185
93 141
198 105
237 138
150 1
143 214
8 181
82 238
180 188
135 119
237 103
242 128
62 116
47 194
188 233
242 187
269 31
256 128
125 200
34 66
217 247
269 248
247 6
109 124
15 121
210 73
154 269
18 145
184 36
38 55
169 44
37 179
240 173
167 134
240 135
160 154
75 194
262 191
211 60
56 33
161 231
54 200
59 248
84 67
95 252
263 205
171 219
173 109
193 99
223 108
42 39
190 219
69 79
211 5
72 207
148 63
268 5
201 72
99 221
48 127
127 178
258 141
41 180
10 108
175 109
210 12
234 8
199 32
119 217
195 64
219 173
40 250
89 45
76 110
10 234
69 22
196 259
151 45
260 73
204 236
191 2
233 227
12 0
166 159
231 224
113 143
22 182
92 224
45 254
175 86
200 74
89 233
2 57
166 177
21 37
41 13
0 103
199 85
68 155
70 225
151 3
30 118
6 192
182 178
250 119
70 136
145 236
110 239
183 146
17 217
65 94
17 160
132 27
113 55
119 69
116 190
142 123
45 105
203 137
51 33
107 140
197 10
255 159
124 85
190 86
187 224
234 149
217 233
251 72
180 186
80 26
16 213
143 11
35 265
249 57
70 206
26 186
139 10
220 209
268 210
200 245
200 24
268 232
42 270
247 255
195 181
251 266
253 160
132 60
10 142
95 236
18 33
15 195
209 50
63 176
174 115
250 38
114 203
101 220
193 37
99 267
60 195
246 251
117 188
236 7
175 36
114 13
216 125
168 265
114 250
18 100
133 28
168 92
223 171
200 46
128 48
111 267
233 267
14 184
80 79
189 142
251 185
11 218
178 166
232 203
208 139
259 209
69 156
66 183
219 264
47 172
250 158
125 178
158 19
209 113
126 206
122 213
210 25
93 246
132 188
226 168
120 34
148 143
108 17
265 40
171 193
172 75
40 196
115 53
214 153
110 244
130 31
18 78
112 111
98 108
167 236
247 14
57 158
19 251
267 98
267 258
158 29
142 248
1 81
134 55
29 25
6 162
73 254
115 7
68 257
216 41
244 51
222 224
211 166
180 216
126 164
244 96
89 87
152 150
223 160
66 122
78 136
27 26
228 40
7 104
154 48
214 255
194 25
225 133
128 8
82 254
77 138
155 122
192 23
218 205
70 35
107 236
261 219
181 220
85 142
216 3
113 79
127 207
179 122
245 89
258 34
245 112
201 2
234 14
256 207
199 181
119 143
105 163
266 211
195 14
230 167
268 153
181 58
94 32
61 256
5 12
46 263
197 35
127 186
197 181
243 208
235 211
194 269
230 50
192 202
205 87
152 253
228 252
210 111
247 191
148 38
91 244
174 224
179 162
244 265
117 43
166 237
175 201
268 142
169 54
169 88
7 144
176 242
101 204
39 57
44 220
169 161
201 162
229 31
6 131
80 67
46 103
48 11
253 4
114 87
82 55
119 87
90 53
254 134
20 54
262 121
82 232
176 55
178 110
122 194
166 270
195 122
170 38
264 256
129 132
82 218
11 77
174 107
209 61
125 168
142 234
124 177
77 104
265 213
120 168
161 190
217 101
178 242
190 247
126 252
245 20
22 101
228 101
41 135
48 62
6 103
169 114
49 179
204 155
213 157
10 145
106 160
148 77
65 83
152 142
195 99
189 32
209 197
194 169
5 173
148 132
150 213
9 79
182 75
33 208
157 234
60 172
179 88
246 140
256 140
185 180
268 192
192 41
241 12
90 11
36 119
43 141
62 126
261 58
52 194
221 170
107 118
18 169
5 28
251 237
196 110
258 115
103 54
166 44
171 169
83 166
258 135
96 183
201 91
246 216
169 152
121 21
138 42
58 107
162 49
215 56
51 259
209 206
93 134
189 231
181 38
210 256
126 151
42 60
255 58
6 10
202 156
25 145
1 214
209 88
47 47
119 220
169 37
47 33
13 237
118 190
258 97
172 28
117 36
39 229
35 18
225 129
90 237
150 186
176 185
1 196
247 253
9 103
24 82
202 30
216 204
45 113
147 57
79 247
167 46
152 257
87 60
250 58
265 107
69 262
133 177
249 190
240 126
213 155
36 186
94 150
22 56
21 31
134 118
96 32
168 76
124 68
89 218
112 141
170 34
179 138
251 175
96 69
255 172
202 267
248 157
17 13
177 90
159 247
250 220
6 168
51 247
232 201
254 143
226 197
91 142
215 112
179 50
181 92
192 29
54 202
210 114
108 181
244 22
54 173
228 168
128 253
195 89
90 124
153 63
159 122
226 188
180 179
267 45
92 97
165 247
262 11
31 95
232 263
227 55
151 218
118 89
170 253
189 46
19 154
40 15
13 174
5 262
261 80
217 85
81 253
133 40
225 257
244 7
148 177
228 200
204 17
8 161
204 168
184 168
53 7
202 196
123 218
263 262
9 66
24 139
180 160
168 55
159 156
22 266
5 36
199 103
146 81
190 53
68 170
219 52
138 81
174 0
142 43
89 76
270 15
149 225
196 62
260 207
80 213
244 155
206 148
151 222
193 39
71 95
262 9
50 152
268 128
64 47
188 54
8 145
53 158
93 6
53 162
48 213
179 261
21 145
103 251
124 14
236 85
35 79
59 19
51 198
82 265
93 77
180 137
94 264
90 29
138 150
218 21
175 183
220 171
153 239
150 66
181 51
50 39
18 253
50 94
233 92
26 214
251 15
109 67
213 18
78 231
90 182
104 170
249 10
6 260
10 81
204 74
163 42
77 2
109 209
129 152
28 191
179 21
26 40
152 107
224 5
162 163
173 129
14 181
229 60
124 207
186 29
59 197
105 237
107 16
42 137
22 250
115 170
79 175
71 229
117 73
60 133
270 82
99 230
249 100
161 199
86 62
249 77
159 218
242 45
158 92
34 15
20 160
32 204
217 245
187 266
50 48
47 106
130 151
222 10
136 200
138 105
136 117
268 238
148 182
248 178
255 82
173 170
221 207
196 78
133 209
112 13
19 185
12 115
182 170
255 61
266 117
256 64
111 130
108 100
258 73
247 125
42 87
136 270
236 114
140 166
159 212
44 102
229 230
39 155
33 185
119 243
169 268
89 41
46 220
3 71
154 199
253 21
214 108
161 6
182 176
166 9
196 133
100 210
152 176
175 17
187 62
87 120
166 242
80 19
122 120
34 246
196 91
46 101
212 237
121 221
237 48
104 143
157 111
236 234
53 61
239 28
73 141
203 227
177 20
160 127
230 144
218 192
166 186
181 77
63 109
23 25
263 192
10 232
162 127
165 210
143 158
4 159
196 166
87 213
245 126
250 150
119 105
14 115
270 214
70 102
70 187
54 112
129 222
250 31
188 247
257 195
257 11
216 113
49 37
149 183
220 253
88 80
263 57
180 258
235 101
182 211
106 169
166 127
98 261
142 109
150 191
18 159
200 79
95 198
113 60
141 107
66 176
264 64
223 139
48 136
113 231
117 171
174 56
97 213
257 119
167 12
233 124
114 195
175 125
64 71
24 114
62 134
186 198
149 127
61 58
107 150
231 45
107 269
16 123
127 4
79 28
149 97
46 90
231 102
192 5
129 29
47 150
99 52
83 22
258 164
166 157
61 109
11 249
174 111
120 228
70 143
223 147
208 29
72 160
53 56
47 200
44 256
58 170
191 47
34 215
7 179
242 65
131 218
42 74
45 83
262 260
245 142
220 181
112 23
71 220
101 182
153 76
189 48
204 62
81 40
241 106
248 139
80 181
92 150
167 32
148 87
62 246
127 117
230 115
261 166
92 15
40 270
161 109
88 68
171 191
35 93
38 261
87 39
33 5
221 250
15 173
18 22
211 210
259 81
58 183
187 179
72 230
67 157
233 26
74 24
139 215
76 154
196 135
207 114
219 238
108 174
70 80
188 28
164 177
111 103
73 37
58 142
254 47
47 70
70 53
254 70
171 162
203 256
15 53
84 190
131 270
122 176
96 111
29 75
18 6
77 90
106 40
260 103
67 30
44 231
71 4
185 187
138 225
183 38
143 44
176 264
198 5
3 41
199 28
170 225
134 72
221 242
99 219
234 255
86 104
63 23
212 122
22 252
38 163
236 2
226 182
216 48
218 40
144 234
212 65
71 141
244 232
154 18
178 264
137 183
179 33
34 34
39 129
183 221
133 154
114 147
5 166
222 112
41 197
21 237
77 193
3 191
60 129
239 119
193 14
213 25
27 75
145 250
29 61
19 74
234 90
1 108
219 195
41 24
192 69
23 7
30 223
73 83
175 171
200 143
70 94
177 149
119 164
209 5
115 172
225 48
69 61
184 3
257 76
106 158
49 139
91 76
126 145
122 39
106 98
176 249
218 62
20 90
263 67
37 172
260 228
146 177
61 234
111 144
15 265
181 31
171 107
179 52
157 31
207 61
163 198
219 230
153 121
235 97
94 165
102 152
177 63
184 268
106 242
73 234
35 164
67 28
233 16
129 143
266 268
146 27
43 139
235 251
41 95
43 16
28 158
230 136
10 60
122 99
30 31
66 120
195 48
239 191
188 265
207 5
186 9
140 53
27 152
157 248
32 157
241 209
89 216
215 27
27 22
247 63
148 19
28 40
243 63
220 228
15 1
24 63
125 198
194 13
60 201
166 240
193 148
195 7
100 86
219 243
153 47
178 240
103 163
134 157
210 220
252 228
35 128
95 76
107 53
218 172
206 52
27 61
254 49
261 205
78 157
184 75
40 88
52 24
259 36
252 270
172 179
236 269
259 108
167 129
78 68
33 96
49 171
213 5
140 234
160 179
72 205
214 33
252 70
10 210
126 176
47 259
175 195
81 204
21 71
226 121
167 152
261 27
49 241
234 137
269 21
90 114
169 35
181 262
137 243
181 260
252 23
75 165
113 262
196 250
0 126
10 270
37 37
257 231
122 178
17 105
92 22
72 217
142 260
1 217
212 6
46 212
120 120
71 38
159 171
37 151
232 55
229 120
109 235
5 180
144 40
129 160
213 195
75 128
22 219
40 4
140 145
214 238
251 159
215 226
78 27
136 52
17 162
177 121
232 8
222 54
267 96
11 252
261 62
50 177
207 209
269 17
254 85
243 36
248 0
16 180
225 221
33 103
246 156
36 105
44 192
188 108
235 33
78 235
53 129
141 222
99 192
77 21
120 48
198 207
264 81
192 269
126 167
254 227
195 11
109 204
176 110
123 25
225 240
143 222
160 33
184 170
176 66
105 119
35 53
113 1
184 100
269 212
32 246
239 24
198 141
98 50
149 223
101 238
190 73
6 128
269 136
87 210
240 193
262 177
16 139
45 81
37 214
173 190
104 18
231 26
44 88
153 71
17 179
159 87
264 125
252 169
28 31
169 220
164 46
7 211
77 176
245 261
4 7
70 76
83 228
7 66
18 139
207 43
114 255
47 7
260 242
30 164
213 75
190 94
138 207
214 73
126 185
113 8
193 253
61 8
58 48
224 111
80 145
225 223
160 243
69 244
104 75
164 90
21 52
227 173
125 113
0 240
270 42
60 104
210 191
27 52
48 232
48 52
84 18
128 205
119 33
129 190
177 208
144 89
87 30
82 122
136 90
31 79
251 94
48 223
156 266
124 237
31 205
246 12
245 203
86 253
91 48
100 41
216 248
0 46
265 236
164 14
264 265
120 162
108 58
61 265
181 103
54 54
1 51
45 265
255 248
243 107
89 98
45 12
53 192
94 232
184 17
44 14
242 184
250 256
129 239
10 202
108 94
223 12
250 214
45 155
32 262
91 95
154 113
135 262
24 3
165 110
53 247
131 216
58 118
130 191
89 36
152 269
26 230
235 231
116 3
202 53
195 264
227 120
8 209
19 34
232 265
136 179
155 77
200 17
216 134
249 218
40 107
5 116
56 121
224 247
59 221
120 107
109 15
95 149
73 92
96 189
262 18
137 119
154 229
221 155
20 126
229 222
127 34
33 133
92 231
24 231
229 148
173 148
130 267
113 184
140 94
23 124
38 195
207 37
116 152
212 126
140 228
215 157
57 182
33 244
193 162
59 50
61 240
197 145
203 19
120 234
126 257
20 56
230 15
29 43
227 196
193 240
113 15
258 117
258 187
256 121
219 246
120 210
127 72
3 146
33 164
45 180
57 252
218 25
83 209
56 191
15 3
191 164
256 98
254 3
25 49
92 133
31 159
64 125
266 47
120 46
225 165
53 60
28 195
238 165
237 192
262 84
43 178
203 80
210 93
56 65
104 186
48 181
139 251
115 55
252 96
179 259
168 118
269 95
198 201
179 12
54 176
220 118
270 192
240 67
112 62
91 119
238 129
82 61
67 80
167 17
54 93
80 220
206 211
11 259
76 201
161 34
146 252
116 18
212 32
90 179
1 258
78 222
226 76
82 263
103 154
9 248
82 38
121 192
132 204
224 131
127 202
64 35
270 200
100 212
1 60
128 56
139 242
44 22
148 31
134 179
53 114
212 24
186 119
118 71
21 105
111 212
222 183
213 102
266 177
250 160
118 251
22 260
152 67
173 144
43 144
202 232
79 208
152 153
258 99
126 112
113 31
142 93
10 6
146 196
237 190
10 69
146 86
232 94
86 201
150 153
131 127
48 18
201 255
138 72
30 60
82 77
152 21
34 200
81 179
133 86
49 150
257 233
223 223
133 5
48 177
61 20
104 241
87 87
84 259
175 64
161 4
77 88
31 142
157 61
249 176
202 161
268 112
164 116
182 16
121 114
95 34
49 246
92 176
42 22
235 61
237 27
40 60
235 0
214 136
88 85
158 267
169 84
252 215
33 227
5 171
216 49
77 178
182 14
236 68
69 240
221 4
133 42
91 16
51 269
266 238
153 14
144 42
106 76
154 106
179 257
83 124
72 152
86 207
238 68
77 42
255 153
37 176
3 167
43 254
247 49
141 16
154 256
63 80
135 11
246 91
132 186
38 113
178 43
119 64
120 136
178 249
60 174
153 165
109 113
34 233
86 15
68 134
129 269
168 206
60 155
182 215
64 182
40 216
223 133
162 3
91 147
11 204
21 147
89 125
80 61
77 108
81 27
250 70
67 153
268 7
91 36
114 207
234 126
157 158
99 158
226 109
24 190
62 29
209 264
254 250
0 174
208 171
9 110
143 268
146 169
202 234
104 152
61 262
130 130
45 69
1 125
238 83
190 171
4 230
59 261
259 142
109 122
212 40
93 16
60 52
263 36
161 31
144 196
209 253
47 179
80 103
173 269
257 154
205 246
226 199
70 254
69 181
249 188
75 22
221 67
23 201
165 176
209 101
238 53
11 138
259 71
221 15
267 202
64 210
202 186
162 108
83 269
253 158
184 228
102 42
67 92
25 112
230 254
86 94
126 136
48 100
150 142
215 155
93 118
137 70
53 13
81 193
196 202
187 126
232 142
244 134
97 199
48 237
207 132
236 179
147 155
67 235
58 46
46 18
6 75
161 180
136 72
12 156
35 96
17 228
226 54
213 27
58 258
37 80
81 15
187 250
106 111
235 185
74 244
86 194
260 190
56 117
208 89
26 175
35 111
185 158
230 19
99 77
52 130
153 148
159 210
88 145
118 234
208 103
97 10
16 226
210 179
24 218
1 159
247 238
51 257
220 132
262 145
139 73
4 147
139 183
49 85
25 204
178 231
96 201
127 200
197 140
36 260
200 30
103 182
109 237
232 225
70 109
104 132
48 234
134 251
121 184
33 169
118 109
170 0
91 266
231 250
137 125
180 98
134 196
204 187
26 118
40 239
215 167
127 153
184 181
181 127
182 68
99 183
93 268
261 225
60 117
72 101
268 66
158 255
71 261
78 66
192 242
57 238
62 199
147 216
15 27
23 23
56 164
88 62
162 224
248 120
14 143
228 43
8 228
167 264
89 178
205 35
237 215
117 104
145 111
67 166
174 68
238 76
60 113
114 115
114 185
177 194
250 168
229 155
119 54
259 233
159 199
228 212
233 200
17 91
191 244
137 63
63 149
43 24
239 103
230 219
198 211
253 103
212 244
77 128
206 262
203 115
91 88
166 112
0 249
57 162
22 89
111 192
206 180
144 54
60 75
94 177
205 248
188 124
224 42
56 189
120 222
18 76
53 262
173 176
18 53
253 87
64 186
54 219
148 169
213 149
190 148
177 225
204 165
180 29
137 149
116 48
254 181
125 7
172 149
29 48
23 65
233 157
79 137
187 49
191 217
158 187
138 267
56 108
212 99
24 88
165 114
237 196
266 185
246 164
83 16
131 223
44 50
161 178
213 147
28 250
231 179
226 125
107 89
40 194
56 39
35 81
209 37
207 146
48 25
158 115
228 182
42 50
244 45
22 241
98 138
27 150
80 266
103 35
196 124
83 34
246 83
160 92
61 127
162 230
181 74
186 239
224 0
113 11
8 222
24 111
210 109
231 169
200 160
65 110
174 76
236 175
263 20
106 212
31 238
101 36
246 100
238 51
232 74
228 27
66 90
9 256
83 72
253 156
240 244
98 263
48 244
206 112
111 125
26 127
232 161
51 56
260 117
17 205
20 119
171 221
171 200
133 69
43 154
32 258
125 143
27 201
121 166
175 48
85 252
190 29
81 4
146 96
56 171
227 78
28 258
244 213
112 48
229 141
68 242
1 225
16 215
104 180
147 1
199 215
194 91
201 28
16 187
65 251
177 138
110 208
84 85
33 129
55 82
97 267
82 132
175 156
84 44
229 165
19 117
263 155
188 165
26 199
97 166
220 115
15 102
177 22
225 183
122 136
123 59
60 56
249 243
160 229
77 46
241 142
9 127
90 145
198 79
94 22
74 252
102 127
127 168
197 16
261 230
238 127
79 116
52 201
220 84
95 260
181 161
186 265
16 234
70 134
220 232
241 63
188 158
60 2
114 96
100 107
228 107
261 238
120 141
217 127
2 96
182 3
189 249
45 162
75 36
97 208
177 260
202 201
137 40
127 158
14 128
182 238
205 81
259 144
236 89
224 19
1 40
155 93
221 86
168 139
29 175
190 92
102 143
164 170
227 170
60 47
209 143
206 118
38 36
148 244
19 178
266 207
85 179
41 93
49 259
196 9
148 215
92 203
98 127
270 238
44 258
179 197
236 227
170 244
238 178
1 42
210 97
38 216
149 121
222 181
39 139
96 43
94 157
170 223
9 0
182 99
72 179
133 261
161 85
199 22
265 38
183 77
133 236
64 108
160 223
81 89
95 265
230 111
92 145
251 268
98 29
223 237
8 56
51 38
160 45
71 113
186 66
202 263
227 158
156 79
117 244
148 150
91 246
44 142
135 13
149 152
109 60
96 41
228 76
25 74
149 130
187 208
124 214
257 252
218 268
153 178
6 146
14 141
127 149
29 116
19 124
172 77
200 89
269 240
47 186
129 63
92 255
35 64
190 82
246 51
241 215
46 230
270 4
68 54
237 256
91 99
197 58
219 96
152 134
102 228
166 11
261 64
16 9
269 55
22 192
85 225
130 112
174 208
28 88
269 119
204 159
188 103
109 2
81 36
141 269
263 95
235 257
78 269
74 98
110 46
199 173
247 242
76 214
92 270
12 240
37 156
146 200
19 106
246 127
100 94
137 79
66 66
45 32
221 239
28 34
108 79
146 34
254 28
221 230
41 207
31 155
137 252
95 70
179 212
30 67
54 189
270 80
259 224
111 231
198 46
4 157
60 135
250 129
3 112
27 24
262 31
167 53
136 127
97 64
151 136
266 256
193 230
159 249
1 251
216 132
249 237
60 214
115 93
200 26
179 97
188 69
101 51
255 5
228 38
65 81
92 63
80 155
86 79
99 91
240 104
62 251
185 196
162 255
268 20
120 85
214 95
64 45
186 229
97 6
198 238
228 66
172 208
1 112
261 86
43 180
140 105
18 62
127 249
131 18
164 201
138 20
58 220
227 133
112 163
12 210
53 46
213 51
269 130
8 68
9 134
190 36
243 18
27 125
72 73
25 47
264 260
148 213
94 29
207 207
270 86
157 246
247 174
115 244
128 44
243 112
240 37
101 114
164 158
138 100
152 171
169 20
63 106
169 102
108 51
112 134
258 185
131 209
66 118
242 243
23 84
65 206
10 208
13 27
25 21
178 233
227 129
36 91
208 26
106 153
84 56
214 3
44 182
202 148
168 255
69 169
170 76
174 95
22 54
60 258
172 239
76 231
154 50
206 260
260 259
38 154
186 147
180 214
208 155
29 58
130 91
51 207
110 80
17 254
103 68
219 80
249 118
238 224
163 200
56 77
97 237
194 266
82 221
170 93
263 143
246 68
111 222
262 128
91 135
157 77
171 45
268 41
255 161
63 127
198 77
65 190
255 94
258 4
168 90
219 72
160 202
129 226
228 81
84 223
221 172
65 229
126 132
83 240
258 75
109 31
136 123
25 26
86 0
268 140
222 131
138 200
144 224
112 28
5 142
63 229
225 33
211 113
99 198
152 167
216 217
40 206
183 267
222 262
264 178
8 261
243 5
162 226
261 144
190 68
153 255
244 99
132 242
159 241
0 181
243 122
142 18
122 200
269 196
170 239
32 200
192 132
77 180
95 99
180 114
200 232
19 32
198 249
141 64
191 207
262 125
267 67
197 111
268 77
182 117
68 187
234 235
169 65
201 194
11 230
252 217
219 68
266 147
148 90
225 146
26 0
170 160
