99 213
98 156
78 106
81 149
203 173
258 267
144 238
206 89
147 23
14 150
234 130
270 139
202 168
216 164
180 44
106 127
261 246
104 103
104 56
146 100
125 64
120 112
192 149
259 119
83 19
118 26
209 228
216 270
129 241
126 81
169 263
73 80
107 240
101 242
15 119
0 105
220 262
121 122
190 43
117 93
182 240
29 32
23 180
172 210
264 152
113 257
266 21
163 213
50 235
238 37
79 5
193 217
118 4
247 207
71 14
16 11
49 56
257 5
241 112
206 156
103 217
214 194
187 64
127 190
197 168
78 61
264 42
157 220
95 39
57 9
147 59
218 83
3 233
99 256
8 103
197 122
233 202
168 178
72 148
269 263
195 159
193 256
154 24
38 252
8 17
45 20
157 127
111 158
107 38
37 143
161 253
145 98
232 199
57 79
176 157
187 163
257 38
166 3
29 90
211 171
96 175
28 238
162 69
255 127
221 52
71 158
214 48
158 150
180 75
233 23
155 158
172 4
265 269
261 16
58 98
67 0
79 52
252 183
240 202
135 41
16 22
57 87
49 201
195 230
81 119
140 190
97 243
120 245
60 183
16 67
115 150
107 42
253 72
33 225
246 80
205 210
4 50
240 242
175 62
263 127
141 124
178 107
66 53
128 243
16 75
262 160
62 104
154 115
266 159
238 177
206 7
53 95
96 235
119 145
115 202
19 205
137 38
59 149
244 202
180 270
66 268
120 124
125 159
134 173
245 106
5 236
160 56
199 80
51 124
106 81
259 198
216 39
64 139
205 19
62 260
75 71
110 115
232 125
246 46
7 24
48 149
36 153
156 151
18 214
261 82
27 130
119 189
92 28
124 26
6 47
230 67
270 216
218 82
81 183
258 197
235 215
163 189
204 148
22 63
61 60
215 29
219 176
252 198
24 147
15 198
232 136
150 106
231 110
82 168
175 8
153 0
181 33
14 39
247 10
159 128
168 116
34 261
130 117
46 214
195 16
21 128
111 259
166 171
209 196
16 32
120 170
182 246
182 205
227 30
69 19
243 97
266 78
77 57
244 124
3 59
32 17
177 155
140 186
226 163
31 185
212 214
120 150
230 74
68 63
248 116
270 128
12 208
59 216
226 242
12 215
141 22
36 224
32 67
201 203
136 197
14 33
233 206
25 129
166 24
255 155
96 156
50 212
261 66
196 97
61 81
205 244
224 233
156 101
2 156
260 188
204 234
114 176
177 262
67 205
193 182
35 172
237 119
125 5
8 230
213 245
194 183
245 122
34 218
141 133
78 195
6 16
6 68
37 17
38 49
81 251
8 93
42 229
75 118
230 199
187 27
132 15
131 43
71 72
113 260
155 47
54 226
256 52
23 189
105 250
242 245
265 43
262 207
119 122
122 68
189 117
18 225
215 148
51 196
236 136
40 163
216 111
116 193
98 202
233 0
74 6
170 179
70 149
88 182
99 87
158 148
127 50
138 54
178 14
197 238
194 97
160 12
37 27
150 267
76 221
50 67
47 17
107 120
18 194
58 114
119 103
21 109
184 15
108 47
242 19
117 66
172 189
102 84
73 250
75 91
219 85
159 62
124 19
108 81
132 234
261 249
131 110
40 42
30 144
105 128
19 164
147 8
266 153
208 65
239 15
47 20
256 89
57 110
105 98
236 229
95 53
241 174
51 114
191 229
48 221
116 174
98 78
24 78
81 230
105 258
183 20
191 22
55 95
202 265
30 257
112 132
136 61
118 67
107 238
14 215
216 83
30 200
259 133
237 0
8 259
46 127
153 197
149 175
222 209
85 60
211 126
236 26
217 207
9 190
53 74
193 232
224 148
212 48
209 221
236 109
249 112
113 135
160 19
55 126
91 217
209 131
8 13
239 26
66 25
211 245
78 264
71 130
107 164
173 151
47 170
196 12
196 6
56 173
83 40
159 3
266 6
148 36
136 250
265 57
63 269
19 95
269 221
51 8
195 112
120 68
111 4
72 122
112 221
18 227
137 107
196 138
170 86
112 244
58 246
22 176
68 56
138 74
226 131
118 169
182 45
97 141
106 196
267 57
161 134
238 188
245 44
27 54
256 116
193 90
158 38
17 4
217 155
163 79
248 129
5 211
130 97
53 30
48 64
184 195
113 242
121 215
51 263
135 108
35 130
177 65
84 62
17 95
223 86
168 52
242 3
268 11
182 148
4 45
214 7
71 105
141 2
262 179
131 236
164 109
147 183
111 250
232 28
44 112
103 125
183 74
52 128
7 133
105 54
34 152
81 117
213 161
47 48
163 68
6 184
244 157
233 87
152 69
170 230
267 176
119 252
182 69
152 229
78 214
130 161
44 229
71 234
77 223
58 165
172 254
46 229
173 200
109 64
89 214
97 4
256 74
251 165
41 268
19 72
113 193
261 20
30 195
121 116
27 128
155 112
23 247
160 121
146 76
90 151
55 37
101 28
135 52
260 49
117 182
52 31
270 166
172 57
49 118
137 220
92 9
105 88
162 44
86 84
113 85
91 233
121 33
62 31
64 129
167 135
0 88
101 214
264 267
28 67
13 198
267 30
103 240
101 208
91 56
191 59
265 68
258 89
231 121
59 229
185 182
187 197
216 188
243 254
65 236
100 253
231 264
61 62
13 270
142 150
62 64
155 124
197 60
66 34
169 50
204 52
143 33
63 190
39 218
252 114
147 163
230 109
15 171
233 33
107 264
226 161
150 47
122 162
140 41
195 240
83 53
60 16
150 143
43 185
262 149
209 209
226 19
183 133
109 78
248 8
151 224
59 80
223 40
27 66
207 53
110 13
148 157
139 221
158 232
84 15
141 256
207 1
211 75
254 51
247 77
143 64
224 22
39 90
86 109
26 190
197 45
196 126
130 93
16 83
78 155
183 158
222 115
208 211
87 184
166 204
2 16
234 238
265 158
57 23
90 78
66 225
149 256
191 192
163 211
104 130
113 155
6 265
23 165
50 52
113 268
245 6
84 32
69 36
78 212
104 1
17 252
264 19
73 185
243 140
250 81
85 102
230 39
24 141
83 76
2 229
41 238
240 51
73 54
13 254
209 141
257 81
6 93
223 185
20 63
41 58
244 37
197 72
28 108
112 70
145 83
237 25
54 58
254 65
126 115
1 1
51 30
113 171
100 66
148 167
168 171
103 29
243 32
92 20
189 84
126 35
128 151
171 67
244 136
73 131
18 102
249 114
214 223
186 85
17 172
132 97
231 146
266 124
62 44
137 158
132 92
90 269
204 40
59 159
64 26
57 147
231 17
260 101
259 59
85 185
44 170
23 37
102 5
99 243
189 126
37 165
208 262
167 156
99 68
138 90
211 179
221 164
139 134
11 191
183 263
31 77
19 103
192 239
103 26
215 103
13 167
112 157
65 270
259 241
175 121
39 120
198 50
16 117
30 159
166 209
243 152
60 115
155 71
59 181
59 59
256 62
52 190
180 120
17 2
163 135
246 85
41 249
6 227
83 194
234 177
118 35
123 131
199 82
24 203
231 9
30 252
113 227
120 153
27 32
115 144
106 72
251 36
237 166
157 211
61 235
112 58
13 2
217 75
145 56
125 92
91 164
196 37
182 159
172 187
252 144
123 192
268 79
70 213
92 120
135 87
49 264
42 61
257 219
124 38
13 134
28 60
148 153
220 240
125 170
206 183
70 208
112 105
269 96
176 232
0 96
217 80
13 192
138 168
134 14
152 106
38 161
7 249
50 233
249 245
124 36
135 177
134 259
270 33
102 50
135 4
249 222
35 36
84 226
18 48
248 250
88 89
177 86
220 201
223 164
114 192
132 22
214 106
181 172
260 210
27 176
213 266
117 124
238 136
229 86
58 139
201 227
161 201
155 147
99 223
202 248
223 69
69 110
105 141
77 29
113 128
146 132
148 65
143 236
242 181
52 14
103 258
145 33
216 268
34 204
69 234
32 215
41 218
134 249
205 54
207 222
65 249
206 235
175 93
80 215
101 68
168 137
127 242
86 4
140 112
216 33
115 16
29 248
257 255
166 26
261 232
110 134
117 38
162 13
10 250
161 136
77 233
96 55
8 75
178 55
4 161
197 158
82 156
119 236
239 197
189 251
240 269
226 127
184 253
89 176
259 113
210 169
209 71
85 160
21 248
200 196
245 205
18 186
19 27
265 151
90 43
78 161
254 45
163 142
182 115
77 44
84 168
167 234
78 97
192 175
133 53
54 269
15 269
157 4
79 233
247 270
221 251
25 173
253 92
176 107
16 150
192 53
153 88
71 138
224 75
62 114
35 83
28 103
87 223
198 126
104 151
136 97
213 97
263 56
111 257
13 85
25 125
140 163
35 150
108 40
128 265
222 6
44 87
60 260
210 30
242 84
30 236
173 137
21 153
168 143
13 160
56 85
255 202
123 159
47 210
218 8
51 35
185 255
204 90
175 261
196 205
206 160
14 37
180 100
124 259
152 168
150 169
179 90
106 95
253 248
70 11
5 1
41 52
214 133
246 240
178 210
106 265
37 70
3 114
23 14
76 26
84 123
248 220
257 107
234 69
48 77
169 59
114 160
215 51
141 246
38 137
86 13
237 75
230 101
26 89
74 147
55 175
121 146
225 18
156 162
24 5
126 84
194 258
213 9
102 210
18 35
90 157
232 101
180 241
186 18
26 218
29 36
137 229
65 79
106 17
164 160
54 39
34 124
169 163
129 73
258 211
71 24
256 215
110 29
72 240
49 63
198 12
74 3
235 197
144 82
50 69
13 219
65 127
64 215
176 88
36 34
192 13
165 67
68 21
191 62
252 195
33 94
80 206
229 220
130 204
237 244
255 132
52 39
219 257
197 49
63 227
70 13
115 232
198 129
61 106
255 75
245 25
13 146
147 202
154 1
46 261
122 229
190 239
74 52
118 228
88 199
240 130
242 217
264 93
89 205
176 84
76 264
87 251
148 122
201 231
269 247
135 147
47 129
108 14
23 221
259 42
98 169
160 262
224 263
84 170
205 125
239 155
195 39
69 260
189 221
78 50
209 54
202 229
18 93
139 40
255 219
14 23
205 166
243 126
211 147
19 25
180 218
127 91
129 248
38 15
112 233
81 121
167 262
142 53
179 164
8 80
25 85
94 132
8 70
264 169
197 84
82 0
19 161
49 223
141 258
117 151
111 27
244 153
89 23
119 75
203 260
249 174
253 233
177 49
100 105
160 26
79 57
230 63
249 40
100 246
226 215
69 96
175 145
82 226
172 93
216 182
215 92
235 40
68 67
18 69
1 147
133 125
164 49
239 121
36 174
141 242
17 85
193 21
236 77
121 217
17 223
186 211
148 29
97 158
217 91
93 146
89 184
39 268
251 17
155 99
121 101
248 198
37 57
249 68
159 58
179 100
16 45
143 142
51 112
80 164
127 75
48 9
188 238
169 130
4 102
36 234
4 15
65 263
139 217
87 24
42 192
41 121
127 54
45 199
116 34
52 48
222 141
71 238
119 20
0 123
88 3
79 179
263 17
264 144
10 242
125 242
107 12
155 127
172 135
244 81
1 94
113 210
211 228
51 118
235 35
9 211
94 174
212 110
182 59
270 117
163 165
213 219
201 257
233 169
208 51
172 111
63 198
86 46
40 129
260 25
202 73
49 46
109 89
38 263
116 9
217 196
30 115
221 226
235 81
78 1
46 192
146 25
223 73
153 237
266 240
149 217
188 208
221 162
106 132
120 55
12 149
140 18
252 142
8 82
227 32
173 16
0 22
116 195
232 269
14 83
113 161
82 68
89 147
12 183
56 151
156 73
189 178
1 74
107 106
233 213
262 147
152 48
158 52
138 8
143 68
29 142
135 45
197 151
160 165
220 9
216 59
167 110
159 31
182 119
201 81
159 136
265 87
25 198
262 63
194 149
210 48
28 133
31 6
247 259
235 138
129 42
72 84
18 67
236 216
64 213
131 238
52 44
148 53
19 50
17 250
79 122
266 209
188 95
29 263
202 138
114 163
37 127
179 204
211 161
0 17
243 159
170 119
111 60
264 146
69 81
177 150
248 70
222 71
76 157
219 155
37 96
246 135
218 120
140 268
48 66
61 98
0 135
251 196
35 68
32 213
89 47
148 61
58 145
72 183
260 4
247 141
187 118
236 187
127 222
120 109
0 264
59 22
259 172
25 216
178 29
263 65
225 59
115 77
33 205
206 233
158 130
207 130
261 22
122 205
86 100
200 226
229 173
67 221
222 110
126 86
236 130
99 9
1 48
239 189
137 216
218 157
130 62
176 68
139 141
194 135
232 212
114 190
240 187
19 238
39 241
183 160
34 252
226 0
1 34
86 123
203 210
182 36
179 209
127 133
72 150
187 132
70 122
50 193
61 86
33 80
164 143
143 111
66 36
164 227
2 218
11 140
254 53
185 263
212 226
117 54
246 209
21 125
181 19
152 227
42 113
53 160
84 109
101 97
79 184
169 68
47 92
140 147
261 198
96 29
178 26
72 75
135 157
22 110
235 147
260 104
128 203
181 53
129 158
21 35
125 21
228 29
231 87
134 156
43 81
174 18
123 236
98 211
21 262
95 129
14 123
24 86
55 221
206 213
192 76
251 157
7 150
153 10
101 244
153 3
128 216
160 145
196 257
151 151
22 174
140 150
247 234
210 254
110 111
142 66
127 188
137 199
46 22
52 260
125 236
10 75
165 268
215 75
131 64
58 3
220 205
14 54
147 165
211 250
264 142
147 198
142 262
89 238
0 137
193 171
48 242
77 121
154 12
227 57
137 95
118 56
220 82
151 255
239 55
1 167
246 4
165 256
10 222
144 140
15 133
8 213
191 221
44 162
70 242
270 77
260 120
166 99
43 93
59 128
192 48
219 78
255 26
13 47
191 31
177 221
38 108
83 141
263 180
8 26
127 160
56 119
113 68
16 185
25 222
128 2
74 143
62 21
235 87
214 221
121 149
223 249
233 57
237 54
129 217
30 79
91 7
53 258
224 261
240 17
29 110
189 115
210 252
157 97
115 242
233 198
160 14
231 156
203 190
218 199
119 134
119 66
47 144
120 194
56 75
4 172
231 119
219 207
160 23
263 137
250 56
105 97
45 237
198 17
86 82
162 187
168 246
111 136
160 150
133 71
9 61
155 39
230 252
255 138
198 8
67 81
70 59
49 108
175 208
147 98
1 110
53 127
265 55
21 103
49 269
233 178
43 116
193 88
154 40
76 170
218 231
211 141
93 143
45 160
66 57
170 255
8 240
256 118
241 108
205 130
247 186
65 234
85 121
197 260
147 14
223 144
79 132
157 63
63 236
7 124
104 95
160 225
203 143
50 9
55 204
229 210
70 74
106 181
84 270
115 117
201 174
226 140
25 212
139 139
256 3
121 131
79 159
30 181
185 189
140 81
95 134
203 54
126 260
0 119
170 69
113 92
41 81
103 270
58 172
122 107
26 2
211 203
32 260
74 200
131 5
183 156
139 12
246 263
146 161
33 127
89 201
14 26
52 94
184 148
134 167
18 82
227 82
174 135
244 151
126 227
84 21
136 89
159 201
177 129
48 98
144 207
4 228
228 246
68 90
202 261
209 81
101 230
261 208
168 150
134 187
121 41
246 249
212 255
42 206
5 164
200 235
117 220
248 187
40 50
159 5
122 23
224 109
106 14
160 255
124 265
198 14
151 238
213 120
78 86
210 66
248 76
69 130
175 148
7 206
199 67
221 258
130 193
129 6
74 183
77 262
169 74
31 165
225 159
90 131
230 247
263 13
173 192
6 51
236 36
149 205
224 181
230 208
63 85
53 241
227 156
79 84
203 102
243 230
30 204
158 243
134 242
86 203
70 258
235 22
265 97
76 130
246 232
32 123
265 45
141 118
9 244
131 227
49 81
77 40
128 192
200 219
132 172
169 235
142 252
82 79
22 39
19 101
61 22
38 206
28 106
237 59
219 70
4 17
222 148
114 149
76 163
250 257
13 158
156 193
266 236
228 59
180 1
71 211
89 55
214 131
121 144
65 226
150 176
245 59
208 35
23 46
259 27
111 104
50 255
227 166
226 42
26 269
31 244
63 262
252 150
235 4
35 4
163 223
188 26
54 84
133 44
244 83
213 172
68 123
80 249
125 264
110 189
58 195
270 40
248 216
234 158
66 55
37 42
45 107
19 14
11 167
159 90
79 104
48 138
225 23
203 188
101 34
149 88
77 52
36 66
73 192
24 199
39 243
39 17
247 175
136 227
112 159
215 5
23 146
111 76
96 51
153 117
78 171
113 52
8 87
233 251
159 98
141 135
194 201
236 243
65 92
77 48
174 188
238 160
60 73
232 15
191 147
215 266
201 19
35 209
180 37
60 193
215 35
66 208
52 126
254 89
151 226
28 213
187 183
69 15
53 16
201 10
250 227
240 128
71 124
172 161
203 10
67 199
100 84
207 243
235 236
180 231
122 97
226 28
180 66
241 53
134 123
261 118
24 214
181 185
152 240
149 8
198 205
21 189
224 187
186 2
202 100
253 197
141 12
68 269
37 250
28 79
48 140
262 189
116 251
245 234
212 107
192 133
235 6
150 108
171 177
123 58
267 23
99 112
128 85
71 61
1 58
140 266
170 209
39 51
267 118
252 189
31 12
41 40
122 151
270 65
219 20
95 140
35 70
12 238
161 126
150 178
194 187
99 208
119 261
33 148
9 132
265 95
199 203
16 194
242 52
21 14
121 57
83 230
136 266
168 154
23 232
138 33
205 179
168 120
39 41
114 233
223 162
192 27
119 171
169 248
264 75
67 263
220 140
156 228
123 129
133 58
237 40
220 6
266 193
106 121
147 32
226 50
181 123
168 48
45 158
83 131
55 239
125 59
102 195
196 47
204 269
187 140
162 106
162 113
166 15
37 222
176 57
57 221
48 152
156 191
164 255
105 263
256 200
266 19
72 12
185 156
213 116
95 64
181 213
6 44
107 87
60 18
29 29
13 172
215 165
241 211
42 14
69 132
100 251
83 90
243 142
228 254
16 93
204 126
94 226
48 2
78 220
96 132
212 114
18 64
47 0
78 191
66 230
234 109
40 113
237 88
14 217
139 199
207 55
215 224
150 90
203 200
183 18
257 126
111 248
89 262
102 95
189 164
61 222
33 7
117 173
183 85
124 163
182 269
244 91
59 147
127 110
31 151
186 117
33 78
155 267
212 221
77 185
3 61
137 134
135 101
154 149
247 244
110 122
167 121
224 205
147 265
157 99
256 50
202 236
23 112
39 48
60 220
162 5
165 222
65 85
248 208
154 141
21 183
212 95
112 219
157 50
187 128
135 159
36 258
168 101
240 46
120 133
153 123
168 238
111 210
52 176
146 113
241 267
92 253
126 3
91 194
136 121
226 35
100 89
218 33
193 3
49 257
30 15
231 191
163 110
237 162
43 207
169 257
127 74
155 106
64 231
222 248
210 181
196 41
33 76
157 218
195 60
245 144
71 181
62 174
155 206
127 184
36 15
235 267
109 173
149 45
71 18
164 112
57 153
6 101
0 212
35 8
261 33
45 267
148 179
0 234
246 105
109 51
151 34
16 263
169 155
11 67
112 270
9 73
209 167
145 24
16 55
69 29
185 131
200 237
36 145
161 87
128 35
239 112
6 95
214 268
188 73
13 121
27 148
74 202
64 208
252 226
194 115
30 10
197 203
64 37
263 246
113 77
106 175
265 103
210 139
198 213
238 228
46 178
90 31
81 115
95 186
150 230
150 81
245 207
159 204
58 214
204 212
153 19
94 69
151 264
55 60
258 146
242 110
142 146
248 252
255 157
24 261
21 33
62 46
89 81
136 131
254 24
34 144
82 145
255 253
187 156
99 39
23 153
98 93
23 135
106 171
255 104
112 30
240 182
100 228
80 157
246 8
45 171
57 66
268 256
87 218
31 29
186 237
19 52
187 98
38 34
132 196
61 197
120 213
235 260
108 29
80 231
268 267
169 233
85 68
0 93
13 265
11 85
234 196
207 197
56 115
248 189
39 208
32 217
46 121
37 40
137 218
233 102
95 115
224 102
15 20
126 229
54 191
217 38
142 199
183 174
142 80
169 112
45 71
105 155
185 10
129 215
97 8
32 196
223 225
190 186
201 102
147 88
227 149
211 168
98 5
245 255
193 220
49 167
224 93
28 118
113 205
137 190
166 93
181 5
110 224
81 17
94 62
78 59
253 184
176 223
124 199
49 7
40 182
148 204
82 259
150 30
193 60
27 94
33 65
157 81
92 239
22 164
196 265
148 22
247 41
86 113
13 194
172 199
143 135
192 104
3 217
149 155
26 78
65 116
231 207
40 237
130 65
116 180
91 205
59 227
10 258
246 124
127 58
43 69
102 44
233 6
77 35
24 39
47 114
26 196
216 37
31 178
76 236
150 21
210 64
238 203
67 243
70 195
5 91
224 107
176 143
148 189
171 241
87 96
189 167
141 45
214 140
134 62
44 266
54 63
177 93
157 186
267 43
193 267
110 25
57 50
8 178
165 224
232 159
240 217
225 259
270 101
118 44
136 54
123 21
226 135
0 63
58 75
157 21
266 170
25 64
259 91
3 148
12 250
29 65
200 148
243 61
201 218
70 20
27 211
258 256
85 192
46 222
242 59
1 200
78 130
161 55
179 27
55 237
3 73
38 105
89 194
268 83
98 110
29 151
205 181
36 252
130 234
233 147
248 127
270 61
23 9
216 25
64 150
268 223
254 22
217 55
145 214
265 17
164 77
261 154
154 227
223 269
50 31
95 113
190 125
116 206
257 91
60 142
56 93
186 227
209 1
258 207
105 177
172 222
165 78
257 262
244 65
149 265
94 224
266 143
141 143
107 6
245 53
136 248
162 204
199 175
55 8
263 87
238 254
143 17
90 166
156 244
218 181
161 157
10 94
169 177
225 269
44 67
229 237
92 211
243 206
165 22
234 269
148 34
188 35
36 5
208 182
87 51
20 239
104 127
197 96
109 206
128 267
156 41
63 248
42 193
243 20
227 34
239 252
94 254
171 2
23 133
25 123
226 21
216 206
190 169
112 91
136 133
133 107
250 103
263 219
31 133
85 166
138 197
65 141
97 168
25 66
194 5
177 51
62 129
8 257
257 13
35 231
23 177
72 6
142 224
79 55
111 89
35 42
266 109
176 91
52 234
132 106
130 250
75 177
203 175
145 198
259 155
51 46
190 193
100 6
58 206
9 247
80 147
102 104
154 94
193 159
178 68
156 91
150 211
39 157
161 194
147 175
27 36
72 93
159 60
107 211
13 119
244 183
31 183
4 26
105 197
152 1
117 264
29 38
210 188
197 247
168 208
68 35
240 251
133 120
41 184
268 81
47 168
101 197
265 258
14 94
168 215
39 122
191 55
163 196
17 61
72 146
266 175
227 180
269 202
238 216
211 268
102 212
130 13
249 42
144 134
21 94
101 226
231 61
35 189
52 226
27 116
53 221
260 268
102 185
169 33
32 144
131 225
178 247
203 60
125 62
120 198
46 269
110 62
43 183
6 114
156 24
237 198
191 215
148 128
204 88
60 246
177 108
204 157
25 201
142 207
180 211
259 261
29 27
97 39
51 161
175 123
167 84
160 83
195 168
96 264
41 145
5 34
258 106
35 146
130 45
135 258
263 249
196 56
24 175
126 48
115 204
34 105
67 207
246 163
149 92
59 239
82 74
27 90
5 129
78 163
167 66
35 207
211 19
169 186
20 48
52 122
97 103
182 65
93 195
239 13
169 18
144 100
225 149
211 156
224 95
142 117
107 96
29 12
93 88
7 53
96 109
151 197
40 137
242 154
56 53
238 226
87 192
84 112
208 184
269 258
106 143
31 113
83 252
99 7
89 245
4 237
88 231
266 41
51 222
217 183
267 221
32 13
210 100
222 241
49 247
203 163
185 266
195 188
261 240
76 24
194 70
169 218
39 214
8 54
72 3
161 155
209 129
126 93
148 81
219 233
144 109
177 256
101 162
147 112
79 17
78 249
154 163
36 49
55 86
111 204
177 53
182 101
53 224
165 80
177 163
217 68
118 195
140 207
56 148
25 143
43 12
220 183
143 270
95 268
268 198
246 75
227 231
152 119
129 84
63 115
174 247
33 63
33 131
246 97
202 154
116 71
221 117
81 123
61 248
238 101
95 188
30 8
222 95
41 240
239 225
142 190
115 263
264 47
182 129
0 223
135 71
165 24
158 189
109 233
207 102
46 11
20 260
167 60
238 65
36 246
98 104
174 40
212 17
55 67
113 57
196 208
128 144
117 102
269 29
152 235
98 184
111 206
25 76
241 224
142 82
127 28
46 35
228 122
90 207
216 254
58 120
212 170
121 103
144 66
44 122
9 71
90 235
13 29
254 190
212 92
175 136
184 154
170 36
158 83
147 55
150 150
63 7
30 246
79 243
95 5
103 97
0 30
236 189
109 98
148 267
96 62
262 247
97 53
220 199
83 143
59 24
25 165
141 226
155 156
97 2
241 226
207 245
22 191
102 19
17 165
69 47
248 51
139 244
48 68
225 195
150 99
69 172
266 111
233 236
237 260
90 120
49 96
191 45
116 249
38 174
174 38
172 142
206 168
26 232
199 72
177 131
231 142
69 159
160 177
0 236
156 37
252 101
137 116
170 11
91 80
245 93
230 65
258 189
103 156
141 4
17 170
187 138
65 177
158 245
211 26
169 46
117 97
192 43
55 6
63 98
102 219
176 74
139 64
163 89
188 116
34 55
130 195
15 104
268 33
50 116
12 94
58 32
6 8
219 64
253 19
88 83
90 15
70 174
198 24
117 266
55 152
144 177
210 32
205 105
170 153
150 139
125 28
240 185
209 230
170 138
54 213
197 127
196 108
212 190
209 95
184 238
163 46
124 244
170 214
230 190
8 128
176 266
60 164
65 200
169 117
146 238
141 148
108 104
25 220
213 50
122 164
269 182
210 3
136 33
227 222
155 62
234 259
158 79
152 41
207 137
65 106
83 192
258 131
154 253
162 202
188 226
7 197
167 19
126 26
206 158
149 185
170 170
32 191
129 110
0 52
93 64
94 247
81 85
257 36
39 165
128 115
147 246
259 230
33 143
269 151
124 136
22 268
133 100
52 28
112 186
128 251
200 157
86 2
137 99
72 242
2 136
55 154
126 37
60 91
10 3
118 218
146 264
142 144
88 123
270 59
72 99
137 12
98 62
142 62
239 267
117 16
119 183
189 93
80 101
180 239
109 223
35 6
178 92
141 209
156 52
18 12
170 216
203 194
34 229
251 213
243 243
90 97
196 215
262 3
139 189
136 205
96 187
224 215
6 229
217 194
111 171
159 207
62 214
3 158
168 185
93 23
42 195
81 75
47 108
87 205
53 206
48 185
165 101
5 186
132 210
263 85
42 182
74 73
229 180
209 147
144 221
13 144
19 91
169 13
92 165
102 245
64 99
162 32
189 224
248 17
223 239
198 144
81 217
75 181
72 30
148 79
112 246
20 99
111 69
54 28
268 206
90 140
83 261
76 192
74 149
121 66
51 167
165 236
43 120
108 224
62 108
38 178
186 213
180 233
267 151
139 21
70 124
141 250
228 36
103 197
108 4
246 145
177 136
215 245
7 190
270 183
71 54
118 10
58 163
172 0
48 142
91 201
115 35
12 83
229 250
183 61
251 29
239 48
114 9
7 195
234 253
99 245
193 92
62 15
45 169
254 173
46 5
105 269
120 84
104 20
217 166
87 69
35 132
108 43
253 175
129 219
175 130
229 150
99 118
80 129
66 64
181 125
138 185
227 198
148 187
64 161
76 50
154 69
214 38
32 181
225 171
79 197
67 185
60 64
156 131
97 139
166 13
200 4
248 159
205 0
99 125
246 95
68 52
250 250
151 0
222 215
268 184
47 72
64 15
66 188
151 220
139 258
128 131
226 94
135 43
62 136
36 264
127 63
208 69
209 200
114 94
20 263
130 243
184 118
31 163
86 115
28 270
49 29
190 203
220 87
103 209
192 219
29 50
192 187
159 21
176 14
212 100
158 178
13 196
200 70
14 46
254 183
15 193
135 175
203 245
259 239
17 27
178 158
12 45
127 141
35 244
236 126
57 205
218 135
0 13
257 133
44 152
163 47
153 61
130 265
174 146
234 85
149 32
33 183
161 141
202 39
155 186
255 120
176 240
23 104
100 10
47 97
242 144
137 129
87 37
233 31
178 160
197 109
160 188
103 48
135 264
266 76
227 213
95 151
59 157
191 126
7 116
262 162
82 181
39 25
171 65
52 0
190 70
85 138
140 1
70 6
91 175
59 208
8 224
143 107
79 149
75 233
134 165
192 71
245 189
26 154
35 143
17 207
268 234
168 10
73 23
60 40
266 133
231 210
261 29
101 257
198 221
13 132
268 178
260 2
118 18
111 110
103 145
20 162
69 254
227 256
267 197
47 240
234 160
43 248
177 27
66 142
118 47
63 252
83 86
172 224
44 164
208 266
8 46
101 202
143 226
110 49
228 116
155 184
171 84
114 270
230 187
0 32
258 269
127 123
100 29
242 172
191 145
71 215
269 113
213 118
8 196
212 211
134 60
143 92
57 5
57 101
62 220
239 0
262 256
64 135
79 173
78 3
248 151
233 70
36 262
203 17
223 258
219 217
152 178
257 171
235 229
223 67
178 156
62 72
121 158
107 197
9 92
143 124
64 63
269 111
257 208
169 128
232 167
194 151
19 80
222 222
180 14
142 267
199 34
252 181
208 67
50 127
159 234
245 238
24 259
48 192
230 21
141 10
171 171
159 221
22 8
38 19
52 205
59 199
175 6
100 188
166 97
14 31
128 162
184 86
8 207
238 242
89 155
91 54
42 4
155 198
103 225
101 184
152 199
143 250
55 41
8 7
87 154
259 165
160 159
61 191
221 70
152 138
90 133
188 71
36 232
17 119
208 31
214 244
5 190
67 111
75 223
230 54
71 250
231 236
23 102
210 79
46 88
65 120
92 30
56 145
168 253
71 189
57 7
14 21
15 56
138 0
140 51
18 55
95 142
32 82
68 195
115 253
21 221
80 255
145 101
24 119
132 152
185 4
137 177
203 167
62 27
167 103
172 26
191 259
131 176
174 34
22 87
69 221
205 237
88 115
41 119
229 118
209 251
196 106
45 73
255 87
7 185
183 203
102 66
14 263
208 24
57 94
135 135
29 105
52 58
195 139
70 63
166 119
172 68
221 263
10 239
14 113
222 93
175 225
102 180
167 114
88 14
102 131
159 119
52 203
25 188
83 258
257 87
140 168
134 122
103 24
153 258
94 197
152 195
131 159
185 41
51 224
82 223
128 111
97 87
99 14
176 215
114 33
218 118
13 125
135 114
136 31
89 119
262 263
192 125
180 250
205 61
254 107
4 75
105 73
103 129
138 227
31 202
66 186
35 250
228 50
183 66
104 262
179 5
126 262
64 175
21 91
179 221
14 44
88 53
1 192
136 242
84 104
261 159
15 15
117 12
164 4
126 134
12 38
83 88
152 30
154 196
187 20
126 127
214 114
235 99
217 148
180 248
42 199
233 95
64 65
111 228
124 81
24 227
125 129
78 169
59 137
237 110
48 28
168 25
195 267
73 181
30 270
184 265
223 53
81 233
61 202
214 104
98 106
115 1
228 88
256 186
219 128
235 83
102 187
246 72
199 121
53 264
64 73
249 269
12 136
218 197
98 85
45 232
165 60
88 30
101 179
152 262
171 128
115 261
5 269
45 194
228 209
106 0
16 148
256 220
160 172
88 207
185 74
24 268
42 216
62 74
166 255
69 112
67 43
227 45
194 161
45 260
45 145
146 190
248 172
237 38
220 32
96 164
245 132
78 53
261 227
6 140
168 39
68 41
91 177
269 115
127 113
226 44
24 210
50 54
220 134
33 162
117 91
136 173
35 27
237 267
0 247
37 90
88 46
8 269
145 189
229 9
249 72
257 226
181 187
4 155
230 245
53 177
25 149
194 41
142 41
22 243
150 68
82 7
198 245
47 81
22 238
104 264
122 56
54 101
135 39
181 203
101 60
176 21
2 50
127 143
1 169
160 73
251 33
51 159
13 96
202 90
11 143
180 176
150 188
242 161
58 65
230 113
167 248
133 98
177 83
222 84
27 50
263 15
201 79
7 34
218 209
254 63
70 268
259 254
89 152
100 18
34 263
267 12
72 112
143 46
244 76
188 202
111 64
104 195
159 7
74 100
242 38
150 118
49 79
178 195
150 129
46 99
191 115
223 113
23 48
238 230
157 129
237 61
207 264
102 37
215 94
161 242
230 106
247 118
88 100
234 225
49 186
139 107
211 46
242 213
191 84
118 82
132 178
123 215
41 242
33 202
35 90
73 69
11 96
141 92
222 57
204 8
269 13
119 254
69 141
266 198
80 131
2 173
83 139
33 3
11 161
188 220
156 14
177 6
270 168
138 173
154 139
114 165
159 110
112 115
162 143
161 196
258 260
204 195
109 6
71 209
40 105
184 98
265 254
48 39
37 7
131 220
47 238
34 122
25 23
138 23
181 138
23 22
145 216
74 111
198 107
93 99
217 21
182 30
132 244
30 238
143 159
88 169
13 205
189 156
3 226
118 49
228 248
263 38
54 120
196 71
227 80
142 228
229 33
1 80
129 172
138 269
210 68
154 105
215 124
45 129
135 63
220 66
139 3
49 93
15 85
91 181
70 218
177 196
153 218
82 57
256 93
53 23
222 13
37 244
248 11
258 166
58 263
112 3
57 106
39 59
116 67
224 170
36 242
5 267
12 108
97 130
121 134
99 254
129 4
154 16
192 106
232 144
152 212
81 208
164 26
94 97
157 216
128 209
207 96
63 93
106 179
81 30
83 250
115 37
167 78
29 202
241 197
238 186
127 125
238 269
90 112
135 225
163 114
34 82
88 43
57 250
230 117
27 123
106 151
112 229
178 223
28 169
29 193
191 49
205 201
118 212
263 123
242 30
9 24
126 234
254 244
263 164
109 191
50 165
241 171
211 218
83 45
98 3
24 76
17 137
198 157
120 176
200 123
69 165
72 139
93 237
183 54
35 113
173 220
197 240
13 117
139 219
177 251
194 242
227 141
46 256
48 175
76 235
62 9
263 251
218 133
161 260
211 201
19 70
31 75
37 98
232 205
173 6
131 29
92 163
191 78
140 20
31 175
34 257
94 262
83 179
222 42
264 263
240 84
200 139
246 23
184 114
77 64
208 3
52 116
156 188
245 259
0 198
248 170
224 235
252 256
269 84
115 11
266 141
228 135
220 197
207 237
69 108
140 71
14 148
10 83
257 42
2 23
218 95
150 137
119 73
134 21
160 245
121 73
62 172
67 250
7 244
9 77
256 106
183 196
199 90
262 221
169 261
261 36
193 0
242 135
96 107
21 178
268 208
5 234
172 24
139 236
160 170
11 128
78 103
221 3
226 230
166 82
53 125
235 16
206 26
251 113
115 265
82 14
79 177
74 151
34 190
202 126
191 162
260 196
182 154
187 231
136 10
127 6
75 81
174 143
30 103
39 224
8 255
261 164
33 150
84 1
145 88
45 131
67 168
259 44
116 95
38 53
107 112
218 66
104 147
264 176
58 116
254 140
152 140
204 114
255 234
216 191
10 57
99 120
254 246
166 91
90 231
164 258
97 41
104 175
179 229
68 45
268 204
145 175
259 29
249 185
37 51
162 259
191 25
229 11
242 34
267 28
143 119
27 38
100 225
120 218
194 117
114 142
101 144
139 191
21 265
6 26
261 127
101 255
177 42
249 259
97 77
156 149
2 253
252 89
109 239
150 234
220 54
166 89
180 69
136 167
26 34
37 59
185 166
267 254
44 99
56 219
12 112
264 10
56 99
63 163
237 5
123 270
207 119
186 99
235 233
90 203
86 199
257 9
190 166
31 161
227 17
270 121
111 155
43 118
68 58
245 167
230 13
31 49
158 24
55 88
150 167
99 114
188 252
139 205
204 109
7 91
132 99
213 242
141 55
230 88
49 1
121 236
49 154
97 182
59 257
17 15
240 195
43 233
69 219
146 53
185 77
54 156
167 80
68 267
185 19
175 114
113 145
96 262
171 152
112 226
98 160
32 223
162 159
129 223
253 152
103 52
138 166
43 238
114 235
18 215
262 35
218 42
16 34
71 132
6 160
199 217
64 24
234 145
233 45
215 110
237 151
184 112
80 6
232 2
90 199
82 249
140 79
8 9
214 16
175 42
36 155
98 129
192 123
200 249
103 230
187 181
247 143
227 123
176 234
225 16
100 13
163 257
258 7
145 160
233 204
188 213
10 15
49 142
73 71
109 212
107 162
105 16
108 31
61 148
235 174
191 231
201 239
191 173
193 192
95 173
72 252
2 92
172 153
162 169
248 203
96 171
270 125
69 167
256 204
198 30
126 244
247 43
72 58
134 235
21 250
128 92
228 110
28 231
194 132
40 210
34 187
64 6
6 154
70 179
104 218
164 12
131 85
192 58
257 213
162 171
243 215
138 132
8 243
162 182
85 140
11 157
89 267
30 135
220 130
80 162
124 96
108 2
29 177
244 165
210 183
258 40
99 60
70 111
232 43
78 6
160 143
268 110
150 228
139 45
59 141
10 254
203 124
121 105
84 83
86 22
232 254
236 178
60 54
7 267
225 231
72 213
66 151
93 266
162 228
158 85
99 64
131 189
137 21
219 116
48 211
127 60
248 161
133 11
187 191
255 20
138 98
11 159
253 235
103 256
8 126
147 250
37 9
8 15
151 236
73 162
92 78
207 98
49 144
57 236
117 262
256 48
250 115
120 147
143 56
126 8
199 177
177 120
164 205
23 167
155 22
112 208
175 231
205 116
80 38
174 74
167 68
211 128
239 74
6 207
19 249
105 26
170 25
176 135
202 46
226 249
237 42
264 171
208 88
89 69
135 116
250 217
105 23
148 248
11 110
79 76
248 82
64 137
263 258
183 172
247 74
18 259
55 187
146 171
37 139
253 266
135 125
31 97
128 83
204 184
137 160
213 226
11 98
97 48
65 185
137 156
136 78
138 253
93 148
80 171
79 99
262 81
247 202
173 2
63 250
250 239
216 7
234 66
51 26
70 45
254 96
83 224
223 230
9 143
235 42
198 179
198 219
103 73
183 4
82 21
43 198
116 83
247 113
122 118
43 73
180 116
157 123
204 262
10 8
195 231
183 186
249 183
15 235
139 209
188 106
39 27
12 123
166 95
24 1
199 247
117 69
32 135
220 56
108 152
13 252
215 261
58 1
242 50
60 45
79 186
89 212
229 103
40 230
243 105
236 225
40 22
111 113
114 58
46 68
201 137
81 151
202 220
138 241
44 187
30 259
106 130
92 251
36 111
103 203
34 259
170 207
105 134
174 186
148 27
24 28
180 35
249 16
164 10
60 38
153 59
171 59
72 52
92 122
217 266
81 240
264 133
234 43
126 162
204 161
112 137
134 189
97 112
161 240
211 73
95 147
268 265
188 148
98 116
131 129
197 217
211 230
180 88
105 165
256 251
184 116
148 3
90 9
39 127
218 73
145 226
7 152
262 169
132 20
224 57
188 30
77 197
76 195
132 151
262 181
259 226
250 11
179 57
133 3
176 95
125 94
253 17
39 176
100 181
62 91
220 42
215 8
182 1
57 52
245 36
130 140
4 0
168 231
97 191
122 37
30 157
141 244
59 96
140 43
7 122
99 190
79 267
170 100
236 255
72 248
154 244
13 213
91 215
168 240
206 104
194 23
184 212
266 232
50 28
73 5
207 144
66 99
150 268
151 205
46 156
61 228
179 251
4 169
187 94
62 6
181 174
37 32
184 201
248 192
64 91
124 228
12 203
33 231
156 76
83 217
263 167
223 207
270 7
226 247
100 222
175 193
231 4
44 205
44 128
23 225
151 32
42 264
6 209
121 268
118 84
69 215
29 211
53 136
240 65
161 247
11 206
269 180
245 230
234 179
148 99
63 234
48 146
164 44
41 38
170 199
197 258
191 80
220 215
253 94
238 158
96 85
143 22
244 34
153 213
11 30
192 117
238 153
269 68
240 213
253 268
10 260
1 72
218 215
72 201
96 128
184 84
52 249
66 44
155 60
244 245
155 114
16 115
150 43
152 43
183 83
122 245
243 222
262 244
195 58
100 186
146 62
3 235
1 15
214 31
76 117
216 200
239 106
265 250
158 222
237 185
123 5
55 150
123 7
61 131
74 79
36 216
80 21
195 114
31 221
214 122
132 104
119 186
189 245
264 135
230 104
6 14
195 192
85 111
245 253
79 245
87 102
190 107
171 252
81 267
51 242
203 82
148 75
87 209
231 0
211 242
181 12
245 63
247 2
77 229
22 227
186 254
246 244
5 178
209 63
54 76
55 177
218 190
203 258
31 129
57 160
130 95
127 170
245 67
7 247
39 81
15 43
37 100
190 105
81 224
236 258
80 222
115 85
231 188
111 78
41 76
257 49
94 48
49 35
245 79
124 234
16 244
228 146
246 18
126 266
9 5
182 219
251 41
205 41
186 113
203 28
43 146
95 78
239 137
202 142
13 127
84 265
194 125
132 260
204 107
216 198
71 36
143 83
78 266
25 167
23 137
64 13
78 20
129 210
109 45
227 15
91 213
82 170
216 137
144 118
15 253
6 223
135 229
100 43
80 241
158 14
146 235
54 14
90 261
35 225
115 154
230 178
18 233
20 16
141 57
100 62
207 82
260 31
51 178
133 109
14 227
227 258
204 117
44 269
18 10
161 257
109 106
102 106
116 234
6 55
85 96
85 250
190 76
110 226
222 139
259 65
260 180
108 49
125 12
64 143
105 145
126 204
164 225
35 33
246 152
251 235
0 56
169 193
192 185
93 141
198 105
237 138
149 1
143 214
9 180
82 238
180 188
135 120
237 103
242 128
62 116
47 194
188 233
242 186
269 31
256 128
125 200
34 67
217 247
270 249
247 6
109 124
15 121
209 73
154 269
19 146
184 36
37 55
169 44
37 179
240 173
166 133
240 135
160 153
75 194
262 191
211 60
56 33
160 231
54 200
59 247
84 67
94 252
263 205
171 219
173 109
193 99
223 108
42 39
190 219
69 79
211 5
72 207
148 63
268 5
201 72
99 221
48 127
127 178
258 141
41 180
10 108
175 109
211 12
234 8
199 32
119 217
195 63
220 173
40 251
89 45
76 110
10 234
69 22
195 259
151 45
260 73
204 236
191 3
233 227
12 0
166 159
231 223
113 143
22 182
92 225
45 254
175 86
200 73
89 233
2 57
166 178
21 37
41 13
270 103
199 85
68 155
71 225
150 3
30 119
6 192
182 178
251 119
70 136
145 236
110 238
183 146
17 217
64 94
17 161
132 27
113 54
119 69
116 190
142 122
45 105
203 136
51 33
107 140
197 10
255 159
124 85
190 86
186 224
234 149
217 233
251 72
180 186
80 26
15 213
143 10
34 265
248 56
71 206
27 187
138 10
220 209
268 210
200 245
200 24
268 232
42 270
247 255
195 181
251 266
253 160
132 60
10 142
95 236
18 33
15 195
209 50
63 176
174 116
250 38
113 203
100 220
194 37
99 267
61 195
246 251
117 188
236 7
175 36
114 13
216 125
169 265
114 250
18 100
133 28
168 92
223 171
200 46
128 48
111 268
233 267
14 184
80 78
189 141
251 185
12 217
178 166
231 203
208 139
259 208
69 157
66 183
219 263
47 172
250 158
125 179
158 19
209 112
126 206
122 213
210 25
92 246
132 188
225 168
120 35
148 142
108 17
265 40
171 193
172 75
40 196
115 53
214 153
110 244
130 31
18 78
112 111
98 108
167 236
248 13
57 158
19 251
267 98
267 258
158 29
142 248
1 82
134 55
28 25
6 162
72 253
115 7
69 256
216 41
244 51
221 224
210 166
180 216
126 164
244 96
89 87
152 150
224 161
66 122
78 136
27 26
228 40
7 105
154 48
214 255
193 25
225 133
128 8
82 254
77 137
155 122
192 23
218 206
70 34
107 236
261 219
181 220
85 142
216 3
113 79
127 207
179 121
245 89
258 35
245 112
201 2
234 14
256 206
199 181
119 143
105 163
266 211
196 14
230 167
268 153
181 58
94 33
61 256
5 12
46 263
197 35
127 186
197 181
243 208
234 211
194 269
230 50
192 202
206 87
152 253
228 252
210 111
247 191
148 38
91 244
174 223
179 162
245 265
117 43
166 238
175 200
268 142
169 54
170 88
7 143
176 242
101 204
39 57
44 221
169 161
201 162
229 31
6 131
80 67
45 103
48 11
253 4
114 86
82 55
119 88
90 53
254 134
20 54
262 121
82 232
176 55
178 110
122 194
166 270
195 123
170 38
264 256
129 132
82 218
11 77
174 107
209 61
125 168
142 234
124 177
77 105
264 213
120 168
161 190
217 102
178 241
190 247
126 252
245 20
21 101
228 101
41 135
48 62
6 103
169 114
49 179
204 155
213 157
10 145
106 160
148 77
65 83
152 142
195 99
190 32
209 198
194 170
5 173
148 132
150 213
9 79
182 75
33 208
157 234
60 172
178 88
246 140
256 140
185 180
268 192
192 41
241 12
91 11
35 119
44 141
61 126
261 59
52 194
221 170
107 118
19 169
5 28
251 237
195 110
258 115
103 54
166 44
172 169
83 166
258 135
96 183
201 91
246 216
169 152
121 21
138 42
58 108
162 49
216 56
51 259
209 206
93 134
189 231
181 38
210 256
126 151
42 59
254 59
6 10
202 156
25 145
1 214
210 88
46 46
119 220
168 37
47 33
13 237
118 190
259 97
172 28
117 36
38 229
35 17
225 129
91 237
150 186
176 185
1 196
247 253
9 104
24 83
202 29
216 204
45 113
147 57
79 247
167 46
152 257
87 60
250 58
265 107
68 262
133 177
249 191
240 126
213 155
36 187
94 150
22 57
21 31
134 118
96 32
168 76
124 68
89 218
112 141
170 34
179 138
251 174
96 69
255 171
202 267
248 157
17 13
177 90
159 247
250 220
5 168
51 247
232 201
254 143
225 197
91 142
214 112
179 50
180 92
192 29
54 202
210 114
108 181
244 22
54 173
228 168
128 253
195 89
90 124
153 63
158 121
226 188
180 178
267 45
92 97
165 247
262 11
32 95
233 263
227 55
151 217
118 90
170 253
189 46
20 155
40 15
13 174
5 262
261 80
217 85
81 253
133 40
225 257
244 7
148 177
228 200
205 17
8 161
204 168
184 168
53 7
202 196
123 218
263 262
9 66
24 139
180 160
168 55
159 155
23 267
5 36
199 103
146 81
190 53
68 170
220 52
138 81
174 0
142 43
89 76
270 15
149 225
196 62
260 207
80 213
244 155
206 148
150 221
193 39
71 95
262 8
50 152
268 129
64 47
189 54
8 145
53 158
93 6
53 162
48 213
179 261
21 145
103 251
125 14
236 85
35 79
59 19
50 197
82 265
93 77
180 136
94 264
90 29
138 150
218 22
176 182
220 171
153 239
150 66
181 51
50 39
19 254
50 94
233 92
26 213
251 15
110 67
213 18
78 231
90 182
104 171
249 10
6 260
10 81
204 74
163 42
76 2
109 210
129 153
28 191
179 21
26 39
151 108
224 5
162 163
174 128
14 182
229 60
124 207
186 29
59 197
105 237
107 15
42 137
22 250
115 170
79 175
71 229
117 73
60 133
270 82
99 230
250 101
161 199
86 62
249 77
159 218
242 45
158 92
34 14
20 160
32 204
217 244
187 266
50 48
47 106
130 151
222 9
135 200
138 105
136 118
267 238
148 181
248 177
255 82
173 170
221 207
196 78
133 209
112 13
19 184
12 115
181 170
255 61
266 117
256 64
111 129
108 100
258 73
247 125
42 87
136 270
236 114
140 166
159 212
44 101
228 230
39 155
33 185
119 244
169 267
89 41
46 220
3 71
154 199
253 21
214 108
161 6
182 176
166 9
196 133
100 210
152 176
175 16
187 62
87 120
166 242
79 19
122 120
34 246
196 90
46 101
213 237
121 220
237 49
104 143
157 111
236 234
54 61
239 28
73 141
203 227
177 20
160 127
230 144
218 192
166 186
181 77
63 109
23 26
264 192
9 232
161 128
165 210
143 157
4 159
197 166
87 213
245 126
250 150
119 105
14 115
270 214
71 103
69 188
53 112
129 221
250 31
188 247
257 195
256 11
216 114
49 37
149 183
220 253
89 79
263 58
181 258
236 101
182 211
106 169
166 128
98 261
142 109
150 190
18 159
199 78
96 198
113 60
141 107
66 176
264 64
224 139
48 136
113 231
117 171
174 56
97 213
257 119
168 12
234 124
114 194
175 125
64 71
24 114
62 134
186 198
149 127
61 58
107 150
231 45
107 269
16 123
127 4
79 28
149 98
46 90
231 103
192 5
129 29
47 150
99 52
83 23
257 164
166 157
61 109
11 248
174 111
120 228
71 143
223 146
208 29
72 160
53 56
47 200
44 256
58 170
191 47
34 216
7 179
242 65
131 218
42 74
45 82
262 260
245 142
220 181
111 23
71 220
101 182
154 75
189 48
203 62
81 40
241 106
248 139
80 181
92 149
167 32
148 86
62 246
128 117
230 115
261 166
92 15
40 269
161 109
87 67
171 191
35 93
38 261
87 39
33 5
221 249
15 173
18 22
210 210
259 81
59 183
187 179
73 230
67 157
234 27
74 24
139 215
75 155
196 136
206 114
219 238
108 174
71 80
188 28
164 178
112 103
73 37
59 143
254 47
47 70
70 53
254 70
171 162
203 256
15 53
85 190
130 0
122 176
96 111
29 75
18 6
76 89
106 40
260 102
67 29
44 231
71 4
185 187
138 225
183 38
143 44
176 263
198 5
3 41
199 28
170 225
134 73
221 242
99 219
234 255
86 104
63 23
212 122
22 252
38 163
236 2
226 182
216 47
218 40
144 234
212 65
71 141
244 232
154 18
178 264
137 183
179 33
34 34
38 129
183 221
133 153
113 147
5 166
222 112
42 197
21 237
77 193
3 192
60 130
239 119
193 14
213 26
27 75
145 250
29 61
18 74
234 90
2 108
219 195
40 24
192 69
24 7
29 223
73 82
175 171
200 142
70 94
177 148
120 164
209 5
115 172
224 48
69 61
184 3
256 76
107 158
50 139
91 76
126 145
122 39
107 98
176 249
218 62
20 89
263 67
37 172
260 228
146 177
61 233
111 144
15 265
180 31
172 107
179 52
157 31
207 62
163 198
219 230
153 121
235 97
94 164
102 152
177 63
184 268
106 242
73 234
35 165
67 27
233 16
129 142
266 268
146 27
43 139
235 251
41 95
43 16
28 158
230 136
10 59
122 99
30 31
67 120
195 48
239 191
188 265
207 5
186 9
140 53
27 152
157 248
32 157
242 210
89 216
215 27
27 22
247 63
149 20
28 40
243 63
221 228
15 1
24 63
126 198
194 13
60 201
166 240
193 147
194 7
100 86
219 243
153 47
178 239
103 163
133 158
211 220
252 228
35 128
95 76
107 53
218 172
206 52
27 61
254 49
261 205
78 157
184 75
40 88
51 24
259 37
252 270
172 179
236 269
259 108
167 129
78 68
33 96
49 171
213 5
140 234
160 179
73 205
214 33
252 70
10 210
126 177
47 259
175 195
81 204
21 71
226 121
167 152
261 27
49 241
234 136
268 22
90 114
169 35
181 262
137 243
181 260
252 23
76 165
113 262
196 249
0 127
10 270
37 38
257 231
122 178
17 104
92 22
72 217
142 260
2 216
212 7
47 212
120 120
71 38
159 171
36 151
231 55
229 120
109 235
5 180
144 40
129 160
212 195
75 128
23 219
40 4
140 145
215 238
251 159
215 226
78 27
137 52
17 163
177 122
232 8
222 55
267 96
11 252
260 62
50 177
207 209
269 17
254 85
243 36
248 0
16 180
226 220
32 103
246 156
36 105
44 192
188 108
235 33
78 235
53 129
141 222
99 192
77 22
120 48
197 207
265 82
192 269
126 166
254 228
195 11
109 204
176 110
123 25
225 240
143 222
160 32
183 170
176 66
105 119
35 53
113 1
184 100
269 212
32 246
239 24
198 142
98 50
149 223
102 238
190 73
6 128
269 137
87 211
240 193
262 177
15 139
45 80
37 214
173 190
104 18
232 26
44 89
153 71
17 179
159 87
264 125
252 169
28 30
169 220
165 46
7 211
77 176
246 261
4 8
70 76
83 228
7 66
17 139
207 43
114 255
47 7
261 242
29 164
213 75
190 94
138 207
214 73
125 185
113 8
193 254
61 8
58 48
224 111
80 145
225 222
160 243
69 244
104 75
164 90
21 52
227 173
125 114
0 240
269 42
60 104
210 191
27 52
48 232
48 51
85 19
128 205
119 33
129 190
177 208
144 90
86 30
82 122
136 91
32 79
251 93
47 223
156 265
124 238
31 205
246 12
245 203
86 253
91 48
99 41
216 248
0 47
264 236
164 14
263 265
120 162
108 58
62 266
180 103
54 54
0 51
46 265
255 248
243 107
89 98
45 12
53 192
95 231
184 17
44 14
242 183
250 255
129 239
11 202
108 94
223 11
250 215
44 155
32 262
91 95
153 113
135 262
25 3
165 111
53 247
131 216
58 118
130 191
89 36
152 268
26 230
235 231
116 3
202 53
194 263
227 120
8 209
20 34
233 265
136 178
155 77
200 17
216 134
249 218
40 107
5 116
56 121
224 247
59 221
120 107
109 15
95 149
73 92
97 189
262 18
137 119
154 229
221 155
20 126
229 222
127 34
33 133
92 231
24 230
229 148
173 148
130 267
113 184
140 94
23 124
38 195
207 37
116 152
213 126
140 228
215 157
57 182
33 244
193 162
59 50
61 239
197 145
203 19
120 234
125 257
20 56
229 15
30 43
227 196
193 240
113 15
258 117
258 187
256 121
219 246
120 210
128 72
3 146
33 164
45 180
57 252
218 24
82 210
56 191
15 3
191 164
257 98
254 3
25 48
92 133
32 159
64 125
266 47
120 46
225 165
53 59
28 194
237 164
237 192
262 83
43 178
203 80
210 93
55 65
104 186
48 181
139 251
115 55
252 95
179 259
168 118
269 95
198 202
179 12
53 175
220 118
270 192
240 67
112 62
91 119
238 129
82 61
67 79
167 17
54 93
80 220
206 211
12 259
75 200
161 34
147 252
116 18
212 32
90 179
1 258
78 222
226 76
83 263
103 154
9 249
82 38
121 192
132 204
224 131
127 201
64 35
269 200
100 212
1 60
128 56
139 242
44 22
148 31
134 178
53 114
212 24
186 119
118 71
21 105
111 212
223 183
213 102
265 177
250 160
118 251
22 260
152 67
173 144
43 144
202 233
79 208
152 153
258 99
126 112
113 31
142 94
10 6
145 196
238 190
10 69
146 86
232 94
87 201
150 153
131 127
48 18
201 255
138 72
30 60
81 77
152 21
34 200
81 179
133 86
49 150
257 233
223 223
133 5
48 177
61 20
105 240
87 87
84 259
175 64
160 4
77 88
31 142
157 61
249 176
202 161
268 112
164 116
182 16
120 114
96 34
50 245
92 176
42 22
235 60
237 27
40 60
235 0
214 136
88 85
157 267
169 84
252 215
33 227
5 171
215 49
77 178
182 14
236 68
70 240
220 4
133 42
91 16
51 270
265 238
154 14
144 42
106 75
153 107
179 257
83 124
72 152
86 207
238 68
77 42
255 153
37 176
3 167
43 254
247 49
141 16
154 257
63 80
135 11
246 91
132 186
37 113
178 43
119 64
120 136
178 249
60 174
153 164
109 113
34 232
86 15
68 134
129 269
168 206
59 155
182 215
64 183
40 216
223 133
162 3
91 147
11 204
22 147
89 125
80 60
77 108
81 28
250 70
67 153
268 8
91 36
114 207
234 126
157 158
99 158
226 109
24 190
61 29
209 264
254 250
0 173
208 171
9 110
143 268
146 169
202 234
104 153
61 262
130 130
45 69
1 125
238 83
190 171
4 230
59 261
259 142
108 122
212 39
93 16
60 52
263 36
161 31
143 197
209 253
47 179
80 103
173 269
257 154
205 246
226 199
70 253
69 181
250 189
75 22
221 68
23 201
165 176
209 101
239 53
11 138
259 71
222 15
267 202
64 210
202 186
162 108
82 269
253 158
184 228
101 42
67 92
25 112
230 254
86 94
126 136
48 100
150 141
215 155
93 118
137 70
53 13
81 193
196 202
187 126
233 142
244 134
97 199
48 236
207 132
236 180
147 155
67 235
58 46
46 18
6 75
162 180
136 72
13 156
35 95
16 228
225 54
213 28
59 259
37 80
81 15
187 250
106 111
235 185
74 244
87 194
260 190
56 117
208 90
26 175
34 111
185 158
230 19
99 76
52 130
153 148
159 210
88 146
118 234
208 103
97 10
16 226
209 179
24 218
1 160
247 238
51 257
220 132
262 145
140 73
5 147
139 184
49 85
25 204
178 231
96 201
127 199
197 140
36 260
200 30
103 182
109 237
232 225
70 109
104 132
48 234
134 251
120 184
33 169
118 108
170 0
91 267
231 250
137 125
180 98
134 197
204 186
26 118
39 239
216 167
127 153
183 181
182 127
182 67
99 183
93 268
261 225
60 117
72 101
268 66
158 255
70 261
78 66
192 242
57 238
61 199
147 216
15 27
23 24
56 164
88 62
162 224
249 119
15 143
228 43
8 228
167 264
89 178
206 36
237 215
117 104
145 111
67 166
174 68
238 76
60 113
114 115
114 185
177 194
250 168
229 155
119 54
259 232
159 199
227 211
233 200
17 91
191 244
137 63
63 149
43 24
239 103
230 219
197 211
253 103
212 243
78 128
206 262
203 115
91 87
166 112
1 249
56 162
22 89
111 192
206 180
144 54
60 75
94 176
204 248
188 124
224 42
56 189
120 222
18 76
53 262
173 176
18 53
253 87
63 186
54 219
148 169
213 149
190 148
177 225
204 165
180 29
137 149
116 47
254 181
125 7
172 150
29 48
23 65
233 157
79 138
187 48
191 217
158 187
138 267
56 108
212 98
24 88
165 114
237 196
266 184
246 165
83 16
131 222
44 50
162 178
213 147
28 250
231 179
226 125
107 89
40 194
56 39
35 81
209 37
207 146
49 26
157 115
228 181
42 50
244 45
22 240
99 138
27 150
80 265
103 35
196 124
83 34
246 83
160 92
61 128
162 230
181 73
186 239
224 0
113 11
8 222
25 111
210 109
231 169
200 160
65 111
174 76
236 176
263 20
106 212
32 237
101 36
246 99
238 51
232 74
228 26
66 90
10 256
83 71
253 156
239 244
98 263
48 244
206 112
111 124
26 127
232 161
51 56
260 117
17 205
19 119
171 221
171 201
133 69
43 154
32 258
125 143
27 201
121 166
175 48
85 252
190 29
81 4
146 96
56 171
227 78
28 258
244 213
112 48
229 141
68 242
2 225
16 215
104 180
147 1
198 215
195 91
201 28
16 187
65 251
177 138
110 208
84 85
33 129
56 83
96 267
82 132
175 156
85 44
229 165
18 117
263 154
188 165
26 199
97 165
220 115
15 102
178 22
225 183
122 136
123 60
60 56
249 243
160 229
77 46
241 142
10 127
90 145
198 79
94 21
74 252
102 127
127 168
197 16
261 230
238 127
79 116
52 201
220 84
95 260
181 161
186 265
17 235
70 134
220 232
241 63
188 158
60 2
115 96
100 107
228 107
261 238
121 142
217 127
2 96
182 3
189 249
46 162
75 36
97 208
177 260
202 201
137 40
127 158
13 129
182 238
205 81
259 144
235 89
224 20
1 40
154 92
221 86
168 139
29 175
190 92
102 143
164 170
226 170
60 47
209 143
206 118
37 36
147 244
19 178
266 207
85 179
41 93
49 259
196 9
148 215
92 203
98 127
270 238
44 258
178 197
236 227
169 244
238 179
1 42
210 97
38 216
149 120
222 181
39 139
96 43
94 157
170 223
9 1
182 99
72 179
133 261
160 85
199 22
265 38
183 77
133 236
64 108
160 223
81 89
95 266
230 111
92 145
251 268
98 29
224 237
8 56
51 37
161 45
70 113
185 66
203 263
227 158
156 79
117 244
148 150
90 246
44 142
135 13
149 152
109 60
95 41
228 76
25 74
149 130
186 207
124 214
257 253
218 268
154 178
6 145
14 141
127 149
29 117
19 124
172 77
200 89
268 240
47 186
129 63
92 255
35 64
190 82
246 51
241 215
46 230
270 5
68 54
237 256
91 99
197 58
219 95
153 134
102 228
166 11
261 64
16 9
269 56
22 192
85 225
130 111
173 208
28 88
269 119
204 159
188 103
110 2
82 36
142 269
263 95
235 257
78 269
74 98
110 47
199 173
247 242
76 213
92 270
12 240
37 156
147 200
19 106
246 127
100 94
137 79
66 66
45 32
221 239
28 34
108 79
146 34
254 27
221 230
41 208
31 155
137 252
94 71
179 212
30 67
54 189
270 80
259 224
111 231
198 46
4 157
60 135
250 129
2 112
26 24
262 31
167 53
136 127
97 64
152 136
266 256
193 230
159 249
1 251
216 132
249 237
60 214
115 93
200 26
178 97
188 69
101 52
255 5
228 38
65 81
92 63
80 155
86 80
99 91
240 104
61 251
185 197
162 255
268 20
120 86
214 95
64 45
186 229
97 6
199 239
228 65
172 208
0 112
261 85
43 180
140 105
18 62
128 249
132 18
164 201
138 19
58 220
227 133
112 163
13 210
53 46
213 52
269 130
9 68
9 134
190 35
244 18
27 125
72 73
25 46
264 260
148 212
94 29
207 207
270 86
157 246
247 173
115 244
128 44
243 112
240 37
101 114
164 158
139 99
153 170
169 20
63 106
169 102
107 51
112 134
258 185
131 209
66 118
241 243
23 84
65 206
10 208
13 27
25 21
178 233
227 129
37 92
208 26
106 153
84 55
214 3
44 182
202 148
168 255
69 169
170 76
174 95
22 54
61 258
172 239
76 231
155 50
205 260
260 260
37 154
186 147
180 214
208 155
29 58
130 91
51 207
110 80
17 254
103 68
219 80
249 117
237 224
163 200
56 77
96 237
194 265
82 220
170 93
262 143
247 68
111 222
262 128
91 135
157 77
171 44
268 41
255 161
63 127
198 77
65 190
255 94
258 4
168 90
220 72
160 203
129 226
229 81
84 223
221 172
65 229
126 131
83 240
258 75
110 31
136 123
25 26
86 0
268 140
222 131
137 201
144 224
112 28
5 142
63 229
225 33
211 113
99 198
152 167
217 217
40 206
183 267
222 262
264 178
8 261
243 5
162 226
261 144
190 68
153 255
244 98
132 241
159 241
0 181
242 122
142 18
122 200
269 196
169 239
32 200
192 131
77 180
95 99
180 114
199 233
19 32
198 249
141 64
190 207
262 125
267 67
197 111
268 77
182 117
68 187
234 235
169 66
201 194
11 230
252 217
219 68
266 147
148 90
225 146
26 0
170 160
