100 213
99 154
79 107
82 149
199 174
256 267
145 238
205 90
148 25
14 149
236 126
269 139
204 169
215 164
180 42
106 126
261 245
103 106
103 53
144 99
125 64
121 116
192 147
260 119
83 19
113 25
209 224
216 268
131 243
126 82
169 264
72 79
106 239
101 242
14 119
270 105
221 258
119 121
191 42
117 92
182 240
30 32
22 179
172 210
262 152
116 257
267 22
163 211
50 236
238 36
78 3
191 219
116 1
246 208
70 12
17 11
52 56
257 5
241 111
205 158
100 218
213 194
184 66
128 189
195 170
79 60
265 41
158 220
96 40
56 9
147 60
218 82
3 232
99 258
6 103
195 123
233 201
166 177
73 148
268 261
194 161
192 255
154 22
41 252
9 15
44 19
158 126
112 158
106 40
36 145
160 252
143 98
231 197
58 79
177 157
187 163
258 37
166 6
28 91
208 171
94 172
30 237
166 69
257 128
222 52
71 158
212 48
158 152
180 75
231 19
157 158
171 3
265 268
262 16
57 98
66 0
79 52
251 183
240 203
134 42
18 22
56 88
45 202
195 232
81 119
141 189
97 243
122 244
62 182
17 68
116 150
109 43
252 71
33 226
245 81
206 209
7 50
240 243
175 62
263 127
144 122
176 108
68 53
130 245
17 76
263 164
63 103
155 115
269 157
237 178
206 6
52 96
97 235
118 147
114 202
20 208
137 39
59 148
245 202
180 270
66 269
121 122
124 161
135 172
245 108
4 235
162 56
199 80
51 125
105 81
258 197
217 38
62 139
205 18
63 261
74 70
112 114
233 122
245 47
4 23
49 149
36 154
156 152
18 214
260 83
26 132
119 190
93 28
122 26
8 47
231 66
268 213
217 80
80 183
259 195
235 213
162 194
203 145
21 67
63 59
215 29
218 174
254 198
25 149
13 197
232 136
147 108
231 109
81 168
175 6
153 270
181 32
14 39
248 11
159 128
167 114
35 261
128 117
48 216
197 16
23 129
113 259
166 170
210 199
16 31
119 170
181 245
184 203
227 30
69 19
244 97
266 77
78 58
244 124
1 57
33 17
178 155
138 187
228 163
31 184
209 213
118 151
227 75
67 65
248 116
268 126
11 206
60 215
223 242
13 216
143 22
36 226
31 66
201 205
135 196
14 32
233 205
24 130
167 22
254 154
98 152
52 215
261 66
198 99
62 79
207 245
222 235
157 102
2 157
259 188
203 234
113 175
178 261
68 206
195 181
34 172
238 121
126 6
8 231
213 245
193 182
245 122
34 217
140 132
79 195
5 16
6 69
37 16
39 51
82 248
7 95
43 230
77 118
229 199
187 27
134 17
130 43
71 73
115 259
153 47
55 224
257 51
23 189
101 254
242 246
266 43
263 206
119 123
123 68
189 120
17 224
213 147
49 193
236 135
40 165
216 112
115 192
100 200
233 1
76 7
168 178
71 149
88 181
98 87
159 150
131 51
139 53
179 16
197 238
196 98
161 12
39 24
151 266
77 222
48 67
46 15
106 120
14 196
59 113
118 102
24 108
184 14
108 47
243 18
118 65
172 188
102 87
74 252
74 89
218 84
161 60
120 19
107 81
132 236
261 248
132 111
38 42
28 143
105 128
19 164
147 4
264 153
207 66
240 15
46 18
257 90
55 111
105 98
235 228
96 50
242 175
53 114
191 231
49 221
115 175
98 76
24 78
81 230
104 256
183 20
191 22
54 96
205 266
31 258
108 131
135 62
119 67
107 237
15 216
216 82
30 199
259 133
237 0
9 259
46 127
153 196
149 176
223 208
85 58
213 126
236 27
218 207
7 190
55 75
193 234
226 147
210 48
210 221
235 110
248 112
111 134
159 19
55 127
91 215
208 130
6 13
239 28
65 26
211 245
79 264
72 128
106 163
173 151
47 169
197 12
196 6
56 173
82 41
160 5
267 7
148 36
137 251
263 56
64 1
18 93
265 220
50 6
195 111
121 67
110 4
72 121
112 223
16 226
137 111
196 138
168 86
113 244
59 247
22 175
69 57
138 74
226 131
117 170
182 42
96 142
104 199
265 55
162 136
238 189
246 46
27 52
257 115
193 90
157 39
17 2
218 155
165 78
248 128
5 211
130 97
53 29
45 65
186 195
114 242
120 215
52 262
136 109
35 131
176 65
85 61
15 93
222 86
170 51
243 5
267 15
185 146
6 46
214 8
72 103
140 0
263 179
131 238
163 108
147 183
109 245
233 29
43 112
102 125
184 74
51 129
8 133
105 54
34 152
83 119
213 164
48 50
165 68
6 187
245 157
233 86
153 69
170 232
269 177
119 254
181 70
151 229
80 216
129 161
44 228
67 233
78 224
57 163
170 253
46 227
173 198
109 64
89 213
96 5
257 73
253 161
43 267
18 73
112 192
260 19
29 194
118 117
26 130
156 112
20 247
160 122
147 77
91 150
54 39
102 26
136 50
258 49
117 184
53 31
270 166
171 58
51 118
139 219
94 9
106 88
163 42
87 84
114 84
93 234
121 34
65 30
64 130
165 137
0 85
102 214
263 266
27 66
11 199
268 30
103 241
103 208
91 53
192 58
264 66
259 90
231 120
59 228
186 182
185 199
215 190
243 253
64 234
99 254
231 266
62 61
12 0
141 150
64 62
154 122
198 61
68 33
168 50
203 52
144 32
62 191
39 217
251 114
149 163
229 109
15 171
235 35
107 264
227 161
150 45
122 164
140 42
195 239
83 54
61 16
149 143
44 187
262 150
210 210
227 19
182 134
108 78
248 9
150 224
60 79
225 39
26 64
206 52
111 15
149 157
141 219
159 232
84 15
140 255
208 1
211 73
255 50
248 76
141 63
225 22
38 88
86 109
27 188
199 45
195 128
130 93
16 83
77 154
182 157
222 116
208 211
88 184
166 206
2 17
235 237
267 156
58 23
91 78
66 228
150 256
190 193
165 209
105 130
114 155
8 265
23 167
53 53
114 268
247 6
86 33
68 36
79 214
105 3
16 252
264 19
75 185
241 141
247 84
85 102
229 38
23 143
82 74
3 230
43 239
240 51
74 52
12 254
209 140
258 81
5 95
222 185
19 65
41 58
243 36
197 73
28 106
114 70
146 84
238 27
56 58
254 62
126 115
4 269
51 30
112 173
99 68
149 165
167 169
104 25
242 30
92 22
192 80
126 35
129 151
171 65
243 135
73 130
19 103
248 114
216 224
186 85
16 173
132 96
230 146
264 123
62 45
134 158
130 91
92 269
205 39
58 160
64 27
57 147
230 15
260 100
260 60
87 183
43 169
24 35
99 4
99 242
187 127
37 165
208 262
169 157
98 69
134 91
212 180
221 163
139 133
8 192
182 263
32 77
21 105
191 240
102 24
215 103
13 170
114 157
65 270
259 241
176 121
39 119
199 49
15 117
30 161
166 208
246 151
61 115
152 72
60 180
61 60
256 60
53 189
181 123
16 0
163 136
245 85
41 248
6 228
86 195
234 178
118 36
124 131
199 82
24 203
229 8
30 250
112 228
118 153
28 31
115 146
105 69
250 38
236 165
160 209
60 232
112 58
13 2
217 73
145 57
125 94
92 165
197 37
181 158
173 186
253 144
122 192
267 78
71 212
91 120
130 88
52 264
42 62
254 218
123 37
12 137
27 60
149 154
219 241
128 169
207 183
69 207
111 108
268 94
177 233
269 96
217 78
10 193
138 168
135 16
148 106
40 163
6 249
49 234
249 244
124 35
137 176
134 259
270 33
103 49
135 5
251 221
34 36
84 227
16 48
247 249
91 88
177 86
219 201
223 163
113 191
132 21
214 107
181 172
260 210
27 178
211 266
117 122
237 134
229 88
60 140
200 229
161 202
156 148
98 224
203 248
222 71
67 110
105 141
77 28
112 130
145 131
149 65
143 237
241 182
54 15
103 258
146 32
214 267
33 203
66 232
33 214
41 217
135 250
205 53
210 223
66 250
205 235
173 92
82 216
100 70
166 139
128 243
87 4
139 112
216 32
117 15
30 248
254 254
168 25
260 232
108 133
115 38
162 14
10 250
162 138
76 233
95 52
8 74
176 56
4 162
196 160
81 155
119 236
238 197
190 247
240 269
226 127
188 250
89 175
258 113
209 169
211 70
93 159
19 248
202 197
244 206
17 185
21 26
264 151
92 41
77 160
255 44
164 141
182 116
78 44
83 167
167 235
78 101
189 172
135 51
52 269
13 269
158 5
78 233
246 2
223 253
25 174
254 91
174 109
16 149
194 53
153 92
72 135
223 75
63 114
35 83
31 103
87 225
196 127
102 150
136 97
214 98
261 56
114 257
13 85
24 127
136 159
35 150
108 41
127 266
221 8
44 87
61 261
209 29
242 83
28 236
174 137
19 152
171 144
13 160
56 86
255 204
124 163
48 212
218 9
53 35
187 252
203 90
176 261
197 207
205 162
15 37
180 100
124 260
152 166
150 166
178 90
106 94
253 248
71 9
6 270
42 53
216 135
246 241
177 211
105 264
36 69
4 115
21 11
76 26
85 124
249 220
257 106
234 67
48 76
168 61
115 160
213 51
141 247
39 136
86 15
238 76
230 102
25 89
75 147
56 175
120 148
226 18
157 160
24 4
126 84
193 257
212 9
103 210
18 34
92 152
232 102
180 241
186 17
26 217
29 35
137 228
64 79
107 18
164 160
54 41
34 125
168 161
127 74
258 210
73 22
257 211
112 29
71 242
47 65
198 11
75 3
235 197
145 82
49 69
12 220
64 128
64 214
176 87
35 35
193 14
165 66
69 21
192 60
256 196
36 94
79 209
228 221
129 204
238 246
256 132
52 40
219 258
198 49
63 227
69 10
115 232
198 128
62 105
256 75
243 22
13 146
147 200
154 1
47 261
123 228
189 240
73 50
122 225
88 199
240 130
240 216
262 93
88 205
177 83
77 265
87 251
151 120
200 231
265 249
138 149
47 128
109 14
22 219
259 41
95 168
159 258
223 261
83 170
204 128
236 156
196 39
67 258
187 223
79 50
208 53
202 231
16 92
138 41
253 220
18 24
204 165
243 126
211 144
19 25
179 219
127 93
130 249
38 15
112 234
82 121
167 263
142 52
180 163
7 80
25 85
94 132
8 70
263 170
199 84
81 0
20 162
49 223
141 256
116 152
112 27
246 153
90 22
121 73
203 261
250 174
252 234
176 50
99 106
159 25
80 56
230 62
248 41
100 246
224 212
70 92
175 146
82 227
171 91
215 181
216 94
236 38
65 68
18 69
3 147
133 127
165 47
237 122
35 174
141 243
17 85
193 21
237 78
121 217
16 222
185 210
150 28
97 154
215 92
94 146
90 183
41 268
251 18
156 100
119 100
246 200
37 58
247 67
161 58
178 100
14 43
145 142
54 112
76 163
127 72
47 8
187 241
171 128
3 104
35 233
3 16
65 261
139 216
90 24
42 192
40 120
126 57
44 201
117 34
52 48
223 143
70 240
118 20
0 121
87 2
78 179
263 17
265 145
10 242
126 243
108 12
156 126
173 136
244 82
0 95
113 211
211 225
53 118
237 34
9 210
92 173
212 110
181 55
0 116
162 162
214 221
202 257
233 165
206 50
171 113
64 196
88 43
40 126
258 26
201 71
48 48
109 89
39 263
116 9
215 197
30 117
222 227
235 83
77 270
46 192
147 26
224 73
152 238
266 238
150 217
185 207
220 161
106 131
121 57
12 149
140 19
254 143
8 82
227 32
173 16
0 21
115 194
232 270
14 83
113 161
82 67
90 147
15 181
57 151
153 74
185 178
4 75
107 106
233 211
262 148
150 47
155 53
137 10
143 66
28 141
133 46
195 148
161 163
220 9
215 57
166 109
160 29
182 120
201 81
160 137
262 89
26 198
262 63
194 147
209 47
28 132
31 6
247 262
235 137
128 44
75 81
19 67
234 215
62 213
131 240
50 45
148 54
17 50
15 250
80 121
265 209
188 96
32 262
201 137
115 162
37 127
182 204
211 163
0 18
243 156
168 118
111 60
264 147
69 80
175 150
247 69
221 73
75 155
220 156
39 95
245 133
218 121
138 267
46 67
63 101
270 135
254 196
34 68
35 213
92 45
149 61
58 145
74 183
260 5
246 140
187 120
236 188
126 223
121 107
270 262
59 21
259 171
27 215
178 29
262 65
226 59
114 77
32 205
205 233
158 129
208 128
260 21
123 206
86 100
201 227
226 172
69 220
222 110
126 86
237 127
98 10
3 50
239 190
137 216
218 157
131 61
176 68
140 143
196 134
232 210
113 188
239 188
18 239
39 240
183 159
37 252
223 0
1 34
87 123
203 209
182 36
179 210
127 133
73 150
183 132
69 121
50 191
66 88
33 80
165 143
143 112
66 33
162 228
1 215
12 140
255 52
184 263
212 226
117 56
245 210
22 127
181 19
152 227
41 114
54 159
84 109
101 96
79 185
169 66
45 93
141 146
258 199
97 29
177 26
73 76
133 157
23 110
234 148
260 104
128 203
179 54
127 158
22 34
122 19
229 28
231 87
131 156
43 80
175 17
122 234
100 211
21 263
95 131
14 122
24 87
55 221
205 213
189 76
251 157
5 150
153 13
101 244
152 3
127 217
161 144
194 256
152 152
23 174
140 148
244 234
210 254
110 111
141 65
129 187
135 198
46 20
52 260
123 236
10 75
168 268
215 74
131 63
57 6
221 205
14 53
147 163
211 250
265 143
145 198
142 260
91 238
0 137
192 169
48 242
79 120
155 14
226 57
136 95
119 58
219 81
151 255
242 54
1 166
249 5
164 256
12 222
146 141
13 135
8 212
190 223
42 160
70 244
269 78
261 121
167 97
42 91
58 130
194 47
219 77
255 24
12 46
193 30
177 220
37 104
84 142
265 180
6 23
126 161
57 118
115 68
15 185
24 220
128 3
75 140
63 21
235 87
216 222
120 150
223 251
230 56
241 55
129 219
30 78
92 9
52 258
225 260
241 16
27 108
189 118
210 252
157 99
116 242
233 196
160 14
230 160
205 187
217 200
120 134
120 65
47 145
119 192
57 77
2 173
231 118
220 207
159 23
264 133
252 57
105 96
46 237
199 17
87 82
162 192
168 244
109 134
160 152
134 71
11 58
155 40
230 252
255 141
196 8
67 80
68 61
46 108
175 210
145 97
2 112
53 128
263 54
23 104
50 270
232 180
41 116
193 88
155 42
77 170
219 230
211 142
92 143
42 158
67 57
169 255
8 241
256 117
241 109
206 128
247 187
64 232
85 122
197 258
152 17
224 145
78 132
160 62
62 233
8 126
104 94
159 225
201 141
49 8
56 203
230 209
71 75
106 182
83 270
114 115
200 176
225 143
26 212
141 141
256 4
122 131
78 158
30 180
183 189
141 82
95 134
203 54
127 260
2 118
170 67
113 91
41 79
103 2
58 172
122 105
24 2
212 202
33 261
72 200
132 5
182 155
140 13
244 265
148 161
35 127
89 201
18 26
51 94
185 144
134 166
15 81
228 80
175 135
248 152
124 226
84 20
132 90
159 202
175 127
48 97
144 207
4 229
227 247
69 90
203 263
208 81
100 230
261 208
168 152
136 188
122 39
245 248
212 254
40 203
6 164
199 235
116 220
249 187
41 51
160 7
121 23
224 111
107 14
159 254
124 265
199 13
151 239
214 120
79 90
209 66
249 74
70 129
175 148
5 205
199 68
221 256
132 191
130 6
76 183
77 263
170 75
35 164
226 159
91 130
229 248
262 14
173 192
6 52
237 36
148 202
223 181
230 207
65 86
52 243
227 158
80 88
204 103
247 229
29 202
157 242
135 242
86 203
68 256
233 20
264 96
75 130
246 232
35 123
265 45
141 115
10 245
129 228
48 78
78 42
130 190
199 218
134 174
169 236
142 251
80 77
23 37
21 103
61 22
36 205
30 107
239 60
218 71
4 18
225 149
115 149
73 161
248 258
13 157
157 191
266 234
228 59
179 1
72 210
89 54
215 133
120 146
65 226
150 177
243 59
204 35
24 46
257 28
111 106
48 256
226 165
228 41
24 268
31 247
64 263
251 153
234 3
35 5
163 224
189 26
54 85
132 45
244 84
210 172
67 121
82 246
126 264
110 191
59 194
0 40
249 216
233 159
67 55
36 41
46 106
20 13
11 170
161 88
79 105
48 139
227 23
203 186
100 36
148 88
77 51
35 67
74 192
25 199
38 241
39 16
249 175
136 226
113 159
215 6
25 146
109 76
98 49
153 115
78 172
115 53
9 84
232 251
159 98
141 133
193 204
237 245
66 92
78 48
174 188
236 161
60 75
231 14
190 146
213 265
201 17
35 207
180 36
63 194
216 34
66 209
51 127
255 89
151 225
29 213
188 182
68 12
55 17
201 8
249 228
241 128
70 122
172 161
203 9
64 200
101 85
209 244
236 235
180 231
122 98
227 28
180 66
242 52
134 125
262 119
25 214
180 187
152 241
149 4
199 206
22 190
223 187
184 2
203 102
256 198
141 12
68 270
40 250
28 77
48 141
261 188
116 252
244 232
212 108
195 133
233 5
148 110
170 177
122 61
268 23
98 112
128 85
69 62
269 57
138 265
170 210
40 52
269 117
252 188
33 11
40 40
120 152
270 65
217 20
95 141
34 70
11 238
162 126
149 179
194 184
101 207
118 261
34 149
10 133
264 94
199 204
14 194
241 50
22 13
120 59
83 231
136 264
169 155
24 230
139 32
204 181
166 118
38 40
114 234
223 161
194 27
118 172
169 245
268 74
67 260
221 142
155 229
123 129
134 58
238 40
219 7
266 190
105 122
148 32
226 49
180 123
166 49
44 157
82 131
58 239
126 59
101 196
197 46
204 270
188 140
161 106
162 112
166 15
36 224
174 57
57 222
48 152
158 193
163 254
106 262
257 202
265 20
71 11
184 155
213 116
96 64
180 214
8 45
108 88
60 18
31 28
12 172
214 166
242 211
42 14
69 131
99 252
82 91
242 142
228 254
14 92
201 129
97 228
48 2
79 220
96 132
213 114
17 66
48 0
78 191
66 230
233 110
39 114
235 89
13 218
137 199
206 54
216 226
149 90
203 202
183 18
258 129
111 247
84 260
102 94
189 164
60 224
32 8
117 173
182 84
124 165
182 270
245 92
59 146
128 110
32 149
185 119
33 78
155 267
214 223
78 183
2 59
137 133
135 99
155 150
248 245
109 124
164 119
223 205
149 264
158 100
256 49
201 237
25 111
40 49
60 221
163 8
165 223
65 84
247 209
152 141
19 181
213 96
110 221
155 51
186 128
133 159
36 258
168 99
241 48
121 132
152 121
167 239
111 211
52 176
148 112
241 267
92 251
126 4
92 195
136 122
226 35
99 89
217 34
193 4
48 258
32 15
234 191
162 110
237 163
42 205
168 256
129 74
151 104
64 230
221 249
210 180
196 41
33 76
158 218
196 60
244 143
73 181
61 175
159 210
128 183
36 15
235 268
109 174
150 43
71 18
164 111
56 153
4 103
270 210
34 9
262 33
46 268
147 180
1 233
245 105
109 50
151 34
19 262
171 156
9 67
112 269
9 73
210 167
146 24
16 54
67 27
184 134
199 237
34 146
162 86
127 33
239 110
6 97
213 268
187 73
13 120
28 147
71 202
64 207
251 226
192 115
32 10
197 204
64 32
263 245
112 77
107 177
261 102
211 139
197 212
237 227
46 178
91 31
83 117
95 185
149 229
150 79
244 208
160 206
58 214
204 211
153 20
95 66
153 264
56 60
257 144
242 110
143 146
248 251
255 156
23 263
21 32
63 47
89 81
137 130
253 24
32 145
82 145
254 252
186 156
99 43
21 151
101 93
25 138
107 173
254 104
113 31
239 183
99 228
79 157
246 8
45 170
59 64
268 255
89 219
33 29
186 239
19 51
186 96
37 35
133 195
62 196
120 213
237 259
110 30
80 232
266 264
169 234
84 67
1 93
15 262
11 84
235 195
209 197
57 114
248 188
38 206
32 216
44 118
36 39
138 217
233 104
96 115
221 101
16 21
126 225
54 190
219 37
139 198
182 174
142 80
169 112
45 72
105 153
186 13
129 217
96 9
29 192
224 227
191 185
202 103
146 88
229 150
211 168
98 6
245 254
192 222
48 167
224 93
27 116
113 206
137 189
167 92
180 5
109 225
81 18
94 63
80 58
252 185
176 222
123 198
48 6
41 184
146 202
81 261
151 30
194 59
24 90
32 64
156 81
93 239
21 165
197 267
150 24
246 42
86 111
10 195
171 198
143 132
190 102
1 213
150 156
26 78
66 115
232 206
42 237
129 64
115 185
91 205
59 226
10 258
246 123
128 59
42 71
102 46
231 5
74 38
25 36
43 114
25 196
217 36
31 178
76 237
152 23
208 64
238 203
67 246
69 193
4 93
225 109
177 145
146 187
168 242
86 97
189 167
141 45
216 139
133 62
45 266
56 62
175 92
158 187
268 42
193 269
111 26
58 50
8 183
165 225
232 160
238 215
224 258
1 104
118 44
137 52
121 21
225 134
270 63
58 75
157 22
265 171
23 64
260 92
4 148
12 250
28 64
201 147
242 61
201 216
71 20
27 211
255 256
88 193
47 221
241 59
0 201
78 131
162 54
179 27
58 236
4 73
38 103
90 194
266 82
96 110
30 148
205 183
39 252
131 236
232 148
249 126
270 61
23 7
216 25
64 151
266 221
253 22
217 57
147 214
265 18
167 76
260 153
154 227
219 270
51 32
94 113
189 126
115 206
258 92
60 144
55 94
188 228
210 1
258 206
105 178
172 220
167 78
261 263
244 64
151 264
97 225
267 144
143 143
107 4
245 51
136 249
162 205
199 178
54 8
260 88
237 253
143 16
93 167
156 244
217 180
163 156
9 95
168 176
221 269
43 69
232 235
89 209
242 207
165 22
234 270
149 34
186 36
36 6
209 182
85 55
20 239
104 126
197 97
110 206
126 267
157 41
65 248
43 194
244 19
228 34
239 254
93 252
170 1
26 136
25 125
227 21
217 206
191 168
111 92
136 132
135 107
250 102
263 220
30 132
83 165
137 197
63 140
95 166
25 66
194 5
176 52
62 131
8 257
259 11
37 230
23 177
74 7
143 222
78 56
111 90
35 40
270 107
175 90
51 234
134 105
130 251
76 176
202 174
143 199
259 154
50 47
190 196
100 6
57 207
9 247
82 147
101 105
155 93
194 159
178 67
159 91
152 213
41 155
163 196
147 176
27 34
74 93
159 58
107 211
12 119
242 183
30 182
3 24
102 199
152 1
116 265
29 37
211 188
198 248
168 209
67 35
241 253
133 121
42 185
266 80
46 167
99 197
265 257
13 94
166 215
38 121
194 55
164 197
16 65
73 146
267 176
227 180
269 202
236 216
211 269
103 212
132 16
248 43
143 130
19 92
101 227
229 60
33 188
53 225
28 114
53 221
258 268
103 185
170 34
30 144
129 226
179 247
203 59
125 62
121 199
48 269
110 62
44 184
6 116
155 23
237 198
190 217
145 129
204 88
62 247
175 110
203 159
25 201
143 206
179 212
261 261
29 28
98 41
52 159
176 123
169 82
160 82
194 169
97 263
43 147
2 35
258 104
32 147
130 45
132 260
263 248
198 57
24 175
129 51
115 204
35 104
68 208
246 162
148 91
60 239
82 72
26 91
7 131
76 161
167 65
34 205
213 17
171 187
18 49
53 124
95 105
182 66
93 196
242 14
167 18
142 100
227 149
213 154
224 95
143 114
107 95
31 12
92 85
5 54
95 109
151 196
40 138
244 153
57 53
237 225
88 195
85 113
209 184
269 257
105 143
31 115
83 250
98 8
89 247
2 236
91 231
267 41
51 222
217 182
264 222
33 13
212 101
221 241
49 247
201 164
184 266
195 186
261 241
78 25
193 72
167 217
38 214
7 54
73 3
164 154
210 129
127 95
149 81
219 232
144 111
181 255
102 163
146 110
79 18
80 247
155 160
37 50
54 87
111 205
176 54
182 101
53 223
166 80
178 163
217 70
117 193
141 206
57 149
25 144
43 12
219 182
142 269
96 267
268 198
246 75
226 233
153 117
129 84
64 115
175 249
34 63
33 131
247 97
202 155
116 70
221 118
81 123
63 249
239 102
95 187
30 8
222 96
41 240
238 224
143 190
115 263
265 47
181 127
1 225
136 71
166 24
159 191
109 234
209 101
46 10
20 261
167 63
238 66
37 245
97 104
175 39
213 15
57 64
113 56
196 209
127 143
116 102
270 29
151 236
98 183
112 207
26 76
240 223
143 82
126 27
49 35
228 122
89 207
212 257
58 120
210 170
120 102
143 64
44 120
10 71
92 235
16 29
255 188
214 94
176 136
184 153
171 37
158 82
146 56
151 150
61 7
32 249
78 244
94 7
103 96
1 30
236 190
109 97
149 266
96 62
262 247
97 51
219 199
84 144
60 23
23 164
141 223
159 158
95 3
240 225
209 246
23 191
103 16
17 165
68 47
247 50
140 246
47 69
224 196
149 98
69 173
268 109
234 235
238 258
89 121
49 95
192 44
118 250
37 174
175 37
173 143
207 165
27 232
197 71
174 129
230 143
69 158
161 177
270 234
155 38
252 100
136 117
168 10
91 81
246 94
232 64
258 190
105 155
140 2
17 171
187 138
65 176
158 244
212 26
168 48
115 96
193 42
54 6
64 99
102 219
176 75
137 63
163 88
187 118
35 56
132 193
17 106
268 32
52 116
11 94
57 33
5 9
219 66
253 19
89 84
89 18
67 173
199 25
115 266
54 152
144 179
211 30
205 101
171 154
149 139
124 28
239 186
209 227
167 138
52 213
196 129
196 107
213 190
211 96
184 239
163 44
126 245
167 213
232 190
8 129
177 265
59 162
65 198
169 116
147 237
142 148
109 105
24 218
212 50
120 165
267 183
210 3
137 32
227 223
158 62
235 258
157 79
153 41
211 137
66 106
86 193
258 131
154 253
163 203
188 226
5 194
165 19
124 26
205 160
149 184
169 170
32 190
130 110
2 51
94 65
93 247
82 88
259 35
39 166
128 115
149 247
258 231
32 143
267 154
124 135
21 270
133 100
51 28
112 185
127 251
200 158
85 3
137 99
72 244
1 136
54 154
125 37
62 91
8 4
118 218
150 262
144 144
89 123
269 59
72 99
138 14
98 62
139 62
239 267
118 16
119 185
189 94
82 103
180 239
108 224
34 7
177 91
142 208
153 52
19 11
168 215
206 195
37 228
252 214
244 245
88 97
196 214
262 5
139 188
137 206
97 185
223 214
6 230
215 195
111 175
162 207
62 215
1 159
169 186
93 25
42 196
80 73
48 107
86 205
54 205
48 186
166 99
5 185
131 210
262 87
43 183
74 72
229 181
209 145
147 222
14 144
18 90
169 12
94 165
102 246
65 101
160 32
189 224
248 16
222 240
198 143
81 217
77 181
77 30
146 80
113 246
21 101
113 68
53 27
266 206
89 141
83 261
76 191
75 149
122 66
50 168
165 235
42 119
107 226
63 107
37 177
185 212
180 233
266 152
141 22
68 122
142 249
228 36
101 198
108 3
246 144
178 136
215 246
5 189
269 184
73 54
117 10
57 161
171 270
47 143
91 201
114 34
12 83
229 250
183 57
250 34
241 46
114 10
6 192
234 252
99 244
193 92
62 15
45 168
256 173
47 4
105 1
119 83
103 19
216 166
86 66
34 133
110 44
254 175
128 221
173 128
231 150
99 117
79 129
65 66
181 125
136 186
227 198
147 185
61 158
77 49
154 71
215 36
32 180
225 170
80 197
65 185
62 63
156 129
97 140
165 13
198 4
248 159
206 0
95 127
247 95
70 53
249 249
151 270
221 215
268 185
47 72
62 17
66 189
147 220
140 257
128 131
226 94
134 44
62 137
37 264
127 63
209 70
209 201
113 93
22 265
132 244
183 120
33 163
87 113
26 269
49 31
192 202
218 87
105 209
190 221
29 49
193 186
159 21
177 15
214 101
159 178
11 197
197 68
13 44
253 183
12 193
136 174
205 246
260 239
19 27
177 159
11 44
127 139
35 244
236 124
56 205
220 135
269 16
257 133
44 153
163 46
156 62
129 265
173 147
235 85
150 32
32 182
162 140
203 38
156 187
255 119
176 240
24 106
99 12
47 96
242 144
135 130
88 37
233 34
178 161
197 109
161 190
102 48
135 263
266 75
226 211
94 152
59 158
189 128
5 118
261 164
81 181
39 22
171 63
53 0
190 71
87 140
138 269
72 7
91 174
59 207
11 224
143 109
80 148
74 233
133 168
191 72
246 188
28 151
34 144
19 210
270 232
166 10
75 22
59 38
266 136
232 208
261 29
101 258
198 220
11 135
268 179
260 3
118 18
110 109
102 144
21 163
68 254
226 255
268 196
46 241
234 161
43 248
177 28
63 142
119 47
63 252
84 87
172 222
44 161
207 265
10 46
100 202
143 224
109 48
228 116
157 186
170 86
114 0
232 188
1 32
256 269
125 125
100 27
241 173
191 144
73 214
269 113
213 118
7 194
211 214
134 60
144 91
55 5
58 99
62 222
239 0
262 256
63 136
79 174
79 1
250 152
232 67
37 262
203 16
223 257
217 215
151 179
259 173
233 228
223 69
179 157
62 75
122 162
104 201
8 93
144 124
66 64
0 112
257 208
170 127
231 165
193 149
16 79
223 223
180 15
140 266
197 33
252 181
208 68
49 128
160 234
246 239
25 261
48 192
232 18
139 10
171 170
160 221
21 7
38 18
53 206
61 198
175 4
101 189
167 95
14 30
127 162
184 85
7 207
238 244
91 154
89 52
39 5
155 196
101 225
101 184
152 198
144 250
56 42
7 7
89 154
258 167
161 157
62 193
220 71
150 138
90 132
188 71
37 232
16 119
209 31
214 244
3 189
66 111
76 223
229 55
73 251
233 237
25 104
207 80
45 89
66 119
93 30
56 146
166 252
68 187
56 7
16 23
14 55
136 0
140 52
18 54
94 143
32 81
67 194
117 254
21 217
79 251
144 101
24 115
131 154
184 4
139 176
203 167
63 29
167 101
171 26
193 259
132 176
173 36
22 87
71 220
204 237
88 112
41 118
228 118
209 250
197 105
47 74
256 88
4 187
184 201
101 68
17 261
208 26
56 96
135 133
29 105
54 57
196 140
69 64
164 117
172 67
221 260
10 240
13 113
222 94
174 223
102 181
167 112
87 17
103 130
158 120
52 204
25 187
80 259
258 88
140 168
134 123
103 22
153 258
95 198
152 194
129 159
185 38
51 224
83 223
129 112
97 85
101 15
177 216
115 33
217 119
13 124
135 115
139 30
88 119
263 263
191 127
181 250
205 61
255 106
6 74
104 71
103 128
138 226
31 201
64 187
38 250
228 48
183 67
106 260
178 3
126 262
63 174
20 90
179 221
12 42
87 56
1 191
136 244
84 104
262 163
17 15
117 12
165 8
126 135
13 37
83 89
153 30
154 194
186 19
124 127
215 115
239 99
215 146
181 248
42 200
236 95
64 64
110 229
124 83
24 228
125 129
79 170
60 138
237 111
47 30
169 23
195 269
75 181
26 267
183 265
224 53
80 234
60 200
214 105
97 106
114 2
229 90
256 187
220 128
236 84
103 187
246 71
197 125
54 263
63 77
246 0
10 137
217 198
99 85
47 231
169 62
89 29
101 179
153 266
172 126
116 261
8 268
45 194
228 208
107 2
15 147
255 221
160 171
87 207
186 75
22 269
42 215
61 77
165 254
68 112
66 44
227 45
192 161
45 260
45 144
144 188
249 172
238 38
218 32
97 162
245 131
78 53
261 228
7 143
170 40
67 43
90 176
270 115
127 113
226 43
24 213
51 54
221 134
33 161
116 90
137 172
37 24
237 268
267 248
36 89
90 44
10 269
145 190
229 10
248 71
258 225
180 189
4 156
229 246
53 178
26 148
194 40
142 41
21 241
151 69
81 5
198 246
46 79
22 238
105 262
122 59
57 101
135 40
182 202
101 59
178 22
5 50
126 141
2 168
164 70
251 36
53 157
13 96
202 88
12 144
180 176
148 187
244 158
60 62
230 113
168 246
134 98
179 84
222 84
27 50
263 15
201 79
3 33
219 209
254 60
70 269
256 254
90 152
101 18
35 264
265 16
72 111
142 47
245 73
190 202
111 64
103 197
159 9
74 100
241 36
151 118
46 77
178 195
146 127
46 98
191 116
221 114
24 48
237 229
157 128
240 61
207 263
103 35
217 96
161 240
228 107
247 118
88 100
233 223
49 187
139 110
210 46
242 213
194 81
117 83
134 178
122 216
40 242
33 201
35 91
71 70
11 96
142 91
222 56
205 8
267 17
118 256
71 140
266 197
80 131
1 174
85 140
33 4
11 161
186 221
155 16
177 5
0 168
138 174
152 139
115 165
160 113
114 113
162 142
162 198
259 262
207 197
109 5
71 208
40 104
182 97
264 253
49 37
36 8
130 222
47 239
36 125
24 24
140 24
182 137
23 22
145 216
73 109
198 107
91 98
216 22
182 30
134 244
30 235
147 160
91 167
12 205
188 157
3 228
119 49
227 249
264 38
55 119
195 72
227 78
141 226
229 33
0 79
131 174
136 268
210 68
149 105
217 122
45 129
134 64
220 68
138 1
47 94
15 85
89 179
70 216
176 195
150 220
82 57
258 94
49 25
224 13
36 243
250 12
256 167
60 264
112 3
55 107
39 59
117 67
224 168
34 242
7 266
12 107
97 131
122 134
98 256
130 4
153 18
191 104
231 144
153 215
81 210
166 26
92 97
160 217
129 207
210 97
64 91
107 180
79 31
84 249
114 36
170 79
29 200
240 196
237 187
123 125
238 269
88 110
136 224
163 113
34 82
90 42
59 249
230 116
27 125
104 149
112 230
178 222
35 170
27 193
192 48
203 204
119 211
262 124
240 30
6 21
125 236
256 247
261 166
110 193
50 166
239 173
212 220
86 44
97 4
24 75
15 138
198 159
119 177
198 126
69 166
73 137
95 238
181 53
36 112
171 218
196 240
13 117
140 217
177 250
194 241
226 142
47 257
48 176
75 235
59 8
262 250
219 134
160 260
211 201
19 71
32 75
39 97
231 204
173 3
128 27
93 163
191 76
141 20
30 176
35 257
95 262
82 179
224 40
265 262
240 84
200 139
244 23
184 116
77 64
208 3
54 116
158 189
245 263
0 199
247 171
220 236
249 257
267 84
115 11
267 142
228 134
219 197
206 237
67 108
141 72
13 148
10 82
258 39
270 23
218 94
149 137
119 73
133 23
161 244
120 71
62 173
68 252
8 245
8 76
256 104
184 196
199 90
262 222
169 262
262 36
193 2
241 134
95 107
21 177
267 208
4 233
173 25
140 235
162 169
10 126
78 103
222 6
224 232
167 82
53 126
234 16
208 28
250 113
114 265
82 15
79 177
75 151
35 190
200 127
191 162
260 197
182 153
189 230
136 12
128 7
74 80
175 144
32 105
38 224
8 255
259 166
33 151
83 2
144 87
46 130
67 169
257 41
115 94
39 54
108 113
218 68
103 146
265 176
59 115
256 143
150 140
203 116
254 233
214 192
10 56
100 115
254 246
166 90
93 232
163 258
97 44
105 176
178 230
68 45
267 204
145 177
259 30
248 185
38 52
161 258
193 26
231 10
241 32
268 28
142 116
27 36
99 225
120 219
194 115
115 143
100 144
139 190
23 267
5 25
261 128
100 256
178 40
248 260
96 75
157 150
269 253
253 89
108 239
148 236
221 53
165 88
179 68
136 168
26 32
37 60
183 167
266 253
45 99
56 220
12 111
262 12
56 100
60 160
235 4
123 3
207 119
184 97
235 231
90 203
86 199
258 9
190 166
31 162
227 17
1 120
112 156
43 117
68 59
244 165
230 12
29 47
157 24
54 89
151 164
98 114
190 249
139 205
206 105
6 93
132 98
213 242
143 54
231 89
50 1
120 234
49 154
98 181
58 258
19 15
238 195
45 232
70 218
146 54
185 78
54 156
168 80
68 268
185 18
176 113
114 147
97 261
171 152
111 227
96 155
33 224
163 158
128 225
253 152
103 51
137 166
44 237
115 236
19 216
263 34
220 41
16 33
71 130
5 160
199 216
64 24
232 146
234 43
214 111
237 154
182 114
79 5
232 3
90 200
84 247
140 80
7 9
215 14
176 41
37 155
98 129
191 125
201 249
101 231
188 180
246 142
227 123
177 236
226 16
99 14
162 256
257 7
149 159
233 203
187 211
8 13
49 142
72 72
109 212
106 161
106 16
109 32
61 148
234 176
191 233
200 239
191 171
192 192
93 171
72 253
2 94
173 153
164 170
246 206
95 170
269 122
69 168
258 204
198 31
128 245
246 44
70 60
134 237
19 250
129 94
228 111
28 230
197 132
39 208
34 186
63 6
4 154
71 179
103 217
163 13
129 86
194 57
256 209
162 171
242 215
138 132
9 243
161 181
87 142
11 156
91 267
28 134
220 130
78 162
123 97
108 1
29 178
244 163
211 182
260 39
99 59
70 110
234 41
77 5
160 142
270 109
150 227
139 46
60 142
10 254
202 127
121 104
85 83
88 23
232 253
236 179
61 54
9 267
224 234
73 212
65 152
94 266
160 229
159 84
100 63
132 187
139 23
219 117
50 214
127 61
248 161
133 14
185 189
254 20
138 97
11 159
253 235
102 256
7 128
147 249
35 10
7 15
150 238
73 159
92 80
210 99
49 145
59 235
117 263
256 46
249 115
118 149
143 56
128 9
200 180
178 120
164 205
24 168
155 21
112 209
175 235
205 116
80 39
174 74
167 67
211 128
240 77
5 207
17 249
104 23
171 24
177 134
201 48
225 250
238 42
263 172
207 90
85 64
134 117
251 217
105 21
147 247
12 109
78 74
247 82
63 138
263 257
183 172
247 73
19 260
57 187
150 168
37 136
249 266
135 126
37 98
128 83
203 183
134 160
214 225
12 98
98 47
63 185
134 156
137 81
139 252
94 148
80 172
81 101
262 83
247 204
172 1
64 250
249 240
216 8
233 66
49 27
70 45
255 95
84 225
222 233
10 144
236 40
199 181
197 218
102 72
182 5
82 20
44 199
115 85
246 113
120 118
44 74
180 117
156 121
205 262
9 8
195 234
182 188
249 183
14 235
140 209
188 105
41 23
12 122
168 94
22 1
199 247
117 69
30 134
221 55
106 149
13 252
215 260
57 3
243 49
61 47
77 185
88 211
228 104
41 230
243 106
235 224
40 19
112 112
114 58
45 69
199 138
80 150
201 218
138 243
46 186
31 260
107 129
93 249
38 111
101 203
35 259
170 207
106 133
175 186
149 26
22 28
181 34
250 17
163 11
58 39
154 61
169 59
72 52
91 122
214 264
79 240
266 134
236 43
126 164
203 163
111 136
136 190
96 112
160 238
212 72
96 148
268 263
188 146
97 116
132 130
197 216
211 227
180 88
105 165
255 250
184 118
148 2
93 11
38 125
218 75
145 225
5 152
261 171
134 21
224 57
189 30
78 197
77 195
133 153
263 181
260 227
251 11
177 55
134 4
174 94
125 96
253 17
38 175
100 181
63 90
222 40
214 10
181 1
56 51
244 34
129 139
6 268
168 233
98 189
122 36
29 159
141 245
55 98
139 44
9 124
99 188
80 268
170 98
235 253
75 250
155 245
14 214
91 213
166 241
207 101
195 23
183 211
268 231
49 29
74 5
207 144
66 99
150 268
149 203
45 155
61 228
179 251
4 169
187 94
61 5
180 174
37 33
183 200
248 192
65 90
125 227
13 203
35 229
154 76
83 218
262 168
224 207
270 8
225 248
100 223
175 191
230 3
42 203
44 127
22 227
152 32
45 264
6 209
121 3
117 85
71 214
29 210
51 137
240 66
161 246
10 205
267 181
247 231
234 181
147 99
62 231
48 147
165 43
40 38
170 199
196 256
192 78
219 214
254 93
235 159
98 84
144 23
243 32
154 213
14 28
193 117
235 154
268 66
240 212
249 268
11 260
2 75
217 213
70 200
96 129
184 83
51 247
66 46
156 60
244 247
156 114
16 115
151 42
153 43
182 82
123 245
242 224
262 243
196 58
101 187
148 63
2 234
0 16
214 31
79 118
216 201
239 108
264 250
158 222
235 186
124 7
55 150
124 9
62 133
74 78
36 216
80 22
193 113
31 223
216 120
133 107
117 186
192 243
264 135
229 106
5 14
192 195
84 111
244 252
78 246
87 102
190 106
170 251
82 267
50 241
203 82
148 79
86 208
231 1
211 241
180 13
244 62
247 4
77 229
22 229
189 251
246 246
8 181
206 64
54 77
55 177
216 191
203 259
32 129
56 159
131 95
130 167
244 66
7 247
39 80
14 41
38 99
189 104
82 225
237 257
81 223
114 86
234 189
110 78
42 78
258 47
96 48
51 34
244 80
124 234
14 243
228 147
247 17
125 266
6 5
181 218
249 42
207 40
184 113
202 28
45 146
96 78
239 136
200 143
11 124
83 263
193 126
133 261
206 103
215 199
70 36
144 84
78 266
25 166
24 140
64 16
78 21
129 209
108 45
228 15
90 211
81 171
219 137
144 116
14 254
9 225
135 227
100 46
79 242
159 12
145 234
56 15
86 260
35 225
115 153
228 179
15 232
21 15
141 56
100 61
207 82
260 31
51 179
134 109
13 224
226 257
205 118
46 270
18 9
160 256
109 107
101 107
116 234
6 56
85 95
86 249
191 74
109 227
222 141
259 65
261 180
107 49
127 12
62 141
104 144
126 203
163 226
35 33
248 154
251 236
268 56
169 191
192 184
93 141
199 105
237 136
150 1
145 214
7 184
81 239
178 189
135 121
237 102
243 128
62 116
47 193
187 232
241 186
270 31
256 130
125 200
33 66
217 246
267 250
248 7
107 124
15 121
210 71
154 268
21 146
184 36
37 56
168 46
35 178
240 175
164 139
239 133
162 153
75 193
262 190
209 62
55 32
161 232
53 201
61 249
83 69
94 251
264 205
169 218
171 111
194 100
223 109
42 39
188 221
68 79
211 5
71 206
150 63
269 6
199 70
99 222
48 126
126 177
258 143
41 182
10 108
173 111
210 9
233 6
199 33
119 217
194 61
220 173
42 250
92 43
74 108
9 235
71 23
195 257
151 44
260 71
203 236
191 5
233 226
11 2
166 160
231 223
113 145
21 181
95 226
46 255
175 85
199 72
91 233
0 55
166 179
22 36
41 13
269 104
201 83
69 154
74 224
150 3
28 118
5 191
181 178
251 118
70 134
145 236
110 239
183 145
18 218
65 93
18 160
129 25
114 54
119 69
115 190
146 123
46 104
199 136
53 33
107 140
197 10
255 158
124 85
193 82
187 225
233 150
217 230
250 71
178 187
80 27
16 214
142 10
36 266
250 56
70 205
27 186
138 12
221 209
267 210
200 245
200 26
268 233
45 268
247 254
195 182
247 267
253 159
132 60
11 142
95 236
18 32
12 195
208 49
63 176
174 114
250 40
113 204
101 221
195 37
98 264
61 194
246 250
117 189
235 6
173 38
115 13
217 124
169 266
116 250
20 101
130 27
168 90
223 170
201 46
130 49
112 267
232 268
14 183
78 76
189 139
250 185
11 218
178 165
231 202
209 138
259 208
70 156
64 183
219 260
47 171
249 158
125 178
157 20
209 113
125 205
122 214
210 25
92 245
134 189
225 167
120 36
147 142
109 18
265 39
171 192
172 76
40 196
116 54
216 151
111 245
129 29
18 78
112 110
97 108
167 237
250 14
57 158
17 251
267 96
267 257
162 29
143 248
270 81
135 54
28 26
6 162
72 255
114 8
70 255
218 39
243 51
222 225
212 166
179 217
126 166
246 96
90 86
153 150
225 161
68 119
76 137
27 28
227 39
7 104
151 48
213 255
195 25
225 132
130 8
81 252
77 139
154 120
193 24
219 205
69 34
108 236
261 221
181 220
86 144
216 5
112 79
127 207
180 121
247 90
261 35
244 112
200 5
233 14
256 206
198 183
118 145
104 163
265 211
197 14
229 167
265 154
179 56
94 31
60 257
4 12
47 263
197 35
127 185
197 181
242 209
233 209
194 0
228 50
191 204
206 88
152 253
228 252
210 111
247 190
150 36
90 245
174 221
180 161
242 265
118 42
165 237
174 199
269 143
169 53
169 88
8 144
176 242
99 204
39 57
47 219
168 159
199 162
229 31
9 131
80 66
46 102
48 10
253 6
112 85
82 55
118 87
87 53
255 133
19 53
262 122
82 232
174 55
177 111
120 193
169 268
193 124
171 39
264 255
129 133
82 219
10 77
172 109
207 62
128 167
141 236
123 178
77 105
263 210
118 168
160 192
216 101
178 241
191 245
126 250
246 19
23 102
228 102
41 136
46 63
5 104
169 114
49 179
203 156
215 155
11 146
103 161
146 79
66 82
150 142
196 100
191 31
208 199
193 171
4 171
147 131
151 215
9 78
182 75
33 207
158 234
60 172
178 88
244 139
257 141
186 180
267 191
192 40
240 12
95 11
39 116
43 141
60 127
259 58
51 193
221 170
105 119
15 169
3 26
250 237
195 109
259 115
105 52
167 44
169 168
82 166
258 135
96 181
201 90
247 218
169 153
119 21
138 43
56 109
163 48
216 59
50 259
211 208
93 134
189 232
181 38
211 256
128 149
42 60
253 59
6 11
201 157
26 146
270 212
208 91
46 49
118 220
170 38
49 33
13 237
117 191
262 97
169 25
116 36
39 231
35 17
225 129
93 237
149 186
176 187
1 198
246 252
8 103
24 83
202 30
217 204
45 113
147 58
80 245
166 47
152 256
87 58
251 58
268 107
69 259
135 176
249 190
241 126
214 153
35 188
93 150
22 56
21 29
133 119
96 31
169 77
125 69
90 217
113 143
171 35
179 137
252 174
97 67
257 172
204 268
247 157
18 13
176 89
159 246
251 219
5 168
50 245
231 200
255 144
225 198
91 141
214 113
178 51
179 92
193 28
54 203
211 114
108 182
245 21
54 174
227 167
125 252
195 89
90 124
157 64
158 122
224 185
179 178
267 44
90 97
166 245
260 12
35 96
232 264
227 55
148 218
117 88
168 253
190 44
20 153
40 15
12 174
7 263
262 81
216 84
81 250
133 41
224 256
245 6
148 178
228 200
205 16
7 160
205 167
181 168
52 7
204 197
122 219
263 261
7 66
25 142
179 159
167 54
162 155
21 268
4 34
200 104
147 82
192 54
67 171
221 51
139 82
173 270
141 43
91 76
269 18
149 225
196 62
260 206
81 214
245 155
205 145
149 222
194 38
72 93
261 10
50 152
270 127
65 48
192 56
9 146
55 158
92 7
52 161
50 216
180 260
23 145
103 254
125 13
236 86
35 79
59 19
49 195
82 265
94 79
180 135
95 264
91 29
139 150
218 22
177 186
219 171
153 239
150 67
179 52
51 38
17 253
49 93
235 91
27 213
251 16
112 69
215 16
78 231
90 180
106 174
250 10
7 261
9 80
203 72
165 41
76 1
109 210
129 153
27 190
181 21
26 38
149 108
223 8
160 161
174 126
16 183
230 58
125 207
187 29
60 196
106 236
108 16
42 137
20 249
114 171
80 176
75 229
116 72
60 134
268 82
98 230
250 100
162 200
87 60
250 76
160 219
243 47
160 90
34 15
22 161
31 203
216 244
186 267
50 49
48 105
131 152
221 11
134 199
137 109
135 119
267 236
146 181
250 177
258 83
171 167
222 207
196 78
133 208
113 14
18 183
12 115
181 170
255 58
268 116
256 62
110 130
108 99
258 71
247 125
42 88
135 270
239 112
139 166
161 211
44 101
226 231
40 153
33 184
120 243
171 265
90 40
49 219
2 73
154 198
252 21
214 109
161 8
182 176
164 9
198 134
102 209
152 177
175 15
186 65
87 121
164 241
80 20
120 120
35 246
196 90
46 100
215 239
120 221
239 47
103 142
158 112
236 233
54 61
238 30
75 138
202 229
179 20
160 126
229 145
215 193
168 184
181 77
63 109
23 26
264 191
8 233
161 128
166 210
147 158
3 160
196 168
87 212
245 125
251 151
119 104
14 115
268 211
74 102
68 189
56 112
128 223
252 35
190 244
261 195
257 11
216 114
51 36
148 182
221 253
89 79
261 58
181 257
238 101
181 212
106 172
167 127
99 260
142 111
146 189
20 160
200 78
97 199
113 60
141 109
65 174
264 64
224 141
50 138
113 232
116 171
172 56
98 212
257 119
167 12
235 122
113 193
176 125
64 75
26 112
62 135
183 198
144 128
61 58
105 147
232 42
106 0
16 122
128 5
79 29
147 97
44 91
231 104
193 6
127 29
47 150
99 50
82 22
257 165
167 158
61 108
10 249
173 113
122 227
73 141
224 147
207 30
71 160
55 56
45 200
45 256
58 170
192 46
34 215
6 182
242 65
130 220
44 76
45 80
262 259
244 141
219 180
111 24
72 218
102 182
152 76
190 47
203 61
80 41
241 107
246 138
79 181
92 149
168 35
147 86
64 247
126 117
229 114
260 168
88 16
43 269
160 111
83 65
171 190
36 92
39 261
86 37
33 6
221 251
14 173
19 23
210 212
260 81
60 183
187 178
74 231
68 156
235 29
75 24
138 214
75 153
197 136
205 114
218 239
107 175
70 78
189 28
164 180
113 106
72 37
58 143
254 46
46 71
71 54
253 69
170 161
204 257
15 52
88 191
130 269
122 177
94 111
30 76
16 4
76 88
107 42
259 102
67 29
45 230
72 5
184 187
138 224
183 38
143 45
177 263
198 6
3 41
198 29
171 224
135 73
219 243
100 220
233 254
86 104
63 23
215 122
21 251
38 164
236 2
225 181
214 47
220 39
143 235
210 64
73 139
245 230
155 19
179 263
136 184
179 33
33 34
39 127
183 218
133 155
112 148
5 166
220 112
42 198
20 237
77 193
3 191
60 132
236 120
195 15
214 26
28 75
145 248
26 62
19 75
233 90
4 113
217 196
40 21
192 70
22 5
31 225
73 81
173 169
199 141
72 91
177 149
118 164
209 5
114 173
226 47
68 63
182 3
258 75
105 159
49 140
92 77
125 143
121 37
107 97
177 248
221 66
19 88
262 67
36 172
259 229
146 178
61 230
112 146
17 263
180 31
170 110
177 53
161 27
205 63
164 199
221 229
152 119
237 97
95 163
102 152
176 63
183 268
107 241
73 234
37 163
65 28
232 16
128 141
265 266
148 28
41 139
234 250
43 93
44 15
28 160
230 135
9 58
121 100
31 30
67 117
196 48
240 192
187 265
207 4
188 13
141 54
30 150
158 247
31 158
240 210
89 215
215 27
26 24
244 60
150 22
28 38
242 63
223 229
14 0
21 65
125 198
195 13
62 200
165 239
192 145
195 7
100 87
217 242
151 46
178 239
103 165
131 158
212 222
251 228
36 129
94 76
107 53
218 172
204 51
25 60
254 48
262 205
77 156
184 76
40 88
48 26
260 37
248 0
170 179
236 269
259 106
169 129
78 66
37 96
49 169
213 6
141 234
161 179
72 204
214 33
251 69
10 208
124 177
47 259
174 193
81 208
20 73
226 121
167 154
259 28
48 240
234 136
269 22
90 111
169 36
182 261
138 245
182 259
251 22
74 163
114 261
197 250
269 124
10 0
34 38
256 231
121 179
19 106
92 24
72 216
141 258
270 214
212 7
48 214
118 119
70 38
160 169
36 152
228 57
229 120
110 236
6 180
144 40
127 160
212 192
75 128
23 217
37 4
142 145
213 240
251 159
214 227
78 27
138 51
18 162
178 122
231 8
222 54
266 95
11 252
261 62
50 177
208 209
269 20
256 86
242 34
248 2
17 181
226 221
33 103
247 155
36 102
44 192
188 107
235 33
77 235
53 131
143 220
100 190
79 23
121 47
198 208
263 85
192 0
128 164
253 227
195 11
109 204
175 112
122 24
224 240
145 221
159 31
183 170
174 66
104 121
36 54
112 1
183 99
268 209
33 248
240 27
197 142
100 48
148 224
104 239
189 73
6 129
268 137
86 210
240 194
263 177
14 140
44 78
36 214
173 190
105 17
234 27
43 89
151 70
18 179
160 86
263 125
250 170
29 30
168 219
165 45
7 210
78 176
246 264
5 7
72 77
83 229
6 67
16 140
208 42
116 255
46 6
260 243
33 165
213 73
190 95
139 207
214 72
126 184
112 9
193 254
59 6
60 50
222 112
80 146
225 223
160 242
69 246
104 73
164 90
21 52
227 170
125 112
270 238
270 42
61 103
211 190
29 51
47 233
51 52
85 19
127 205
119 34
130 188
177 209
143 89
89 31
83 122
132 92
32 79
252 93
47 223
155 265
121 236
30 204
248 13
245 204
85 253
90 46
99 45
215 248
1 50
264 234
164 15
264 264
120 163
110 58
63 265
181 102
55 53
4 52
47 266
255 248
243 108
87 98
45 11
52 191
95 234
184 16
44 13
241 184
247 256
129 241
11 201
108 93
222 13
250 215
43 155
33 263
89 95
154 113
137 262
22 3
164 109
52 246
131 218
58 118
132 189
90 38
152 268
26 230
234 230
116 3
201 53
196 266
227 120
8 209
20 33
233 266
138 177
154 78
201 15
218 135
249 218
39 105
4 117
56 120
223 249
58 223
120 106
110 16
95 150
74 91
97 187
262 18
137 120
153 229
220 153
21 129
229 223
125 33
32 132
95 232
25 232
230 148
173 149
128 267
113 186
141 93
23 125
39 195
205 37
114 151
213 128
140 225
216 156
58 181
33 245
193 163
58 52
61 238
199 145
203 18
118 234
125 258
20 55
229 13
31 48
226 196
193 239
115 15
258 117
257 188
257 121
218 244
121 212
128 76
5 146
35 162
45 180
57 248
217 24
80 212
56 192
15 2
191 164
260 98
254 4
26 49
92 132
31 160
62 127
267 46
120 45
226 163
54 59
27 195
238 165
238 193
261 85
44 179
203 80
212 94
58 62
105 186
49 181
140 250
115 56
253 94
180 258
166 116
270 94
197 202
178 14
54 176
219 119
269 192
239 67
112 62
90 119
239 129
83 60
66 79
165 17
53 94
81 221
206 211
12 259
73 202
158 33
146 250
117 17
212 32
90 178
270 255
79 222
224 77
81 263
103 153
8 249
82 39
121 191
130 202
224 130
127 201
66 31
269 200
102 211
0 59
128 57
140 244
44 21
149 30
136 178
55 114
212 24
185 121
118 71
22 106
111 213
222 183
213 103
267 178
250 160
118 252
22 261
152 67
173 145
43 145
201 233
79 211
153 153
262 100
127 111
115 30
143 93
8 6
143 197
238 191
10 69
145 86
236 93
87 201
151 154
133 129
47 16
203 255
139 72
28 62
80 75
152 21
34 199
80 179
129 88
49 150
256 233
224 225
133 6
48 178
61 20
105 241
89 88
82 260
174 64
162 6
78 88
30 142
159 60
251 176
201 162
269 111
165 115
182 16
119 116
96 33
48 245
92 175
42 20
238 62
237 29
40 61
235 1
217 137
88 86
157 265
169 84
252 216
35 227
2 170
214 49
77 177
182 13
236 66
69 242
220 6
132 43
90 17
51 1
265 236
153 15
143 43
106 71
150 106
179 256
83 124
73 152
85 206
237 67
80 43
255 152
36 176
3 167
44 254
246 48
141 17
154 257
63 80
135 14
247 92
134 186
38 113
180 40
119 64
120 136
179 249
60 174
153 162
110 113
35 231
85 17
69 133
128 269
168 207
61 156
180 216
62 184
40 215
222 132
164 6
92 147
10 203
23 147
88 125
81 60
77 107
81 29
249 69
67 154
268 8
88 39
114 208
233 124
159 160
98 155
226 111
25 190
63 31
209 264
253 250
1 172
207 169
10 111
142 267
148 169
201 235
104 151
62 263
130 131
44 71
0 123
238 85
190 170
4 231
60 262
260 143
107 122
215 39
90 15
60 52
264 36
161 31
141 198
208 252
47 180
80 103
172 268
256 154
207 247
226 200
70 253
70 181
250 188
77 22
221 69
23 201
165 178
211 103
240 53
11 138
259 70
226 14
267 202
64 209
202 185
161 109
81 269
253 157
186 228
101 44
68 92
27 110
230 254
87 95
125 136
48 99
149 141
216 154
92 118
138 70
54 13
84 194
195 203
186 126
232 142
243 133
99 199
48 237
206 130
236 181
148 156
65 234
59 48
45 17
6 76
162 181
137 72
13 155
38 94
14 226
225 55
213 28
59 260
37 80
81 16
188 248
108 110
234 187
71 246
90 196
260 190
57 116
206 92
26 176
36 110
184 157
230 17
98 74
51 131
154 148
162 209
89 145
117 236
209 103
97 11
15 224
211 178
25 216
0 158
248 240
50 257
220 132
263 146
140 74
6 148
138 185
46 87
26 203
178 232
98 200
127 199
198 140
37 260
200 30
104 182
109 237
231 225
69 108
104 132
48 235
135 252
119 187
33 170
119 108
169 0
93 267
230 250
137 126
179 98
134 197
204 185
26 114
40 238
215 168
127 152
184 181
179 126
181 68
100 183
94 268
262 226
60 117
72 101
268 64
158 253
69 257
79 64
192 241
59 237
63 198
148 216
18 28
22 24
55 163
89 59
161 225
249 119
16 142
228 43
8 229
168 265
89 177
203 36
236 214
117 104
146 112
67 167
174 68
239 78
61 113
116 114
112 187
176 193
248 170
229 158
119 56
258 233
160 200
228 210
233 198
16 90
190 242
136 64
63 149
42 22
238 104
230 221
196 211
252 102
212 243
77 129
207 261
203 118
92 87
166 111
268 249
55 161
21 88
112 194
207 181
145 55
59 77
94 175
205 248
188 125
226 41
56 190
119 222
19 77
54 261
172 178
17 52
254 87
62 187
54 219
148 167
211 146
190 148
176 224
202 165
180 29
137 151
117 48
254 181
126 8
171 150
27 48
23 66
231 158
78 138
188 45
189 219
160 189
136 266
54 109
213 99
23 88
165 113
236 196
266 184
246 164
83 16
130 224
45 50
163 178
213 145
28 250
230 179
226 125
107 90
41 194
56 40
35 81
206 35
207 146
48 28
158 114
227 182
43 51
244 45
22 240
97 138
28 149
80 266
101 34
195 125
86 35
245 83
162 90
60 130
162 230
182 73
185 241
221 0
113 12
10 223
25 109
210 109
231 167
199 160
65 109
174 76
236 177
262 20
105 211
28 234
102 36
248 99
238 53
228 76
229 26
67 90
10 256
83 71
253 155
240 245
98 262
50 243
203 114
108 126
25 128
233 162
53 55
260 117
18 208
18 119
170 220
172 199
134 69
42 153
33 259
124 141
27 202
118 166
174 49
85 251
191 29
80 3
144 96
56 171
226 77
29 259
243 214
111 48
228 143
68 244
3 226
17 216
105 180
147 0
198 214
195 91
200 28
16 187
65 252
177 138
110 208
85 85
34 129
55 84
98 266
80 133
177 155
88 45
228 165
17 117
262 154
188 165
27 200
96 164
220 116
17 104
180 22
224 183
123 136
124 60
60 56
248 243
160 231
79 46
241 143
9 128
91 145
198 79
94 23
74 254
102 127
129 165
199 15
260 230
239 127
81 117
52 202
220 83
95 259
181 160
185 265
13 233
71 132
221 231
240 63
186 158
59 4
113 95
99 108
227 109
262 240
120 144
219 126
0 97
180 3
189 246
44 159
73 39
101 205
178 259
201 203
136 41
125 159
12 126
182 238
205 81
259 144
233 88
225 20
2 39
157 92
220 85
167 140
28 176
191 93
101 142
164 172
226 169
61 49
209 143
207 117
36 37
148 245
20 179
265 207
84 179
41 93
48 260
195 9
149 215
92 203
97 127
269 236
45 258
177 197
235 226
166 243
238 180
1 41
212 97
38 216
149 119
221 181
38 138
95 44
96 152
170 222
9 2
181 99
74 179
135 261
161 84
200 24
266 37
183 77
133 238
65 107
159 223
81 89
96 265
230 111
93 145
247 269
98 27
221 238
8 56
52 37
161 43
70 112
185 67
205 264
228 160
155 79
118 244
149 150
91 247
44 143
137 15
150 152
109 60
96 42
225 75
26 74
147 129
186 209
124 214
256 252
216 265
154 179
7 146
14 142
129 148
29 116
20 127
173 78
199 89
268 238
47 188
129 62
90 252
34 65
194 79
245 49
240 214
46 229
0 6
69 55
237 255
89 98
198 59
220 95
152 137
101 229
165 11
261 64
16 9
266 56
22 192
86 226
131 112
174 209
27 89
0 118
203 161
187 103
110 2
81 37
140 268
262 95
235 255
80 270
74 98
110 46
198 176
246 244
78 216
94 270
12 240
39 155
145 200
20 107
247 127
100 95
138 80
63 66
47 32
220 239
28 33
107 79
147 34
254 26
223 231
40 206
29 157
138 250
96 68
178 213
29 65
55 188
269 80
260 225
111 232
199 47
3 158
60 136
250 128
2 114
25 26
262 31
168 52
136 128
98 64
150 136
266 255
193 232
160 247
268 251
217 133
248 238
60 213
115 91
198 27
177 98
189 69
101 50
255 5
227 37
65 80
92 63
79 155
87 80
100 91
239 106
62 251
185 197
161 254
267 20
120 85
215 96
64 46
187 230
96 7
198 239
230 64
172 208
0 114
260 86
43 181
139 108
18 64
128 249
132 19
165 203
139 21
58 221
227 133
113 163
12 208
52 46
212 52
0 125
8 68
9 135
187 38
245 17
26 127
73 74
26 47
264 259
150 213
95 29
209 208
269 85
157 246
248 173
115 244
128 46
242 112
240 34
100 113
165 158
139 99
152 168
167 20
64 105
170 100
107 51
110 132
258 187
131 208
65 117
242 244
23 85
66 207
9 207
16 27
25 22
179 234
227 129
37 90
210 27
106 151
84 56
214 4
45 182
201 145
167 254
69 170
171 77
172 93
21 54
60 259
170 241
76 231
153 49
205 260
260 260
38 153
187 145
178 215
207 159
29 60
129 92
55 207
109 80
16 255
102 70
219 79
249 117
236 223
163 201
55 79
96 237
195 267
83 221
169 92
263 144
245 68
110 223
263 130
90 134
156 77
170 47
268 40
255 160
62 129
198 77
63 189
256 93
258 3
167 88
219 73
161 204
127 227
229 78
85 224
221 172
64 228
126 131
81 241
259 73
111 31
136 124
24 28
85 1
269 141
222 130
136 200
145 223
114 29
6 145
63 229
226 33
212 112
97 197
153 164
216 215
38 204
182 266
223 259
265 178
9 261
245 4
161 227
261 144
191 69
153 255
246 98
133 243
159 240
269 182
243 122
142 18
123 200
270 197
168 240
32 199
196 131
76 179
93 98
180 115
199 233
20 31
199 249
139 64
188 207
261 126
266 65
197 111
268 76
182 118
66 187
234 233
169 64
204 195
10 233
252 218
219 70
264 149
147 89
226 145
24 0
170 159
