100 213
99 154
79 107
82 149
200 174
255 267
145 239
205 90
148 24
14 149
238 125
269 139
203 169
215 165
180 42
106 126
261 245
103 107
103 53
145 99
124 64
120 116
192 146
259 119
83 18
113 26
209 225
216 268
130 243
126 82
169 264
72 79
106 239
102 243
14 119
0 106
221 258
118 121
191 42
116 92
182 240
30 32
22 180
172 210
262 152
116 257
267 22
163 211
50 237
239 36
78 3
192 219
116 0
245 208
69 12
17 10
51 56
257 6
241 111
205 158
99 218
213 194
184 65
129 189
195 171
78 60
265 41
158 220
95 40
56 9
148 59
218 83
2 232
99 258
5 103
194 124
233 201
167 176
74 148
268 260
194 161
191 254
154 22
41 252
9 15
44 19
159 126
112 158
106 41
35 144
160 253
143 98
231 198
58 79
176 157
187 164
259 37
166 6
27 90
208 170
94 172
30 237
166 69
257 127
223 53
71 158
212 47
158 152
180 76
230 20
157 158
171 2
265 268
262 16
57 97
66 269
80 52
251 183
240 202
134 42
19 22
55 88
45 203
195 232
80 119
141 189
98 243
122 246
62 182
17 68
116 150
109 42
252 71
33 226
246 81
206 209
7 51
241 243
174 62
263 128
144 121
176 108
68 53
130 245
17 76
262 166
63 103
155 115
268 157
237 178
205 5
51 96
97 235
118 147
114 202
20 208
136 39
59 149
245 202
180 270
66 267
120 121
124 161
134 172
245 108
4 236
161 56
200 80
51 125
105 81
258 196
217 38
62 139
205 19
63 261
73 70
112 114
233 122
244 48
4 22
49 148
36 154
156 152
18 215
260 83
26 132
119 189
93 28
122 26
8 47
231 66
268 213
217 81
80 182
260 195
235 212
161 194
203 145
21 67
63 59
215 29
219 174
255 199
25 148
12 198
232 133
147 109
231 110
81 169
175 6
153 270
181 32
13 38
248 12
159 128
167 114
35 262
128 117
49 217
197 16
23 129
113 259
166 171
209 199
16 31
119 170
180 246
186 203
227 29
69 19
244 97
265 77
78 58
244 123
1 56
33 17
178 155
138 186
228 163
32 184
209 214
118 151
227 74
67 65
248 116
267 125
11 206
60 216
222 241
13 215
143 22
37 226
31 66
201 205
136 196
14 32
233 205
25 131
167 22
254 154
98 152
52 214
261 66
198 99
62 79
207 244
222 234
156 102
2 157
259 189
203 234
113 175
179 262
68 206
194 180
34 172
239 122
126 6
8 232
212 246
193 182
244 121
34 217
140 131
78 196
6 16
7 70
37 17
39 51
83 248
7 95
43 231
77 119
229 199
187 26
134 19
130 43
70 73
115 259
153 47
55 224
256 50
24 188
101 254
242 246
266 43
263 206
118 123
122 68
189 120
18 224
212 147
49 193
235 134
40 165
216 112
115 192
100 200
233 1
76 7
168 178
72 149
89 181
98 87
159 151
131 50
139 53
179 16
196 238
196 99
161 13
38 23
151 266
77 222
48 67
46 15
107 120
14 196
59 113
118 102
24 107
184 14
108 46
242 18
118 65
172 188
102 87
74 252
73 89
218 85
161 59
119 20
107 81
132 237
261 249
132 110
39 42
28 144
106 128
19 164
147 4
263 153
207 66
240 14
47 19
257 90
55 111
104 97
235 229
95 50
243 175
53 114
191 231
49 221
116 175
98 77
24 77
81 230
104 255
183 19
191 23
53 96
205 266
31 258
108 131
135 62
118 67
107 238
15 216
216 82
30 199
259 133
237 0
9 259
46 127
153 196
149 176
223 208
86 57
213 126
235 27
217 207
7 190
56 75
194 233
226 147
210 48
210 221
235 110
248 112
111 134
159 19
54 127
91 215
208 130
6 12
238 29
65 26
210 245
78 265
72 129
107 162
173 151
47 169
197 12
196 5
56 173
82 41
161 5
267 7
147 35
137 251
262 57
64 270
18 93
265 220
50 7
195 112
120 67
110 4
71 121
112 223
17 226
137 111
196 138
168 86
114 244
60 247
22 176
69 57
139 73
226 130
117 170
181 40
96 143
104 199
264 56
162 136
238 189
246 46
28 52
257 116
193 90
156 39
17 2
218 155
166 77
249 127
5 211
130 96
53 30
45 65
184 195
115 243
121 215
52 262
136 109
35 131
176 65
84 58
15 93
222 86
170 52
243 5
267 14
185 146
7 46
213 8
71 102
140 270
263 179
131 238
163 108
147 183
110 246
232 30
43 113
103 125
184 74
51 129
8 133
105 54
34 152
82 119
213 164
48 51
165 68
6 187
246 157
233 86
153 69
170 232
269 177
119 254
180 69
151 229
80 216
129 161
45 229
67 233
78 224
58 163
171 254
46 228
173 197
109 64
89 213
96 6
256 73
254 162
43 268
17 74
111 192
260 19
28 194
117 117
27 130
156 112
21 247
159 123
147 77
90 150
54 39
102 26
136 50
258 49
117 184
52 32
270 166
171 58
51 118
139 219
94 9
106 89
164 42
87 85
114 84
93 233
120 34
64 30
64 130
166 137
269 83
102 213
263 266
27 66
11 199
269 30
103 241
103 208
91 54
192 58
265 66
259 90
232 121
59 228
187 182
185 199
214 190
243 253
63 234
99 254
231 267
62 61
12 0
141 150
64 62
154 122
197 61
67 33
169 50
203 52
143 32
63 191
39 216
251 114
150 163
229 109
14 171
236 35
106 265
227 161
149 46
122 164
139 42
194 238
84 54
60 16
148 143
44 187
262 150
210 210
227 18
183 134
108 78
248 10
150 223
60 79
226 38
26 64
206 52
111 15
150 157
141 219
160 233
84 15
139 256
208 1
211 73
254 50
247 77
141 63
224 21
39 88
86 110
27 189
199 46
194 128
131 92
16 84
77 154
182 157
222 115
209 212
89 183
166 207
2 17
235 236
267 156
57 23
90 78
67 228
150 256
190 193
165 210
105 130
114 156
9 264
23 166
52 52
114 268
247 6
87 33
69 36
79 214
105 3
16 252
264 19
75 184
240 140
248 84
85 102
229 38
22 144
82 74
2 230
43 239
240 52
74 51
12 254
209 140
257 81
5 95
222 185
20 66
40 59
243 36
198 73
29 107
114 70
146 84
237 27
55 57
254 62
125 115
4 268
51 31
113 173
99 68
150 165
168 170
104 25
242 30
93 23
192 80
126 35
129 151
170 65
243 135
73 130
19 103
248 114
216 223
185 85
15 172
132 96
230 147
263 123
62 46
135 158
130 90
92 268
206 38
58 159
63 27
57 147
230 15
260 99
260 60
87 182
43 169
23 35
99 5
100 243
187 127
37 165
208 262
169 157
97 69
134 90
212 180
222 162
139 133
8 192
183 262
31 77
21 104
190 240
102 24
215 103
13 169
114 158
64 268
259 241
176 122
39 118
199 50
16 117
29 161
166 209
247 151
61 115
152 72
60 181
61 60
257 60
53 189
181 123
16 0
164 137
246 85
41 249
6 228
86 195
234 178
118 36
125 131
200 82
24 203
230 9
31 250
112 228
118 153
28 31
116 146
104 69
250 38
237 164
161 209
60 231
112 58
12 2
218 74
145 57
125 94
92 164
198 37
180 158
173 187
253 145
122 192
266 78
72 212
91 119
130 88
52 264
41 63
255 218
123 37
12 136
27 60
150 154
218 241
128 169
208 183
69 207
111 108
267 94
177 234
269 95
217 79
10 193
136 169
135 17
148 107
40 163
6 249
50 235
250 244
124 35
136 175
133 259
270 33
103 49
135 6
251 221
34 36
84 227
17 48
248 249
90 89
178 85
218 201
224 163
113 191
132 21
214 107
180 172
260 210
27 178
211 267
116 122
237 134
230 88
60 140
201 229
161 202
156 148
98 224
202 247
222 71
67 110
105 140
77 28
112 132
144 131
149 65
143 238
241 182
53 15
103 257
145 31
214 267
33 203
66 232
32 214
41 216
135 250
205 53
211 223
66 250
204 236
173 91
82 216
99 70
166 139
128 243
87 4
139 112
216 32
117 15
30 248
254 255
168 24
259 233
108 133
115 38
162 15
10 250
162 138
76 232
95 52
8 74
176 56
4 162
195 159
81 156
119 236
238 197
190 247
240 269
226 126
187 250
89 175
258 114
209 168
212 70
93 156
19 248
202 196
244 206
17 185
22 27
264 151
91 41
75 159
255 44
164 141
182 117
79 44
83 167
168 234
79 101
189 171
135 51
52 270
13 269
158 4
78 233
246 3
222 253
25 174
254 91
174 109
16 148
193 53
153 95
72 136
223 75
63 114
35 83
31 104
87 224
196 127
102 150
136 97
214 98
260 56
114 257
13 85
24 127
136 159
35 150
108 41
127 265
221 8
44 87
61 260
209 29
242 83
28 236
175 137
19 153
172 144
14 159
55 86
256 204
124 163
48 213
217 9
52 36
187 252
203 90
177 261
197 207
205 162
15 38
180 100
124 261
153 166
151 166
178 89
106 94
253 249
71 9
6 269
42 53
216 135
246 242
177 211
105 264
36 68
5 115
21 11
76 26
85 124
250 221
257 105
234 68
48 76
168 61
115 161
213 50
142 247
39 136
86 15
239 76
230 102
25 88
76 147
55 175
120 148
225 17
157 160
24 4
126 84
192 256
212 9
103 210
18 34
91 152
232 103
180 241
186 17
26 217
29 35
136 228
64 79
106 18
164 161
54 41
34 126
168 161
126 74
258 210
73 21
257 211
112 30
72 242
47 65
198 10
76 3
234 197
145 83
49 68
12 219
63 128
64 213
176 86
36 35
193 14
165 65
69 21
192 60
256 195
36 94
79 209
228 221
129 205
239 246
256 131
52 40
219 258
197 49
63 227
69 10
115 232
197 128
62 105
255 75
242 21
13 145
146 201
154 1
47 262
123 228
188 240
72 50
122 225
88 200
240 130
240 216
261 94
88 205
177 83
76 266
87 251
151 119
200 231
265 248
138 149
47 129
109 14
22 218
259 41
94 168
159 258
223 261
83 169
203 128
236 155
196 38
67 258
188 223
79 50
208 53
202 231
16 91
138 40
253 220
18 24
204 166
243 125
211 143
20 25
179 219
127 93
130 249
38 15
111 234
82 121
167 263
142 52
180 163
8 80
25 85
94 132
9 71
263 170
200 84
82 1
19 162
49 223
141 257
117 152
113 28
247 153
91 23
121 73
203 261
250 174
251 234
176 50
99 106
159 25
80 56
229 62
247 41
99 246
224 212
70 92
176 146
82 227
171 90
215 181
216 94
236 38
65 68
18 70
3 147
132 126
165 48
237 123
35 174
141 243
17 86
193 22
237 77
121 217
17 222
185 210
150 28
96 154
215 92
94 146
91 182
41 268
252 18
155 100
119 100
247 199
37 58
248 68
162 58
178 100
14 42
144 142
54 113
76 162
127 72
47 8
186 241
170 129
2 105
36 233
4 16
65 262
139 215
90 25
42 193
41 120
126 57
43 201
116 35
51 48
223 143
71 240
118 20
0 121
87 2
78 179
264 17
265 145
10 241
126 244
108 12
157 125
173 136
244 82
0 95
113 211
211 225
53 118
238 34
9 210
92 173
212 110
181 55
1 116
163 161
214 220
202 257
233 165
206 50
171 113
64 197
88 44
41 126
257 27
201 71
48 49
110 88
39 264
116 9
215 197
31 116
222 227
235 83
78 0
46 192
147 26
224 73
151 237
266 238
149 217
185 207
221 160
106 131
120 57
12 149
140 19
254 143
8 82
228 31
173 16
0 21
115 194
232 270
14 83
114 162
82 67
90 147
15 182
56 151
153 74
185 178
4 76
107 107
233 211
262 148
149 48
154 53
137 11
144 66
27 142
133 46
195 148
161 162
219 9
216 56
166 109
160 29
182 121
201 81
160 137
262 89
26 198
263 63
194 146
208 46
28 132
31 7
247 262
235 136
128 44
75 82
19 68
234 214
62 212
131 240
49 46
148 54
17 50
16 250
80 121
265 209
188 96
32 262
200 138
115 163
37 127
184 205
212 162
1 18
244 156
168 118
111 60
264 147
69 81
175 150
247 69
222 73
75 155
220 155
39 95
244 134
218 120
138 267
46 67
62 100
269 136
255 197
34 68
34 213
92 44
149 61
58 145
74 183
259 5
246 139
187 120
236 188
126 223
122 107
269 262
59 21
259 170
27 215
178 30
263 65
226 59
113 76
32 205
205 234
158 129
207 128
260 21
123 206
86 100
201 227
226 172
69 220
221 110
125 86
237 127
98 10
3 51
239 190
137 215
218 157
130 62
176 67
140 143
195 135
231 210
113 189
239 188
18 239
39 240
182 159
37 253
224 1
1 34
87 123
204 208
181 36
179 209
128 133
74 150
184 133
69 121
50 191
67 87
33 80
165 143
144 113
65 33
162 228
1 215
12 140
254 52
185 263
213 226
117 56
245 210
22 127
181 19
152 227
41 113
54 159
84 110
101 95
79 184
169 66
45 93
141 146
258 198
97 28
177 26
73 76
133 157
23 109
233 148
260 103
128 203
179 54
127 158
21 34
121 18
229 28
231 87
131 156
43 79
175 17
122 234
100 211
21 263
95 130
14 122
24 86
55 221
205 212
189 75
251 157
6 150
153 14
101 245
152 3
127 217
161 143
193 255
152 151
23 174
140 148
245 233
210 254
110 111
142 65
129 187
135 198
46 21
52 260
123 236
10 75
168 267
216 73
130 64
57 5
220 205
14 53
148 163
211 250
265 143
145 199
143 261
91 237
0 137
192 169
48 242
78 120
155 15
226 57
136 95
118 58
219 82
151 254
242 55
2 166
249 6
164 256
12 223
145 140
13 135
8 212
190 223
41 159
71 244
268 78
261 121
168 97
42 91
58 131
194 47
219 77
255 24
12 46
192 30
177 220
37 104
85 142
265 180
6 22
126 162
57 118
115 68
15 185
23 219
129 3
75 140
62 21
235 87
216 221
120 150
223 251
230 56
241 56
129 219
30 78
92 8
52 258
225 260
241 16
27 108
189 117
210 252
157 99
117 244
233 197
160 15
230 160
206 187
217 200
120 134
120 65
47 145
119 192
57 77
3 172
231 119
220 207
159 23
264 134
252 57
105 95
46 237
199 17
87 82
162 192
168 244
109 134
160 153
134 71
11 58
154 40
230 252
255 141
196 7
67 81
68 61
46 108
175 210
145 97
2 112
53 128
262 55
23 104
50 0
232 179
41 115
193 88
154 42
78 169
219 230
211 141
92 143
42 157
66 57
169 256
8 241
256 117
241 109
205 128
247 187
64 232
85 122
196 258
152 17
224 145
78 132
160 61
62 233
8 126
104 94
159 225
201 141
49 9
56 203
229 209
71 75
106 182
84 0
114 115
200 176
225 143
26 211
141 141
256 4
123 131
77 158
30 180
183 190
141 82
95 134
203 54
126 260
2 118
170 67
112 91
41 78
103 2
58 172
123 105
24 2
212 203
33 261
73 201
132 6
181 155
140 14
244 265
149 161
35 127
88 202
18 26
50 94
184 144
134 166
16 82
229 79
175 135
248 152
124 226
84 20
132 89
159 202
174 127
48 97
145 207
4 229
227 247
70 90
203 263
209 81
100 231
262 208
168 151
136 187
122 39
246 248
212 254
40 203
5 163
199 235
117 220
249 187
41 51
159 6
121 23
223 110
107 14
159 255
123 264
199 12
150 239
214 120
78 89
209 66
248 75
70 129
175 148
5 205
199 68
221 256
132 191
130 6
76 183
76 264
171 75
35 164
226 159
91 130
228 248
262 14
173 192
6 53
237 36
147 202
223 181
229 207
65 86
52 242
228 158
79 88
204 103
247 228
29 202
157 243
135 243
85 203
67 256
232 21
264 96
75 130
246 232
35 124
266 45
141 116
10 245
129 228
48 78
79 42
130 190
199 218
133 174
170 236
142 251
80 77
24 37
21 102
61 22
36 205
31 107
239 60
218 72
4 17
225 149
114 149
73 161
248 258
14 157
156 191
266 235
228 59
179 1
72 210
89 55
215 133
119 146
65 226
150 178
243 59
205 34
23 46
257 29
111 106
48 256
227 165
228 41
24 268
32 247
64 263
252 154
234 3
35 5
163 224
188 26
53 85
131 45
244 84
209 172
67 120
82 246
125 264
110 191
60 194
0 40
249 217
234 158
67 55
37 41
47 106
20 13
11 170
161 88
79 105
48 139
226 22
204 187
99 37
148 88
78 51
35 66
74 192
25 200
38 241
40 17
249 175
136 226
114 160
215 6
25 146
109 76
97 49
153 115
78 171
115 53
9 84
232 251
159 100
141 133
194 204
237 244
66 91
79 48
174 188
237 160
60 75
232 14
191 145
213 266
201 18
35 207
179 36
64 195
215 34
65 209
51 127
255 90
151 225
29 212
189 182
67 11
54 17
201 9
250 226
241 128
70 122
172 160
203 7
63 201
101 85
209 244
236 234
180 231
122 98
227 27
180 66
242 53
133 124
261 119
25 213
180 187
151 241
149 4
199 206
22 189
222 187
184 2
203 101
256 197
140 12
68 268
40 251
28 77
47 141
261 188
116 252
244 231
212 108
194 133
233 5
149 110
170 177
121 61
268 23
98 112
127 85
69 62
269 57
138 265
170 210
40 53
269 117
253 189
33 11
40 41
120 152
270 65
217 21
95 141
35 70
11 238
163 127
149 179
194 184
101 207
118 261
34 149
10 133
263 94
199 204
14 194
241 51
22 13
120 59
83 231
136 264
169 155
24 230
140 33
205 182
166 118
38 40
114 234
223 161
194 27
118 172
169 245
268 74
66 260
221 142
156 228
123 129
133 58
238 40
219 7
266 192
106 122
147 31
225 48
180 124
167 49
44 156
82 131
58 238
125 60
101 196
197 47
204 270
190 141
161 107
162 112
166 16
36 224
174 57
57 222
48 152
158 193
163 254
107 263
257 202
266 20
71 11
183 155
212 116
96 64
180 213
8 45
108 88
60 18
31 28
12 171
214 166
241 211
42 14
69 131
98 252
82 91
242 141
228 255
14 91
201 129
97 228
48 3
78 220
96 132
212 114
18 66
48 1
78 192
66 230
233 110
39 114
235 89
13 217
137 200
207 54
217 225
149 90
203 203
183 17
259 129
112 247
84 260
102 94
190 164
61 224
32 8
117 173
182 84
124 165
182 269
245 92
59 147
128 110
32 149
185 119
33 78
155 267
214 222
78 183
2 58
137 133
135 99
155 150
248 245
109 124
164 119
223 205
148 264
157 101
256 48
200 237
24 111
40 49
60 222
163 8
165 223
65 84
247 209
152 141
19 182
213 96
111 221
155 50
185 128
133 159
37 259
169 99
241 49
121 132
152 121
167 238
111 210
51 176
148 112
241 267
91 250
127 4
91 196
136 122
227 35
99 89
217 34
192 4
49 259
32 15
234 191
162 110
238 162
42 204
167 257
128 74
151 104
64 230
221 249
210 180
196 40
33 76
159 218
195 60
244 142
72 181
61 175
159 210
128 183
36 15
234 268
109 174
149 43
71 18
164 111
55 153
3 103
270 210
34 9
262 33
46 268
147 179
0 233
245 106
108 50
150 33
18 262
170 156
10 67
112 269
9 73
210 166
146 24
16 54
67 27
184 135
198 237
34 146
162 86
127 33
239 110
7 97
213 268
187 74
13 120
29 146
71 202
64 207
252 226
192 115
32 10
197 205
64 32
263 245
111 76
107 177
261 101
211 139
197 212
237 227
46 179
91 31
83 117
96 184
149 229
150 79
243 208
161 206
58 215
205 210
153 20
95 66
152 265
56 59
257 145
243 110
143 146
248 251
255 156
23 263
21 32
62 48
89 82
137 130
253 24
32 145
83 145
254 253
185 156
98 43
21 152
101 92
25 139
108 173
254 104
114 31
239 183
99 229
79 157
246 8
45 170
59 63
268 255
90 219
33 29
186 239
19 51
186 96
38 35
134 195
62 196
120 213
237 258
110 30
80 232
266 264
170 234
84 67
1 93
15 262
11 84
234 195
208 197
57 114
249 189
38 206
32 216
44 118
37 39
138 217
233 104
96 115
223 101
17 21
126 225
54 191
219 37
139 199
182 173
143 80
169 112
45 72
105 153
186 15
129 217
97 10
28 192
224 226
190 185
202 103
146 88
228 151
211 168
98 6
245 253
192 222
48 167
224 94
27 116
113 206
138 189
167 91
179 4
109 225
81 18
94 63
80 58
252 184
176 221
124 198
48 7
41 184
145 203
81 261
151 30
194 59
23 90
32 64
156 81
92 238
21 165
197 268
150 24
245 42
86 112
10 195
172 198
142 131
190 102
1 213
151 156
26 78
66 115
231 206
43 237
128 64
115 186
90 206
60 226
10 258
246 123
127 59
42 70
102 46
231 5
74 38
25 36
43 115
25 196
217 36
31 178
75 236
152 23
208 64
238 201
67 246
68 195
4 94
225 109
177 146
146 186
168 242
86 96
189 167
140 45
215 137
132 62
45 267
56 61
175 92
158 187
268 42
193 269
111 26
57 50
8 184
165 225
233 160
238 215
224 258
1 104
118 44
137 52
121 21
226 134
270 62
58 75
157 22
265 171
24 65
260 92
4 149
12 250
28 64
200 147
242 61
200 216
71 20
28 211
255 257
88 194
47 220
241 59
1 202
77 130
163 56
179 28
58 236
3 74
39 103
89 195
265 82
96 111
30 148
206 183
39 253
131 236
231 149
249 125
0 60
24 6
216 25
64 151
266 221
254 22
218 56
147 214
266 18
167 76
260 153
154 226
221 270
51 33
94 114
189 126
115 206
258 92
59 144
54 94
189 229
210 1
259 206
105 178
172 220
168 78
261 263
243 64
150 264
97 226
267 144
142 142
107 4
245 52
136 249
163 205
198 177
54 8
260 88
237 252
142 16
93 166
156 245
217 179
163 157
9 94
169 176
223 270
43 69
231 235
89 209
242 207
166 21
234 270
148 33
186 37
36 7
209 182
85 55
20 240
104 126
196 97
110 206
126 267
156 41
65 248
43 194
243 19
228 33
239 253
92 252
170 0
26 137
25 125
226 20
216 205
191 168
111 92
136 132
134 108
250 102
263 221
30 132
82 165
138 198
64 140
95 166
25 66
194 4
176 52
62 131
8 257
260 10
37 230
23 178
74 7
143 222
78 55
110 90
35 40
270 107
174 90
52 236
133 106
129 251
75 175
201 174
143 200
258 154
49 48
189 195
100 7
57 207
9 247
82 147
101 106
154 93
193 159
178 66
158 90
152 213
41 155
163 196
147 176
27 34
74 93
160 58
107 211
12 119
243 183
31 182
3 24
102 200
151 1
116 264
29 37
211 189
197 248
168 209
67 35
241 253
133 121
43 185
266 80
46 167
99 197
265 257
13 93
166 215
39 121
194 55
164 197
16 65
74 146
267 176
226 180
270 203
236 215
211 269
104 212
133 17
247 43
143 129
19 91
100 227
229 60
33 188
53 225
27 113
53 221
257 267
103 185
169 34
30 145
129 226
178 247
203 60
125 61
122 199
48 269
110 62
45 185
6 116
156 23
236 198
190 217
145 129
204 88
62 247
175 110
203 159
25 202
143 206
179 211
261 261
29 27
97 42
52 158
176 124
169 82
159 83
194 170
97 263
43 146
2 36
258 103
32 147
129 45
131 260
263 248
197 57
24 176
131 52
115 204
35 103
67 208
246 161
147 92
60 239
82 72
25 90
7 131
75 161
167 65
34 205
212 17
171 187
19 49
53 124
95 105
182 65
93 197
242 14
167 18
143 100
227 149
213 154
224 96
143 114
107 95
32 12
92 85
5 54
95 110
151 196
41 137
245 152
56 53
237 225
88 196
85 114
210 183
269 256
106 142
31 114
83 250
98 8
89 247
2 237
90 231
267 41
51 222
217 181
265 222
33 14
212 101
220 241
48 246
201 164
184 266
195 186
261 241
78 25
194 72
167 216
38 213
7 55
74 3
163 155
209 128
127 95
149 81
219 232
145 111
180 255
103 163
147 110
79 17
81 247
155 161
37 51
53 87
111 205
176 54
182 100
53 223
166 79
178 163
217 70
117 193
141 207
57 149
24 144
43 12
219 182
142 269
96 267
270 199
246 75
226 233
153 117
129 84
64 115
175 249
33 62
33 131
248 97
201 155
116 70
220 117
81 123
63 248
240 102
96 187
30 9
222 96
41 241
238 224
143 189
115 262
265 47
181 127
2 226
136 70
166 24
159 191
109 234
210 101
45 10
20 262
167 63
237 66
37 245
97 105
175 39
213 15
57 63
113 56
196 209
127 142
116 102
0 29
150 235
98 183
112 207
26 76
240 224
143 82
126 27
49 36
228 122
89 207
212 258
58 120
210 170
120 102
143 64
44 120
11 71
91 235
16 29
255 189
214 94
177 136
183 153
171 37
157 83
147 55
151 150
61 6
32 249
78 244
94 7
103 95
1 30
236 190
108 97
149 266
96 62
262 247
97 51
218 199
83 143
59 23
23 164
141 224
159 157
95 3
239 226
208 246
23 190
103 16
17 165
68 47
247 50
140 246
47 69
225 195
149 97
69 172
268 109
234 234
239 257
89 120
48 95
193 43
117 250
37 174
175 37
174 143
206 166
27 232
197 71
174 129
230 143
69 158
161 177
269 234
154 38
252 100
137 117
168 10
90 81
246 94
232 64
258 190
105 155
140 1
16 170
188 141
64 176
158 244
212 26
169 48
115 95
193 41
54 6
63 98
101 220
176 75
138 64
163 88
187 118
35 56
134 193
17 106
268 32
52 116
11 94
56 34
5 8
219 66
253 19
88 84
88 18
67 173
198 25
115 266
54 152
144 177
211 30
205 101
171 154
149 139
123 28
239 185
210 227
168 138
52 212
195 129
196 108
212 190
211 96
183 239
164 44
125 245
167 213
232 190
8 129
178 265
59 161
65 199
168 116
147 237
142 148
109 105
24 217
211 49
120 165
268 183
210 3
138 34
227 222
158 62
235 257
157 79
152 41
211 137
66 106
86 193
258 131
154 253
163 203
188 226
5 194
165 19
124 26
205 160
149 183
170 171
32 190
130 110
2 52
94 65
93 246
81 87
259 35
39 166
127 115
149 247
258 231
31 143
267 154
124 134
21 0
133 99
51 29
111 185
127 251
199 159
85 3
137 99
73 244
0 135
53 154
125 37
62 90
8 4
118 218
150 263
143 144
89 122
269 59
72 98
137 14
98 61
139 63
239 267
118 16
119 185
189 94
82 103
180 239
108 224
34 7
176 91
143 208
153 51
19 11
168 214
206 195
37 228
252 214
244 245
88 96
195 214
261 5
139 187
138 206
98 185
223 214
6 230
215 195
111 175
162 207
62 214
1 159
169 186
93 26
43 196
80 73
48 108
86 205
54 204
48 185
167 99
4 185
131 209
262 87
43 183
74 72
228 181
209 144
146 222
14 143
17 89
169 12
94 164
101 246
64 100
160 32
189 225
248 16
221 239
198 143
81 217
77 181
78 30
147 81
113 246
22 100
113 68
53 28
267 206
89 142
83 262
76 192
76 149
122 66
50 168
166 235
42 119
107 226
63 107
38 177
185 212
180 233
265 152
141 22
68 122
142 249
229 36
101 198
109 3
246 143
179 135
214 246
5 189
269 185
73 53
118 11
57 161
171 270
47 143
90 202
114 35
12 83
228 250
181 57
249 35
240 47
114 10
6 192
234 252
98 244
193 92
62 15
45 168
256 173
48 5
105 1
119 83
102 18
216 167
86 66
34 133
110 44
254 174
128 221
172 128
231 150
99 118
78 129
65 66
181 125
136 185
227 198
147 185
62 158
78 49
153 71
215 36
32 180
225 170
79 198
65 185
62 63
156 129
97 141
165 14
198 4
248 159
206 270
95 127
247 95
70 53
250 249
151 270
221 215
267 186
47 72
62 17
66 189
147 220
140 258
129 131
226 95
133 44
62 137
37 265
126 63
209 70
208 201
113 93
22 265
132 245
184 120
33 163
87 114
26 270
49 32
192 203
218 87
105 209
191 221
29 48
192 185
159 21
177 16
214 101
159 178
10 197
197 69
13 44
253 182
12 193
135 174
205 245
260 239
20 27
177 159
11 44
127 138
35 244
236 125
56 205
220 135
269 15
257 133
44 153
164 46
156 62
129 264
174 147
235 85
149 32
33 182
162 140
204 37
156 188
255 119
176 240
24 105
99 12
46 96
242 143
135 130
89 37
234 33
178 161
198 109
161 191
101 48
134 262
266 75
226 212
93 152
60 158
188 128
5 118
261 165
81 181
38 21
171 63
53 0
190 71
88 140
138 269
72 7
90 174
58 206
12 225
143 109
80 148
74 232
132 168
192 73
247 189
28 150
33 144
20 210
269 232
166 10
75 22
59 38
267 136
231 208
260 29
101 258
198 220
11 135
268 179
260 3
118 18
109 109
102 144
21 163
68 254
226 255
270 196
46 241
235 160
43 249
177 28
63 143
118 46
63 252
83 87
172 222
43 160
207 265
10 46
99 202
143 225
109 48
228 116
157 186
170 86
114 270
232 188
1 32
256 269
123 126
100 27
241 174
191 143
73 214
269 113
213 118
7 194
211 214
134 60
143 90
55 4
58 99
62 222
239 0
262 256
64 136
78 173
79 1
250 153
232 67
37 263
202 16
223 257
217 216
151 180
259 172
233 228
223 69
178 157
62 75
122 162
103 201
8 93
143 123
66 64
0 111
257 208
169 127
231 165
193 148
16 80
223 223
180 15
140 266
197 33
252 181
208 68
49 128
161 234
246 240
24 262
48 191
232 18
139 10
171 170
160 221
22 7
39 19
53 206
61 198
175 4
102 189
168 95
14 30
127 163
183 86
6 207
239 244
90 154
89 53
39 4
155 196
101 225
101 185
151 198
144 249
56 42
7 7
88 154
257 167
161 158
64 193
220 71
150 138
90 132
188 72
37 232
17 119
209 31
214 244
3 189
66 111
76 223
228 54
72 251
233 236
25 103
207 80
45 89
66 119
93 30
56 146
167 253
69 186
56 6
17 23
14 55
136 270
140 51
18 54
94 143
32 81
67 194
117 254
21 216
79 251
145 101
24 116
131 154
183 4
138 176
203 167
63 29
168 101
171 26
192 258
132 175
173 36
22 86
71 220
204 238
88 113
41 118
229 118
209 251
197 106
46 74
256 88
4 187
185 201
101 69
17 261
208 25
55 96
135 133
30 105
53 56
195 140
69 64
164 117
172 67
221 261
9 240
14 113
222 94
174 223
103 181
167 112
86 17
103 130
158 121
52 204
26 187
80 259
258 88
138 170
134 123
103 22
153 258
95 197
152 194
129 159
185 38
51 224
83 223
128 112
97 86
101 15
177 216
115 33
217 119
13 124
136 115
139 32
88 119
263 263
190 127
181 250
204 61
255 105
6 74
103 71
104 128
138 226
31 201
64 187
38 251
227 49
183 67
107 261
178 2
126 262
63 174
20 89
179 221
12 42
87 56
1 192
136 244
84 104
262 164
16 14
117 13
165 8
126 134
14 36
82 89
153 30
154 194
187 19
124 128
214 115
238 99
214 146
180 248
42 200
237 95
64 64
110 229
124 82
24 228
126 129
80 170
60 138
237 110
47 31
169 23
195 270
75 181
26 267
184 264
225 54
80 234
59 199
214 105
97 107
114 1
230 90
256 187
219 128
237 84
104 187
246 71
196 125
54 264
63 77
247 1
10 137
217 198
99 86
47 232
169 62
89 30
101 179
153 267
171 127
116 261
8 268
45 194
228 208
107 2
14 147
255 220
160 171
87 207
186 75
23 269
41 214
61 77
165 254
68 112
65 45
227 45
192 161
45 261
45 144
144 188
249 172
238 38
218 32
97 162
244 132
78 53
261 229
6 143
170 41
67 43
90 176
270 115
127 113
226 43
24 212
51 54
222 134
33 161
116 90
136 172
36 22
237 268
267 247
37 88
90 44
9 268
145 190
230 11
248 71
259 225
180 189
4 156
229 246
53 178
27 147
194 40
141 41
20 241
151 68
81 5
198 246
46 79
21 238
105 262
122 59
57 101
134 40
184 203
100 59
179 22
5 51
126 140
2 168
164 70
250 36
53 157
13 95
201 89
12 144
179 176
148 187
244 158
60 62
231 113
167 246
134 98
179 84
221 84
27 49
264 15
201 79
3 34
219 209
255 60
70 267
256 256
89 152
101 17
36 264
266 16
71 110
142 46
245 73
190 204
111 64
103 198
158 8
74 100
241 36
151 117
46 77
178 195
146 127
46 98
191 117
221 113
23 48
237 229
157 127
240 62
206 263
102 36
217 96
160 241
228 107
248 118
88 100
233 223
50 186
139 110
210 46
241 213
194 81
117 83
133 177
123 215
39 242
33 201
35 90
71 70
11 96
141 90
222 57
205 8
267 17
117 256
72 141
268 197
79 130
2 174
86 140
33 4
12 160
186 221
155 17
177 4
0 168
137 174
152 139
115 165
160 113
114 113
163 142
162 198
259 261
206 197
109 5
71 208
41 104
182 97
265 253
49 38
36 9
130 222
46 239
36 125
24 24
140 24
182 136
23 23
145 216
73 109
198 107
91 98
216 23
182 30
134 245
29 235
147 160
91 166
11 204
187 156
2 228
118 48
226 249
264 38
55 119
196 72
228 78
141 226
230 32
270 79
131 173
136 268
210 68
149 105
217 122
45 129
133 64
220 68
138 0
47 94
15 85
89 179
70 216
176 195
149 220
82 57
259 94
49 26
225 12
36 243
249 13
255 166
60 264
112 2
55 107
38 60
116 66
224 168
34 242
7 266
12 108
97 130
122 134
98 256
130 4
153 18
191 104
231 145
153 215
80 210
166 26
92 96
161 217
128 207
210 97
64 90
107 180
80 30
85 248
113 37
170 79
29 200
240 196
237 187
122 128
238 269
88 111
136 223
163 113
33 82
90 42
59 249
230 117
27 125
104 149
112 230
177 222
35 170
26 193
192 47
203 205
119 211
262 124
240 30
5 21
125 235
257 248
261 167
110 193
50 166
239 174
211 220
87 45
97 4
24 75
15 138
197 159
120 177
198 126
69 166
73 137
94 238
181 53
35 113
171 218
196 240
13 117
140 217
177 250
194 240
227 142
47 258
48 176
75 234
60 8
263 250
219 133
161 260
210 201
18 72
31 75
39 97
231 204
173 3
128 26
93 162
190 77
141 20
30 177
35 258
95 261
82 179
224 40
265 263
241 84
199 139
243 23
184 116
77 65
208 3
54 116
157 189
245 263
1 200
247 172
220 235
249 257
267 84
116 12
267 142
228 133
218 197
206 237
67 108
141 71
12 147
10 82
258 39
270 23
218 94
149 137
118 72
133 23
160 244
120 71
61 173
67 252
8 245
8 76
256 103
183 197
199 91
263 223
168 262
263 36
192 2
241 135
95 107
21 178
267 208
4 234
173 25
140 236
162 169
10 126
78 103
223 7
224 232
167 81
53 126
234 17
208 27
249 113
114 264
82 14
79 177
75 151
34 190
199 128
191 162
260 197
181 153
189 231
136 13
128 7
74 80
176 144
32 106
38 225
8 255
259 166
33 151
84 2
144 88
46 130
67 169
257 41
115 93
38 55
108 113
218 68
103 146
265 176
59 115
256 143
150 140
203 116
254 234
214 192
10 56
99 116
255 247
166 90
92 231
163 258
96 44
106 176
178 230
67 45
268 204
145 176
258 30
248 185
38 53
161 258
192 26
231 10
241 32
269 28
143 116
27 36
99 226
120 219
195 115
115 144
100 143
139 190
23 267
5 24
261 128
100 256
178 42
247 260
96 75
157 150
269 253
253 89
108 239
148 235
221 54
165 88
179 68
134 168
27 32
36 60
182 167
267 253
45 99
56 220
12 112
263 12
56 99
60 160
236 4
119 3
207 119
184 97
235 231
89 204
86 200
258 9
190 166
31 162
228 16
2 120
113 156
43 117
68 59
245 164
232 12
29 46
157 24
53 89
152 164
97 114
189 249
140 205
205 105
6 93
132 98
213 242
143 54
231 89
49 2
120 234
49 154
99 181
59 258
18 14
238 195
46 233
70 218
146 53
185 78
55 155
168 80
68 266
185 18
176 113
114 147
97 261
171 152
111 227
95 155
33 224
163 159
128 225
254 152
103 51
136 167
44 238
115 236
19 217
263 34
220 40
16 33
71 131
4 160
198 216
63 25
232 147
233 43
214 111
237 153
182 114
79 5
232 3
90 200
84 246
141 80
7 9
215 15
176 41
37 155
98 129
190 125
200 249
102 231
188 180
246 141
227 123
177 236
226 15
99 14
162 256
257 8
149 159
233 203
187 211
8 13
49 142
72 72
109 212
106 161
106 16
110 32
61 148
234 176
192 233
200 239
191 171
192 193
92 171
72 253
2 94
173 153
164 170
246 206
94 170
269 122
69 168
258 204
197 31
128 245
245 44
70 60
134 238
19 250
129 93
228 111
28 231
196 133
40 207
34 186
63 5
4 154
71 179
101 218
163 14
129 86
194 57
256 210
162 172
241 215
138 131
9 243
161 181
87 142
12 156
90 266
29 134
220 130
77 160
124 98
108 1
29 178
244 162
211 181
260 39
98 59
69 110
233 41
77 5
161 141
0 109
150 227
138 46
60 142
10 254
201 127
121 104
85 83
89 23
232 253
236 179
60 54
9 266
224 234
74 212
66 152
94 265
160 229
158 85
100 63
132 187
138 22
218 117
50 214
127 61
248 161
133 15
185 189
255 20
138 97
12 158
253 236
102 256
7 128
148 249
35 11
7 14
149 237
72 159
92 80
211 99
49 144
59 235
117 262
255 46
250 115
118 149
143 56
128 9
198 179
178 121
165 205
24 167
155 21
112 209
175 235
205 117
79 38
174 74
167 67
211 127
241 77
4 207
18 249
104 23
171 24
177 134
201 49
225 250
237 42
263 172
207 90
85 64
135 117
251 217
105 21
147 247
12 110
78 74
248 82
64 138
263 257
182 171
247 73
19 260
57 189
150 168
37 137
250 267
134 126
37 97
128 83
204 183
135 160
215 224
13 97
98 47
63 185
134 156
137 80
139 252
93 148
80 172
81 101
262 83
247 204
172 1
64 250
250 240
215 8
233 66
49 28
69 46
256 95
84 225
222 232
10 144
235 40
198 181
197 218
102 73
181 4
82 20
44 199
116 85
246 113
119 117
44 74
180 117
156 121
205 262
9 8
196 234
182 188
249 183
13 235
141 209
188 106
40 23
12 122
168 93
22 1
199 247
117 68
31 134
221 56
106 149
13 252
214 259
57 3
243 49
60 47
77 184
88 211
229 104
41 231
243 106
235 224
41 18
112 112
114 58
45 69
198 138
80 150
201 218
137 243
46 186
32 260
107 129
92 248
37 112
101 203
35 260
170 208
106 133
175 186
149 26
23 28
181 34
250 17
162 12
58 40
155 60
169 59
72 52
91 122
214 265
78 240
266 134
235 42
126 164
203 163
111 136
136 189
96 113
159 239
212 72
95 148
267 262
189 145
97 116
133 130
196 216
212 227
180 88
106 164
255 251
184 118
148 2
93 10
38 126
219 75
145 225
5 152
261 171
134 21
224 58
188 30
77 198
76 196
132 153
263 181
260 227
251 12
178 55
134 5
173 93
125 96
253 17
39 175
101 181
64 88
222 40
214 10
181 1
56 51
244 34
129 139
6 267
169 232
98 189
122 36
29 159
141 245
55 98
139 44
9 124
100 188
80 268
171 98
235 253
74 250
155 247
14 214
91 213
167 240
207 101
194 23
183 212
268 231
49 30
75 5
207 143
65 98
150 268
149 203
45 155
61 227
179 251
4 169
187 94
61 4
180 174
38 33
183 201
249 192
66 89
125 227
12 203
35 229
154 76
83 218
261 169
224 206
270 10
225 248
100 224
175 192
230 3
41 202
44 127
23 227
151 32
45 265
6 209
117 4
118 85
71 214
30 210
52 139
239 66
162 246
9 205
268 181
248 230
234 180
147 98
62 231
48 146
166 43
40 38
171 200
195 256
192 78
219 216
255 93
236 159
98 84
144 23
243 32
154 214
14 28
193 117
235 153
268 66
240 212
249 269
11 260
2 75
218 214
71 200
96 129
184 84
50 247
66 47
157 60
244 247
156 114
17 115
150 42
152 43
183 82
124 246
242 226
262 243
195 58
102 187
148 63
2 234
0 16
214 31
79 118
216 202
239 108
265 250
158 222
236 186
124 7
55 150
124 9
62 133
74 78
36 216
80 21
194 113
31 223
216 120
132 108
117 186
191 243
265 135
229 106
5 14
191 195
84 112
245 251
79 246
87 102
190 105
170 252
82 267
50 241
203 82
148 79
85 209
231 1
210 242
180 13
244 62
247 4
77 229
22 229
189 251
246 246
8 182
206 64
55 77
55 177
216 191
202 259
32 129
56 159
131 94
130 168
244 66
7 247
39 79
12 40
39 99
189 104
82 225
237 256
81 223
114 86
234 189
110 78
42 77
257 47
96 48
51 35
244 80
124 234
12 242
228 147
246 17
125 266
7 5
180 217
249 42
208 39
184 114
201 27
45 146
96 78
239 135
200 143
11 124
83 264
192 127
133 261
206 103
215 199
71 35
144 84
78 267
24 165
24 140
64 16
78 21
129 209
108 44
228 14
90 211
82 171
219 137
145 115
14 254
10 226
134 227
100 46
79 242
159 13
145 234
55 16
85 262
35 225
115 153
228 179
16 232
21 15
141 55
100 61
207 82
260 32
51 178
134 110
14 224
226 257
205 119
46 270
19 9
160 257
109 107
101 108
116 234
6 56
85 95
87 249
191 75
109 227
223 141
259 65
261 181
107 48
126 11
62 141
105 144
126 204
163 226
36 33
249 154
251 236
268 55
169 191
192 184
93 141
199 105
237 136
149 1
145 214
6 185
80 239
178 189
135 121
238 102
243 127
62 116
47 193
188 232
241 186
0 31
257 129
125 200
33 66
216 246
267 249
248 8
107 124
15 121
210 72
154 269
21 148
184 37
37 56
169 46
36 178
241 176
164 139
239 133
161 154
75 194
262 190
208 62
54 33
162 232
54 200
61 248
83 69
93 250
264 205
169 217
171 111
195 101
223 108
42 39
189 221
68 79
211 5
71 206
150 63
269 8
199 70
98 222
48 127
126 176
258 143
41 182
10 109
173 111
210 9
233 6
199 32
119 217
194 61
220 173
42 251
92 43
75 108
10 235
71 22
194 257
151 44
260 72
202 236
190 5
233 226
10 2
166 160
231 223
114 145
21 181
95 227
46 256
176 84
199 72
91 233
270 55
167 179
22 36
41 13
270 104
201 83
69 154
74 224
150 3
29 117
5 191
181 177
251 118
70 134
145 237
110 239
183 146
17 219
65 92
17 161
128 24
114 55
119 69
115 190
145 123
47 104
199 136
52 34
107 141
196 10
255 158
124 84
192 82
187 225
233 150
217 230
250 71
178 187
80 27
16 215
141 10
36 266
250 58
70 205
28 187
138 12
221 208
267 210
200 245
200 26
267 233
44 269
247 254
195 182
248 267
253 160
132 60
10 142
95 236
18 32
12 196
208 49
62 176
174 114
249 40
113 204
100 222
196 36
98 264
62 194
246 250
117 189
235 6
173 38
115 14
218 124
170 266
115 250
20 101
130 26
168 90
223 170
201 46
129 51
112 267
232 268
14 183
78 76
189 139
250 185
11 217
179 165
231 202
209 138
259 208
70 156
64 183
219 260
47 171
249 158
126 178
157 20
209 113
125 205
122 213
210 25
92 245
134 188
226 166
120 36
146 141
108 18
266 39
171 192
173 76
41 197
116 54
216 152
112 245
129 28
17 78
111 110
97 109
168 236
250 15
57 157
18 251
267 96
267 257
162 28
144 247
269 81
135 53
28 26
6 161
71 255
114 8
69 255
218 39
243 51
222 225
212 166
179 217
126 166
246 96
90 86
153 149
225 161
68 119
76 137
27 28
228 39
6 104
151 48
213 256
194 25
225 132
130 9
81 251
77 139
154 120
192 24
218 205
69 34
108 236
261 221
181 220
86 143
216 5
112 78
126 207
180 122
247 91
261 35
244 112
200 5
233 15
256 206
197 182
117 145
105 162
265 211
197 14
230 167
265 155
179 56
95 32
60 256
4 12
47 264
197 35
128 185
196 181
241 209
233 209
194 0
226 50
192 205
206 88
152 253
228 252
210 111
248 191
149 35
90 245
174 221
180 161
242 266
117 42
166 237
175 198
268 143
170 54
169 88
8 144
176 242
99 204
39 58
47 218
168 159
199 163
229 30
9 131
80 66
47 102
48 10
253 7
112 85
82 55
119 87
87 54
255 133
19 53
262 122
82 232
174 55
177 111
121 193
170 268
192 125
171 39
264 255
130 133
82 219
11 76
172 109
206 62
128 167
141 237
124 178
77 105
263 210
118 168
160 193
216 101
178 241
191 245
126 249
245 19
23 102
228 102
41 135
46 63
4 105
169 114
49 179
203 157
214 155
11 146
104 161
146 79
66 83
150 142
197 101
190 31
207 199
193 171
5 171
146 131
151 215
9 78
182 76
33 207
159 235
60 172
178 87
244 138
257 141
186 180
268 193
192 39
240 12
95 11
39 116
43 140
60 128
258 58
51 193
221 169
106 119
15 169
4 26
250 238
195 110
259 115
105 52
167 45
169 169
81 167
258 135
96 182
201 91
247 218
169 153
119 22
137 42
56 109
163 49
217 58
50 259
212 209
93 134
190 232
180 38
211 256
127 150
42 60
253 58
5 10
201 158
26 145
270 212
208 92
46 51
119 220
169 38
49 34
11 236
117 191
263 98
169 25
115 36
39 231
35 17
225 128
93 236
149 185
176 188
3 199
247 252
7 102
25 83
201 29
217 203
45 114
147 57
80 245
167 47
152 256
87 58
252 59
268 107
68 259
134 175
250 190
241 126
214 153
35 188
92 150
22 56
21 30
134 119
97 31
169 77
124 69
90 217
114 143
171 35
180 136
252 174
97 67
258 171
206 268
248 157
18 12
176 89
160 246
251 219
6 167
50 245
231 200
255 145
225 197
91 141
214 113
178 51
178 91
192 28
54 202
210 114
108 182
244 21
54 173
228 166
125 251
195 89
91 124
157 64
157 123
224 185
179 178
268 44
90 96
166 245
261 12
35 96
232 265
226 55
148 218
117 89
169 253
191 44
21 154
40 15
11 173
7 263
261 81
216 84
81 249
132 40
224 256
245 7
148 178
228 200
204 17
6 159
205 168
180 168
52 7
204 197
122 219
264 261
8 66
23 142
179 159
168 54
161 156
21 268
4 35
200 104
148 83
192 54
67 171
221 51
139 81
173 270
141 43
90 76
269 18
149 225
195 62
261 206
81 214
245 155
205 144
148 222
194 38
72 93
262 10
50 152
269 127
64 48
192 56
9 146
55 157
92 6
53 160
50 216
180 260
23 146
103 254
127 13
237 86
35 79
58 19
49 195
82 265
94 79
181 134
95 263
91 29
139 150
218 22
177 186
220 171
152 239
150 66
179 52
50 39
18 253
48 93
235 91
27 213
251 16
112 69
214 17
78 231
91 180
106 174
249 11
7 261
10 80
201 73
166 41
77 1
109 210
129 153
27 191
182 21
26 38
149 108
223 9
161 160
173 126
16 183
229 58
124 207
186 29
60 196
106 236
108 16
43 136
21 249
114 171
80 175
75 229
116 72
60 134
267 82
98 230
250 100
162 200
86 59
249 76
161 219
242 47
160 90
34 15
21 161
31 203
216 244
186 267
50 50
49 106
131 152
221 11
133 199
138 109
136 119
267 236
146 181
250 177
258 83
171 168
222 207
196 78
132 208
113 14
18 183
12 115
180 170
256 58
268 116
256 61
110 130
107 99
258 71
247 124
42 87
134 269
239 112
138 168
161 211
45 101
226 231
40 153
34 184
120 245
171 264
89 40
49 219
1 73
153 198
253 21
214 109
160 8
181 175
164 10
198 134
101 209
152 178
175 15
186 64
87 121
165 241
80 19
119 119
35 246
197 91
46 100
214 240
121 221
239 48
104 142
158 112
237 232
54 60
238 31
75 138
203 229
180 20
161 126
229 145
215 193
167 185
181 77
63 109
24 26
264 191
8 234
161 128
167 211
148 158
2 160
196 170
87 213
245 125
252 151
119 104
15 115
268 211
73 102
68 188
56 112
128 223
251 34
189 244
262 196
258 12
216 114
51 37
148 181
220 254
89 79
260 58
181 257
239 100
181 212
106 172
167 128
99 260
143 111
146 188
19 160
200 78
97 199
113 60
141 110
65 174
265 64
225 141
50 138
113 232
116 172
172 56
98 212
257 119
167 12
235 122
113 193
175 125
64 75
26 112
62 135
183 199
144 127
61 58
105 147
231 41
107 0
16 122
128 5
79 28
147 96
44 91
231 104
192 6
127 28
47 150
99 50
82 22
257 165
167 158
61 108
11 248
173 113
122 227
74 141
224 147
207 29
70 159
55 55
45 200
45 257
58 170
192 45
34 215
7 183
241 65
130 220
44 76
44 80
262 259
244 140
219 180
112 24
72 218
102 183
152 76
190 46
202 62
80 40
241 107
246 137
79 181
91 148
167 35
147 86
64 247
126 117
230 115
259 168
88 16
43 270
160 111
84 65
171 190
36 92
39 262
87 37
33 6
221 252
13 173
20 23
211 212
259 81
60 183
187 178
74 230
68 156
234 29
75 24
138 213
75 153
197 136
204 115
217 239
107 175
70 79
188 28
165 179
113 107
72 37
58 143
253 46
46 70
71 54
253 69
170 160
204 258
16 52
87 192
130 268
122 176
94 112
30 76
15 4
75 89
107 43
259 101
66 29
45 231
73 5
184 188
138 224
182 38
142 44
177 263
198 6
4 41
197 29
170 223
135 72
219 243
99 220
233 254
86 104
63 23
215 122
21 251
39 164
236 2
225 182
214 46
220 38
143 236
210 64
73 139
246 230
155 19
180 264
136 183
179 33
34 34
39 127
182 218
133 155
112 148
5 165
220 111
42 198
19 238
77 194
3 191
60 132
237 121
195 15
214 26
28 75
146 248
26 62
19 75
233 90
4 113
217 196
40 20
192 71
22 5
31 225
73 81
173 168
199 141
72 91
177 149
118 164
209 5
115 173
227 47
68 63
182 2
257 75
104 159
49 140
92 77
125 142
121 38
106 97
177 248
221 66
18 87
263 67
36 172
259 229
146 177
61 229
112 146
16 263
180 31
170 110
178 53
160 27
204 63
164 199
221 229
153 119
237 97
95 162
102 152
176 63
183 268
107 241
73 233
37 163
65 28
232 16
128 140
265 266
148 28
43 138
234 250
43 93
44 16
28 160
230 134
9 58
121 100
32 30
67 117
195 48
239 192
188 265
207 4
188 15
141 53
30 150
159 248
31 158
240 210
89 215
215 27
27 24
244 60
150 22
27 38
242 63
223 228
14 0
22 65
126 198
195 13
61 200
165 239
193 144
194 7
100 87
217 242
151 46
178 239
104 164
131 158
212 222
251 228
36 129
94 76
107 52
218 172
204 51
25 61
254 48
262 205
77 156
184 76
41 89
47 27
261 37
249 0
170 179
236 269
259 105
168 129
78 66
37 95
49 170
213 6
141 235
161 179
72 204
214 33
251 69
10 208
124 176
47 260
174 194
80 208
19 73
226 121
167 153
259 28
48 240
233 135
269 21
90 111
169 36
182 260
138 245
182 258
252 22
74 163
114 261
196 250
268 123
9 0
35 38
256 231
122 178
19 105
92 25
72 216
142 259
270 214
211 7
49 215
117 119
70 37
160 169
37 152
228 57
230 120
110 236
7 181
143 40
127 160
212 192
74 129
23 216
36 5
141 144
212 240
251 159
215 226
78 27
138 51
17 163
178 123
231 8
223 55
265 94
11 252
261 62
50 177
208 209
270 20
255 86
242 34
248 2
17 182
226 221
33 104
247 155
37 102
44 192
189 107
237 33
77 235
53 130
143 220
100 190
79 23
120 47
198 208
263 85
192 0
128 165
253 228
195 11
109 204
175 112
123 24
223 239
144 221
159 31
182 169
174 66
105 121
36 54
112 0
183 98
268 209
34 248
239 27
197 142
99 48
148 224
104 240
190 73
6 129
268 138
86 211
240 194
263 176
13 139
44 78
36 214
174 190
104 17
233 28
43 89
151 70
18 180
160 86
263 125
251 170
30 30
168 218
165 46
7 210
77 175
246 264
5 6
72 77
83 229
6 68
15 140
207 41
115 255
46 6
260 243
33 166
213 73
190 95
139 207
215 71
126 184
113 9
193 253
59 6
59 50
222 112
81 146
225 222
159 242
69 246
104 73
164 90
21 52
227 170
125 113
270 238
0 42
61 103
210 190
29 50
48 234
50 52
85 19
127 205
118 34
130 188
177 208
142 88
89 32
83 122
132 91
31 79
253 93
48 222
155 265
121 236
30 204
248 14
245 204
86 253
91 46
98 45
215 248
1 50
264 235
164 15
264 264
120 163
110 58
62 264
181 102
54 53
4 52
47 266
255 249
243 108
87 98
45 12
52 191
95 234
184 16
44 14
241 184
247 256
129 241
11 201
108 93
223 11
250 215
43 155
34 263
89 95
154 113
136 261
22 3
164 109
52 246
131 218
59 117
132 189
90 39
152 268
26 230
233 230
116 2
201 54
197 266
228 120
8 209
20 33
233 266
137 177
153 78
201 15
218 135
249 219
39 105
4 117
56 120
223 249
59 223
121 105
110 16
94 150
74 91
98 187
262 18
137 121
154 228
220 153
21 129
229 222
125 33
32 133
94 232
25 232
229 149
173 149
128 266
113 187
141 92
23 125
39 195
205 36
115 151
213 128
139 225
216 156
58 182
33 246
193 162
58 52
62 237
199 145
203 18
118 234
125 258
20 55
230 13
31 47
227 196
192 239
115 16
258 117
257 189
257 121
218 244
121 211
127 76
5 147
35 162
45 181
58 247
218 24
80 212
55 192
15 2
192 164
261 98
254 5
25 49
92 132
31 160
61 127
267 46
120 45
226 163
54 58
26 195
239 164
238 193
261 85
44 179
203 80
212 94
58 61
105 186
49 181
140 250
115 56
254 95
180 258
166 116
269 93
198 203
178 14
53 175
219 119
270 192
238 67
112 62
90 118
239 129
82 59
66 79
165 17
52 94
80 221
207 211
12 259
73 203
158 32
146 250
116 17
212 32
91 178
270 255
79 222
224 76
81 263
103 153
9 249
81 39
121 191
130 203
224 130
126 202
66 31
270 201
102 211
0 58
128 57
139 244
44 21
148 30
135 177
55 114
212 24
185 121
118 70
22 106
111 212
221 183
213 103
267 178
250 160
118 252
22 262
152 67
174 145
43 144
202 233
79 211
154 153
262 99
126 111
116 31
143 92
9 6
143 198
238 191
10 69
145 86
235 93
86 201
152 154
134 128
47 17
204 256
139 71
28 62
80 75
152 21
34 199
80 179
128 88
49 150
255 233
224 224
134 7
48 178
60 20
105 241
89 88
82 260
174 64
162 6
77 88
29 143
159 60
251 175
201 162
269 111
165 115
182 15
118 115
96 33
48 244
92 175
42 20
238 62
236 29
40 61
235 1
217 137
88 86
157 265
169 84
252 216
35 227
3 170
213 48
76 177
182 13
235 66
70 242
221 6
132 42
90 16
51 1
265 236
153 16
143 42
105 71
150 106
179 256
83 124
73 152
84 207
236 67
81 42
256 153
36 176
4 167
44 255
246 48
140 17
154 257
63 81
135 15
247 93
134 186
37 114
179 40
119 63
121 136
179 249
59 174
155 163
110 114
36 231
84 17
68 133
128 268
168 207
61 156
180 215
62 184
40 214
223 132
164 6
92 146
10 203
23 148
89 124
80 61
77 107
81 29
249 69
67 153
268 9
88 38
114 208
234 124
159 159
97 155
225 111
25 189
62 31
208 264
254 251
1 172
207 168
10 111
142 267
149 169
201 235
104 151
62 262
131 131
44 70
0 123
239 85
190 169
4 231
60 262
260 143
108 122
215 39
89 14
60 52
265 36
161 30
141 198
208 253
47 180
80 103
173 268
256 155
206 246
226 199
70 253
70 181
251 188
77 23
221 70
23 201
165 177
211 103
240 54
11 138
259 70
226 13
268 202
64 209
203 185
161 109
82 269
253 158
187 228
100 44
68 91
26 110
230 254
87 95
125 136
48 99
148 141
216 154
92 117
138 70
55 14
84 194
196 203
185 126
232 143
242 133
99 198
48 238
206 130
236 181
149 156
65 234
59 48
45 17
6 76
163 180
137 72
13 155
38 93
15 226
224 56
213 28
59 260
37 80
80 16
188 247
108 111
234 187
72 246
90 197
260 190
57 116
206 92
26 176
35 111
184 157
230 17
98 75
51 131
154 148
163 209
89 145
117 236
208 103
97 12
16 224
211 178
25 215
0 157
248 241
50 257
221 132
263 146
141 73
6 148
138 184
46 88
26 204
178 232
98 200
127 200
197 140
37 261
199 30
104 182
109 238
231 225
69 108
104 132
48 236
136 253
119 187
33 170
120 107
169 269
92 266
230 249
137 126
179 98
134 197
205 185
26 114
41 239
214 168
127 152
185 181
180 126
181 67
100 183
94 267
262 227
61 117
72 100
268 64
158 253
69 257
79 64
192 241
60 237
63 198
147 216
18 28
22 25
56 163
88 60
161 225
250 119
15 142
228 43
8 230
168 265
89 177
203 35
236 213
117 104
146 112
67 167
174 68
239 78
61 113
116 113
111 188
176 193
249 170
230 158
119 56
257 233
160 200
228 210
233 199
15 89
190 242
136 64
62 149
42 22
239 104
230 221
196 211
252 102
211 244
76 129
206 261
203 118
92 87
166 111
269 249
55 161
20 87
112 194
207 182
145 55
59 77
94 174
204 247
187 125
226 40
56 190
120 222
19 77
54 261
172 178
17 52
254 88
62 187
54 219
149 167
211 146
190 146
176 223
203 165
180 29
137 151
116 47
254 181
126 8
172 150
27 47
23 67
232 158
78 137
189 45
189 219
159 189
136 266
54 109
213 99
23 88
165 113
236 196
266 184
246 163
82 16
130 224
45 52
163 178
212 145
29 250
230 180
225 124
108 90
41 195
56 40
35 81
207 35
207 145
47 29
158 114
227 182
43 51
243 46
22 240
98 139
28 148
80 266
100 36
194 126
88 35
246 83
162 90
60 130
162 230
182 74
184 241
222 1
114 12
10 224
25 109
210 109
232 167
199 161
65 109
175 76
236 177
262 20
105 211
27 234
101 37
248 99
238 54
228 76
228 26
68 89
10 256
83 71
253 156
240 245
99 262
50 243
202 114
108 126
26 129
233 162
53 54
260 117
18 208
19 119
170 219
173 199
134 69
42 153
33 259
124 140
27 202
119 166
178 49
85 251
190 29
80 3
143 96
56 171
226 76
30 259
243 214
111 48
228 143
68 244
4 227
17 217
105 180
147 1
197 214
195 91
199 28
16 187
65 252
179 137
110 208
85 85
34 129
55 84
98 266
80 132
176 155
89 46
229 165
18 117
261 154
188 166
27 200
96 164
219 115
17 104
181 22
223 183
123 136
123 60
59 56
248 243
160 231
79 46
240 142
9 128
91 145
198 79
94 24
73 254
102 127
129 165
199 15
260 231
239 127
81 117
52 202
220 84
96 259
181 160
186 265
15 234
70 133
221 231
240 64
186 158
59 4
113 95
99 108
227 109
263 239
119 144
219 126
270 97
180 2
189 246
44 158
72 39
101 205
178 260
201 203
136 41
125 159
12 126
182 238
205 81
259 144
233 88
225 19
2 40
156 92
220 86
168 140
28 176
191 94
102 142
164 172
226 168
61 49
209 142
207 117
36 37
149 245
20 180
265 207
83 181
40 93
49 261
195 9
149 215
91 204
97 127
269 236
45 259
177 197
235 226
166 242
237 180
2 42
212 97
38 215
149 118
221 181
39 138
94 44
96 152
170 221
8 2
181 98
73 179
135 260
161 84
200 24
266 37
183 78
132 239
65 107
159 223
80 89
96 265
230 111
93 145
247 269
99 28
221 237
8 57
52 38
162 43
70 112
185 66
205 264
228 159
155 80
117 246
149 150
91 247
43 142
137 16
150 152
109 60
95 42
225 74
26 74
147 129
186 209
124 214
256 253
216 266
153 180
7 146
14 141
129 149
29 115
20 128
173 78
199 89
268 238
48 187
128 62
90 252
34 64
194 79
245 50
240 214
47 230
0 8
69 55
237 254
89 98
197 59
220 95
152 137
101 229
164 12
261 64
17 8
266 55
21 191
86 226
130 112
174 209
27 88
0 118
203 161
187 104
110 1
81 37
140 268
262 96
235 255
80 270
74 98
110 46
198 175
246 244
78 215
93 269
11 240
39 155
144 201
20 106
247 126
100 94
139 79
63 66
47 33
219 239
29 33
106 79
146 33
254 26
223 230
40 205
29 157
138 250
95 68
178 213
29 65
55 189
268 80
261 225
110 232
199 48
3 158
60 136
251 127
3 114
26 26
262 31
168 52
136 128
98 63
151 136
266 255
193 231
161 248
268 251
217 133
248 239
60 213
114 91
198 27
177 98
189 70
101 50
255 6
227 37
65 81
92 63
79 155
87 80
101 90
240 106
62 250
185 197
161 255
268 20
120 85
215 96
64 46
187 230
96 8
198 239
230 64
172 208
1 114
260 86
43 181
140 108
18 64
128 249
132 19
165 203
139 20
58 221
227 132
113 164
12 208
51 46
211 51
270 125
8 68
9 135
187 38
244 18
26 127
72 74
25 47
264 259
150 213
95 29
210 208
268 85
158 246
248 173
115 245
128 46
242 112
240 34
99 114
165 158
139 98
152 168
167 20
64 105
170 100
106 50
110 133
258 187
130 207
65 117
242 244
23 84
66 207
9 207
16 27
25 23
179 234
227 128
37 90
210 27
106 151
84 56
214 4
45 183
201 145
167 255
69 170
171 77
171 92
21 54
61 258
170 241
76 231
153 49
204 260
260 259
38 153
186 145
178 215
207 159
29 60
129 91
55 206
109 80
16 254
101 71
219 80
250 117
237 223
163 201
55 79
96 237
195 268
83 221
169 91
263 144
246 68
110 223
263 130
91 134
155 78
171 47
269 40
255 160
62 129
198 77
64 189
257 94
258 4
167 88
220 73
161 204
127 227
230 77
85 224
222 171
65 228
127 131
80 241
259 73
112 32
135 124
25 28
85 1
269 141
222 130
135 200
145 223
114 29
5 145
63 229
226 33
211 113
97 197
154 164
216 214
38 204
182 266
223 259
265 178
9 261
245 5
161 227
261 144
191 69
153 255
246 98
132 243
158 241
270 183
242 122
142 18
123 200
1 197
169 240
32 199
195 131
76 179
93 98
181 115
200 233
19 31
198 249
140 65
187 207
261 126
266 65
197 111
267 76
182 119
67 187
234 233
169 64
204 195
10 232
253 218
219 70
264 149
147 90
226 145
24 0
170 158
