101 212
98 150
79 107
83 149
201 176
255 269
145 239
204 90
148 24
15 149
239 124
268 140
203 167
216 165
178 41
105 127
261 244
101 107
103 54
145 97
125 63
120 115
193 146
263 120
82 18
112 26
208 226
215 267
131 243
124 83
171 263
71 79
106 239
102 243
14 119
1 105
222 257
117 120
193 40
118 92
181 241
30 31
22 180
173 210
261 152
118 258
267 21
164 211
49 237
239 36
78 3
193 219
116 1
244 208
70 11
18 9
52 56
257 7
241 110
202 156
101 219
212 193
184 67
129 191
194 171
78 58
264 39
157 220
97 40
56 9
149 61
218 84
1 231
101 259
4 101
195 123
234 201
166 176
75 148
265 260
194 160
192 255
153 22
39 252
9 14
45 18
159 127
113 159
105 41
35 144
159 254
143 96
232 198
57 79
176 157
187 162
259 37
168 7
26 90
208 169
95 173
26 236
167 68
257 129
223 52
72 157
211 49
156 151
182 71
229 18
155 157
172 2
263 268
262 15
55 98
68 0
82 52
254 184
241 202
134 40
19 22
52 89
43 202
194 234
81 120
142 188
101 239
123 244
60 182
17 70
116 151
108 43
250 71
33 226
244 83
206 209
9 50
240 243
174 61
261 127
144 120
176 108
69 51
130 245
16 76
263 166
62 104
156 116
268 155
236 179
206 6
51 95
98 236
118 147
114 202
20 213
137 38
62 149
246 203
180 269
67 269
119 120
125 161
134 171
244 106
1 235
160 53
199 82
50 125
107 79
257 196
217 38
62 139
202 19
65 261
74 70
113 114
234 123
245 47
4 19
46 147
35 154
154 151
19 215
259 82
28 131
117 190
94 29
121 23
9 46
232 63
268 213
218 82
79 183
257 194
235 211
162 195
204 145
21 68
62 58
215 29
217 169
256 200
24 148
13 197
231 136
148 109
233 111
79 168
177 5
154 0
180 32
14 38
247 12
159 129
168 116
34 262
128 117
49 217
196 14
25 129
114 259
165 167
210 198
16 31
119 170
179 248
184 204
227 30
69 21
246 98
268 76
78 56
244 123
1 56
34 18
177 155
138 186
228 163
31 183
209 214
118 152
227 76
68 62
247 115
1 125
10 206
64 215
222 240
14 216
143 22
37 226
31 67
200 205
137 196
14 32
234 205
26 130
169 22
255 155
96 150
52 215
262 67
201 99
61 79
207 244
223 235
156 104
1 156
259 190
202 234
112 173
179 262
68 206
194 179
36 172
239 120
127 6
6 233
212 246
192 181
245 121
33 217
139 133
76 194
6 15
7 71
38 17
39 50
83 246
7 96
43 231
77 120
230 199
185 27
136 19
130 40
71 73
116 259
153 46
54 224
254 51
26 188
102 255
242 246
264 41
264 206
118 122
122 70
189 117
18 224
211 148
50 192
235 136
40 163
216 112
114 193
100 200
233 1
76 7
168 177
73 149
88 181
100 86
158 150
134 53
139 55
179 16
195 237
198 99
162 13
39 22
151 268
77 221
47 68
46 14
107 122
14 196
59 112
119 101
24 105
184 14
106 46
242 18
118 66
173 188
104 87
73 250
74 90
219 86
160 57
118 19
109 79
134 239
260 248
133 112
42 40
27 144
105 129
18 166
149 7
263 153
208 66
242 13
47 18
257 90
55 111
104 96
235 228
95 50
242 174
54 115
190 232
49 221
114 174
96 75
25 79
81 229
105 255
184 19
193 23
53 95
206 267
30 258
109 130
135 63
118 68
107 237
16 216
216 83
31 199
258 134
237 0
11 260
46 126
153 195
150 177
220 209
85 57
211 130
234 28
216 206
6 190
55 76
192 235
224 148
209 49
208 222
235 111
246 111
113 131
159 18
54 127
92 214
207 132
7 12
237 29
64 25
210 246
81 265
72 129
105 162
171 151
47 170
196 10
197 4
56 172
83 41
163 4
266 6
145 34
137 250
263 59
66 2
16 92
264 221
51 8
194 111
120 69
110 4
72 119
112 225
17 226
139 112
197 138
166 85
115 243
59 250
21 177
69 55
135 74
225 130
117 169
180 39
96 143
103 198
264 57
161 138
239 190
246 45
27 49
261 116
193 91
154 38
15 2
218 151
165 77
249 127
4 210
128 98
52 28
44 67
185 196
117 242
121 214
51 267
137 112
37 131
176 64
84 58
14 92
222 88
169 53
243 4
267 14
186 145
7 44
213 7
69 99
139 270
265 181
132 239
163 110
146 183
112 246
231 31
43 112
101 128
185 72
50 130
8 133
105 54
34 153
83 119
214 165
48 51
165 66
5 187
246 157
235 86
154 69
172 234
269 178
120 255
179 69
149 228
81 215
130 163
44 230
67 234
78 223
55 162
170 253
45 228
174 197
110 64
89 212
96 7
258 73
254 163
42 269
16 74
111 194
260 18
28 195
117 116
28 129
158 113
22 251
159 125
150 78
89 150
54 37
100 26
136 53
256 50
114 186
52 30
269 166
173 57
53 119
140 219
94 11
107 90
165 43
86 85
116 87
95 234
120 34
64 29
63 130
165 139
268 83
103 212
262 266
27 67
11 199
269 29
104 242
104 207
91 54
191 60
264 64
259 90
232 122
60 229
187 181
184 200
215 190
243 254
63 235
100 256
231 267
62 60
10 270
140 150
64 61
155 122
197 63
67 31
170 51
203 53
143 32
65 191
38 219
250 113
150 162
231 110
14 169
235 35
107 265
227 162
149 46
122 164
139 41
193 238
84 53
61 16
146 142
45 186
262 150
210 210
227 17
182 131
110 76
246 9
148 223
59 79
225 38
26 65
206 51
111 17
149 157
142 219
161 233
83 14
144 256
207 0
212 73
252 50
247 78
139 65
225 20
40 87
87 111
28 190
198 45
193 127
129 94
18 83
78 154
181 156
223 116
208 212
87 183
167 206
2 16
235 236
266 156
59 23
89 78
67 229
149 256
187 193
166 210
106 131
113 155
9 264
21 169
53 52
115 269
246 6
89 34
68 35
80 213
105 2
16 254
264 18
74 184
240 141
248 84
85 102
229 38
22 143
81 74
2 229
42 239
240 51
76 53
11 254
209 141
256 81
6 97
224 183
20 67
40 57
243 35
197 72
30 107
113 70
147 84
236 28
56 57
256 62
126 114
4 267
50 29
112 171
99 68
150 164
167 169
102 26
241 30
92 24
192 81
125 35
129 152
171 65
242 136
73 131
19 103
247 113
214 221
186 86
15 171
130 97
228 148
263 123
62 45
134 159
129 92
93 268
206 37
57 159
62 26
60 148
229 14
260 99
260 61
86 181
45 173
24 35
100 7
102 241
187 124
37 164
208 262
166 157
98 70
132 92
210 182
222 163
138 135
8 191
181 262
31 77
21 104
189 238
101 25
215 103
12 167
114 157
66 0
261 240
178 123
37 116
199 49
15 117
29 163
167 208
248 152
61 113
154 73
58 183
60 60
257 59
54 188
183 124
14 0
163 139
247 86
38 249
6 229
87 194
233 177
117 36
124 130
200 84
24 203
230 8
31 250
111 228
118 154
28 31
116 146
106 71
248 38
236 162
162 209
61 232
113 58
11 1
217 75
146 58
123 95
91 166
199 36
180 158
173 187
253 144
121 191
268 78
72 213
92 120
128 90
52 268
42 60
251 222
123 37
12 137
28 61
148 153
217 240
127 170
205 184
69 208
111 108
268 94
177 231
268 96
218 80
10 192
135 169
136 17
149 107
39 161
6 249
49 235
249 245
123 35
137 174
132 261
270 33
103 50
135 3
247 223
35 39
84 227
19 49
247 249
87 89
179 88
217 200
224 163
112 193
133 21
214 107
178 174
261 209
26 178
210 268
116 121
237 135
232 89
60 141
200 229
163 202
155 148
98 224
204 248
223 73
67 109
106 142
77 28
113 129
143 132
151 66
143 238
242 183
55 11
105 257
144 30
213 267
34 203
66 233
33 213
40 219
136 248
205 53
209 224
66 250
203 236
172 91
83 215
100 70
166 141
129 244
84 7
142 112
216 32
115 16
30 248
254 254
170 24
260 234
110 132
114 38
163 15
9 251
162 140
77 232
94 52
8 75
177 58
3 161
195 158
81 156
118 234
239 198
188 246
240 268
225 126
186 248
89 175
262 114
209 167
212 70
95 154
20 251
205 192
243 206
18 187
22 27
263 151
91 40
76 158
254 45
165 143
181 118
81 45
80 166
169 236
78 101
188 170
135 55
51 270
12 268
161 4
79 232
246 2
222 253
24 174
254 92
174 109
17 148
193 54
159 93
71 135
223 77
63 112
37 82
33 104
87 224
195 127
101 152
134 98
214 98
261 58
116 257
15 85
25 127
136 160
34 151
107 41
128 264
220 6
44 86
63 261
209 29
243 87
26 234
175 136
19 151
171 144
11 157
54 88
256 203
124 163
49 213
216 7
52 34
185 250
202 89
177 262
196 206
204 160
15 39
181 98
128 260
153 165
151 165
178 92
106 92
255 248
70 7
6 268
41 53
216 135
246 242
179 210
105 265
36 66
5 114
22 11
76 26
86 124
246 222
257 104
234 66
47 77
169 60
117 160
211 53
141 248
39 135
85 15
240 80
229 104
24 88
77 147
56 174
120 148
225 16
155 159
24 4
125 86
193 257
211 9
104 209
18 34
90 152
231 105
179 241
186 16
26 217
29 35
137 229
63 79
106 16
162 160
54 39
36 126
166 161
127 75
259 209
73 21
258 211
113 29
68 241
46 66
198 9
76 3
236 198
147 82
49 69
14 220
63 128
65 211
177 88
35 37
192 12
166 64
70 22
191 62
255 197
38 93
78 209
227 222
129 204
238 246
255 132
52 38
220 256
197 48
64 228
69 9
113 231
196 129
61 105
258 75
244 20
13 145
147 200
155 2
45 263
126 229
187 239
75 51
124 225
88 199
240 129
240 215
261 93
89 205
180 86
79 265
88 249
152 120
199 231
265 247
137 148
46 128
110 15
22 217
261 41
93 169
161 260
223 261
81 168
202 130
235 157
198 38
68 258
188 223
82 50
208 51
201 231
15 90
138 40
249 223
19 25
205 164
244 125
210 144
20 26
179 218
125 94
133 249
39 15
111 233
83 121
169 263
143 54
180 163
9 80
24 84
92 131
9 71
263 170
200 86
81 1
19 164
49 223
144 258
117 153
114 28
248 154
90 24
120 74
203 262
253 174
252 236
175 52
98 106
159 24
80 55
231 60
248 40
98 242
226 213
71 92
174 147
82 226
171 90
216 184
216 94
236 39
67 66
19 71
3 148
132 128
166 49
238 122
36 174
142 244
19 85
195 23
240 82
122 216
17 222
184 210
149 28
96 152
215 92
94 146
89 182
40 270
251 17
155 102
120 100
248 203
36 57
245 69
161 55
179 97
14 41
144 142
54 113
76 162
128 74
47 8
186 241
171 128
3 104
35 233
4 15
67 261
140 215
89 26
42 191
38 118
126 57
42 200
116 35
51 48
221 143
67 240
117 21
270 120
85 5
77 179
264 16
265 145
10 242
127 244
111 13
157 126
173 135
244 85
0 96
112 211
210 226
55 118
237 35
8 210
93 173
212 110
182 56
0 116
160 161
210 220
202 258
233 166
205 50
172 114
65 196
90 43
42 126
257 26
201 71
48 49
111 89
38 263
115 10
213 197
29 116
222 228
236 83
78 0
46 191
147 25
224 75
151 237
265 237
149 216
183 206
221 161
108 131
121 57
13 149
140 18
254 143
10 82
228 32
174 18
1 21
115 195
232 270
16 83
115 161
81 67
90 146
15 183
59 152
154 75
186 176
5 76
107 107
233 212
262 148
150 48
153 52
138 11
141 67
27 142
132 44
196 147
158 162
218 8
219 55
167 111
159 29
183 122
201 82
160 140
262 88
27 198
261 63
195 146
208 48
30 130
29 9
244 261
235 138
128 41
74 82
19 69
235 213
63 211
131 241
49 46
149 55
18 51
16 252
81 122
265 208
190 96
31 262
201 137
117 162
39 128
182 205
212 164
1 18
245 156
170 119
112 60
264 147
69 80
173 151
245 71
222 75
76 155
220 150
42 94
244 135
219 121
138 267
45 68
61 100
0 138
254 199
35 67
35 213
94 43
149 63
60 146
73 182
260 7
245 139
188 119
237 189
127 223
120 107
267 260
60 21
260 170
27 215
176 31
262 65
225 59
116 76
33 205
204 234
157 130
205 130
261 20
122 203
86 100
201 227
226 173
69 221
224 110
125 88
238 126
98 12
4 50
241 191
138 215
220 152
131 60
176 66
139 142
196 134
232 211
112 191
241 189
15 239
39 240
182 158
36 254
221 3
0 34
88 123
204 209
181 36
180 209
128 131
75 150
184 130
70 118
50 190
70 86
34 80
165 145
144 112
65 32
162 228
1 215
12 141
252 52
183 262
213 225
118 55
243 209
23 128
181 19
150 227
41 112
53 157
85 110
101 94
78 184
169 65
46 91
140 146
258 197
97 30
174 28
73 76
132 158
24 108
231 149
260 102
128 202
180 55
128 160
22 34
119 17
229 28
234 87
130 157
41 79
176 18
121 231
101 209
21 265
92 129
14 123
23 86
54 222
205 213
190 76
252 158
6 151
152 14
100 242
154 4
127 217
162 146
194 255
151 151
22 175
139 148
242 231
208 254
110 112
139 67
129 188
138 198
47 20
50 265
122 233
10 75
170 267
216 73
131 62
56 6
220 205
14 52
148 163
210 250
265 143
145 199
140 257
92 236
270 140
192 168
48 242
79 121
154 15
226 57
134 96
119 57
220 83
150 254
243 54
0 166
248 6
165 256
14 222
142 140
13 135
7 212
190 223
40 159
68 243
0 78
264 121
166 96
43 90
58 131
193 46
220 79
256 23
13 45
191 29
177 219
37 107
86 142
267 180
6 20
126 162
58 118
115 69
16 187
23 218
129 4
76 137
63 20
237 87
212 220
120 150
223 251
230 56
241 55
129 218
30 79
93 10
51 263
225 260
242 16
28 106
188 115
209 252
156 100
119 243
234 197
161 15
231 160
202 187
215 200
119 132
120 67
45 144
118 192
56 77
4 171
231 120
218 207
159 22
265 135
253 58
105 94
46 237
197 16
86 82
163 194
166 245
112 132
158 152
133 70
9 59
153 39
231 252
255 141
197 6
67 80
68 58
47 107
177 209
145 95
2 111
52 128
262 56
22 103
49 0
231 178
40 114
193 89
153 41
76 170
220 230
211 142
92 143
41 157
67 54
169 255
8 242
260 118
241 108
203 131
249 188
64 234
86 122
197 257
151 17
222 145
78 133
159 59
62 234
8 126
104 92
158 226
202 140
49 9
57 202
230 209
71 75
106 181
83 1
115 115
201 178
223 144
28 211
140 140
257 5
122 130
78 158
29 180
182 192
143 81
94 133
204 55
130 261
2 117
171 67
114 91
39 78
103 1
58 172
121 106
25 2
210 201
32 261
72 202
132 6
181 154
141 14
244 265
148 161
37 128
89 201
18 26
50 93
186 143
131 168
17 81
228 82
175 134
250 152
126 226
83 20
130 91
161 202
175 128
49 96
144 211
4 229
227 248
72 90
203 264
206 78
99 231
262 207
165 151
136 187
122 39
245 249
210 254
38 202
4 162
198 235
117 219
252 188
41 51
162 6
121 21
226 111
109 13
159 256
125 262
198 12
150 239
215 120
78 89
210 66
248 76
70 129
173 149
4 205
200 67
222 255
133 192
130 7
75 182
80 263
170 75
35 164
226 160
88 131
229 249
262 13
173 192
7 52
237 37
149 201
223 180
231 207
68 85
52 242
227 158
79 87
204 103
248 231
30 202
157 244
135 242
86 203
68 255
230 19
264 95
75 131
244 231
37 124
263 42
141 116
10 246
131 227
46 79
80 43
131 191
196 218
134 173
170 237
142 252
81 78
24 37
20 102
62 22
37 206
32 107
240 61
218 73
4 17
222 149
114 150
73 160
245 257
13 156
158 192
264 234
227 59
179 0
72 211
89 55
215 133
120 146
66 227
151 179
244 60
204 33
24 43
257 28
111 106
49 259
227 165
228 41
26 269
32 246
66 263
254 154
235 2
32 6
161 223
187 26
54 86
131 42
245 86
208 171
67 118
83 244
127 262
109 194
60 194
270 42
247 218
234 158
68 53
40 41
47 105
20 12
10 168
160 89
79 105
48 138
227 21
200 186
98 35
148 88
80 51
35 65
70 192
25 200
37 241
40 16
251 175
137 227
116 159
214 6
24 146
112 75
97 49
154 115
77 172
115 52
10 84
233 251
158 100
140 135
193 204
236 245
68 89
82 48
175 188
237 160
59 75
231 13
191 145
211 266
199 17
35 207
179 35
64 194
216 34
65 209
50 127
255 90
149 225
31 213
189 182
68 10
53 11
204 6
253 224
241 128
70 120
169 159
202 4
65 200
103 85
209 244
236 234
181 231
122 99
227 27
180 65
242 52
133 126
265 120
26 213
181 188
152 241
151 6
198 205
24 187
225 185
183 2
203 102
256 198
142 12
69 269
38 251
28 78
47 140
261 190
118 252
244 229
212 108
195 132
234 4
149 111
170 176
122 60
268 22
97 113
126 87
70 59
270 57
139 265
171 209
39 52
269 116
254 188
33 12
42 38
120 152
269 63
220 23
95 141
36 68
11 239
162 129
149 181
193 183
102 206
119 262
33 149
10 133
263 93
199 203
14 194
242 49
22 13
120 59
83 230
137 263
167 155
23 231
137 31
203 181
168 120
40 39
113 233
223 161
192 28
117 171
167 246
0 74
68 260
220 142
153 229
123 128
135 58
237 40
218 6
266 190
105 124
146 31
226 47
181 125
168 50
43 157
81 131
58 235
126 59
99 196
197 46
207 269
190 143
161 109
163 115
167 16
37 224
175 60
56 223
47 151
159 193
163 255
106 263
258 201
266 19
71 9
183 155
214 117
95 67
181 213
9 44
108 88
60 18
31 28
11 169
215 167
241 209
43 13
69 131
100 254
81 91
242 142
229 255
13 90
200 130
97 228
47 4
79 220
94 131
213 115
18 68
47 1
74 191
67 231
234 113
39 113
238 89
15 218
140 199
207 53
215 223
148 90
203 202
183 17
258 130
114 247
85 261
102 92
189 163
60 225
31 9
116 172
183 88
124 165
182 269
244 93
62 147
130 110
31 149
185 118
33 78
155 267
212 222
77 183
2 58
136 135
133 100
153 149
247 246
108 126
166 121
221 206
148 267
157 102
254 49
199 236
25 109
41 49
60 223
164 8
163 222
68 83
245 210
150 142
19 183
213 96
114 223
154 51
185 125
132 160
35 258
167 98
241 47
120 130
154 121
167 239
110 210
52 176
148 113
240 266
91 248
127 4
91 198
136 124
226 35
100 88
218 34
193 2
48 261
33 16
236 192
163 113
238 162
41 202
167 256
129 76
152 105
65 231
221 250
208 181
199 40
33 76
158 219
195 62
244 142
72 181
61 174
160 210
132 186
37 15
234 268
109 174
148 44
70 19
165 114
57 153
3 102
0 210
33 10
262 32
46 269
147 180
270 231
244 104
107 50
149 34
17 264
168 156
10 68
113 269
10 73
210 166
146 23
15 53
66 26
184 132
197 237
33 146
160 87
126 33
239 109
8 98
212 268
189 75
13 121
27 146
71 204
64 207
254 225
191 113
31 11
197 204
64 31
263 245
114 75
107 177
261 100
211 140
197 211
237 227
46 178
91 32
83 117
96 184
147 228
152 80
242 208
162 206
62 215
204 211
153 20
95 69
152 266
56 59
257 144
243 109
142 146
248 251
256 157
22 264
21 32
62 47
88 81
136 131
254 23
31 145
85 146
254 252
185 155
99 44
21 151
101 90
25 141
108 173
253 102
114 31
240 184
99 229
80 157
245 8
46 172
60 63
267 255
89 217
33 28
185 239
19 52
188 97
37 36
135 195
63 196
120 212
238 258
111 29
80 231
265 264
171 236
82 69
1 94
14 261
13 84
236 196
209 196
58 114
251 189
39 206
32 215
43 118
38 39
139 217
232 107
95 116
223 96
18 21
127 225
54 190
219 37
141 198
180 175
144 79
170 113
46 74
103 155
186 14
129 216
96 12
28 193
223 227
189 184
202 103
146 87
227 152
211 168
98 8
246 254
192 223
47 168
221 92
26 114
113 206
138 188
167 91
178 3
110 224
80 18
93 66
80 57
255 186
175 220
123 199
49 7
42 184
147 202
82 263
150 30
193 61
22 90
31 65
156 82
93 238
20 168
197 269
150 25
246 41
88 112
10 194
172 198
141 133
190 102
1 213
150 155
27 80
67 113
233 206
42 237
129 63
112 187
91 205
60 227
12 258
246 123
127 58
42 73
102 47
232 5
74 37
25 35
42 114
25 197
217 36
30 178
76 235
152 23
209 64
239 200
65 246
65 193
4 96
227 109
176 146
145 187
167 243
87 97
189 166
140 45
215 137
133 61
44 268
57 61
174 93
160 188
266 42
194 268
111 28
57 50
6 186
163 224
233 160
238 214
225 258
1 103
118 47
137 55
120 19
225 134
269 61
57 76
157 22
265 170
24 66
260 92
5 150
11 251
28 65
202 146
244 62
198 217
71 21
30 211
253 256
89 194
47 220
242 61
0 202
77 131
162 54
176 29
60 234
4 74
39 105
90 196
265 81
95 111
30 148
203 183
38 253
132 237
229 150
250 125
0 60
24 6
216 25
66 150
266 220
254 21
220 57
147 213
266 17
166 76
259 153
152 227
219 0
50 31
93 114
189 124
115 206
258 92
61 145
54 94
188 228
209 1
260 205
105 177
172 218
167 78
260 263
244 66
150 266
97 226
267 144
141 142
107 3
246 51
138 248
164 205
199 179
54 9
260 88
238 252
143 16
92 168
156 246
217 182
161 157
9 95
168 175
221 1
43 71
232 234
89 208
241 206
167 21
234 270
147 33
185 37
34 7
207 183
86 55
17 240
103 129
199 97
109 206
126 266
155 40
64 249
43 193
244 18
228 34
240 253
90 250
171 0
23 140
25 125
227 19
216 204
191 167
112 92
135 133
136 110
251 100
263 223
32 132
79 165
139 197
64 140
94 167
25 67
195 3
176 54
61 131
10 258
260 9
37 230
23 178
74 7
142 223
78 54
112 90
38 41
0 107
174 91
51 236
136 108
133 251
75 175
202 176
144 201
259 155
49 48
186 192
100 9
58 206
9 248
84 147
100 106
157 93
193 158
178 65
158 89
152 213
40 156
164 195
148 177
27 34
74 93
159 55
107 211
12 119
244 184
30 181
2 20
101 199
153 2
116 265
29 37
213 187
200 250
169 209
67 34
242 253
133 122
44 185
267 79
45 169
98 197
264 257
12 92
166 216
36 118
193 57
165 197
16 66
75 146
268 176
227 179
269 203
236 215
211 270
105 211
134 18
248 42
142 131
17 90
100 228
229 60
32 187
53 225
27 112
53 221
257 269
103 184
169 34
29 145
131 225
177 249
201 63
126 61
122 201
48 270
111 62
46 184
5 116
155 23
238 199
192 217
144 131
203 88
60 249
176 110
201 157
26 202
144 208
180 211
261 261
29 27
98 42
52 156
178 125
168 82
158 84
194 169
97 263
41 144
2 36
258 102
32 147
129 42
131 263
263 248
197 59
23 176
133 54
114 204
35 106
67 208
247 161
146 92
57 237
79 72
24 90
7 132
75 160
168 64
35 205
211 13
171 187
20 50
52 124
94 106
182 66
92 199
243 14
168 18
144 98
225 150
214 155
222 94
142 114
107 94
32 13
91 88
6 54
94 110
152 193
40 137
246 153
57 53
236 225
88 196
87 114
207 185
268 256
107 144
30 115
84 248
98 10
91 246
270 235
93 230
266 40
51 222
218 183
265 222
33 14
212 101
220 240
48 246
201 163
183 265
193 185
263 240
77 25
194 72
168 215
38 215
8 54
74 3
161 155
207 130
125 96
150 82
219 232
145 111
179 255
103 165
147 111
78 17
81 246
153 160
37 50
53 87
111 205
176 56
183 99
53 223
166 79
178 163
217 71
116 194
142 208
60 150
24 144
43 11
220 183
141 270
96 267
270 199
246 77
227 233
154 117
128 85
65 113
174 251
31 63
35 131
249 96
198 155
115 71
222 117
82 123
62 250
239 101
96 186
29 11
221 96
41 241
237 223
142 190
115 263
261 44
183 128
4 226
135 70
168 23
160 192
109 234
210 101
45 9
19 265
169 62
238 66
37 245
96 105
176 38
212 11
58 63
114 56
196 208
127 138
117 100
0 29
149 236
98 182
111 207
26 78
239 223
145 81
123 26
49 34
228 123
90 207
211 257
60 119
210 169
121 102
141 65
42 120
11 72
93 235
16 29
255 189
214 94
177 135
182 153
172 37
156 84
147 57
149 149
60 6
32 249
78 244
94 8
103 94
1 30
237 191
108 96
149 268
95 65
262 246
97 51
217 198
85 144
61 23
22 167
141 224
157 156
96 5
238 225
208 246
24 189
102 14
16 167
68 47
247 49
139 247
47 70
225 197
148 94
69 174
269 108
234 234
240 257
90 120
49 94
194 42
119 251
38 175
175 36
173 143
207 165
27 230
198 70
174 130
227 144
70 157
161 177
269 233
152 37
253 100
137 118
169 11
89 80
245 95
234 62
258 191
103 157
138 1
16 169
188 142
65 175
158 246
212 26
170 49
116 96
195 41
53 8
60 98
102 221
175 74
135 67
162 88
187 117
34 54
134 194
17 106
268 31
53 117
10 93
54 33
6 8
219 68
253 18
88 83
88 17
67 175
197 24
115 266
57 151
145 177
211 30
205 101
169 154
148 138
122 25
240 187
210 227
167 140
52 213
194 129
196 108
213 189
211 96
183 240
165 45
126 246
166 212
234 191
8 130
179 265
57 161
66 198
170 117
147 239
141 148
109 105
24 217
210 51
120 165
267 184
210 3
135 31
226 223
157 59
236 257
157 80
151 41
212 138
65 106
88 192
257 132
152 251
164 203
188 226
7 195
166 19
123 24
203 158
148 184
166 171
33 189
131 111
3 52
93 68
95 247
81 87
259 35
39 165
128 115
148 248
259 232
31 143
266 154
124 132
22 270
131 101
50 27
109 188
131 253
197 159
83 5
135 100
70 243
1 139
55 152
125 37
64 87
8 3
118 218
148 265
143 144
90 122
269 59
71 95
139 15
96 64
137 65
238 266
116 18
116 186
190 94
82 102
179 239
110 222
33 8
176 92
142 210
152 50
20 10
166 214
208 194
37 228
251 217
243 245
89 97
195 212
262 8
140 187
140 204
98 185
225 211
5 231
212 195
110 172
163 207
64 213
0 158
170 185
92 28
42 195
79 74
49 106
87 205
56 204
49 187
165 97
3 186
130 208
261 86
44 183
74 72
228 180
208 145
145 221
14 143
16 89
170 13
93 166
99 244
62 99
160 32
189 224
247 16
221 238
199 143
81 217
76 181
77 30
148 81
115 245
20 100
113 68
52 26
268 205
90 142
84 263
72 192
77 149
122 68
49 168
167 236
41 118
108 224
62 107
38 178
186 211
180 233
265 152
141 22
68 120
141 250
228 36
100 198
109 2
246 143
179 134
214 246
5 190
269 185
74 54
117 12
55 160
173 269
46 142
91 201
114 35
14 83
229 251
182 58
247 36
241 45
113 11
7 193
234 252
100 240
193 93
63 16
45 171
256 173
49 5
105 0
119 85
104 16
217 167
84 70
36 133
109 44
254 172
129 220
173 128
229 152
98 118
78 129
67 64
183 126
136 185
228 199
147 186
61 159
80 49
155 71
215 36
31 180
226 171
77 195
65 185
63 62
155 129
98 141
166 14
199 3
248 160
209 269
91 126
247 95
71 52
249 249
152 1
224 213
267 186
48 73
62 18
65 189
147 219
142 257
129 130
223 92
133 42
62 137
36 264
127 62
210 70
209 200
114 93
23 266
132 245
184 120
33 164
89 114
27 270
48 30
192 205
219 88
106 207
191 221
29 46
191 184
159 20
177 16
214 101
159 178
11 196
198 68
13 43
256 184
12 193
136 172
205 244
263 238
20 28
177 159
11 44
125 136
35 244
237 124
58 204
220 135
269 15
256 134
43 154
164 47
155 59
130 264
172 147
237 85
148 31
32 182
163 142
204 36
158 188
259 120
175 240
24 103
98 15
47 95
242 144
134 131
89 36
234 34
177 161
197 109
162 192
101 49
135 263
269 74
227 211
92 152
59 158
188 126
4 117
261 165
80 181
39 20
172 63
53 0
191 72
89 141
137 269
72 7
91 174
60 205
12 223
144 109
82 147
75 231
131 170
192 73
248 189
27 150
33 144
18 213
267 232
167 10
74 22
58 41
269 136
232 209
260 29
103 258
195 219
11 135
269 180
261 6
116 20
110 109
104 146
20 166
68 253
227 255
0 197
46 241
235 160
40 248
174 30
64 142
116 48
64 253
83 87
172 221
41 161
207 265
11 45
100 202
143 224
108 48
228 118
159 186
168 85
114 0
233 189
1 32
256 0
123 124
101 28
242 172
192 143
73 215
269 112
214 119
8 193
211 214
135 60
144 89
54 6
55 100
62 224
239 270
261 255
64 136
78 174
79 1
252 153
233 65
36 262
201 16
224 257
223 215
151 181
260 172
233 228
224 71
178 157
61 75
123 162
103 200
7 94
145 122
66 62
0 111
258 207
170 126
231 165
194 148
17 79
222 223
180 15
140 266
198 32
255 182
209 68
48 129
162 234
246 240
22 262
48 191
231 17
140 11
168 172
158 222
22 7
40 18
54 206
62 198
175 4
102 188
166 93
14 30
128 164
185 88
5 206
238 244
89 153
89 53
36 6
155 196
101 226
101 184
151 195
143 250
56 40
7 6
87 153
258 168
159 158
63 192
221 73
150 138
88 133
189 73
37 232
16 119
209 31
213 244
3 191
66 111
76 223
228 55
71 249
233 235
24 101
204 79
45 88
67 116
93 31
58 147
166 252
68 186
55 8
17 23
13 54
135 269
140 54
17 55
94 143
33 81
67 190
118 254
21 215
81 250
146 99
24 113
130 155
182 4
139 173
203 165
62 28
166 99
174 24
194 259
133 175
173 36
21 86
71 220
203 238
90 113
39 116
229 120
208 250
197 106
47 75
256 88
3 189
184 202
101 68
16 262
208 26
55 96
134 135
31 105
54 56
196 140
70 61
166 119
173 67
222 260
9 240
13 114
220 94
174 221
102 180
168 114
86 17
105 133
159 123
53 204
28 188
81 261
258 88
136 168
134 124
102 23
153 257
94 200
154 193
130 161
183 39
51 224
83 222
130 112
99 84
100 14
177 215
115 33
219 119
13 125
135 117
137 29
89 119
262 263
190 125
179 252
204 63
254 104
6 75
104 71
104 131
138 228
31 201
64 187
36 252
228 48
182 68
106 261
177 1
129 262
63 174
18 89
179 220
12 42
87 56
1 192
136 244
84 103
262 164
16 12
116 14
166 8
126 132
16 37
82 89
152 31
155 194
187 18
124 126
215 115
236 98
213 147
179 250
40 199
236 94
65 63
109 228
123 85
23 229
125 128
78 170
60 139
237 111
47 29
171 22
195 270
74 181
28 268
182 264
225 54
81 233
60 199
214 105
96 107
114 2
233 91
256 188
220 128
238 83
104 186
244 73
196 125
53 266
62 77
247 0
10 137
215 198
101 85
47 232
171 61
90 30
101 178
153 268
172 126
117 261
8 267
45 193
229 208
107 1
15 146
251 224
161 171
88 207
187 74
24 269
41 217
60 77
165 254
68 111
65 44
226 45
192 159
43 261
44 142
144 188
252 172
238 38
218 32
96 163
244 133
80 53
262 230
6 144
170 40
67 43
90 176
270 114
128 113
226 42
25 211
51 54
221 133
32 162
118 90
136 170
37 21
236 267
267 247
38 88
92 43
10 268
144 190
229 10
246 73
259 227
180 190
3 155
229 247
54 177
26 147
197 39
141 41
18 242
151 69
81 5
198 248
45 80
18 238
104 263
122 58
54 101
135 38
182 203
98 61
179 22
7 50
125 138
2 168
165 68
249 37
53 155
12 93
201 88
12 144
178 178
147 188
245 158
61 62
230 114
165 247
132 99
181 88
222 86
27 47
264 14
201 80
2 34
216 208
256 60
70 267
255 255
88 151
102 16
35 264
266 15
71 109
141 47
244 75
193 207
112 64
101 197
160 7
72 97
241 36
152 118
45 78
177 195
145 129
47 97
190 115
223 114
24 45
238 229
157 128
241 63
207 263
100 32
217 96
159 242
231 108
247 117
88 100
232 224
49 189
141 110
210 48
241 211
194 82
117 86
135 177
123 215
39 242
33 201
37 89
72 69
11 95
142 90
222 56
204 4
268 16
119 256
74 140
268 198
79 131
3 173
87 140
30 5
9 156
187 221
155 17
176 3
0 168
138 172
151 140
117 164
161 116
114 113
163 144
163 198
258 261
207 196
109 5
71 210
41 106
184 95
264 253
49 36
34 9
131 221
46 239
38 126
24 25
140 24
182 133
23 23
145 215
73 110
198 108
92 99
217 24
180 30
134 244
28 234
147 159
90 168
11 204
187 156
3 228
114 49
227 250
265 37
57 119
195 70
227 80
142 226
230 32
0 80
132 174
136 267
211 68
150 105
218 122
44 127
133 63
220 69
137 0
47 93
17 85
88 179
70 217
175 195
149 219
82 56
259 93
48 24
224 10
37 243
249 12
256 167
63 265
112 3
57 108
38 58
116 68
225 169
35 242
8 265
8 110
94 129
121 132
100 258
131 5
153 18
191 103
229 146
153 215
80 209
169 25
93 97
160 218
127 206
210 98
66 88
106 179
80 30
85 247
113 37
169 78
29 200
241 197
239 188
122 126
238 269
89 111
136 225
165 116
35 82
91 41
59 252
230 118
26 124
103 152
110 230
177 221
37 171
27 194
191 45
202 204
120 210
261 123
239 31
6 18
124 232
259 249
261 167
109 196
48 166
240 170
208 220
89 45
98 6
24 77
14 137
196 160
123 175
197 127
70 168
72 136
95 238
181 54
37 113
171 216
194 239
13 117
141 217
176 252
192 239
225 143
47 259
48 175
75 233
59 7
262 249
219 133
162 261
211 200
17 72
31 75
41 96
233 204
174 2
125 27
91 164
192 77
141 20
30 176
33 258
96 261
81 179
224 40
264 262
242 85
200 139
246 21
182 116
76 67
208 2
55 116
159 190
243 263
1 200
250 171
222 237
246 258
266 83
115 12
267 142
228 134
216 196
205 237
66 107
139 74
13 147
12 82
259 39
0 22
218 94
149 136
118 74
134 23
160 245
119 72
62 172
68 251
8 246
9 77
255 102
183 197
198 89
265 224
170 261
263 36
192 1
240 135
94 108
21 179
267 207
2 233
175 23
140 235
161 169
10 126
78 103
222 5
225 232
166 81
52 126
232 16
208 28
248 112
114 265
81 14
78 177
76 151
34 188
198 128
191 161
258 195
180 152
188 230
138 13
128 8
73 80
174 144
33 106
38 225
8 257
259 166
32 151
82 3
144 87
45 129
68 171
259 41
116 94
38 54
109 113
218 70
105 148
266 177
60 115
256 143
149 140
203 117
254 235
213 191
10 57
99 116
257 247
165 89
95 231
164 258
97 44
105 175
180 229
67 45
267 204
146 176
258 30
251 186
37 52
162 259
192 26
231 9
240 32
269 27
143 116
27 36
99 226
120 218
193 113
116 144
102 147
140 189
24 267
4 21
259 127
102 257
176 40
245 259
94 74
156 150
268 253
253 90
108 239
147 237
221 53
164 88
178 67
133 170
27 32
36 59
181 169
266 253
46 99
56 221
12 112
263 11
53 99
59 160
236 4
118 2
209 118
186 96
236 230
90 203
86 199
258 9
190 165
31 163
227 15
1 119
112 157
41 116
67 56
245 164
231 11
29 44
157 24
51 88
151 163
97 115
188 248
142 205
206 105
6 95
130 99
212 242
143 56
234 90
49 3
119 232
49 152
98 180
60 259
18 13
239 196
46 234
70 219
147 55
184 76
55 154
168 80
68 267
185 18
177 114
114 148
98 261
169 152
111 226
97 154
33 224
160 159
129 224
255 153
102 52
133 168
44 238
114 234
20 216
263 33
220 41
16 33
71 131
4 159
196 216
63 24
230 148
233 43
214 111
236 155
180 116
79 5
233 3
90 199
85 245
142 79
8 8
214 11
174 40
36 156
95 127
191 124
202 247
101 232
188 179
245 141
227 125
176 233
225 14
99 16
163 257
256 9
149 159
234 203
186 209
9 12
48 142
72 71
109 212
103 162
106 14
110 31
63 148
234 175
190 234
198 238
190 170
187 195
93 171
71 251
2 96
170 153
163 168
245 206
95 171
269 122
70 170
259 203
198 30
128 246
246 43
69 57
135 240
20 253
127 95
230 112
26 228
197 132
41 206
32 185
61 4
4 153
71 179
103 219
164 14
128 88
193 59
257 209
163 170
242 213
137 133
9 244
161 181
88 142
13 154
91 267
30 133
219 130
77 160
124 99
109 0
28 178
245 162
209 184
261 38
96 62
69 109
233 41
77 5
161 144
0 109
148 226
138 45
61 143
9 255
201 128
121 104
84 84
88 24
233 253
234 179
61 54
9 266
225 234
74 213
67 152
95 266
160 229
157 86
98 65
133 188
139 22
220 117
50 214
127 60
249 162
135 16
184 193
255 19
136 98
11 155
254 237
104 256
7 128
147 249
35 11
7 14
149 238
74 158
91 79
211 100
47 143
61 236
117 263
254 47
249 114
118 149
144 58
128 10
197 178
179 122
166 204
22 171
155 21
112 209
175 231
205 117
80 40
173 73
167 66
209 129
242 79
3 206
18 252
103 24
173 22
177 133
200 48
225 251
237 42
264 172
206 90
85 69
135 119
248 219
104 23
146 247
10 111
78 76
246 82
64 138
262 257
180 173
246 75
18 263
58 189
151 167
37 136
250 267
134 128
39 97
126 84
201 183
134 161
213 223
13 95
98 48
63 185
134 157
138 81
138 252
93 148
79 172
80 101
261 82
247 205
173 0
64 251
249 241
215 8
234 64
48 26
69 45
256 95
84 224
223 233
10 144
235 41
198 181
195 216
102 71
180 4
81 20
42 198
118 88
245 112
119 116
45 76
180 120
157 121
205 263
9 6
194 236
182 190
252 184
12 237
141 209
189 106
41 21
12 123
168 92
23 1
200 248
117 70
32 134
221 55
105 151
12 253
213 257
55 4
243 48
60 47
76 184
88 210
228 106
41 231
242 105
234 225
42 17
112 112
115 58
45 70
199 137
81 149
198 219
138 243
47 185
30 260
107 130
93 248
36 111
101 204
34 260
171 207
109 133
176 186
149 26
23 29
181 34
249 16
164 12
58 39
154 57
171 59
74 52
92 122
213 265
79 240
267 135
235 42
126 164
202 161
114 133
136 189
95 113
158 240
213 71
95 148
266 262
189 145
97 117
132 131
195 214
212 227
180 92
106 164
256 251
183 118
150 5
93 12
40 126
219 77
145 224
6 153
262 171
135 21
224 58
187 30
75 196
74 195
132 154
266 182
261 229
250 11
178 57
133 4
172 93
123 97
253 16
39 177
100 180
66 86
222 40
213 9
181 0
56 51
244 33
127 134
6 266
170 234
99 189
122 36
28 161
141 246
53 97
139 43
9 125
100 187
81 268
169 98
236 253
73 248
156 248
15 214
91 212
166 241
208 101
195 25
184 213
265 232
48 28
75 5
207 143
62 97
150 270
149 203
44 155
62 228
177 253
4 168
188 95
59 4
178 176
36 35
182 201
250 193
68 87
128 227
12 202
35 229
155 77
83 217
261 169
222 208
269 8
225 249
100 224
175 192
231 4
39 200
44 125
21 228
150 32
44 266
5 208
118 4
119 87
71 215
32 211
51 139
240 67
162 247
9 204
268 182
246 232
232 179
147 96
63 232
47 145
166 44
40 36
172 200
196 256
192 79
222 213
255 94
236 159
100 83
144 23
242 32
154 214
14 28
192 115
234 155
266 64
239 211
250 269
13 260
3 76
221 215
70 202
93 127
184 86
50 247
66 46
156 57
243 247
157 115
16 115
150 42
152 43
182 86
125 245
240 225
263 243
195 60
102 186
150 65
0 233
0 16
215 31
79 119
215 202
239 107
264 249
156 222
237 187
125 7
58 149
125 9
62 133
73 78
35 217
80 21
192 111
31 223
217 120
134 110
114 188
190 242
267 137
229 108
5 13
185 194
86 112
245 252
79 246
87 102
191 105
169 251
83 268
50 241
203 83
150 80
87 208
231 2
210 242
180 13
245 64
247 4
77 228
21 231
187 250
245 247
8 185
207 64
54 78
55 176
215 192
202 260
34 129
55 158
129 96
129 169
243 68
7 248
39 80
13 40
40 98
189 104
82 224
238 256
81 222
116 89
235 190
112 77
41 77
256 48
96 48
50 33
242 83
123 231
12 243
226 148
245 15
125 264
6 4
181 217
250 41
207 35
182 114
201 25
43 144
94 76
238 136
201 142
11 125
85 265
192 125
133 263
207 103
213 199
70 34
145 83
80 267
23 169
25 143
64 18
77 21
128 208
107 45
227 13
90 210
80 170
219 137
145 114
14 254
10 222
135 228
100 47
78 242
160 13
146 235
54 13
86 263
35 225
115 154
229 178
14 237
20 14
142 58
98 63
206 80
260 31
52 178
135 112
14 224
228 257
207 118
46 0
20 8
161 258
109 107
99 108
115 232
7 55
86 95
87 247
192 75
109 226
221 141
260 67
264 183
106 48
126 11
62 141
106 146
126 202
161 226
34 35
250 155
252 238
268 56
170 190
191 182
93 141
199 106
237 137
151 3
145 213
5 185
81 241
178 190
135 122
237 102
243 127
63 114
47 193
186 231
242 187
270 31
256 130
125 200
33 66
216 246
266 249
247 8
106 126
15 121
211 71
154 269
20 147
183 37
36 55
170 47
36 178
240 173
164 141
239 134
159 154
72 194
262 191
208 62
54 31
162 232
54 200
60 251
80 69
92 250
265 204
169 216
172 112
198 101
225 109
42 36
189 221
67 78
211 4
71 208
151 64
268 6
200 69
99 223
48 127
128 179
258 142
42 182
8 112
174 111
209 8
234 6
200 31
120 216
193 63
219 170
40 250
93 41
75 109
9 235
72 22
195 257
150 44
260 70
201 236
191 3
233 226
9 1
164 160
230 224
114 146
21 182
95 227
48 258
178 87
199 71
93 233
270 55
166 178
22 36
41 12
270 105
202 84
70 153
74 222
152 4
27 116
5 192
179 180
251 117
69 135
145 237
111 239
184 144
19 218
66 90
18 163
127 26
114 54
119 70
114 191
146 120
47 103
200 135
52 32
108 142
196 8
256 159
123 87
192 83
187 224
231 151
218 231
248 72
179 188
80 27
17 214
142 10
35 266
251 57
70 206
30 189
140 13
218 209
267 209
198 246
199 24
267 233
44 270
248 254
194 181
248 267
254 161
133 59
10 142
96 236
18 32
12 195
207 49
63 176
176 114
249 39
112 203
101 223
197 36
99 264
62 194
246 250
115 190
236 6
174 38
114 14
219 124
171 265
117 250
18 101
127 28
167 89
223 170
200 46
132 52
113 267
232 268
15 185
79 78
190 141
253 186
13 218
178 165
232 202
210 139
260 207
71 155
64 183
220 258
48 172
250 159
125 180
157 19
210 113
125 203
122 213
210 25
94 245
134 189
226 167
119 36
144 140
107 17
266 38
171 192
172 75
40 195
116 54
215 150
113 245
125 29
15 78
112 110
96 109
168 237
249 14
57 157
18 253
266 95
266 256
161 28
143 248
270 82
136 56
28 26
5 160
71 253
114 9
70 254
218 39
244 50
222 225
212 166
179 216
126 167
246 96
89 87
151 149
225 161
69 117
74 133
27 28
227 39
6 101
152 48
212 255
194 27
224 132
130 9
83 250
76 135
155 120
193 25
218 204
69 33
108 236
263 225
181 219
87 144
216 5
114 78
125 205
181 123
245 91
261 34
244 110
200 5
233 14
257 205
196 182
118 145
104 163
265 210
196 12
230 167
264 154
180 58
95 32
61 257
5 11
46 265
199 34
131 187
196 180
240 207
234 210
194 0
226 49
194 206
205 88
150 252
229 253
211 111
249 191
147 35
92 244
173 219
179 161
241 264
116 46
166 237
176 199
269 144
167 54
168 87
8 145
175 242
99 204
38 56
47 218
166 159
199 162
229 30
9 132
79 66
48 102
47 10
253 7
114 89
82 54
121 88
87 54
254 134
19 54
262 121
82 231
175 58
178 111
120 193
172 267
193 123
172 39
263 255
130 131
82 219
11 77
172 110
206 63
127 168
142 236
124 178
77 105
263 209
118 168
161 194
216 101
177 242
189 244
130 252
246 17
22 100
227 104
41 135
44 65
5 103
170 115
50 178
200 155
216 154
11 146
102 163
148 79
66 82
148 142
200 101
189 31
208 198
192 170
5 170
145 132
151 215
10 79
183 73
33 207
161 235
60 171
178 90
243 138
257 141
187 178
268 191
194 39
243 12
94 13
38 114
44 138
59 128
259 59
52 192
223 168
106 120
14 167
2 22
250 239
195 109
263 116
104 52
168 46
168 170
78 166
257 136
96 181
200 89
245 218
167 153
119 21
137 41
57 110
164 49
218 57
49 263
211 209
92 133
188 233
179 37
210 256
127 150
42 58
254 60
6 10
199 157
26 145
0 212
207 91
46 51
119 219
170 38
49 32
10 237
116 192
263 97
172 24
115 37
39 231
36 17
224 128
94 236
149 186
177 188
3 200
247 252
6 99
24 82
201 27
217 202
44 114
148 59
80 244
168 48
151 255
87 58
252 59
268 106
70 258
135 174
252 191
242 126
214 152
34 186
91 150
20 58
21 29
134 120
97 32
168 76
121 71
91 216
114 143
171 35
181 134
255 174
97 69
258 172
208 267
248 158
18 11
176 90
160 247
248 221
5 166
50 245
232 200
255 144
226 199
91 141
215 113
177 53
177 94
190 27
55 202
211 115
108 180
246 19
54 173
228 167
130 254
195 90
91 124
156 61
157 124
226 183
177 180
264 43
91 97
164 245
261 11
38 95
231 265
226 55
148 217
119 89
168 253
192 42
19 153
41 14
11 171
12 263
260 81
217 85
82 248
133 38
226 256
244 6
149 179
229 201
203 17
6 158
205 166
179 170
52 10
206 194
122 218
263 261
8 67
23 142
179 159
166 53
159 156
22 268
4 35
201 105
149 83
191 56
67 173
222 51
141 81
175 270
141 43
89 76
269 17
147 225
195 64
262 205
82 213
246 155
205 143
148 221
196 37
72 93
262 9
49 150
3 124
65 48
191 58
9 147
55 156
93 8
52 158
51 216
180 260
22 145
104 254
124 11
239 85
35 78
59 20
49 194
84 267
93 77
180 132
95 264
92 30
138 150
219 25
178 186
221 168
152 239
150 67
179 53
51 37
17 255
48 92
238 91
29 213
251 15
111 70
213 13
78 230
90 180
106 173
248 10
10 262
11 81
200 73
167 42
77 1
108 210
129 154
27 192
182 21
26 37
150 109
222 7
158 160
174 126
17 185
229 58
123 205
185 29
61 196
106 236
108 15
42 137
22 253
113 170
79 176
75 228
116 73
60 134
268 81
97 230
252 98
163 200
85 59
249 77
159 220
243 46
159 91
35 16
21 164
32 203
215 244
185 266
50 50
49 104
130 152
220 8
136 200
139 110
136 120
266 235
146 181
252 177
257 82
170 171
220 207
195 81
131 207
112 15
19 185
12 116
178 172
255 58
268 115
258 61
111 128
107 97
258 71
248 124
42 87
134 268
239 111
135 167
162 211
46 101
227 231
39 154
33 184
121 244
173 264
89 40
49 219
2 74
153 197
253 20
214 109
162 8
179 178
165 10
198 134
102 208
153 180
175 16
186 67
88 121
164 241
79 19
119 118
36 246
196 91
48 99
213 240
121 220
239 47
105 144
159 114
237 232
55 60
237 31
74 136
202 229
180 20
161 128
227 146
214 193
170 183
181 73
63 109
24 27
264 191
7 235
160 130
168 210
147 157
2 159
196 169
87 212
246 125
253 152
119 103
14 115
269 210
72 99
67 188
56 112
129 222
249 35
188 242
259 193
259 11
217 114
50 35
148 182
221 254
87 79
261 60
180 256
238 100
182 212
107 171
168 126
99 260
143 111
146 189
20 162
199 80
96 201
114 60
142 109
65 173
263 63
223 142
50 138
111 231
115 170
173 59
99 211
261 120
168 12
236 122
113 195
176 126
63 75
27 110
62 135
183 199
143 129
60 58
104 150
231 41
107 270
16 123
129 6
79 28
147 94
45 90
230 106
193 4
123 28
46 150
99 51
82 22
257 165
164 158
61 109
10 249
174 113
124 228
76 139
222 147
207 30
72 159
55 55
44 200
45 258
59 170
192 44
34 215
6 184
242 66
131 219
43 76
43 81
261 259
243 140
219 181
110 26
72 218
102 182
153 77
190 44
203 64
81 41
241 106
244 137
78 181
91 148
168 36
147 86
62 248
126 116
230 116
259 168
87 15
42 0
161 113
83 68
172 190
39 91
38 261
87 37
31 7
221 252
13 171
21 24
210 212
258 81
59 185
188 177
74 229
69 155
233 30
75 24
139 214
76 153
198 136
204 115
216 238
107 175
69 78
187 28
164 179
113 107
72 35
59 144
252 46
46 72
72 54
251 69
167 160
204 259
16 51
90 192
129 268
125 176
94 112
29 77
14 3
76 89
106 43
259 100
66 28
45 232
73 5
184 191
138 225
181 38
142 45
178 264
198 5
1 44
198 28
170 222
133 72
218 242
100 221
234 254
86 104
64 22
216 122
21 255
38 163
237 2
225 179
213 49
220 39
144 236
211 64
74 138
246 230
155 19
180 264
135 183
179 33
33 37
41 128
183 218
132 156
113 149
4 164
222 112
41 197
16 238
74 193
3 193
60 132
236 120
194 13
214 26
27 76
145 249
27 63
18 75
236 90
4 112
214 196
41 19
192 71
22 5
31 225
72 81
169 174
200 141
73 91
175 150
119 164
209 4
114 172
228 46
68 60
181 2
260 74
101 162
49 140
91 77
125 140
121 38
106 96
176 250
221 68
17 87
264 66
38 173
260 230
147 178
61 230
112 147
15 263
178 31
170 111
178 55
159 27
205 64
165 199
221 230
154 119
236 96
94 164
100 154
176 62
182 267
108 241
73 233
36 163
64 27
231 15
127 136
264 266
147 27
42 139
234 250
44 92
44 15
27 163
229 135
8 57
122 101
32 30
68 115
195 47
241 193
186 264
206 4
188 15
141 56
29 150
159 249
29 160
238 209
90 214
215 27
26 24
246 62
150 23
28 38
243 64
223 229
12 270
22 66
125 198
194 11
62 199
165 239
193 144
195 5
102 87
216 242
151 46
177 240
105 165
130 159
210 222
252 226
38 129
92 75
106 52
219 168
204 51
25 61
252 48
263 204
78 156
185 74
41 89
46 25
261 36
249 0
170 178
236 269
259 104
169 128
78 68
40 95
49 170
213 5
142 234
161 179
72 206
214 33
249 70
9 208
126 178
46 261
174 194
80 207
18 73
226 123
165 153
259 28
48 240
233 137
269 21
91 111
170 36
182 260
138 245
181 258
252 22
74 162
115 261
201 251
0 123
8 270
36 40
257 233
123 177
19 105
91 26
72 217
142 259
270 214
211 7
49 215
117 118
70 36
159 169
36 152
228 57
230 122
110 235
8 183
144 41
128 162
211 191
74 129
23 215
34 5
141 144
211 240
252 160
215 225
78 26
138 53
17 165
179 124
232 7
223 54
265 94
10 253
259 63
50 176
208 210
270 19
255 86
241 34
248 2
17 183
225 221
35 104
248 156
37 105
44 191
190 107
236 33
77 234
52 130
141 221
101 189
78 23
116 50
198 207
262 84
192 269
128 166
254 227
194 9
109 204
176 112
123 22
223 239
143 221
158 31
180 171
174 65
105 122
36 53
113 1
185 97
269 208
34 247
238 27
198 141
99 49
146 223
104 240
191 74
6 130
268 138
86 210
241 195
264 177
13 139
43 79
36 215
174 190
104 14
232 29
43 88
153 71
18 181
158 87
262 125
254 170
30 29
168 217
166 46
6 210
77 175
245 263
5 6
71 77
83 228
6 69
15 139
208 37
117 256
47 6
261 242
34 166
214 73
192 95
140 207
215 71
130 185
112 9
193 254
58 6
60 50
224 112
83 145
224 222
159 244
67 245
103 73
163 90
21 54
228 171
126 112
269 237
268 43
60 104
211 189
29 48
48 234
51 52
84 18
127 204
118 34
131 189
179 208
142 88
89 32
84 123
130 93
32 79
253 94
47 222
154 266
120 233
31 204
247 14
245 204
87 251
93 45
99 46
215 247
2 50
262 234
165 15
263 264
121 163
111 58
65 265
181 100
55 53
5 52
46 267
257 249
242 107
87 98
45 11
52 190
97 235
184 16
45 13
242 185
246 256
129 242
10 201
108 92
222 9
249 217
42 156
33 263
90 95
156 114
136 261
23 3
165 112
52 246
131 217
60 117
133 190
90 38
152 270
25 230
234 230
116 3
202 55
198 267
227 121
7 208
20 33
233 266
139 175
154 78
199 15
218 135
246 220
39 107
3 115
59 120
223 249
58 224
119 105
109 17
94 150
75 91
98 187
262 17
137 122
151 228
219 149
23 130
228 224
124 33
34 133
97 232
25 232
227 150
171 149
128 266
111 189
143 92
23 126
39 193
205 35
115 152
209 131
140 226
218 153
58 185
34 245
193 161
58 52
59 238
201 144
201 18
117 232
129 259
18 56
229 12
31 45
227 197
191 238
113 16
262 118
257 190
260 121
217 244
122 211
128 77
5 148
34 162
46 180
57 251
217 26
81 211
55 192
13 1
191 163
261 97
255 5
26 46
90 132
30 162
61 127
263 44
118 49
226 163
54 58
26 196
237 164
239 194
260 84
44 179
203 81
212 94
59 61
105 185
49 181
140 252
116 56
254 95
179 258
168 118
270 94
197 202
178 14
54 175
221 119
270 191
238 68
113 62
91 118
239 128
82 58
65 78
166 17
52 93
81 220
206 211
14 258
73 204
158 33
145 251
114 18
213 32
90 178
269 254
79 222
224 78
83 265
101 155
8 249
82 39
119 191
130 203
223 130
127 200
66 30
269 201
103 210
0 58
128 56
140 245
45 20
148 29
137 176
56 114
212 24
186 120
117 72
22 105
111 212
222 182
213 103
267 178
250 161
120 253
20 263
153 67
172 145
42 142
201 233
79 211
152 152
262 99
128 111
116 31
144 91
8 4
143 198
239 192
10 70
145 85
237 92
87 201
150 153
133 129
48 16
204 257
137 73
29 63
80 76
152 21
35 200
79 179
127 89
48 149
256 234
224 224
134 6
48 177
61 20
106 241
87 87
83 261
174 63
164 6
77 88
29 142
158 57
253 176
200 161
269 110
166 117
182 15
118 114
96 34
48 244
92 175
43 19
239 63
235 30
40 59
235 0
217 137
88 85
156 265
167 83
250 219
35 227
3 170
212 51
76 177
182 13
236 65
66 242
220 4
132 40
89 15
51 1
264 236
153 16
143 43
105 73
151 107
178 256
84 125
74 152
86 207
236 67
82 43
257 154
37 176
3 166
46 256
247 47
141 16
153 255
62 81
137 15
246 93
134 187
38 111
178 39
120 65
121 134
177 251
60 173
155 161
111 114
35 231
83 16
68 133
127 268
169 207
61 157
181 215
61 184
39 217
222 132
166 6
92 146
9 202
22 148
89 125
80 59
77 107
81 29
247 71
68 153
267 8
88 38
113 208
235 124
157 159
99 152
228 111
26 190
62 30
209 264
255 250
2 172
207 167
10 113
141 268
149 168
200 235
102 153
64 263
131 129
44 72
1 121
240 84
190 168
3 231
62 263
260 142
107 124
215 38
88 13
60 52
265 35
160 30
142 200
207 252
48 179
80 103
174 268
257 156
206 246
227 201
69 252
70 180
253 189
76 23
222 71
24 201
165 177
211 103
241 53
11 139
258 68
226 12
267 202
63 209
200 184
161 111
82 270
254 159
186 227
101 45
70 90
27 108
231 254
88 95
125 133
49 98
147 140
216 152
93 118
137 71
56 13
86 192
195 202
185 123
229 144
242 134
98 199
48 238
205 132
234 181
148 155
65 235
59 48
46 16
7 77
163 180
135 72
15 156
40 93
15 226
224 56
213 28
61 261
37 79
79 16
186 246
108 111
235 188
69 245
89 198
260 191
58 116
205 91
25 176
35 113
184 157
229 16
96 73
50 132
153 147
164 209
89 144
116 234
209 103
96 14
16 224
210 180
25 215
270 156
248 242
50 261
220 132
263 146
137 75
7 149
137 184
46 86
27 203
179 231
98 201
127 198
198 139
36 260
200 29
104 181
109 237
230 226
68 107
107 133
48 236
135 250
116 188
35 170
118 107
171 269
93 266
231 250
136 127
181 96
136 197
202 185
25 112
41 238
215 169
127 153
185 180
181 127
180 67
100 182
94 268
263 228
62 115
70 97
267 62
157 255
70 256
78 66
190 240
59 236
64 198
147 215
18 28
22 25
53 161
87 60
159 225
249 118
16 142
228 43
7 231
169 265
88 177
203 34
237 213
117 102
146 113
68 169
175 67
242 81
61 111
116 113
110 190
176 193
252 170
230 158
120 55
258 234
161 200
228 210
234 199
14 88
188 240
134 65
64 150
43 21
238 103
229 222
197 209
251 102
211 244
76 129
206 261
205 119
89 89
167 113
268 249
53 159
20 87
111 196
205 182
145 56
58 77
94 175
204 246
187 122
226 40
56 191
120 221
17 77
52 265
172 177
17 53
254 88
62 187
54 220
149 166
210 146
191 147
175 222
203 163
178 29
136 150
115 46
257 182
127 9
169 150
27 45
23 68
232 158
76 133
190 42
190 219
161 190
136 265
55 109
213 100
22 88
166 115
238 197
265 184
247 163
81 16
131 223
45 52
163 178
212 146
29 249
230 180
225 124
109 90
41 193
56 38
36 80
206 33
206 145
46 27
159 117
226 181
43 52
244 45
19 240
100 141
28 148
82 267
98 33
194 125
87 35
246 84
161 90
60 130
162 230
184 71
184 241
219 2
113 13
12 221
26 107
211 109
232 167
198 161
65 109
174 75
235 177
262 19
106 209
27 232
100 35
250 98
239 52
228 78
229 26
70 88
11 256
80 71
254 156
240 245
99 262
50 243
202 116
107 128
26 128
234 162
53 54
264 118
19 211
18 119
170 218
174 199
134 68
41 154
32 259
124 139
28 202
119 166
177 51
86 249
189 29
80 3
143 94
57 170
226 78
28 260
243 211
110 48
225 145
66 244
5 228
18 216
104 179
149 3
197 213
195 92
199 27
17 189
66 252
179 136
110 208
85 86
36 129
56 87
98 266
80 132
175 155
91 45
229 165
17 117
261 154
188 164
27 200
95 165
221 115
17 104
181 22
224 181
123 134
124 60
61 56
247 244
160 231
80 47
240 143
9 128
91 144
197 81
93 26
73 252
102 130
129 167
197 14
261 232
240 126
81 118
53 202
220 85
96 259
181 160
184 264
13 239
70 133
221 232
241 65
186 157
57 4
115 95
98 108
229 110
265 239
119 144
220 126
269 97
179 2
187 244
42 159
72 38
100 206
178 260
201 202
136 40
127 160
12 126
181 239
205 82
259 144
236 88
225 18
1 42
157 91
220 87
168 141
27 176
191 93
103 145
165 169
227 169
61 49
209 143
207 116
37 38
148 246
20 181
266 206
82 181
42 92
47 263
194 7
149 214
92 203
93 125
268 235
44 260
177 197
235 226
165 243
236 181
0 44
212 98
37 217
150 119
221 180
38 137
95 44
94 152
170 220
7 1
183 97
73 179
134 261
159 85
199 22
267 36
183 75
133 241
64 107
158 224
80 89
97 265
232 112
93 145
248 269
99 28
220 237
9 56
52 36
163 44
70 111
184 69
205 265
228 160
155 80
119 245
147 150
93 246
43 140
139 17
149 151
110 60
96 42
225 77
25 76
146 130
184 208
124 213
256 253
215 265
153 182
7 147
14 141
129 149
28 114
21 129
173 77
199 88
267 237
47 187
129 61
89 248
33 64
193 80
245 49
240 213
46 230
270 6
70 53
238 254
90 99
197 61
219 96
152 138
100 230
166 12
260 65
18 7
266 56
22 189
86 225
132 113
175 208
26 88
0 118
201 159
187 104
111 2
81 38
139 268
262 95
236 255
80 270
73 95
109 46
199 177
245 244
79 214
94 270
11 241
38 156
146 201
21 106
248 126
100 92
140 79
65 65
47 31
219 238
29 33
109 77
145 32
256 25
223 231
40 204
27 159
139 250
96 71
179 212
29 66
56 189
269 80
262 227
109 232
198 47
2 157
60 137
251 126
3 113
26 26
262 30
168 52
135 129
96 66
151 136
265 255
192 232
161 249
267 251
217 133
248 240
62 213
116 91
197 26
179 95
189 71
101 51
255 7
227 37
65 80
91 67
80 155
86 80
102 89
239 105
62 252
185 198
161 256
268 19
121 86
215 96
64 46
186 229
96 9
196 239
232 61
173 208
1 113
259 86
44 181
140 108
18 66
131 250
134 20
166 202
139 20
58 222
226 132
115 163
11 208
51 46
209 53
2 123
8 69
9 135
185 39
244 16
26 126
73 73
26 44
263 259
150 213
95 30
209 208
267 85
158 248
251 173
117 244
127 43
243 111
239 34
99 114
162 158
137 99
153 167
168 20
63 105
168 100
105 50
111 130
258 188
129 206
66 115
242 244
22 84
66 207
8 206
16 27
25 23
178 233
226 128
39 89
210 27
104 153
84 55
214 4
46 182
203 144
167 254
69 172
170 77
170 92
20 56
62 259
169 243
76 230
154 48
204 261
259 259
37 154
188 144
179 214
204 156
30 61
127 93
56 206
111 78
15 256
102 69
220 81
249 116
235 223
165 201
55 79
97 238
196 268
83 221
169 90
263 144
243 70
112 223
259 129
90 134
156 79
172 48
268 41
256 162
61 129
197 79
63 189
257 93
259 5
166 87
220 75
162 204
129 226
229 80
85 223
221 170
65 229
127 130
80 242
260 72
112 31
135 126
25 28
84 3
269 142
221 130
138 200
144 223
115 29
6 146
63 230
226 33
212 113
96 199
153 163
222 217
38 204
181 265
224 259
265 179
12 262
245 4
160 227
261 144
190 70
152 253
248 98
133 243
157 242
269 183
243 122
142 18
124 201
1 198
168 241
33 199
195 130
75 179
94 99
179 118
198 233
20 31
202 249
137 67
185 207
260 125
265 62
196 111
270 76
182 120
66 187
235 232
170 63
207 192
8 233
250 221
219 71
264 149
146 90
223 146
25 0
168 158
