101 210
97 150
77 105
83 150
200 177
257 268
144 238
204 90
148 24
14 148
239 122
269 142
203 168
215 165
176 41
104 128
260 243
99 107
104 54
144 94
125 62
120 115
194 145
265 120
82 18
114 25
208 229
214 267
130 243
123 83
169 265
71 80
106 240
102 243
15 119
1 105
223 258
118 120
193 43
118 93
181 240
31 29
23 180
174 208
261 152
119 257
268 21
165 211
48 236
241 36
78 3
192 220
118 0
244 207
73 11
18 8
51 56
259 7
239 109
203 156
99 218
211 193
186 65
129 190
193 171
79 58
264 38
157 221
97 40
56 9
151 61
219 84
1 232
101 259
4 100
196 123
234 202
167 174
77 148
264 261
194 160
190 256
154 22
38 251
9 13
45 17
159 126
114 159
105 41
35 144
160 255
143 93
232 199
57 80
175 156
187 161
259 37
169 7
26 90
208 170
94 171
28 235
169 68
258 128
226 51
72 156
211 49
156 152
183 69
228 17
155 158
172 3
264 268
262 16
54 98
67 270
83 52
255 185
238 201
133 38
19 22
52 91
43 202
194 234
81 120
141 187
103 239
123 246
58 182
17 70
116 151
108 42
249 70
33 227
246 84
206 207
6 51
241 244
175 61
261 126
147 117
175 107
69 50
129 245
15 76
261 164
60 105
155 116
266 157
237 178
205 6
50 94
100 235
118 148
115 203
20 212
137 37
63 149
245 202
179 269
66 268
120 120
125 161
134 171
243 105
1 236
162 56
198 83
50 126
110 80
257 196
217 38
63 140
202 20
66 261
75 72
113 115
234 120
243 47
4 18
46 146
35 154
154 152
19 214
259 83
29 132
117 190
95 30
122 23
10 48
233 61
268 211
219 82
80 183
258 194
235 211
161 194
205 145
21 69
62 58
215 30
217 169
255 200
24 147
11 198
231 132
148 109
234 110
82 169
176 5
153 0
179 33
11 38
247 10
159 128
168 115
33 262
128 116
50 216
195 15
26 130
116 258
165 167
209 198
17 31
117 167
176 249
184 205
229 29
70 22
244 96
267 76
79 56
246 122
0 55
34 17
177 155
137 186
228 163
32 185
207 212
118 152
226 80
69 61
244 115
1 124
10 205
64 215
222 239
14 215
143 22
36 226
31 68
201 206
136 196
15 33
234 206
27 131
168 22
254 155
95 150
54 215
263 66
201 102
62 79
208 244
221 234
155 102
270 155
260 191
202 234
111 172
178 262
68 207
194 180
36 169
239 118
127 8
6 234
213 245
192 181
247 120
32 217
138 134
76 194
5 14
5 73
38 15
38 51
84 245
7 96
41 231
77 119
230 200
184 26
136 19
129 38
72 74
118 258
153 48
54 224
256 53
27 189
101 255
242 247
264 40
264 204
118 122
122 68
191 117
17 226
212 147
49 192
234 134
40 162
217 112
115 194
99 199
233 0
76 7
169 175
75 148
87 179
100 85
158 151
136 54
140 57
178 16
195 237
199 102
163 13
38 21
150 268
78 221
48 68
46 13
106 122
13 197
59 113
120 101
24 108
184 14
107 46
242 16
116 66
172 190
104 86
71 249
73 89
220 86
160 59
118 20
112 80
133 239
259 247
133 111
40 41
28 143
105 130
18 167
149 6
262 153
210 66
242 11
47 17
257 90
56 111
102 95
236 228
96 50
239 173
54 115
190 232
49 220
113 172
95 76
25 81
80 230
104 255
182 19
193 23
52 95
205 267
29 258
110 130
134 63
117 68
107 238
16 215
217 84
30 199
258 133
237 270
13 260
47 126
155 192
151 178
218 210
86 57
210 132
234 29
214 206
6 190
55 76
192 235
224 149
209 48
206 226
236 111
245 111
114 130
159 18
54 128
93 213
206 131
6 10
238 29
65 25
211 246
81 265
72 128
108 162
171 153
46 172
196 11
196 4
56 172
84 41
164 4
270 4
144 34
136 249
264 58
65 0
15 92
260 221
50 7
192 110
119 68
112 2
74 116
113 226
15 226
139 112
197 138
166 85
115 245
57 250
23 177
68 53
135 75
226 128
115 167
178 40
95 143
102 195
265 57
161 141
239 190
244 45
26 49
264 116
192 91
155 39
16 0
219 151
166 76
248 127
4 208
129 97
52 27
44 67
185 196
117 244
124 215
52 268
137 111
38 131
178 64
84 58
13 91
224 87
168 52
243 4
267 14
186 144
8 47
213 7
69 99
138 1
264 181
131 240
163 110
146 183
112 247
232 32
44 113
101 130
186 71
50 130
7 133
106 54
33 152
83 119
213 165
48 53
167 67
4 187
245 156
236 86
153 69
174 237
270 179
122 254
181 68
152 228
81 215
130 162
42 229
66 236
78 223
53 162
171 255
43 228
174 199
110 64
89 211
97 8
256 70
253 162
42 268
16 74
112 196
260 20
27 197
117 116
29 130
157 113
23 250
159 124
151 77
89 150
53 37
98 28
138 54
258 53
113 187
52 30
0 167
173 58
53 119
142 219
95 11
106 91
166 42
85 85
115 88
96 234
119 35
64 29
63 130
165 140
268 83
103 211
262 267
27 67
9 199
269 29
104 242
104 205
92 54
194 61
265 63
260 90
232 121
60 229
187 180
185 200
214 190
242 254
62 236
99 256
231 266
62 60
11 269
140 150
64 60
155 122
198 65
66 32
169 50
202 51
142 31
63 190
37 219
248 113
149 163
232 110
12 168
237 35
103 262
228 161
149 46
123 163
139 41
193 238
85 53
59 17
146 142
45 186
262 150
209 210
226 16
183 129
112 77
247 8
151 223
60 80
224 37
26 66
205 50
111 17
149 157
144 219
161 233
82 15
143 258
206 1
212 73
254 52
246 77
138 66
224 19
39 88
85 112
30 192
198 47
194 127
129 93
18 83
76 154
181 156
224 115
207 210
86 181
166 206
2 15
233 235
264 157
59 24
88 79
67 230
149 255
187 193
166 209
106 132
113 155
12 264
22 169
52 53
116 267
247 5
91 34
67 35
81 213
107 1
17 253
264 19
75 184
238 143
249 86
84 103
228 38
22 142
79 72
2 230
41 239
241 53
75 51
13 254
210 140
255 82
5 97
224 183
20 67
40 57
245 34
196 71
29 106
113 71
147 83
236 28
55 57
257 61
126 113
5 264
50 28
111 170
98 69
149 165
167 168
100 28
242 29
92 25
191 81
124 36
130 151
173 65
241 138
73 130
18 105
245 113
211 223
186 85
12 170
131 97
229 148
264 123
61 45
134 159
128 91
94 269
205 36
56 159
63 25
61 148
229 13
260 99
260 61
85 180
45 176
25 33
101 8
102 241
187 123
37 164
207 262
166 158
97 71
132 90
208 182
222 162
136 135
8 191
180 262
32 78
20 106
189 238
99 27
214 105
12 166
114 157
65 269
260 239
179 121
38 117
200 51
16 117
29 164
167 208
247 151
61 114
153 73
56 183
60 59
258 58
53 187
184 123
15 269
163 140
247 88
36 248
6 230
88 193
233 176
116 37
123 129
199 85
24 204
229 7
31 250
111 229
118 154
29 29
116 147
105 71
245 38
236 162
162 209
60 232
113 58
12 0
217 76
147 60
124 96
94 164
198 37
179 157
173 188
254 145
121 190
268 78
72 213
91 119
128 89
53 269
43 60
252 223
121 38
11 137
27 62
148 154
218 240
127 169
203 184
69 208
111 109
268 95
176 233
269 97
218 80
10 192
134 169
137 17
149 108
39 161
6 250
48 234
249 246
122 36
137 174
135 261
270 32
103 50
133 2
248 224
34 38
83 227
17 48
247 251
86 89
179 88
215 201
224 163
113 194
133 21
215 107
178 174
261 207
28 178
209 268
116 121
236 135
233 88
62 141
200 229
162 202
155 148
97 224
204 248
222 76
66 109
102 144
78 29
113 128
142 133
152 65
143 236
243 184
55 11
104 257
143 30
212 267
34 204
65 234
33 213
39 220
135 247
204 51
208 227
64 250
203 236
172 91
84 216
99 71
166 141
128 244
85 6
141 112
216 33
116 17
30 248
252 253
169 24
260 234
111 132
113 38
163 15
10 251
163 142
75 232
95 52
8 75
177 58
1 160
196 158
80 155
117 233
239 198
188 246
239 267
225 124
185 248
88 173
265 114
209 168
213 70
95 154
21 251
207 191
243 205
18 186
22 27
263 151
92 39
75 158
256 47
166 143
183 117
82 45
83 167
171 238
79 100
187 169
136 56
51 270
12 267
162 4
77 232
246 1
223 254
26 175
254 93
174 108
16 148
197 56
158 92
71 134
222 79
63 112
38 82
32 104
87 225
196 127
100 152
134 98
214 99
262 58
117 256
15 84
25 128
136 160
34 150
107 41
130 264
220 5
43 86
63 261
209 30
243 87
27 234
176 133
21 147
172 146
13 158
54 90
256 202
125 163
51 212
216 6
52 34
185 250
202 90
176 262
197 208
204 160
13 39
180 97
131 260
153 165
151 166
177 92
105 92
255 247
71 8
6 266
41 54
217 134
246 244
177 210
105 261
36 65
4 114
21 10
77 27
85 124
246 223
255 103
234 64
48 77
170 60
118 159
210 52
141 247
38 135
84 15
242 80
230 104
24 88
79 149
56 174
120 149
225 15
154 160
23 3
124 86
191 258
211 9
104 208
19 34
90 152
232 104
179 241
186 17
26 216
30 33
138 227
64 79
106 16
161 161
53 39
37 126
165 162
133 78
259 207
74 22
258 209
113 29
71 243
46 66
198 10
76 3
236 199
147 81
49 69
14 219
63 128
65 211
177 88
35 36
192 12
168 65
71 23
193 63
255 196
39 94
79 209
228 221
128 206
239 247
255 131
52 38
221 256
198 50
64 228
71 10
112 230
197 129
59 106
255 71
244 19
13 145
147 198
154 1
46 262
126 229
187 239
74 49
123 226
89 199
240 127
241 214
262 93
90 204
180 86
79 265
89 247
152 120
199 231
263 247
137 148
47 128
110 16
22 216
260 40
93 168
162 260
224 261
84 169
202 127
236 157
197 39
66 257
188 223
83 50
207 50
201 230
15 90
138 39
250 223
19 24
205 165
244 123
211 143
20 25
178 218
125 94
132 247
38 13
110 233
82 121
167 264
144 56
179 163
9 80
24 84
91 131
7 72
263 167
200 86
82 1
18 165
49 222
144 260
116 153
114 28
247 153
90 26
120 73
201 263
254 172
252 237
175 52
96 107
159 24
81 55
231 59
245 40
99 239
227 214
70 91
175 149
82 227
171 89
216 183
216 96
238 38
68 64
19 71
3 149
131 128
166 47
238 120
37 172
140 243
19 85
195 24
241 82
125 217
18 225
183 211
149 28
96 152
215 94
93 146
88 181
40 269
251 16
155 100
121 100
247 202
37 59
244 68
162 58
179 96
13 41
144 142
55 112
75 161
131 77
47 7
186 241
172 128
3 104
36 234
3 14
68 261
142 216
90 28
42 191
39 118
126 56
42 201
114 35
49 49
222 144
71 241
117 22
270 119
86 5
79 179
264 17
266 146
10 243
126 244
111 14
157 125
174 132
244 86
0 97
112 211
210 228
55 118
239 34
8 209
92 172
213 111
182 55
0 115
159 162
208 222
200 259
233 166
205 48
172 113
66 195
90 43
43 126
257 26
200 70
46 51
110 90
37 264
116 11
211 197
32 115
222 227
237 83
78 270
46 191
147 25
223 78
150 237
264 237
150 215
184 207
221 160
109 132
121 56
12 149
140 18
255 143
10 82
229 31
175 18
1 20
116 196
231 269
16 83
116 160
80 66
89 146
16 182
59 152
154 75
187 176
4 76
107 108
233 212
263 148
149 48
152 53
139 11
141 68
28 141
131 42
197 145
157 163
218 7
221 52
166 110
160 28
184 121
200 83
161 143
262 88
26 198
262 62
196 144
208 46
31 131
27 9
241 260
232 136
127 38
71 84
19 69
235 213
63 212
131 242
46 48
150 58
18 50
17 251
80 122
265 207
189 95
29 262
201 137
117 161
40 128
182 205
211 164
1 17
244 156
170 119
112 60
265 148
69 81
173 153
244 70
221 77
75 155
221 149
43 94
242 136
220 120
139 268
46 68
67 99
2 140
254 198
35 67
35 214
94 43
149 63
61 146
74 182
261 8
243 140
189 118
237 189
127 224
120 108
266 260
60 22
260 169
28 214
176 31
263 64
226 58
117 75
32 205
204 234
157 129
205 129
261 22
123 204
85 101
200 227
226 172
72 222
224 110
124 88
238 124
99 13
2 52
241 191
140 216
221 151
131 60
179 66
140 143
197 134
232 211
112 192
241 189
15 240
38 240
181 158
35 254
221 2
0 34
87 123
205 205
179 37
179 209
126 131
76 150
185 128
72 117
50 190
70 86
35 80
168 144
143 112
64 32
161 227
1 214
10 141
254 54
182 262
211 227
117 55
242 209
24 129
180 18
153 226
42 113
53 156
83 112
99 93
79 185
171 65
47 90
140 146
258 198
98 32
174 28
74 77
133 158
25 110
232 149
259 102
128 204
180 54
129 159
23 33
119 18
231 28
235 87
131 156
42 79
177 17
120 230
101 208
23 265
92 129
14 123
23 86
54 222
204 209
190 76
251 157
6 152
152 14
100 241
154 3
126 218
165 147
192 256
151 151
24 175
139 148
238 231
208 256
110 112
138 68
129 188
137 198
46 19
50 265
121 231
10 75
169 268
216 74
131 62
56 5
217 206
14 52
148 163
208 252
266 144
145 198
140 261
94 237
1 142
191 168
47 242
78 120
154 15
227 56
135 96
119 56
221 83
149 253
244 54
2 166
249 4
165 256
14 221
143 141
12 135
7 210
190 223
40 159
69 244
270 78
266 122
167 94
43 90
58 132
195 48
220 79
256 22
13 45
190 29
176 219
36 108
85 143
266 181
6 18
126 162
58 118
114 69
16 186
23 218
128 4
76 136
62 20
238 87
210 221
120 151
223 251
231 56
243 56
128 218
31 80
93 10
52 264
226 260
242 14
27 106
190 115
208 254
157 100
119 245
234 197
161 14
231 160
200 187
213 200
118 130
118 66
43 144
118 192
56 78
7 170
232 119
216 207
159 22
268 137
254 56
103 94
45 237
197 16
85 83
162 193
165 246
113 132
158 153
133 70
9 60
153 40
231 252
256 141
196 6
67 81
67 57
45 106
176 209
145 92
2 111
52 129
264 56
22 105
49 0
231 177
41 115
192 89
154 42
78 170
219 229
211 141
91 143
41 157
66 53
169 256
8 242
262 117
240 107
203 129
251 189
63 234
85 122
196 257
151 17
222 146
78 132
158 60
61 234
8 126
103 92
157 226
202 140
49 8
56 201
230 210
72 76
106 180
84 1
115 115
201 179
224 145
28 211
141 141
258 5
121 129
77 158
31 181
182 192
143 79
93 132
203 53
133 261
1 117
173 67
114 92
40 78
105 0
58 171
122 106
25 2
208 202
31 261
71 202
132 6
180 154
142 14
243 263
148 161
38 128
90 201
19 26
50 92
187 142
131 168
17 81
225 86
176 131
249 152
125 227
83 20
130 90
160 202
176 127
48 95
144 214
4 230
227 248
71 89
202 265
203 77
99 231
262 206
166 153
136 187
120 40
245 250
210 255
38 202
2 162
198 235
119 218
253 189
40 52
163 6
122 21
226 110
109 14
160 257
127 261
197 12
150 239
216 120
77 89
212 66
247 75
70 128
174 151
5 203
199 67
223 256
133 192
131 7
76 183
80 263
171 75
35 164
227 159
88 130
229 249
261 14
172 193
5 53
239 36
149 199
223 179
230 208
69 84
51 241
228 158
78 87
204 104
244 231
30 203
155 245
134 243
87 202
66 255
230 18
265 96
75 130
240 232
38 124
262 41
140 115
10 246
131 228
47 79
81 44
131 191
195 218
134 173
171 240
141 251
81 75
25 35
20 104
62 22
36 206
30 107
238 61
218 75
4 16
223 150
114 150
72 160
243 256
14 157
158 190
264 234
228 58
178 0
72 211
90 55
216 132
119 147
66 228
151 180
242 60
205 32
27 42
256 28
110 107
50 259
227 165
226 40
27 269
32 247
67 263
253 154
234 1
30 5
160 223
186 25
54 88
130 40
245 88
209 172
70 117
83 243
129 262
110 195
61 195
269 42
247 219
234 159
67 51
38 41
45 104
19 11
11 165
159 88
79 104
46 138
226 20
198 186
97 38
147 87
81 51
34 65
70 193
25 200
36 241
40 15
253 174
139 225
116 158
214 6
24 145
113 75
98 50
153 115
79 172
115 52
10 84
233 251
159 102
139 135
195 206
237 246
67 88
83 48
174 190
237 161
59 76
230 12
192 144
210 267
199 17
35 208
177 36
65 194
216 35
65 209
50 128
255 91
152 224
31 213
188 182
71 12
53 11
203 7
253 224
241 125
73 118
169 161
202 6
67 199
103 84
210 244
235 234
181 232
123 99
229 27
182 65
243 52
132 126
267 120
27 213
180 189
151 240
151 6
199 207
25 189
226 184
183 2
203 102
256 198
143 13
68 268
36 250
29 80
45 140
262 191
120 251
240 230
213 108
195 132
234 3
148 111
170 174
122 59
269 23
94 113
126 86
69 57
269 56
140 266
171 208
39 53
269 116
255 189
32 11
41 39
120 153
269 62
219 24
94 141
37 67
11 239
163 128
150 181
192 183
102 204
120 261
33 149
9 133
264 94
199 205
13 195
241 51
21 12
120 58
82 231
139 264
167 156
24 232
136 27
201 181
168 119
39 39
112 232
224 161
191 28
116 169
166 248
0 75
66 259
220 143
156 228
123 127
135 58
240 40
218 5
265 192
105 124
145 30
223 45
182 124
167 49
43 157
81 130
57 234
126 58
97 195
197 48
206 269
190 142
161 109
163 114
167 16
36 224
176 60
56 223
46 149
158 192
164 255
105 263
257 200
267 20
72 9
182 154
214 117
94 68
179 213
10 45
108 89
59 19
32 26
11 167
214 167
240 208
42 12
69 130
99 254
81 90
240 143
230 255
13 90
201 129
96 228
47 3
79 219
93 130
214 115
18 68
48 1
74 191
66 232
234 112
40 113
238 89
15 217
139 198
206 52
213 224
146 89
203 204
182 17
259 130
113 248
86 261
101 91
189 162
59 226
29 9
115 170
183 87
124 165
181 270
245 91
62 147
129 109
31 149
187 118
34 78
154 267
210 224
78 183
2 56
134 135
133 100
153 150
248 247
108 126
166 120
219 207
147 267
157 102
256 51
199 236
27 110
40 50
59 223
165 8
161 221
68 82
245 209
150 142
20 182
213 97
115 225
154 52
185 124
132 160
34 259
166 96
240 49
119 128
154 121
168 241
110 211
52 175
147 113
240 265
92 246
127 6
92 197
135 124
227 34
100 87
218 34
193 2
49 261
32 15
235 192
163 112
238 163
40 202
167 257
133 76
153 107
64 232
221 250
206 182
198 40
33 76
158 219
197 63
242 144
73 180
61 174
161 210
132 186
36 14
234 267
109 173
149 44
71 20
164 113
57 153
2 102
0 208
31 9
262 32
46 268
148 180
269 232
243 103
108 50
147 33
18 264
168 158
5 69
114 268
9 73
210 166
147 23
16 53
66 26
185 130
197 237
34 146
160 86
125 34
238 108
7 98
211 269
189 74
13 121
28 145
70 204
64 208
255 225
192 113
30 11
197 206
63 31
262 244
115 75
107 176
260 100
212 139
199 213
237 227
46 178
92 32
83 117
96 184
150 228
152 80
242 207
162 206
62 216
204 207
153 20
94 70
151 266
56 59
258 145
241 108
142 146
248 253
255 157
24 263
22 31
61 47
87 82
135 132
254 23
32 145
85 146
253 251
184 155
100 44
23 148
100 89
26 140
107 172
253 101
113 31
241 185
98 229
79 156
246 7
46 174
60 63
266 255
94 215
34 26
185 239
20 51
188 97
37 35
134 195
64 196
124 213
239 257
111 28
78 231
265 264
173 239
80 68
1 96
16 261
12 84
236 196
209 196
58 114
252 191
38 206
32 215
43 118
37 39
141 218
233 106
92 115
223 98
17 21
127 226
54 189
219 37
141 197
180 175
145 78
170 112
46 74
103 156
186 15
128 216
97 12
29 195
224 226
188 184
202 104
145 86
227 152
211 168
99 9
244 255
192 223
45 170
221 94
29 113
113 206
138 188
166 90
178 4
111 224
80 18
93 67
81 57
256 187
174 220
124 201
49 6
42 183
147 200
82 263
149 30
195 62
22 89
31 65
155 82
95 239
20 168
197 269
150 25
243 41
87 113
10 195
172 199
140 134
186 102
1 211
150 155
27 81
67 112
232 207
41 237
129 63
112 188
92 204
61 227
13 258
248 122
128 57
43 73
103 47
232 4
72 38
27 34
43 115
24 198
217 36
32 179
74 235
152 23
211 64
239 200
66 245
65 192
4 96
227 109
177 149
145 187
167 244
86 97
188 165
138 44
216 136
133 61
44 267
57 61
173 93
161 187
266 42
193 269
112 27
57 50
6 186
162 223
233 160
239 214
226 258
1 103
116 48
138 56
120 20
226 132
270 60
57 76
157 22
265 167
24 66
261 92
5 150
12 251
28 65
203 146
242 62
197 218
72 22
30 211
251 255
90 193
47 219
240 60
0 202
77 130
163 57
176 29
59 234
4 74
38 107
91 195
265 81
93 111
30 147
201 183
36 252
132 238
230 150
249 126
1 59
22 5
215 25
66 151
262 220
254 21
222 54
146 215
266 18
167 75
258 153
155 226
218 270
50 31
90 114
190 123
115 207
259 92
62 145
54 94
188 229
208 1
259 204
105 177
171 218
168 77
259 263
243 65
149 266
96 226
268 146
142 143
108 2
246 50
137 247
163 205
199 180
54 9
260 88
238 251
143 16
93 166
156 247
217 181
160 158
9 95
169 173
220 0
43 71
231 232
90 208
241 205
167 22
233 269
146 32
183 39
32 6
205 183
86 55
17 241
103 130
200 100
110 206
128 265
155 41
62 249
43 193
244 17
229 33
240 252
91 247
171 1
24 139
25 126
226 18
214 204
190 166
112 93
133 133
136 109
250 99
260 223
33 132
82 165
139 196
65 140
95 167
25 68
195 3
176 54
62 131
11 258
261 10
37 230
24 178
74 7
144 223
79 54
112 91
36 41
270 106
174 91
50 235
135 107
132 249
77 175
202 178
143 199
258 155
47 49
185 192
101 10
57 205
9 248
84 148
98 106
156 93
194 158
180 64
157 89
150 211
40 155
162 195
149 177
28 33
73 93
160 57
106 211
13 119
244 184
31 183
3 19
101 197
152 2
118 264
31 35
212 187
200 248
169 208
66 34
240 254
132 122
43 185
267 79
44 172
96 197
264 257
11 91
165 215
37 118
196 58
164 197
16 66
79 147
269 177
227 178
269 202
237 215
210 270
104 210
135 17
245 42
140 132
17 90
100 227
229 60
33 189
52 225
30 111
53 220
256 266
103 184
169 33
30 144
131 226
175 251
204 61
126 60
122 202
48 269
111 62
45 184
5 116
156 23
238 199
191 218
142 131
203 88
59 249
175 109
202 158
25 202
144 211
179 211
260 261
30 26
99 42
52 155
178 123
168 81
157 83
193 169
97 263
39 144
2 35
257 102
32 147
128 40
133 263
261 247
199 61
25 177
134 55
115 205
34 107
67 209
246 161
145 90
56 236
77 71
24 89
6 131
74 160
170 64
34 206
211 12
171 188
19 48
52 125
92 106
184 65
93 199
244 12
168 18
143 95
226 150
216 155
222 96
142 114
105 94
31 13
90 89
5 55
91 110
153 192
39 137
245 152
56 54
237 225
89 195
86 115
205 185
268 256
104 145
33 113
84 247
99 11
91 244
269 235
93 231
266 40
51 221
219 182
262 222
33 13
211 103
220 240
48 246
201 163
182 266
192 185
262 240
78 26
194 72
167 214
38 216
7 54
74 3
161 156
207 130
126 96
151 81
218 231
144 111
179 255
106 165
146 111
78 18
82 245
153 161
36 51
52 89
111 205
176 56
182 98
52 222
166 79
177 162
218 73
117 194
142 211
61 150
24 143
43 10
221 182
140 1
97 267
0 199
245 76
225 234
153 117
127 85
65 113
173 254
30 63
36 131
248 96
199 155
115 71
223 117
81 123
61 250
238 102
97 186
28 11
221 98
40 240
239 223
142 189
117 262
260 42
183 127
4 227
135 71
167 24
160 190
108 234
209 102
45 8
20 264
170 62
237 65
37 245
94 105
174 38
212 11
58 63
113 56
196 210
127 136
118 101
0 28
149 235
98 183
111 207
27 79
241 224
145 80
125 26
48 34
229 122
91 206
212 258
60 119
210 170
122 102
140 66
42 120
9 71
95 235
16 29
256 191
214 96
178 132
181 152
170 36
155 84
148 59
149 150
60 5
32 249
79 243
95 9
101 93
1 30
237 191
106 96
148 268
95 66
260 245
97 52
215 199
84 145
61 24
22 167
144 225
157 157
97 6
239 226
209 246
26 191
103 15
16 168
67 47
247 48
139 246
47 70
226 196
148 93
69 173
269 108
233 233
241 256
89 120
48 93
195 45
121 250
39 172
174 36
174 145
207 166
27 230
197 69
176 129
227 144
70 156
161 175
268 234
153 38
252 99
137 119
170 11
88 81
245 93
235 60
259 192
101 157
136 2
14 169
189 141
65 174
158 245
211 27
169 48
116 96
195 43
53 7
66 98
100 220
176 75
134 67
161 88
189 116
34 56
133 194
16 108
268 31
54 117
10 93
53 33
5 6
221 70
253 18
87 84
87 17
67 173
197 25
116 265
57 151
146 177
211 31
205 102
169 156
148 138
123 25
241 187
210 230
167 139
55 213
195 129
195 106
212 190
211 97
183 240
165 44
125 246
167 211
234 191
7 129
178 265
55 161
68 197
170 116
146 238
141 148
108 106
24 216
209 50
121 164
266 184
209 3
136 29
227 222
156 59
237 256
157 80
152 42
212 137
63 106
89 192
257 131
150 250
164 203
188 227
6 194
166 20
124 24
204 158
148 184
167 170
33 191
131 110
1 54
92 69
95 244
80 86
259 35
39 164
128 114
148 249
259 232
31 143
265 155
122 131
23 269
131 100
50 26
108 190
130 250
198 158
84 5
135 100
71 245
3 142
56 152
123 38
65 84
9 2
121 217
147 265
143 144
89 122
270 58
70 95
140 15
97 66
136 65
238 266
117 18
115 187
189 93
82 102
179 239
111 222
30 7
175 92
142 213
152 51
20 9
165 213
209 194
37 228
251 217
244 247
88 98
197 213
262 9
139 187
140 208
98 185
227 212
5 232
211 195
109 171
163 207
64 213
269 157
172 186
94 29
42 195
77 73
47 105
88 204
55 202
49 186
165 94
3 186
129 210
261 86
44 182
75 74
229 179
209 144
147 221
13 143
16 88
170 13
95 165
98 241
68 97
161 32
189 225
247 15
221 238
200 143
82 217
77 181
79 31
149 80
115 247
19 102
112 69
52 25
268 204
89 143
84 263
72 192
77 150
121 66
46 169
169 237
41 118
109 223
60 108
37 176
185 212
180 234
264 153
141 22
71 119
141 249
228 35
98 197
110 1
244 144
179 131
215 245
4 189
267 186
73 53
117 13
54 160
172 0
44 142
92 201
112 35
14 82
229 251
183 56
245 36
239 47
114 12
6 192
235 251
101 239
193 93
62 16
44 174
257 170
49 4
107 270
118 85
104 17
216 167
82 69
37 133
110 44
255 171
128 221
174 127
229 151
95 118
78 128
67 63
184 125
135 185
228 199
146 186
59 161
81 49
154 71
215 37
33 181
225 170
78 195
63 185
63 62
156 128
96 141
167 14
198 4
247 159
208 270
90 126
247 94
71 50
249 251
151 0
225 213
265 186
48 73
61 18
64 188
148 219
142 260
128 129
223 94
132 40
63 138
35 265
127 61
211 69
208 199
114 94
25 265
131 245
186 119
33 164
88 115
28 0
48 29
193 207
220 88
106 206
191 221
29 48
190 185
159 20
176 15
213 103
160 176
9 197
197 67
13 43
257 185
11 194
136 172
206 244
262 238
20 28
176 158
11 44
124 134
35 244
237 122
57 203
221 134
269 15
256 133
43 153
164 46
154 58
132 264
173 149
238 85
147 31
33 183
164 144
203 35
159 186
261 119
175 240
23 106
99 15
47 94
241 145
133 131
90 36
236 34
176 160
196 108
162 191
102 49
137 264
269 74
228 213
92 152
58 159
189 125
3 117
259 164
81 182
38 19
173 63
53 0
191 72
88 141
137 269
72 7
90 173
59 204
13 222
143 109
82 148
73 231
130 170
193 73
250 191
27 149
33 144
18 212
267 232
168 11
75 24
57 41
0 138
232 209
260 28
103 258
193 218
10 135
268 181
262 7
116 20
109 110
103 148
20 166
66 253
228 255
1 197
45 241
235 160
37 247
174 30
66 142
114 48
63 253
82 86
171 220
41 161
206 266
12 46
100 201
146 225
108 48
230 116
161 185
168 84
116 269
233 189
1 32
258 266
123 123
99 30
241 173
192 142
74 214
269 112
216 118
8 193
208 214
134 61
143 87
54 5
54 101
61 225
239 269
260 256
64 136
80 174
79 1
251 153
232 63
35 263
200 16
224 257
225 215
151 182
261 171
234 227
224 74
177 157
61 76
123 161
103 197
7 94
148 119
66 61
0 110
258 205
171 126
231 165
195 146
16 79
223 223
180 14
141 268
197 33
256 184
210 68
48 129
164 233
246 242
23 261
48 190
230 16
141 11
169 171
158 223
20 5
39 17
53 203
64 198
174 5
103 187
166 92
15 31
128 163
185 87
6 205
239 245
89 154
90 53
33 4
157 193
100 225
101 184
153 194
143 250
55 40
7 5
87 154
257 167
158 158
63 192
220 75
150 138
88 132
189 72
37 232
17 119
209 32
214 244
2 190
65 111
76 222
230 54
70 248
231 234
23 104
202 79
45 87
68 116
94 32
59 147
167 253
66 186
55 7
17 23
15 54
135 269
142 55
18 54
93 143
34 82
65 190
120 253
21 214
81 248
144 97
27 113
131 154
182 4
139 173
203 166
62 27
164 96
173 26
193 259
133 175
172 35
21 85
74 221
203 238
89 113
40 116
230 118
206 253
196 105
48 75
256 89
3 188
185 203
100 69
18 262
208 27
54 96
132 135
31 105
53 57
197 139
70 59
166 118
175 66
222 260
9 241
15 113
220 96
172 221
102 180
168 113
85 17
105 133
159 122
53 201
29 190
81 261
258 88
136 168
133 124
100 25
152 255
94 201
154 190
130 160
181 40
50 223
83 223
129 111
100 83
101 15
176 215
113 33
219 118
13 124
136 117
134 29
88 119
262 263
191 125
178 253
206 61
253 103
6 75
103 71
104 131
141 227
31 201
62 187
34 252
225 47
185 67
106 264
177 2
131 262
63 173
18 89
178 220
11 42
88 56
1 191
135 245
83 104
260 162
16 11
116 15
167 9
124 131
13 37
81 88
151 31
156 191
186 19
124 125
216 116
237 98
214 146
177 251
40 199
237 94
65 62
109 228
122 85
23 230
125 127
81 171
61 139
236 109
46 28
170 23
195 270
75 181
29 269
181 264
227 52
79 233
63 200
213 106
94 107
116 1
233 90
257 189
220 127
240 83
104 186
244 72
197 125
54 267
62 77
247 270
8 137
213 198
101 84
45 231
172 61
91 30
101 178
152 267
173 126
118 260
8 266
45 193
228 209
108 0
14 146
252 225
162 171
89 206
187 73
25 269
41 218
60 78
165 254
67 110
64 44
224 43
192 159
45 260
42 142
143 188
253 171
241 38
218 32
99 166
241 134
81 53
261 230
5 144
168 39
66 43
90 175
269 114
127 112
224 41
26 211
51 54
222 132
32 163
117 91
136 170
36 19
236 266
265 247
38 89
92 43
10 268
144 190
229 9
246 72
258 227
179 191
1 155
229 247
54 177
26 146
196 41
141 41
17 243
151 69
82 5
198 246
45 80
18 240
107 262
122 57
52 102
135 37
183 203
100 63
177 21
4 51
125 136
3 167
167 69
246 37
54 154
12 93
201 88
11 144
178 178
147 188
244 158
61 61
231 113
164 247
132 98
181 88
223 85
27 48
263 15
199 81
2 33
214 208
257 59
69 266
253 255
88 152
102 17
33 264
265 16
70 108
139 46
243 74
193 209
113 63
100 195
161 7
72 97
243 35
152 118
46 78
177 196
142 129
47 96
192 115
223 113
25 44
238 229
157 127
240 62
205 264
100 36
217 97
157 241
231 108
244 117
87 101
233 223
49 188
140 110
210 47
241 210
192 83
117 87
135 176
126 215
38 242
33 202
38 91
73 71
11 95
141 88
224 54
204 5
267 16
121 255
73 139
270 197
79 130
6 172
86 141
28 5
11 158
187 221
155 17
176 4
1 168
138 171
151 140
117 163
161 115
114 113
166 145
162 197
258 262
207 195
110 3
71 210
40 108
184 95
263 254
48 36
32 8
130 221
45 239
39 126
24 24
140 24
183 131
23 23
146 217
72 107
197 107
91 100
217 25
179 31
133 245
29 234
146 160
92 165
11 203
186 155
3 228
112 49
227 250
265 36
57 120
195 70
225 84
145 226
230 33
0 80
132 173
136 267
212 68
151 106
219 122
45 127
132 63
221 72
136 0
47 92
17 85
87 177
72 217
175 197
151 219
83 56
260 94
48 23
224 9
37 243
249 11
255 167
64 265
114 2
58 108
39 59
115 68
224 168
35 242
9 264
10 111
94 128
120 130
99 258
130 5
153 18
188 102
230 146
152 212
81 210
167 26
92 98
160 220
127 208
209 99
66 86
106 178
81 31
86 245
111 37
170 78
29 201
241 197
239 188
122 125
237 268
87 111
140 223
164 115
36 82
91 41
57 252
232 117
27 125
103 152
109 230
176 221
38 168
27 195
193 48
203 206
124 210
262 123
240 30
6 16
123 231
258 249
260 165
110 197
44 168
242 172
206 223
89 45
99 7
24 79
13 137
196 160
122 174
198 127
70 166
72 135
97 238
181 53
38 113
171 216
194 239
14 117
143 217
175 254
192 240
225 143
49 259
48 175
73 233
59 7
260 249
220 132
163 261
210 200
17 72
31 76
43 96
232 205
174 3
126 28
96 163
192 77
142 20
31 177
32 258
95 262
83 180
223 38
264 263
242 85
201 139
245 20
184 115
75 66
207 3
55 116
160 188
242 262
1 200
251 171
222 236
243 259
266 83
115 13
269 144
228 131
215 197
205 237
65 107
139 75
12 147
12 82
259 39
1 22
218 96
149 137
118 73
135 23
159 244
119 71
62 172
66 251
8 246
9 76
255 101
183 197
198 90
261 225
168 263
263 35
191 1
238 137
92 108
22 179
267 206
2 234
174 25
140 233
162 169
10 126
78 102
221 4
224 232
166 81
52 127
232 16
207 29
246 112
116 263
80 15
80 178
76 152
35 190
199 129
191 160
259 196
179 152
188 231
139 13
129 8
72 82
175 147
32 106
38 225
10 257
258 165
32 150
83 3
143 85
45 129
67 169
258 41
116 94
38 55
109 114
219 71
105 149
267 177
60 115
257 143
149 140
204 119
254 236
212 192
9 58
95 116
257 247
165 89
95 232
165 258
98 44
105 175
179 231
67 45
267 202
147 176
258 29
252 187
37 53
163 259
191 26
231 8
241 31
269 27
142 116
29 35
98 226
123 218
193 112
116 145
102 150
140 189
26 267
5 20
259 126
101 257
174 40
241 258
93 75
155 150
267 252
253 91
108 239
147 236
224 51
163 87
181 66
132 169
28 31
38 61
180 169
265 253
45 97
56 221
14 112
263 13
52 99
57 161
236 3
119 1
209 121
186 96
236 230
91 202
87 199
259 9
190 164
31 164
227 14
1 119
112 157
42 116
66 55
244 164
231 10
30 46
158 24
50 90
151 164
94 115
187 248
142 209
205 106
5 95
130 99
213 242
144 58
235 89
49 2
118 230
48 151
98 181
60 260
18 12
239 196
44 233
72 220
148 57
184 74
56 154
168 79
67 266
184 18
177 113
114 148
97 261
169 154
111 227
97 154
33 224
160 160
129 225
254 153
103 52
133 167
43 238
113 234
20 216
263 33
220 41
17 33
71 130
2 158
196 216
63 23
231 148
236 43
215 112
235 155
182 115
80 5
232 2
91 199
85 243
143 77
7 7
214 11
172 39
36 156
94 126
192 123
203 246
101 231
189 180
244 142
227 123
176 235
225 12
100 17
163 257
257 8
148 159
234 204
185 210
8 11
46 142
73 73
108 212
106 162
107 14
109 30
64 148
234 174
190 234
199 238
189 169
187 195
93 170
70 251
2 98
171 155
164 168
245 205
95 169
269 121
69 169
258 202
197 31
127 246
243 43
69 55
135 241
21 253
127 95
230 111
26 228
197 132
40 206
32 187
61 3
3 154
72 179
101 218
165 14
128 87
196 60
257 207
163 170
242 212
136 134
8 244
161 179
87 143
14 155
92 268
31 133
220 129
76 160
125 100
110 270
30 179
244 162
207 184
261 38
98 64
68 108
236 41
77 5
164 146
0 108
151 226
136 44
62 143
11 255
200 127
122 104
83 85
88 27
233 253
235 178
59 54
10 266
223 234
74 212
69 151
95 266
160 229
156 85
98 67
132 188
139 22
221 117
53 213
128 59
247 162
136 15
184 193
255 19
136 98
13 156
254 238
103 256
6 127
147 250
33 10
7 12
148 237
73 158
90 79
210 101
45 144
60 236
119 262
256 49
246 114
118 150
145 60
130 11
197 180
181 120
165 204
23 170
155 21
112 209
174 233
206 119
80 40
174 74
169 66
209 130
244 80
4 205
19 251
101 27
172 24
178 130
201 49
225 251
240 42
264 169
206 90
84 68
135 119
249 220
102 25
146 248
12 111
77 75
248 84
65 138
261 257
180 173
245 74
20 262
57 186
151 168
35 135
251 266
133 128
41 97
125 84
199 182
134 161
211 225
13 95
98 48
61 186
135 157
139 77
138 250
92 148
81 172
81 100
261 83
246 204
173 1
62 251
250 242
215 8
234 62
48 25
68 45
257 96
83 225
222 232
9 145
238 40
197 182
194 216
101 72
180 4
81 20
43 199
117 89
243 112
119 116
46 76
182 118
157 121
203 264
9 6
194 236
182 190
253 185
12 238
140 212
188 106
40 20
12 122
168 92
24 0
201 246
116 69
33 134
223 52
105 152
13 252
213 257
55 3
242 49
59 47
77 185
88 210
229 105
40 229
242 104
235 224
41 16
112 113
115 58
45 70
199 137
81 150
196 220
137 243
47 185
29 260
108 130
94 246
37 111
101 203
33 260
171 206
110 133
175 188
149 26
24 28
179 35
249 16
164 12
57 39
154 56
172 59
73 51
91 121
212 265
79 239
270 136
238 42
126 164
203 162
115 132
136 189
92 113
155 241
214 72
94 148
266 262
190 144
93 117
130 131
195 214
211 229
179 92
109 163
255 251
185 117
150 4
93 12
41 126
218 78
148 224
5 153
262 169
135 21
225 56
186 29
76 196
74 195
133 154
265 183
260 228
251 10
179 56
132 4
171 93
125 98
253 15
39 174
100 180
67 84
222 40
213 9
180 0
55 52
245 32
125 133
7 264
172 237
99 189
120 36
28 163
141 245
52 97
137 42
9 124
101 187
81 268
168 97
237 252
71 247
157 249
15 214
92 211
166 242
207 102
195 26
183 213
265 232
48 27
75 5
207 142
66 96
149 270
149 201
44 155
62 228
177 255
5 167
187 95
59 3
178 176
36 34
183 201
252 194
68 86
127 228
12 202
35 230
155 76
84 218
261 167
220 209
267 7
225 249
99 224
174 193
230 2
39 201
45 125
21 230
149 32
44 265
5 207
119 3
119 88
72 215
32 211
49 140
239 66
161 245
9 203
267 183
242 232
232 178
146 94
62 232
44 146
167 43
40 37
171 201
194 255
192 79
223 214
256 94
236 159
101 82
145 22
243 31
152 210
14 28
194 114
234 157
267 63
239 210
250 268
15 259
2 75
223 216
69 203
92 127
184 86
50 246
65 46
156 57
244 249
157 115
17 116
150 43
152 44
182 86
124 244
241 226
262 242
197 61
102 186
150 65
0 234
0 16
214 32
79 118
213 202
238 106
262 249
155 223
237 187
126 9
59 149
126 11
62 134
73 80
34 217
80 22
191 111
31 224
218 120
134 109
114 188
190 242
269 138
229 107
4 12
185 194
85 114
244 253
79 245
86 103
189 104
171 253
84 268
49 240
202 83
151 79
88 208
231 0
211 242
180 12
243 63
248 3
76 228
22 232
187 250
246 248
8 185
209 64
54 78
56 176
214 192
200 261
35 129
54 158
130 95
129 169
243 67
7 248
40 80
11 40
43 98
187 104
81 224
239 255
81 222
115 90
235 190
114 77
42 77
258 51
96 48
50 33
244 84
122 229
12 243
227 148
245 14
128 263
7 3
179 217
247 41
207 35
184 113
200 27
41 144
93 77
236 137
202 142
11 124
86 265
193 125
135 263
206 104
211 199
69 35
145 82
80 266
23 168
26 142
63 18
78 22
127 210
108 44
227 12
91 210
83 171
220 136
144 114
15 254
11 222
137 225
100 47
77 241
161 12
145 234
54 12
87 263
35 225
115 154
229 177
14 238
19 13
143 59
99 65
204 79
260 30
52 177
135 111
15 223
228 257
207 121
46 270
20 7
162 258
109 108
97 108
114 232
6 56
85 95
88 245
192 75
109 225
221 142
261 66
263 182
106 48
128 12
64 142
105 147
126 203
160 225
34 34
249 154
252 239
267 56
169 192
190 182
92 141
198 105
234 136
150 2
144 216
5 185
81 239
177 191
134 123
236 101
243 125
63 114
47 192
186 232
243 188
270 30
257 129
126 201
33 66
217 245
264 249
248 6
106 126
15 121
212 71
154 269
21 145
181 38
36 57
170 46
36 175
240 171
164 142
238 135
159 154
72 194
263 192
210 62
54 31
163 231
54 198
59 251
78 68
93 248
265 202
169 215
172 111
198 103
225 108
42 37
189 221
68 79
210 5
71 208
151 63
269 6
199 69
98 222
48 127
127 178
259 143
42 181
10 113
174 110
209 8
233 5
199 32
123 216
195 64
219 169
38 249
93 41
73 105
9 235
73 24
194 257
151 45
259 68
201 236
191 3
234 225
10 0
163 161
232 222
114 146
22 182
95 227
50 257
178 87
198 71
94 233
269 54
167 176
23 35
41 11
270 104
201 85
70 153
76 219
152 4
30 115
4 191
180 179
248 117
69 134
145 236
110 238
185 143
19 217
65 88
16 164
128 28
114 54
118 70
114 192
149 117
45 102
200 135
52 32
104 143
196 9
255 159
122 87
190 83
187 225
231 151
217 229
247 71
178 189
81 27
17 214
143 11
33 266
252 56
70 206
31 190
141 13
216 209
267 208
199 244
199 26
266 234
44 269
246 256
194 182
249 266
253 160
133 59
9 143
98 236
19 32
11 196
207 48
63 175
175 114
246 39
113 204
100 222
196 37
99 264
63 195
246 252
115 190
235 5
172 37
114 15
218 124
170 267
119 249
18 103
126 30
167 88
223 170
200 47
134 53
114 266
232 267
15 184
79 76
190 140
254 187
13 217
177 164
232 203
210 138
260 206
71 154
61 184
221 258
48 173
249 158
125 179
157 19
210 113
125 205
126 213
210 26
94 242
134 188
226 166
118 36
145 141
107 18
266 38
170 194
173 76
40 195
116 54
215 151
113 246
124 29
15 78
111 111
93 109
169 239
249 13
56 157
19 253
267 96
266 257
162 28
143 248
269 82
137 58
28 24
3 160
70 253
115 10
68 254
219 39
244 50
222 225
212 166
178 216
126 166
246 95
88 88
151 149
226 161
70 115
74 133
28 26
226 38
6 101
151 49
212 256
193 27
225 130
131 9
83 249
76 134
155 120
193 25
216 205
68 33
107 236
259 225
179 219
86 145
216 4
116 77
125 207
182 122
246 90
261 34
243 109
200 5
232 13
257 204
196 183
118 146
107 163
265 209
195 13
230 167
263 155
181 56
95 34
61 258
4 10
46 264
197 35
130 187
195 181
239 207
234 210
193 0
223 47
195 208
205 88
148 251
230 253
211 112
251 193
146 35
92 242
172 219
178 161
242 264
115 46
167 239
175 200
270 145
166 53
167 86
7 145
175 242
99 203
38 57
48 216
165 160
199 163
231 30
8 131
78 66
47 100
47 9
255 6
113 90
83 54
121 88
88 54
254 132
20 53
264 121
80 232
175 58
177 111
120 192
171 268
194 123
170 38
262 256
128 131
83 219
11 76
172 109
208 62
127 167
141 235
123 178
77 103
263 208
117 165
160 192
215 103
177 242
189 244
128 250
246 16
21 103
228 103
40 135
45 65
4 102
170 114
50 178
201 156
218 154
11 146
105 164
149 78
66 83
148 142
200 104
188 30
207 197
191 170
7 168
144 132
150 213
10 78
184 71
33 207
162 234
60 170
178 90
241 139
258 141
187 178
267 192
194 41
244 10
95 13
39 115
42 138
60 129
260 59
51 191
222 168
105 121
14 167
3 21
250 240
194 108
266 116
105 52
169 45
169 169
81 167
256 135
96 182
200 90
245 219
167 154
120 22
136 40
58 110
164 48
220 54
50 263
211 209
91 133
188 233
178 38
210 257
129 149
42 58
255 58
5 8
200 157
26 144
270 210
207 92
46 53
121 219
169 37
48 31
10 237
116 192
263 97
171 25
114 37
39 231
36 16
225 126
96 237
148 186
176 189
3 200
246 254
6 99
23 82
200 29
215 203
45 115
149 61
81 243
168 47
151 254
88 58
253 58
268 106
68 258
135 174
253 193
242 123
216 153
34 188
91 150
22 55
22 29
134 121
97 34
169 76
120 70
91 215
114 144
170 34
181 132
256 172
96 70
259 171
207 268
247 157
18 10
176 90
160 246
248 222
5 165
50 244
232 201
256 145
226 198
90 141
215 114
177 52
177 94
190 27
54 200
212 115
108 180
246 18
54 172
228 167
129 252
194 89
91 124
154 60
157 123
226 182
178 180
264 43
90 98
163 245
261 12
39 96
231 264
228 54
149 217
119 90
169 254
193 45
21 149
40 13
9 168
14 263
259 81
218 86
82 247
133 36
226 256
245 5
149 179
229 201
202 18
4 158
205 167
178 170
51 9
207 193
125 219
262 261
3 70
24 141
178 159
165 51
159 156
24 267
4 35
201 105
149 82
195 57
67 171
225 49
141 78
174 0
139 43
88 77
269 17
150 224
196 66
261 204
83 214
245 154
205 143
150 221
195 39
71 93
263 11
48 149
3 124
63 48
194 59
9 147
55 156
93 8
51 157
52 215
179 260
22 144
103 254
127 13
240 85
36 79
58 21
49 194
85 266
92 78
181 130
95 264
93 30
138 150
219 26
177 187
220 167
152 238
151 67
179 53
50 37
18 255
48 91
238 91
29 213
251 14
111 71
213 13
76 230
89 179
105 173
249 9
12 262
11 80
200 72
168 41
77 1
108 209
130 153
28 193
181 20
27 36
150 110
222 6
158 160
175 125
17 184
230 58
123 206
184 28
62 197
105 236
108 16
41 137
23 252
112 168
81 176
74 228
116 73
61 135
267 81
97 230
250 97
162 200
86 59
248 77
159 221
241 47
159 90
34 15
20 164
32 203
216 244
184 266
48 51
47 103
132 152
220 7
136 199
138 110
136 121
265 235
146 181
255 176
257 83
171 170
218 208
194 83
131 209
112 15
19 184
13 115
178 172
256 57
267 114
259 60
111 128
104 98
257 68
248 124
41 87
135 267
237 110
135 167
163 210
45 99
226 232
39 154
34 185
121 246
171 265
90 39
49 218
2 73
155 194
253 20
215 110
163 8
180 177
166 10
199 134
102 207
153 181
175 16
188 66
87 121
164 242
79 20
119 118
35 246
196 90
47 98
214 240
123 220
238 49
103 146
159 114
236 232
55 61
238 31
74 135
202 229
179 20
161 127
227 146
213 194
170 186
182 70
62 110
24 26
264 191
7 235
161 129
168 210
147 158
0 158
195 169
87 211
246 123
252 152
120 103
15 115
269 209
71 99
66 188
57 112
129 223
246 35
188 242
260 194
259 11
217 114
50 35
148 182
221 254
86 80
262 60
180 257
238 100
181 211
106 171
169 127
99 260
142 110
145 189
18 163
197 81
96 201
114 60
141 108
65 172
264 62
223 143
48 138
110 231
114 168
174 59
99 209
263 119
168 13
236 120
114 196
177 125
63 76
29 110
62 136
183 199
140 130
59 58
104 150
234 42
109 269
16 123
129 6
80 29
146 91
45 89
231 106
193 4
124 27
45 147
99 51
82 22
256 165
164 159
60 110
10 249
173 112
124 229
75 138
222 148
207 31
71 158
55 55
44 201
48 257
59 169
194 46
34 215
6 184
241 66
130 219
44 77
43 81
261 259
242 141
219 180
112 25
74 218
102 182
153 76
192 47
205 63
81 42
240 105
243 138
79 181
90 148
167 34
147 85
60 248
126 115
231 115
259 167
86 15
42 270
161 113
82 67
171 192
39 92
36 261
88 36
28 7
221 252
11 169
21 23
209 212
257 81
57 184
189 178
73 229
69 155
234 31
76 26
141 214
74 153
198 136
205 117
217 238
107 174
70 79
186 27
165 177
112 107
71 36
61 144
255 48
47 72
71 52
250 68
167 162
202 260
16 51
91 192
131 268
123 176
91 112
30 78
15 2
75 89
106 43
258 100
66 28
43 231
73 5
183 191
141 225
179 39
140 44
177 264
198 6
0 46
197 29
169 221
133 72
219 242
98 220
235 253
85 105
64 21
217 122
22 254
38 163
236 1
225 179
213 49
221 39
143 235
213 64
74 137
242 230
155 19
179 264
135 183
177 34
33 36
42 128
181 218
133 156
113 149
4 163
223 111
41 197
16 239
74 193
2 192
60 133
237 118
194 14
213 26
28 78
145 249
26 64
17 75
237 90
4 112
213 196
41 18
193 71
21 3
31 226
70 82
171 172
200 141
72 91
175 152
119 163
208 5
113 170
225 45
68 59
181 2
257 71
104 162
47 140
90 77
125 138
119 38
104 96
174 252
223 70
17 87
265 65
38 170
259 230
147 178
61 230
112 147
17 263
177 32
170 110
178 54
161 26
207 63
164 199
221 229
154 119
236 96
97 165
99 154
177 62
181 268
108 241
71 232
36 163
64 27
230 14
126 135
264 266
147 27
40 139
234 249
45 91
44 14
27 164
230 133
7 58
123 101
32 28
68 114
196 50
241 193
185 265
206 4
187 16
142 57
29 149
160 248
29 161
238 208
90 213
215 27
26 23
244 61
150 23
29 37
241 64
223 228
13 269
22 67
126 199
194 11
65 199
166 240
194 143
194 5
102 86
217 242
151 47
177 240
108 165
131 158
208 225
253 226
39 130
91 76
107 52
218 167
203 49
25 62
254 50
263 202
77 156
185 73
41 89
47 24
261 36
249 270
170 176
235 268
258 104
170 128
76 67
41 95
47 171
212 5
142 233
161 177
72 206
214 34
248 69
9 207
125 177
47 260
174 195
81 208
18 73
227 121
165 155
258 27
47 239
232 133
270 21
89 110
169 35
181 260
137 245
181 259
252 22
73 162
116 260
201 250
0 123
9 269
35 39
256 233
122 177
18 107
92 27
74 216
142 262
270 212
211 7
51 214
117 117
69 37
160 170
35 152
229 56
230 121
109 235
8 183
143 41
128 161
210 191
74 128
23 214
31 4
141 144
212 240
251 159
213 226
79 27
140 55
16 166
180 122
231 6
225 52
266 94
11 253
260 63
50 176
208 208
0 19
255 87
243 33
248 1
18 182
226 221
34 105
247 155
36 106
44 191
190 105
238 33
75 234
52 131
143 221
102 189
79 24
113 50
198 209
262 84
191 270
128 165
255 227
194 9
110 204
175 112
124 22
223 238
145 221
160 30
180 171
177 65
104 122
36 55
114 0
184 97
269 207
34 248
238 27
198 141
100 49
149 223
104 240
191 74
5 129
0 140
86 210
241 195
264 177
11 139
44 79
36 216
173 191
105 15
232 30
43 88
152 71
19 180
158 87
263 125
254 169
30 28
167 216
166 45
6 209
79 176
243 261
5 4
72 79
82 229
3 72
13 139
207 37
119 255
47 5
260 241
34 166
214 74
191 94
140 210
216 72
130 185
113 10
191 254
58 5
59 50
225 112
83 146
225 223
157 243
68 245
102 74
163 89
21 51
227 170
125 111
268 237
267 43
58 105
210 189
28 49
46 233
50 52
84 19
127 205
117 35
131 189
177 208
141 86
90 32
83 122
130 92
33 80
254 94
47 221
153 265
119 232
30 205
247 12
244 203
87 249
94 45
99 46
216 247
0 52
262 234
165 16
263 265
121 162
110 58
66 265
180 99
54 53
3 53
46 266
256 249
241 106
87 99
45 10
52 189
98 234
184 16
44 12
243 186
245 257
129 242
11 200
107 93
222 8
249 218
42 155
31 263
89 96
155 114
139 262
22 1
164 111
51 245
130 217
60 117
133 190
91 38
151 269
25 230
234 229
117 2
201 53
197 267
228 120
7 207
21 32
233 265
139 175
154 78
199 15
219 134
247 221
38 109
3 115
59 120
223 249
57 224
120 106
109 18
93 150
74 91
99 187
262 18
137 123
154 228
219 149
24 131
229 222
123 34
35 133
97 232
26 232
228 150
172 151
130 266
111 190
141 90
24 127
39 194
205 34
114 152
208 132
143 227
219 153
55 185
33 246
193 161
57 52
57 238
201 144
200 19
116 231
132 259
20 55
229 11
31 48
228 197
191 238
114 17
264 118
258 191
262 121
218 243
126 211
135 77
5 148
34 163
46 180
55 251
217 27
82 212
55 190
14 0
191 162
261 97
256 4
26 46
90 132
30 163
61 127
262 43
115 50
226 163
54 59
25 196
237 164
239 194
260 85
44 178
201 81
212 95
59 61
105 184
49 180
139 250
115 56
255 96
178 258
168 117
270 95
198 204
178 14
54 175
221 119
269 191
237 67
113 62
90 118
239 125
82 58
66 79
166 18
52 93
81 220
206 209
15 257
72 204
159 32
145 251
115 19
212 32
89 177
268 254
79 221
222 81
83 265
100 156
8 250
82 40
119 190
130 205
224 128
128 202
65 30
270 200
103 209
0 57
128 55
139 244
44 19
147 29
137 176
56 114
212 25
188 120
117 71
22 107
110 213
223 181
212 104
268 179
249 160
122 252
22 263
153 67
173 147
40 142
200 233
80 211
152 153
262 99
127 110
115 32
143 89
9 4
143 197
239 192
7 70
145 84
237 92
88 200
150 153
132 130
47 15
201 258
137 74
28 63
79 74
152 21
34 200
81 180
126 88
47 147
256 235
225 224
134 4
48 177
60 20
106 242
86 87
83 261
175 63
165 6
76 87
29 142
158 58
256 174
201 161
269 110
166 116
182 15
118 114
96 36
48 244
92 174
43 18
238 63
236 30
41 59
235 270
218 136
87 86
155 265
166 83
251 219
35 227
5 169
212 51
78 177
182 13
236 64
69 242
219 3
131 38
88 15
51 1
263 235
153 16
141 43
104 73
151 108
178 256
83 124
74 151
87 206
235 66
83 43
256 154
37 174
3 165
49 255
245 47
141 16
152 253
63 81
138 15
247 92
134 186
39 111
176 39
118 64
119 132
176 253
60 172
155 162
111 114
35 232
83 17
68 132
129 267
169 206
60 159
179 215
59 184
39 218
223 130
167 7
91 146
10 202
22 146
89 124
80 59
75 105
82 29
246 70
68 153
268 5
89 38
113 208
235 122
156 159
98 152
228 111
28 191
62 29
207 264
254 249
5 171
207 168
13 113
141 270
149 169
200 234
102 154
65 263
130 129
45 72
0 121
242 84
189 167
3 232
63 263
261 143
107 124
215 39
88 13
59 52
265 34
162 30
141 199
206 255
48 179
80 102
173 269
256 156
207 246
227 200
68 252
71 180
254 191
77 24
222 74
23 202
165 175
210 104
242 54
9 139
259 66
225 10
268 200
63 210
198 184
161 111
83 270
253 158
186 228
101 45
69 90
28 108
231 254
87 96
123 132
48 97
147 140
217 152
91 117
137 72
56 13
87 192
196 204
186 122
229 144
240 135
97 199
47 237
204 131
234 180
148 156
64 236
58 48
45 15
7 77
163 178
135 73
16 156
41 93
14 224
226 54
213 28
61 261
38 79
79 17
186 246
108 112
235 188
69 246
90 197
261 192
58 116
205 92
27 176
36 113
183 156
228 15
95 74
50 132
153 148
164 209
88 145
115 233
208 104
97 14
16 225
208 180
25 214
268 155
248 243
51 261
221 130
263 146
137 76
7 150
137 184
45 85
26 204
179 233
98 201
128 200
199 139
35 261
199 30
104 181
109 237
232 224
67 107
107 133
46 235
134 248
116 188
36 167
119 107
170 270
94 267
231 250
135 128
180 95
135 197
200 185
28 111
39 238
215 169
128 152
185 179
182 126
183 67
100 182
95 268
262 228
62 116
70 97
268 61
158 256
68 256
76 65
190 240
58 236
66 197
148 216
18 28
22 25
52 160
88 60
158 225
246 118
14 141
225 43
7 232
168 266
88 175
203 33
237 213
118 103
145 113
68 167
177 67
243 82
61 112
116 114
110 192
176 195
252 169
230 158
119 54
258 234
160 200
228 211
234 200
14 88
188 240
134 65
65 150
42 20
236 103
230 221
198 211
251 101
212 244
76 128
205 262
205 121
88 90
166 112
266 249
52 158
19 87
112 197
203 182
146 58
58 78
94 174
205 246
188 122
224 39
56 188
121 221
17 77
52 266
172 175
18 52
254 89
60 188
55 220
149 167
210 145
192 146
174 222
203 164
177 30
136 150
112 47
258 184
128 10
170 152
28 46
23 68
232 158
76 132
191 45
190 220
162 189
138 266
56 109
212 101
21 87
166 114
237 197
264 184
246 163
81 17
131 224
44 52
163 176
212 145
29 250
231 179
225 122
108 91
41 193
55 38
37 80
207 33
207 144
47 26
159 116
227 180
42 52
242 45
19 242
95 139
28 147
82 266
98 36
195 125
89 34
246 86
161 90
60 131
162 229
186 69
184 241
219 1
113 13
12 221
26 108
211 110
232 167
199 161
64 109
175 76
235 176
262 20
106 209
28 232
99 38
248 98
240 54
226 82
231 26
70 88
12 256
79 70
253 156
240 246
99 262
49 242
203 117
107 128
27 129
234 162
53 55
266 118
20 210
19 120
169 217
173 201
135 69
41 153
31 259
123 138
28 202
119 165
176 50
86 247
188 28
81 3
143 91
57 170
224 82
27 260
243 211
110 47
225 145
67 243
5 228
18 215
104 179
148 3
197 215
194 92
199 28
17 188
64 252
179 133
110 208
84 87
37 129
56 89
99 266
80 132
175 154
92 45
229 165
18 118
260 153
188 163
27 200
97 167
222 115
16 106
179 22
225 181
121 132
124 59
61 56
248 245
161 231
81 47
239 145
8 128
90 145
196 83
94 26
72 251
102 131
129 167
197 14
261 232
240 124
81 118
53 199
221 85
95 260
180 159
183 264
13 240
70 132
220 231
239 64
185 157
57 3
114 96
95 109
230 109
264 239
119 145
220 125
269 99
179 2
187 244
42 159
70 38
100 204
177 260
201 204
136 39
127 160
12 126
181 238
203 81
260 145
237 88
224 17
0 44
157 91
222 87
168 140
29 177
191 92
101 147
165 169
227 168
60 49
209 142
208 119
36 37
148 246
21 180
266 204
84 182
43 92
48 262
194 7
148 214
93 202
92 125
267 235
46 258
176 198
236 226
165 244
236 180
269 44
212 99
36 218
150 119
221 180
36 137
96 44
94 152
169 219
8 0
182 96
74 179
137 262
158 85
198 24
266 35
183 72
133 241
63 108
156 225
79 88
97 265
232 112
92 145
248 268
97 30
220 236
8 56
52 36
164 42
69 110
187 67
204 265
229 160
154 80
119 247
147 150
93 244
41 140
139 17
149 152
110 60
96 42
224 80
26 78
144 130
184 209
128 214
254 253
214 265
153 183
7 147
12 141
131 149
31 113
22 130
173 78
199 88
266 237
47 187
129 61
90 246
32 64
193 81
244 49
240 212
44 230
269 9
69 52
239 253
89 100
199 63
219 98
152 138
100 229
166 12
261 64
18 6
265 55
24 190
85 226
131 112
175 207
26 88
270 117
202 160
186 106
112 0
81 38
139 270
263 95
237 254
80 270
72 95
109 46
199 178
246 246
79 215
95 0
11 241
38 155
145 200
20 108
247 125
99 91
141 76
66 64
46 30
219 238
30 31
111 78
144 32
256 24
222 230
39 204
27 161
139 248
95 72
178 212
29 67
55 187
269 80
261 227
108 232
199 49
0 157
61 137
250 128
2 113
26 25
262 30
167 51
134 130
96 68
151 136
264 255
192 233
162 247
265 251
218 132
248 241
62 214
116 92
197 27
179 94
189 70
101 51
257 6
226 36
65 81
91 67
78 154
85 81
102 88
238 104
61 252
185 198
162 256
268 19
120 86
215 97
63 46
186 230
97 10
197 239
233 59
173 206
0 112
259 86
44 180
139 108
18 66
130 248
134 19
166 202
140 20
58 222
227 130
115 162
11 207
48 47
208 52
2 122
5 71
8 135
183 41
244 15
27 127
74 75
27 44
263 259
148 212
96 32
210 208
267 85
158 247
252 173
117 246
126 40
241 110
241 33
96 114
162 159
137 100
152 167
168 20
61 106
166 98
105 50
112 130
259 189
129 208
66 114
242 245
22 84
66 207
8 205
17 27
25 22
178 235
227 126
39 90
209 28
104 154
84 56
214 4
46 182
203 144
167 255
69 171
171 77
170 91
22 53
62 259
169 245
75 230
153 50
203 262
259 260
37 154
188 143
178 214
205 157
29 61
127 93
55 204
113 78
16 255
101 70
220 81
246 116
237 223
164 201
55 80
100 237
195 268
83 221
168 90
264 144
242 69
113 224
260 128
89 134
156 78
171 48
267 41
255 161
62 129
195 81
62 189
258 94
260 6
165 87
219 77
162 204
129 227
227 84
85 224
221 169
65 230
125 129
80 241
258 70
111 30
134 126
26 27
85 3
0 144
222 128
138 200
147 223
115 30
5 146
63 230
227 32
213 113
95 199
153 163
225 217
37 204
180 266
224 259
265 179
14 261
245 3
159 227
262 144
191 70
150 252
246 97
132 243
155 243
268 185
245 120
142 18
124 203
2 199
168 243
32 200
196 130
76 179
93 100
181 116
198 233
20 30
202 248
136 67
186 208
261 124
266 61
194 110
269 76
184 119
64 186
234 231
171 63
209 192
8 234
250 221
220 73
264 150
145 88
224 147
26 0
167 160
