101 210
98 150
77 105
83 150
201 177
258 268
144 238
204 90
149 24
14 148
239 122
269 142
204 169
216 165
176 41
104 128
260 244
99 108
103 54
145 94
125 62
120 115
194 144
265 120
82 19
114 26
207 229
214 267
130 243
122 83
170 264
71 80
107 239
102 243
15 119
1 105
223 257
118 120
194 43
117 93
181 240
31 29
24 180
173 209
260 152
119 257
268 21
164 211
49 236
241 36
79 3
192 220
117 0
244 207
73 11
19 8
51 56
259 7
239 109
203 157
100 218
211 192
186 65
129 191
193 171
79 58
265 39
156 221
97 41
56 9
151 62
219 84
0 232
101 259
4 101
196 123
234 201
167 174
77 148
264 260
194 160
189 256
154 22
37 251
9 13
45 17
159 126
114 158
105 41
36 144
160 255
143 94
232 198
57 80
175 157
187 161
260 36
169 8
27 90
208 170
94 172
28 235
170 69
258 128
226 51
72 156
211 48
156 153
183 68
228 17
155 158
172 3
263 268
262 16
54 99
67 269
83 52
255 185
237 201
133 38
19 22
52 91
43 202
194 234
80 120
142 187
103 239
123 246
58 183
17 70
116 151
108 43
249 71
34 226
246 84
206 207
6 51
241 245
175 62
261 126
146 119
176 108
68 50
129 245
16 76
261 164
61 104
155 115
266 157
236 177
205 6
50 94
100 236
118 148
115 203
20 212
136 37
63 149
246 202
180 269
66 267
120 120
125 160
134 171
243 105
0 236
162 57
198 82
50 126
109 80
258 196
217 39
64 140
202 20
66 261
75 72
112 115
234 120
243 46
5 18
46 145
35 154
154 152
19 214
259 83
29 132
117 190
95 31
122 23
10 47
233 61
268 211
219 82
80 183
259 194
236 211
160 195
205 145
21 69
62 58
215 30
217 169
255 199
25 147
11 198
230 132
148 109
234 110
82 169
177 5
153 0
179 33
10 37
248 11
159 128
168 115
32 262
129 116
50 216
195 15
25 130
116 258
166 167
210 198
17 31
117 167
176 249
185 205
229 29
70 21
244 96
268 76
79 56
245 122
0 55
34 16
177 155
138 186
229 163
32 185
206 212
118 152
225 80
69 61
244 115
1 124
10 205
64 215
222 240
14 216
143 21
37 226
31 67
201 206
137 196
16 33
234 206
27 131
168 23
254 155
95 150
54 217
263 66
201 102
61 80
208 244
221 234
156 102
270 155
261 190
202 235
111 172
178 262
68 207
194 180
37 169
239 118
128 8
6 234
214 246
192 181
247 120
32 217
138 134
76 193
6 14
6 73
38 15
39 52
84 244
7 96
41 232
77 119
230 200
184 27
136 19
129 38
71 74
118 258
152 48
54 224
256 54
27 189
101 255
242 248
264 41
263 204
119 122
121 68
190 116
15 227
212 147
49 192
233 134
40 163
217 112
115 194
99 199
233 0
77 6
169 175
75 147
86 179
101 85
157 151
136 53
140 57
178 16
195 237
199 101
163 13
38 21
150 268
78 221
48 68
46 14
106 122
13 197
59 113
120 101
24 109
183 14
107 46
242 16
116 66
172 190
105 87
71 249
73 89
220 86
159 59
118 20
111 80
133 239
260 248
133 110
40 42
28 143
105 129
18 166
150 7
261 154
209 65
242 12
47 17
258 90
56 111
103 95
236 228
95 50
238 173
54 116
190 232
49 220
113 172
95 75
25 82
80 230
104 254
182 20
193 23
52 95
205 267
28 258
110 130
134 63
117 68
107 237
16 216
217 83
30 199
258 133
237 270
13 260
47 126
155 193
151 178
217 210
87 56
210 132
234 29
214 206
6 190
55 77
192 235
225 148
209 48
206 226
235 111
244 111
114 131
159 18
54 127
92 213
206 131
6 11
238 29
65 25
211 246
81 264
72 128
109 162
171 153
46 172
196 11
197 4
56 172
83 41
165 4
0 4
145 34
136 248
264 58
67 0
15 92
259 222
51 7
192 109
119 68
112 3
73 117
113 226
13 227
139 111
198 137
166 85
115 245
57 250
24 177
68 54
135 75
226 128
115 167
178 40
96 143
102 196
265 57
160 142
239 190
243 44
26 50
263 116
193 91
156 39
16 0
220 151
165 77
248 127
4 208
129 96
52 28
45 67
186 197
118 244
125 215
52 268
137 111
38 131
178 64
85 57
13 92
224 87
170 52
244 4
267 14
186 145
8 46
213 7
69 99
137 1
265 180
131 239
163 110
147 184
112 246
232 32
43 113
101 129
186 71
51 130
7 133
106 54
34 152
82 119
214 165
48 53
168 68
4 187
245 157
237 86
154 69
175 238
0 179
123 254
181 68
152 228
82 215
130 163
42 230
67 236
78 223
54 162
171 255
43 228
174 199
110 64
89 211
98 8
256 69
253 163
42 268
16 74
112 196
260 19
27 197
117 116
29 130
157 112
23 250
159 124
150 77
89 150
53 37
98 29
138 54
258 53
112 187
52 30
0 169
173 58
53 120
142 219
96 11
107 90
166 42
85 85
114 88
97 234
118 34
63 29
64 130
164 140
268 84
103 211
262 266
27 67
10 199
269 29
104 242
104 206
92 54
194 60
265 63
260 90
232 121
60 229
187 180
185 201
215 190
242 255
63 236
99 256
230 266
62 60
10 269
140 150
64 60
155 122
198 64
66 32
170 50
202 51
143 31
63 190
38 219
248 113
149 163
232 110
13 167
237 35
105 262
228 161
149 46
122 163
138 41
193 238
85 53
60 16
145 142
45 186
261 150
209 210
226 16
183 129
111 77
248 9
151 223
59 80
225 37
26 66
206 49
112 17
149 157
144 219
162 232
82 15
142 258
206 0
212 73
254 53
246 77
138 66
224 19
40 88
85 112
29 192
199 47
194 127
129 92
18 83
76 154
181 156
224 115
207 210
86 181
166 206
2 15
233 235
264 157
59 24
88 78
68 230
149 254
187 193
166 209
106 131
113 155
11 264
22 168
52 53
115 267
247 5
91 34
67 35
82 213
106 1
17 254
264 19
74 184
238 143
249 86
84 103
228 38
23 142
78 72
1 231
42 239
242 53
75 52
13 255
210 140
255 82
5 97
224 183
20 67
41 58
245 34
196 71
28 106
113 71
147 83
236 28
55 57
257 62
126 113
5 264
50 28
110 170
97 69
149 165
167 168
100 29
242 29
92 26
191 81
123 35
130 151
174 65
240 137
73 130
18 105
244 113
211 223
185 86
13 170
131 96
229 147
264 123
61 46
134 159
128 91
93 269
205 36
56 159
63 25
61 148
229 13
260 98
260 61
84 180
45 176
25 33
102 8
103 241
187 123
37 165
207 262
166 158
97 71
131 89
209 183
222 163
137 135
8 191
180 262
31 78
20 106
189 239
99 27
214 105
12 165
114 156
65 269
260 240
179 121
38 117
200 50
16 118
29 165
167 208
247 151
61 114
154 73
56 183
60 60
258 58
53 187
184 122
15 269
162 141
247 88
35 248
6 231
88 193
233 176
115 37
124 129
199 84
24 204
229 7
30 249
111 228
118 154
29 29
116 147
104 72
244 38
236 163
162 209
60 233
113 58
12 0
217 76
147 61
125 96
95 164
199 37
179 157
173 188
254 144
121 189
268 78
72 214
91 120
127 89
53 269
44 60
253 223
120 38
11 137
27 62
148 154
218 240
127 169
204 184
70 208
110 109
268 95
177 235
269 97
218 80
10 192
134 169
137 17
149 107
39 161
6 250
48 234
250 247
121 36
137 173
134 262
0 32
103 51
134 2
249 224
33 38
84 228
17 48
248 251
86 89
178 88
215 201
225 163
113 194
134 21
215 107
178 174
261 207
28 179
209 268
117 121
235 135
233 89
62 141
200 229
162 202
155 148
98 224
205 248
222 75
66 109
101 145
78 30
113 129
142 133
153 65
143 236
243 184
55 11
105 256
144 30
212 267
34 203
66 234
33 213
40 220
135 246
204 51
207 227
64 250
204 236
171 91
84 216
99 71
166 141
128 244
85 6
141 111
216 33
116 16
30 247
252 252
169 25
260 235
110 132
112 39
163 15
10 251
162 143
75 232
95 52
8 75
178 58
1 161
196 158
80 155
117 232
239 198
188 246
239 267
225 125
186 248
88 173
264 114
209 168
213 70
96 154
21 251
207 191
243 206
19 186
22 27
262 152
92 39
75 158
256 47
166 143
183 116
83 45
83 167
172 239
79 100
187 169
137 55
51 270
11 267
163 4
77 232
246 2
223 253
27 175
255 92
174 108
16 148
197 56
158 93
71 134
221 79
63 113
38 81
32 104
87 225
196 127
101 152
134 98
213 99
262 58
118 256
15 84
25 128
136 161
35 150
107 41
129 264
220 5
43 86
64 261
209 30
243 87
27 233
176 133
21 147
172 146
12 157
54 90
256 201
124 162
52 213
216 6
52 34
185 250
202 90
176 262
197 207
204 161
12 38
180 97
130 261
153 165
151 166
177 92
106 92
255 247
71 8
6 266
42 54
217 135
247 244
177 210
107 262
36 65
4 114
22 11
77 28
85 124
247 223
255 103
234 65
47 78
170 61
117 159
211 52
141 247
38 135
84 15
242 80
230 104
24 88
79 149
56 174
120 149
225 15
154 160
24 4
123 85
190 258
211 8
104 208
20 34
90 152
232 104
179 241
185 17
26 216
31 32
138 227
63 79
106 16
161 162
53 39
37 126
165 162
134 79
259 207
74 22
257 208
112 29
71 243
47 67
198 10
77 3
236 198
147 81
50 70
14 219
64 128
65 211
176 89
34 36
192 12
168 66
70 23
193 62
256 195
39 94
80 209
228 221
128 206
239 247
255 131
51 38
221 257
198 50
64 229
71 10
112 230
197 128
60 106
255 71
244 19
13 145
147 199
154 1
46 262
125 229
187 239
74 50
124 226
89 199
240 127
241 214
262 93
90 204
179 86
79 264
88 247
152 119
200 231
264 247
137 148
47 128
110 15
22 216
261 40
94 168
162 261
225 260
84 169
202 127
236 157
198 39
67 257
188 223
83 50
208 49
202 231
15 90
137 39
251 224
19 24
204 165
244 123
211 144
20 26
178 218
126 94
132 247
38 13
110 233
82 121
167 264
144 56
179 163
9 80
24 84
91 132
7 72
263 167
200 86
82 1
18 164
49 223
143 260
116 153
114 28
247 154
90 27
120 73
201 263
254 173
252 238
175 52
96 107
160 24
81 55
231 60
244 40
99 240
227 214
70 91
174 149
82 227
170 90
217 184
216 96
239 38
68 65
19 71
3 149
131 128
167 47
238 120
37 171
140 242
19 85
195 24
241 82
125 217
16 226
183 211
149 28
96 152
215 94
93 147
88 181
41 269
251 17
158 100
122 100
248 202
38 59
244 69
161 59
178 96
12 40
143 142
56 113
75 161
132 78
47 7
186 241
173 128
3 104
35 234
3 14
68 261
142 216
90 29
42 191
39 119
127 56
42 201
114 35
49 49
221 144
70 241
117 21
269 119
86 4
78 179
264 17
265 146
10 243
125 244
111 13
157 125
174 132
245 86
0 98
112 211
209 228
55 119
239 34
8 208
92 172
213 110
182 55
270 115
159 162
208 223
200 259
234 166
205 47
172 114
66 195
90 43
43 126
257 26
200 70
47 51
111 89
36 264
116 11
211 197
33 114
222 227
237 83
78 270
46 191
147 25
223 78
151 237
264 238
150 215
185 207
222 161
108 132
121 56
12 149
140 18
255 142
10 82
229 31
175 20
1 20
117 195
231 269
16 83
116 160
80 66
89 147
17 182
59 151
154 75
188 176
4 77
106 108
234 212
262 148
149 48
151 53
139 11
141 69
28 140
131 42
197 143
157 163
218 7
221 53
167 110
160 28
184 120
200 82
160 144
263 88
26 199
262 62
195 142
208 46
31 131
27 9
241 260
232 136
127 38
71 84
19 69
235 213
63 212
130 241
46 48
150 58
17 50
17 252
80 122
265 207
189 95
29 262
202 136
117 161
40 128
183 206
212 165
2 17
243 156
170 119
112 60
264 148
69 81
173 153
244 71
221 77
75 155
221 149
43 94
241 136
220 120
138 268
46 69
67 99
2 140
254 197
35 66
35 214
94 43
150 63
61 146
74 182
261 8
243 140
189 118
237 189
127 224
121 107
266 260
60 22
260 169
27 215
176 31
263 64
226 58
117 75
32 205
204 234
157 129
205 129
261 21
122 204
85 101
201 227
227 172
73 222
224 110
123 87
238 123
99 13
2 52
241 191
140 216
222 151
131 60
179 66
139 143
197 134
232 211
112 193
241 189
15 240
38 239
181 158
34 253
221 2
1 34
87 123
205 205
180 37
179 208
126 131
76 149
185 128
71 117
50 190
71 86
35 80
167 144
143 112
64 32
161 227
0 213
10 141
254 55
182 262
211 227
118 55
243 209
24 129
180 19
153 226
41 113
53 156
83 113
100 92
79 185
172 66
47 90
139 146
259 197
98 32
174 28
73 77
133 158
25 110
232 148
259 102
127 204
180 55
129 159
23 33
119 18
231 28
235 88
131 157
41 79
177 18
120 229
101 208
23 266
91 129
14 123
23 86
55 222
204 209
190 75
251 157
6 152
153 14
101 241
154 3
127 218
165 147
191 256
151 151
25 175
139 148
238 231
208 256
110 113
139 68
129 189
138 198
46 19
50 265
121 231
10 75
169 268
216 74
131 62
56 5
217 206
14 53
147 164
207 252
266 144
145 198
140 262
94 238
1 142
191 168
48 241
78 121
155 15
227 56
135 96
119 57
221 82
149 252
245 53
1 168
249 5
165 256
14 221
142 141
12 136
7 210
190 223
40 159
69 244
270 79
265 122
166 94
43 90
59 132
195 48
219 78
257 22
13 44
190 30
176 219
35 109
85 143
267 180
6 18
126 162
58 118
114 70
17 186
23 218
129 4
76 136
63 19
238 87
210 222
120 151
223 251
231 56
245 55
129 219
30 80
94 9
52 264
226 259
242 14
26 106
190 114
208 254
160 101
119 245
234 197
161 15
231 160
200 187
213 200
118 130
118 66
43 144
118 191
56 78
7 170
232 119
215 207
160 22
268 137
254 57
104 93
45 237
197 16
85 83
162 193
165 246
112 132
158 153
133 70
9 60
154 41
231 252
256 141
197 6
67 81
67 57
45 106
175 209
145 92
2 111
52 129
263 56
22 105
50 0
231 177
41 115
193 89
154 43
79 170
219 229
212 142
91 143
41 157
66 53
169 256
8 242
262 117
239 107
203 128
252 189
64 234
85 122
194 258
152 17
222 146
78 131
157 60
62 234
8 126
104 91
157 227
203 140
49 8
56 201
230 210
72 76
105 180
84 1
114 115
201 179
223 144
28 211
140 141
258 5
121 129
77 158
31 181
182 193
143 79
92 133
203 53
132 261
1 117
173 67
113 92
40 77
105 0
58 171
122 106
25 2
208 201
31 261
72 202
133 5
180 154
142 14
243 263
148 161
38 128
90 201
19 26
50 92
186 143
131 168
17 81
225 86
176 131
249 152
125 227
83 21
129 89
160 203
177 127
48 95
144 214
4 231
228 248
71 89
202 265
203 77
100 231
262 205
165 153
136 187
120 40
246 251
209 255
39 202
3 162
198 235
120 218
254 189
41 52
163 6
121 21
226 110
109 14
160 258
126 262
198 12
150 239
216 120
77 88
211 66
246 75
70 129
174 151
5 203
199 66
222 255
133 192
131 7
76 183
80 263
170 75
35 165
227 159
87 131
229 249
262 14
173 193
5 53
239 36
149 200
223 179
231 208
69 84
51 241
228 158
78 86
204 104
243 231
29 203
156 245
134 243
87 202
67 255
229 19
265 96
75 130
240 232
38 124
262 41
140 115
10 246
131 228
46 80
81 43
131 191
196 218
133 173
172 241
141 251
81 75
26 35
20 104
62 21
36 206
30 107
238 61
218 74
4 16
223 150
115 150
72 160
243 257
14 157
158 190
264 234
228 58
178 0
72 212
90 55
216 133
120 147
66 229
152 180
242 60
205 31
26 43
257 28
110 107
51 259
227 165
226 41
27 269
31 246
67 263
252 154
234 2
29 5
159 223
186 26
54 88
130 40
245 88
209 171
69 118
83 242
128 262
110 196
61 195
269 43
248 219
235 159
67 52
37 42
45 104
20 12
11 165
159 89
78 104
45 138
225 20
198 186
97 38
147 87
82 51
34 64
70 193
25 200
36 241
40 15
253 175
139 225
116 158
214 5
25 145
113 75
98 50
154 114
79 172
115 52
10 84
233 250
160 103
139 136
195 206
237 246
68 88
84 48
174 190
238 161
59 76
231 13
192 143
210 266
199 17
35 207
178 36
65 194
216 35
66 209
50 128
256 90
152 225
31 213
189 181
71 12
53 11
203 5
254 225
241 125
73 119
169 161
202 3
68 199
105 85
210 244
234 234
180 232
124 99
229 27
182 64
244 52
132 126
267 120
26 213
180 189
151 241
152 6
199 207
25 189
226 184
183 3
203 102
257 197
142 12
68 267
35 250
28 80
45 140
263 190
120 251
239 230
213 108
195 132
234 4
149 111
171 174
122 59
269 23
94 113
125 86
69 58
269 56
139 266
171 209
39 54
268 116
256 189
32 11
41 40
120 153
269 62
219 24
94 141
37 67
11 239
162 128
150 181
192 183
102 205
120 261
34 148
9 133
264 94
199 205
13 195
242 50
21 13
121 58
82 231
139 264
166 156
23 232
136 24
201 181
168 120
38 40
112 232
224 161
191 28
116 169
166 248
0 75
67 259
219 143
156 228
123 127
135 59
240 40
218 5
266 192
105 124
146 31
224 46
182 123
169 49
43 157
81 129
57 234
126 58
97 196
197 48
206 269
190 142
161 109
163 114
167 17
37 224
176 60
56 223
46 149
158 192
163 255
106 264
257 199
267 20
73 9
182 154
214 117
94 68
180 213
9 45
109 89
60 18
32 25
11 167
215 167
241 209
43 12
69 130
99 254
81 90
240 143
230 255
13 90
201 128
97 228
48 3
80 219
93 131
213 115
18 68
48 1
74 190
67 232
234 113
39 113
239 89
15 218
139 198
206 51
213 224
147 89
203 204
182 18
258 130
113 248
85 260
102 91
189 162
60 226
29 9
114 170
182 88
124 165
182 269
245 91
63 147
129 108
31 148
187 117
33 78
153 266
209 224
78 183
2 56
135 135
133 100
153 150
248 248
108 126
166 121
219 206
146 267
158 102
256 52
199 237
27 109
40 50
60 224
165 8
160 222
68 83
245 209
150 142
21 182
213 97
115 225
153 52
185 124
132 160
34 259
166 96
241 49
119 128
153 121
168 241
110 210
52 175
147 113
239 265
92 246
127 6
92 197
135 125
227 34
101 87
218 35
194 2
49 261
32 14
236 192
163 112
238 163
41 202
167 257
134 77
152 106
65 232
222 250
207 182
199 41
32 76
157 219
197 63
242 143
73 180
61 173
160 210
132 186
36 14
234 267
108 173
149 44
71 20
165 113
58 152
3 102
270 208
31 9
263 32
46 268
148 180
269 232
243 103
107 50
149 33
18 264
168 158
5 69
114 268
9 73
210 166
147 23
16 54
66 26
185 130
197 237
34 145
159 87
124 34
237 108
7 98
211 268
188 74
14 121
28 145
71 204
64 208
256 226
191 113
30 11
197 205
63 31
262 245
115 75
106 176
260 100
212 140
199 213
237 227
46 178
92 32
83 117
96 184
150 228
152 80
242 207
161 206
62 216
204 207
154 20
93 70
150 266
56 59
258 144
241 108
142 146
248 253
254 157
24 264
23 31
62 48
87 82
135 132
255 23
32 144
85 147
253 251
184 155
100 44
23 148
101 89
26 140
107 172
253 100
112 31
241 185
99 229
79 156
247 7
46 174
60 63
266 255
93 215
34 26
185 239
19 51
187 96
37 36
135 195
64 196
125 213
239 257
110 28
79 231
265 264
174 239
80 68
1 96
16 261
13 84
236 196
210 196
58 114
253 191
38 206
32 215
43 118
36 40
141 218
233 106
92 116
223 98
17 21
127 226
54 189
219 38
141 197
180 175
145 78
170 112
46 74
103 156
185 15
129 217
97 12
28 195
224 226
189 183
201 103
145 86
227 151
211 168
100 9
244 256
192 224
45 170
221 95
30 113
113 206
138 188
166 90
178 4
111 224
80 19
93 66
81 57
257 187
174 220
123 201
49 6
42 184
147 201
82 262
150 30
195 62
22 89
31 65
155 82
96 239
20 167
198 269
151 25
242 41
87 114
10 195
172 199
140 134
185 103
1 211
149 155
27 82
67 113
233 207
41 237
129 63
111 189
92 204
61 227
13 258
247 122
128 57
43 73
102 47
232 4
72 38
27 34
43 115
24 198
218 37
32 180
74 235
152 23
211 64
239 200
65 245
65 192
3 97
228 109
176 149
145 187
167 244
86 98
188 166
138 44
216 137
133 62
44 267
57 61
173 93
161 187
266 42
194 268
112 27
57 50
6 186
161 223
233 160
239 214
226 257
1 103
116 48
138 56
120 19
226 132
270 60
57 76
158 21
265 167
24 66
261 92
5 150
12 251
28 65
203 145
242 62
198 218
72 22
30 211
250 254
90 193
48 219
240 60
0 202
77 130
163 58
176 29
59 234
4 75
37 108
91 195
265 81
93 112
30 147
202 183
35 252
132 237
230 149
249 126
1 59
23 6
216 26
67 151
261 221
255 21
222 54
146 215
266 18
167 75
258 153
155 227
218 270
50 30
90 114
189 123
115 207
259 92
62 145
54 94
188 229
208 1
259 203
104 177
170 218
167 78
259 263
243 65
148 267
97 226
268 146
141 143
108 2
246 49
137 247
163 205
199 180
54 9
261 88
239 251
143 15
94 166
156 247
217 181
160 158
9 94
169 173
220 0
44 71
231 232
89 208
241 205
166 22
233 269
147 33
183 39
31 5
205 183
87 54
17 241
103 129
200 100
110 206
128 266
156 41
62 249
43 193
244 17
229 33
240 252
90 248
171 1
24 139
25 126
226 18
213 204
190 166
112 93
134 134
136 109
249 99
258 224
33 132
83 165
139 196
66 140
96 168
25 68
195 3
176 54
63 131
11 258
261 10
37 231
25 179
75 7
144 223
80 54
111 91
35 42
0 106
173 91
50 235
136 107
132 249
76 175
203 178
143 200
258 155
47 49
185 192
101 11
57 205
9 248
84 148
98 107
156 93
194 158
180 64
157 89
150 211
40 155
162 195
150 177
29 32
74 93
160 57
106 211
13 119
245 185
31 183
3 19
100 198
153 2
117 264
31 34
213 187
200 248
169 208
66 34
241 254
132 123
43 185
267 80
44 172
96 197
263 257
11 91
165 215
37 119
196 58
164 197
16 66
79 147
270 177
227 178
269 202
237 215
210 270
104 210
135 17
244 42
140 132
17 90
101 227
229 60
32 189
52 225
31 111
53 221
256 268
103 184
169 33
30 144
131 226
175 251
204 61
126 60
121 202
48 269
111 62
45 184
4 116
156 23
237 199
191 218
142 131
203 88
59 249
176 110
201 159
25 202
144 211
179 210
260 261
30 25
98 42
52 155
178 123
168 82
157 84
193 169
98 263
39 144
3 35
257 101
32 146
128 40
133 263
261 247
199 60
26 177
135 55
115 205
33 107
68 209
245 161
145 90
56 236
77 71
25 90
6 131
74 160
170 65
34 205
210 12
171 188
19 49
52 124
92 106
184 65
93 199
244 13
167 19
143 96
226 150
217 155
222 97
142 113
106 94
31 12
89 89
5 55
91 110
153 192
38 137
245 153
56 54
237 225
89 195
86 116
205 185
267 256
103 145
34 112
84 246
99 11
91 244
269 236
94 231
266 40
51 222
219 183
260 223
33 13
211 103
220 240
48 245
200 164
182 266
193 185
262 241
78 26
194 72
167 214
38 216
7 55
75 3
161 156
207 130
127 96
150 81
218 231
144 110
179 255
106 166
147 111
78 19
82 244
152 161
36 52
52 89
111 205
177 56
182 98
53 223
166 79
177 162
218 72
117 193
142 211
61 150
24 143
43 10
221 182
139 1
97 267
0 199
244 76
225 234
154 116
126 85
65 113
173 254
31 63
36 131
247 96
199 156
115 71
223 117
81 123
61 250
238 102
97 186
28 10
221 98
40 240
239 224
142 189
117 262
260 42
183 127
4 227
135 71
167 24
160 191
108 233
209 102
45 8
20 265
170 63
238 65
37 245
94 106
174 38
212 10
58 63
113 56
196 209
126 137
118 100
0 28
149 236
98 183
111 207
26 80
241 224
145 80
125 25
48 33
229 122
91 206
211 258
60 119
210 170
122 102
140 67
42 120
9 71
95 235
17 29
257 190
214 96
178 132
182 152
171 36
155 84
148 59
149 150
60 5
31 248
79 241
96 9
102 93
2 30
237 191
107 96
148 269
95 66
260 246
97 52
215 198
84 145
62 23
21 166
143 225
157 157
98 6
239 226
209 246
25 191
103 15
16 167
67 47
247 47
139 246
48 70
226 197
149 92
69 172
269 108
233 233
241 256
89 121
48 93
195 45
121 250
39 172
174 36
174 146
206 166
26 230
197 69
176 129
227 143
70 156
162 175
268 234
154 38
251 99
137 120
170 12
88 81
245 93
235 60
260 192
102 157
136 2
14 168
188 141
65 174
158 245
212 27
171 48
116 96
196 43
53 7
66 97
101 220
176 75
135 67
161 88
188 116
35 57
133 194
16 108
269 31
53 118
10 93
54 33
5 7
221 69
253 18
87 84
87 17
67 173
197 25
115 265
57 150
146 177
211 32
205 102
168 156
147 138
123 25
241 187
209 230
166 139
55 215
195 128
195 106
213 189
210 97
183 240
166 44
125 246
166 211
234 191
7 129
178 265
56 161
68 197
170 117
146 238
141 148
108 106
24 216
210 50
120 164
267 184
209 3
136 26
227 222
155 58
237 256
156 81
152 42
213 138
64 106
90 191
257 131
150 249
163 203
188 227
6 195
166 20
124 23
203 159
149 184
167 170
33 192
131 109
1 54
92 68
95 245
80 86
260 34
39 165
128 114
148 248
258 233
32 142
265 155
122 130
23 269
131 100
51 26
108 191
130 250
198 159
84 4
135 100
71 245
3 142
56 152
123 37
65 85
9 2
122 217
146 265
142 144
89 123
269 58
71 95
140 14
97 66
136 66
237 266
117 18
114 187
189 93
82 103
179 239
112 222
30 7
175 93
142 213
151 51
20 10
165 213
209 193
37 228
252 218
244 247
88 98
197 213
263 9
140 187
140 208
98 185
227 212
5 232
211 194
109 171
163 207
64 213
269 157
172 186
94 29
43 195
77 73
46 105
88 204
55 202
49 186
164 94
3 186
129 210
261 86
44 183
75 74
228 179
209 144
148 221
13 143
16 88
170 14
96 166
99 242
68 97
159 31
189 225
248 15
221 238
200 142
83 217
77 181
79 31
148 80
115 247
20 102
112 70
53 25
267 204
89 143
84 262
72 192
78 150
120 66
46 169
170 238
41 119
110 223
61 108
37 175
185 212
180 234
264 153
141 21
71 119
141 249
229 36
98 198
110 1
244 144
180 131
216 246
4 189
268 186
73 53
117 12
54 160
172 270
44 142
92 201
112 36
14 82
229 251
183 56
245 36
239 48
114 11
6 192
235 251
101 239
193 93
62 16
44 174
257 171
49 4
106 270
117 85
104 16
217 167
82 69
37 133
110 44
255 171
129 221
175 127
229 150
95 119
78 128
67 63
183 125
136 185
228 199
147 186
60 160
82 49
155 71
216 37
33 182
226 170
78 194
63 185
63 62
155 128
97 141
166 15
199 4
247 160
208 270
90 126
247 94
70 51
250 252
151 1
225 213
265 186
48 74
62 18
64 188
149 219
141 260
128 129
223 95
132 40
64 137
35 265
127 61
211 69
208 199
114 94
25 265
131 245
185 119
33 165
88 115
28 0
49 29
193 207
220 88
106 207
191 222
29 48
191 184
159 20
176 16
213 103
160 176
10 197
197 67
13 42
258 185
11 194
135 172
206 244
262 239
20 28
176 159
11 44
124 134
35 244
237 122
57 203
221 134
269 15
256 133
43 154
166 46
154 57
131 265
172 149
238 85
148 31
33 184
164 144
203 34
159 187
260 119
175 240
24 106
99 15
47 94
241 145
133 132
90 36
236 34
177 160
195 108
162 191
102 49
137 264
269 75
228 213
92 152
58 159
188 125
3 118
259 164
81 181
38 19
174 63
53 0
191 71
88 141
136 269
73 7
90 173
59 203
12 223
144 108
82 148
73 231
130 170
192 73
251 191
27 149
34 143
18 212
267 232
168 11
75 24
56 41
0 139
232 209
261 29
103 257
194 218
10 135
269 181
262 6
116 20
109 111
103 148
20 165
66 253
228 254
1 197
46 241
235 161
37 247
174 30
66 142
114 48
63 253
82 86
170 220
41 161
206 266
11 46
100 201
146 225
108 48
229 117
161 185
168 85
115 269
234 189
2 32
257 266
123 123
99 31
240 174
191 141
74 215
269 112
216 118
8 194
208 214
135 61
143 87
54 5
54 101
62 225
239 269
260 256
65 136
80 174
80 1
250 153
232 63
34 263
201 17
224 256
225 215
152 182
261 171
234 227
224 74
177 157
61 76
123 161
103 198
7 94
148 120
66 61
0 111
258 205
171 126
232 166
196 145
17 79
223 223
179 15
140 268
197 33
256 183
210 67
49 129
164 232
247 242
23 262
48 190
230 17
141 10
169 171
157 223
21 6
39 17
53 204
64 198
175 5
103 187
165 92
15 31
128 163
184 87
6 205
239 245
89 154
91 53
32 3
157 193
101 225
101 184
153 194
143 249
55 40
7 6
87 154
257 167
158 159
63 192
220 75
149 138
87 133
189 72
37 233
17 120
209 32
215 244
2 190
66 111
76 222
230 54
69 248
231 234
24 104
202 79
45 87
68 116
94 32
59 147
167 253
66 186
55 7
17 23
15 55
134 269
142 55
18 54
93 143
34 82
66 190
121 253
21 214
81 248
145 97
28 113
131 155
182 4
139 172
203 167
62 27
164 96
173 26
191 259
133 175
172 35
21 85
75 221
203 238
89 113
40 117
230 119
206 253
196 105
48 76
256 89
2 188
185 203
100 69
18 262
208 27
54 96
132 135
30 105
53 57
197 139
70 59
166 118
175 67
223 259
9 241
14 114
220 96
172 221
102 179
168 113
85 17
105 133
159 122
53 202
29 190
81 261
258 88
136 168
133 124
100 25
152 254
94 201
154 191
130 161
181 40
51 224
84 223
129 110
101 83
101 15
176 215
112 34
219 118
13 125
136 118
134 26
88 119
261 263
191 125
178 253
206 61
253 102
6 75
102 72
104 131
140 227
31 201
62 187
33 251
225 47
185 67
106 266
177 2
130 263
63 173
18 89
178 220
11 42
88 56
1 191
135 244
83 105
260 162
16 11
116 14
167 9
124 131
12 36
81 88
152 30
156 191
186 19
124 125
215 116
237 99
214 147
177 251
41 199
237 95
65 62
109 227
121 85
22 231
125 127
81 170
62 139
236 109
47 28
170 23
196 270
75 181
29 269
181 264
227 52
79 233
64 200
213 106
94 108
115 1
233 91
258 188
220 127
240 84
104 186
243 73
197 125
54 267
62 78
247 270
8 137
213 197
103 84
45 231
172 62
91 31
100 178
151 267
173 126
118 260
8 266
45 193
229 208
108 0
14 146
252 225
162 171
89 206
187 73
25 269
41 218
60 78
165 254
68 111
65 45
224 43
192 159
45 260
42 142
144 188
253 171
241 38
218 33
100 167
240 134
81 53
261 231
5 144
169 39
66 43
90 175
269 114
128 112
224 41
26 211
51 54
222 132
32 163
117 91
136 170
36 19
236 266
266 247
38 89
92 43
9 268
144 190
229 9
245 72
257 228
180 191
1 155
229 246
53 177
26 146
197 41
140 41
18 243
152 69
82 4
199 247
44 80
18 239
108 264
123 57
52 102
134 37
183 204
100 63
177 21
4 51
124 136
3 168
168 70
246 37
54 154
12 93
201 88
11 144
177 178
147 188
243 158
61 62
231 113
164 247
132 98
180 88
223 85
27 48
263 15
199 80
3 33
214 208
257 60
69 265
252 254
88 152
102 17
33 264
265 16
70 108
139 46
243 75
193 209
113 63
100 196
161 7
72 97
243 35
152 117
45 78
177 197
143 129
47 96
192 115
223 113
25 44
237 229
157 127
240 62
205 264
100 36
217 98
157 241
231 108
244 117
87 102
233 223
49 188
140 109
210 46
241 211
192 82
116 87
135 176
127 216
38 241
33 202
38 91
73 71
11 95
141 88
224 54
204 4
267 16
121 255
74 139
270 197
79 130
7 172
86 141
27 5
11 155
187 221
155 17
176 3
2 170
137 171
150 140
117 163
161 115
114 113
166 145
162 198
258 262
208 195
110 3
71 210
39 110
184 94
263 253
48 35
32 7
131 222
45 239
39 126
24 24
140 23
183 131
22 22
146 217
72 108
197 107
91 100
218 25
179 30
133 245
29 233
146 160
93 165
11 203
186 155
3 229
112 49
228 250
265 37
57 120
195 70
225 84
145 226
231 32
0 81
132 173
136 267
212 68
150 106
219 122
45 127
133 64
221 71
135 0
47 92
17 85
87 177
73 218
175 197
151 219
83 56
260 94
49 23
224 9
37 243
250 12
255 167
63 264
113 2
59 108
40 60
115 68
225 168
35 242
9 264
9 111
93 129
120 130
99 258
131 5
154 18
187 103
229 145
152 212
82 210
167 26
92 99
159 220
126 207
209 99
66 86
106 178
81 31
86 245
111 37
169 78
29 201
241 197
239 188
122 125
237 268
87 112
140 223
164 115
36 81
91 41
57 252
231 117
27 125
103 152
109 229
176 221
38 168
26 195
193 48
203 206
125 211
262 123
240 30
6 16
123 230
258 250
260 165
112 198
44 168
242 172
206 224
89 45
100 7
24 80
13 138
196 160
125 175
198 127
70 166
72 136
98 238
181 53
37 114
170 216
195 239
14 117
143 217
175 254
193 240
225 142
49 259
48 175
73 233
59 7
260 250
220 133
164 262
210 200
17 72
30 77
43 96
232 205
174 3
126 27
97 164
191 77
142 19
32 178
32 258
96 262
82 180
223 38
263 262
242 86
201 138
246 20
184 115
75 65
207 2
55 117
159 189
241 262
1 200
251 171
222 236
243 259
266 83
115 13
268 144
228 132
215 196
205 238
65 108
139 75
12 147
12 82
259 38
1 22
218 96
148 136
118 73
135 23
159 244
119 72
62 171
66 251
8 246
9 77
255 101
184 197
198 89
260 225
169 262
264 35
192 1
238 137
92 108
23 179
266 206
1 234
174 24
141 233
162 169
10 126
78 102
221 4
224 232
166 81
52 127
232 16
208 29
246 112
115 263
80 15
79 177
76 152
34 190
199 128
191 161
260 196
180 152
188 231
138 13
130 8
72 82
175 147
32 106
39 225
10 257
258 165
33 150
83 2
143 85
45 129
67 169
259 40
116 94
38 56
108 114
219 71
105 148
268 177
60 115
257 142
148 140
205 120
254 236
213 191
9 58
96 117
257 248
165 89
96 232
165 258
98 44
105 175
178 231
67 45
266 202
148 176
259 29
252 187
37 54
164 259
191 26
231 8
241 31
270 27
142 115
29 34
99 226
123 218
193 111
116 145
102 150
140 189
26 267
5 20
259 126
101 257
174 40
241 258
93 75
155 151
267 253
253 91
109 239
147 236
224 51
163 87
181 66
132 169
28 30
38 61
180 169
265 253
45 97
57 221
13 112
263 13
52 100
58 161
236 3
119 1
209 123
186 95
236 230
91 202
87 199
259 9
190 164
31 165
227 14
0 119
112 157
42 117
66 55
244 164
231 10
30 46
158 24
50 90
151 164
94 115
188 248
142 209
204 106
5 95
130 98
214 242
144 58
235 90
49 2
118 230
48 151
98 181
61 258
18 12
239 196
44 233
73 220
148 57
183 74
56 154
168 80
67 265
184 18
177 113
115 148
98 261
169 154
111 226
98 154
34 224
160 160
129 225
254 153
102 52
132 167
43 238
113 233
20 216
264 33
221 41
18 33
71 130
2 159
197 216
64 23
231 147
236 43
215 112
235 155
182 114
80 4
232 2
91 199
85 243
143 77
7 8
214 11
172 39
36 156
94 127
192 123
203 246
102 231
189 179
243 142
227 123
177 237
225 13
100 17
164 257
257 8
148 159
234 204
185 210
8 11
46 142
73 73
108 212
107 162
107 14
108 30
64 148
233 174
190 234
199 239
189 170
187 195
93 170
70 251
2 98
170 155
164 168
245 206
95 170
268 121
69 168
258 201
197 31
127 246
242 43
68 56
134 241
21 253
128 94
230 111
25 228
197 132
40 206
32 187
61 3
3 154
72 179
102 218
165 14
127 87
196 60
256 206
164 170
242 213
136 134
8 244
161 179
87 143
15 156
91 267
31 133
219 129
76 159
125 100
110 270
30 179
244 162
207 184
261 38
98 64
68 109
237 41
78 5
164 146
0 108
151 226
136 44
62 143
11 255
200 127
122 104
84 84
88 27
233 253
234 178
59 55
10 266
223 234
74 212
69 151
95 266
160 229
156 86
98 67
133 188
139 22
221 116
53 215
128 59
247 162
136 15
184 194
255 19
136 98
13 155
254 238
103 255
7 128
147 249
33 9
7 13
148 237
73 158
90 79
210 101
45 144
61 236
119 262
256 50
246 114
118 150
145 60
130 10
198 180
180 120
165 204
24 168
156 21
112 209
175 236
207 120
80 40
174 74
170 67
209 130
244 80
4 205
19 251
101 27
172 24
178 130
202 49
225 251
240 42
264 169
206 90
84 68
135 119
250 220
102 25
146 247
11 112
77 75
248 84
66 138
261 257
180 173
245 74
20 263
57 187
150 168
35 135
251 266
133 128
41 97
124 84
200 183
134 161
211 225
13 95
98 48
61 186
135 157
139 77
138 249
92 148
81 172
81 101
261 83
247 204
173 1
62 251
250 243
215 8
234 63
49 25
69 46
257 96
84 226
222 232
9 145
239 40
198 182
195 216
100 73
180 4
81 21
43 199
116 89
243 112
119 116
46 76
181 118
157 121
203 263
9 7
194 236
182 191
253 185
12 238
140 212
189 106
40 20
12 123
167 92
24 0
201 246
116 70
33 134
223 52
105 152
13 253
213 257
55 3
243 48
60 47
77 184
88 209
228 105
40 230
241 104
235 224
41 16
112 113
115 57
46 71
200 137
81 150
197 220
137 243
47 185
29 260
107 130
94 247
36 112
101 203
32 260
170 207
109 134
175 188
149 26
24 28
179 35
249 16
164 12
56 39
155 55
172 60
73 51
91 122
212 265
80 238
270 137
238 43
126 164
202 163
114 133
137 189
92 114
155 241
214 72
94 148
265 262
190 144
94 117
131 132
196 215
211 229
179 92
110 164
255 251
185 117
150 5
94 12
41 126
217 78
148 224
4 153
262 169
136 21
225 56
186 30
76 196
74 195
133 154
266 182
259 229
252 11
179 56
132 3
171 93
125 98
253 16
39 174
100 180
67 84
223 40
213 9
180 0
56 52
245 32
125 133
7 264
173 237
100 189
119 36
28 163
141 245
52 98
137 42
9 124
101 187
82 268
167 98
237 252
71 247
157 249
15 214
91 211
167 242
207 102
195 26
182 213
265 232
49 27
76 5
208 143
66 95
149 270
149 202
44 155
62 229
177 254
5 167
187 94
59 3
178 176
35 34
183 202
253 194
69 86
127 228
12 202
35 229
155 77
85 218
261 167
219 208
268 6
226 249
100 224
175 193
230 3
40 200
45 125
20 231
150 32
44 265
5 207
119 3
118 87
72 216
32 211
49 140
239 67
161 244
9 203
268 182
241 233
232 178
147 93
62 233
44 146
168 43
39 38
171 201
193 256
192 79
223 214
256 94
237 159
103 82
145 22
243 31
152 210
15 29
193 113
234 157
267 63
239 210
250 268
15 260
2 76
223 216
70 203
92 127
183 86
50 246
65 47
156 56
244 249
157 115
17 116
150 43
152 44
181 86
123 244
241 226
262 243
197 61
102 185
151 65
270 234
0 16
215 32
79 118
213 202
238 106
262 249
155 223
238 187
126 9
59 149
127 11
63 133
73 80
34 217
80 22
191 111
32 223
218 120
134 108
113 189
190 242
269 139
229 107
5 12
186 195
85 114
244 254
80 243
86 103
189 104
171 253
84 268
49 240
202 82
150 79
87 208
231 1
211 242
179 13
244 63
248 3
76 228
21 233
187 250
246 248
8 185
209 63
54 78
55 176
215 192
201 261
35 129
55 158
130 94
129 169
243 67
7 248
39 79
10 39
43 98
187 105
82 225
239 255
82 222
115 90
236 190
114 77
42 77
258 51
96 48
50 33
244 84
122 229
12 243
227 147
246 14
127 264
7 3
179 217
246 41
207 35
184 113
200 27
41 144
93 77
236 137
202 142
11 124
85 264
193 125
135 264
206 104
211 199
69 35
145 82
80 266
23 166
26 142
64 18
78 22
127 209
108 44
227 12
90 210
83 171
220 136
144 114
15 254
10 222
137 225
100 47
78 239
161 12
146 234
54 12
86 262
35 225
115 154
229 177
14 238
19 14
143 59
99 65
204 78
261 31
51 177
135 110
14 223
228 256
207 122
46 270
21 8
162 259
108 108
97 109
114 231
6 57
85 96
88 245
192 75
109 225
221 142
261 67
264 182
106 48
129 12
64 142
104 147
125 203
160 225
33 34
249 155
252 240
267 56
169 192
191 182
92 141
198 105
234 136
151 3
144 216
4 185
82 238
178 191
135 123
236 101
243 125
63 115
47 192
186 232
243 188
0 30
256 129
125 201
33 65
218 245
264 249
249 7
106 126
16 121
212 71
153 268
21 145
181 38
37 57
171 46
35 174
240 172
164 142
237 135
159 155
72 194
264 192
210 62
54 31
163 231
53 199
59 251
78 67
93 248
264 202
169 215
172 112
197 103
226 108
42 38
189 222
68 79
210 4
72 208
152 63
270 6
199 69
99 222
49 127
128 180
259 143
42 181
10 113
174 111
209 8
233 6
199 32
123 216
195 64
220 169
37 249
93 41
74 107
9 236
73 24
192 258
151 45
259 68
201 236
192 3
233 225
10 0
163 161
231 222
114 146
23 182
95 227
50 257
177 87
198 71
95 233
268 54
167 176
24 35
41 11
270 104
201 84
70 152
76 220
152 4
31 114
4 191
179 180
248 117
69 134
145 236
111 238
184 144
19 218
66 88
16 163
128 28
114 54
118 70
114 192
148 118
45 102
200 135
52 32
102 143
196 9
254 159
121 87
190 82
187 225
231 150
217 230
247 71
178 189
81 28
17 214
143 10
33 266
252 56
70 206
31 191
140 12
216 209
266 208
200 245
198 26
266 234
44 269
246 257
194 182
249 266
253 161
133 59
9 143
98 236
19 32
11 196
207 48
63 175
176 114
246 39
113 204
101 222
196 37
99 264
63 195
246 253
115 190
235 5
172 37
114 15
218 124
170 266
119 249
19 103
126 29
167 89
224 170
201 47
134 52
114 266
232 267
16 184
79 76
189 140
255 187
13 217
178 164
232 203
211 138
260 205
71 154
61 184
221 259
48 173
249 159
126 180
157 19
210 113
124 205
127 214
210 26
95 243
135 189
226 167
117 36
144 140
107 17
267 38
171 194
172 75
41 195
116 54
216 151
114 246
124 29
15 78
111 111
93 110
170 240
250 14
57 157
19 253
267 96
265 257
162 28
143 247
269 82
137 57
28 24
3 160
70 253
115 9
68 254
219 40
244 50
222 225
213 167
178 216
125 166
245 95
88 88
151 149
226 161
70 116
75 133
28 26
226 38
6 101
151 49
211 256
193 27
225 130
132 9
83 248
76 134
155 120
193 25
215 205
68 33
107 235
258 226
179 219
86 145
216 4
116 77
124 207
182 121
246 90
262 34
243 110
200 5
232 14
257 203
196 183
118 146
107 164
264 209
196 13
230 167
263 155
181 56
95 34
62 257
4 10
46 264
197 35
131 187
196 181
240 207
234 210
194 0
223 48
195 208
205 88
148 250
230 253
211 112
252 193
147 35
93 243
172 219
179 161
241 264
114 46
168 239
175 200
270 146
168 53
167 87
7 145
175 242
99 203
39 58
48 217
165 160
198 163
231 30
8 131
78 65
47 101
47 9
255 6
113 90
83 54
120 88
89 53
254 132
20 53
263 121
81 232
175 58
177 111
120 191
171 268
194 123
171 38
262 255
128 131
84 219
11 76
172 109
208 61
127 167
142 235
125 178
76 103
263 207
116 165
160 193
215 103
177 242
189 244
128 250
246 16
22 103
228 103
40 135
45 65
5 103
170 115
50 178
201 157
219 154
11 146
105 164
149 78
66 83
147 142
199 103
188 31
208 197
191 170
7 168
144 133
150 213
11 78
184 70
33 207
163 234
60 170
178 90
241 139
258 141
187 178
268 192
195 41
244 11
95 13
39 115
42 139
60 128
260 59
51 191
223 168
105 120
14 166
3 21
250 240
193 108
265 116
104 52
169 45
169 169
82 167
257 135
96 182
200 89
246 219
167 154
119 21
136 41
58 110
165 48
220 54
50 263
211 209
90 134
188 233
178 38
210 257
128 150
43 58
255 59
5 9
199 158
26 144
270 210
207 92
46 53
122 219
169 37
48 31
10 237
116 192
263 97
171 25
113 37
39 232
36 16
224 127
96 237
149 186
176 189
3 200
246 255
6 99
23 82
200 29
215 203
45 114
149 61
81 242
169 47
150 253
88 58
253 58
268 106
69 258
135 174
254 192
242 123
217 153
34 188
91 150
23 55
22 29
134 121
97 34
169 76
120 70
91 215
114 144
170 34
181 132
256 173
95 69
259 171
207 268
247 158
18 10
176 91
160 246
249 222
5 165
50 244
232 201
256 144
226 199
90 141
215 114
177 53
176 94
189 27
54 201
211 115
107 179
246 18
54 173
228 167
129 252
195 90
90 124
153 59
157 123
226 182
177 180
264 43
90 98
163 245
261 12
39 96
230 264
228 54
149 217
118 89
169 254
193 45
21 149
41 13
9 168
13 264
259 81
218 85
82 246
132 36
226 255
245 6
150 179
229 201
202 18
4 158
205 167
178 170
52 9
208 193
125 219
262 261
3 70
24 141
178 159
166 51
159 157
24 267
5 34
200 105
148 82
195 56
67 171
225 49
141 78
174 270
139 43
88 76
269 17
150 224
196 65
261 203
84 214
245 155
206 143
150 221
196 39
71 93
263 11
49 149
3 124
64 48
194 58
9 147
55 156
94 7
51 157
52 216
179 260
23 144
103 253
127 13
240 85
35 78
59 20
48 194
85 266
92 78
181 130
96 264
93 31
138 150
219 26
177 187
221 168
152 239
151 67
179 53
49 37
18 255
48 91
239 91
29 213
251 15
111 71
212 12
77 230
88 179
105 172
250 10
12 262
11 80
200 72
168 41
78 1
108 210
130 153
28 193
180 21
28 36
150 109
222 6
158 161
175 125
18 184
230 58
122 206
184 29
62 197
106 236
108 15
41 137
23 252
112 168
80 176
75 227
116 73
61 135
267 82
98 230
250 97
162 200
86 59
248 77
158 221
241 47
158 91
34 14
19 163
32 203
217 244
184 266
49 51
47 103
132 152
220 7
136 199
138 109
136 121
265 236
146 181
254 176
257 83
171 170
217 208
194 82
130 209
112 15
20 184
13 116
178 172
256 57
267 115
259 60
111 128
105 97
257 68
248 124
41 87
134 267
237 110
134 166
162 211
45 99
226 232
39 154
34 186
121 247
172 264
90 40
49 218
2 74
155 195
253 20
215 110
163 8
179 177
166 11
199 133
102 207
153 181
175 18
188 66
87 121
165 242
79 21
119 118
35 246
196 91
46 98
214 240
123 220
239 50
102 146
159 114
236 232
55 61
238 31
74 135
202 229
178 20
160 127
227 145
213 193
170 187
182 70
62 110
24 26
265 190
7 236
160 129
168 210
147 158
0 159
195 169
87 211
246 124
252 152
120 103
15 116
268 209
71 99
66 188
58 112
129 223
246 35
188 243
261 194
259 11
217 114
50 35
148 182
221 254
87 80
262 60
180 257
238 100
181 211
105 170
169 127
100 260
142 110
146 189
18 162
197 81
96 201
114 59
142 108
65 172
264 62
223 142
47 138
110 231
114 168
174 60
99 209
263 119
168 13
236 120
115 196
177 125
63 76
29 109
63 135
184 199
141 130
60 58
104 150
235 42
108 269
17 123
129 6
80 30
147 91
45 89
231 106
193 4
124 27
45 147
99 51
82 22
256 165
164 159
60 110
11 249
174 113
124 228
76 138
222 148
207 31
71 158
55 55
44 201
48 257
58 169
194 46
34 215
6 184
241 66
131 220
44 76
42 80
260 259
241 141
219 181
112 25
74 219
102 182
152 77
192 47
205 63
81 41
239 105
242 138
79 181
90 148
167 34
147 85
60 248
127 115
231 115
259 167
86 15
42 270
161 113
82 67
171 192
40 92
36 262
87 36
28 7
221 252
11 169
21 23
208 212
257 81
57 185
189 177
73 229
69 154
234 31
76 26
141 214
74 153
198 135
206 118
217 238
106 174
70 79
186 28
165 177
112 107
70 36
61 144
254 48
47 72
71 53
250 69
167 162
202 259
16 52
92 192
130 268
126 176
91 112
29 78
15 2
75 89
106 43
258 100
65 28
43 232
74 5
184 192
141 225
180 39
140 44
177 264
199 6
0 46
197 29
169 221
133 72
220 242
99 220
235 253
85 105
64 21
217 122
22 254
38 163
236 1
225 179
213 48
221 39
144 234
213 64
74 137
241 231
155 19
179 264
135 183
178 34
32 36
42 128
181 218
133 156
113 149
3 164
223 111
42 197
16 239
74 193
2 192
61 133
237 118
194 13
214 27
27 79
145 248
26 64
18 75
237 91
4 112
213 195
41 18
193 71
22 4
32 225
70 82
171 172
201 140
72 91
175 153
119 162
208 4
112 170
226 45
68 59
181 2
257 71
104 162
47 140
90 77
125 138
118 38
105 95
174 252
223 70
17 87
265 65
38 170
259 231
148 178
61 231
113 147
16 263
178 32
170 110
178 54
161 26
207 63
164 199
221 229
153 118
236 97
98 165
100 154
177 62
181 267
108 241
72 232
36 163
64 27
230 15
126 135
264 266
147 27
40 139
235 249
45 91
44 14
27 165
229 134
7 58
124 101
32 27
68 114
196 50
241 193
185 264
206 4
187 15
142 57
29 149
160 248
29 162
239 208
90 213
215 28
26 23
244 61
150 23
30 36
242 64
223 228
13 269
22 67
124 199
194 11
66 199
166 240
193 142
195 5
103 86
218 242
151 47
177 239
108 166
131 159
207 225
254 227
39 129
91 76
106 52
219 167
204 49
25 62
254 50
262 202
77 156
185 72
41 89
47 24
262 36
249 270
171 176
235 268
257 103
171 128
76 66
41 95
47 171
212 5
143 233
161 177
72 206
214 34
248 69
9 207
127 178
47 260
174 195
82 208
18 73
227 121
165 155
259 27
47 239
231 134
270 21
89 111
169 35
181 260
137 245
181 258
253 22
73 161
116 260
202 250
270 123
8 269
34 40
256 234
124 177
18 107
92 28
74 217
142 262
270 212
211 6
51 215
117 118
68 37
160 169
36 152
229 56
230 121
109 235
8 183
142 41
128 161
211 190
74 128
23 214
30 3
140 144
212 240
251 160
213 227
79 28
140 55
16 165
180 122
231 6
225 52
266 94
11 253
260 63
50 176
208 208
0 19
255 87
243 33
248 1
19 182
226 221
34 105
247 156
35 107
44 191
191 105
238 33
75 234
52 131
143 221
102 189
79 24
113 51
198 209
262 84
192 269
127 165
255 228
194 9
109 204
176 112
123 21
223 238
145 221
159 29
180 171
177 65
104 122
36 55
114 270
184 96
268 207
33 247
238 27
199 141
100 49
149 223
105 240
190 73
5 129
0 140
86 209
241 195
266 177
11 139
43 78
36 216
174 191
105 14
233 29
43 88
153 71
20 181
157 87
263 125
254 169
30 27
167 216
167 45
6 208
78 175
243 261
5 5
72 78
82 229
4 72
13 139
206 37
119 255
47 5
260 242
34 167
214 74
191 94
140 210
216 72
130 185
113 9
190 254
58 5
59 51
225 112
83 147
225 222
157 243
67 246
101 74
163 89
21 51
228 170
126 111
268 238
267 43
59 105
211 188
28 50
46 233
50 52
84 19
126 205
116 35
131 189
177 208
141 86
90 32
83 123
130 91
33 80
254 94
47 221
152 265
119 231
30 205
248 13
245 204
87 249
93 45
99 46
217 247
0 52
262 234
165 16
263 264
121 162
111 58
65 264
181 99
54 53
3 53
46 266
256 249
241 106
86 100
45 10
52 189
99 234
183 16
45 12
243 186
245 258
128 242
11 200
108 92
222 8
250 218
42 155
31 263
89 96
156 113
138 262
23 2
165 111
52 245
131 218
60 117
133 190
91 38
151 269
24 230
234 229
117 2
201 52
198 267
228 120
7 207
21 32
232 265
139 174
153 78
199 15
219 134
248 221
37 110
3 115
59 121
224 249
58 225
120 105
109 17
93 150
74 91
99 187
262 18
137 123
154 228
219 149
24 131
229 222
122 34
35 133
98 232
25 232
228 149
172 151
130 266
110 191
141 90
24 127
39 194
205 34
115 152
208 132
142 226
220 153
55 185
33 245
193 161
58 52
58 238
201 144
200 19
116 231
131 259
21 55
229 11
31 48
228 197
191 238
114 16
264 118
259 190
261 121
219 244
127 212
136 78
5 148
34 163
46 180
55 252
217 27
83 212
55 191
14 0
191 163
261 97
256 4
26 46
89 132
30 163
62 127
262 43
115 50
227 163
54 59
25 197
237 165
239 194
260 84
44 178
201 80
212 95
59 61
105 184
49 180
139 250
115 56
255 96
178 258
168 118
270 96
198 203
177 14
54 175
222 118
269 191
237 67
113 61
90 119
239 125
83 58
66 79
165 18
52 93
82 220
206 209
15 258
73 204
157 31
145 250
115 18
213 33
89 177
268 254
80 222
222 81
83 264
101 156
9 250
82 39
119 189
129 204
224 129
127 202
65 30
270 200
103 209
0 57
129 55
139 244
44 19
148 29
137 175
56 116
212 25
187 119
117 72
22 107
110 213
223 181
212 104
269 179
249 161
122 252
22 264
153 67
173 148
40 142
201 233
81 211
152 153
262 99
127 110
114 32
143 89
9 4
143 198
239 192
7 70
145 84
237 93
88 200
150 153
132 130
47 15
201 257
137 74
29 63
79 74
152 21
34 200
80 179
125 88
47 147
256 236
224 224
134 4
48 177
61 20
106 241
86 87
83 260
176 64
165 6
76 87
30 141
157 58
255 175
200 162
269 110
166 116
181 16
118 114
96 36
48 243
92 174
43 18
238 63
236 30
42 60
235 270
218 136
87 86
154 264
166 83
252 220
35 227
5 169
212 50
77 177
181 14
236 64
69 242
219 3
131 38
88 15
51 1
263 236
153 16
141 43
103 74
151 108
178 256
83 125
74 151
86 206
236 66
83 43
256 154
37 173
3 166
49 255
245 46
141 16
152 252
63 81
138 15
247 92
134 187
38 112
176 39
117 64
119 132
176 253
60 172
154 162
110 114
35 231
83 17
68 132
128 268
168 206
60 158
179 215
59 184
39 218
223 130
167 7
91 147
10 201
23 146
89 125
81 59
75 105
82 29
246 70
68 152
269 4
89 38
113 208
235 122
156 159
99 152
228 111
27 191
61 29
208 264
254 249
5 171
207 168
12 114
140 0
149 169
200 235
102 154
65 262
130 130
45 73
0 121
242 84
189 168
2 232
63 262
261 143
107 124
215 39
87 13
60 53
266 34
161 30
141 199
206 255
48 179
80 102
173 268
256 156
207 246
227 201
68 252
71 180
255 191
77 24
222 73
23 202
165 175
210 104
243 54
9 139
259 66
225 11
268 200
64 210
198 184
161 111
83 270
253 158
186 228
101 45
69 90
28 107
231 254
87 96
123 132
48 97
146 140
218 152
92 118
137 72
56 12
87 191
196 204
186 122
229 143
239 135
97 199
47 237
204 130
234 180
147 156
65 236
58 49
45 15
7 77
163 178
135 73
16 157
41 93
12 225
226 54
213 29
62 260
38 78
79 17
186 246
108 112
236 188
69 246
90 197
262 192
58 116
205 92
28 177
35 114
183 156
228 15
95 73
51 132
153 148
164 209
88 145
115 233
208 104
97 14
14 225
209 180
25 214
268 156
248 243
51 261
221 131
263 146
137 76
7 150
137 184
45 85
26 204
178 233
98 201
126 200
199 139
34 261
199 30
104 181
109 237
232 224
67 107
107 133
47 235
134 248
115 188
36 167
119 107
170 270
93 267
231 250
135 128
180 95
136 197
200 185
28 111
40 238
215 169
128 152
185 179
182 125
183 66
100 182
95 268
261 229
62 116
70 97
268 61
158 257
68 256
76 64
190 240
59 236
66 197
148 216
18 28
22 25
52 160
88 60
158 225
246 118
14 141
226 43
7 232
168 266
87 175
203 32
237 213
118 102
145 112
68 167
177 67
243 82
61 112
116 114
110 193
176 195
252 169
231 158
120 55
258 235
160 200
228 210
234 199
14 88
188 241
134 65
65 150
42 20
236 103
230 220
198 211
251 101
212 244
76 128
205 262
205 122
88 90
167 112
266 249
53 158
20 87
114 198
203 182
146 59
58 78
94 174
205 246
188 121
225 39
56 189
122 221
17 77
52 265
172 175
18 52
254 89
60 188
55 220
149 167
210 146
192 145
174 222
202 165
177 29
136 150
112 47
259 183
128 10
170 152
28 46
23 68
233 158
76 132
191 45
190 220
161 189
137 266
56 109
212 101
22 87
166 114
237 197
265 184
246 163
81 17
131 224
45 52
163 176
212 145
28 248
230 179
225 123
109 91
41 193
55 38
37 79
207 33
207 145
47 26
159 116
227 180
43 52
242 45
19 241
95 139
28 147
82 266
98 36
195 125
88 34
247 86
160 90
61 130
162 229
185 69
184 241
219 1
113 13
12 221
26 108
211 109
232 168
198 161
64 110
174 76
235 175
262 20
106 209
27 231
99 38
248 98
241 55
226 82
231 26
70 88
12 256
78 69
252 156
241 247
99 262
50 242
204 118
107 128
27 129
234 162
53 55
266 118
19 211
19 120
169 217
173 201
135 69
41 154
30 259
123 138
27 202
118 164
176 51
86 247
188 29
81 3
143 91
56 170
224 81
27 260
244 211
110 48
225 144
67 243
5 229
18 216
104 179
149 4
198 214
195 92
198 28
18 188
64 252
180 133
110 208
84 86
37 129
56 89
99 266
80 131
174 155
91 45
229 165
18 118
259 154
188 163
27 200
98 167
222 115
17 106
179 22
225 181
121 132
124 59
61 56
248 246
161 231
82 47
239 145
9 128
90 145
196 82
94 27
72 251
102 131
129 167
197 14
260 233
240 123
81 118
52 200
221 84
96 260
180 159
183 264
13 240
70 132
220 231
240 64
185 157
57 3
114 96
95 109
230 109
264 240
120 145
219 125
269 99
179 2
187 244
42 159
70 38
100 205
177 260
201 204
135 39
127 160
12 126
181 238
203 80
260 144
237 88
224 17
0 44
156 91
222 86
168 140
30 177
191 92
101 148
165 169
227 169
60 49
210 142
209 121
35 38
148 246
22 181
265 204
83 181
43 92
48 262
195 7
148 214
93 203
92 125
267 236
46 258
176 199
235 226
165 244
236 179
269 45
211 99
37 218
150 118
221 180
36 137
96 45
94 152
169 219
8 1
182 95
74 179
136 262
158 85
198 24
267 36
183 72
132 241
63 108
156 225
79 88
97 265
232 112
92 145
248 268
97 31
220 236
8 56
51 36
164 43
70 110
187 67
204 265
229 160
154 80
119 247
147 150
93 245
40 140
139 16
149 152
110 60
96 43
224 79
25 79
144 131
184 209
129 215
254 253
214 265
154 183
7 148
12 141
130 149
32 112
22 130
173 78
199 88
266 238
47 187
129 61
90 246
33 63
193 81
245 48
240 212
44 230
269 8
69 52
239 253
89 100
199 62
219 98
151 138
101 229
166 13
261 64
19 6
265 55
23 190
86 226
131 111
175 207
26 88
270 117
202 161
187 107
112 0
80 38
138 270
263 95
237 254
81 270
73 95
109 46
199 178
246 246
80 215
95 270
11 241
38 155
145 200
20 108
247 126
100 90
141 76
66 64
47 30
219 238
30 30
110 78
145 32
256 24
223 230
40 204
27 162
139 248
94 71
178 212
29 66
55 187
269 80
259 227
108 231
199 48
1 157
62 137
250 128
2 113
26 25
263 30
168 51
134 130
96 67
150 136
264 255
192 233
162 246
265 251
218 133
249 241
62 214
115 92
197 27
178 94
189 70
101 51
257 6
227 36
65 81
91 66
78 154
85 81
103 88
238 104
61 252
185 199
162 256
269 19
119 86
215 97
63 46
186 230
98 10
197 239
233 59
172 207
0 113
259 86
44 181
140 108
18 66
130 248
134 19
165 202
140 20
58 222
227 130
115 162
11 207
48 47
209 51
1 122
5 71
8 135
183 41
244 15
27 127
73 75
27 44
263 259
148 212
96 32
210 208
267 85
158 247
252 173
117 246
126 39
241 111
241 33
96 114
162 160
137 100
152 167
168 21
62 106
165 98
105 50
112 130
260 189
128 208
66 115
243 246
22 84
66 207
8 205
17 27
24 22
178 236
227 126
39 90
210 28
104 154
85 55
214 3
45 182
203 143
167 255
69 170
171 77
169 92
22 53
63 259
169 245
75 230
152 50
203 261
258 260
37 154
188 144
178 214
205 158
29 61
127 92
55 204
112 78
16 256
101 71
220 81
246 116
237 223
164 201
55 80
100 238
196 267
84 221
168 90
264 144
242 69
113 224
260 128
88 134
155 79
173 48
268 41
255 161
62 129
195 81
62 189
258 94
260 6
165 87
219 76
162 204
129 227
227 84
86 224
222 170
66 231
126 129
81 240
258 70
110 31
134 126
26 27
85 2
0 144
221 129
138 200
147 223
114 30
5 146
63 231
227 32
212 113
95 199
153 163
225 217
38 204
180 266
225 258
267 178
14 262
246 4
159 227
262 144
191 69
150 251
246 97
132 243
155 243
269 184
245 120
142 17
123 203
2 199
169 243
32 200
196 130
76 179
93 101
181 116
199 233
21 30
202 248
137 68
186 209
261 124
266 61
194 110
270 77
183 118
64 186
234 231
172 64
209 191
8 234
251 222
220 73
263 150
145 88
224 146
26 0
167 160
