102 266
210 231
92 81
101 249
213 51
27 174
220 157
261 254
103 117
34 6
186 132
57 64
161 169
101 10
66 129
24 129
84 47
220 43
78 205
163 199
26 283
43 50
5 81
125 25
52 141
61 156
263 51
183 3
265 63
208 264
274 140
224 116
258 212
258 169
138 249
49 85
79 239
119 79
2 213
63 28
278 97
174 257
265 19
97 163
230 125
268 39
80 141
284 19
262 221
285 156
69 41
227 119
182 56
263 237
139 99
5 277
129 170
36 209
248 145
56 264
121 48
215 73
228 150
168 95
240 91
152 272
196 93
214 1
236 264
0 283
260 177
218 61
137 204
147 172
20 185
92 48
23 138
24 114
141 214
183 199
72 155
107 24
14 35
219 190
145 223
232 235
36 12
235 256
84 187
107 11
241 129
5 149
206 196
30 11
167 133
51 104
65 230
220 94
79 192
78 49
195 173
89 85
211 53
103 131
182 132
128 246
119 88
162 43
51 47
116 25
93 138
108 259
127 155
246 286
220 289
228 195
268 224
124 183
49 181
189 167
35 147
198 22
91 79
235 247
186 239
134 93
166 10
21 56
284 280
118 96
36 93
105 185
248 9
70 137
56 94
90 120
173 146
11 65
61 88
181 2
263 30
41 281
29 100
74 92
251 13
246 9
28 71
1 143
86 120
129 63
267 170
48 95
55 64
230 226
84 194
287 158
222 13
148 257
286 77
273 285
167 83
19 140
19 215
117 171
262 45
24 267
79 262
15 263
82 120
153 119
110 233
159 101
7 21
132 280
253 157
42 150
92 17
73 211
270 19
250 286
121 286
173 284
99 110
114 284
37 186
140 213
117 65
105 110
26 278
262 186
275 114
41 218
231 231
177 49
271 196
39 53
190 166
239 42
94 121
142 208
99 160
148 156
181 189
272 50
119 172
198 48
188 208
237 282
75 253
20 238
118 251
139 89
56 140
70 224
178 175
24 159
162 255
285 276
166 136
252 82
247 109
221 15
168 128
238 83
95 222
253 201
70 218
247 196
7 71
82 169
276 268
258 112
221 17
218 124
101 238
60 40
41 20
202 34
168 42
108 159
184 146
177 182
125 174
127 108
87 232
11 263
118 129
32 170
219 76
61 289
122 155
0 157
25 94
8 135
183 65
92 268
259 202
211 34
222 25
143 157
114 15
20 24
104 231
152 174
192 182
159 215
109 154
176 287
182 106
95 119
217 70
124 97
163 236
112 72
273 181
198 248
229 164
137 68
11 67
27 263
275 104
279 225
168 171
277 266
232 14
38 43
172 114
170 192
194 91
157 63
170 76
274 190
223 38
114 66
142 118
102 106
284 210
118 284
188 216
70 196
32 210
86 228
236 271
251 15
112 117
136 220
102 45
184 223
56 276
162 89
289 95
256 67
58 197
166 208
139 143
76 48
14 225
191 47
270 103
16 222
67 90
6 39
281 148
279 178
243 47
114 182
141 240
70 103
177 99
0 163
103 204
160 38
247 72
52 82
80 3
280 192
2 227
19 205
87 213
40 129
84 159
46 19
56 106
245 145
69 96
257 111
39 217
8 85
164 94
170 56
273 243
68 203
62 288
262 249
80 228
167 61
32 42
246 197
55 237
20 194
168 226
24 173
51 100
22 200
228 190
17 71
21 126
44 33
76 150
209 205
199 122
18 33
33 131
192 72
266 134
200 199
272 190
281 239
130 93
74 54
187 104
276 201
44 172
286 240
25 78
183 53
53 200
241 109
20 62
148 152
48 133
187 81
1 10
233 104
173 107
283 197
285 102
244 266
167 105
208 95
11 73
177 217
199 165
243 17
154 224
112 141
134 163
146 201
6 237
48 109
106 203
134 250
168 108
281 288
203 266
51 29
42 162
234 148
92 65
15 39
88 107
255 105
278 49
70 274
261 275
20 73
44 91
56 127
258 36
251 234
277 131
49 74
259 258
52 90
40 113
4 26
55 86
35 59
136 108
261 117
105 192
26 236
274 130
254 195
31 123
59 124
0 233
48 31
65 226
87 238
236 233
266 5
264 174
182 19
271 268
30 209
165 65
99 280
117 233
252 266
168 147
201 199
243 28
68 182
141 66
64 92
213 33
204 144
141 15
85 174
159 155
145 110
115 101
32 80
233 44
248 219
185 258
93 113
58 140
165 112
201 54
105 263
210 26
25 120
158 269
231 42
242 68
131 125
96 183
113 69
85 231
6 18
26 280
71 114
218 25
29 35
131 202
222 209
182 71
180 275
129 27
22 54
194 219
71 88
262 97
35 134
243 5
204 274
231 257
9 148
130 8
241 253
98 101
173 77
279 63
284 150
185 185
196 241
173 178
94 210
108 175
257 23
230 61
43 205
211 82
257 109
229 83
128 195
142 22
240 6
189 95
261 52
124 282
244 80
266 154
159 187
124 190
110 273
140 56
192 62
259 154
144 227
102 289
40 70
59 210
62 135
74 59
285 14
254 136
27 70
141 289
217 284
10 195
110 104
194 13
111 68
233 80
204 231
25 128
127 187
12 276
274 30
121 71
193 192
152 103
186 102
32 197
79 199
0 66
68 201
110 220
49 254
16 225
254 41
97 148
205 89
237 65
76 1
103 121
102 242
203 105
206 132
119 107
152 83
230 4
67 248
146 52
287 269
57 133
282 232
159 263
13 19
266 165
234 199
225 124
165 43
117 206
24 59
32 224
119 197
74 85
247 214
210 257
133 259
20 174
93 229
143 198
58 13
90 192
169 117
209 47
266 227
191 243
76 209
161 196
159 189
125 34
175 23
107 238
269 13
266 236
249 171
158 57
141 40
13 110
207 194
172 29
238 134
286 122
227 100
168 126
205 188
60 111
201 244
226 196
102 67
150 15
208 212
198 280
61 241
21 116
225 135
43 275
129 178
75 229
116 16
61 160
83 62
41 56
114 125
116 156
71 190
166 126
104 68
109 63
278 162
14 107
252 271
74 270
72 239
22 7
29 66
128 197
174 103
120 284
235 26
249 103
185 207
166 203
37 269
65 166
93 282
282 259
80 153
50 183
36 184
211 92
70 257
142 109
54 81
187 249
128 68
182 148
198 268
179 17
31 7
83 86
89 280
92 259
32 230
100 25
16 118
262 159
95 86
36 175
132 263
264 32
273 104
240 277
259 254
5 68
190 6
243 255
270 220
93 29
192 276
226 40
144 36
108 1
56 288
232 185
188 247
151 73
54 222
264 55
86 240
38 12
74 112
64 262
148 64
180 24
52 245
93 168
40 170
233 165
192 124
35 260
154 244
251 157
216 84
24 231
228 55
94 45
43 192
167 140
85 18
47 5
247 38
189 152
269 269
48 43
69 178
211 129
254 190
12 186
196 107
108 240
208 49
64 208
288 46
97 140
97 174
204 60
249 35
2 261
136 81
229 230
64 6
103 111
287 186
84 49
44 178
27 146
204 9
74 258
67 12
111 171
228 283
95 107
155 240
65 116
199 131
221 231
246 161
102 113
187 5
32 44
47 234
21 133
285 208
80 8
211 189
226 177
159 23
167 135
11 85
23 124
33 24
98 127
28 258
130 207
216 221
0 226
152 206
249 183
274 283
251 51
198 89
162 173
277 137
56 62
196 88
66 206
241 105
152 164
169 231
76 8
261 47
159 68
22 207
164 190
274 213
243 133
45 207
125 130
245 28
223 217
134 0
143 6
181 90
22 156
34 154
9 288
104 77
271 198
49 229
91 37
243 231
88 252
286 221
58 4
282 126
153 210
241 48
279 117
284 89
190 274
195 86
147 249
201 183
209 150
143 95
90 229
0 129
189 22
227 121
86 204
276 130
122 242
212 143
159 28
120 8
203 26
5 15
129 118
80 284
199 124
7 224
142 260
61 195
206 282
14 269
89 25
94 273
265 120
240 217
144 253
69 93
187 126
104 178
1 88
147 26
97 128
83 216
249 243
178 30
280 156
151 8
285 252
110 253
86 181
276 86
265 222
281 253
101 194
275 163
192 36
172 93
2 1
108 275
85 271
12 287
284 61
215 116
189 132
198 1
183 17
160 288
92 154
281 71
121 115
252 3
5 147
156 152
55 38
123 223
55 287
23 188
7 250
230 129
243 145
186 7
134 236
166 282
33 122
188 8
163 17
111 143
167 220
90 259
67 117
117 237
156 114
244 11
24 224
130 183
16 28
59 24
179 137
116 204
213 47
254 74
61 283
221 189
195 131
11 18
155 11
117 230
77 194
53 206
108 173
121 143
183 127
253 155
223 184
189 231
181 170
189 277
126 234
125 224
180 231
90 87
190 151
98 72
91 9
259 140
182 201
166 12
130 59
130 242
230 84
130 64
256 149
279 217
110 165
217 181
223 236
181 202
256 222
101 60
77 96
140 207
283 199
112 271
105 214
56 21
213 0
239 265
234 6
26 59
221 129
85 284
83 73
215 15
180 159
16 56
278 202
35 1
5 64
172 119
245 281
179 248
9 264
288 266
246 14
116 114
168 251
14 21
210 157
142 128
12 92
57 236
8 165
251 159
5 17
40 12
173 253
236 274
229 81
37 10
187 206
250 19
216 151
65 216
92 69
232 274
162 164
185 48
286 93
233 238
181 214
176 46
71 140
183 30
171 259
153 74
81 121
229 259
156 103
236 163
196 175
13 199
85 20
141 94
253 240
157 188
277 24
261 232
144 111
46 69
108 91
174 62
40 83
30 80
118 279
118 219
123 55
214 134
65 151
91 20
272 283
228 36
101 82
2 145
40 232
157 257
227 210
202 242
221 132
151 108
176 29
64 78
141 234
54 152
255 12
19 49
64 190
253 184
262 259
100 30
10 7
202 58
15 68
9 100
126 100
139 75
62 13
51 128
10 188
41 195
110 44
275 144
36 64
193 208
17 211
239 256
65 96
268 226
140 132
222 2
223 140
256 153
17 258
194 213
18 83
153 67
88 137
40 137
252 54
136 92
53 144
137 50
111 199
111 113
244 73
184 106
221 48
166 107
158 21
198 272
104 289
218 101
54 265
125 91
239 90
38 142
193 200
247 115
27 232
224 81
242 128
37 132
285 79
194 175
53 24
50 279
27 104
269 173
169 273
268 41
28 164
282 164
230 186
62 74
288 163
10 271
255 226
218 74
109 61
223 15
211 234
241 27
205 227
82 145
42 49
283 38
99 202
167 276
58 82
74 212
208 282
221 163
269 69
132 71
219 254
60 90
73 110
178 250
262 4
270 87
264 285
115 111
141 77
241 17
265 231
121 141
224 256
280 28
143 169
124 146
165 153
201 30
101 201
55 20
51 107
215 264
144 271
166 205
182 102
9 167
143 277
139 235
90 201
21 140
100 149
120 128
244 88
56 19
274 35
12 179
151 4
78 88
91 160
163 0
54 141
13 145
262 95
122 275
275 157
152 148
247 255
270 275
125 9
5 275
77 218
28 149
135 4
54 69
215 108
20 22
220 87
36 280
43 181
56 14
268 49
243 26
212 55
153 276
274 263
181 17
124 148
115 158
255 30
268 111
148 260
29 19
226 19
114 34
34 285
204 100
98 95
64 77
41 106
62 56
132 284
1 225
231 31
153 129
48 49
174 270
125 188
104 57
19 102
188 136
114 86
238 186
144 269
164 55
15 9
175 196
276 56
180 165
220 171
176 85
107 272
180 64
259 264
281 106
257 29
20 37
181 252
74 141
142 1
78 130
205 7
106 14
251 236
184 175
202 38
37 260
265 46
13 181
198 149
172 208
281 271
250 176
6 247
84 71
180 18
200 140
288 271
287 42
114 36
102 17
203 160
177 23
181 187
71 146
211 51
139 125
82 56
51 244
77 15
46 218
147 89
159 31
244 13
50 60
221 205
174 227
61 166
15 232
27 121
97 144
56 49
31 137
79 71
229 287
10 127
6 161
232 233
173 11
68 197
184 285
45 281
146 46
180 151
11 9
93 5
280 158
61 246
127 166
93 13
134 230
36 101
288 150
97 27
189 172
80 131
65 36
174 128
90 253
273 44
156 61
116 49
129 278
154 16
159 223
43 104
21 75
269 198
7 182
128 77
174 59
156 44
0 120
203 204
284 174
283 215
224 288
238 166
10 5
189 250
32 199
61 138
239 55
119 288
85 141
266 162
51 162
126 248
40 271
11 203
269 137
126 127
124 233
273 94
118 175
15 149
233 70
135 217
126 118
165 98
227 98
182 236
30 241
137 137
256 61
105 226
134 185
252 286
80 101
167 37
206 94
135 133
137 83
42 102
278 204
182 155
153 235
87 101
273 21
271 55
246 77
80 129
40 226
209 130
115 253
120 23
69 131
47 115
285 52
175 191
267 104
267 116
114 194
74 149
98 56
255 118
251 95
154 24
36 57
67 221
111 151
78 284
91 139
17 286
194 24
28 26
244 3
271 257
101 264
98 32
166 191
245 103
9 137
29 8
186 1
66 101
254 261
98 262
46 85
211 229
168 281
4 77
79 182
53 175
7 227
41 187
233 220
11 24
20 221
25 145
140 268
272 215
258 1
153 207
8 207
167 124
143 88
61 221
179 37
158 143
120 158
14 141
197 6
66 230
185 279
250 230
241 269
250 23
112 228
250 180
3 35
85 275
211 259
221 50
137 130
214 136
273 150
212 263
165 247
92 152
143 8
58 164
125 23
209 203
56 243
44 35
96 73
90 18
180 278
28 190
94 41
137 39
132 55
185 28
139 217
78 13
98 52
57 76
257 81
200 261
219 51
138 251
233 111
240 166
157 41
21 150
82 12
255 257
268 96
266 27
47 45
162 47
52 16
138 56
48 127
282 185
11 143
175 177
163 75
115 186
136 154
19 64
229 133
2 187
109 222
113 52
152 115
210 197
36 50
117 267
288 59
248 23
176 131
278 121
191 203
216 143
240 99
70 3
66 61
222 94
40 279
244 125
137 271
221 275
287 48
107 54
65 140
177 7
224 195
285 182
261 202
44 273
273 98
213 72
155 277
61 272
171 156
285 283
76 225
49 99
274 109
254 185
168 164
132 150
172 185
90 22
15 197
168 269
211 108
156 199
237 204
78 47
145 169
256 49
121 157
154 97
288 190
263 109
53 31
86 79
1 52
27 82
273 82
150 65
33 30
163 133
289 162
236 53
220 7
238 9
173 116
112 202
8 98
26 81
120 130
110 167
201 106
220 5
126 8
241 210
241 124
233 258
24 118
139 165
78 128
80 205
16 236
271 91
87 8
116 167
276 15
25 270
46 224
118 16
269 130
70 233
32 18
65 74
196 255
112 24
101 44
12 268
37 207
93 170
237 60
176 226
114 159
182 286
3 57
201 284
143 68
250 254
184 155
229 140
194 43
208 272
1 70
44 138
41 244
231 247
56 207
193 190
100 200
33 255
270 34
126 78
162 175
82 97
273 4
239 17
1 231
39 90
116 23
287 284
48 101
254 207
225 35
79 254
69 116
61 256
85 168
276 59
270 110
124 256
13 203
218 220
166 56
266 83
58 91
265 36
199 35
212 158
93 160
3 67
143 215
98 162
22 28
42 221
18 1
171 97
156 201
127 139
69 135
222 180
43 166
6 91
100 241
42 87
248 252
140 256
185 164
250 132
203 258
168 204
42 164
168 50
198 46
240 15
50 194
212 137
266 142
203 171
245 36
110 1
124 51
181 92
253 235
53 210
207 37
3 81
67 146
186 140
186 218
283 254
131 133
5 105
84 163
44 149
85 95
271 21
148 107
174 234
224 91
287 81
242 12
18 73
30 230
178 166
101 268
154 146
268 65
245 153
202 262
79 158
162 204
140 117
180 30
137 188
169 104
44 133
15 211
274 167
246 238
96 286
237 148
73 39
154 32
269 106
24 269
231 95
194 186
218 27
147 240
179 2
196 162
82 46
229 148
245 213
13 96
43 254
185 144
40 184
51 234
153 153
234 240
216 241
105 67
147 204
266 211
116 92
220 104
61 268
13 288
23 259
157 165
117 149
273 223
139 233
56 138
71 69
178 287
157 197
109 185
220 78
213 119
104 143
172 140
12 174
86 38
264 277
136 145
5 223
249 114
238 179
3 37
51 66
33 124
133 254
184 7
214 211
45 63
199 265
227 163
160 275
108 212
187 84
221 56
156 168
243 272
12 103
112 264
214 58
90 124
160 129
203 157
254 8
263 18
234 20
237 70
15 43
236 28
173 74
5 234
249 241
109 136
135 240
286 246
244 33
83 117
93 156
246 256
250 165
279 65
288 279
119 177
216 219
258 210
32 268
160 25
216 276
78 84
37 86
186 64
261 121
155 54
68 168
43 46
272 34
21 50
103 267
216 28
240 152
276 126
209 177
258 266
125 59
174 2
167 243
239 240
265 59
131 159
200 252
91 206
37 2
171 83
121 96
62 58
167 35
218 156
258 86
79 61
81 234
46 52
36 177
107 20
29 267
103 278
227 41
254 216
269 104
22 105
57 78
72 81
267 254
231 143
199 115
267 16
280 94
65 161
109 8
142 31
250 182
58 138
20 106
78 253
87 206
152 158
69 13
9 246
281 92
235 198
270 11
208 166
65 46
247 273
60 223
166 151
173 174
259 280
60 174
277 157
57 155
207 197
256 246
121 31
82 16
157 9
251 110
151 143
102 221
148 31
157 91
64 44
282 17
40 8
135 64
80 105
190 186
227 189
256 185
289 9
141 86
21 245
132 222
68 211
16 254
75 39
264 269
210 169
152 80
247 243
61 49
86 84
13 57
223 67
232 154
198 255
260 58
52 41
259 40
250 167
109 92
109 228
135 169
22 165
193 204
149 67
88 284
265 164
244 56
137 182
0 213
87 185
164 240
135 112
15 188
112 288
189 67
55 210
28 215
66 234
150 256
66 94
97 226
152 226
14 249
193 244
192 268
197 80
2 46
279 155
93 232
27 250
187 73
198 11
22 224
172 35
133 86
149 93
53 254
223 223
218 213
14 267
229 26
264 65
155 279
238 139
14 11
18 104
60 45
56 28
269 54
170 50
55 150
218 237
96 35
183 111
226 110
132 148
172 17
76 88
79 20
154 56
100 56
103 9
232 201
208 9
178 42
17 233
227 27
53 168
107 286
228 112
101 141
247 49
213 65
116 118
264 157
48 111
248 221
83 67
283 127
31 0
207 48
37 161
106 127
112 0
143 14
188 74
265 279
244 197
206 1
38 32
180 288
166 255
210 264
202 286
281 216
265 265
186 169
178 278
194 41
235 159
220 197
3 172
271 7
187 51
89 115
105 138
118 77
151 59
211 40
98 247
159 50
62 249
263 63
24 112
87 99
72 60
124 38
209 159
70 128
183 245
25 18
221 227
248 54
263 69
23 68
1 172
38 194
202 143
221 89
138 23
57 229
75 242
250 244
156 33
62 273
192 74
204 236
226 268
183 139
92 91
174 220
113 22
271 242
13 53
111 261
151 88
7 31
82 71
73 242
90 251
261 194
103 91
104 59
131 37
5 35
174 243
2 229
79 2
47 228
124 289
188 240
204 255
284 141
82 260
162 215
252 140
46 43
5 37
254 81
207 246
25 6
229 207
135 213
94 2
62 79
130 89
149 214
253 80
259 56
198 229
30 165
47 121
253 283
150 95
22 89
23 12
103 173
136 218
19 275
44 244
161 81
25 49
65 177
179 220
265 81
154 115
55 268
35 10
16 247
164 16
113 180
58 18
121 172
95 265
91 162
252 150
220 13
149 258
144 167
140 109
64 105
71 122
255 230
115 91
92 246
190 59
268 275
64 14
276 1
277 22
87 124
152 65
69 21
60 32
246 4
89 226
8 17
37 238
230 11
98 267
136 228
228 25
182 271
158 111
226 159
58 40
12 55
136 7
205 56
266 42
211 62
74 136
59 188
53 105
235 238
224 73
7 211
218 105
238 77
115 11
237 170
29 192
222 280
185 226
133 126
100 34
277 224
97 43
2 248
127 24
155 142
23 100
232 46
111 180
146 280
256 112
107 194
256 123
218 149
287 135
258 95
209 6
64 58
281 110
36 157
185 139
226 95
60 96
14 48
245 185
17 181
18 44
58 257
44 42
153 48
162 259
79 187
6 273
205 249
4 225
96 251
57 196
152 253
277 151
286 27
44 204
242 7
37 40
225 168
86 199
158 242
124 113
267 172
186 175
157 280
96 211
253 87
145 152
157 262
139 83
51 23
25 63
28 143
175 60
46 98
287 64
164 226
181 81
100 32
102 134
121 188
19 213
49 148
246 55
177 92
137 90
95 105
69 261
228 66
162 227
6 218
12 278
233 90
146 28
184 63
112 44
114 196
67 172
230 212
109 42
4 125
93 277
276 238
72 95
258 68
42 13
36 27
89 278
242 243
266 252
91 43
174 237
128 168
184 9
38 55
276 42
80 156
164 279
253 83
170 29
69 235
87 63
136 269
187 44
98 117
46 245
135 54
38 196
10 64
199 222
238 226
254 214
233 99
179 126
136 46
231 169
197 253
268 35
46 157
79 271
54 256
9 242
227 243
154 247
63 67
123 202
240 209
254 272
72 50
256 69
98 74
134 215
116 195
72 76
151 202
98 67
246 99
62 85
126 102
89 150
65 163
199 79
252 176
56 194
12 127
26 26
117 12
8 110
172 154
276 196
87 226
62 9
58 100
145 229
192 48
194 217
234 92
273 188
181 38
2 238
156 122
2 282
167 1
213 245
0 249
275 69
253 180
163 99
138 190
222 176
166 185
119 263
251 282
160 12
148 287
268 236
217 286
199 162
204 215
276 79
220 164
225 152
161 189
144 43
175 146
255 251
58 147
251 144
278 59
126 212
172 159
15 223
221 273
245 97
35 78
137 143
262 197
130 49
206 14
112 147
1 174
224 12
46 79
149 25
225 33
134 161
10 240
228 109
17 195
137 60
180 226
253 30
81 217
241 41
126 270
103 166
79 0
132 289
198 217
182 21
117 81
288 40
178 201
100 36
264 130
244 112
118 26
43 72
202 70
50 224
61 231
82 149
111 23
119 259
146 265
243 149
96 254
171 194
249 229
149 241
65 122
223 134
93 187
179 75
148 58
112 217
98 251
143 177
42 129
227 127
106 97
34 191
282 190
118 92
273 124
91 95
258 246
111 32
62 90
192 160
278 184
205 162
157 207
74 179
247 84
261 180
102 215
30 225
204 138
213 234
3 88
116 220
196 170
140 243
249 75
77 55
124 7
144 16
229 157
223 247
121 33
130 20
18 231
9 88
120 178
235 100
142 48
189 54
88 153
9 152
106 16
184 166
127 51
276 231
18 62
161 245
108 188
234 161
80 27
231 82
160 36
250 67
246 189
184 13
85 22
49 285
263 171
283 42
81 1
168 66
122 29
204 82
158 132
287 156
189 211
198 137
141 277
220 97
190 130
66 142
256 256
197 246
235 61
54 126
68 44
249 261
151 26
124 132
2 254
242 36
175 241
40 208
59 89
132 24
17 141
125 195
84 240
207 147
276 165
106 176
180 56
21 172
106 60
191 108
162 238
125 150
190 61
270 157
52 226
97 209
165 45
153 273
176 129
135 204
235 105
149 280
268 87
134 29
125 208
121 136
63 164
252 94
198 278
191 53
67 64
178 69
170 119
250 2
103 61
217 10
277 244
63 72
5 59
4 136
113 270
171 174
116 116
196 224
226 28
210 215
273 91
144 175
260 162
49 136
2 169
136 215
201 104
201 80
56 183
277 195
55 254
220 151
48 135
117 4
286 74
100 239
77 262
48 84
284 1
107 229
187 29
126 266
177 153
233 194
8 169
277 51
193 26
236 169
191 132
258 150
234 179
226 220
13 266
213 201
48 103
202 218
222 251
39 18
246 51
95 197
60 6
91 50
149 30
69 39
89 213
147 153
28 230
64 26
41 210
86 113
181 11
151 97
113 184
105 99
187 37
14 136
148 237
142 92
260 156
244 107
268 146
128 106
262 185
115 144
113 222
232 240
270 250
49 66
178 164
237 109
220 259
40 108
121 167
27 153
135 183
37 67
173 7
157 244
202 275
153 18
53 10
68 130
247 206
89 205
125 123
43 120
112 241
205 175
134 222
133 279
157 186
178 266
281 12
56 132
194 237
181 217
278 165
148 115
75 248
256 19
217 204
46 59
174 249
9 284
34 219
267 216
82 112
76 102
197 103
248 151
91 148
134 74
53 107
274 197
74 284
227 153
252 117
165 140
229 247
126 33
228 202
172 187
210 222
288 34
65 145
8 192
254 115
66 0
246 21
239 57
35 246
78 236
5 98
102 130
155 172
71 2
260 24
21 90
214 277
205 198
176 25
53 95
183 55
165 149
45 235
244 22
221 134
59 144
87 175
207 252
209 258
211 245
159 108
68 192
267 209
64 206
33 182
26 130
199 207
200 288
62 31
288 152
240 242
245 269
251 242
282 1
88 5
30 237
140 23
282 86
243 119
122 263
252 223
60 104
246 108
240 219
111 119
214 270
154 44
158 52
189 149
148 254
8 133
25 83
113 97
85 154
102 108
36 257
141 68
68 185
126 242
257 234
84 53
25 197
264 206
81 192
250 209
216 103
245 255
174 144
58 6
265 9
254 168
87 114
111 83
260 13
253 105
262 40
14 277
0 141
195 136
13 195
147 56
52 166
14 218
202 112
159 230
1 196
136 32
254 78
78 249
153 55
250 189
150 193
64 65
255 53
109 152
195 100
50 159
270 75
28 219
253 59
141 96
216 226
198 270
158 235
144 114
76 118
28 80
281 51
87 21
198 214
164 68
47 154
197 64
101 125
221 281
137 224
102 274
160 159
28 33
139 18
55 55
24 38
15 18
283 81
187 89
92 100
12 139
72 217
85 30
193 50
282 150
11 33
210 54
42 179
44 162
166 122
68 286
222 143
36 110
102 191
152 194
133 54
208 27
146 203
231 279
125 84
246 138
198 223
48 197
71 40
128 70
273 272
280 165
272 116
169 45
101 251
262 129
99 173
244 98
272 250
225 227
232 160
77 127
207 40
193 232
183 250
7 49
118 2
83 250
241 202
192 130
170 257
204 102
235 281
101 146
66 196
157 7
124 61
146 157
168 201
254 3
250 142
169 120
251 275
144 63
268 240
88 97
180 87
203 196
8 126
258 136
219 246
203 40
138 262
31 78
21 182
128 176
172 199
222 131
218 268
203 68
123 83
139 8
103 86
5 123
274 33
88 127
104 240
81 117
232 113
21 100
279 147
96 246
1 118
69 239
149 53
72 30
197 145
97 180
138 226
166 278
198 140
276 203
284 260
139 147
3 9
273 9
201 163
221 76
117 100
44 23
64 192
188 79
61 214
129 130
73 177
112 273
4 154
92 118
158 177
63 60
85 212
232 125
3 196
23 250
57 10
178 101
68 190
3 180
15 219
250 160
234 208
38 170
153 155
147 48
16 121
241 158
43 148
244 45
95 113
166 23
49 170
204 281
24 110
10 3
264 62
42 27
254 122
3 134
286 20
45 9
96 19
41 0
150 218
211 178
43 266
84 148
277 175
238 232
284 83
262 143
125 15
46 15
172 266
284 144
19 11
241 19
100 250
206 5
131 224
22 235
188 261
105 50
108 40
3 18
245 160
263 246
213 35
26 24
134 72
231 147
50 51
31 149
106 124
10 42
148 10
5 54
158 228
10 286
279 32
18 193
201 21
159 113
132 50
188 218
192 28
18 202
263 136
153 117
26 113
48 14
236 67
22 160
3 53
207 217
275 237
275 172
129 104
202 89
112 243
38 92
0 54
262 206
44 37
285 142
130 142
146 61
67 257
271 13
61 281
277 163
267 120
242 126
80 111
195 17
213 41
67 33
37 81
238 270
162 146
235 37
130 14
125 108
94 56
111 42
102 123
179 222
128 31
166 280
237 239
56 256
138 141
172 201
63 280
128 49
246 222
104 141
179 124
25 69
56 66
21 279
152 189
270 200
84 281
105 152
284 53
203 243
267 185
162 15
152 201
162 117
248 131
177 80
139 152
240 249
94 65
158 126
158 182
110 121
259 247
105 134
128 218
117 199
259 132
148 122
174 35
235 138
215 64
239 72
168 30
143 163
151 270
162 280
25 42
255 65
186 216
231 134
280 34
242 98
248 279
218 186
208 65
213 63
7 284
42 137
73 168
70 130
222 43
288 241
34 279
280 102
10 257
97 102
182 13
123 172
253 76
205 75
117 165
269 37
96 207
50 191
154 216
93 47
188 202
121 75
260 228
165 100
198 26
4 255
245 166
15 129
198 82
153 105
97 212
118 24
282 93
241 221
272 64
187 95
84 84
278 235
207 117
16 82
222 170
212 191
67 267
35 238
207 177
199 202
91 164
225 50
230 233
52 222
169 150
239 104
30 269
276 279
37 99
213 126
200 263
35 271
173 194
257 276
262 12
288 20
107 172
127 178
85 55
191 29
49 115
19 190
243 172
243 115
258 222
25 194
192 162
159 168
90 244
117 84
92 35
188 154
136 20
284 25
123 204
261 247
74 30
70 29
127 232
138 139
289 30
75 272
244 167
58 132
284 224
29 283
5 220
289 203
100 232
281 69
47 257
178 142
62 233
42 230
30 33
122 218
67 213
234 287
273 74
221 210
57 251
288 3
5 271
214 132
29 168
117 38
171 181
278 80
17 17
96 98
0 206
213 97
163 206
239 110
29 223
183 67
214 256
124 57
192 52
243 2
178 199
126 76
13 10
263 120
208 4
163 4
129 140
69 219
56 262
122 41
159 261
10 135
79 203
180 102
265 7
137 153
151 121
78 53
152 238
250 93
202 181
121 239
64 175
237 27
246 265
193 202
247 267
152 184
239 125
99 2
197 177
86 106
104 98
12 189
0 202
252 167
112 208
123 188
162 28
114 137
62 54
253 107
38 109
62 200
212 121
257 70
261 188
257 201
214 288
33 166
265 215
239 86
213 141
147 19
10 98
208 148
111 92
74 279
134 14
110 147
46 172
97 96
25 253
118 244
46 210
121 224
18 285
97 203
192 265
74 277
123 137
3 259
153 278
100 46
187 115
207 206
140 141
72 74
215 286
72 266
268 26
172 79
273 275
107 227
143 191
200 201
36 200
61 225
174 265
81 240
205 272
175 182
20 180
95 6
109 131
174 51
215 145
110 123
289 269
124 155
287 141
46 35
7 29
42 248
89 9
205 218
96 172
53 202
0 168
287 139
221 172
108 75
226 150
22 241
63 254
236 262
147 258
174 176
39 135
218 271
149 110
178 212
275 23
91 261
69 76
254 43
49 263
197 139
241 141
211 110
237 58
266 32
129 6
134 271
165 135
86 42
231 12
91 30
114 204
236 62
40 22
279 280
170 214
131 110
198 181
36 205
13 170
45 177
142 60
133 37
255 282
43 256
165 245
72 100
234 122
95 10
209 168
214 3
20 2
197 52
256 102
251 133
230 138
84 40
42 175
71 12
215 125
149 69
136 230
170 100
205 81
94 74
95 28
84 248
61 38
197 4
205 28
147 129
147 73
128 164
53 110
200 34
0 73
112 35
231 199
193 112
251 187
190 276
227 102
171 236
285 62
179 262
198 92
225 108
239 70
76 278
8 158
161 211
164 13
179 242
249 73
131 18
166 189
279 206
165 70
51 52
190 74
217 91
58 153
148 80
265 75
25 209
38 209
150 141
111 237
277 70
104 252
289 64
176 250
106 77
85 220
237 72
128 43
84 136
11 149
275 174
251 88
99 186
126 175
141 211
214 207
150 189
203 75
135 9
279 106
133 121
57 68
38 258
152 262
118 131
193 116
143 217
203 173
103 33
206 166
168 199
181 266
129 138
256 215
264 153
4 238
159 91
217 166
120 194
97 167
270 152
236 193
209 239
240 244
66 35
62 92
22 178
162 51
23 95
96 221
285 76
53 272
247 63
86 110
143 21
272 200
177 109
79 178
60 186
151 209
30 94
217 119
182 288
1 86
5 268
132 230
109 238
125 1
213 2
29 249
16 162
61 248
72 233
57 163
260 46
19 109
107 252
145 193
31 174
160 216
240 73
23 32
209 284
196 248
116 44
24 257
252 57
170 92
118 228
151 207
217 249
65 268
73 121
47 198
39 234
219 239
182 183
19 75
45 65
182 280
254 175
102 257
18 118
128 117
104 31
258 185
266 128
289 178
160 21
210 18
18 55
210 190
174 279
129 276
33 266
259 239
28 178
53 112
27 168
8 81
71 157
37 71
186 241
275 150
112 220
164 29
242 261
267 9
270 23
110 267
205 106
282 112
36 163
62 244
201 174
116 193
51 164
38 120
99 270
269 163
262 20
144 118
187 251
1 218
11 31
191 226
22 288
113 286
196 0
68 187
28 180
76 166
72 278
234 50
140 246
69 144
72 252
270 139
162 185
262 71
69 26
173 150
159 225
20 164
100 133
150 269
274 240
82 281
265 146
172 12
178 286
239 230
13 25
76 42
83 51
23 40
220 35
225 44
90 76
221 184
83 122
134 181
160 88
255 42
126 43
189 193
222 259
227 266
6 195
147 229
78 269
289 116
42 200
239 145
101 170
136 189
78 142
174 168
183 47
263 234
215 202
281 273
147 273
54 182
131 198
76 63
173 124
46 208
116 247
21 35
226 170
120 216
87 243
102 26
209 266
7 171
219 126
195 246
42 38
41 18
207 103
155 128
213 272
141 111
34 34
70 95
166 177
151 264
237 152
222 122
270 116
285 232
75 10
49 281
2 164
279 84
191 231
106 190
219 166
29 217
119 286
247 27
160 106
117 137
195 235
264 176
128 211
190 110
179 264
213 193
83 272
14 23
119 4
68 226
91 289
247 200
284 231
98 146
54 239
202 44
194 150
157 1
32 240
197 235
71 54
196 71
185 221
102 247
221 41
28 131
218 230
214 158
58 120
106 136
2 102
286 100
195 189
38 150
98 232
90 110
205 172
66 170
185 264
244 190
196 69
94 180
88 272
245 62
117 211
256 128
257 240
126 250
97 81
180 78
84 165
177 94
1 256
132 174
21 205
138 116
218 103
247 104
232 6
287 66
258 38
31 153
34 111
251 47
72 67
13 49
67 46
90 16
70 111
285 111
128 99
4 282
211 221
254 270
139 209
207 140
28 158
193 230
51 123
133 228
128 160
24 220
279 269
248 207
65 52
2 23
188 272
174 49
278 231
26 102
166 86
287 133
168 167
29 69
78 160
204 69
40 188
62 175
162 225
83 55
221 39
53 287
275 281
150 284
265 209
235 24
99 181
139 214
144 249
45 67
35 278
275 131
75 81
56 41
173 244
215 121
54 243
153 264
28 65
226 76
58 202
185 130
102 211
251 225
151 236
251 101
73 170
281 224
112 85
76 135
123 105
16 241
193 18
158 93
260 143
112 74
225 223
200 12
168 257
71 8
110 88
42 144
7 89
84 33
0 48
60 179
29 115
206 21
197 194
207 182
100 131
141 199
97 89
44 102
190 8
27 198
224 21
197 47
212 162
153 78
242 121
238 234
31 259
55 23
72 280
134 277
283 225
114 264
194 71
220 85
170 96
178 20
134 244
288 92
227 53
237 248
95 96
95 209
57 172
164 146
244 251
88 266
199 63
74 73
40 258
10 191
67 178
118 42
126 96
13 143
171 206
216 179
151 29
74 241
106 140
102 132
272 192
57 34
50 283
164 148
87 283
266 3
238 216
285 8
62 186
98 190
29 0
76 200
91 93
283 9
284 219
263 179
5 181
191 122
168 76
258 133
156 140
183 34
270 218
214 194
203 273
109 106
188 61
174 251
134 25
279 88
192 242
72 52
176 162
72 142
149 14
190 82
18 111
5 156
107 105
237 104
281 135
257 88
204 158
174 170
243 238
177 117
194 36
223 97
33 168
50 91
210 176
219 14
206 144
270 283
149 220
205 164
101 79
14 153
3 188
24 92
204 229
134 211
208 16
195 284
139 193
42 74
151 282
89 184
108 116
157 29
118 282
129 132
187 143
81 74
66 127
138 172
277 246
268 204
88 60
60 197
166 102
78 167
259 88
147 93
274 148
78 7
126 16
97 155
9 119
77 69
199 21
226 1
257 268
66 208
88 192
99 237
7 120
229 238
45 192
68 156
124 272
195 232
232 218
201 212
178 193
102 161
187 39
288 192
116 132
169 109
194 188
80 91
13 233
248 128
77 61
179 240
216 186
201 60
92 22
279 16
28 46
234 187
288 180
218 35
29 136
119 127
122 214
66 202
20 253
202 238
287 119
171 287
225 219
123 66
6 222
264 96
49 270
128 220
261 148
137 64
3 98
93 106
63 49
163 57
246 12
34 215
142 253
23 202
99 43
18 269
269 91
253 277
221 68
15 251
127 26
230 19
80 50
228 245
243 184
153 170
199 104
167 165
73 161
234 72
15 144
258 32
168 131
280 258
63 245
183 247
125 246
5 171
188 113
137 234
95 80
3 84
250 260
125 257
222 138
43 187
245 90
25 244
257 279
2 100
256 168
159 59
20 247
103 12
104 95
34 125
275 180
168 15
190 118
101 151
253 199
83 126
285 109
155 254
275 169
96 33
113 68
91 67
30 6
62 129
179 45
248 287
227 104
99 26
207 250
147 284
283 267
118 217
72 201
236 117
152 16
215 71
25 126
212 175
10 146
241 120
146 267
125 171
32 71
202 268
2 125
223 57
209 182
154 103
16 153
190 170
198 126
102 84
203 19
276 141
141 177
104 14
64 10
126 160
29 187
275 223
223 161
80 12
206 61
177 138
143 50
187 99
237 213
4 270
216 62
53 62
6 212
208 114
25 168
208 87
85 156
130 0
189 52
189 37
20 82
251 148
89 163
152 134
186 153
8 256
186 125
45 265
239 95
183 6
102 226
178 96
193 173
251 36
208 78
161 249
32 156
36 245
197 123
145 14
186 234
242 237
223 276
233 144
266 102
173 33
277 261
139 154
284 16
102 231
101 159
59 240
165 206
249 211
198 275
196 25
268 286
57 220
55 3
64 86
145 136
12 256
278 141
96 117
193 198
96 121
73 207
143 100
230 261
209 141
128 258
154 200
229 59
31 55
165 82
131 39
115 53
259 288
107 148
215 248
286 180
133 198
218 95
169 91
268 166
101 210
141 218
232 88
201 96
206 107
152 146
30 45
18 271
101 88
280 252
160 143
126 69
48 159
122 104
133 169
93 265
121 177
174 217
137 52
84 287
53 39
71 21
70 263
134 109
222 212
108 165
247 212
55 11
105 230
105 21
112 125
83 252
272 102
273 206
99 80
65 60
36 33
123 39
220 155
266 126
77 143
36 48
257 224
248 277
63 113
108 168
267 163
111 132
62 0
289 109
287 109
232 205
84 144
171 183
236 218
220 62
184 197
235 65
68 5
7 198
100 283
206 271
39 99
283 28
262 226
228 281
9 150
15 170
15 151
265 108
138 30
144 282
275 256
31 109
280 204
139 281
11 180
55 96
127 82
17 272
169 259
34 94
220 109
71 27
212 75
260 284
109 163
189 101
133 98
249 27
126 112
266 44
34 57
138 180
140 3
228 173
27 256
40 190
278 101
216 79
113 100
110 35
203 187
242 87
93 3
45 121
27 63
3 266
275 124
289 285
103 1
160 57
50 21
53 157
255 44
236 288
221 54
21 48
80 115
253 109
15 213
108 215
131 275
236 226
88 274
26 1
43 95
127 216
83 82
138 158
231 181
23 204
52 255
266 261
64 270
128 239
200 286
75 111
174 204
107 109
183 211
237 255
191 283
216 177
243 205
117 75
91 236
87 40
236 210
113 42
66 228
193 246
41 214
26 151
27 163
222 195
19 233
169 249
199 111
51 113
58 206
46 90
150 107
78 228
108 104
100 266
187 159
281 16
212 275
56 57
91 75
288 85
163 131
256 211
275 21
113 8
38 271
222 6
92 244
41 40
122 52
99 97
7 275
125 264
82 33
188 283
284 27
12 83
10 84
3 232
205 151
57 102
273 238
39 60
142 130
79 197
223 59
188 252
203 222
145 246
238 16
148 82
62 270
137 114
47 117
234 76
116 218
93 196
160 117
118 207
184 22
270 240
88 67
104 221
23 120
286 160
108 127
277 222
167 130
50 96
146 81
69 268
109 119
198 107
157 121
147 242
19 100
277 153
99 88
82 164
223 63
4 79
186 268
140 38
96 205
281 8
66 50
198 113
226 207
96 100
235 22
161 34
262 14
31 267
226 55
267 53
169 7
143 171
170 209
177 45
5 242
212 18
71 231
264 99
173 142
194 34
107 26
28 151
167 110
106 233
235 48
84 246
130 38
244 186
13 84
204 155
197 159
123 144
149 4
116 82
110 48
132 73
270 15
287 216
155 249
17 166
213 164
10 233
125 164
256 52
115 267
209 174
24 16
192 213
240 139
262 261
245 204
212 238
0 216
49 204
63 188
223 175
109 56
236 121
72 282
160 251
7 248
168 279
146 250
106 256
175 44
21 210
33 77
0 198
154 222
44 169
187 48
244 193
266 158
211 115
113 190
246 127
211 113
211 84
216 288
152 178
249 232
275 78
33 60
159 153
238 250
67 106
96 131
243 100
19 273
18 121
167 238
57 227
169 28
237 269
61 164
102 97
30 86
209 72
198 33
276 254
10 235
246 47
45 116
218 206
213 162
204 130
57 115
5 183
193 261
130 246
44 141
223 203
212 232
137 148
92 217
83 60
205 117
185 94
118 120
95 193
77 21
3 156
152 57
64 101
228 43
273 210
249 134
101 69
282 6
127 10
261 200
274 254
124 266
18 186
136 22
156 46
241 50
284 6
96 219
45 147
175 108
160 104
105 106
245 131
75 210
147 212
271 101
39 122
9 215
249 266
95 144
53 42
196 150
158 163
285 194
104 165
281 73
110 33
247 153
215 147
233 156
278 250
14 120
191 257
274 242
276 49
174 185
42 29
74 2
22 52
77 247
18 236
7 246
64 215
158 137
168 11
249 116
218 240
177 229
280 231
59 236
145 181
245 171
1 107
122 184
79 220
9 51
78 63
28 287
68 270
34 199
114 272
73 186
93 15
72 286
214 205
187 67
150 237
68 276
169 68
41 104
207 138
245 196
228 79
80 133
10 140
25 30
7 277
58 223
2 211
156 289
85 86
118 83
60 106
273 112
53 170
59 286
160 164
248 271
77 273
237 120
55 43
161 224
43 62
68 250
62 276
251 97
107 83
121 117
80 282
140 266
4 129
257 151
24 281
92 83
126 189
265 95
128 65
162 158
100 18
213 274
38 127
256 174
108 38
226 72
115 84
43 258
194 157
271 32
256 86
180 233
179 50
103 184
138 131
36 155
120 251
239 154
6 62
43 97
41 135
83 23
55 45
230 245
104 5
39 286
205 41
18 123
190 99
200 230
217 202
162 274
207 51
261 222
204 194
177 240
171 284
177 87
108 177
17 283
7 184
96 241
188 97
93 177
38 27
13 160
247 176
154 34
96 195
120 183
8 209
117 111
123 63
153 11
228 14
68 137
285 244
273 268
260 282
279 277
41 63
230 281
146 138
194 15
165 215
242 287
234 67
9 25
128 228
182 251
84 6
150 232
164 19
173 60
185 168
163 2
45 56
112 248
76 113
57 187
103 66
136 66
55 250
107 199
200 160
153 245
283 35
190 0
60 18
187 226
135 265
271 5
217 189
242 148
172 102
171 240
13 223
88 198
187 46
34 229
120 53
209 38
178 58
151 234
138 177
88 35
143 103
156 110
52 216
163 201
152 287
149 79
242 177
146 248
29 259
2 154
143 193
255 241
232 172
49 7
217 107
29 21
119 44
184 2
177 2
269 155
164 277
287 22
127 35
175 37
1 68
158 232
238 175
147 181
283 244
22 257
101 121
282 255
9 211
215 56
9 159
59 246
260 260
86 247
144 143
158 70
124 103
166 170
212 25
140 180
185 85
106 155
120 121
234 227
134 111
191 95
120 243
205 257
229 53
91 204
194 0
75 126
189 225
22 263
140 16
183 15
244 225
270 17
87 264
280 212
63 177
266 34
214 102
224 258
243 229
234 270
117 106
260 241
29 56
207 150
186 83
45 21
279 176
64 244
216 229
171 21
108 247
254 23
30 13
143 222
132 161
155 88
282 95
75 139
207 46
275 111
236 84
53 139
132 59
135 282
222 155
142 79
60 263
72 102
45 139
17 116
19 7
155 92
46 48
135 143
171 74
34 51
186 182
49 235
227 7
40 54
151 21
80 211
202 193
152 225
142 13
221 113
275 94
224 267
220 271
76 57
235 59
238 209
53 266
206 31
141 72
89 94
257 258
179 176
115 64
262 31
82 256
12 270
20 242
92 270
134 242
11 11
131 83
246 225
45 76
68 256
151 67
225 146
259 114
216 2
45 167
176 164
8 19
268 259
183 217
276 109
278 6
185 256
153 254
267 156
117 133
0 6
90 144
224 29
213 255
245 267
114 224
139 145
180 188
168 192
147 225
20 274
88 87
253 95
212 95
180 94
145 101
102 142
53 238
174 277
73 32
108 28
84 169
236 200
97 21
70 185
139 15
51 269
66 184
14 158
84 196
6 235
240 116
282 133
193 85
283 110
137 75
282 175
184 169
216 22
35 179
105 238
45 47
65 258
103 219
78 264
222 235
97 17
210 161
251 172
34 8
238 242
266 148
258 167
198 98
14 28
35 80
242 79
285 29
101 174
232 10
259 77
266 96
31 125
276 247
133 159
9 227
37 216
252 32
146 234
191 229
71 195
6 60
162 76
271 1
24 136
123 1
33 259
202 125
89 257
219 138
153 87
41 154
236 254
239 44
205 207
0 3
146 38
221 52
141 8
4 206
23 283
135 129
288 200
16 62
74 234
51 211
214 31
23 14
146 209
288 118
231 59
35 117
148 279
72 284
136 34
248 185
249 200
60 134
194 89
113 60
56 12
36 140
30 62
232 190
75 169
287 204
101 219
187 280
259 232
265 172
255 6
279 123
221 8
44 0
279 260
111 245
141 100
198 50
163 33
157 154
26 161
117 252
102 115
95 167
54 40
48 25
269 119
162 233
135 104
128 1
235 71
77 72
79 231
226 74
243 49
168 208
129 45
60 162
189 16
38 158
216 258
180 280
192 70
107 119
71 265
175 53
191 259
62 203
29 84
259 278
128 137
124 201
287 79
272 80
244 66
39 223
36 145
279 51
227 107
93 80
68 81
247 61
68 110
140 33
175 219
87 61
171 268
110 14
41 267
204 1
13 130
133 4
179 22
229 2
25 203
30 263
130 264
133 265
252 89
101 172
12 73
138 247
146 142
125 82
198 146
191 278
98 256
78 103
185 90
260 193
39 152
44 48
125 36
183 117
132 267
16 50
54 94
285 285
109 83
19 192
145 145
253 250
243 216
51 288
43 234
210 128
116 151
88 215
79 273
18 281
58 280
194 206
140 126
44 247
179 118
155 18
237 85
223 239
77 24
253 101
212 11
45 212
45 188
135 158
63 258
94 102
0 101
277 117
116 235
140 31
221 58
111 99
19 150
185 244
64 236
79 176
71 100
269 248
207 266
116 213
184 51
105 284
36 89
77 216
57 210
259 107
104 38
74 17
263 112
275 252
229 224
80 278
181 43
178 85
264 267
215 27
234 4
46 127
220 215
99 175
126 229
10 104
5 198
86 4
289 194
77 198
5 10
245 175
257 119
222 257
258 175
116 228
233 285
159 131
22 219
183 279
42 232
146 32
69 266
149 49
276 115
217 162
241 29
218 282
94 191
22 270
91 137
177 38
50 166
66 14
191 140
115 211
192 138
226 117
140 119
52 233
163 124
46 77
213 89
288 205
150 164
227 269
196 102
234 215
147 151
55 186
30 52
40 36
42 255
230 51
149 126
54 199
30 70
234 275
92 185
121 138
23 18
247 275
56 278
137 88
110 169
13 17
98 288
155 83
4 168
166 158
61 47
11 242
70 226
94 189
274 80
62 112
280 121
75 189
201 75
5 88
211 151
277 113
102 6
38 144
161 73
30 219
92 248
235 224
120 218
156 77
77 106
92 180
89 207
81 95
111 184
223 124
109 179
238 280
14 241
76 221
86 233
282 257
266 267
120 276
182 70
27 245
152 106
188 69
7 105
151 75
11 129
79 68
151 133
217 245
28 166
114 165
275 74
181 257
234 157
69 123
3 44
276 240
47 152
223 286
14 93
92 52
54 289
283 170
186 180
270 77
256 249
268 154
71 79
38 129
144 135
192 175
134 124
67 21
211 239
220 26
288 73
8 175
33 245
173 84
26 171
271 277
62 223
97 230
168 122
235 149
117 94
178 210
215 47
151 220
199 3
164 216
94 234
202 12
279 0
118 246
77 37
57 25
277 287
105 87
251 65
4 2
23 127
171 67
155 73
288 184
82 283
153 142
60 114
283 51
62 158
284 193
148 194
44 52
131 135
236 15
194 265
263 257
27 129
205 62
178 6
223 253
189 179
232 167
233 142
278 267
18 31
216 104
110 235
213 70
258 58
26 276
253 281
141 283
197 183
156 270
63 213
26 41
271 53
37 134
238 41
85 8
210 58
184 125
233 256
285 170
284 132
5 196
126 182
135 148
254 285
113 79
136 198
131 131
95 170
32 164
282 219
103 93
250 55
82 158
140 279
157 43
280 163
35 249
234 189
265 116
27 119
47 236
247 241
165 17
288 99
141 226
275 229
254 16
230 91
70 251
142 227
130 61
168 33
126 98
122 114
179 246
90 141
16 249
59 116
99 268
116 197
204 276
22 24
191 18
33 138
27 138
177 68
44 174
30 65
96 75
116 77
22 249
268 180
79 258
122 240
64 98
113 246
207 248
139 289
130 68
84 80
63 272
74 253
86 122
133 134
238 116
162 95
286 18
72 58
260 95
205 108
136 56
242 82
196 81
126 259
2 136
274 258
196 278
269 171
201 40
217 259
253 191
147 30
15 57
280 190
142 249
103 88
157 67
253 193
206 49
275 261
3 149
17 224
251 116
37 273
282 213
248 189
179 195
52 133
37 178
267 47
219 231
135 193
48 215
235 35
243 37
109 112
234 222
250 207
277 211
81 59
229 24
216 282
146 71
81 63
251 247
245 182
201 27
177 206
196 42
15 77
199 212
12 35
209 229
151 162
129 256
286 83
152 166
222 23
206 253
108 200
167 81
131 22
211 173
42 6
4 90
41 269
111 18
77 158
85 104
284 256
117 79
221 203
285 128
40 141
235 147
67 162
2 114
5 266
46 17
244 25
65 41
90 24
169 271
182 232
76 148
46 155
199 53
207 204
252 52
150 204
206 235
150 288
215 17
227 218
4 194
197 130
218 111
277 128
254 212
222 197
199 96
43 118
273 32
163 66
137 170
255 239
38 206
88 228
107 263
181 144
104 212
19 117
200 23
164 164
2 5
36 84
174 262
10 75
262 157
51 275
260 4
32 253
142 59
246 133
22 167
181 138
232 216
261 22
269 214
39 20
216 149
9 139
56 4
94 284
103 248
224 225
278 240
30 278
133 102
257 264
219 275
134 66
143 113
203 29
220 212
19 181
116 260
147 126
129 11
260 11
37 117
164 287
244 203
276 68
91 142
115 180
27 0
12 281
54 56
214 23
43 213
249 235
215 90
38 8
171 161
80 170
130 279
208 225
287 178
233 283
144 38
133 234
87 154
47 33
51 111
206 225
45 118
13 165
41 223
139 123
32 144
182 119
208 155
248 62
42 189
260 164
3 247
51 6
122 74
141 43
19 146
70 105
192 90
195 168
16 12
19 264
116 14
83 21
17 263
138 229
23 90
86 286
137 99
75 157
128 213
70 6
79 252
90 129
163 118
102 276
17 89
14 122
188 27
223 4
171 0
90 48
55 156
162 213
54 220
250 123
168 3
42 85
66 48
20 272
192 274
4 82
103 82
27 38
222 87
83 96
210 211
230 33
43 219
248 136
63 137
126 268
156 171
157 109
55 188
64 256
123 23
264 110
259 97
239 88
117 108
245 259
188 71
242 196
35 72
210 281
247 157
176 235
29 265
117 186
184 70
275 43
230 167
133 136
164 184
47 270
24 236
138 155
278 158
217 247
137 62
202 236
30 96
216 45
286 40
129 184
112 87
271 181
213 249
230 113
116 139
191 58
150 124
152 176
207 173
254 141
227 88
169 194
19 260
185 108
56 70
52 224
193 158
63 247
37 59
29 254
111 49
233 206
183 98
12 6
206 71
162 178
254 166
186 273
111 60
169 93
98 182
32 89
273 42
181 196
200 268
224 14
203 7
272 76
238 163
178 238
98 41
69 237
100 64
202 245
39 3
248 92
51 267
32 93
284 40
236 179
214 37
54 83
169 82
57 159
31 104
120 274
270 253
134 70
263 47
142 62
217 81
2 215
27 196
260 272
252 68
45 220
224 19
144 124
146 167
215 204
179 208
75 178
48 183
92 234
83 220
145 186
270 141
59 284
66 135
194 79
114 162
211 119
57 274
80 89
213 156
80 56
285 42
128 93
226 201
216 31
286 50
248 285
249 191
286 131
35 183
228 146
265 84
194 137
191 181
269 277
48 79
164 228
229 35
92 123
281 248
155 26
79 37
274 55
211 7
255 80
108 257
119 85
186 145
192 34
254 126
71 97
90 92
257 244
167 25
250 283
212 210
104 167
242 241
9 44
178 4
216 217
200 214
57 225
126 210
61 136
72 22
255 248
98 222
241 215
158 159
86 81
262 145
261 139
208 277
281 171
208 139
56 280
27 237
21 212
23 210
229 119
42 240
108 36
72 244
188 274
40 168
23 2
211 217
259 3
80 180
86 158
99 164
69 19
160 151
100 191
268 261
165 276
183 187
195 67
197 228
207 19
196 187
152 34
39 251
287 233
137 58
111 79
266 70
34 253
157 101
30 145
9 72
82 40
9 266
14 221
5 284
135 90
72 28
181 75
133 109
104 225
179 224
180 41
10 102
88 245
195 104
135 234
17 21
40 14
65 20
272 166
36 241
20 134
43 223
218 233
270 179
170 144
124 65
227 233
262 285
163 183
108 9
159 121
16 46
236 228
206 130
99 0
202 62
28 206
249 86
82 171
229 278
199 37
252 189
80 41
226 133
264 4
121 261
154 140
259 30
159 66
17 204
35 52
190 21
267 287
31 187
86 133
78 105
27 200
157 254
201 68
128 188
260 230
90 152
71 162
32 61
166 164
209 198
58 183
10 178
78 256
118 151
59 127
50 262
141 155
51 115
155 266
274 273
268 61
278 129
200 113
231 244
167 271
276 76
37 278
78 238
12 4
76 270
36 25
94 271
238 168
218 59
104 190
132 246
230 254
252 260
38 1
270 79
222 229
283 288
93 136
99 47
189 117
139 275
283 23
9 259
83 266
192 187
91 170
29 132
209 81
145 191
225 62
235 98
223 191
86 108
75 201
110 159
55 178
161 199
119 253
87 118
20 277
89 139
177 36
252 217
261 6
65 263
226 115
242 25
65 189
56 101
210 49
211 262
49 184
62 179
254 128
40 16
133 252
183 142
205 119
25 250
131 41
267 23
208 128
239 29
44 125
31 204
8 260
224 221
76 120
172 76
58 122
174 283
196 3
284 166
273 174
31 102
204 149
30 15
86 53
208 18
5 128
254 63
119 209
150 103
32 218
142 39
171 68
165 84
217 164
169 181
151 160
260 134
46 268
70 202
192 60
189 209
185 105
82 50
222 145
49 250
119 57
153 76
236 40
189 263
133 193
156 278
57 185
256 136
48 272
51 184
248 19
139 283
271 85
154 4
35 130
259 276
149 83
242 217
158 54
98 258
245 82
98 241
161 214
173 86
22 261
200 187
19 42
43 115
286 280
109 245
245 140
41 115
241 146
181 117
96 272
282 55
104 283
23 8
223 82
200 226
103 193
24 88
162 26
224 75
126 125
88 62
277 229
126 218
241 230
245 114
80 256
100 60
260 38
286 151
229 209
230 67
256 213
61 75
206 26
113 142
53 257
182 31
128 269
182 63
71 62
21 243
200 152
232 187
197 125
87 276
23 226
59 149
99 144
111 81
185 187
169 224
233 180
32 37
104 135
187 230
153 260
270 166
58 65
253 247
122 16
78 222
221 92
215 246
106 260
89 113
152 27
271 118
38 176
191 13
194 263
232 123
187 238
228 85
37 102
192 0
74 151
58 20
242 168
286 218
42 191
149 41
201 82
131 146
131 112
153 82
260 186
243 41
88 200
16 193
123 6
144 234
215 174
141 163
165 67
201 133
49 176
106 273
284 95
37 250
68 83
10 107
151 222
142 90
174 29
23 254
256 170
284 152
165 61
103 81
253 220
221 255
248 11
31 226
203 107
278 197
235 194
224 176
123 45
161 263
134 199
201 222
53 274
29 17
112 231
173 181
178 111
66 105
208 196
36 66
6 2
0 165
37 201
114 102
1 274
104 176
84 146
131 277
238 274
91 47
144 5
205 259
165 243
83 270
37 192
197 109
169 145
277 44
143 146
197 32
227 148
269 209
111 286
150 154
215 163
177 208
22 61
17 91
181 125
250 38
166 3
30 239
139 170
71 288
63 80
90 107
128 125
64 195
183 203
265 21
94 58
29 124
254 55
212 8
46 13
184 109
9 176
209 213
81 176
18 157
199 139
52 56
187 123
119 199
283 11
207 133
193 141
270 135
119 99
155 130
108 265
178 272
104 45
186 275
268 135
272 273
65 99
76 76
287 128
28 13
276 6
134 78
25 187
277 233
201 56
260 150
179 169
117 288
112 58
91 113
46 160
159 7
204 15
175 229
202 123
226 14
280 183
169 169
282 280
267 274
29 152
91 63
75 175
43 90
5 114
67 115
217 147
145 273
2 130
52 72
142 105
41 142
131 255
85 77
204 88
87 16
228 192
193 283
166 266
30 1
179 89
269 47
133 79
220 102
100 288
281 108
95 63
120 241
150 122
212 219
51 189
34 196
183 185
203 190
250 33
176 66
138 47
20 33
90 69
61 154
202 231
239 204
30 189
11 234
43 281
136 48
123 238
267 129
244 127
236 77
100 27
243 147
173 38
134 280
120 278
116 142
225 266
58 263
206 255
70 151
248 161
235 205
3 147
118 86
111 97
124 99
286 87
272 139
194 60
111 111
217 72
71 160
42 76
62 105
65 103
81 226
255 179
190 223
89 219
89 194
251 34
156 158
55 122
175 193
47 220
39 288
12 115
287 143
12 141
287 202
56 168
201 108
199 15
35 207
238 181
41 239
232 16
120 146
17 176
42 273
57 30
227 34
209 241
174 130
147 40
169 279
174 281
160 82
230 108
166 183
190 11
73 119
81 251
77 230
13 64
161 253
197 276
224 208
15 37
17 19
184 49
82 134
66 70
53 128
18 29
14 52
159 219
42 11
203 93
41 91
45 58
230 263
212 281
254 5
21 146
31 35
175 239
123 153
0 264
253 7
21 154
6 207
136 222
180 130
263 93
96 232
240 94
173 183
27 22
208 268
254 218
99 70
256 188
33 56
135 15
280 36
247 79
54 132
96 179
23 245
55 259
64 284
252 273
140 26
34 170
135 197
204 224
284 184
53 78
109 187
65 33
20 269
154 148
133 180
229 266
186 147
181 77
244 61
109 3
10 93
76 29
221 66
27 284
164 11
141 103
284 203
61 199
58 174
215 196
237 87
23 93
97 85
10 114
83 189
191 15
242 115
176 155
149 265
2 138
185 114
46 37
219 280
196 218
185 266
158 106
69 63
66 154
201 100
225 179
213 56
75 16
39 81
254 130
237 146
177 177
247 135
238 192
230 249
56 153
243 97
256 217
22 37
263 287
156 182
106 52
156 52
204 238
275 245
97 71
54 245
245 119
188 20
169 115
237 211
133 165
268 284
223 265
157 180
211 131
282 37
280 90
223 193
182 1
157 190
267 263
259 127
8 43
189 258
60 270
208 184
232 67
221 19
36 112
281 177
144 199
44 84
110 229
287 61
176 271
260 1
211 126
267 66
119 148
28 176
136 102
275 215
104 206
120 245
35 99
77 202
23 222
81 90
200 279
201 188
85 32
228 90
174 72
113 127
128 242
243 131
103 229
284 235
175 116
278 40
67 37
50 49
262 217
129 40
42 245
27 187
142 133
92 250
165 264
229 154
52 50
131 127
168 176
135 288
89 89
201 42
151 182
115 282
104 3
201 185
168 13
148 95
91 277
19 175
234 196
240 168
54 180
120 140
251 277
5 141
180 286
148 97
217 175
128 88
185 238
57 149
266 86
122 65
161 49
42 171
49 233
87 27
102 31
238 278
101 205
273 96
76 141
172 261
103 186
199 81
177 115
279 193
219 204
85 203
224 71
18 247
1 44
236 131
142 184
8 226
214 275
75 187
276 40
194 69
119 166
214 282
120 170
110 213
94 216
10 220
223 281
138 206
153 237
264 107
70 114
217 121
97 193
192 206
72 258
3 69
179 218
227 271
87 160
265 53
80 232
146 282
167 65
182 171
155 137
101 65
144 275
63 282
212 104
8 231
265 287
41 199
59 172
220 60
98 30
120 42
36 138
268 70
277 276
81 38
50 71
208 76
31 116
256 165
152 244
124 254
266 276
253 203
282 203
160 260
195 119
283 265
122 43
167 92
84 24
1 113
10 186
53 268
176 252
108 282
191 245
84 229
82 160
157 218
12 80
112 200
229 131
273 56
222 60
198 54
71 205
53 212
69 214
121 249
129 122
270 49
160 102
247 13
86 179
267 59
240 260
0 186
56 1
109 129
66 232
159 119
129 215
257 125
78 214
94 178
231 259
215 254
223 181
167 103
252 126
13 206
94 51
246 288
99 125
133 157
115 127
150 135
148 239
61 86
274 192
70 191
178 47
116 258
262 65
164 281
42 42
170 12
106 37
241 1
75 90
5 130
58 62
13 79
81 210
157 98
60 121
37 265
119 109
274 24
41 287
6 113
74 101
207 89
13 87
53 189
196 5
150 156
98 134
76 264
50 101
35 16
120 196
52 126
238 173
213 247
158 264
228 134
286 149
270 71
17 109
163 35
234 254
274 62
4 212
134 155
216 68
58 95
198 205
93 63
176 59
269 258
36 215
182 146
200 19
129 85
169 129
89 237
203 206
147 21
152 6
95 224
116 188
49 146
143 66
154 239
266 187
147 227
120 16
65 24
237 185
135 120
146 146
117 181
11 254
189 63
79 86
272 270
167 98
163 49
59 63
209 97
51 205
120 35
222 90
69 181
128 200
218 8
89 255
89 74
96 181
71 209
184 183
94 39
200 47
39 161
94 198
238 264
11 151
93 190
192 263
269 263
108 244
65 114
121 102
200 154
204 13
226 264
120 214
66 182
142 275
30 143
7 200
44 28
88 262
176 157
236 182
109 23
180 20
223 255
83 31
48 18
135 171
38 232
65 68
115 37
164 6
67 144
14 236
236 216
8 104
247 29
95 174
100 4
42 3
237 34
212 152
31 68
198 260
5 151
161 171
251 178
264 141
279 195
203 184
172 221
197 221
187 194
28 76
110 134
42 177
106 58
106 258
81 22
171 248
55 275
3 182
193 215
187 257
179 229
88 217
77 242
278 90
194 233
249 187
206 3
253 24
265 156
283 13
88 125
232 94
33 283
72 175
90 45
16 123
147 196
284 87
116 174
0 272
264 92
226 51
118 153
208 231
251 43
175 264
8 73
52 84
150 200
26 28
17 42
132 48
3 223
38 184
31 139
114 24
117 63
234 225
128 190
119 195
157 209
46 279
51 145
72 44
122 54
198 171
270 225
200 167
128 75
27 17
246 86
38 112
219 244
181 259
282 234
277 16
62 184
37 108
209 11
214 75
58 126
25 226
261 119
43 21
269 101
277 280
157 75
89 170
260 204
179 43
11 277
143 284
92 40
225 114
62 127
176 213
223 34
212 133
30 37
110 58
175 171
0 46
207 227
263 215
267 181
255 17
119 33
246 253
281 48
142 24
165 138
48 262
265 77
234 163
33 221
241 71
170 40
9 57
64 288
67 50
123 164
197 250
14 112
92 212
91 130
195 208
29 98
159 212
203 11
161 91
224 160
155 90
16 256
28 275
242 201
30 134
15 86
142 175
120 185
27 202
193 196
97 10
226 70
70 238
120 227
238 229
178 158
55 58
227 179
123 91
149 87
24 80
255 103
280 49
103 74
133 210
112 197
228 212
52 240
166 216
82 80
124 166
263 80
228 125
164 205
77 134
152 156
242 219
168 56
29 82
129 9
94 117
103 201
242 179
57 145
189 43
243 176
157 31
206 58
163 253
112 51
211 142
70 240
63 242
9 12
72 203
34 281
10 66
149 113
207 167
230 110
214 104
169 124
263 195
3 24
109 32
190 97
220 24
71 32
190 93
117 261
180 260
131 282
2 141
149 187
164 176
169 54
123 118
236 161
50 196
283 217
144 32
47 252
270 289
136 202
105 279
112 66
23 146
34 98
117 173
203 118
265 195
107 153
80 186
114 192
128 230
191 76
176 11
43 225
134 43
284 188
119 181
289 11
44 194
32 22
100 123
230 123
142 16
35 240
78 277
12 121
49 5
269 238
191 92
34 87
8 112
45 153
159 246
35 35
93 96
282 53
23 63
198 252
89 288
155 67
149 108
23 48
251 69
287 265
191 63
155 75
44 19
20 219
192 270
39 186
108 253
166 270
178 140
67 123
287 239
20 88
149 51
7 118
134 114
281 226
170 159
125 252
280 30
147 264
249 36
48 3
140 248
201 98
40 38
182 129
18 164
90 249
116 278
97 260
46 146
166 239
246 91
36 153
157 107
126 21
262 199
143 200
237 54
134 176
22 237
264 71
8 251
151 169
87 135
85 273
280 125
77 220
230 48
58 23
237 177
46 201
49 164
154 262
262 16
51 158
272 221
152 198
89 261
136 29
65 149
265 170
232 32
251 183
116 73
268 252
79 22
245 177
22 3
33 117
283 15
129 240
73 188
41 117
74 118
130 287
48 86
223 227
169 219
19 35
147 174
286 242
138 256
29 50
198 24
219 226
22 221
201 265
58 208
191 142
89 30
115 173
186 74
85 176
236 82
122 233
237 276
59 102
25 232
44 127
113 20
255 224
145 238
94 250
196 23
221 240
122 190
266 194
45 96
20 152
277 0
36 286
11 184
269 288
13 94
251 256
200 240
102 282
203 284
110 90
179 92
69 228
266 213
167 224
280 6
275 211
261 141
8 283
277 57
35 24
269 242
118 242
135 191
182 159
144 184
19 66
61 144
137 192
164 275
233 36
37 221
81 238
8 83
77 223
216 213
142 41
7 87
268 126
259 274
219 135
86 65
36 43
226 21
97 87
194 248
140 176
213 203
227 273
243 260
288 256
42 271
42 71
106 178
196 164
17 10
192 149
236 240
208 25
153 161
73 140
78 19
171 212
223 114
173 247
121 272
47 238
99 141
163 235
192 20
239 196
135 187
284 139
190 136
213 16
155 145
59 221
85 207
87 211
13 101
159 39
268 208
150 114
269 148
228 186
208 254
147 183
99 66
55 30
9 106
7 216
145 128
60 145
165 1
97 165
282 40
189 159
39 249
257 31
53 88
108 170
155 96
43 101
7 229
62 5
120 77
66 284
77 177
37 52
23 116
115 35
94 100
18 179
151 105
110 16
144 86
93 67
55 77
246 40
123 50
256 63
87 173
206 76
37 130
68 154
205 220
269 89
282 173
219 181
87 208
144 46
185 39
251 221
251 240
95 4
81 14
96 146
38 267
13 188
281 64
4 236
143 159
54 176
146 134
108 61
177 192
259 6
248 40
102 240
235 86
186 277
82 267
54 138
154 53
255 88
272 141
147 50
56 82
178 231
145 40
132 61
84 179
195 166
268 187
100 161
149 89
266 224
167 149
89 282
218 93
184 140
63 268
265 229
20 111
33 129
20 258
173 235
286 54
260 198
32 158
53 46
84 134
9 30
19 173
102 199
245 38
80 103
167 233
156 285
70 216
232 48
64 187
238 59
13 67
127 28
130 270
230 165
129 87
130 281
15 205
161 160
46 226
234 172
239 141
55 174
123 273
106 115
248 77
79 39
32 57
123 162
198 161
166 147
150 43
244 162
252 142
107 68
282 211
203 36
206 54
203 95
197 111
250 53
20 122
15 195
185 171
111 153
179 113
44 283
14 55
249 256
72 196
112 262
134 269
185 37
258 79
71 250
38 167
152 266
145 119
87 177
169 175
31 9
20 54
148 190
15 134
34 163
157 138
81 258
211 56
181 65
239 92
83 42
245 64
239 129
119 6
188 102
217 116
194 155
137 5
216 124
287 29
143 186
176 1
110 115
67 108
73 130
226 12
174 24
223 51
63 82
50 14
258 162
237 126
130 150
28 170
19 211
220 131
210 9
284 37
47 125
193 30
272 23
81 31
34 156
112 182
131 140
148 78
231 40
115 4
104 16
127 196
133 240
86 102
282 243
206 87
161 226
187 53
154 177
27 254
56 32
59 75
90 181
272 66
172 152
49 287
167 138
287 123
104 274
22 21
212 278
76 73
52 70
84 132
49 122
5 253
29 48
127 244
248 133
12 218
168 188
139 121
96 190
241 255
232 92
23 78
284 243
98 34
128 33
41 139
11 100
287 101
278 126
182 123
140 1
10 175
281 66
82 212
83 91
62 205
10 283
53 264
12 273
289 231
127 240
148 135
207 115
73 256
86 288
216 26
80 234
8 160
266 14
103 125
253 144
14 81
230 41
79 132
22 1
149 285
108 220
156 256
105 199
256 120
73 11
167 218
83 94
253 103
40 163
222 147
201 124
135 18
132 43
210 184
58 104
153 222
151 251
3 16
257 248
66 250
139 67
104 49
263 53
11 112
164 86
13 135
159 41
129 120
170 207
16 164
129 66
85 118
72 136
165 132
55 68
264 213
145 69
267 238
98 18
277 139
33 148
75 41
40 263
91 213
200 49
69 28
181 54
237 141
190 188
63 30
286 60
246 144
189 190
199 177
98 24
134 91
150 175
108 280
13 69
91 238
245 41
143 255
225 238
137 54
17 2
165 57
201 161
252 208
153 26
272 159
6 111
107 138
136 100
229 268
221 137
57 170
222 120
213 257
116 51
72 150
154 80
7 197
174 140
155 245
123 14
181 177
282 50
71 177
244 218
53 124
15 155
134 100
122 277
150 191
140 48
227 161
16 44
16 285
171 246
207 73
78 118
258 203
188 214
48 113
9 32
193 139
63 221
109 272
167 28
0 281
82 147
261 258
167 46
100 147
75 94
169 61
177 75
54 166
252 1
179 235
44 157
36 284
218 179
103 43
135 224
240 279
258 121
15 110
101 111
13 8
135 122
139 270
127 121
188 289
129 47
81 61
166 237
95 149
110 215
110 142
89 276
206 101
171 115
108 202
111 247
80 260
209 246
77 65
264 34
71 89
45 202
172 117
69 160
159 221
161 10
285 81
45 50
57 117
160 127
73 209
120 152
90 218
25 90
218 218
153 127
137 282
46 133
41 234
126 89
29 221
155 154
90 90
111 257
107 56
161 14
261 155
209 99
38 83
190 84
154 271
102 155
168 44
210 167
118 22
157 250
214 220
73 13
267 202
239 258
68 17
51 175
120 208
33 17
86 197
195 257
108 30
214 79
33 172
204 217
88 15
166 14
129 254
235 51
255 10
152 131
12 182
221 261
205 205
258 90
42 183
113 10
199 227
178 247
38 41
77 86
236 283
145 30
60 13
215 54
143 98
280 179
270 64
158 289
230 156
51 280
229 99
94 286
68 69
149 173
73 157
11 265
22 281
216 188
137 288
91 257
212 135
198 179
25 32
285 120
103 213
149 182
110 201
94 104
44 230
287 154
252 99
129 248
182 181
274 76
284 78
142 251
206 273
1 35
79 247
237 272
161 187
67 19
130 148
279 282
97 62
20 166
15 79
25 138
122 7
110 288
283 195
85 266
25 185
239 248
223 49
26 111
227 165
159 244
251 249
223 93
71 131
67 71
267 36
84 256
77 131
119 188
1 95
15 202
77 59
154 46
256 14
258 272
134 174
277 104
195 117
247 42
223 178
