101 268
211 232
94 80
100 248
212 52
27 171
223 158
261 255
105 116
33 6
182 131
55 64
163 171
101 14
66 128
26 130
85 51
225 43
76 206
164 198
26 282
43 49
5 80
123 25
51 139
63 158
264 49
182 2
267 64
207 263
274 140
223 115
258 214
257 170
140 250
47 87
81 237
118 79
4 215
62 27
279 103
178 262
262 23
95 164
231 126
268 40
78 140
283 18
257 220
286 155
70 40
224 118
185 54
265 233
138 99
6 277
128 168
36 209
245 145
55 265
123 49
215 72
228 149
167 95
241 88
153 272
194 92
214 0
237 262
2 284
258 176
220 62
138 205
147 172
20 183
93 47
26 138
22 115
140 215
185 200
74 157
109 27
12 36
218 191
145 225
232 232
36 11
237 256
83 187
109 10
241 129
6 152
207 193
31 11
166 133
55 104
65 230
218 93
79 195
79 50
197 173
90 87
210 53
104 132
180 130
128 246
118 87
165 44
51 47
116 24
91 140
109 260
132 152
248 284
217 288
224 196
270 229
120 181
49 181
194 167
32 144
198 24
92 80
236 246
186 241
135 92
166 11
21 57
286 279
116 96
38 93
102 186
247 7
72 137
58 97
92 122
173 144
11 68
61 89
180 2
265 30
42 279
31 99
74 91
247 13
245 7
29 70
0 142
84 119
127 63
267 170
49 98
53 64
231 228
89 194
285 159
223 13
147 253
285 78
272 284
167 84
17 140
19 214
116 173
264 45
24 268
78 261
17 260
83 121
150 118
110 235
159 102
7 19
133 280
252 157
43 149
92 17
71 207
273 18
251 286
121 288
176 284
101 110
115 287
37 185
139 213
116 66
105 109
25 278
261 187
275 114
41 218
230 230
175 48
273 195
39 52
194 164
239 40
94 120
139 209
97 161
150 157
181 187
268 51
118 173
200 50
188 208
237 282
76 252
20 235
119 249
141 91
55 139
68 225
178 175
26 162
160 256
284 280
165 136
249 82
247 107
221 14
167 127
237 82
96 219
251 200
67 216
247 195
11 72
82 169
278 268
256 112
222 16
217 126
101 239
58 37
42 20
202 36
168 44
110 158
185 145
176 181
123 173
128 104
87 232
11 265
117 129
32 168
218 74
62 1
120 154
287 158
25 94
7 134
183 66
95 270
261 202
212 34
222 24
146 159
113 15
23 23
104 230
152 173
192 181
160 216
111 154
179 283
182 106
95 119
218 72
125 96
163 237
111 71
272 182
198 247
228 165
139 66
11 70
28 263
275 106
278 226
166 168
278 266
232 14
38 44
173 114
171 191
195 90
157 64
170 75
274 191
225 38
115 67
141 121
103 107
283 209
117 286
187 217
69 196
34 206
85 230
236 273
248 12
112 117
135 220
102 44
185 219
55 278
160 92
1 95
256 67
57 199
168 209
138 143
78 49
13 223
192 49
270 104
17 222
63 93
5 40
284 148
280 176
242 48
113 182
142 245
70 103
182 102
0 164
104 206
159 37
247 75
55 82
79 3
280 191
3 228
18 205
89 215
42 130
84 159
45 17
57 105
243 147
71 96
254 112
39 219
8 85
165 95
169 58
272 242
70 201
63 289
260 247
79 230
167 62
34 45
246 197
54 238
18 193
171 228
25 171
50 101
22 200
230 188
17 74
25 127
44 34
75 153
208 203
199 121
19 33
35 131
193 73
267 136
197 202
272 192
282 239
129 91
74 55
186 104
279 200
41 171
286 242
24 79
183 51
56 201
236 109
20 63
148 154
48 133
189 79
3 13
238 106
178 107
283 194
285 100
244 265
167 105
205 95
10 75
176 217
198 164
241 21
153 222
113 143
134 162
146 202
3 235
51 112
106 203
136 254
168 106
281 288
204 270
55 32
43 164
234 148
92 65
12 38
88 105
254 105
278 49
70 279
260 276
21 74
44 89
56 123
261 36
249 233
279 131
51 73
260 258
51 91
40 113
289 20
57 88
36 59
138 112
260 119
104 190
25 235
275 131
256 191
32 123
58 122
289 232
47 34
66 228
88 239
234 231
266 7
264 174
182 18
268 270
32 207
167 66
101 282
117 240
249 268
169 147
199 201
243 26
67 185
142 67
61 94
214 33
205 146
140 15
87 175
159 155
147 109
116 100
31 81
230 43
247 222
187 256
92 116
56 140
168 116
202 55
105 262
210 28
24 120
156 274
231 42
243 66
130 125
96 182
113 71
85 232
6 18
25 280
70 112
219 25
29 32
130 200
221 209
184 71
180 277
126 27
22 55
194 215
73 86
262 98
37 132
242 6
205 275
233 257
7 146
129 6
241 253
98 100
173 77
279 64
285 150
186 185
196 237
172 177
94 212
110 176
257 25
228 58
47 204
212 83
254 110
229 84
128 197
140 22
240 6
190 95
262 49
122 286
243 81
266 157
158 188
123 188
110 274
141 57
192 63
263 154
145 227
100 287
41 70
58 211
60 135
74 58
283 14
257 136
27 69
138 0
215 284
12 197
109 105
194 14
112 69
231 81
204 230
28 130
126 186
11 279
274 30
121 73
193 191
152 103
185 103
33 199
79 199
0 66
70 199
111 218
50 253
15 224
250 42
99 149
206 91
235 66
75 3
103 124
102 243
203 104
206 129
119 106
151 85
229 4
70 251
143 53
287 269
56 136
281 230
161 261
12 21
268 164
233 198
225 122
166 43
117 204
24 61
32 225
118 198
73 88
248 211
211 258
131 256
20 174
90 230
144 198
59 13
90 190
170 116
209 48
266 228
192 241
75 207
163 196
159 189
124 34
177 22
105 238
267 16
266 235
251 173
160 59
141 42
10 111
209 193
172 32
236 132
287 124
228 98
168 125
203 189
62 114
201 244
223 194
101 69
150 12
210 214
194 279
58 242
21 117
223 131
41 272
127 175
75 230
115 16
61 161
83 62
41 53
114 124
119 155
73 190
166 125
103 69
106 61
278 162
12 108
254 273
74 273
73 239
22 7
28 66
128 199
171 105
120 286
237 27
249 102
186 208
165 204
37 269
63 166
92 283
281 259
83 155
49 183
36 184
208 92
69 257
145 109
57 82
186 249
128 67
183 146
200 269
179 16
32 7
81 85
89 279
89 260
32 228
99 26
17 117
263 160
97 88
38 174
133 265
267 31
274 104
239 277
260 256
4 69
189 8
243 254
272 219
94 29
192 276
230 38
143 36
110 2
56 288
234 184
184 248
150 76
54 221
264 53
89 240
38 11
74 113
67 262
150 65
181 22
51 245
90 168
39 169
231 163
189 126
34 257
155 243
250 157
216 83
26 233
227 56
95 44
43 191
167 139
87 19
48 4
246 37
188 151
268 272
44 41
69 175
211 129
254 190
12 185
197 109
105 240
208 50
62 208
286 47
99 141
97 176
202 61
249 34
3 264
134 85
228 232
61 7
104 111
288 184
84 52
44 177
28 147
204 10
71 260
67 14
113 171
228 281
97 105
155 239
67 117
202 130
222 228
246 162
104 113
186 6
31 45
47 235
20 132
285 209
76 9
213 189
226 177
160 27
167 135
10 85
27 126
34 25
98 127
30 256
129 209
215 221
1 228
151 207
249 183
272 282
250 51
197 87
163 173
275 139
53 62
196 88
64 208
241 103
153 162
164 233
73 8
262 47
157 69
20 207
166 190
273 216
243 133
47 206
126 132
245 25
222 219
135 287
140 5
181 90
23 155
34 155
11 288
101 72
274 197
46 227
91 40
239 233
89 252
1 224
60 3
283 125
155 208
240 50
276 117
285 87
190 273
195 87
147 251
200 184
207 150
143 94
89 231
288 129
190 23
225 120
86 205
277 130
121 242
209 141
161 29
121 7
204 26
4 15
126 117
84 285
198 123
6 226
143 257
59 198
209 279
14 269
89 24
94 272
266 119
238 215
144 253
70 95
186 126
106 179
0 88
148 26
97 128
83 219
250 244
177 31
279 157
153 6
286 255
106 251
88 180
274 84
267 226
282 253
108 191
275 163
190 33
169 90
4 4
106 277
86 271
11 286
283 61
214 111
190 130
197 289
183 17
158 0
93 153
279 71
120 116
252 5
5 150
158 152
55 39
120 223
55 287
24 188
6 249
230 130
241 147
187 8
134 239
165 281
34 122
188 10
163 18
112 145
168 219
87 259
69 116
119 237
153 116
243 9
24 225
132 184
19 29
57 24
177 142
115 203
214 45
255 76
62 287
219 193
199 132
11 20
157 8
117 228
81 196
56 206
111 174
122 142
184 128
251 155
222 181
190 229
181 167
188 276
127 232
122 224
180 232
91 89
190 152
99 73
90 8
260 139
183 200
166 13
127 61
129 245
231 85
129 64
254 147
284 216
110 166
219 181
224 239
182 202
255 223
104 61
75 95
137 209
281 193
112 273
101 213
56 20
212 0
238 264
231 7
26 62
220 130
87 282
84 73
214 16
181 157
17 53
281 200
36 288
3 62
173 119
246 283
179 249
9 265
1 267
245 12
117 117
168 249
14 21
211 155
141 129
11 93
54 240
5 169
251 159
4 17
39 13
174 252
236 275
229 82
38 9
187 206
249 19
219 150
65 213
92 68
232 276
163 163
186 49
287 92
234 238
182 215
175 46
71 139
181 30
171 261
152 76
81 122
230 260
155 102
235 162
197 175
12 199
85 19
142 93
253 240
157 190
275 25
261 232
146 110
46 66
111 90
174 60
41 83
29 81
118 276
118 219
122 55
213 132
67 148
91 21
270 284
228 37
101 83
2 142
42 233
156 256
228 211
200 242
220 133
151 109
176 33
63 80
139 238
55 152
256 11
22 51
62 189
253 184
263 258
99 30
10 9
201 59
15 70
9 100
125 99
136 76
62 11
53 126
9 187
36 194
108 43
273 144
34 64
193 206
17 213
240 257
62 98
268 229
140 133
225 4
221 140
255 151
17 258
193 212
16 82
154 69
87 136
39 137
252 53
137 92
52 144
139 51
110 199
113 115
245 76
184 107
219 51
166 106
162 26
197 273
102 287
218 103
54 264
125 91
239 88
38 143
193 199
248 113
27 232
223 85
243 129
39 132
284 80
195 174
52 21
49 279
29 100
269 173
173 270
267 42
29 165
281 164
232 184
62 76
287 164
11 270
256 226
216 75
109 61
223 15
213 233
241 24
206 226
81 145
42 47
286 37
100 205
167 276
60 85
71 210
211 278
219 160
268 67
134 71
222 253
60 90
72 112
177 250
263 5
268 85
263 283
116 109
146 83
240 18
265 231
121 141
224 258
281 28
141 169
121 146
167 152
201 28
102 204
54 20
54 105
214 269
145 271
167 206
183 104
7 169
143 275
137 237
90 201
17 142
101 150
119 127
248 89
55 18
273 34
12 180
152 5
77 89
91 160
162 3
53 140
11 145
262 96
121 274
273 157
152 147
247 254
271 275
124 9
5 275
78 218
29 148
133 8
53 70
216 108
23 21
221 88
35 281
43 180
57 15
267 49
244 24
212 54
153 274
276 260
181 16
123 146
117 157
252 29
269 115
146 257
30 18
224 19
112 33
34 285
203 100
96 95
62 78
43 105
65 56
132 284
2 226
231 32
152 130
47 48
175 267
124 186
105 55
20 103
187 136
114 85
237 183
145 269
165 58
16 8
175 195
275 56
178 166
222 173
175 86
108 273
181 64
261 264
280 108
254 27
22 36
181 250
74 140
139 1
79 130
206 9
104 14
247 234
180 178
203 39
36 258
266 45
12 182
195 148
171 206
277 270
251 175
5 247
85 72
180 18
202 139
289 271
286 42
113 35
102 17
202 161
179 23
183 187
73 150
210 51
139 125
80 57
52 247
78 16
45 220
148 88
159 32
243 11
49 63
221 205
176 227
61 167
14 233
25 122
97 146
61 49
29 139
77 71
230 281
11 127
7 160
232 230
169 10
71 197
184 288
45 281
145 48
179 154
12 10
95 6
277 158
60 244
127 166
94 16
134 231
34 101
288 152
96 27
194 171
81 130
67 38
175 127
90 254
273 46
155 66
115 47
130 280
153 15
158 222
42 103
21 76
272 197
6 182
127 74
173 57
155 41
0 122
202 203
283 171
284 213
220 286
237 170
11 7
188 250
35 201
60 138
235 53
120 0
85 144
267 161
53 165
125 249
38 271
13 202
268 138
128 126
125 234
275 94
119 175
15 151
232 70
135 218
125 119
167 99
226 98
182 239
29 241
136 139
257 62
106 226
135 185
253 286
78 100
166 34
206 94
133 132
136 84
40 102
282 202
184 154
154 236
90 100
274 19
269 55
245 78
80 129
39 224
209 129
117 250
121 25
67 130
47 116
285 51
178 192
269 105
266 117
113 196
75 151
104 53
257 119
250 96
154 24
35 56
66 217
112 150
82 285
91 138
15 287
194 26
27 25
244 5
273 259
100 266
97 33
167 191
248 103
8 136
30 9
185 1
66 100
256 260
94 261
44 86
210 230
167 280
5 78
77 181
52 177
7 227
41 185
233 221
11 23
19 223
26 145
137 268
271 217
258 2
153 208
8 209
167 123
141 89
60 221
179 35
157 144
122 158
12 141
199 4
67 232
186 279
250 231
243 267
248 23
111 227
251 179
4 36
86 275
212 260
220 53
138 129
212 134
274 151
211 264
167 247
91 152
139 7
59 163
124 23
208 201
55 244
44 36
97 73
93 19
181 279
27 193
94 42
139 43
134 53
182 29
139 217
77 14
95 51
58 76
254 80
200 265
219 55
140 252
232 109
238 168
158 38
22 151
81 13
256 258
266 94
264 28
45 43
159 47
49 15
140 55
47 124
283 184
9 143
174 177
160 74
116 188
136 152
21 65
229 132
3 184
111 220
112 50
150 114
212 197
36 49
115 272
287 59
248 21
178 129
279 125
193 201
214 146
241 101
72 4
68 59
220 94
43 277
246 127
137 270
221 273
286 49
109 53
65 141
178 6
222 195
286 181
263 201
44 272
274 98
215 70
154 276
62 272
170 152
286 283
80 223
49 100
276 109
254 186
167 163
132 150
171 185
89 20
13 198
169 270
206 104
155 199
238 204
80 49
143 169
255 50
120 157
153 97
287 193
263 106
56 33
85 80
3 54
26 83
274 82
152 66
35 31
163 134
288 162
235 49
222 7
234 10
174 116
111 202
8 98
25 81
119 129
109 168
201 105
224 6
125 7
239 211
242 127
234 259
25 118
138 165
78 129
78 204
16 235
271 88
89 10
116 167
275 18
24 270
43 224
117 15
269 130
70 234
34 16
64 76
197 253
114 24
101 43
12 269
38 207
90 170
236 57
177 229
117 159
183 287
5 58
200 286
144 70
249 254
186 154
227 143
195 44
209 273
0 68
41 140
43 242
230 245
57 208
195 191
100 203
30 254
270 34
128 76
164 174
79 96
274 2
238 18
0 230
41 91
118 23
288 283
47 100
250 206
226 36
79 254
69 114
64 256
84 166
275 58
271 114
125 255
13 205
217 221
167 58
267 82
58 90
266 35
200 37
213 156
93 160
4 67
142 215
96 163
23 25
42 222
18 3
170 98
155 201
128 139
71 135
223 179
41 166
5 90
100 242
42 85
248 252
142 255
185 166
250 132
204 258
167 204
41 164
166 49
201 48
240 16
49 192
210 134
263 143
203 173
245 35
110 0
125 52
181 92
249 235
53 209
205 39
3 81
67 145
184 140
185 217
284 254
131 133
6 103
82 165
45 148
83 95
272 19
148 107
175 235
222 91
286 81
241 10
19 72
30 229
177 164
100 269
153 145
269 63
248 156
202 264
79 156
163 207
141 119
179 30
136 187
169 105
45 133
16 211
273 165
243 239
95 286
237 150
72 39
155 33
273 106
22 270
233 93
193 187
220 27
147 240
177 2
197 162
84 49
229 147
246 213
10 97
42 256
185 143
40 184
51 235
154 153
235 240
219 243
104 67
146 204
266 212
117 94
221 105
61 269
13 287
23 259
159 163
115 151
275 222
138 236
56 138
71 69
180 285
153 198
109 184
218 76
212 117
102 143
172 141
15 178
85 38
268 278
135 145
5 224
250 113
239 177
2 38
51 65
34 124
133 255
186 10
215 212
46 63
201 268
226 164
161 273
107 213
189 82
221 57
154 170
242 269
12 103
109 263
215 57
90 122
159 129
204 157
255 9
261 19
235 21
236 70
15 44
239 27
174 74
0 233
250 242
108 138
134 241
283 246
247 34
80 118
94 152
246 256
252 166
278 66
0 281
119 177
216 219
259 212
32 268
162 28
214 276
76 85
37 85
185 67
262 120
156 54
65 171
42 45
272 33
23 53
102 270
218 29
240 154
277 126
208 177
261 266
125 58
174 1
168 244
239 239
265 60
133 157
200 250
89 203
36 1
171 86
118 97
64 57
164 33
222 156
258 87
79 61
79 233
46 50
37 176
110 23
28 267
104 277
229 39
254 218
271 105
23 104
57 78
72 84
267 255
228 141
198 116
262 15
283 95
63 160
112 9
142 32
250 181
58 139
21 105
77 254
87 206
153 158
68 13
9 247
282 93
235 198
266 14
208 165
66 48
246 274
58 222
169 151
171 174
257 282
61 174
275 157
55 155
208 195
255 245
122 31
82 15
158 9
251 108
151 143
103 221
148 31
156 90
65 46
281 17
41 8
136 64
79 104
191 187
231 186
256 186
1 12
142 87
21 246
132 222
65 211
18 256
74 37
263 267
211 168
151 81
248 244
63 49
85 84
16 56
225 68
233 154
199 251
258 55
52 40
260 40
250 167
112 92
109 228
134 171
21 165
195 202
150 67
90 283
266 163
246 57
136 181
2 216
91 182
164 241
138 114
14 185
113 287
189 66
55 208
33 216
67 236
149 254
61 96
97 220
152 224
16 249
194 242
194 275
199 80
0 45
279 155
91 234
24 247
190 71
201 10
21 226
173 36
132 85
148 93
52 253
223 223
217 212
14 267
229 26
266 66
153 278
237 138
16 10
22 103
63 46
57 30
268 53
168 50
57 152
218 239
95 36
184 109
227 112
132 148
171 19
75 89
79 19
154 56
103 55
101 12
232 200
208 9
178 42
16 233
227 27
54 171
103 285
230 112
101 144
245 47
215 65
118 120
264 158
49 113
249 223
85 70
284 127
30 0
207 49
39 163
106 127
112 289
143 15
189 73
266 278
244 196
208 3
34 33
181 286
164 256
209 262
202 287
283 214
264 264
184 170
179 279
193 44
236 159
218 196
2 173
272 3
188 49
90 114
104 137
118 77
153 57
214 42
99 247
160 51
63 247
265 64
23 113
89 98
73 60
123 36
211 157
71 129
183 249
26 19
223 227
249 54
263 71
25 68
2 175
35 196
204 148
222 89
136 25
52 226
75 242
251 245
157 33
63 273
192 75
205 240
224 267
180 140
93 92
173 219
114 22
270 241
13 54
110 261
152 87
7 33
83 71
73 241
91 252
261 196
102 91
104 57
134 37
5 38
175 243
2 230
77 2
44 227
123 287
188 240
203 254
284 142
82 260
164 215
251 140
43 43
3 39
251 83
207 246
23 5
231 208
136 215
98 3
61 79
130 90
151 217
251 81
256 55
200 227
31 164
47 122
253 283
150 95
22 89
24 16
103 175
134 219
19 276
45 243
160 81
26 48
66 177
178 220
266 80
152 114
54 267
36 9
18 249
165 16
113 180
56 16
119 172
98 265
92 162
255 145
221 12
148 255
142 167
143 108
64 103
73 118
257 231
115 94
90 246
189 61
269 276
64 11
276 1
276 23
87 122
153 67
69 24
61 31
243 7
88 229
6 16
37 239
230 10
97 267
135 229
227 25
180 268
157 109
224 160
57 39
14 56
135 7
205 57
267 44
213 66
75 134
58 186
56 106
236 238
224 72
6 212
220 107
237 76
113 13
237 173
29 194
220 281
188 226
130 123
98 34
276 226
97 45
2 247
125 25
155 142
19 100
231 45
111 179
145 281
256 114
106 189
257 123
219 148
287 131
258 97
208 7
66 58
283 110
37 156
182 139
226 95
60 97
14 48
245 185
16 182
19 45
56 256
41 44
154 45
160 258
82 185
6 273
206 247
4 226
95 249
56 197
151 255
275 155
284 25
47 202
241 8
39 40
227 167
89 197
157 242
124 115
267 172
182 177
154 279
96 213
254 85
146 157
159 262
137 83
50 21
24 63
31 142
175 58
47 98
286 64
163 227
179 80
99 32
103 136
120 187
19 212
47 148
248 56
178 89
139 91
96 104
69 264
228 73
161 227
6 220
9 280
234 89
146 27
185 65
110 43
114 198
64 172
232 210
107 41
2 128
92 276
276 238
74 93
258 68
41 14
35 27
88 277
242 243
265 254
93 44
173 238
126 168
186 12
37 52
276 43
80 158
163 278
250 84
170 33
69 235
88 64
135 269
184 46
96 117
47 244
136 53
38 196
10 66
199 221
236 226
254 215
234 99
178 125
138 48
231 167
197 251
269 36
46 159
77 270
53 254
10 243
227 242
153 246
65 66
125 202
237 212
255 274
72 53
256 69
98 74
134 216
115 196
74 76
149 201
96 65
246 102
62 85
126 101
91 150
63 162
201 80
253 176
58 197
13 128
25 24
115 12
8 110
172 151
276 195
86 228
62 9
56 101
144 229
190 50
195 213
235 90
272 190
178 33
5 237
159 119
3 282
164 4
212 245
2 245
276 69
253 178
165 101
137 188
223 175
163 186
122 263
253 281
162 12
147 287
268 235
216 286
199 162
205 217
275 80
218 162
228 151
160 188
145 43
174 146
254 251
58 148
252 144
276 59
126 211
173 160
15 222
223 272
246 99
33 81
136 143
263 197
130 49
206 13
111 148
1 176
224 12
44 78
149 24
226 34
135 160
10 241
229 110
17 195
139 59
180 221
253 31
82 217
242 40
125 269
105 165
77 0
133 287
197 212
182 20
116 80
289 42
180 202
98 36
264 128
246 113
117 26
42 74
202 69
51 222
64 232
82 149
112 24
121 259
147 265
243 150
94 259
173 192
250 229
149 242
67 119
222 133
92 189
178 78
144 57
111 216
97 250
142 177
42 128
229 128
102 95
35 192
283 188
119 93
276 125
90 96
257 245
110 33
62 91
193 161
281 187
203 163
155 206
74 178
249 88
260 178
100 212
30 225
204 139
214 231
2 87
117 220
195 170
143 247
247 77
76 58
123 7
144 17
229 155
218 248
123 33
132 19
17 232
8 87
118 179
236 100
141 48
187 53
89 153
7 151
106 15
183 167
127 51
277 234
19 64
161 242
107 187
234 160
81 28
231 83
159 34
249 68
248 190
185 16
84 21
50 284
264 172
283 40
79 1
169 66
124 31
203 83
156 129
286 157
190 208
198 137
142 277
218 97
189 128
67 141
258 257
197 245
235 59
54 123
70 49
250 261
150 25
124 132
2 255
242 37
175 241
40 208
59 88
134 22
15 142
126 197
88 241
206 148
275 165
108 176
183 55
19 172
105 59
187 109
163 239
121 148
190 63
270 158
52 224
98 211
166 45
155 273
177 127
136 205
237 104
147 281
267 87
136 30
127 207
123 135
63 164
251 95
196 278
189 53
69 60
176 69
171 118
251 3
103 59
218 9
274 243
64 74
4 60
5 134
113 271
171 176
117 119
198 224
225 26
212 216
270 90
142 175
260 165
50 132
1 167
137 216
201 103
202 82
54 184
277 193
54 253
221 149
49 134
118 4
285 76
100 240
79 263
46 85
281 2
109 230
183 31
125 265
177 156
235 195
6 171
277 50
195 28
236 171
191 128
255 149
235 180
226 221
12 267
213 204
46 102
202 220
224 251
40 17
244 49
95 195
59 5
92 49
149 29
68 39
91 214
148 156
28 230
64 27
40 210
90 110
187 14
152 96
111 183
101 96
188 36
13 135
148 238
144 92
262 156
248 105
269 150
127 103
259 186
112 147
112 219
233 240
270 253
49 65
179 164
234 109
219 259
37 108
119 170
27 151
136 183
34 66
169 8
157 244
204 276
151 16
55 12
68 128
246 205
87 204
126 123
43 120
116 243
205 176
134 221
133 278
156 188
180 266
279 12
54 135
194 236
179 218
278 165
149 116
75 250
255 17
217 206
47 61
174 248
8 286
35 219
264 216
81 109
75 103
197 105
247 157
92 148
133 74
54 107
276 197
73 284
229 153
251 117
166 140
228 246
125 33
230 200
172 187
210 219
3 34
65 144
8 189
257 115
66 1
246 21
237 54
37 247
80 235
3 98
102 132
154 173
73 3
258 23
20 90
212 276
206 195
178 25
54 95
185 52
167 149
45 236
246 23
221 135
59 145
89 176
206 251
210 260
211 246
156 107
72 192
268 211
63 206
36 180
27 132
201 206
198 287
62 29
287 154
240 241
246 270
252 243
280 0
86 5
28 238
138 23
283 88
243 118
124 262
250 224
60 102
246 104
240 216
111 119
213 271
154 43
159 53
190 150
149 252
6 132
24 83
114 98
85 154
103 109
38 257
142 69
69 186
125 244
257 233
83 54
25 195
264 210
80 193
249 210
217 104
245 254
175 144
58 4
264 8
253 169
89 112
111 82
259 14
252 104
262 40
11 281
289 140
193 137
13 196
143 55
53 169
15 217
202 113
159 228
288 196
139 32
252 79
77 248
154 54
251 188
148 191
64 66
254 52
110 152
194 106
48 158
270 76
31 220
251 57
141 95
217 228
198 271
155 237
147 112
76 116
27 81
281 51
86 21
198 214
164 67
46 156
198 64
102 128
220 284
136 224
104 273
160 159
29 30
137 17
55 56
23 38
14 18
282 82
185 91
93 102
10 139
69 217
85 31
192 51
283 150
11 34
210 55
44 178
44 163
166 121
69 284
223 141
37 112
102 190
149 193
135 55
208 28
144 203
231 278
125 84
247 138
199 223
47 195
70 38
128 69
272 271
280 166
272 115
168 48
99 250
263 126
99 175
244 101
272 251
226 225
234 158
76 127
206 42
192 233
184 252
9 50
119 2
82 250
242 201
191 126
169 260
203 102
235 282
101 146
69 198
160 8
125 60
148 158
166 202
254 5
250 142
169 120
255 276
144 59
268 239
88 96
179 87
205 194
9 128
258 134
218 246
203 41
135 264
30 79
20 181
127 173
169 200
221 131
219 268
204 68
123 84
136 5
104 85
4 127
274 32
86 124
103 242
80 120
233 111
20 101
282 149
97 246
1 120
70 237
145 55
70 31
193 150
98 178
137 223
165 277
201 140
280 202
283 260
135 146
3 11
274 4
200 164
220 75
116 98
46 21
60 189
191 81
62 213
128 132
73 176
112 275
6 156
92 120
162 175
64 59
88 214
233 127
1 196
22 247
58 11
180 101
70 192
3 180
14 219
249 159
238 208
38 167
155 155
145 50
17 119
238 160
44 147
241 46
94 115
167 26
45 170
208 281
24 111
11 5
265 62
44 30
255 122
4 133
285 19
40 10
99 15
41 1
149 217
210 179
43 269
84 147
279 173
236 230
284 84
261 143
123 15
47 14
173 266
287 144
19 11
239 20
98 248
206 6
132 220
21 234
187 260
107 50
109 40
2 18
247 160
261 245
214 36
26 23
134 73
229 145
48 50
30 146
104 126
11 43
152 8
4 56
158 230
9 287
284 31
16 193
201 23
158 107
129 51
187 219
193 28
18 203
260 134
151 116
24 114
48 12
234 68
27 164
2 55
207 217
274 237
277 172
129 102
202 89
115 245
39 91
1 53
265 208
44 38
286 142
131 142
145 61
67 254
268 14
61 285
277 163
268 118
244 127
80 110
193 18
216 44
68 35
37 81
238 272
164 147
238 36
125 14
128 106
91 54
109 41
102 126
176 220
126 31
165 279
238 238
55 254
137 141
168 202
63 283
128 49
247 224
102 141
180 124
27 67
54 66
21 279
150 188
273 199
85 280
108 155
284 53
202 242
266 185
163 16
151 201
161 115
248 130
176 84
140 151
239 249
94 65
155 128
161 182
109 120
258 247
107 134
125 215
117 200
259 130
147 121
175 34
237 136
216 63
237 71
168 32
140 166
153 270
161 279
26 41
258 66
186 215
228 134
283 32
242 100
248 277
217 185
215 67
214 63
6 285
41 138
74 166
69 130
225 41
288 243
34 279
279 101
7 254
97 102
184 14
121 172
254 78
206 75
118 168
269 38
97 209
51 191
158 215
94 46
186 202
120 76
258 229
168 101
198 28
4 256
241 166
13 130
198 82
153 105
98 213
119 24
284 94
241 218
272 66
188 94
83 83
276 236
209 118
16 80
221 172
214 191
67 267
38 237
206 178
200 202
94 162
223 52
230 232
52 221
171 148
239 102
30 268
275 281
36 100
213 125
202 266
35 269
175 193
257 278
261 13
286 18
109 172
125 174
84 56
192 30
49 117
16 191
244 172
245 115
257 222
27 195
192 163
161 170
88 246
115 84
92 38
188 153
136 20
282 25
123 203
259 245
73 31
69 29
125 232
135 141
287 27
76 273
239 166
56 134
282 227
27 281
6 222
288 202
102 231
280 69
44 256
177 144
66 234
44 232
31 31
122 217
67 212
236 286
272 75
219 209
53 251
1 2
5 271
214 130
30 168
116 34
171 181
276 82
17 19
95 98
0 204
214 97
164 208
235 111
32 223
182 68
213 256
124 56
190 52
243 4
181 200
126 76
14 11
264 120
208 5
160 6
129 141
68 218
56 263
124 40
159 260
9 134
76 204
181 103
264 7
138 151
151 120
75 56
151 239
249 94
202 183
119 239
65 175
237 25
246 266
195 200
247 268
151 186
240 126
99 289
197 177
90 104
100 95
11 187
289 200
252 168
115 205
122 187
166 27
118 138
64 55
252 106
38 110
62 202
213 118
258 70
261 190
259 203
213 288
32 166
264 214
240 84
210 139
149 20
11 99
204 150
114 92
74 278
133 14
113 149
43 172
97 96
26 257
117 244
45 209
120 225
17 285
100 207
191 265
72 277
123 137
3 262
152 276
100 45
187 114
206 205
139 141
73 75
214 286
70 269
264 26
171 77
273 275
107 228
144 192
199 203
37 198
59 224
174 265
83 237
206 273
175 182
19 179
97 7
107 132
174 50
216 145
110 122
0 269
122 156
287 140
45 35
6 31
43 246
88 8
205 219
97 174
55 202
289 167
285 140
223 172
104 74
226 150
23 243
63 254
238 260
146 255
173 175
38 135
221 269
148 110
175 209
274 23
87 261
72 77
251 43
50 264
199 140
239 141
208 105
236 55
268 32
131 6
135 271
165 134
83 42
230 12
92 28
113 203
237 59
40 21
276 283
171 211
133 111
199 180
38 205
10 167
43 175
140 61
136 35
255 283
42 258
169 246
73 102
234 123
97 11
209 167
214 2
20 3
199 54
255 101
251 134
226 141
83 40
41 175
68 11
214 127
150 69
136 231
168 97
204 81
95 73
96 29
81 248
59 39
199 2
206 28
147 130
147 71
128 164
53 113
201 35
287 75
111 35
231 199
191 112
252 186
190 275
228 100
171 237
285 62
180 263
196 92
225 112
238 69
73 276
8 158
162 212
164 14
177 240
249 76
134 17
167 189
281 204
164 69
50 51
191 73
217 91
56 154
149 81
265 74
29 208
38 209
152 141
112 236
278 69
105 256
288 64
175 249
103 72
87 223
235 72
129 43
81 136
9 147
277 174
252 85
98 183
125 172
140 211
214 210
149 189
204 74
137 7
278 107
133 120
55 67
38 259
150 264
118 131
196 115
141 217
203 175
101 34
206 165
167 200
181 267
130 138
256 217
265 155
2 237
158 90
216 165
118 194
93 166
269 154
237 194
206 242
240 243
67 36
61 92
17 178
162 50
25 96
96 217
283 76
51 277
246 65
88 109
142 23
275 199
178 110
78 179
60 186
154 210
33 96
217 120
182 288
288 86
6 268
132 231
107 239
124 0
212 2
26 248
15 165
61 247
71 232
59 166
262 45
22 111
107 255
146 192
33 171
158 217
239 73
25 28
210 280
196 247
119 42
23 257
253 55
170 92
119 227
152 209
216 249
65 267
72 116
45 197
40 234
220 239
183 183
19 75
45 64
182 281
255 177
98 261
19 117
124 117
103 33
257 187
266 129
0 178
164 27
210 20
19 53
212 191
174 281
128 278
32 266
257 240
28 175
53 115
28 167
7 82
73 158
40 72
188 242
274 153
112 217
166 29
241 258
266 9
271 21
109 266
204 105
285 110
37 163
60 242
201 174
114 194
53 167
42 119
98 271
270 163
262 21
143 120
186 251
0 219
10 32
192 227
22 289
114 285
195 0
69 188
28 173
79 165
72 280
232 48
141 246
68 143
73 253
269 140
161 186
263 73
68 26
173 149
157 224
19 165
101 135
151 269
272 240
83 281
267 148
171 11
181 283
238 230
12 25
76 40
82 52
24 40
223 38
227 42
93 72
221 182
83 123
134 181
162 91
251 41
127 43
185 193
221 258
225 266
4 196
145 230
75 270
289 118
45 200
239 150
103 173
135 189
78 142
176 166
184 48
263 232
215 204
278 272
144 273
54 182
130 198
77 64
176 126
46 208
117 248
22 34
229 168
121 215
90 242
101 27
209 264
5 173
216 127
196 245
42 39
42 18
204 103
154 129
213 273
144 110
33 34
72 94
167 175
151 266
238 154
223 122
270 116
285 230
71 10
47 281
0 166
276 84
191 231
105 188
218 164
32 218
119 288
246 27
157 105
120 137
195 235
265 175
128 211
189 110
181 265
213 193
84 271
13 23
120 4
67 227
93 286
248 198
283 230
99 147
52 238
201 44
193 152
154 0
29 239
196 233
73 57
196 71
187 221
102 249
223 42
29 133
219 230
213 158
60 119
106 136
2 100
286 98
196 189
42 150
100 231
90 108
205 174
63 170
189 265
246 191
195 69
94 179
87 273
245 63
116 210
258 127
256 238
124 251
97 78
181 79
82 167
177 91
2 257
129 174
18 207
140 117
219 105
250 104
231 5
287 65
260 38
28 152
36 114
251 45
70 67
13 49
68 49
91 19
66 112
286 108
127 99
4 283
212 219
256 272
138 211
206 138
32 158
193 231
50 124
133 229
123 160
23 222
279 269
248 205
65 54
1 21
188 272
176 50
279 234
31 101
166 85
286 132
168 167
29 68
78 158
204 70
40 187
63 174
161 225
82 56
224 39
53 286
273 281
148 285
266 210
235 26
99 179
138 215
144 250
47 64
36 279
277 132
74 84
56 41
173 244
214 117
52 243
152 265
28 64
224 76
58 202
182 129
103 210
248 225
152 237
251 100
72 167
279 225
112 85
77 134
126 105
12 240
191 17
157 92
259 142
112 72
225 223
201 12
167 260
71 8
112 89
42 144
6 88
82 33
288 48
61 178
33 115
206 17
196 196
210 181
100 133
142 199
99 89
42 101
190 10
24 197
224 22
199 48
211 161
152 79
243 120
235 232
31 258
54 21
74 280
135 277
281 225
110 265
194 71
221 86
169 96
178 19
131 243
288 94
226 54
235 248
94 96
96 211
60 170
166 146
243 253
87 265
199 62
75 74
40 259
10 189
67 175
120 40
127 96
11 143
169 205
217 180
150 27
75 240
104 139
102 134
271 194
60 33
48 283
165 148
89 281
267 5
236 214
281 9
61 185
98 191
28 288
77 200
92 94
279 10
287 215
262 178
4 181
188 127
169 73
257 132
156 140
180 34
270 219
212 195
204 274
107 106
188 62
174 250
134 24
280 91
194 240
72 55
179 162
72 140
149 14
190 83
19 111
6 158
106 105
239 104
282 132
257 88
204 159
175 168
242 237
177 116
192 33
220 96
34 167
49 90
210 177
219 14
207 146
268 284
148 219
204 164
100 82
15 155
1 185
23 92
206 228
137 213
208 16
193 282
138 192
40 73
149 283
90 180
109 115
159 30
118 284
129 133
187 142
82 73
65 126
136 174
276 242
266 200
89 60
58 200
166 103
81 164
258 89
146 94
276 153
74 9
125 16
98 159
6 116
75 70
199 23
227 3
260 268
63 210
89 192
99 238
7 118
227 240
45 191
67 153
123 270
194 233
235 220
201 211
177 196
100 163
190 37
288 194
116 130
169 108
194 189
78 90
12 234
249 128
77 62
177 238
216 186
200 60
90 22
277 15
28 47
235 186
288 180
222 36
30 137
117 127
120 214
68 201
22 256
202 238
287 122
176 286
225 219
122 62
7 224
264 97
49 267
123 216
257 145
137 62
2 97
95 105
64 47
164 60
244 10
36 217
142 253
21 202
99 44
18 270
268 89
255 278
224 70
16 251
123 27
233 23
81 51
227 244
243 186
152 170
199 104
168 164
73 162
233 72
13 144
257 30
166 131
281 257
62 243
184 250
126 248
4 171
189 113
136 235
95 78
3 83
252 261
127 256
220 139
43 185
247 91
25 245
256 280
1 98
255 169
162 61
20 248
102 13
101 93
36 123
274 181
168 16
189 117
99 151
252 199
85 122
285 106
155 253
274 167
95 34
114 69
91 66
30 7
63 125
179 46
249 286
226 101
98 28
206 249
147 283
283 268
117 217
74 201
237 118
151 14
216 71
28 128
212 176
9 145
241 119
146 267
123 171
31 70
202 270
2 126
224 57
208 182
154 103
16 153
194 169
198 125
102 85
202 21
275 142
140 178
102 15
64 9
125 160
28 191
275 224
220 162
79 14
204 61
176 140
143 49
188 98
235 212
4 269
217 62
51 63
6 214
211 115
26 167
208 88
86 156
131 286
188 51
190 35
18 81
253 146
93 164
150 133
186 152
6 256
185 124
45 267
241 91
185 8
104 227
177 93
195 172
250 36
207 76
158 254
33 157
37 245
197 122
145 15
184 238
241 239
223 274
229 143
267 104
173 34
277 258
140 153
283 16
103 229
99 161
58 240
166 208
247 209
195 274
197 26
268 286
56 220
56 2
63 87
145 135
9 254
277 142
94 117
195 198
96 121
73 204
141 97
232 260
208 138
129 257
153 200
229 56
31 55
167 82
133 39
114 49
259 1
110 150
214 248
286 179
132 199
218 95
168 92
269 166
102 208
140 218
232 89
201 97
206 106
150 145
30 47
19 272
102 89
283 252
156 146
126 68
48 160
124 105
132 171
96 265
120 179
174 217
137 52
86 284
53 39
71 24
70 265
137 110
220 211
108 167
246 211
56 11
107 230
109 25
112 123
82 252
272 104
269 208
98 80
66 60
35 35
123 38
224 157
266 127
75 142
35 47
257 224
246 276
65 114
109 170
268 162
109 134
64 1
0 106
287 106
236 204
83 143
171 183
236 216
222 62
184 198
233 66
70 6
3 201
99 282
207 272
38 101
283 29
268 224
227 279
7 149
12 168
14 153
264 107
138 30
143 282
276 257
30 105
283 204
139 279
10 180
56 97
126 82
17 274
168 261
36 94
220 109
70 28
215 76
259 282
109 165
188 100
133 101
246 29
123 113
268 46
34 58
139 181
139 4
231 170
28 257
41 189
281 102
213 79
114 100
109 36
202 187
246 90
96 4
45 121
26 64
4 267
277 124
0 284
101 289
163 59
52 19
52 157
253 42
234 287
223 55
24 51
78 119
250 106
15 213
107 215
128 276
234 226
89 274
24 289
46 95
126 213
82 82
137 155
236 184
23 203
51 255
268 261
64 269
128 241
200 288
73 111
179 200
107 108
184 216
238 255
194 281
217 178
242 203
118 75
89 235
85 40
236 208
111 42
67 230
193 244
42 210
25 149
29 163
220 195
18 234
169 247
200 112
51 116
59 207
46 90
150 107
77 230
108 104
99 267
189 160
279 16
210 275
55 58
95 71
287 84
162 131
257 213
275 21
111 10
36 271
224 8
90 244
41 41
123 52
98 95
7 275
125 263
81 32
188 283
283 27
11 83
9 83
1 232
204 153
57 103
272 238
38 59
142 131
79 197
224 59
188 252
203 222
144 248
238 16
148 83
62 270
139 116
47 118
236 78
116 219
96 198
160 117
116 206
183 23
270 239
89 66
104 219
23 118
287 160
105 129
277 224
165 127
51 99
147 81
68 268
109 118
199 108
160 120
147 242
18 102
277 154
101 87
81 166
224 63
4 79
190 267
140 41
98 207
279 8
65 52
198 114
223 206
96 100
235 24
161 33
260 15
30 266
225 56
266 52
167 10
142 171
171 208
177 45
4 246
211 19
69 232
264 99
173 142
193 31
111 27
27 149
167 108
106 232
234 48
81 246
132 37
244 187
12 84
205 155
199 159
123 144
151 6
115 82
109 49
132 72
270 15
0 217
155 247
18 167
213 162
9 232
126 164
256 53
115 270
208 175
26 17
191 213
239 137
263 260
244 204
209 240
2 218
53 203
62 187
224 173
110 55
236 122
72 282
160 254
7 248
167 278
145 251
107 257
175 44
19 209
32 79
0 198
154 220
43 170
188 47
247 193
265 160
213 115
113 193
247 129
212 113
214 83
215 288
152 177
248 231
275 78
34 60
159 153
237 249
67 106
96 127
243 102
19 274
18 120
167 238
53 228
170 31
236 271
61 165
99 96
28 87
208 72
199 35
277 255
10 234
243 47
45 117
220 207
213 160
204 129
60 115
4 183
190 261
130 247
42 142
222 204
212 231
137 147
95 215
83 60
208 116
186 93
120 120
96 192
77 20
4 157
152 55
64 101
227 40
272 214
249 134
99 69
279 6
126 8
261 200
274 255
123 264
20 185
136 23
157 42
241 52
281 7
98 216
46 146
180 108
156 103
105 107
244 131
73 208
150 215
271 102
41 121
6 216
248 270
95 147
53 42
195 151
161 161
285 194
107 165
280 73
109 34
247 154
215 147
233 156
281 251
15 118
190 258
274 241
276 48
173 185
42 30
74 5
21 53
74 248
18 236
7 246
64 214
158 137
167 12
249 115
219 240
177 231
280 232
56 239
148 182
246 173
1 105
119 183
81 219
7 49
79 63
26 287
66 269
36 199
114 273
72 188
94 18
71 285
214 208
187 66
150 237
70 277
170 68
41 104
205 137
245 195
229 80
82 132
8 140
27 27
8 276
56 222
2 214
156 289
83 85
117 83
61 104
275 112
56 171
61 288
161 163
246 272
78 272
237 120
55 42
160 224
45 61
71 253
65 273
250 98
110 84
122 116
83 283
139 267
2 130
253 149
24 282
96 80
125 188
264 95
128 65
160 157
101 18
211 273
40 129
257 178
106 39
226 72
113 83
44 258
193 159
270 32
256 86
179 234
177 49
100 187
139 131
36 155
121 248
238 156
5 62
46 97
40 136
82 22
54 44
229 244
102 3
39 288
205 41
18 123
190 99
202 228
217 204
161 275
208 52
255 221
206 192
175 239
174 285
176 87
110 178
16 283
6 184
98 243
188 96
92 175
37 27
16 158
244 176
155 35
95 193
117 182
6 210
118 109
126 62
158 7
228 16
70 137
285 245
270 270
257 284
277 274
44 62
229 279
146 134
192 16
166 214
244 285
232 68
10 25
126 228
183 251
86 7
150 235
164 20
173 59
185 168
160 4
44 59
113 248
75 112
56 187
102 67
138 64
53 249
106 201
200 160
154 244
284 33
189 2
58 16
190 227
134 266
272 1
219 189
241 150
170 103
173 242
14 221
91 197
186 46
34 226
122 53
207 40
177 58
152 235
139 179
84 35
141 100
156 111
52 219
162 200
149 286
150 79
240 174
146 249
29 258
4 155
145 193
255 240
233 169
50 5
218 108
28 20
121 42
183 1
175 2
269 156
163 276
286 20
126 34
175 36
2 66
160 229
239 175
147 184
283 244
21 258
101 124
282 255
8 211
216 54
10 159
59 246
261 259
83 247
143 143
159 69
125 103
166 170
211 27
140 180
187 82
110 156
121 122
233 227
136 112
191 96
119 243
204 256
228 54
88 202
193 0
74 127
191 225
22 261
139 17
183 15
245 225
271 16
87 263
282 210
64 176
268 34
215 104
222 259
239 231
234 271
117 105
256 242
30 56
205 152
187 80
46 19
279 175
62 241
220 228
167 24
110 246
256 23
31 13
144 223
133 159
154 87
285 96
75 138
207 47
277 111
235 84
53 138
129 59
137 279
224 155
145 81
59 264
72 104
43 140
18 115
21 5
155 91
46 46
134 143
172 73
34 49
187 183
49 236
229 6
39 54
148 22
87 210
204 192
151 222
141 13
222 112
276 96
222 268
223 270
78 57
234 57
237 210
53 266
204 30
144 72
89 94
258 259
178 177
114 65
265 32
82 256
13 271
22 242
96 272
132 241
12 12
130 84
247 226
42 77
69 255
152 68
225 146
258 113
216 0
42 168
177 162
8 17
270 261
181 217
278 109
278 5
187 254
153 253
268 157
117 132
1 4
88 141
223 26
211 256
245 267
112 221
137 145
182 185
169 192
147 226
21 275
89 88
252 97
212 97
179 93
142 98
101 142
52 236
175 280
72 33
110 29
84 168
234 200
97 16
71 187
138 15
50 268
67 187
15 157
88 195
2 233
241 117
284 133
196 85
284 108
134 75
282 173
183 168
218 23
37 178
103 240
44 45
67 256
102 219
80 261
222 239
101 16
211 159
253 174
34 8
238 241
267 151
257 168
199 100
17 29
35 81
243 78
285 27
101 176
232 10
256 78
266 96
33 125
277 243
135 158
9 227
40 217
252 33
144 232
193 229
70 194
6 60
158 75
271 0
24 137
122 0
33 258
200 125
87 257
219 137
152 89
43 151
236 254
240 42
204 206
2 3
144 37
221 55
138 5
4 209
22 281
137 127
288 198
19 62
72 233
53 211
216 32
26 15
144 205
288 120
230 58
35 115
146 279
71 283
137 34
251 185
249 200
58 135
194 88
111 61
57 13
32 138
32 63
232 188
74 168
286 202
101 220
188 280
259 233
265 173
255 7
281 124
222 9
43 0
279 258
113 245
140 99
199 52
163 34
157 154
28 162
119 251
105 114
91 167
54 40
51 23
270 118
166 235
135 104
131 288
234 70
75 72
78 232
225 74
242 50
170 209
128 45
61 163
190 15
38 155
215 258
180 281
192 71
110 117
70 267
174 52
189 259
62 204
27 85
258 280
128 137
125 200
286 79
272 81
245 66
38 221
34 143
279 51
227 110
93 78
70 83
247 63
67 110
141 33
175 219
87 62
173 268
111 14
41 269
206 2
11 131
131 8
179 21
227 5
23 201
29 265
131 265
132 267
253 87
101 174
12 76
139 248
145 144
124 82
193 147
190 277
96 259
77 102
187 92
261 194
41 152
44 47
125 36
181 114
133 268
14 50
56 95
288 285
109 82
18 191
143 145
253 249
240 212
52 285
43 237
209 127
115 153
91 216
79 270
18 283
57 277
195 204
140 127
45 245
178 117
152 17
237 84
222 242
77 22
253 101
212 11
46 212
44 187
137 158
65 257
95 102
0 100
274 116
118 238
140 31
222 59
112 99
20 150
181 248
65 236
77 177
71 102
270 251
207 265
116 212
183 49
102 283
35 85
80 218
57 210
257 110
104 39
75 15
263 109
275 253
231 226
76 279
180 45
177 86
263 265
216 28
233 6
45 125
219 212
99 177
125 230
10 104
2 199
88 6
287 195
77 198
4 13
244 174
259 120
222 257
256 176
117 226
234 285
158 131
21 220
183 279
43 235
146 30
69 266
146 51
276 115
217 161
241 26
217 284
94 191
22 272
93 138
177 37
51 168
66 12
191 140
114 211
190 138
225 116
139 119
51 233
164 121
43 76
217 89
287 204
151 163
226 269
195 104
234 217
146 154
54 186
29 51
42 37
40 257
228 52
148 125
56 203
31 68
234 275
94 187
121 136
24 18
248 275
56 279
139 89
111 169
13 19
97 285
154 83
3 169
169 162
62 47
12 242
69 226
94 189
273 80
63 113
279 123
75 186
204 72
4 86
208 148
277 113
100 3
36 143
160 76
33 219
91 248
234 223
119 217
155 77
76 105
92 177
89 205
79 94
109 182
224 124
109 180
237 280
14 241
77 220
86 234
283 257
265 266
120 275
182 70
26 246
152 107
187 68
7 105
151 77
11 129
77 69
149 131
216 245
30 166
118 165
274 75
180 259
235 157
71 118
1 43
274 239
45 154
222 284
13 94
93 51
54 288
283 169
189 182
270 78
255 249
267 155
71 82
40 131
143 135
193 173
132 122
67 24
207 240
221 25
287 77
12 176
35 246
173 86
26 169
272 277
60 223
101 229
168 121
235 150
118 95
177 210
214 47
150 219
198 0
166 216
93 234
203 13
279 288
117 246
76 38
55 23
277 288
105 87
249 66
4 6
26 128
171 66
153 74
289 182
85 283
153 143
64 115
283 51
61 158
285 191
147 193
44 50
131 135
239 14
193 264
263 256
29 131
203 62
179 4
224 254
190 180
231 165
230 141
279 267
20 31
218 106
110 237
216 69
257 56
26 277
255 281
141 282
200 182
156 272
64 212
26 39
270 53
37 134
241 38
87 9
214 58
184 126
235 258
281 168
284 131
2 197
122 180
136 148
252 284
111 78
134 202
130 131
92 169
33 164
286 217
103 93
251 55
82 157
141 278
156 40
279 164
35 248
234 188
264 118
26 120
47 237
248 242
165 18
288 98
137 225
276 232
257 13
231 91
72 251
139 224
129 61
166 33
126 97
121 114
179 247
89 139
18 251
62 116
98 269
116 198
205 277
24 22
189 17
31 140
28 137
175 70
42 173
30 64
96 74
116 76
22 249
269 182
79 257
121 240
62 100
114 246
207 248
136 1
130 68
84 82
64 271
75 253
85 120
133 134
239 118
163 96
285 17
72 58
260 97
204 107
137 55
241 79
197 81
125 257
3 135
274 257
194 277
269 171
201 40
217 259
252 190
147 29
18 55
281 189
142 250
103 87
157 66
254 192
207 51
275 259
4 153
17 224
251 115
34 271
282 212
249 188
179 196
51 134
39 178
267 47
221 230
136 192
47 210
236 36
243 35
112 113
232 223
248 208
274 212
81 58
229 24
216 282
146 71
81 62
250 247
243 184
202 26
179 206
194 42
13 78
199 212
10 35
209 232
151 160
129 255
286 83
152 164
222 22
204 253
108 200
169 83
134 20
211 175
42 10
3 88
39 269
112 16
77 156
88 103
284 256
116 78
220 203
286 126
40 141
236 148
65 161
3 112
6 266
47 16
244 22
65 44
88 22
171 269
181 234
76 152
45 157
201 53
206 203
252 51
148 203
206 238
149 288
213 18
227 219
3 195
200 130
222 110
277 128
255 213
220 197
199 98
43 118
272 31
165 66
134 173
254 238
40 206
87 230
107 263
182 143
103 212
20 115
200 25
165 164
2 5
36 83
174 263
11 77
262 158
51 279
261 4
29 253
141 59
245 132
22 167
178 140
233 218
260 22
271 215
40 19
217 149
9 138
58 2
94 282
101 250
224 225
276 240
32 280
135 102
259 266
221 271
137 66
145 112
203 28
218 210
18 181
119 260
147 126
128 8
259 12
37 115
163 282
244 202
277 67
90 141
115 181
26 0
9 283
53 56
217 25
44 211
247 232
218 91
39 8
171 159
82 171
131 279
207 223
287 178
233 283
142 38
133 237
87 154
45 33
51 114
205 224
45 119
14 167
40 222
140 124
30 144
180 116
209 156
249 65
42 187
259 167
4 248
52 4
121 75
143 43
23 147
68 104
193 90
195 168
17 12
20 262
115 14
83 20
18 262
137 229
23 91
88 283
136 98
76 158
128 213
72 6
78 252
88 125
162 117
103 275
18 88
15 120
184 29
225 7
175 288
91 47
53 155
164 213
54 219
255 120
166 6
42 82
66 50
21 273
192 274
5 83
103 83
25 38
223 87
81 95
211 212
229 33
40 220
248 136
61 137
125 267
153 172
155 109
55 188
65 255
122 23
262 107
260 99
240 86
117 107
244 256
189 69
244 198
38 73
212 280
245 158
176 233
27 265
117 186
184 68
274 44
229 166
132 136
162 184
47 268
23 235
138 153
277 156
216 247
138 61
204 238
31 97
216 46
287 40
134 183
112 87
272 180
212 249
232 113
119 139
191 59
148 123
151 175
206 176
253 140
231 87
171 193
19 260
186 106
55 69
53 223
191 160
62 245
37 57
28 255
111 49
236 206
186 95
12 8
206 71
164 176
254 167
186 273
110 59
169 94
98 180
32 87
272 45
180 198
200 271
225 14
204 8
271 77
237 163
175 237
97 43
71 235
98 65
203 244
38 2
248 96
51 266
34 94
285 39
237 179
212 36
56 84
169 85
54 157
31 103
120 273
268 253
136 72
264 47
142 61
215 81
4 217
26 197
259 275
251 68
43 220
223 20
141 125
144 167
215 206
179 209
75 177
47 182
91 236
86 221
146 188
270 142
60 286
69 135
196 83
115 158
211 118
55 276
79 88
215 157
80 59
285 41
127 92
229 202
217 30
287 51
250 284
250 190
286 130
37 182
227 146
267 84
191 137
191 182
270 277
45 76
162 229
230 35
92 124
283 250
154 26
78 39
273 56
210 8
253 81
109 258
117 85
187 144
191 31
255 124
73 95
91 92
256 244
168 28
251 282
213 211
106 167
242 241
11 45
176 4
217 218
200 213
57 224
127 209
59 137
71 26
254 247
98 218
238 213
159 161
86 82
259 144
262 139
207 279
281 170
207 136
58 279
27 236
20 210
21 208
226 118
39 238
108 38
73 243
188 274
40 167
23 1
211 217
259 4
79 181
84 156
97 165
70 22
160 151
100 190
268 263
165 275
185 187
194 68
198 226
208 19
195 187
154 34
35 250
286 232
138 57
109 80
265 70
31 253
157 102
28 145
12 74
81 39
8 267
16 220
4 285
137 90
71 29
180 77
135 111
105 225
178 222
180 42
10 102
88 244
196 106
135 237
17 21
39 15
65 25
272 167
35 239
18 132
41 224
220 232
271 182
171 143
124 63
229 234
261 283
160 184
110 8
162 121
15 46
235 228
205 128
98 287
201 62
28 207
251 86
84 170
229 277
202 38
253 188
78 41
225 132
265 5
122 260
154 141
256 28
159 67
16 204
36 51
189 21
266 287
30 190
85 135
77 104
26 199
156 254
202 66
127 187
259 231
89 151
71 162
33 62
167 165
209 197
56 183
11 178
78 255
117 152
60 125
50 262
139 155
51 118
154 266
273 273
267 62
279 129
200 114
229 242
171 271
275 76
37 280
79 237
13 6
76 271
36 25
98 273
238 171
219 60
103 188
131 245
231 256
254 260
38 0
271 79
224 228
282 0
93 140
99 46
189 115
140 277
283 23
8 256
85 266
192 189
88 170
27 134
213 81
145 190
225 61
236 98
220 192
88 107
76 201
108 157
54 179
161 198
120 250
82 118
21 277
89 137
177 35
252 218
261 6
67 264
225 114
242 22
64 188
55 102
210 49
211 262
47 184
62 176
257 125
41 16
134 254
184 142
207 117
24 249
132 40
266 25
207 127
239 25
43 124
30 206
7 258
224 221
74 117
172 75
58 120
174 283
197 1
282 166
275 172
29 102
203 152
30 14
85 54
210 18
4 129
256 64
117 208
150 103
34 218
142 40
172 68
166 83
216 163
169 182
151 158
259 132
45 269
72 200
192 61
189 206
184 105
83 51
225 142
49 251
123 57
153 77
239 38
188 261
134 193
155 278
56 185
256 134
48 269
49 185
247 19
140 280
270 85
153 3
37 129
259 278
150 83
240 214
158 54
98 259
241 81
98 241
162 214
174 88
21 260
199 188
19 43
44 116
287 281
111 244
246 136
42 115
240 148
179 115
96 274
283 54
101 285
24 7
221 84
202 226
105 191
24 89
164 29
223 74
126 125
90 62
278 232
123 214
237 232
247 115
80 256
102 61
262 38
286 152
230 210
230 71
256 215
60 77
207 26
114 145
52 256
179 32
126 268
183 64
71 60
21 244
202 153
233 186
196 124
88 275
23 227
60 149
99 145
111 80
187 187
170 226
236 182
31 35
105 135
189 230
150 262
271 165
56 65
252 247
121 16
81 221
220 92
214 246
107 261
91 112
152 27
272 118
39 175
193 12
191 263
233 125
186 239
229 86
36 103
191 0
73 152
57 18
240 168
288 217
44 189
148 39
201 84
130 147
134 113
152 83
259 188
243 39
90 199
15 194
124 5
143 231
215 176
140 164
166 67
201 132
50 177
106 274
286 94
37 250
71 85
11 106
149 221
143 91
174 32
24 255
255 171
284 152
165 62
102 82
252 220
222 255
246 9
30 227
202 106
279 195
236 196
225 175
122 44
163 262
132 201
201 221
53 278
29 16
113 229
173 181
180 111
66 105
210 195
32 65
6 5
288 166
38 199
115 102
288 273
106 177
83 145
130 278
237 276
92 46
141 7
206 257
166 245
86 269
34 194
199 110
170 145
275 45
143 147
197 34
227 148
270 211
112 285
150 155
215 161
177 208
22 62
18 90
180 126
248 38
164 6
27 240
136 172
69 286
61 81
90 106
128 124
67 196
184 202
264 24
92 56
31 124
254 54
212 9
46 13
186 108
13 178
212 214
79 178
18 157
200 138
54 54
187 125
119 200
281 11
208 131
193 140
271 138
114 96
153 131
108 265
176 268
104 44
187 276
270 137
271 273
64 99
76 75
286 128
29 12
276 6
133 76
26 190
278 236
203 57
256 147
179 168
118 0
112 59
92 114
45 161
162 10
205 14
175 229
202 124
227 14
282 184
168 169
285 281
267 274
29 150
92 63
75 175
44 91
5 113
67 115
217 147
143 271
0 129
53 73
141 102
40 143
131 254
84 78
204 90
89 18
231 190
195 283
164 264
28 1
180 89
269 48
135 77
221 103
99 285
282 108
96 63
119 241
149 121
213 217
53 190
34 198
184 185
204 190
250 32
174 68
139 49
21 33
89 68
64 156
204 228
240 202
29 192
11 232
44 279
138 50
121 238
267 131
245 129
238 78
100 28
242 148
174 38
135 279
120 277
114 147
223 266
57 265
205 255
71 153
248 161
238 206
4 151
116 86
113 97
124 97
285 85
272 140
194 62
114 113
216 73
73 160
41 75
62 102
66 103
78 228
255 179
189 225
94 217
91 192
251 34
158 159
58 118
177 194
44 222
39 1
12 114
288 142
10 141
287 200
57 169
201 107
199 11
36 207
239 180
40 236
230 14
115 149
16 176
42 270
59 31
228 35
208 242
176 129
146 39
168 279
175 282
158 81
230 109
164 184
191 12
74 115
80 252
76 231
13 67
162 255
196 276
223 208
10 37
15 19
184 50
82 134
69 68
55 125
21 30
15 52
159 219
40 12
204 94
42 90
46 59
234 261
214 280
253 7
22 145
31 33
173 240
122 153
3 266
253 9
22 153
6 208
135 222
180 128
262 94
99 229
242 90
173 183
26 21
208 266
254 220
100 71
255 188
33 56
132 16
282 34
245 80
53 133
96 177
23 245
54 256
66 285
254 275
138 25
33 169
134 200
205 222
285 183
55 75
108 186
66 34
20 271
154 146
132 182
227 265
187 146
182 77
246 61
112 1
10 95
74 32
223 68
28 283
164 12
139 101
285 204
60 201
60 173
211 193
238 86
23 94
96 87
10 115
81 187
192 14
243 116
179 156
149 266
5 137
187 111
45 37
218 283
196 214
188 267
155 105
70 59
69 152
203 98
225 179
214 55
76 16
40 81
256 127
238 148
176 176
247 134
236 193
230 247
54 154
244 99
256 219
24 36
262 285
159 182
108 51
157 52
203 240
276 244
98 71
53 245
245 119
188 23
170 114
235 210
133 161
266 285
221 266
160 180
210 131
284 36
280 93
221 193
181 1
158 191
266 262
262 125
9 44
188 258
60 271
208 180
230 69
222 18
38 114
281 174
146 200
44 84
111 229
287 62
175 269
260 3
211 127
268 65
117 150
26 173
137 102
273 218
104 208
119 245
35 99
78 202
22 224
80 90
196 280
201 188
84 33
230 89
173 72
113 125
127 244
242 131
105 228
284 232
175 114
276 41
68 37
49 48
263 217
131 39
43 244
28 189
142 133
92 250
162 264
231 154
50 49
132 124
169 176
134 289
90 90
201 42
150 184
116 285
100 1
200 186
168 14
148 95
90 278
19 176
234 197
239 170
56 181
121 138
254 277
4 140
182 285
150 97
217 176
129 89
184 240
58 150
266 85
124 61
160 49
41 169
49 234
90 25
101 32
237 278
102 206
274 96
76 140
173 262
101 188
200 82
177 114
278 191
219 205
83 205
226 70
20 250
288 44
234 132
142 187
8 226
212 274
73 186
274 42
193 69
117 169
214 282
117 171
109 214
97 215
12 219
222 282
137 207
153 238
265 106
68 113
215 119
97 194
193 203
69 259
2 68
177 218
227 271
86 158
265 51
77 233
145 283
168 68
181 169
154 139
100 67
142 273
63 285
214 105
10 230
264 285
44 198
62 172
221 60
97 31
122 40
33 139
266 68
276 272
79 38
52 71
209 75
32 117
256 167
154 242
127 254
267 276
250 198
284 202
161 259
195 116
281 269
123 42
166 94
84 23
1 114
10 185
52 268
175 251
112 281
192 243
83 231
82 159
157 218
13 82
112 200
228 130
271 55
223 61
200 55
71 203
55 210
67 214
119 247
128 121
269 50
158 103
246 11
86 179
267 59
240 260
1 183
55 1
106 131
68 234
161 119
127 215
259 124
79 216
94 176
232 258
212 254
224 181
168 103
255 126
15 205
94 49
246 285
99 128
135 156
115 126
148 132
149 239
61 87
273 193
71 190
177 47
119 258
264 66
163 280
39 42
169 12
106 37
241 4
76 91
4 131
55 62
13 80
88 209
156 100
60 121
34 268
119 108
272 23
41 289
7 113
74 104
208 90
11 86
53 188
197 3
152 156
99 134
81 263
48 102
33 12
119 196
52 124
239 173
212 247
161 263
227 132
287 150
267 69
20 109
161 35
235 256
272 64
4 213
136 154
218 70
60 95
201 204
94 63
175 56
271 260
38 217
184 144
200 21
130 86
166 129
88 237
202 205
147 20
154 5
95 221
118 188
48 146
144 68
153 240
264 185
146 228
119 15
66 26
239 182
135 120
145 146
116 180
8 252
189 64
77 87
270 272
169 99
161 48
57 63
206 97
55 204
122 35
220 90
69 184
127 201
220 8
89 255
93 70
96 180
71 205
185 183
93 40
202 50
40 162
97 196
239 262
9 149
92 191
189 263
266 264
109 244
65 116
123 103
203 155
205 12
221 264
119 215
65 186
141 275
29 143
1 201
43 32
86 262
178 158
237 181
111 25
180 20
224 256
83 31
47 18
132 173
40 232
66 68
115 36
162 7
66 143
14 235
234 214
8 104
244 27
96 175
98 1
40 3
237 34
209 146
30 66
200 263
6 154
161 172
251 177
262 141
279 193
202 185
172 218
197 222
183 195
31 77
108 136
42 177
106 57
107 259
81 20
171 246
53 276
3 182
193 214
189 256
179 230
92 218
75 244
278 92
193 235
250 186
206 4
255 25
266 159
281 13
88 123
235 92
35 283
73 174
91 44
16 121
149 195
283 86
117 177
286 271
261 92
226 52
117 154
209 234
249 44
173 264
10 73
54 83
149 199
25 26
17 43
131 50
3 224
38 184
29 141
116 22
115 64
232 225
127 189
117 196
157 207
46 279
50 145
71 47
124 54
197 171
269 231
198 166
125 74
28 18
247 88
39 112
218 244
178 260
282 232
277 17
59 185
36 110
208 11
215 74
58 124
25 227
262 118
44 21
269 102
274 282
156 75
89 172
263 203
178 44
9 278
142 284
92 42
223 113
61 126
176 211
224 36
212 131
29 34
111 57
177 168
287 46
207 225
262 215
267 184
255 15
121 33
245 252
281 47
140 24
165 138
48 263
263 75
233 162
37 219
239 71
170 45
15 58
65 0
67 51
124 164
196 249
12 112
93 214
90 124
195 207
33 98
160 213
203 11
160 89
222 162
154 89
16 257
27 279
244 200
28 135
14 85
141 176
117 184
24 199
193 197
99 13
228 71
72 237
118 225
237 228
180 158
53 58
227 179
124 93
149 86
23 81
253 103
280 49
100 74
135 213
112 198
230 212
51 237
167 215
83 80
125 166
265 82
231 128
165 206
79 134
153 156
242 216
168 56
28 83
127 6
93 118
104 203
241 176
58 146
185 44
242 173
157 31
204 59
162 257
110 51
208 140
71 239
60 240
10 11
72 202
33 281
10 69
149 112
207 167
231 111
216 106
169 123
263 195
1 19
108 32
190 97
220 24
70 33
191 94
120 261
180 261
133 282
2 140
148 188
166 176
170 56
123 118
236 161
49 194
285 215
144 30
48 253
269 288
137 203
104 279
113 67
24 145
33 100
117 175
206 115
263 193
109 154
84 185
112 195
127 230
190 75
171 9
42 225
133 42
283 186
118 181
1 14
44 192
33 23
100 126
232 124
141 17
36 237
75 277
13 119
50 3
269 237
192 92
34 86
8 112
44 155
159 243
33 36
92 96
282 53
22 64
198 249
94 284
155 68
149 109
26 50
250 70
1 265
191 65
154 76
44 19
19 221
194 273
39 185
105 253
169 272
175 142
69 118
288 240
20 88
145 53
5 117
137 115
280 227
174 158
125 253
282 30
148 264
248 36
48 2
141 248
201 99
40 39
182 127
17 165
90 250
118 274
96 261
44 145
165 239
247 94
35 153
154 107
126 24
263 199
144 201
235 51
131 174
22 236
265 72
7 250
151 172
85 137
85 273
281 126
79 220
230 47
57 22
237 176
46 198
51 166
152 263
260 17
50 157
274 220
151 199
86 260
137 32
66 146
266 171
231 34
252 183
119 74
266 253
79 21
242 175
22 3
34 117
281 15
129 243
74 188
42 117
76 114
133 285
45 87
225 227
169 218
20 35
148 173
286 244
140 254
30 49
199 26
221 227
21 222
203 268
59 209
192 142
91 27
115 176
188 71
87 177
234 82
123 233
235 277
58 101
27 234
43 126
112 22
255 225
146 239
93 248
196 24
221 240
121 189
265 194
48 96
20 152
278 0
36 286
11 184
267 288
12 95
250 255
201 240
100 283
201 285
113 90
179 91
68 228
264 212
169 228
277 7
274 214
260 141
8 284
277 57
35 23
268 241
117 242
134 191
183 155
145 186
19 66
61 145
136 190
163 274
237 38
36 221
82 235
7 84
79 222
216 210
143 41
6 86
268 129
258 276
219 135
90 64
36 43
225 21
99 87
194 246
139 177
213 206
225 271
242 256
0 256
40 271
42 72
108 178
196 163
18 10
191 151
237 240
209 27
153 160
73 139
77 18
172 210
222 114
171 248
121 272
45 238
99 143
164 235
190 19
242 197
134 187
283 140
189 137
212 17
155 144
58 220
87 208
90 213
13 101
160 39
269 210
148 114
269 152
230 185
206 253
147 186
97 67
57 32
9 106
6 218
147 128
59 147
162 5
95 166
284 38
191 162
37 252
255 29
51 89
111 172
155 98
40 100
8 229
61 5
120 78
68 286
76 179
38 50
23 116
114 34
94 100
17 180
151 105
110 15
143 89
93 67
56 76
245 39
125 50
258 64
89 174
208 74
38 130
69 154
204 220
269 87
281 172
220 180
89 207
143 47
190 39
250 222
252 242
97 5
80 15
97 148
36 267
13 187
280 66
1 235
146 161
54 177
144 133
108 59
179 194
259 6
247 39
101 241
236 86
187 278
87 268
55 137
155 52
255 87
273 142
144 52
58 84
178 232
144 39
131 60
86 181
196 166
265 187
98 163
150 88
268 227
169 149
91 281
216 94
182 141
63 268
265 229
21 113
35 129
19 258
173 236
286 53
261 198
34 158
52 46
83 136
8 32
18 174
102 202
244 37
79 102
166 233
154 288
69 214
232 46
63 186
238 56
13 69
124 29
127 266
229 164
130 88
131 281
15 203
162 158
44 225
235 170
239 139
53 176
123 273
107 115
246 79
79 40
32 57
125 162
198 160
167 147
148 41
245 160
252 142
105 69
284 211
204 37
204 55
203 96
198 111
250 53
20 122
15 196
182 171
112 152
178 112
43 281
15 54
248 256
72 195
111 263
134 270
188 38
256 80
74 251
39 165
153 267
145 121
88 178
169 174
32 10
20 55
150 191
13 133
35 163
156 138
81 258
212 56
182 66
240 90
81 41
244 65
240 128
120 6
186 102
215 113
192 158
133 6
215 126
286 25
144 188
176 1
111 115
67 108
71 131
226 12
176 24
222 53
61 83
49 13
258 166
238 126
130 151
28 169
18 211
219 132
210 10
286 35
45 123
194 30
273 21
81 30
35 157
111 181
131 140
148 79
231 40
117 2
104 16
126 199
132 239
88 101
283 242
206 89
159 226
186 51
153 175
26 255
58 33
59 78
92 180
270 66
171 150
50 286
167 137
285 125
105 275
24 20
210 277
76 73
54 71
84 134
49 123
3 254
28 49
126 246
247 132
13 217
169 190
139 122
96 190
241 255
233 91
22 79
285 243
96 35
127 32
39 139
11 101
287 100
279 127
182 125
137 2
14 176
279 68
88 211
80 92
64 204
9 285
52 264
11 272
287 230
126 242
146 132
210 116
71 258
88 285
217 27
78 235
9 160
262 17
104 128
254 144
14 81
229 41
80 132
21 1
146 285
109 219
154 255
104 201
257 121
69 9
168 217
81 93
251 102
42 162
226 144
200 123
136 18
131 42
206 181
59 103
152 221
151 253
2 15
256 247
69 253
140 68
105 49
263 51
10 113
164 84
11 134
159 40
127 119
169 207
16 167
129 66
82 120
73 135
164 132
53 68
262 213
146 69
267 237
99 17
276 140
32 146
74 39
39 261
92 212
201 51
68 28
183 53
237 140
190 189
64 29
285 60
242 145
191 191
199 176
97 26
135 90
150 173
111 279
13 71
90 237
244 41
144 255
223 240
139 53
19 5
166 60
201 162
250 208
152 25
271 156
6 111
106 138
136 100
226 267
221 137
58 171
223 120
213 258
113 48
71 151
153 81
4 199
174 140
155 245
123 17
180 176
282 49
71 176
242 214
52 123
17 155
134 100
122 276
151 189
141 50
224 162
17 46
15 285
173 246
206 73
76 118
261 204
188 214
49 115
9 33
192 139
62 221
110 272
168 30
1 282
82 147
261 257
167 47
101 148
76 93
166 64
178 77
55 169
253 3
177 234
44 159
36 284
218 179
103 42
134 223
239 279
259 122
12 110
102 111
14 9
134 122
139 269
126 121
187 1
128 47
81 60
165 237
97 150
109 217
111 143
90 276
205 101
172 115
108 202
112 246
80 259
209 247
78 65
266 33
71 87
48 200
172 117
71 159
158 220
160 11
284 82
45 48
60 117
157 128
73 206
119 153
93 216
25 91
218 219
153 128
138 280
47 134
42 236
127 90
32 221
156 153
92 90
110 259
108 55
162 14
264 156
205 99
38 83
188 84
154 271
101 152
168 46
210 166
120 23
153 248
214 219
70 11
268 200
239 259
69 20
51 176
118 206
33 14
90 196
198 255
109 31
213 77
31 170
203 218
90 17
166 15
129 253
233 50
254 11
151 131
10 182
220 260
204 204
257 90
41 182
113 11
200 225
177 248
37 42
75 87
235 284
145 28
60 12
214 53
143 96
282 175
270 64
156 1
231 156
49 281
228 96
96 284
69 70
149 172
74 159
10 267
23 280
218 187
136 288
89 257
211 133
198 178
27 29
285 122
102 211
149 186
110 201
94 104
45 234
287 156
252 99
128 248
184 181
273 77
283 78
143 252
207 274
2 36
76 246
237 274
159 186
68 22
130 149
275 284
95 61
20 167
15 79
26 136
122 5
111 287
283 192
85 264
26 188
237 247
221 51
25 112
226 166
159 241
251 249
222 93
69 132
67 70
267 37
81 254
78 132
119 186
0 97
16 202
78 59
156 43
255 13
257 275
130 172
276 107
197 117
246 41
224 177
