100 268
211 233
94 79
100 248
211 53
27 171
223 159
261 255
105 117
33 7
182 131
55 64
163 171
101 14
66 128
25 130
86 52
224 43
77 206
163 198
27 282
43 48
5 81
123 25
51 140
64 158
263 49
182 3
267 64
207 263
274 140
223 115
258 215
257 170
140 250
47 87
82 236
119 79
4 215
62 27
280 104
179 263
262 23
95 165
231 126
268 40
78 140
283 18
257 221
285 155
71 40
224 118
185 54
265 233
138 99
5 276
128 168
36 208
244 145
55 266
123 49
215 71
228 149
167 95
241 87
153 272
194 91
213 0
237 263
3 284
258 176
220 62
138 206
147 172
19 183
93 48
26 138
22 115
140 215
184 200
75 157
110 27
12 35
218 191
145 224
232 232
36 11
237 257
82 187
109 9
241 129
6 152
207 194
31 11
165 132
55 104
65 230
218 93
79 195
80 50
198 173
89 87
210 54
103 132
180 130
128 246
118 87
165 44
52 47
117 24
92 139
108 260
133 151
248 284
216 288
223 196
270 230
120 182
48 181
194 167
32 143
198 24
92 79
235 246
186 241
135 93
166 11
21 56
286 280
116 95
38 93
101 187
247 7
71 137
58 96
92 121
172 145
12 68
61 89
180 3
265 30
43 279
31 99
74 92
247 13
245 7
29 70
0 142
83 119
127 62
267 170
49 98
53 65
231 228
89 194
285 159
223 13
148 253
285 77
272 283
168 83
15 140
18 214
116 173
263 45
24 269
78 261
17 261
83 121
149 118
111 235
159 102
7 20
133 281
252 157
43 149
92 18
72 208
274 17
251 286
120 288
176 284
101 110
115 286
37 185
139 213
117 65
105 109
25 278
260 186
275 113
41 218
229 229
175 49
272 195
39 52
194 165
239 41
94 120
139 210
97 161
150 157
181 187
268 51
118 173
200 50
188 208
237 282
76 252
20 235
119 249
141 91
55 140
68 225
177 176
26 162
160 256
284 280
164 136
249 82
246 106
221 14
167 127
236 82
96 219
250 200
67 216
247 196
12 72
82 169
278 269
256 112
221 17
216 126
102 238
58 37
42 20
202 35
169 44
110 158
185 144
176 180
124 173
129 104
88 232
11 264
117 129
32 168
218 74
62 1
121 154
287 158
24 95
7 134
183 67
95 270
261 202
212 34
222 24
146 159
113 15
23 23
104 230
152 173
192 181
160 215
110 154
179 283
183 105
95 118
219 72
125 96
164 238
112 71
273 181
197 248
228 165
139 66
12 70
27 263
275 106
278 226
166 168
279 267
230 14
38 44
173 114
171 191
195 90
157 65
171 75
273 190
225 38
116 67
141 120
104 107
283 209
117 286
187 217
70 196
34 206
85 230
235 273
249 11
111 117
136 221
103 44
184 218
55 278
160 91
1 95
256 66
57 199
168 208
138 143
79 49
13 223
192 49
270 103
17 222
62 93
4 40
283 149
281 176
242 49
112 183
142 245
70 104
182 101
0 164
104 206
160 36
247 74
55 82
78 3
280 191
3 227
19 205
90 215
42 129
84 158
45 17
57 104
243 147
71 96
255 113
39 219
8 85
165 95
168 58
272 242
71 202
63 289
260 247
79 230
166 62
31 46
246 197
54 238
18 194
170 229
25 171
50 102
22 200
230 188
18 74
24 127
43 34
74 153
207 204
200 121
19 32
35 131
193 73
268 136
197 201
271 191
282 239
128 91
74 55
187 104
279 200
41 171
286 241
24 80
183 51
56 201
236 110
21 63
149 154
48 132
189 80
3 13
237 106
179 108
283 194
285 99
244 266
168 104
204 96
10 75
176 217
197 164
241 21
153 222
113 144
134 162
146 202
4 235
51 112
106 203
134 256
168 106
280 288
203 270
54 32
43 163
233 149
93 64
13 37
88 105
254 105
278 49
70 278
260 277
21 73
44 89
56 123
261 37
248 233
279 131
52 74
259 258
50 92
40 113
288 19
57 88
35 58
139 112
261 119
104 190
25 236
275 131
255 192
33 122
58 122
289 232
47 33
66 229
88 239
234 230
265 7
264 175
182 19
269 270
32 207
166 66
101 281
117 240
249 269
169 147
198 200
243 26
67 185
143 66
61 94
214 33
205 146
141 15
88 174
160 155
146 109
114 99
31 81
229 44
246 222
186 256
92 116
57 140
168 117
202 55
105 262
210 29
24 120
157 273
231 42
243 66
129 126
96 181
114 71
86 232
5 18
26 280
69 112
218 25
28 33
131 200
221 209
184 71
180 278
125 27
22 55
194 215
73 86
262 98
37 131
242 6
205 276
233 257
7 146
129 6
241 253
99 100
174 76
278 64
285 150
185 184
195 237
172 177
94 212
110 176
258 25
228 58
47 204
211 83
254 111
228 85
128 197
140 22
240 6
189 95
261 49
121 286
242 80
266 157
158 187
124 188
110 275
140 57
192 64
263 154
144 226
100 287
41 70
59 211
59 134
74 59
283 14
257 135
27 69
137 289
215 284
11 197
110 106
193 14
113 69
230 81
204 230
28 130
127 187
10 279
274 30
121 73
192 191
152 103
185 103
33 200
80 199
289 65
70 200
111 217
50 253
15 224
249 42
100 149
205 92
235 66
75 4
103 125
102 242
203 103
206 130
120 105
151 85
229 4
70 250
142 53
287 270
56 136
281 230
161 261
12 22
268 164
235 199
225 122
167 43
116 204
24 61
32 226
119 197
73 88
248 212
211 258
131 256
19 173
90 229
145 198
59 12
90 190
170 117
208 49
267 228
192 241
76 207
162 196
159 189
124 35
177 23
106 238
268 15
267 234
250 173
160 59
142 43
10 111
209 194
172 31
235 131
286 123
228 98
168 125
203 189
62 113
201 244
223 194
101 69
148 12
210 214
194 279
58 242
21 117
224 132
41 272
127 175
75 230
115 16
62 161
83 61
41 53
114 124
119 155
73 191
166 125
103 69
106 60
278 162
12 108
254 272
75 273
73 239
22 6
28 66
129 199
172 104
119 286
237 27
249 102
186 208
166 204
37 269
63 167
92 283
282 259
83 155
49 183
36 184
207 93
70 256
144 109
57 82
186 249
128 66
184 146
199 269
179 16
32 8
81 85
89 280
89 260
31 228
99 26
17 118
263 160
96 88
39 174
133 265
266 31
274 104
238 277
259 256
4 69
189 9
243 255
272 219
94 28
192 276
230 38
142 37
109 1
56 288
234 184
184 248
150 76
55 221
264 52
89 241
38 11
74 113
67 262
150 64
181 22
52 245
90 169
38 168
231 163
189 126
34 257
154 243
250 157
215 82
26 234
227 56
95 44
42 191
167 138
87 19
49 5
246 38
188 150
268 272
45 41
70 175
210 129
254 190
12 185
198 110
106 240
208 51
61 208
286 47
99 141
97 176
202 61
248 34
2 264
134 86
228 231
60 7
105 111
289 184
84 53
44 176
28 147
205 10
71 259
66 14
112 171
228 281
98 106
155 240
67 117
202 129
222 228
246 161
104 113
186 7
31 44
47 234
19 133
285 210
76 9
213 189
226 177
160 28
166 134
10 85
26 126
34 26
98 127
30 256
129 210
215 221
1 228
151 208
250 183
272 281
250 51
197 86
164 172
275 139
54 63
196 88
63 208
241 103
153 162
164 234
72 9
262 47
157 69
20 207
166 190
273 215
244 133
46 206
126 132
245 25
222 219
134 286
140 5
181 90
23 155
34 155
12 287
101 72
273 196
46 226
92 40
238 233
88 252
1 224
60 4
283 125
155 208
240 50
276 117
285 87
189 273
195 86
148 251
200 184
207 150
144 94
89 230
288 129
190 22
226 120
86 205
277 130
121 242
209 141
160 30
121 7
205 26
4 15
127 117
84 284
199 123
6 225
144 257
59 198
209 279
14 269
89 24
94 271
266 119
239 215
145 253
70 95
185 126
106 179
0 87
148 26
97 128
84 219
249 244
177 31
278 157
153 7
285 254
105 252
88 180
274 84
268 226
281 254
107 191
275 163
190 33
168 90
5 3
105 278
87 272
12 285
283 61
214 111
189 130
197 288
183 17
158 2
93 151
280 71
120 116
252 5
5 149
158 152
55 39
121 223
55 286
24 189
5 248
229 130
241 147
187 9
134 239
165 282
35 122
188 11
163 18
111 145
168 219
87 259
69 116
119 237
153 116
243 9
23 225
132 182
19 29
57 23
177 143
116 202
215 45
255 76
62 287
219 193
199 131
11 21
157 8
117 227
81 196
56 206
110 174
121 143
184 127
251 156
223 181
191 229
181 167
188 277
126 233
122 224
180 232
90 89
190 151
99 72
91 8
259 139
182 200
166 13
127 60
130 245
230 85
129 63
254 147
284 217
110 167
219 181
224 241
181 202
255 224
104 60
75 95
137 210
282 192
112 273
101 213
56 19
211 0
238 264
231 7
26 62
221 130
86 282
83 73
213 15
182 157
17 52
282 200
36 288
2 61
173 119
246 284
179 249
9 264
1 267
245 12
118 116
168 249
14 22
211 155
141 129
12 93
54 240
4 170
251 159
4 17
39 13
173 252
235 275
228 83
38 9
187 206
249 19
219 150
65 213
92 68
231 276
163 163
186 49
287 94
233 238
182 215
175 46
70 139
181 30
170 262
152 75
81 122
230 259
155 102
235 162
198 175
11 199
85 20
142 93
253 240
157 189
275 24
261 233
145 111
47 66
112 90
174 61
40 84
29 81
119 276
118 219
122 55
213 132
67 148
92 21
270 283
228 37
101 83
3 142
42 233
156 256
228 210
200 242
221 134
151 109
176 32
63 80
139 237
54 151
257 11
22 51
63 189
253 185
263 257
99 30
10 8
201 59
15 70
9 100
125 99
136 76
62 11
53 126
9 187
37 195
108 43
273 144
34 64
193 205
17 212
240 257
61 98
268 230
140 132
225 4
222 139
255 151
17 259
193 211
16 82
153 68
87 137
39 137
252 53
137 92
50 142
139 50
110 199
112 115
245 75
184 107
220 51
166 106
161 27
197 272
102 287
219 103
54 264
125 90
239 88
38 143
193 199
248 114
28 233
223 85
243 129
39 132
284 79
196 174
52 20
49 280
29 100
269 173
173 270
267 41
29 165
281 164
231 184
63 76
287 163
11 270
257 227
217 75
108 61
223 15
213 233
241 24
205 226
83 144
42 47
285 37
100 205
166 276
60 85
72 210
211 278
219 161
268 67
134 71
222 253
60 90
72 112
177 250
262 4
268 86
264 283
117 108
146 83
240 19
264 231
121 141
224 258
281 28
141 168
121 145
167 152
202 28
102 205
54 19
54 105
214 269
145 271
167 205
183 103
6 170
143 275
137 237
90 201
15 143
102 150
119 128
248 89
55 17
273 34
13 179
152 5
77 89
91 160
163 3
53 141
11 144
262 96
122 273
273 158
153 147
247 255
271 275
124 8
5 274
78 218
29 148
132 7
53 70
217 108
23 21
221 88
36 280
42 180
58 14
267 49
243 24
211 55
154 274
277 260
181 17
123 146
117 157
252 30
269 115
148 257
30 19
224 19
112 33
35 284
202 99
95 95
63 78
43 104
65 55
131 283
2 226
231 33
152 130
47 48
175 266
124 187
106 55
20 104
188 138
114 85
237 183
145 269
164 59
16 9
175 196
275 55
178 166
222 174
175 86
108 274
181 64
261 263
280 108
253 28
21 36
181 250
73 141
139 1
79 131
206 8
104 14
247 235
180 178
203 38
36 258
265 45
12 181
195 149
171 205
277 270
251 175
6 246
85 72
180 18
203 138
288 271
286 42
113 35
103 17
202 160
179 24
183 186
72 150
210 52
139 125
79 57
52 247
78 16
45 220
148 88
159 32
243 11
50 63
221 205
176 227
61 167
14 232
26 121
98 146
61 48
29 139
76 72
230 281
12 127
7 160
231 230
169 10
71 198
184 288
46 281
145 47
179 155
12 9
95 6
276 158
60 245
127 166
94 16
133 231
34 102
288 152
96 27
194 171
81 131
67 38
175 127
89 253
272 46
155 65
115 47
130 280
152 14
158 222
42 102
22 74
271 196
6 182
128 74
174 57
156 41
289 121
202 203
283 171
284 213
220 286
237 169
11 6
188 250
34 201
60 138
236 53
120 0
87 144
266 161
53 165
127 250
38 271
14 201
269 138
127 126
125 234
276 95
119 175
17 152
231 70
136 219
125 118
167 99
226 98
182 238
28 241
136 140
258 62
105 226
134 185
253 287
78 99
167 34
206 94
134 134
135 84
40 102
282 202
185 154
154 236
89 100
275 19
269 55
245 77
80 129
39 224
208 129
117 250
121 25
67 130
47 116
285 51
178 192
269 105
267 117
113 197
74 151
105 53
257 119
250 96
154 24
34 56
65 218
111 151
82 285
90 138
16 286
195 26
26 25
244 5
274 259
99 266
97 33
167 191
248 103
7 136
30 9
185 1
66 100
256 261
95 260
43 86
210 231
166 280
5 79
77 181
51 177
7 227
41 185
234 221
12 24
19 223
26 145
137 268
271 217
258 2
153 208
8 209
167 123
141 89
60 221
179 35
157 144
123 157
11 140
199 4
67 232
185 280
250 232
243 268
248 23
111 227
252 179
5 36
86 275
212 260
220 53
138 128
212 134
274 151
210 264
167 247
91 152
139 6
59 164
124 24
208 202
55 244
44 36
97 72
93 20
181 279
27 193
95 42
140 44
134 53
183 29
139 217
77 14
94 51
59 76
254 80
200 266
219 55
141 252
232 109
238 168
158 37
22 152
80 13
256 259
266 94
263 28
46 43
160 48
48 15
139 55
47 124
284 184
9 143
174 177
158 74
116 189
136 152
21 65
228 132
3 184
111 219
112 50
150 114
211 197
36 49
115 271
287 60
248 21
178 129
279 125
193 201
214 146
241 101
71 4
67 58
220 94
44 277
246 127
138 270
220 273
286 49
109 54
64 141
178 6
221 195
287 181
263 201
43 272
275 99
215 69
154 276
61 271
170 152
286 283
80 223
49 100
276 109
254 186
167 164
132 149
171 184
90 21
13 198
170 270
206 103
154 199
239 204
81 48
143 169
255 51
121 156
152 98
287 193
262 106
56 33
85 80
5 53
26 83
273 82
152 65
34 30
162 133
289 162
235 49
222 7
232 10
173 116
112 203
9 98
25 81
119 130
109 168
201 105
223 5
125 6
239 211
242 127
233 259
25 118
138 167
78 129
79 205
16 235
270 89
89 9
117 167
276 17
24 271
43 223
117 15
269 128
70 234
33 16
65 77
197 253
114 24
101 43
12 268
38 207
91 171
236 58
178 229
118 159
183 287
4 58
200 286
144 70
249 255
187 154
227 143
195 45
209 273
0 67
41 140
44 241
230 245
58 207
194 191
101 203
30 254
270 34
128 76
165 174
80 96
275 2
238 18
0 230
41 90
118 23
288 283
47 100
250 206
226 37
79 254
69 114
64 257
84 165
275 57
271 115
125 255
14 203
217 221
166 58
267 82
58 90
266 36
200 36
213 155
93 161
3 67
142 215
96 163
23 25
42 222
17 3
170 97
154 201
128 138
70 135
224 179
41 165
5 90
100 241
42 85
248 253
142 256
184 165
250 132
203 258
168 203
40 163
167 49
201 48
240 17
49 192
210 135
262 143
204 173
245 36
110 289
125 52
181 92
249 235
54 208
205 38
3 81
67 144
183 139
185 217
283 254
131 134
7 103
82 165
45 148
84 94
273 19
147 107
175 235
222 91
286 81
241 11
19 73
30 229
176 164
99 269
153 145
269 63
249 155
201 264
79 156
163 206
142 118
179 29
136 186
170 104
46 133
16 210
274 165
243 239
95 286
236 151
72 39
155 32
273 106
22 270
233 92
194 187
219 27
147 239
178 3
196 162
85 50
228 147
246 213
10 96
42 256
185 142
40 184
51 235
154 154
234 240
219 243
104 67
146 204
265 211
117 93
222 106
60 268
13 286
23 259
159 163
115 152
275 221
138 235
56 138
70 68
180 285
153 198
109 184
218 76
212 117
103 143
172 141
16 177
85 39
268 277
134 145
5 224
250 113
239 177
3 37
51 65
34 124
132 256
186 10
214 212
46 62
200 267
226 164
161 273
107 213
189 82
222 57
154 170
242 270
12 102
109 262
215 57
90 122
158 129
204 157
256 9
262 19
235 23
236 69
15 45
239 26
174 72
1 233
250 242
108 137
134 241
282 245
246 34
80 119
94 149
246 257
252 166
278 66
0 281
119 178
216 219
258 213
31 268
162 29
213 276
76 85
37 85
185 67
262 120
155 54
64 171
43 45
272 33
23 53
102 269
218 29
239 154
277 126
209 177
261 265
125 58
175 1
168 243
239 240
266 60
133 157
200 250
90 203
36 1
171 86
117 97
63 57
165 33
223 157
258 87
79 61
79 233
47 50
38 176
110 23
28 267
103 277
229 39
254 218
271 105
23 105
57 77
72 84
267 255
228 141
199 116
262 15
283 95
63 160
113 9
142 32
251 181
58 138
21 106
77 254
87 206
154 158
68 13
9 247
283 93
236 198
268 13
207 165
67 49
245 274
59 222
169 151
172 174
256 282
62 174
274 157
55 155
208 195
255 245
122 32
82 14
159 9
251 108
151 144
104 221
148 31
157 89
66 47
281 17
41 8
136 64
79 103
192 187
231 186
256 186
1 12
142 87
21 246
132 223
65 211
18 257
74 38
263 266
210 168
151 81
247 245
63 49
85 84
16 56
224 69
233 154
198 252
258 56
52 40
260 40
250 166
113 92
109 227
133 171
21 164
195 202
150 66
90 283
266 163
245 55
137 182
2 216
91 181
165 241
138 114
14 185
113 287
189 67
56 208
32 216
67 236
150 254
61 96
98 220
152 224
17 249
193 242
193 275
199 80
1 45
278 155
90 234
24 247
190 71
201 10
21 225
173 35
133 85
149 94
52 253
222 223
216 212
14 267
227 26
266 66
153 278
238 138
15 11
22 104
64 46
57 29
268 53
168 50
56 151
218 239
94 35
183 109
227 112
131 147
171 20
75 89
79 19
154 56
104 55
101 12
234 201
208 9
178 42
16 233
225 26
54 171
103 285
229 113
101 144
245 49
216 65
120 118
264 158
49 113
248 223
85 70
284 126
29 289
206 50
38 163
106 128
112 288
143 16
189 73
266 278
244 196
207 3
34 32
181 287
164 256
209 262
202 287
283 215
265 263
184 169
179 279
193 44
236 159
218 196
1 173
273 3
188 49
90 113
104 137
118 77
153 58
216 43
99 246
161 52
62 247
265 64
23 113
89 98
72 60
124 37
211 157
72 129
183 249
26 19
222 226
249 54
264 71
25 68
2 175
36 196
204 148
222 89
137 24
51 226
75 242
251 245
157 33
63 273
192 75
205 240
224 268
180 139
92 92
173 220
114 22
270 240
13 54
110 260
152 87
7 33
83 71
73 241
90 252
261 195
101 91
105 57
134 37
4 38
176 243
2 229
77 2
44 227
122 287
187 240
202 254
284 142
82 259
164 215
251 140
44 43
3 39
251 83
206 246
23 4
231 207
136 215
97 3
61 79
130 90
151 217
251 81
256 55
199 227
31 165
47 122
253 283
150 95
22 89
25 16
103 174
134 220
19 276
46 243
159 83
26 48
66 177
179 220
265 81
152 114
54 268
36 9
19 249
165 16
113 181
56 16
120 172
97 266
92 162
255 145
221 12
148 255
142 167
142 109
64 103
73 118
257 231
114 94
91 246
190 61
269 275
64 11
277 3
277 23
87 122
154 66
69 24
60 30
243 7
88 229
6 16
37 238
228 10
96 268
135 230
226 25
179 269
157 109
223 161
57 39
14 56
135 7
205 58
267 44
214 66
74 134
58 186
56 106
235 238
224 72
6 212
220 107
239 75
113 13
237 173
29 194
220 282
188 226
130 123
98 34
276 225
97 45
2 246
125 26
155 142
19 100
230 45
111 179
145 282
257 114
106 190
257 123
219 148
288 131
259 97
208 7
65 57
283 109
37 157
182 138
225 96
59 97
13 48
244 184
16 181
18 45
57 256
42 43
155 44
160 258
81 186
6 272
205 248
4 226
94 249
55 197
152 254
275 154
284 25
47 202
241 8
39 40
227 167
89 197
156 242
124 115
267 172
182 176
154 280
96 213
254 86
147 157
159 262
136 83
50 20
24 63
31 142
175 59
47 98
285 64
163 227
178 81
99 32
103 135
120 187
19 212
47 148
247 55
178 89
139 92
97 104
69 264
229 72
161 227
5 220
9 280
234 88
146 27
185 65
110 43
114 198
63 172
231 209
107 41
1 128
92 277
276 238
74 94
258 68
41 14
35 28
89 278
241 243
265 255
93 44
173 238
125 168
186 13
37 53
275 44
80 157
163 279
250 84
170 33
69 236
88 63
136 269
184 46
96 117
47 244
136 53
38 197
10 66
199 221
236 226
254 216
235 97
178 125
137 47
231 167
196 251
270 36
46 159
77 269
53 254
11 245
226 243
153 246
66 67
126 202
237 212
255 273
73 53
256 68
98 74
135 217
115 196
75 77
148 201
97 65
246 102
62 85
126 101
91 150
63 162
201 80
253 176
58 197
13 128
25 24
115 12
8 110
172 151
277 195
86 228
61 9
56 100
144 228
190 50
194 213
236 89
271 189
178 33
5 236
158 119
3 282
165 4
212 245
3 244
276 70
253 178
166 101
138 188
223 175
163 185
121 262
252 281
162 11
147 287
269 234
215 286
199 162
204 217
275 80
218 163
228 151
160 187
145 43
173 147
254 251
58 148
252 144
277 58
126 212
172 160
15 222
222 272
246 100
33 81
136 143
263 197
129 48
207 13
111 149
1 177
225 12
44 78
149 24
226 35
135 160
10 243
229 111
16 195
139 58
180 221
253 31
83 218
242 41
125 269
105 165
76 0
132 287
196 212
182 21
117 81
288 42
179 202
98 36
264 128
246 114
117 26
43 74
202 68
51 222
64 232
82 148
112 23
120 259
147 265
243 151
94 258
173 192
249 230
149 241
67 119
223 134
92 189
177 79
142 57
111 215
97 249
142 176
42 127
228 128
102 94
36 193
283 188
119 93
275 124
90 96
257 245
110 33
62 91
193 161
282 187
203 162
154 206
74 178
248 87
260 178
100 211
30 225
205 137
214 231
2 88
118 221
196 170
143 247
247 76
76 59
123 7
143 18
229 155
218 247
123 33
132 19
18 232
7 88
117 179
234 99
141 47
187 53
89 153
7 150
106 15
182 166
127 51
277 234
19 64
160 242
107 188
234 160
81 28
230 83
159 34
249 68
248 190
185 16
84 22
50 285
263 173
283 40
78 1
168 66
124 31
203 84
156 129
285 157
190 207
199 137
142 277
217 97
189 128
66 140
257 257
197 246
235 59
54 123
69 49
250 261
150 25
124 134
2 254
242 37
175 241
40 208
59 88
134 22
13 142
126 197
87 243
206 148
276 165
108 177
184 55
18 172
105 59
187 109
163 240
121 147
190 63
270 158
52 224
98 211
167 45
155 273
177 127
136 206
237 104
147 282
267 87
136 30
128 208
123 136
63 165
251 95
196 278
189 53
68 60
175 69
171 119
251 3
103 58
218 6
274 243
65 75
3 59
5 134
113 271
171 176
118 118
197 224
224 25
211 216
269 91
142 174
260 165
50 132
1 168
137 217
201 102
202 82
54 184
277 193
54 252
221 149
49 134
118 4
285 75
100 239
79 263
45 85
282 1
108 229
182 31
125 265
178 157
235 195
5 172
277 51
196 28
236 171
191 129
255 149
235 180
226 221
12 266
212 204
46 102
202 220
224 252
40 17
243 50
95 196
58 5
92 49
149 29
69 39
92 215
149 156
29 231
64 26
39 210
91 110
186 15
152 96
111 183
101 96
188 36
12 135
148 237
144 92
262 156
248 105
269 150
127 103
258 186
112 147
113 218
232 240
269 254
49 65
178 164
234 109
219 259
36 109
119 170
27 151
136 183
34 66
169 8
156 244
203 277
150 15
55 13
68 128
246 204
88 204
126 123
43 120
116 243
205 176
134 222
134 279
156 187
179 267
280 12
54 136
193 237
179 218
278 165
148 116
75 250
256 17
217 207
47 60
173 248
8 285
35 220
264 216
82 110
75 103
197 105
247 157
92 149
133 75
54 107
275 196
72 283
229 153
251 116
165 140
228 246
125 33
232 202
172 186
210 219
5 34
65 144
9 189
259 115
66 2
246 21
238 54
38 247
81 235
3 99
101 131
154 174
73 3
258 23
20 90
211 276
206 196
178 25
54 96
185 52
167 150
45 235
246 23
222 135
60 145
90 176
205 251
210 260
210 246
156 107
72 193
267 211
62 206
36 180
27 132
200 206
198 287
62 29
287 154
240 241
246 270
251 243
280 0
86 5
29 238
138 23
283 88
243 119
123 262
250 224
60 101
246 104
240 217
111 119
212 270
154 42
159 52
189 149
149 252
6 132
24 83
113 97
85 154
103 110
38 257
142 68
69 186
126 244
257 233
82 54
25 195
264 210
81 194
249 210
218 105
245 255
174 145
57 4
264 8
253 169
89 111
112 82
259 14
252 104
261 41
11 281
289 140
193 138
12 195
141 55
53 169
14 217
202 113
159 228
288 196
139 33
252 79
76 248
153 54
251 188
148 191
64 66
254 52
110 152
194 105
48 158
269 76
31 220
251 57
142 95
217 229
198 271
156 238
146 112
76 116
27 81
281 51
86 21
198 214
163 67
46 157
199 64
101 128
220 284
135 225
104 274
160 159
28 31
137 17
56 56
22 38
14 18
282 82
185 91
93 102
10 139
69 217
85 31
192 51
283 151
12 34
210 56
43 178
44 162
166 121
69 284
224 140
37 112
102 191
149 193
135 55
208 29
144 202
231 278
126 85
247 137
199 223
48 195
70 38
128 69
272 271
280 166
273 116
169 48
99 249
263 126
99 175
244 101
271 253
226 225
234 158
77 128
207 41
192 233
184 252
7 52
119 2
81 250
242 202
191 127
170 260
203 101
235 282
101 146
69 198
161 8
125 59
148 158
166 202
254 5
250 142
170 121
255 275
143 59
268 238
88 96
179 87
205 194
10 128
258 133
217 245
203 41
135 264
30 79
20 181
127 173
169 199
222 132
219 267
204 68
124 85
135 5
103 86
3 127
274 32
86 124
104 241
79 121
233 111
20 102
281 149
97 245
0 120
70 237
143 55
69 31
193 149
98 178
137 224
164 277
202 139
280 201
284 259
135 147
3 11
275 4
199 164
220 75
115 97
47 21
61 188
191 81
61 213
128 133
74 176
113 275
6 156
92 119
163 174
64 59
88 214
232 128
1 195
23 248
58 11
180 102
70 193
3 180
14 219
249 159
238 208
38 166
156 155
145 49
17 120
238 159
44 147
242 47
94 114
167 26
45 170
208 281
23 111
12 4
265 62
43 30
255 122
4 133
285 19
40 10
99 15
41 2
149 218
210 179
43 269
84 147
279 173
236 230
284 84
260 143
123 15
47 13
173 266
287 143
19 12
239 20
98 247
206 6
132 221
21 234
187 259
107 50
109 40
2 17
246 159
262 245
213 35
26 23
134 74
229 145
49 49
30 146
105 127
12 42
152 8
5 56
158 230
10 286
284 31
16 193
201 23
158 107
129 50
186 218
194 28
19 203
260 133
151 116
24 114
48 12
234 67
27 163
3 55
206 217
274 237
277 172
129 102
202 90
116 245
39 91
3 52
264 208
44 38
286 142
130 141
144 60
67 254
270 13
61 285
277 164
268 119
244 127
80 110
194 17
217 44
69 35
37 81
237 272
164 147
238 37
124 14
128 106
93 53
109 41
102 127
177 220
126 31
165 280
238 238
55 254
137 141
168 201
63 283
127 49
246 224
103 140
179 124
27 67
55 66
22 279
150 188
272 198
85 280
107 155
284 53
202 242
266 185
163 16
150 200
160 115
248 130
176 84
140 151
239 247
95 65
155 128
161 182
110 120
258 247
107 134
124 215
118 199
258 130
146 122
174 34
237 136
217 64
237 71
168 32
140 166
153 270
161 280
25 41
258 66
186 215
227 133
282 32
242 100
248 277
218 185
215 67
215 64
6 285
41 138
74 165
70 129
225 41
288 242
34 279
278 102
7 253
98 102
184 14
122 172
253 78
206 75
119 168
269 38
97 209
51 190
158 215
94 46
185 202
120 76
258 229
168 101
198 28
4 255
241 166
13 131
198 82
153 105
98 213
119 24
285 94
242 218
272 65
187 94
83 83
276 236
209 118
16 80
221 172
214 191
66 266
38 236
207 178
200 201
94 163
224 52
230 231
53 221
171 148
239 102
29 268
275 280
36 101
212 125
202 266
35 269
174 194
257 278
261 14
286 18
108 172
125 174
83 56
192 29
49 117
15 191
244 172
245 116
257 223
27 195
192 163
161 171
89 246
115 84
93 39
188 153
136 20
282 25
124 201
259 245
71 30
68 29
125 232
135 141
287 28
77 273
239 166
55 134
281 228
28 280
6 222
288 201
102 230
281 69
44 256
176 145
66 234
44 232
30 31
121 217
66 212
236 286
271 75
219 209
53 251
1 1
6 270
213 130
30 169
116 35
170 180
275 82
17 20
96 98
1 203
212 96
165 208
235 111
32 224
182 68
213 256
124 56
191 52
243 4
180 200
127 76
13 11
264 120
207 5
161 6
129 140
67 218
56 264
124 40
159 260
9 134
77 204
181 103
263 6
138 151
150 120
75 57
152 239
249 94
202 183
119 239
66 175
237 25
246 267
195 200
247 269
151 186
240 126
99 289
197 177
89 104
100 95
11 187
0 199
252 168
114 204
122 187
165 28
118 139
63 55
252 106
37 110
62 202
213 118
257 70
262 188
259 203
212 288
32 166
264 214
239 84
210 140
149 20
11 98
205 150
115 92
73 278
132 14
113 149
43 171
97 97
26 257
117 244
45 209
121 225
17 284
100 207
191 264
71 277
123 138
4 264
152 276
101 45
188 113
206 205
139 142
73 76
213 286
69 269
262 27
172 76
273 274
107 227
144 192
198 202
37 198
59 224
174 264
84 236
205 273
174 182
19 179
96 7
107 132
173 50
216 145
111 122
289 269
123 155
287 140
45 35
6 31
43 245
89 7
205 218
97 174
55 202
288 167
285 140
223 172
105 73
226 150
23 243
64 255
238 261
146 255
173 176
38 135
220 269
148 111
174 209
275 23
88 261
73 78
251 43
50 264
200 139
240 141
208 104
236 55
268 33
131 5
136 271
164 134
83 42
229 13
92 29
114 202
237 60
41 21
276 282
171 211
133 110
198 180
38 205
11 169
43 174
140 60
135 35
255 283
41 258
169 245
73 102
234 124
99 11
208 167
214 2
19 3
199 54
255 102
251 133
226 141
83 40
41 174
67 11
213 127
150 68
135 232
168 97
204 82
95 72
96 29
80 249
59 39
198 2
206 28
147 130
147 71
128 165
53 113
200 34
287 75
111 35
233 200
191 111
252 186
190 275
227 100
171 237
284 62
181 264
196 91
225 112
238 69
73 276
8 158
162 212
164 14
177 240
249 76
134 17
168 189
281 203
164 69
50 51
191 73
216 91
56 153
149 81
265 74
30 208
38 209
152 142
112 236
279 70
104 256
288 64
175 249
103 73
88 223
235 71
130 44
81 137
9 147
277 174
252 85
98 182
125 172
140 211
213 210
149 190
204 74
137 7
278 106
132 121
56 68
37 259
151 265
118 131
197 115
141 217
204 175
100 34
205 165
167 200
181 268
130 138
256 217
265 155
3 236
159 89
214 163
118 194
93 166
269 154
237 194
206 241
239 243
67 36
60 92
18 177
162 51
24 97
97 217
283 76
52 278
246 64
89 109
142 23
274 198
178 110
78 179
60 187
154 210
33 96
217 120
182 288
287 86
6 267
131 230
108 239
124 289
212 2
26 248
15 165
60 247
71 232
59 166
261 46
21 111
106 255
146 192
32 172
159 217
238 73
25 28
210 280
195 247
119 43
24 257
253 56
169 92
119 226
151 210
216 248
64 267
72 116
46 197
40 234
220 240
182 183
20 74
46 64
182 281
255 176
99 260
19 117
125 117
102 33
257 188
266 129
1 179
163 27
210 20
19 53
212 191
174 281
128 279
32 266
257 239
28 174
53 115
28 167
6 82
73 158
40 72
187 242
273 153
113 216
166 30
241 259
266 9
272 21
110 266
204 104
285 109
36 163
60 243
202 173
114 195
53 167
42 119
98 271
270 163
262 21
143 120
186 251
0 219
11 32
192 227
21 288
114 285
195 0
69 188
28 172
78 165
71 279
232 49
141 247
68 142
73 253
269 140
161 185
264 73
68 26
173 149
158 224
19 164
101 135
151 269
272 240
83 281
267 148
171 11
181 283
238 229
13 26
76 41
82 52
24 40
223 38
226 43
93 72
221 182
83 123
135 181
162 91
251 41
128 43
184 193
220 258
225 266
4 196
145 229
75 269
0 118
46 200
239 151
102 172
135 188
77 142
175 166
184 48
263 233
215 204
278 272
144 273
54 182
130 198
78 64
176 125
47 208
117 248
22 34
229 168
120 215
90 243
101 27
208 264
3 173
215 127
195 245
43 40
42 18
204 102
154 130
213 273
143 111
33 34
72 94
167 174
151 267
237 154
223 122
271 117
285 230
71 10
48 281
0 166
276 84
191 231
105 188
216 164
32 218
118 288
246 27
157 105
119 138
195 235
266 176
128 212
189 110
180 266
213 193
85 272
14 24
120 4
67 227
93 287
247 198
283 230
100 147
52 238
203 43
193 151
154 1
29 240
196 233
73 57
196 70
185 220
102 248
223 42
29 133
219 230
213 157
60 119
106 136
2 101
286 98
196 190
41 149
100 231
90 108
206 174
62 170
188 265
247 192
195 69
94 179
87 274
245 63
117 210
259 127
256 238
125 251
98 79
179 79
82 167
177 91
2 256
129 174
18 207
140 117
220 105
250 104
231 5
287 66
260 38
29 152
36 114
251 45
68 67
12 50
67 51
91 19
66 112
286 107
127 99
5 283
212 219
255 271
138 211
207 138
32 159
193 231
50 124
133 229
124 159
23 221
279 270
248 206
64 53
1 19
187 273
175 51
279 234
30 101
166 84
286 132
168 167
29 68
78 158
203 70
40 187
64 174
161 225
81 55
224 40
53 286
273 280
148 285
266 209
235 25
100 179
138 215
144 250
48 64
36 278
277 132
74 85
56 40
174 244
214 117
53 243
153 266
28 63
225 76
58 202
182 128
104 210
248 225
152 237
251 100
73 166
279 225
112 84
76 134
126 105
12 241
192 18
158 91
258 143
113 73
224 223
201 12
168 259
70 8
112 88
42 144
5 88
82 33
288 48
63 178
34 115
206 18
196 196
210 181
100 133
143 199
98 88
41 100
190 11
24 197
223 23
199 49
212 161
152 79
243 121
235 232
31 257
54 21
73 280
136 278
281 226
111 264
194 71
221 86
169 95
178 20
131 243
288 95
227 54
236 248
94 97
96 211
59 171
166 146
243 253
87 266
199 62
75 75
39 259
11 189
68 175
120 41
127 96
11 142
169 205
217 180
149 27
75 240
104 139
102 133
271 193
60 32
49 283
165 148
89 282
267 5
237 214
281 8
61 185
98 191
27 288
78 201
91 94
279 10
287 215
261 179
5 181
187 127
169 73
257 131
156 140
180 33
270 218
212 195
203 275
108 106
188 62
173 250
135 24
280 92
194 240
72 55
179 162
71 141
148 14
190 83
19 112
6 158
106 105
239 104
282 131
256 88
203 159
174 168
241 237
177 116
192 33
219 96
34 168
48 91
211 177
219 14
207 147
269 285
148 220
203 164
100 81
15 155
1 185
23 93
205 228
137 213
208 17
194 283
138 191
41 74
149 283
91 179
108 115
158 30
118 284
129 134
187 141
81 72
64 127
136 173
276 242
264 200
89 60
58 200
167 102
80 164
258 89
147 95
275 152
74 9
125 16
98 160
5 115
75 70
199 23
227 3
259 267
63 210
89 192
100 237
7 116
226 241
45 191
67 153
123 270
194 233
236 220
201 211
177 196
100 164
190 37
288 194
116 131
169 108
194 189
78 90
13 233
249 128
78 62
177 238
216 187
200 60
90 23
277 15
28 47
235 186
289 180
222 36
30 136
117 127
119 213
69 201
22 256
201 238
287 121
176 286
225 219
122 62
7 224
264 97
48 267
122 215
257 145
137 62
2 97
95 106
65 48
163 60
245 10
36 218
143 254
21 202
99 44
19 270
268 89
255 278
223 71
16 251
123 27
233 23
82 50
227 245
243 185
152 170
199 104
168 165
72 162
233 71
13 144
256 29
165 130
281 257
62 243
184 250
127 248
3 171
189 112
136 235
96 78
2 83
252 261
127 256
220 139
43 185
247 92
25 245
256 280
1 99
255 168
161 61
21 248
102 13
100 93
36 124
274 180
168 16
188 115
100 151
252 199
85 122
285 106
155 252
274 167
95 33
115 69
91 66
30 7
62 126
179 46
249 286
225 100
98 28
206 250
146 284
282 269
117 217
74 201
237 119
150 13
217 71
28 128
213 176
9 145
241 120
146 267
124 171
31 70
201 270
1 126
224 57
208 181
154 103
17 154
194 169
198 124
101 85
202 21
274 142
141 178
102 15
63 9
124 161
27 191
276 223
220 163
78 13
204 61
176 141
143 48
188 98
235 213
5 269
218 62
52 63
6 214
211 115
26 167
206 89
87 156
131 285
189 51
190 35
17 81
253 145
93 164
149 133
186 152
6 255
185 124
45 268
242 91
185 9
103 226
177 93
196 172
249 36
208 75
159 254
33 157
38 245
198 121
145 16
184 237
241 239
222 274
229 143
267 106
172 33
278 258
140 153
283 16
103 228
99 162
57 240
167 207
247 210
195 273
197 26
268 286
56 220
56 2
63 87
144 135
9 253
277 143
94 116
195 198
96 120
73 205
141 97
232 260
209 138
129 257
152 200
229 57
30 56
168 81
133 38
114 49
259 0
109 150
214 247
287 179
132 199
218 95
167 92
270 165
102 209
140 219
232 89
200 96
206 105
151 146
29 46
19 272
101 89
283 252
157 146
126 68
48 160
124 105
131 171
95 266
120 180
174 218
137 51
86 284
53 38
71 23
70 265
138 110
219 211
108 166
246 211
56 11
106 229
109 25
112 123
82 252
272 104
266 207
98 81
66 59
35 34
122 38
225 158
265 127
75 142
35 47
257 225
246 276
66 114
108 170
268 162
109 133
64 1
0 105
287 105
237 204
85 143
171 182
237 216
222 63
183 198
233 66
70 6
3 200
99 282
207 272
38 102
283 29
267 225
228 279
7 148
13 168
15 153
263 108
138 31
143 282
276 257
31 106
283 204
139 279
11 180
55 97
127 83
17 274
168 261
37 95
221 109
69 27
215 76
258 282
109 165
188 100
133 102
245 29
123 113
267 45
33 58
139 181
138 3
231 169
28 256
41 189
280 102
212 79
112 99
109 36
203 187
246 90
95 4
45 121
26 64
4 267
277 124
1 284
101 289
162 59
52 18
52 157
253 41
235 287
223 55
24 51
78 119
250 106
15 212
107 215
128 277
234 225
89 274
23 288
47 95
125 213
82 82
137 155
236 184
22 203
51 255
268 260
64 269
129 241
200 288
73 111
178 200
107 108
184 215
238 255
194 281
217 178
243 203
118 75
89 235
85 41
236 209
111 42
67 230
193 244
41 209
26 150
29 163
219 195
18 234
169 247
200 112
51 116
60 207
45 91
150 107
77 230
108 104
98 268
190 160
279 15
210 275
56 58
94 70
287 84
162 131
256 213
276 21
111 10
36 271
224 7
91 244
41 41
123 52
97 95
7 274
125 263
81 32
188 285
283 27
10 83
8 83
1 231
204 153
57 102
272 238
37 58
141 131
80 197
225 59
188 252
203 222
144 248
238 16
148 83
62 269
139 115
47 118
237 76
116 219
95 198
159 117
115 206
183 23
270 238
89 65
104 219
23 118
287 160
105 130
278 224
165 127
51 99
147 81
68 268
108 119
199 108
160 120
147 241
18 102
277 154
100 87
80 166
224 63
3 79
190 266
140 42
98 207
279 7
64 51
199 114
223 206
97 100
233 25
161 32
260 16
30 266
225 56
266 52
167 10
141 170
172 207
177 45
4 245
212 18
69 232
264 99
173 143
193 31
112 27
27 149
167 108
105 232
234 48
82 247
132 37
245 186
11 84
205 155
199 158
123 144
151 6
115 82
109 49
132 73
270 16
0 216
155 247
18 166
214 161
9 232
126 164
256 53
114 269
209 175
26 17
191 211
239 137
263 259
245 203
209 239
2 218
53 204
62 187
224 173
110 55
235 122
72 281
161 254
7 248
166 278
146 251
106 257
175 44
19 209
32 79
0 197
153 220
43 169
188 47
247 194
265 160
213 115
112 193
247 128
212 113
213 82
214 288
152 177
248 231
274 78
34 60
160 153
238 248
67 106
96 126
242 102
19 274
18 121
167 238
52 228
170 31
235 271
61 165
99 96
28 87
207 71
198 35
277 255
11 234
243 48
45 117
219 207
213 159
204 130
60 116
5 183
190 261
130 247
42 142
222 204
212 231
137 147
95 215
83 58
208 116
185 93
121 119
96 192
77 20
4 157
152 56
64 101
227 41
273 213
249 134
99 69
279 5
126 8
261 200
275 255
123 264
20 184
136 22
158 41
240 52
281 6
99 216
46 146
180 110
156 103
106 107
244 131
74 209
149 216
271 102
41 121
6 216
248 271
96 147
53 42
195 151
161 161
285 193
107 165
281 73
109 34
247 155
216 147
233 156
281 252
15 118
190 257
274 241
276 49
173 185
41 31
73 5
21 53
74 248
18 236
8 246
63 214
158 137
168 12
249 115
219 241
177 231
280 232
56 239
148 182
246 173
1 104
118 183
82 219
6 50
80 63
25 287
66 268
35 200
114 273
72 189
94 18
71 285
214 208
187 66
150 237
69 276
169 68
41 104
206 136
245 195
228 81
82 133
8 140
26 27
7 276
57 222
3 214
156 1
83 85
117 83
61 103
275 111
55 172
61 288
161 163
246 272
78 271
235 120
55 42
160 224
45 61
71 252
65 272
250 98
110 83
122 116
82 283
139 267
2 130
253 149
25 282
96 80
126 188
264 95
128 64
160 157
101 18
211 273
40 129
257 177
107 39
227 72
114 83
43 258
194 159
270 32
256 86
179 234
177 49
99 188
139 130
36 155
121 248
239 155
4 61
46 97
40 136
82 22
53 44
228 244
102 3
40 288
205 40
17 123
190 99
201 228
217 205
161 276
208 53
255 222
206 192
175 239
175 285
177 88
110 178
16 282
7 184
99 242
188 96
92 176
37 28
15 159
244 176
156 34
95 194
116 182
6 210
119 109
126 62
159 7
228 17
69 137
284 244
271 269
257 283
277 274
44 63
230 279
146 134
192 16
166 214
245 286
232 68
11 26
126 228
183 251
86 7
151 235
163 20
173 59
184 167
161 4
43 60
112 247
75 112
56 187
102 67
138 64
52 249
106 201
200 160
153 244
284 34
189 1
58 16
190 227
134 266
273 1
219 189
241 151
171 103
174 242
14 221
91 198
186 46
33 227
122 53
207 39
177 58
153 235
139 179
84 35
142 100
156 111
52 219
162 200
149 287
150 79
240 174
146 249
29 258
4 155
145 193
255 240
233 168
51 5
219 109
28 20
121 42
183 1
176 2
269 156
163 277
286 20
126 34
175 36
1 66
160 229
239 175
148 184
282 243
21 258
101 125
282 256
8 211
215 55
10 159
58 246
261 259
82 249
142 143
159 70
125 103
166 170
211 27
141 180
187 82
109 156
119 120
232 226
137 112
191 96
119 243
203 256
229 55
88 202
193 289
75 128
192 225
22 261
139 17
183 15
244 225
272 17
88 264
281 211
64 176
268 35
216 104
222 259
239 231
234 272
118 105
257 241
29 57
206 152
187 80
46 19
279 175
61 241
219 228
167 24
110 244
257 24
31 13
143 224
133 159
154 87
285 96
74 139
206 48
277 110
235 84
53 139
129 59
137 279
225 156
144 81
58 264
72 104
43 140
18 116
21 4
155 91
46 46
134 143
172 73
34 49
186 182
49 236
229 6
38 54
148 22
87 211
204 192
151 223
142 14
222 112
276 97
222 268
222 270
77 58
234 57
238 210
53 266
205 30
143 72
89 94
258 259
178 177
115 65
264 32
82 256
13 270
22 242
96 271
132 241
11 11
131 85
246 226
42 78
69 254
152 67
225 146
258 113
215 0
42 167
177 162
7 18
270 261
180 216
278 108
277 5
187 254
153 253
268 158
117 133
1 3
89 142
223 26
211 256
245 268
113 220
137 145
181 185
169 192
147 225
21 275
88 89
252 97
211 94
179 93
142 98
101 142
52 236
176 280
71 32
110 28
84 168
236 200
97 16
71 187
139 15
50 268
67 187
15 157
88 196
3 233
241 117
284 133
196 84
284 108
134 76
283 173
182 168
218 23
37 178
104 239
45 45
68 256
102 219
80 261
222 241
101 16
211 159
252 174
34 9
238 241
267 150
257 168
199 100
17 29
35 81
243 78
285 27
101 176
230 11
255 78
266 96
32 124
277 243
135 158
9 227
40 217
252 33
144 231
193 229
71 194
5 59
158 76
271 0
24 136
122 0
33 259
200 125
87 257
219 137
152 88
42 151
236 254
240 42
204 206
3 2
144 38
221 55
137 5
4 209
23 281
138 126
287 198
19 62
72 233
53 211
215 32
27 15
144 204
288 120
230 59
36 116
146 280
70 283
137 34
251 185
248 200
57 135
194 88
110 61
57 12
31 138
32 63
232 188
75 167
286 202
102 221
187 280
259 233
265 174
255 7
281 124
222 9
43 1
280 259
114 244
140 99
199 52
163 33
158 154
28 161
119 251
105 115
92 167
54 40
51 22
270 119
166 235
136 104
130 287
233 69
75 73
78 232
226 74
242 51
170 209
128 45
61 163
190 16
38 155
215 258
180 281
192 71
109 117
70 267
174 52
189 259
63 204
27 85
258 280
129 136
125 200
286 79
271 81
245 66
39 221
34 143
279 51
227 110
94 77
70 84
247 63
67 110
141 33
175 219
88 61
173 268
111 14
41 269
205 2
11 131
130 7
179 22
227 5
23 201
29 265
131 265
132 267
252 87
101 174
12 76
139 248
144 143
125 83
194 147
190 278
96 258
76 101
187 92
261 193
40 151
44 46
126 36
180 114
134 268
14 50
56 95
288 285
110 81
17 192
143 145
253 249
241 213
52 284
43 236
209 127
115 154
91 217
79 270
18 282
57 278
194 204
140 127
45 245
178 117
152 17
237 84
221 244
77 22
253 101
212 11
45 211
44 187
137 157
66 257
96 102
0 100
275 115
117 238
140 31
222 59
111 98
21 150
181 248
65 236
78 177
71 102
269 252
206 265
116 211
183 49
102 283
35 84
81 218
57 209
256 110
105 39
75 15
262 110
275 253
231 226
75 278
180 45
177 86
263 264
216 28
233 6
45 125
218 212
99 177
124 230
11 104
2 199
88 6
286 195
78 198
5 13
244 174
259 120
222 257
256 175
117 225
234 285
157 131
21 220
183 279
43 234
146 30
68 266
146 51
277 115
217 161
241 26
217 285
94 192
22 272
92 137
177 36
51 168
66 12
190 140
115 210
190 138
225 116
140 119
51 233
164 120
43 76
217 89
288 203
151 163
225 269
195 104
235 217
147 154
54 186
29 50
42 38
40 257
228 53
147 125
57 203
30 68
233 276
93 187
121 137
25 18
247 275
57 280
139 90
110 170
13 20
97 285
154 83
2 169
168 163
63 47
12 243
69 226
94 190
273 80
64 113
279 123
75 187
204 72
4 87
208 148
277 112
99 3
36 143
160 76
33 220
90 248
234 223
119 217
155 77
76 105
92 178
89 205
80 94
109 182
224 124
109 180
236 280
14 241
78 220
87 234
283 257
265 265
120 274
182 70
27 246
152 107
187 68
8 105
151 77
12 129
76 69
149 131
215 244
30 167
118 166
273 75
180 260
235 157
71 118
1 43
274 239
46 155
222 285
14 95
92 51
54 288
283 168
188 181
269 78
255 249
267 155
71 82
41 131
142 134
194 173
132 123
66 24
207 239
220 26
287 77
12 176
36 246
173 87
25 169
272 276
61 223
101 229
168 121
234 150
118 95
176 210
214 47
150 219
198 0
166 216
92 234
203 13
278 289
117 246
76 38
55 23
276 1
104 88
250 66
5 5
26 128
171 66
153 74
289 182
84 282
153 143
64 115
283 51
62 159
286 191
147 193
45 50
131 136
239 15
193 264
263 255
29 131
203 63
179 4
224 254
190 180
231 165
230 141
280 269
20 31
218 107
110 237
217 69
256 57
27 276
254 281
141 283
200 182
157 271
63 212
26 40
270 53
37 134
241 39
87 9
213 58
183 125
235 258
281 168
284 131
2 197
121 180
136 149
252 285
111 78
135 201
130 132
92 169
33 164
286 217
102 93
251 55
82 157
141 279
157 39
279 164
35 248
234 188
265 118
26 119
47 236
248 243
165 19
288 99
137 226
276 232
257 13
232 91
72 251
139 225
129 61
166 32
126 97
122 114
179 247
90 140
18 251
62 116
97 270
117 198
205 278
25 22
190 18
31 140
28 137
174 71
42 173
30 64
96 74
116 76
22 250
269 182
79 257
121 240
63 100
114 246
207 248
135 0
130 67
84 82
63 271
75 253
85 120
133 135
239 118
164 93
285 17
71 58
260 96
205 107
137 55
241 78
197 80
125 257
3 135
274 257
194 277
269 171
201 39
217 258
252 190
147 29
17 54
281 189
142 250
102 87
157 67
253 192
206 52
276 259
4 153
17 224
251 114
34 271
282 213
249 188
179 196
51 133
39 178
266 47
221 230
136 192
47 210
236 36
243 36
111 113
232 222
248 208
274 212
81 58
228 25
216 283
145 71
81 62
250 247
242 183
203 26
178 207
195 43
12 78
198 212
10 35
208 232
151 161
129 255
286 83
152 164
221 22
203 253
108 200
170 82
134 19
211 175
42 11
3 89
39 269
112 16
77 156
87 103
284 256
117 78
220 203
286 125
40 141
235 149
65 162
3 114
6 265
46 15
244 22
66 44
88 22
171 269
181 234
76 152
44 158
201 54
206 203
252 51
148 203
205 238
148 289
213 17
227 219
3 195
200 129
222 110
277 128
254 214
220 197
199 98
43 118
272 31
164 66
134 173
254 238
40 206
87 230
107 263
182 142
103 212
20 115
200 24
165 165
3 4
36 83
174 262
10 77
262 158
51 280
260 4
29 252
141 58
246 132
23 165
178 141
234 219
260 22
271 215
40 19
217 148
8 137
59 2
94 282
101 250
223 225
276 240
32 280
135 102
259 265
220 271
137 66
144 112
204 28
217 210
18 181
118 260
147 127
128 8
259 12
38 116
163 283
244 201
277 68
91 141
114 182
25 0
9 282
54 57
216 24
43 210
246 233
218 91
39 8
173 158
83 171
132 279
207 223
288 178
233 283
142 39
133 237
87 154
45 33
51 114
205 224
45 119
14 167
40 222
140 123
30 144
180 116
209 156
248 64
42 187
259 167
4 247
52 3
122 75
143 44
24 146
68 104
193 90
196 168
16 12
20 262
115 14
83 20
18 262
137 231
22 91
88 284
136 99
77 158
127 213
72 7
78 252
88 125
161 117
103 275
18 88
15 120
184 31
225 6
176 288
91 47
53 155
164 213
54 219
255 120
166 6
42 83
65 50
21 273
191 274
4 83
103 84
25 38
222 87
82 95
210 212
230 34
41 220
248 136
61 136
125 267
153 172
155 109
54 188
66 255
122 23
261 108
260 98
240 86
118 107
244 257
188 70
244 199
39 73
212 280
245 157
176 233
27 265
117 187
184 69
273 44
229 166
132 137
162 183
47 269
23 234
138 153
276 156
216 246
138 60
203 238
31 97
216 46
287 40
134 183
112 86
272 180
213 249
232 113
119 140
191 60
148 123
151 175
207 176
253 140
231 88
171 193
19 260
186 106
55 70
53 223
192 159
62 245
36 56
28 254
111 49
236 207
186 95
12 7
205 71
164 176
254 167
186 274
110 59
168 93
98 180
33 87
271 44
179 198
200 271
225 14
204 8
271 77
237 163
175 237
97 43
71 235
99 65
203 243
37 2
248 96
51 266
35 95
285 39
237 179
211 36
56 84
170 84
54 157
30 103
120 272
267 253
136 72
264 47
142 60
214 80
4 217
26 197
259 275
251 67
43 220
223 21
141 125
144 167
215 206
178 209
76 177
47 183
91 236
86 224
146 188
270 142
60 286
68 135
196 82
116 158
211 118
55 276
79 88
215 156
79 59
285 41
126 92
230 202
216 30
287 51
250 285
250 190
286 130
37 182
227 146
267 84
191 137
190 182
270 277
45 76
162 229
230 36
92 123
282 250
153 26
78 39
273 56
210 8
253 81
108 258
117 85
187 143
191 31
255 124
73 96
90 92
256 243
167 28
251 283
212 212
106 166
242 241
13 44
177 4
217 217
200 213
57 224
127 210
59 136
70 25
254 247
98 218
239 213
159 161
86 82
259 144
261 139
207 279
281 170
208 136
59 279
27 237
20 210
21 208
226 118
39 238
108 38
73 243
188 275
40 167
22 1
211 218
258 4
79 181
85 156
97 165
69 22
160 151
100 191
268 262
164 275
185 186
193 67
197 226
208 19
196 188
154 34
35 250
287 232
138 57
110 79
266 70
31 252
157 102
28 145
12 74
81 39
8 266
16 220
4 285
137 90
70 29
179 77
136 110
104 224
178 222
180 43
10 102
88 244
196 106
135 237
16 22
39 15
64 24
272 167
35 239
19 131
41 224
220 232
271 181
171 143
124 63
228 233
262 283
160 183
111 8
162 120
14 47
234 227
205 128
98 287
201 62
29 206
250 86
84 170
229 277
202 37
253 188
78 41
225 133
264 5
122 260
154 141
255 27
159 68
17 204
36 51
189 20
266 287
29 190
85 135
77 103
26 199
157 254
202 66
128 188
259 231
89 151
71 161
33 62
166 166
209 197
56 183
11 178
78 255
117 152
58 126
51 262
139 155
51 118
154 267
274 272
267 61
279 129
201 114
228 242
172 271
275 76
38 280
80 237
13 5
76 271
36 26
98 273
238 171
219 60
103 189
132 245
231 256
254 261
38 0
271 79
224 228
282 288
94 139
99 46
190 114
140 277
283 23
8 255
85 266
192 189
89 170
27 134
211 81
145 190
225 61
236 99
220 191
88 107
76 202
108 157
54 180
161 198
121 250
82 118
21 277
88 138
177 34
252 219
261 6
67 264
225 114
242 22
64 187
55 102
210 50
211 262
48 184
62 176
257 126
41 16
134 254
183 141
207 118
24 249
132 40
264 27
207 128
239 24
43 124
31 206
7 257
224 221
74 117
173 74
58 120
174 283
197 1
282 166
275 173
29 102
203 152
29 15
84 55
210 17
4 129
257 64
116 208
150 103
34 218
142 41
172 68
166 82
216 162
169 182
152 159
259 131
45 270
72 200
192 62
189 206
185 105
84 51
225 142
48 253
123 57
153 77
239 39
188 261
134 192
155 278
56 185
256 133
48 269
50 185
247 19
140 281
270 85
154 3
37 129
259 278
150 83
240 215
157 54
98 258
240 80
99 240
162 214
174 88
21 260
199 188
18 43
43 116
287 281
112 243
246 136
42 115
240 149
178 115
95 273
283 54
101 285
24 6
221 84
201 226
105 192
24 90
164 29
224 74
126 124
90 62
278 232
123 213
237 231
247 116
80 256
102 60
261 39
286 152
229 209
229 70
256 215
61 77
207 27
114 146
52 256
179 31
127 268
183 64
70 60
21 244
202 153
233 186
197 122
88 276
22 227
60 149
100 145
111 80
187 185
172 228
235 182
31 35
105 135
189 230
150 263
272 165
57 66
252 247
121 16
81 221
220 92
214 245
107 261
91 112
151 27
272 118
40 176
192 12
191 263
233 126
186 239
229 87
36 103
191 0
72 152
57 18
240 168
288 217
43 189
148 40
201 84
129 147
135 112
152 83
259 188
243 39
90 199
14 194
124 5
143 230
215 177
139 165
165 67
201 131
49 177
106 274
286 96
37 249
71 86
12 106
149 221
143 91
174 32
24 255
255 171
284 152
164 62
102 82
252 221
222 255
246 9
30 227
203 106
279 195
236 196
225 175
123 44
162 263
133 201
201 222
53 279
30 17
112 228
172 181
179 111
66 105
210 195
32 65
6 4
288 165
37 200
114 101
288 273
106 177
85 145
130 278
237 276
92 46
141 6
205 257
167 245
86 270
35 194
200 110
170 145
274 46
143 147
196 34
226 148
269 210
112 285
151 155
215 160
176 208
22 62
18 90
180 126
248 38
164 6
27 239
135 171
69 286
61 81
90 106
128 124
68 196
183 202
263 25
92 55
31 123
254 54
212 9
46 12
185 108
14 178
212 214
80 177
17 158
201 137
55 54
187 125
120 199
281 10
207 131
192 141
271 138
114 95
153 131
109 264
177 267
104 43
186 276
270 137
272 273
65 99
76 76
286 127
29 13
275 6
133 77
26 190
278 236
203 57
256 147
179 168
118 0
112 59
92 114
46 161
162 9
205 14
175 229
202 125
227 15
282 185
168 169
285 282
267 274
29 150
92 62
75 175
43 91
5 113
67 115
217 146
143 271
0 130
54 74
141 102
40 143
131 254
84 78
203 92
89 19
231 190
196 282
164 264
27 0
180 89
268 47
135 78
221 104
99 285
282 108
96 63
119 241
149 121
213 217
52 189
34 198
183 184
205 190
250 32
173 69
139 48
21 32
90 67
65 157
203 228
241 204
29 192
11 232
45 279
137 49
121 238
268 129
245 129
239 77
100 28
242 149
174 37
135 280
121 276
114 148
223 266
57 266
204 255
71 153
248 161
238 206
4 151
116 86
112 96
124 97
286 85
272 140
194 62
113 113
217 73
73 160
41 76
62 102
66 103
77 228
255 178
190 225
95 217
91 192
250 34
159 158
59 118
176 194
44 221
39 1
12 114
288 142
9 141
287 200
57 170
201 107
199 11
36 206
239 180
40 236
229 15
115 150
16 175
42 270
58 31
228 35
208 241
176 129
146 39
168 279
176 282
159 81
230 109
164 183
190 13
74 115
80 252
76 232
13 66
162 255
195 276
222 207
11 37
15 20
185 50
82 135
68 69
55 124
21 29
15 52
159 219
40 12
204 94
42 89
45 59
234 261
214 280
253 7
23 145
31 33
174 240
123 153
2 266
254 9
22 154
6 208
135 223
180 128
263 93
99 229
242 89
173 183
26 21
208 266
254 220
100 70
255 188
32 56
132 16
282 34
244 79
53 134
96 177
23 245
54 256
65 286
253 274
138 25
33 170
134 199
205 222
285 182
55 75
107 186
67 34
20 271
155 146
133 181
227 265
187 146
181 77
246 61
111 1
10 94
73 32
222 69
29 282
164 12
140 101
285 204
60 201
59 173
211 193
238 86
22 95
96 86
11 115
81 188
191 14
243 117
180 157
149 266
5 136
188 111
46 37
218 283
196 214
188 267
155 105
69 58
69 152
202 97
226 179
213 56
76 16
39 81
257 128
238 149
176 177
247 134
235 193
230 247
54 153
244 99
256 220
23 36
263 285
159 182
109 51
156 52
203 240
275 244
98 70
54 245
244 120
188 22
169 115
236 211
133 161
267 285
221 266
160 180
209 131
284 36
281 93
221 193
181 1
159 191
266 262
261 125
11 44
188 258
60 270
208 179
230 68
222 19
38 114
281 174
147 200
44 84
110 229
286 62
175 268
260 2
211 127
268 65
117 150
26 173
137 103
273 217
104 208
119 245
34 100
78 203
22 223
80 90
196 280
201 188
84 33
230 90
172 71
113 125
128 244
242 131
105 228
285 232
175 114
276 42
69 37
50 47
262 217
131 39
44 243
28 189
142 132
91 250
162 265
231 153
51 49
131 125
169 176
134 288
89 90
201 41
150 184
116 284
100 1
201 186
168 14
148 96
91 278
19 175
235 197
239 170
56 181
121 139
253 276
4 140
182 285
150 97
217 176
129 89
184 239
58 150
266 86
124 61
160 50
40 169
49 234
90 26
101 32
236 278
102 207
274 97
75 141
172 261
101 189
200 82
177 113
278 191
219 205
84 204
225 70
20 250
288 44
235 133
143 186
8 225
212 275
73 187
274 42
193 69
117 169
214 282
118 171
109 214
97 215
12 220
221 283
137 208
154 238
264 106
68 113
215 119
97 194
193 203
70 258
2 68
177 218
226 271
86 158
265 50
77 234
144 284
167 68
181 169
154 139
100 67
142 273
63 285
214 105
10 230
265 285
45 198
61 172
221 61
97 31
122 40
33 139
266 68
276 272
79 38
53 72
209 74
32 115
256 166
153 242
127 254
267 276
250 198
284 202
161 259
196 116
281 271
123 42
166 93
83 24
1 115
10 185
52 268
175 251
112 280
191 243
84 232
82 159
157 218
12 82
112 201
227 130
271 55
223 61
200 56
71 204
55 210
66 214
119 247
128 121
269 49
158 103
247 11
87 178
268 59
240 261
1 183
55 0
105 132
68 234
160 118
126 215
259 125
79 216
94 177
231 258
212 254
225 180
169 102
255 127
15 205
94 50
247 286
99 128
135 156
115 126
147 132
150 239
61 87
273 193
71 191
177 47
118 258
264 66
163 281
40 42
170 12
106 37
240 4
76 91
4 131
56 62
12 80
89 210
156 100
60 121
33 268
120 107
272 22
41 0
7 114
74 104
207 91
11 86
52 187
197 3
152 157
99 135
81 263
48 102
33 12
119 195
52 124
239 173
212 247
160 263
226 132
287 150
268 69
20 110
161 34
235 256
272 63
4 213
136 154
219 70
59 95
200 204
94 63
176 57
272 261
38 217
184 143
200 21
132 87
166 129
88 237
202 205
147 20
155 5
96 221
118 188
48 146
144 68
153 240
264 185
146 227
119 15
66 26
239 182
134 120
145 145
116 180
8 252
188 64
77 87
270 271
169 99
162 49
57 64
206 97
55 205
122 35
220 90
69 184
127 201
220 8
88 255
92 70
96 179
72 206
184 182
94 40
202 49
40 161
97 196
239 262
9 149
92 191
189 263
266 264
110 242
65 116
123 104
203 155
205 12
222 264
118 215
65 186
141 275
29 143
1 201
43 32
86 262
179 159
237 181
111 25
180 20
224 256
83 32
47 17
132 173
40 232
66 69
115 36
162 7
66 142
14 234
235 215
9 104
244 27
95 175
98 1
39 3
238 35
209 147
30 66
199 264
6 154
162 173
251 177
262 141
279 193
202 185
172 218
197 222
184 195
31 77
108 135
42 176
107 57
107 259
81 20
171 246
54 277
3 182
192 213
188 256
179 231
93 218
75 244
279 94
193 235
250 186
206 4
257 26
266 159
281 12
88 123
235 91
36 282
73 174
91 44
16 121
148 195
284 86
117 177
286 272
261 94
226 52
117 154
209 234
249 44
172 264
10 73
54 83
149 199
25 26
17 44
131 49
3 224
38 184
29 141
116 22
115 63
232 224
127 190
117 196
156 206
47 279
49 144
70 47
124 54
198 171
269 232
198 165
126 73
28 18
246 88
39 112
217 243
178 261
282 232
278 17
59 185
35 111
208 11
215 74
57 124
24 227
263 118
45 20
269 102
274 282
156 75
89 172
263 203
178 44
8 278
142 284
92 42
223 113
60 126
174 211
224 36
211 131
29 35
111 57
177 168
288 46
207 225
262 215
267 184
256 14
121 34
246 253
281 47
140 24
165 138
49 262
264 75
233 162
37 219
239 71
171 45
15 58
65 0
66 52
124 164
196 249
12 112
93 214
90 124
194 206
33 98
160 213
203 11
161 89
222 163
154 89
16 258
27 278
242 200
28 135
13 85
140 176
117 184
24 199
194 197
99 13
227 70
72 237
119 224
236 228
181 159
54 59
228 178
124 92
150 86
23 82
253 103
280 49
100 74
135 213
112 199
230 211
50 237
168 214
83 80
125 166
265 83
230 128
165 206
78 134
154 156
242 216
166 56
28 83
127 6
93 118
104 204
240 176
58 146
186 44
242 173
157 31
203 59
162 257
111 51
208 140
71 239
59 240
10 10
73 203
34 281
10 69
149 112
206 167
231 111
216 106
169 123
263 194
0 18
108 32
190 97
220 24
69 33
191 93
120 261
180 262
133 283
2 140
148 188
167 176
168 55
123 118
236 161
48 193
285 215
144 30
49 255
269 288
137 204
104 279
114 67
25 144
32 100
117 175
206 116
263 192
108 154
83 185
112 195
126 231
190 75
171 9
43 225
133 42
284 186
118 181
1 14
43 192
33 24
100 127
232 124
141 17
36 237
75 276
13 118
50 3
269 236
192 91
33 85
8 113
45 156
158 243
33 36
93 96
282 53
22 64
198 250
93 284
155 67
149 109
26 50
251 69
0 265
190 65
154 75
44 19
19 221
193 273
39 185
104 254
170 272
175 143
69 118
288 240
20 88
145 53
5 117
137 116
279 227
174 159
126 253
282 30
149 264
247 36
48 3
141 249
201 98
41 39
182 126
17 164
89 250
118 274
97 260
44 145
165 239
247 94
35 153
154 107
126 24
263 199
145 200
235 52
131 174
22 236
266 72
7 250
151 172
85 137
85 273
281 126
80 220
230 47
56 21
237 177
47 199
51 166
152 264
260 18
50 157
274 220
151 198
86 260
137 32
66 146
265 172
231 35
252 183
120 74
265 253
79 21
242 175
21 3
34 117
281 14
129 243
74 189
42 117
76 114
133 285
45 87
225 226
170 217
20 34
148 173
286 243
141 254
29 48
199 26
220 227
21 222
202 268
59 209
191 142
92 27
115 176
188 72
88 176
234 82
123 233
235 277
58 101
27 235
43 126
112 21
255 226
146 238
93 248
196 24
221 242
121 189
265 194
48 96
20 152
278 1
36 286
11 183
267 288
12 96
250 256
200 240
100 283
202 285
114 90
179 91
68 228
263 212
170 227
277 7
275 214
260 141
8 283
276 56
35 24
268 240
117 242
135 190
183 155
145 186
19 66
61 146
137 190
162 274
237 38
36 221
83 234
6 84
79 221
215 210
144 42
6 86
267 127
258 276
220 135
91 64
36 43
225 21
98 86
193 246
139 177
213 206
224 271
242 257
0 256
40 271
42 72
108 179
195 163
17 10
191 149
237 240
209 27
153 160
72 139
78 18
172 209
222 114
171 247
122 271
45 237
99 143
164 236
191 20
242 198
134 187
283 140
189 136
212 16
155 144
58 220
87 208
90 213
14 101
160 38
268 209
147 114
268 152
229 184
205 253
147 186
98 67
56 31
10 106
6 218
145 129
60 147
163 5
95 167
283 38
191 161
36 251
254 29
50 90
110 172
154 100
39 100
8 229
61 5
120 78
67 286
76 179
38 50
23 116
114 34
94 100
17 179
151 105
110 16
143 89
93 66
57 75
245 39
125 50
259 64
90 174
207 73
38 130
69 154
204 220
269 87
281 172
221 180
89 208
143 46
189 39
250 222
251 241
97 5
80 15
98 148
35 267
14 187
280 66
2 235
145 161
53 178
144 133
107 59
178 194
259 6
247 40
102 240
236 86
186 278
87 268
54 138
154 52
254 88
272 142
144 51
58 84
178 233
144 40
131 60
86 180
195 166
265 187
98 163
150 88
269 228
169 149
91 281
216 94
182 140
62 267
266 230
21 113
35 129
19 258
173 236
286 53
261 198
34 159
53 46
83 136
9 31
17 174
103 202
244 37
78 101
166 233
155 289
68 215
232 47
63 185
238 56
13 69
124 29
127 266
229 164
131 88
131 281
15 202
162 158
45 225
235 169
239 139
52 176
124 272
107 116
246 78
80 40
31 58
125 162
198 160
167 148
147 42
244 159
252 142
105 69
284 211
204 36
204 56
202 95
198 112
250 53
19 123
14 196
182 170
112 153
177 111
44 281
15 54
248 256
72 196
112 262
134 270
188 38
256 80
74 251
39 165
153 268
145 121
89 178
170 174
32 10
20 55
150 191
13 133
35 164
156 138
81 258
212 57
182 66
240 89
81 41
244 65
240 128
120 6
187 102
214 113
193 158
133 5
214 126
286 26
144 188
177 1
110 115
68 108
71 131
227 13
176 24
222 54
61 83
49 14
258 166
238 126
131 150
27 169
18 210
220 132
210 10
286 35
45 123
194 29
274 21
82 30
35 157
111 181
131 139
148 79
231 40
117 2
104 16
127 199
132 239
89 102
282 241
205 90
159 226
187 51
153 175
26 255
58 33
59 78
92 180
270 66
171 150
51 286
166 136
284 124
105 276
25 20
209 277
76 74
55 72
83 134
49 123
3 253
28 49
126 246
248 132
12 218
169 190
139 121
96 190
240 255
234 90
22 80
284 242
96 35
127 32
39 139
11 100
287 100
279 127
182 124
137 1
14 176
279 68
89 212
80 92
64 206
10 284
52 264
11 272
287 230
127 242
145 132
210 116
71 257
87 286
217 27
79 235
9 160
262 17
104 128
254 143
14 81
229 42
80 133
20 1
146 285
109 218
155 254
105 202
257 121
69 9
168 216
82 93
251 102
42 161
225 144
201 123
136 18
131 42
206 180
59 103
151 221
151 252
2 15
256 247
69 252
141 67
105 51
263 51
10 113
164 83
11 133
159 39
127 119
170 207
16 166
130 65
81 120
72 135
164 132
54 68
262 213
146 69
267 236
99 17
276 141
32 145
74 40
39 261
92 213
202 52
67 27
184 53
238 140
190 188
64 28
285 60
242 145
190 190
199 176
97 26
135 91
150 173
110 279
13 71
90 237
244 41
144 255
223 243
138 53
19 5
165 60
201 162
251 208
152 25
271 157
6 112
106 138
137 101
226 267
221 137
57 172
223 120
213 258
113 48
71 151
153 81
4 198
174 141
155 245
123 17
179 176
282 49
72 176
242 214
52 122
17 156
135 100
122 275
151 189
141 49
224 163
16 46
15 284
173 246
205 73
76 118
261 204
188 215
49 115
10 33
192 139
62 221
110 273
168 30
1 282
83 146
261 257
167 47
102 148
76 93
165 64
177 77
55 170
253 3
177 234
44 160
37 284
219 179
103 42
134 224
238 279
259 122
12 110
103 111
14 9
134 122
139 269
126 120
187 2
127 47
81 60
165 237
98 150
109 216
111 143
90 276
204 100
171 115
108 202
112 245
79 259
208 246
80 65
266 33
71 88
48 200
172 117
71 159
158 220
160 10
284 82
45 48
61 117
157 127
74 207
119 153
93 216
24 92
218 219
153 128
138 281
47 134
42 235
127 90
32 222
156 153
91 90
110 258
108 55
162 14
264 156
204 98
38 83
188 84
155 271
102 152
169 46
209 166
120 23
153 248
214 219
69 11
266 202
239 259
68 20
51 175
117 206
33 14
90 196
198 255
110 31
213 77
31 170
203 218
90 17
166 15
129 253
233 50
255 11
151 132
10 182
220 260
204 204
257 90
40 181
113 11
199 225
177 248
38 42
75 88
235 284
145 29
60 11
213 54
143 96
283 175
270 64
156 3
231 155
50 281
227 96
95 284
70 70
149 172
75 159
10 266
24 280
218 187
136 288
89 258
211 133
199 178
26 29
285 122
102 211
149 186
110 201
94 104
45 233
287 156
252 99
129 248
183 181
273 77
283 78
144 252
207 274
3 35
75 246
237 274
159 185
67 22
130 149
274 284
95 61
21 166
14 79
26 136
122 5
111 287
284 192
86 264
26 188
237 246
222 52
25 112
226 166
158 241
251 249
222 93
69 131
68 71
268 37
81 254
78 132
119 186
0 97
17 202
77 60
156 43
255 12
257 275
130 173
276 107
198 117
246 41
224 177
