101 268
210 233
95 79
100 248
211 52
26 170
222 161
261 255
105 116
33 8
182 130
56 64
164 170
100 14
65 127
25 131
86 52
225 43
77 204
162 198
27 281
43 48
4 81
123 25
51 140
64 158
264 48
182 2
267 64
207 263
273 140
224 114
257 215
257 170
140 250
46 87
82 235
118 79
4 215
63 28
280 103
178 264
261 23
95 165
231 126
267 39
76 141
283 18
257 221
285 156
72 40
225 117
185 54
265 233
138 100
5 276
125 169
35 208
244 146
55 266
123 49
215 71
229 149
167 95
241 88
154 272
194 91
213 0
237 263
3 284
259 176
220 63
139 207
147 171
19 182
93 48
26 138
22 114
140 215
184 200
75 157
110 27
12 36
219 191
144 223
232 231
36 11
236 257
84 186
110 9
241 129
5 151
207 194
30 13
165 132
55 103
65 231
219 93
80 196
80 49
198 173
89 87
209 53
103 132
181 129
129 246
118 86
166 43
52 47
117 24
91 139
109 260
132 150
248 283
216 288
223 196
269 231
120 182
48 182
194 167
32 144
198 24
93 78
234 245
185 240
135 93
165 11
21 56
287 279
116 95
37 92
101 187
248 7
70 137
57 97
92 121
172 145
11 68
61 89
180 3
264 31
43 280
31 99
75 91
247 13
246 7
29 69
1 141
83 119
128 62
267 171
50 97
54 64
231 227
90 194
286 160
223 13
148 253
285 77
272 285
168 83
14 141
18 214
116 173
264 45
25 270
77 260
17 260
83 121
150 118
110 236
158 102
8 20
133 281
252 157
43 148
93 18
73 208
274 17
251 286
121 287
176 285
102 111
115 286
38 186
139 214
116 65
106 109
25 278
261 187
274 113
41 219
230 228
175 48
271 195
39 53
194 165
239 40
93 120
139 210
97 161
150 157
182 186
268 51
118 174
200 50
188 207
237 282
76 251
20 236
120 249
141 92
55 139
68 225
177 175
26 161
160 256
285 279
164 136
248 83
246 106
221 14
166 126
236 83
95 218
251 199
67 215
247 197
11 72
82 169
278 269
257 112
222 16
216 127
102 238
59 38
43 19
202 35
169 44
111 158
185 145
175 179
123 174
128 104
89 233
11 264
116 129
31 167
218 74
61 1
120 155
287 159
24 95
8 133
183 68
95 270
262 202
211 32
222 24
146 158
114 15
24 23
104 230
152 173
190 180
161 216
112 155
179 283
183 104
95 118
218 71
124 96
164 239
110 70
272 182
197 247
228 166
138 66
11 70
26 264
275 107
277 225
166 168
280 267
231 13
38 44
173 114
171 191
195 90
157 65
171 74
272 192
225 38
115 67
141 121
104 108
283 209
117 285
187 217
70 196
33 207
86 231
235 273
248 12
112 117
136 221
103 44
184 219
54 278
160 91
2 94
256 67
57 200
170 209
138 143
79 47
14 224
191 48
270 104
18 222
62 93
3 40
284 149
281 175
241 49
112 182
142 245
70 104
183 101
1 164
104 206
160 36
248 74
56 81
77 3
280 190
3 228
18 205
89 215
42 130
84 159
45 16
57 104
243 147
72 96
255 113
39 219
7 85
165 95
169 58
272 242
71 202
63 0
260 247
78 229
167 62
31 48
246 198
54 238
17 194
172 228
24 171
51 101
21 200
229 188
16 73
24 127
43 34
75 152
208 204
201 122
18 33
35 131
194 72
267 136
198 200
270 192
285 240
129 90
75 55
187 104
279 200
42 170
286 242
24 80
182 51
56 202
236 111
21 64
149 154
49 132
189 79
3 14
238 106
178 108
283 193
285 98
244 267
168 104
204 96
10 75
175 217
198 164
241 20
153 222
112 144
134 162
146 202
4 235
51 112
106 203
132 258
169 106
279 288
203 270
56 31
44 163
233 150
93 64
13 38
89 105
253 105
277 50
70 280
261 276
19 74
44 90
56 123
261 37
248 234
279 131
53 74
260 258
50 92
41 113
289 18
57 88
35 58
139 112
260 119
104 190
25 236
275 130
256 192
33 123
57 121
289 232
47 34
66 229
89 239
233 229
265 7
263 175
182 19
269 270
32 208
167 66
101 282
117 240
249 270
170 147
200 199
243 26
67 185
142 66
61 95
213 33
206 147
141 15
88 174
159 156
146 109
115 99
32 81
229 44
247 222
186 255
92 116
57 140
168 117
202 55
105 263
210 29
24 119
158 273
231 42
243 66
128 126
96 181
113 70
87 233
6 19
26 280
69 113
219 25
28 33
131 201
221 209
185 71
180 277
126 28
22 54
194 215
73 86
263 98
37 132
243 5
206 276
233 257
6 145
129 6
241 253
98 100
174 75
279 64
285 151
186 183
195 237
172 178
94 212
110 176
259 27
228 59
46 203
211 82
255 111
228 84
129 198
139 22
241 5
189 94
262 48
121 285
243 79
266 156
159 187
123 188
111 275
141 57
191 63
263 154
143 225
100 288
41 71
59 210
60 134
74 59
283 13
258 135
27 69
137 0
214 284
11 197
108 104
193 14
112 68
229 81
202 230
27 130
126 187
10 279
273 30
122 73
192 190
151 103
186 102
34 199
80 199
1 65
70 200
110 217
49 254
16 225
250 41
100 149
206 93
236 66
75 4
103 125
101 242
203 104
206 130
122 106
151 85
228 4
70 250
143 53
288 269
56 136
282 230
161 261
12 21
269 164
233 199
226 121
168 43
116 205
24 62
32 227
119 198
74 88
248 211
211 259
130 256
20 173
91 230
145 198
59 12
91 190
170 117
208 48
267 228
191 241
76 206
161 196
160 188
125 35
177 24
105 239
271 15
266 234
251 174
161 58
142 43
9 111
209 194
172 31
236 131
288 124
229 98
167 125
203 189
62 113
202 244
223 194
101 69
150 12
211 215
193 279
58 242
21 116
225 132
41 272
127 175
74 230
116 16
61 161
83 61
40 55
115 124
118 156
73 191
165 125
103 69
106 60
278 161
10 108
254 272
74 273
73 240
21 6
28 65
129 200
172 105
119 285
237 27
248 102
186 207
166 205
37 269
61 166
92 283
282 258
83 155
49 184
37 184
208 94
71 255
144 109
58 81
186 248
127 66
184 146
199 270
179 17
32 9
81 85
90 279
90 259
32 229
100 26
17 117
264 159
97 88
39 175
134 265
266 32
274 105
238 278
260 256
4 69
190 9
242 255
272 219
95 28
191 276
231 38
142 37
109 1
56 0
232 184
184 247
149 76
55 221
264 52
88 241
38 11
73 114
67 262
150 63
181 23
51 246
91 169
39 168
232 165
189 125
35 255
153 242
250 157
215 82
25 234
228 57
95 45
44 190
166 138
88 20
49 5
246 38
187 150
268 272
44 41
70 175
210 129
255 190
12 185
198 110
105 241
208 50
61 208
286 47
99 140
97 176
202 61
249 34
1 264
133 86
228 229
61 6
106 111
288 184
84 53
44 176
28 147
205 10
70 259
65 13
112 171
228 281
97 105
156 240
67 117
202 128
221 229
245 161
106 113
186 8
31 46
47 235
19 132
285 209
76 6
213 190
227 176
160 28
166 134
9 85
26 127
34 26
98 127
30 256
130 210
215 221
1 228
151 208
250 183
272 283
250 50
197 86
165 172
274 138
54 62
196 88
63 207
241 103
152 162
163 235
72 9
263 46
156 69
19 207
166 189
273 216
243 132
45 205
126 132
245 25
221 220
134 286
139 5
181 90
24 154
34 155
12 286
101 72
273 196
47 227
91 41
237 233
88 252
1 224
60 3
284 126
155 206
240 50
275 116
285 86
189 273
195 86
147 251
200 185
207 151
144 95
90 232
288 130
190 21
226 119
86 204
277 130
121 242
209 141
160 30
121 7
204 27
5 16
127 117
84 284
199 123
6 226
144 257
59 199
209 279
14 269
89 24
94 272
265 119
238 216
145 253
70 95
186 126
105 179
289 87
148 26
97 129
84 218
249 244
177 30
277 157
153 6
286 253
108 253
88 180
274 84
269 227
282 253
107 191
275 163
189 32
169 90
4 2
106 278
86 272
11 284
284 60
213 110
190 129
196 289
183 18
159 2
92 150
280 71
121 115
251 5
5 149
158 152
56 39
121 223
56 287
24 189
6 248
230 130
241 147
187 9
135 239
165 281
35 122
189 11
163 18
111 145
169 218
88 259
69 117
119 237
152 116
243 9
23 226
133 182
17 32
57 23
177 143
116 203
216 44
253 77
62 287
219 193
200 131
10 20
157 8
118 227
82 196
56 206
109 174
122 141
184 127
251 156
223 180
191 228
180 167
187 276
126 232
123 225
180 233
90 89
189 150
99 72
91 6
260 139
181 200
166 13
128 60
130 245
230 85
129 63
254 147
284 217
110 166
220 181
224 242
180 201
256 224
103 60
76 95
137 210
281 192
112 273
101 213
56 19
211 0
238 264
231 7
26 62
222 130
87 282
83 74
213 16
181 156
17 52
281 200
35 288
1 60
173 120
246 283
178 248
8 264
0 267
245 12
119 115
167 248
14 20
210 155
140 128
12 93
53 240
4 170
251 159
5 18
38 13
173 252
235 275
228 82
37 9
187 205
248 19
220 151
64 212
93 68
231 276
164 163
185 48
287 93
233 238
183 217
175 46
69 139
181 29
170 262
151 76
81 122
230 260
154 102
234 163
198 175
11 199
86 20
142 94
253 242
158 189
275 24
261 234
145 111
47 66
112 90
176 59
40 82
30 81
119 276
119 219
122 55
213 132
67 148
92 22
270 284
229 37
101 84
3 141
42 233
156 255
228 211
200 242
222 134
150 109
176 32
62 81
138 236
54 151
257 10
22 50
62 189
253 185
263 258
100 30
11 8
201 59
14 70
10 100
124 99
137 77
61 10
53 126
9 187
38 195
108 43
273 143
34 64
195 205
17 213
239 257
61 99
268 230
140 132
225 5
223 139
254 151
18 259
194 211
15 83
153 68
87 135
38 138
252 53
137 93
51 142
139 50
110 199
112 116
246 75
185 106
220 51
167 106
161 27
196 273
102 288
218 102
54 264
125 90
239 88
38 143
194 198
247 114
27 233
223 85
243 129
39 132
285 79
196 174
52 20
49 280
29 100
268 174
173 269
267 41
28 164
281 163
230 184
63 77
288 163
11 270
258 227
216 74
108 61
223 15
212 234
241 24
204 227
84 145
42 47
285 38
100 205
165 276
60 85
74 209
211 279
220 160
269 67
135 72
222 253
59 91
72 113
177 250
262 4
268 85
263 283
118 106
146 84
240 18
264 231
120 141
224 258
281 29
141 166
121 143
168 153
201 29
102 205
54 19
54 104
213 270
144 270
168 206
184 103
6 171
142 274
136 236
91 201
14 143
102 150
118 128
248 89
55 17
273 34
13 179
153 4
77 89
91 161
163 3
53 141
10 144
263 96
122 273
272 157
152 147
246 255
271 275
124 8
4 274
79 218
29 148
132 7
54 70
217 107
24 21
221 88
37 281
42 179
58 14
268 49
243 24
211 54
154 274
277 261
181 17
122 145
117 157
252 29
269 115
147 257
31 19
224 19
113 33
34 284
202 100
95 95
63 79
43 105
65 55
131 283
2 226
232 33
151 130
47 47
175 266
124 187
106 55
23 105
187 137
114 85
236 182
144 268
165 58
16 9
175 195
273 55
177 166
222 173
175 86
109 275
180 65
261 264
280 108
253 27
21 37
180 249
72 141
139 1
78 131
206 8
104 14
247 236
180 176
204 38
35 257
267 45
12 181
195 149
172 205
277 270
251 175
6 246
85 74
180 19
203 137
289 271
287 43
113 35
102 17
203 161
179 24
184 186
73 149
209 51
139 124
79 57
53 248
78 16
45 220
149 88
159 32
243 11
50 63
221 205
176 228
59 167
15 232
25 121
98 146
61 48
29 139
77 71
230 282
11 127
6 159
231 229
169 11
71 198
184 288
46 282
145 47
178 155
12 9
94 6
275 157
61 244
126 167
95 17
133 231
34 102
287 153
96 27
194 171
80 132
68 38
175 127
89 254
271 46
155 66
115 47
130 280
152 16
160 222
42 103
19 76
271 198
6 182
127 78
174 56
155 39
1 121
203 202
283 170
285 213
219 286
236 171
12 6
187 249
34 201
60 138
235 53
120 289
88 146
268 160
56 166
128 250
38 270
15 200
268 138
126 126
124 233
276 96
118 176
15 151
231 69
137 219
125 118
167 99
227 99
182 237
28 241
136 139
258 63
105 226
134 185
253 286
77 99
167 33
206 95
133 134
134 85
40 103
283 202
185 154
154 236
89 100
275 19
270 54
245 77
80 130
40 225
208 129
118 250
121 25
66 129
47 116
285 50
178 192
269 106
266 117
113 197
75 150
105 53
258 119
249 96
154 25
35 56
67 217
112 151
82 284
90 137
15 284
195 26
28 25
245 5
274 260
100 266
98 33
168 190
247 103
7 135
30 10
185 1
66 100
256 260
96 260
42 86
210 231
166 280
5 79
77 181
52 178
7 227
42 185
235 220
12 23
19 223
26 146
137 268
272 217
258 0
153 207
8 209
166 123
141 90
61 220
178 34
157 145
122 158
11 140
198 4
66 232
185 280
250 233
243 269
247 22
111 226
252 180
4 36
86 275
212 260
221 53
138 128
212 134
276 150
210 264
167 246
91 152
139 7
58 163
124 24
208 202
54 244
43 36
97 72
93 20
181 279
27 193
94 43
140 45
134 53
183 30
139 217
76 15
95 52
60 76
253 80
199 266
219 55
141 252
232 110
236 169
158 37
23 152
79 12
256 258
266 93
264 28
45 42
160 49
49 15
140 55
47 124
284 185
8 142
174 178
157 74
117 189
136 152
21 66
229 132
3 184
110 219
113 50
149 114
212 197
37 50
114 270
288 59
248 21
178 128
280 125
194 201
215 147
240 101
72 4
68 57
220 94
43 278
246 127
137 270
221 274
285 48
109 54
64 142
178 6
221 195
287 181
264 201
43 272
274 99
215 69
155 276
61 271
172 152
287 282
81 223
49 99
276 109
254 187
166 164
132 148
172 184
90 21
13 198
169 269
206 104
154 199
240 205
81 48
142 168
256 50
120 157
153 98
287 192
263 106
57 33
84 80
4 53
27 83
273 82
152 65
35 30
162 133
0 162
235 50
222 7
230 9
173 116
112 203
9 98
25 81
118 130
109 168
201 105
223 6
125 6
239 212
242 127
233 259
25 117
140 165
78 129
79 203
17 236
270 89
90 8
117 168
276 17
25 272
44 224
118 14
269 126
70 234
32 18
65 78
197 253
115 24
101 43
12 268
37 207
91 171
237 57
177 229
116 159
183 287
4 57
200 286
144 69
248 254
187 154
227 143
195 45
209 274
0 67
41 140
43 240
230 244
58 207
194 191
101 203
30 254
269 34
125 79
166 174
81 96
274 2
238 18
0 230
40 90
118 22
0 282
47 100
250 206
227 37
79 253
69 115
65 257
83 166
273 57
271 114
125 255
14 202
217 221
167 58
266 81
57 90
266 36
200 36
212 155
93 161
4 67
142 215
96 163
24 26
42 222
17 2
170 97
153 201
128 138
69 135
224 178
42 165
4 90
99 241
41 84
247 253
142 256
184 165
250 132
204 258
168 204
42 163
167 49
201 48
240 16
48 190
210 134
262 144
205 172
245 36
110 288
125 52
180 92
249 236
54 209
206 37
2 81
67 144
183 140
185 217
284 253
131 134
7 103
82 165
45 147
84 93
273 19
147 107
175 235
222 91
286 80
241 10
18 72
30 230
176 165
100 270
153 146
269 63
249 156
200 264
79 156
164 208
141 119
179 29
136 187
170 105
47 133
15 211
274 165
242 240
95 286
237 151
73 38
155 32
273 107
23 270
234 91
193 187
219 27
148 240
177 3
197 162
85 50
229 147
246 213
10 97
41 256
185 143
41 183
50 235
154 154
234 240
219 244
104 67
145 204
266 212
117 93
221 104
60 267
13 284
23 259
160 162
115 151
276 220
137 235
56 138
68 68
180 285
152 197
108 184
218 76
213 116
103 142
172 142
16 177
86 39
268 278
135 144
5 224
249 113
239 177
2 37
52 65
34 124
132 256
187 11
214 211
47 62
200 268
226 165
159 275
107 212
190 81
222 57
154 169
243 271
12 103
110 263
215 56
90 122
157 127
203 157
256 9
261 19
234 24
235 70
14 45
239 27
174 72
1 233
249 242
108 137
135 241
281 244
247 34
80 119
93 149
245 256
253 166
278 66
1 280
119 178
216 219
257 213
32 268
162 29
214 277
76 85
37 83
185 68
261 120
156 54
65 170
43 45
271 33
23 52
102 270
218 29
240 153
278 126
209 177
262 266
124 57
174 1
168 242
238 240
265 61
133 156
200 250
90 203
35 0
171 85
118 96
63 56
165 33
221 159
257 87
79 61
79 232
47 49
38 176
110 23
28 268
104 277
229 39
254 219
271 106
26 104
58 76
73 84
266 254
228 141
200 116
263 16
284 95
63 160
113 9
141 31
251 181
58 138
25 105
77 253
87 206
153 158
67 12
9 247
284 93
235 198
269 14
207 165
67 48
245 275
59 222
170 151
172 174
257 282
62 173
274 155
54 155
209 196
255 245
122 32
81 13
158 9
250 108
152 144
102 220
147 31
157 89
66 46
281 17
41 8
136 63
79 102
191 186
230 186
257 187
1 13
142 88
22 246
132 222
65 210
18 257
75 37
264 267
209 168
151 81
247 245
63 49
84 84
17 56
224 68
232 155
198 251
258 54
53 39
260 40
251 166
113 92
109 227
133 170
21 163
196 201
150 65
90 283
267 162
247 57
138 183
2 216
91 181
166 242
138 114
14 185
113 286
189 66
56 208
32 218
67 236
150 254
61 97
97 220
153 224
17 249
193 242
192 275
198 81
1 45
278 156
91 234
25 247
190 71
201 10
21 225
173 35
133 84
149 94
51 254
221 224
216 212
13 267
227 27
267 66
154 278
238 139
16 10
24 103
64 45
58 29
268 53
169 50
56 151
218 239
95 35
184 108
227 112
131 146
171 19
75 89
80 18
154 56
104 54
100 12
233 201
208 9
178 42
17 234
225 26
54 171
103 286
229 112
101 143
245 48
215 65
120 117
265 158
49 113
249 223
86 72
285 127
28 0
206 49
40 162
106 129
112 288
143 16
190 73
266 278
244 197
207 3
34 31
181 287
163 256
209 263
202 287
283 215
265 263
184 169
179 279
193 45
235 160
218 196
1 173
272 3
187 49
90 113
105 137
118 77
153 58
217 42
99 246
161 53
64 246
265 65
22 112
89 98
72 60
124 37
211 157
70 129
182 248
27 19
222 227
249 54
265 70
25 68
1 175
37 196
204 148
222 89
136 24
51 225
75 243
251 245
157 33
62 272
193 74
205 240
224 268
180 140
92 92
173 220
114 22
271 240
14 55
110 261
152 87
7 34
84 72
73 242
90 252
262 196
102 91
104 56
135 38
4 38
176 243
2 230
75 2
45 227
123 287
187 239
202 254
284 141
81 259
165 215
251 140
43 43
2 39
250 84
207 247
22 4
230 207
136 216
96 3
61 79
131 89
150 218
250 82
256 55
199 227
30 164
47 122
254 283
151 95
22 89
25 16
102 174
135 220
19 276
45 241
158 81
26 49
67 176
179 219
263 81
151 114
54 267
35 9
19 249
164 16
112 180
57 16
119 172
98 266
92 163
255 145
221 12
148 255
143 166
142 109
64 103
72 119
258 231
115 93
91 246
188 61
269 276
63 10
276 3
277 23
87 122
153 66
69 24
62 30
244 7
89 230
7 17
38 239
228 11
97 268
135 231
226 25
180 269
156 109
224 161
58 40
15 56
134 7
205 58
268 43
213 66
74 135
58 186
56 105
235 238
224 72
6 212
220 106
238 75
114 13
237 174
29 195
219 282
189 226
129 124
99 34
276 224
97 45
2 245
125 26
156 143
20 102
230 46
111 179
145 282
257 114
106 190
257 124
221 149
288 132
259 98
208 7
65 57
284 110
37 157
181 139
226 97
59 98
15 49
243 185
16 181
17 45
56 256
41 43
153 43
160 258
82 186
5 272
205 249
4 226
94 248
55 198
152 254
275 154
284 26
47 201
242 7
39 40
227 168
90 197
155 242
125 114
267 173
181 174
155 279
96 212
253 86
146 156
159 262
134 83
50 20
25 64
30 142
176 57
48 98
287 63
163 227
179 79
100 32
103 136
120 186
19 213
47 147
247 55
178 89
139 92
96 104
69 263
228 71
161 227
6 220
8 280
234 87
146 27
184 66
110 44
114 198
63 171
231 209
108 41
1 129
92 276
276 238
74 93
258 69
41 13
35 28
89 278
240 243
264 254
93 45
173 238
124 168
186 13
37 54
274 44
81 158
162 279
249 85
170 33
69 236
89 63
135 269
183 46
96 117
46 243
136 53
39 197
9 67
199 221
237 226
254 217
235 98
178 125
138 47
231 169
196 251
269 36
46 159
76 269
53 255
13 244
226 242
151 245
64 69
125 202
237 213
256 274
75 53
256 69
97 74
135 218
115 196
74 76
148 201
97 65
246 101
62 85
125 101
90 150
63 162
200 81
253 176
57 198
13 128
26 24
115 11
7 111
174 151
276 194
87 230
60 8
57 99
143 228
189 50
195 213
236 89
271 190
178 32
5 236
158 119
4 282
165 5
212 245
3 243
277 70
254 178
166 101
138 188
224 175
163 184
121 262
253 281
162 12
147 287
268 234
215 286
199 162
205 217
275 81
219 162
228 151
161 186
146 43
173 147
254 250
58 148
251 144
274 58
126 211
172 159
16 223
223 272
246 99
34 81
136 143
264 197
129 48
207 12
111 149
1 177
225 12
45 78
149 24
226 35
134 160
11 242
229 110
16 195
140 58
180 221
253 31
83 217
241 41
125 270
105 165
75 0
132 287
197 213
182 21
116 80
289 42
178 201
99 36
264 128
245 115
117 26
43 75
202 69
52 222
64 232
83 149
113 23
121 259
147 266
243 151
95 259
173 192
249 231
150 242
66 119
224 134
92 188
177 78
143 57
110 215
96 249
142 177
42 128
229 128
102 95
38 193
282 188
119 92
277 124
90 96
257 245
111 33
61 91
194 161
281 186
204 163
153 205
74 179
248 87
259 179
99 211
30 226
205 137
214 232
1 87
118 221
196 170
142 247
247 76
76 59
123 6
143 18
229 156
218 247
123 33
132 18
19 233
7 87
117 179
233 99
141 47
186 52
90 154
7 149
105 15
182 166
127 51
277 234
19 65
159 242
106 188
234 161
81 30
230 83
159 34
249 66
248 191
185 16
84 21
50 285
263 172
283 40
77 1
169 66
124 31
202 85
155 128
285 158
190 208
199 139
142 276
218 97
189 127
66 141
258 257
197 245
235 59
54 122
69 48
252 260
150 26
125 130
2 254
242 37
176 241
38 208
59 89
134 21
12 141
127 197
87 243
206 149
276 165
108 176
183 55
18 172
105 58
188 108
164 241
120 145
189 63
270 157
52 224
97 211
167 45
156 272
177 127
137 206
237 104
147 281
267 87
135 31
129 208
122 136
62 164
251 95
194 278
188 53
68 59
176 68
171 119
250 4
103 58
218 9
274 243
65 76
3 59
6 134
112 271
171 176
118 117
197 224
224 24
213 215
269 90
142 175
260 165
51 132
1 168
137 217
201 103
201 82
54 184
277 192
53 253
222 150
50 134
118 3
285 75
100 239
78 262
44 86
281 1
108 229
181 31
123 266
177 157
234 195
5 172
276 51
196 28
236 173
191 128
255 149
235 179
224 221
11 266
213 204
47 102
202 220
224 252
40 17
243 49
96 195
59 5
92 50
149 30
70 39
91 214
148 156
29 232
64 26
38 210
91 110
186 15
152 96
110 183
101 96
186 35
11 134
148 238
144 93
262 155
247 105
268 151
127 103
259 187
112 147
112 219
232 240
268 254
50 65
178 164
234 110
219 259
36 109
119 170
27 151
136 184
34 66
169 8
155 244
204 277
150 16
55 14
67 127
247 204
88 204
126 122
43 120
116 243
205 176
134 222
134 279
157 187
178 268
279 12
54 135
193 237
179 217
278 165
148 116
76 249
256 16
218 206
47 60
173 248
8 286
35 221
264 217
82 107
75 103
197 104
247 157
91 149
133 75
54 106
275 195
73 283
228 153
251 116
165 140
228 245
125 33
231 202
172 186
210 218
5 34
65 145
7 188
258 115
65 2
246 21
237 54
37 248
81 234
4 98
101 131
154 173
74 3
260 25
20 91
212 277
207 196
178 26
54 96
184 52
168 151
45 236
245 23
223 136
59 145
90 176
204 251
210 261
211 246
155 107
72 193
267 210
61 206
38 180
27 132
200 205
198 288
64 30
286 155
239 241
245 271
251 243
279 0
86 5
29 238
138 23
283 87
243 119
123 262
251 224
61 101
245 104
240 218
111 119
212 272
153 41
159 52
188 149
149 252
6 132
24 83
114 97
85 154
104 110
37 257
142 68
69 186
126 244
257 233
82 54
25 196
264 211
82 194
249 210
217 104
244 255
174 145
58 3
263 8
254 169
90 111
111 82
259 14
251 104
262 41
10 281
0 139
192 138
12 196
142 55
53 169
14 218
203 113
159 227
288 196
138 33
251 80
75 247
153 54
251 189
148 191
64 67
254 52
111 153
195 107
48 157
270 76
31 222
251 57
142 96
217 229
198 271
156 238
146 113
75 117
28 81
280 51
86 22
198 214
163 67
46 157
200 64
101 129
219 284
134 225
105 274
162 159
27 31
137 16
55 55
22 38
12 17
282 82
185 91
93 102
10 138
69 214
86 30
191 50
283 150
11 34
209 55
43 178
45 162
165 121
69 283
224 141
37 112
102 191
149 193
135 55
208 29
144 202
231 278
126 83
247 137
199 223
46 194
71 38
127 68
272 271
280 165
272 116
169 48
98 249
263 126
99 175
244 100
270 253
225 225
233 159
76 128
207 40
192 232
184 251
6 52
119 1
82 250
242 202
191 126
170 260
203 102
235 282
101 145
69 198
160 8
126 59
148 158
166 203
253 5
250 142
169 121
256 276
144 58
268 238
88 96
178 87
205 194
9 127
258 133
218 245
204 40
136 266
31 80
20 180
127 173
168 200
223 132
219 268
204 70
124 84
135 5
103 86
1 127
273 32
86 124
103 242
79 121
233 112
22 103
282 148
97 245
1 119
70 238
144 55
69 31
193 149
98 178
136 225
164 278
203 139
281 202
284 259
136 146
3 12
274 4
200 164
220 75
116 97
47 20
60 189
191 80
61 212
128 133
73 177
113 274
5 155
91 119
164 174
64 58
87 213
233 127
0 195
23 248
57 11
181 101
70 193
3 180
14 220
248 159
239 209
39 166
156 155
145 49
17 119
237 160
44 146
241 46
94 114
166 26
45 170
208 281
23 110
13 4
265 63
41 31
256 122
4 132
285 19
39 10
98 15
40 3
148 218
210 179
43 268
85 148
279 172
235 230
284 83
260 143
124 16
48 13
173 265
287 143
19 12
239 20
98 247
206 6
132 220
21 235
186 259
107 50
109 40
3 19
246 159
261 245
212 34
27 23
135 74
229 145
49 49
30 146
104 127
13 41
151 7
4 55
158 229
10 286
284 32
16 193
202 23
157 107
129 50
186 219
194 27
19 203
260 133
150 116
24 113
50 11
234 68
27 163
2 55
207 218
274 236
277 171
129 102
204 90
116 245
39 92
2 52
263 209
44 38
286 141
130 142
145 60
67 253
271 13
62 285
277 163
267 118
244 127
82 109
194 17
218 44
69 35
37 80
237 272
164 149
239 36
126 16
127 106
94 54
110 42
102 127
177 220
126 31
164 279
237 238
55 255
137 141
168 202
63 284
127 49
247 224
103 140
180 123
27 67
55 66
22 279
150 188
273 199
85 280
108 156
284 52
202 242
266 185
162 16
150 200
159 116
248 130
175 84
140 150
238 246
95 64
153 127
161 181
111 121
258 247
106 134
124 215
118 200
257 130
146 122
174 33
238 137
216 63
236 71
168 32
142 165
153 270
161 281
25 41
258 67
186 216
228 134
282 33
242 100
248 277
220 187
215 67
214 64
6 286
40 138
76 165
68 129
225 41
287 244
36 279
279 102
6 253
97 102
184 14
121 173
252 78
206 76
119 168
269 38
97 209
50 190
159 216
94 46
185 201
120 76
260 230
168 101
198 28
4 254
239 166
12 130
197 82
152 105
98 213
119 24
285 94
241 219
272 65
187 94
82 84
276 235
210 118
16 81
221 171
215 192
66 266
38 237
207 177
201 201
94 163
224 53
230 230
53 221
171 148
239 102
30 269
275 281
36 101
212 126
201 266
35 269
175 194
258 278
261 14
287 17
108 172
125 174
83 56
192 29
49 117
15 191
245 173
245 117
258 223
27 196
194 163
162 170
89 246
116 83
93 39
188 152
136 20
282 26
124 201
259 245
71 31
68 29
124 232
135 141
287 29
76 273
237 167
56 134
280 228
28 280
6 222
289 201
102 230
281 69
43 255
176 145
65 234
43 232
29 31
121 217
66 212
238 285
272 75
219 208
52 252
0 1
5 270
213 130
29 168
117 35
172 180
275 83
15 17
95 98
1 202
211 97
166 209
235 112
32 225
182 69
213 257
124 55
190 52
244 3
179 200
125 77
14 11
263 119
207 5
161 6
129 140
69 216
56 264
124 40
159 260
9 135
77 202
182 103
263 6
138 151
149 120
75 57
152 239
249 94
201 183
119 239
66 174
237 25
246 268
196 199
247 270
151 186
241 125
99 0
197 177
91 103
100 95
11 187
0 199
252 168
114 204
122 186
165 28
116 139
63 54
251 106
38 110
62 201
214 118
257 71
262 188
260 203
212 288
32 165
264 215
239 84
210 139
150 21
11 99
205 150
115 91
73 278
130 17
113 149
43 171
96 96
26 257
118 244
43 209
121 226
17 283
100 207
190 264
71 278
122 138
3 265
153 276
101 45
188 112
206 205
139 141
72 74
213 286
69 269
262 27
172 76
273 275
107 227
143 191
199 201
37 198
60 224
174 264
84 235
206 274
176 181
19 179
96 8
106 131
173 49
217 146
111 123
1 269
122 156
287 139
45 35
6 33
42 244
89 7
206 219
97 174
54 203
289 167
285 139
223 171
104 71
227 150
24 244
64 255
237 261
146 255
173 176
38 136
220 270
147 111
176 209
275 23
89 261
72 77
251 43
50 264
201 140
241 142
208 105
236 55
268 33
131 5
136 271
164 134
84 42
229 13
93 29
114 202
238 59
41 21
276 283
173 211
134 111
199 181
37 205
12 169
43 174
141 60
136 36
256 283
41 258
168 245
73 103
233 123
98 11
207 167
214 2
19 2
198 54
254 102
251 133
226 141
84 40
41 174
67 10
213 128
149 67
134 233
168 97
203 83
94 71
97 29
80 250
60 40
198 2
206 29
147 130
148 69
128 166
53 113
200 34
287 74
111 35
232 200
191 111
252 187
189 275
229 100
171 237
285 62
180 265
197 91
225 111
238 70
72 276
8 158
162 212
164 14
177 240
249 76
134 17
168 188
282 204
164 69
50 51
192 72
217 92
55 153
149 81
265 74
30 209
37 209
153 142
111 238
279 69
105 256
289 63
175 249
103 73
87 222
234 71
128 44
82 138
8 146
277 173
251 85
98 182
125 172
140 212
213 209
149 190
204 75
136 7
279 107
130 122
56 67
37 259
151 265
117 131
198 115
142 217
204 174
101 33
205 164
166 201
180 267
130 138
255 218
265 154
3 237
159 89
215 163
118 194
94 167
269 153
236 194
206 241
238 243
67 36
60 93
18 177
162 52
22 96
96 216
283 76
51 278
246 64
89 109
141 23
275 198
178 110
78 179
60 187
154 208
33 97
218 116
182 288
287 86
6 267
132 230
107 241
124 288
212 2
26 249
15 165
62 246
71 232
58 165
262 45
21 110
107 255
145 191
32 171
160 218
237 73
26 28
210 281
195 247
120 43
24 257
253 55
170 92
119 227
152 209
217 248
64 266
72 117
46 196
40 234
220 240
182 182
17 74
46 64
182 281
255 177
100 260
19 116
125 116
103 33
258 188
266 128
1 179
163 27
209 20
19 52
212 192
176 281
128 279
32 266
256 239
27 174
53 115
28 166
6 82
73 158
40 73
187 241
274 152
112 217
166 29
240 259
265 9
272 21
110 267
205 105
286 110
38 164
60 242
203 173
114 195
55 167
42 119
99 272
271 163
261 21
143 120
186 250
0 219
10 32
193 227
21 288
114 284
194 0
69 188
28 172
78 165
72 280
231 49
140 247
67 142
73 252
269 140
161 185
264 72
68 26
173 149
159 223
19 163
101 135
151 269
272 239
83 280
267 149
171 11
181 283
237 230
14 24
77 40
82 52
24 40
223 38
227 42
92 71
222 181
83 123
137 182
162 90
252 41
127 45
183 195
220 258
224 266
4 196
145 229
74 269
288 118
46 199
239 151
102 172
136 189
75 143
175 167
183 48
263 232
215 204
277 272
143 272
54 182
130 198
78 64
176 125
45 207
118 248
22 35
229 169
120 215
89 243
102 26
208 265
3 174
215 128
195 245
42 40
42 17
205 103
153 129
213 273
143 111
32 33
72 94
168 174
151 267
238 153
224 121
270 116
286 230
70 10
48 282
1 166
276 85
191 230
104 188
217 163
32 220
118 287
246 27
156 105
118 138
194 235
264 176
129 212
190 110
178 266
214 193
84 272
14 22
120 3
67 227
93 286
247 199
284 230
100 147
52 239
204 42
192 150
156 1
29 240
196 234
73 57
196 69
185 221
102 248
223 42
28 134
218 231
213 157
60 119
106 136
2 100
287 97
195 189
41 149
100 231
91 108
206 174
63 169
188 264
248 193
195 68
94 179
87 274
245 62
117 209
259 127
254 238
126 251
98 78
179 77
82 167
177 91
4 256
129 173
17 207
139 117
219 104
249 104
230 5
288 65
260 38
29 153
37 114
251 45
66 68
13 49
67 50
91 20
66 112
286 108
126 99
5 284
212 219
256 272
138 212
207 137
32 159
193 231
51 123
134 229
123 159
23 222
279 271
247 206
64 53
1 19
187 272
175 50
279 234
31 102
166 83
286 133
168 167
29 67
79 158
203 71
41 187
64 173
162 225
81 56
224 40
54 286
273 281
148 285
265 209
235 26
100 179
138 216
144 250
48 64
38 279
277 132
75 84
56 41
174 244
215 116
52 244
153 266
28 63
225 76
58 203
182 128
103 210
249 225
152 237
250 100
75 167
279 225
112 84
76 134
126 105
12 240
192 18
158 91
259 142
111 72
223 223
202 12
168 259
70 8
113 88
42 144
5 88
84 32
287 48
63 177
35 115
205 17
195 195
209 180
101 133
143 199
99 89
41 101
191 11
24 198
223 22
199 49
212 161
152 79
243 121
234 231
31 257
54 21
74 280
136 278
281 226
111 265
194 70
221 86
169 95
178 20
132 243
0 94
227 55
234 247
94 96
95 210
59 170
166 148
243 253
87 266
199 62
74 74
39 258
9 189
68 174
120 41
126 96
10 142
170 205
218 180
149 28
75 241
104 139
103 134
270 194
61 32
49 284
166 150
89 281
266 5
237 215
280 8
61 185
98 190
26 288
77 199
91 94
279 10
287 215
261 179
4 181
187 127
170 72
257 132
157 141
180 33
270 218
213 195
204 275
107 105
187 63
173 250
134 23
281 92
193 240
73 54
179 162
70 140
149 14
191 82
19 111
6 157
105 104
239 104
283 132
256 88
203 159
175 168
241 238
177 116
192 32
220 96
33 167
48 91
211 177
219 14
208 147
268 285
148 220
204 165
100 82
14 155
1 185
23 93
204 229
137 214
207 16
193 283
138 192
41 75
149 283
90 179
108 116
158 30
118 284
129 135
187 141
82 72
64 125
136 172
276 242
265 200
90 60
58 201
167 103
80 164
258 89
147 96
276 152
74 7
124 18
98 159
5 116
75 70
200 23
226 3
260 267
63 209
89 192
100 237
7 116
226 240
46 190
68 153
123 269
194 233
236 218
201 212
177 196
100 163
188 35
288 194
115 131
170 108
193 189
79 90
13 233
249 128
78 62
177 238
218 187
200 61
90 23
277 16
28 48
234 185
288 180
223 35
29 137
116 127
119 214
69 201
22 256
202 238
288 122
175 286
223 220
122 60
7 224
264 96
48 267
122 215
257 145
138 62
3 96
95 105
65 47
164 60
245 10
36 219
143 254
20 202
99 44
20 270
268 89
256 278
223 70
16 251
123 27
232 25
82 50
226 244
242 187
152 169
199 104
168 165
72 162
232 71
12 143
256 29
165 130
281 256
62 242
184 249
127 248
3 172
189 112
135 235
96 77
2 83
254 259
127 256
221 139
44 185
248 91
26 245
257 280
2 98
256 169
162 60
21 248
102 13
101 93
36 124
273 180
168 16
187 115
100 151
251 197
85 122
285 106
155 252
275 166
96 33
114 68
92 66
30 8
63 127
178 46
249 285
227 101
98 28
206 251
147 283
282 270
117 218
74 200
238 120
151 14
216 70
28 128
213 176
8 144
241 120
146 268
123 172
31 70
201 270
289 128
224 58
207 181
153 104
16 153
194 169
197 123
101 86
203 22
275 141
140 178
102 15
62 8
124 161
27 191
276 222
221 162
78 13
204 61
176 141
143 48
189 98
235 213
4 269
218 62
52 63
6 214
212 114
26 167
207 90
87 156
131 285
188 51
188 33
17 82
253 145
93 165
149 133
186 152
6 255
185 124
45 267
242 91
185 10
103 226
176 93
196 172
249 36
208 76
158 254
33 157
37 246
199 120
145 16
184 236
240 240
223 274
229 143
267 106
172 33
278 259
140 152
283 16
103 228
99 161
57 240
168 208
247 209
194 274
197 26
268 287
57 219
57 2
62 88
144 135
8 253
277 141
94 116
195 197
95 120
73 204
141 98
232 261
209 137
128 257
152 199
230 58
31 55
170 81
133 39
115 49
259 288
110 151
215 248
286 179
132 199
218 95
167 92
270 165
102 209
141 219
232 88
200 97
207 106
151 146
29 47
19 272
101 89
283 251
156 147
125 67
48 159
124 105
131 170
96 266
119 180
173 217
137 51
86 283
54 38
71 23
70 265
138 110
220 210
108 167
246 211
55 12
106 229
109 25
113 122
82 252
272 105
265 207
99 80
66 59
35 33
123 38
223 159
265 126
73 142
35 48
258 225
246 277
65 114
109 170
269 162
108 132
63 2
0 106
287 106
238 205
86 144
172 182
236 217
222 63
182 198
233 66
70 5
3 200
99 282
208 273
38 102
283 30
267 226
228 279
6 147
12 167
14 153
265 107
137 31
143 282
277 258
28 104
284 204
139 279
10 180
55 98
125 81
17 273
169 261
36 94
221 108
69 27
214 75
259 282
109 165
189 100
133 101
246 29
124 112
269 45
33 57
138 181
138 3
231 171
28 256
42 189
281 101
213 78
113 99
109 36
203 187
246 90
94 4
45 121
26 64
4 267
279 124
1 284
101 0
163 58
52 18
52 157
254 42
237 287
224 56
24 50
78 119
249 106
15 213
107 214
129 277
235 225
89 274
23 288
46 95
125 213
81 82
137 155
234 183
21 204
51 256
268 260
64 268
129 241
200 288
73 112
177 200
107 107
184 216
238 255
193 281
217 178
244 203
118 75
90 235
86 41
237 209
112 42
67 230
193 244
40 209
26 150
29 162
219 195
19 235
169 247
201 112
51 116
60 206
44 92
149 107
76 229
107 103
99 268
191 161
279 16
211 276
56 57
94 70
288 84
161 131
255 214
276 21
112 10
36 271
224 8
90 245
41 41
123 51
97 94
6 274
124 264
82 31
188 286
283 28
9 83
7 83
2 231
204 154
57 101
273 237
37 59
141 130
81 198
225 60
188 251
203 222
144 248
237 16
148 83
62 269
140 115
47 118
238 77
117 220
96 197
159 117
114 206
183 23
270 238
90 65
104 219
23 117
288 161
104 131
278 223
164 127
51 99
147 82
68 267
109 120
199 108
159 121
148 242
21 104
277 154
100 87
80 166
224 63
3 79
189 266
140 42
98 207
278 8
64 51
199 114
223 205
96 100
233 26
161 32
260 16
30 267
226 56
266 52
167 10
140 168
173 207
177 45
4 245
211 19
68 232
264 99
173 143
193 31
112 27
27 149
168 108
105 231
233 48
79 248
133 37
244 187
11 84
204 156
200 159
123 143
151 5
115 81
109 49
134 73
273 15
1 216
152 246
18 165
214 161
10 232
126 165
256 53
113 269
209 175
27 17
192 211
240 137
263 260
246 202
209 239
2 218
53 204
62 187
224 173
110 56
234 121
73 281
160 254
7 247
166 278
145 251
107 257
175 44
18 209
33 79
0 197
153 220
43 169
187 47
247 195
266 160
214 114
112 193
247 128
212 112
213 82
214 288
152 176
247 232
275 79
34 59
160 154
236 248
67 106
96 128
242 102
19 274
18 120
167 239
49 226
170 30
235 271
60 165
98 96
27 87
207 72
198 35
277 256
11 234
243 47
46 117
220 207
214 159
204 130
59 115
4 183
190 260
131 247
42 142
223 203
212 232
138 146
94 215
83 58
209 116
185 93
121 118
97 192
78 20
4 156
152 56
64 101
227 40
273 213
249 133
99 68
278 6
126 8
262 200
275 256
122 264
22 182
136 22
157 40
240 52
280 6
98 216
46 145
180 109
155 103
105 107
244 130
75 208
149 216
271 103
42 121
6 216
247 272
96 147
53 41
194 150
162 161
285 193
107 165
281 72
109 34
246 156
217 148
232 157
281 251
15 118
189 257
274 241
275 50
174 185
41 34
74 5
21 52
74 248
18 237
8 245
62 213
159 138
167 12
249 115
219 242
177 231
280 232
55 239
149 182
246 174
2 106
118 183
82 219
7 50
80 63
25 287
66 268
36 200
114 272
72 189
95 19
71 284
215 208
187 66
150 238
69 278
169 68
41 105
206 135
246 196
227 80
81 134
8 139
28 27
7 276
57 221
3 214
158 0
83 85
117 82
61 103
275 111
56 171
61 288
162 163
246 273
77 271
235 120
55 42
161 224
45 60
71 252
64 272
250 98
110 84
123 115
83 282
138 266
3 131
253 149
25 281
97 79
125 189
264 94
127 64
161 157
100 18
211 274
40 129
257 178
107 39
226 72
114 83
43 257
194 159
269 32
255 86
179 235
176 49
99 188
139 130
36 155
121 248
239 155
3 61
46 97
40 136
82 21
53 43
228 243
100 4
39 289
206 39
18 122
191 98
200 228
217 204
160 277
208 52
256 222
206 192
175 239
174 285
176 87
109 178
16 281
6 184
97 241
188 96
92 176
37 29
15 159
244 177
156 34
95 193
116 182
7 210
119 108
126 61
159 7
228 16
68 137
283 244
271 270
258 284
276 274
45 62
230 280
146 134
193 16
166 213
245 285
232 68
12 26
124 228
182 250
87 7
151 236
163 20
174 58
184 167
161 4
44 59
112 247
75 112
56 187
102 67
138 64
51 250
107 201
201 161
151 243
284 34
189 0
59 16
191 226
135 267
272 1
220 189
241 151
171 103
174 242
14 222
92 197
185 46
34 228
122 53
207 38
177 56
153 235
139 179
85 34
142 101
155 111
52 219
162 200
149 286
150 80
241 175
146 249
29 258
4 154
144 193
254 240
232 170
50 4
219 107
29 20
122 42
183 1
175 3
270 155
162 277
287 19
127 34
175 35
2 66
160 229
239 175
148 184
282 242
22 258
101 125
282 255
8 211
215 54
10 158
60 245
261 259
81 248
141 143
158 70
125 103
166 170
211 27
140 180
188 83
110 156
119 119
233 226
137 112
191 95
119 243
203 256
229 56
88 202
193 289
74 128
192 225
22 261
139 17
183 16
245 225
272 17
89 265
282 211
65 175
267 35
215 104
222 259
238 232
233 272
121 104
256 241
29 56
205 152
188 80
46 18
279 174
61 240
219 229
164 26
110 244
258 25
30 15
142 224
133 158
154 87
285 96
73 139
206 47
277 110
235 85
53 139
130 59
137 279
223 157
145 82
58 264
72 104
43 141
18 115
20 4
156 91
46 46
134 143
172 72
34 50
186 181
48 236
229 6
38 55
148 22
86 210
204 192
151 223
142 14
222 111
276 98
222 268
222 270
77 58
235 57
238 211
53 266
205 31
144 71
89 94
258 259
178 177
114 65
264 33
82 256
13 270
23 242
96 272
133 242
11 11
131 83
247 226
43 78
70 253
151 67
225 147
258 113
215 0
43 167
177 163
8 18
270 261
181 218
278 109
276 5
187 253
153 253
268 156
116 133
0 3
88 141
223 26
211 257
245 269
111 221
137 144
182 184
169 192
145 224
21 275
88 89
251 97
209 95
178 93
142 99
101 141
52 237
178 281
71 33
111 29
83 168
235 200
96 16
70 187
139 15
50 268
67 187
15 157
89 195
3 233
241 118
284 133
196 84
284 108
135 76
283 172
182 168
218 23
37 178
103 240
45 44
68 255
102 218
80 261
222 241
100 16
212 159
253 174
34 10
237 242
266 151
258 168
199 100
15 31
35 80
243 77
285 28
101 175
230 11
254 79
266 95
32 125
278 243
135 158
9 227
40 217
252 33
145 231
193 229
71 195
5 59
158 76
270 0
24 137
122 289
33 257
199 125
87 257
220 137
153 89
43 150
236 255
240 42
204 206
2 1
144 38
221 55
137 5
5 208
22 281
138 126
288 198
19 63
72 234
54 211
215 31
27 15
143 204
288 120
230 60
36 116
146 280
71 282
137 34
251 185
249 200
57 135
194 88
110 61
57 13
31 138
32 63
231 188
77 167
287 202
100 220
187 279
259 233
265 174
255 7
282 125
222 9
42 3
280 258
114 244
140 100
199 52
163 33
158 154
28 161
120 251
105 114
93 168
54 40
51 22
269 118
165 236
135 104
130 287
233 69
75 72
78 231
226 74
242 51
172 209
128 46
61 163
191 16
38 155
215 258
180 281
192 70
110 118
70 267
173 51
188 259
62 204
28 85
259 280
128 137
125 200
287 78
271 81
245 66
39 221
34 143
278 51
227 110
94 77
71 83
247 62
67 110
140 33
175 219
88 61
173 267
112 14
41 268
205 2
10 131
130 7
179 22
227 5
22 202
28 266
132 265
133 267
252 87
100 173
12 76
139 249
143 143
124 82
194 147
189 277
97 259
76 101
187 92
262 194
41 151
44 46
126 36
180 113
133 269
14 51
56 96
288 284
109 82
17 192
142 145
253 249
241 214
52 285
43 237
209 127
115 154
90 216
78 269
18 282
56 277
196 203
140 126
44 243
178 117
151 17
237 85
221 244
79 22
252 101
212 10
44 211
45 187
137 157
67 257
95 102
0 100
273 114
117 238
139 31
223 59
112 98
23 150
180 247
64 236
77 177
71 103
269 252
206 265
117 211
182 49
102 284
35 83
81 217
57 209
257 110
105 39
74 16
264 109
276 254
231 225
75 278
180 45
177 85
263 265
216 28
232 5
45 125
218 212
99 177
123 230
11 104
2 198
88 5
286 194
79 197
5 14
244 175
259 121
222 257
257 176
118 225
236 286
157 129
21 220
183 279
43 234
145 31
68 265
146 51
275 114
218 160
241 26
216 285
95 191
23 272
92 137
177 36
52 167
65 11
189 140
115 210
189 138
226 115
139 119
51 233
163 122
44 76
217 90
288 203
150 162
225 269
195 105
234 217
147 154
54 186
30 51
42 38
39 256
229 54
148 125
56 204
31 68
233 275
94 187
120 137
25 18
247 275
56 279
139 90
111 170
12 19
97 286
154 83
3 169
168 163
63 47
13 242
69 227
94 189
273 80
64 112
281 123
75 187
203 73
3 87
208 149
276 112
98 4
36 143
159 74
33 221
90 248
235 223
119 217
155 77
76 104
92 178
89 205
81 94
109 182
225 123
109 180
235 280
14 240
78 220
87 235
283 257
265 265
121 274
183 71
27 247
151 107
187 68
8 105
151 78
11 129
77 69
149 131
216 244
30 166
118 166
274 75
180 261
235 158
70 118
1 43
274 239
45 155
221 285
14 94
93 52
54 288
283 168
188 182
269 78
255 249
268 154
72 82
40 131
142 134
194 173
131 123
66 24
207 239
221 26
287 76
12 176
36 247
173 86
25 169
272 277
61 222
101 228
167 121
234 151
118 94
177 211
215 46
150 220
198 0
167 215
93 234
204 13
277 289
118 246
77 38
55 23
276 1
104 88
250 65
4 4
26 129
171 66
152 74
288 182
85 282
154 144
63 115
282 51
62 159
285 191
147 193
45 50
130 136
239 14
192 264
263 256
29 132
203 63
179 4
224 254
188 180
231 167
230 141
280 269
19 31
218 106
109 237
217 68
258 56
27 276
255 281
141 282
199 183
157 271
63 211
26 39
270 52
37 134
241 39
88 8
213 57
184 125
235 258
281 167
284 131
2 196
121 180
137 148
252 284
110 78
135 202
130 133
93 170
32 163
286 217
103 93
251 55
83 157
141 278
156 38
279 163
35 249
233 187
264 117
26 119
47 237
247 243
165 18
0 98
135 227
276 232
258 12
232 90
72 250
137 227
129 61
166 32
125 98
123 113
178 246
89 139
18 251
61 115
98 270
116 198
206 278
25 22
190 18
31 140
27 138
175 70
42 173
30 64
95 73
117 76
22 250
270 183
78 257
121 240
63 100
114 246
208 249
135 0
129 67
83 82
63 270
75 252
85 120
132 136
239 119
164 93
285 16
72 58
261 97
205 107
137 55
241 77
196 80
125 257
3 134
275 258
193 277
269 172
202 39
217 259
253 190
147 29
18 54
280 188
142 251
102 88
157 67
254 192
206 51
276 260
3 152
17 224
251 114
34 271
283 213
249 189
179 196
52 134
39 178
267 47
220 231
136 192
45 209
238 35
243 35
111 114
233 221
248 208
275 212
81 58
228 25
215 283
146 70
81 62
250 246
241 185
202 27
180 209
194 43
13 78
199 212
10 36
208 233
151 160
129 255
286 82
152 164
221 22
203 252
109 200
170 83
134 19
211 175
41 10
3 89
39 269
112 16
77 157
89 103
284 255
116 78
220 203
287 127
39 142
235 149
65 162
3 116
5 265
47 14
244 22
66 44
88 22
171 268
181 234
77 151
44 158
201 54
206 203
252 51
147 203
206 238
149 288
213 18
225 220
2 194
200 129
221 110
278 128
253 215
220 197
199 98
44 118
271 31
165 65
134 172
253 240
38 206
88 232
107 263
182 143
103 212
20 114
200 25
164 165
2 3
36 82
174 262
10 77
263 157
51 280
260 3
29 252
142 58
245 132
22 164
178 141
234 219
259 23
271 215
41 19
219 150
8 137
59 1
94 282
100 250
223 225
276 240
33 279
135 102
260 265
221 272
136 65
144 113
203 29
218 210
18 181
119 259
146 126
128 7
260 12
38 116
164 283
244 201
277 68
90 141
114 182
24 0
8 282
54 57
217 25
42 210
246 234
219 91
39 7
172 156
82 171
132 279
207 224
288 178
234 284
142 39
133 238
87 154
45 33
51 114
205 225
45 119
15 167
40 223
140 123
30 144
180 115
209 157
248 64
43 187
260 167
4 247
50 2
122 75
144 44
24 147
68 104
193 90
196 168
17 12
20 262
116 14
84 19
18 262
136 233
23 91
88 283
137 99
77 159
127 213
72 6
78 251
88 125
161 117
104 275
18 89
15 120
183 32
225 7
175 289
91 48
52 155
164 213
54 219
256 120
166 6
42 82
65 49
21 273
191 274
4 83
103 84
24 38
222 87
83 95
211 212
230 34
41 221
248 135
61 136
124 268
153 171
154 109
54 188
66 255
122 23
263 108
261 99
240 86
120 106
243 257
189 69
244 199
39 75
212 281
245 157
176 233
26 266
117 187
184 70
272 44
229 167
132 138
162 183
47 268
24 235
138 153
276 156
216 246
139 60
204 238
31 97
217 46
287 41
135 183
113 86
271 180
213 249
231 113
118 140
190 59
148 123
151 175
207 175
253 140
231 87
171 193
19 260
187 106
56 69
54 223
192 160
63 244
37 57
28 254
111 49
237 207
186 95
13 7
205 72
165 175
254 167
185 273
109 59
168 94
98 180
35 85
270 44
178 198
200 272
225 14
204 8
271 77
236 164
175 237
97 43
71 236
100 65
204 243
36 2
247 95
51 266
35 95
285 40
237 178
210 34
57 83
169 85
54 157
30 104
120 272
267 252
137 73
265 46
143 60
214 80
4 217
26 198
260 275
251 67
43 220
223 20
141 125
144 168
216 206
179 211
75 177
48 184
92 236
87 224
146 188
270 141
60 286
67 135
195 82
115 157
212 118
55 276
79 88
214 156
79 59
285 42
127 91
230 200
216 30
287 50
250 284
250 190
286 131
38 182
227 146
267 83
190 137
190 182
270 277
46 76
162 229
230 36
92 123
282 249
153 27
79 39
271 56
210 8
252 82
109 258
118 84
187 144
191 30
255 124
74 95
90 93
256 243
167 28
252 282
212 211
106 167
241 241
13 43
176 4
216 217
200 214
58 223
127 210
59 136
70 25
254 247
97 218
239 214
160 160
85 82
259 144
262 140
207 280
281 169
208 135
58 278
27 237
20 211
21 209
227 117
39 238
108 38
73 244
187 274
41 166
22 0
211 217
258 2
79 181
85 157
97 165
69 22
160 152
100 191
268 262
163 276
185 185
194 66
197 226
207 18
195 187
154 34
35 251
287 232
139 57
109 80
267 70
31 252
156 102
28 145
11 74
82 39
7 266
16 221
4 286
137 91
70 29
178 76
136 111
104 224
178 221
180 43
10 102
88 245
197 106
134 237
15 19
39 15
64 24
273 166
36 240
20 133
42 224
219 233
270 181
171 143
124 62
228 231
261 283
160 183
112 7
161 121
14 47
235 227
204 128
98 287
201 63
29 208
250 87
83 170
229 278
202 37
254 189
79 41
226 134
264 4
122 260
155 142
255 27
158 68
17 203
36 52
189 20
265 287
29 191
85 135
77 103
25 199
157 253
203 68
127 189
260 232
89 152
71 160
33 62
166 166
210 197
56 183
11 178
78 255
117 153
60 124
51 262
139 154
51 118
154 266
274 273
267 62
279 129
201 114
228 241
171 270
275 77
39 281
80 236
14 5
75 271
36 26
97 273
238 172
219 60
102 189
132 245
231 256
254 261
37 0
271 79
223 229
281 288
93 139
99 46
189 114
140 277
284 24
8 255
85 266
191 188
89 170
26 134
212 80
144 189
225 62
235 100
221 191
89 107
76 200
109 158
54 180
160 198
122 250
82 118
20 277
88 137
176 34
252 220
261 5
67 264
225 113
242 22
64 188
55 101
209 49
211 262
49 186
62 175
257 126
41 15
134 257
183 142
208 118
24 249
132 41
264 26
206 128
239 25
43 124
30 207
7 257
222 222
74 118
173 74
58 119
175 283
196 1
282 165
275 172
29 102
203 152
29 16
84 55
209 18
3 129
257 65
115 208
149 104
34 219
142 41
172 68
167 81
216 162
170 181
151 158
259 131
45 269
72 200
190 61
189 206
185 104
84 51
225 143
47 255
122 57
153 77
239 38
188 260
134 193
156 278
56 185
256 134
49 269
51 185
246 19
141 280
270 85
155 3
36 130
260 278
150 83
240 216
158 54
99 258
240 79
98 239
163 214
174 88
21 260
199 188
17 43
44 116
288 281
112 243
246 136
42 114
240 149
178 114
95 273
283 54
101 286
23 6
221 84
201 226
105 192
24 89
164 29
223 74
125 124
90 62
278 232
123 213
236 232
247 116
80 255
101 59
262 39
285 153
229 209
229 69
255 216
61 77
206 27
113 146
52 257
179 31
126 268
182 66
70 60
22 244
202 153
232 186
198 121
88 276
21 227
59 149
100 145
111 80
187 184
171 227
235 181
31 35
104 135
190 230
150 263
272 165
57 65
252 247
122 15
82 221
220 92
214 246
107 261
92 112
151 27
272 118
40 176
192 12
191 262
233 125
186 238
229 86
36 103
191 289
73 152
57 18
238 168
288 217
45 189
147 40
200 84
129 145
135 112
152 83
260 188
243 39
91 199
14 194
124 4
143 230
216 177
140 163
165 67
202 130
50 179
107 275
287 95
37 250
71 85
12 106
149 222
143 92
174 32
24 255
255 171
283 152
165 62
102 82
252 222
222 255
247 9
30 228
203 106
278 194
236 196
226 174
123 44
163 263
133 201
201 222
53 279
31 17
112 228
174 180
180 111
66 104
211 195
32 65
6 3
289 165
38 200
115 101
287 272
106 177
86 146
130 278
236 276
92 46
141 6
205 256
166 244
86 270
36 194
200 110
170 145
273 45
142 147
196 35
227 148
269 209
112 284
150 155
216 160
178 209
23 63
18 90
180 125
248 38
164 7
27 239
135 170
69 285
60 81
91 106
127 124
68 196
182 201
262 25
92 54
31 124
254 54
212 8
48 11
186 108
14 178
213 213
79 177
17 157
201 138
53 55
187 125
120 199
280 11
207 131
191 141
270 138
114 95
153 131
109 265
176 267
104 42
185 275
269 136
272 273
65 99
76 75
287 129
29 14
274 6
133 77
26 190
278 235
203 57
256 147
179 168
118 0
111 59
92 114
47 161
162 10
206 14
175 229
201 126
227 14
282 185
168 169
286 281
268 274
29 151
93 62
74 175
42 91
5 114
67 115
219 148
142 271
1 131
55 73
141 103
40 144
131 254
83 78
204 92
89 19
230 190
195 282
164 264
26 1
180 89
269 47
135 78
220 102
99 286
282 108
97 63
119 241
147 121
213 217
52 189
35 198
184 184
205 191
250 33
174 68
139 48
20 33
91 67
63 156
202 228
242 204
29 193
12 232
45 280
137 49
121 238
268 128
245 128
240 76
100 28
242 149
174 37
135 280
121 276
114 147
222 266
57 265
204 254
71 153
247 161
239 207
3 150
116 85
112 96
123 98
286 84
271 140
193 62
113 114
216 72
73 160
42 76
62 102
66 102
77 227
255 179
190 224
94 217
91 192
251 35
160 158
59 117
177 194
44 222
38 1
12 114
288 141
9 140
287 200
57 170
201 107
200 12
35 206
238 179
39 236
229 15
115 149
17 175
42 270
60 30
228 35
208 241
176 128
146 39
168 278
177 283
160 81
230 109
164 182
190 12
74 116
80 252
76 231
13 67
162 255
194 276
222 207
11 38
14 18
184 50
82 136
66 70
55 124
18 30
15 53
160 220
40 11
204 94
42 89
46 58
234 261
214 281
253 7
23 146
30 33
174 240
122 154
2 266
254 9
22 154
7 208
135 223
180 127
263 93
98 229
243 89
174 183
27 21
207 266
254 221
100 70
256 189
33 55
132 16
282 35
245 79
54 133
96 177
24 246
54 257
66 286
254 275
138 25
32 169
134 200
205 223
285 183
56 75
108 186
67 34
21 271
154 147
135 181
226 265
187 146
180 75
246 60
111 0
10 95
73 32
222 69
29 282
164 12
140 102
286 204
60 202
60 172
212 194
238 86
22 94
96 86
11 115
83 188
191 14
243 117
179 156
149 266
5 136
188 110
45 37
217 283
196 215
187 266
154 105
70 58
69 152
202 98
226 178
213 55
76 17
39 80
257 128
237 149
176 177
247 134
234 193
230 246
53 153
243 98
256 220
23 36
262 285
159 181
109 52
157 52
203 240
276 244
98 70
54 246
244 120
188 22
169 115
236 211
132 160
266 285
220 267
159 179
209 131
284 36
282 94
221 193
181 1
159 190
266 262
261 126
11 43
187 257
60 269
208 179
230 68
222 18
39 114
281 173
146 199
43 84
110 228
287 61
175 268
260 1
211 127
269 65
117 151
25 172
137 103
274 218
104 208
119 245
35 100
78 201
23 224
81 90
195 280
201 189
86 32
230 89
173 70
113 124
128 244
242 131
105 228
285 232
175 115
275 42
69 37
50 47
263 218
131 39
43 242
28 189
142 132
91 250
162 265
230 154
51 49
130 125
169 176
134 288
89 91
202 41
150 184
116 284
100 2
201 187
168 14
149 96
91 278
19 175
234 197
238 170
56 181
120 139
254 277
4 139
182 285
151 97
217 176
129 88
184 238
58 150
266 85
124 59
160 51
41 168
49 234
91 25
102 31
236 278
102 207
274 97
74 141
172 261
100 189
199 82
176 114
278 190
219 205
84 204
225 70
20 250
288 44
234 133
143 186
8 225
213 275
73 187
273 42
193 68
117 170
213 283
117 172
109 214
96 214
12 221
221 283
137 208
154 238
265 105
67 113
216 117
97 194
194 203
69 257
2 68
177 218
226 271
86 158
265 50
77 233
145 283
167 68
180 169
155 140
100 67
141 273
64 286
214 106
11 230
264 285
45 198
61 171
221 61
98 31
122 40
33 140
267 68
275 272
81 38
53 72
210 75
33 116
256 166
152 241
127 254
267 276
249 198
285 202
161 259
196 117
281 271
124 42
166 94
83 23
2 114
10 185
52 267
175 251
112 278
191 243
85 233
82 159
158 219
11 82
112 201
228 130
272 53
223 61
200 56
71 204
56 210
66 214
120 247
127 121
270 49
157 104
247 11
87 178
267 60
240 261
1 183
55 1
104 133
68 234
160 119
126 215
259 125
79 216
94 177
231 259
212 255
225 180
169 103
255 127
15 203
94 50
247 285
99 129
135 156
115 126
147 132
150 240
60 87
272 194
71 191
176 47
120 257
265 67
163 281
39 43
169 13
106 37
242 3
77 91
5 130
56 62
12 80
88 209
155 100
59 121
33 267
121 108
273 22
40 1
7 114
74 104
207 92
11 86
52 187
196 3
152 156
99 134
80 263
49 101
32 13
119 196
53 124
239 173
213 247
161 263
227 132
287 151
269 69
19 109
161 34
235 256
273 63
4 213
136 154
218 69
59 96
201 203
95 62
175 55
272 261
38 218
184 144
201 21
131 85
166 128
88 237
202 204
148 20
155 5
95 220
119 187
48 144
144 67
154 240
264 185
145 227
119 15
66 26
238 182
130 120
144 145
116 180
7 251
188 65
78 87
270 272
169 99
162 50
58 63
206 97
54 205
123 35
221 90
69 184
127 201
220 9
88 256
92 69
96 179
72 206
184 182
93 41
202 50
41 161
98 196
239 262
8 148
93 190
189 262
267 264
110 242
65 116
123 104
202 155
205 12
221 265
118 216
65 186
140 275
28 143
1 200
43 32
88 263
179 158
236 180
111 25
180 21
224 256
84 30
48 16
132 172
40 232
65 71
115 36
162 8
66 143
15 234
235 215
9 104
244 27
95 175
97 2
38 3
240 34
210 148
30 66
198 264
5 153
163 172
252 177
262 142
279 192
202 185
171 218
197 222
181 196
32 78
108 135
42 176
106 57
107 259
82 19
170 245
53 277
3 182
193 213
188 255
179 231
92 218
75 245
280 94
192 234
250 187
205 4
257 27
267 158
281 13
88 123
235 91
36 283
72 175
91 44
16 121
147 195
284 85
117 177
287 270
261 95
227 53
117 155
209 235
249 43
172 263
9 73
55 82
148 199
26 26
15 44
130 49
3 224
39 184
29 141
116 22
115 63
233 224
125 191
117 196
155 204
47 280
49 143
68 46
124 53
198 171
268 233
199 166
127 76
29 18
246 88
39 112
217 243
178 262
283 232
278 17
59 185
36 111
209 11
214 73
58 123
22 228
262 118
45 20
269 103
274 283
156 75
89 172
263 203
178 44
8 278
143 284
92 43
224 112
62 125
175 211
225 36
211 130
29 35
110 58
177 168
288 46
206 226
262 216
268 185
257 14
121 34
245 253
280 47
140 24
164 138
49 262
263 74
232 163
37 220
239 71
171 45
16 58
64 0
66 51
124 163
196 249
12 112
93 214
90 124
197 205
33 99
161 214
203 11
161 89
223 163
155 89
16 257
27 278
242 200
28 136
13 85
140 176
116 184
23 200
193 196
98 13
227 70
72 238
119 224
237 228
181 158
55 59
228 178
125 92
150 86
23 81
252 103
279 49
99 74
135 214
112 199
230 211
50 237
168 214
82 80
124 166
265 83
231 128
166 207
78 135
154 156
242 217
167 56
29 83
127 6
93 118
104 204
241 177
57 146
185 44
243 174
157 31
204 59
161 257
111 51
208 139
71 239
59 240
10 10
73 202
35 281
9 69
148 112
205 166
231 111
216 106
168 123
264 195
1 17
109 32
190 96
220 24
69 33
191 93
120 261
180 263
133 283
2 140
148 188
167 175
170 56
123 118
236 162
47 192
285 215
143 30
49 256
269 288
139 205
104 279
113 67
24 145
33 101
116 175
207 116
264 193
109 154
82 184
112 195
125 230
191 74
170 9
43 226
132 43
283 186
118 181
1 15
45 192
34 24
100 127
231 124
141 17
36 238
74 276
13 118
49 3
269 236
192 91
33 85
8 113
44 156
157 243
33 35
92 96
282 53
23 65
198 249
93 284
155 68
148 109
26 51
249 68
0 265
190 65
153 75
44 18
20 221
192 273
40 185
106 254
169 272
175 143
68 119
288 242
20 89
145 53
6 118
138 116
279 227
174 158
125 253
282 31
149 264
247 36
47 4
141 249
201 99
40 39
182 126
17 164
89 250
119 274
98 260
44 144
166 240
247 93
35 153
153 107
126 24
264 199
144 200
234 52
131 174
22 237
266 72
7 249
151 171
86 137
85 274
282 127
80 219
229 48
56 21
237 176
47 198
54 165
152 264
259 17
50 158
274 220
150 198
87 261
136 32
67 146
265 172
232 35
252 183
120 74
265 252
80 20
242 176
21 2
34 117
281 15
130 243
74 189
42 116
75 115
133 285
43 87
224 227
171 216
20 35
148 173
285 244
141 254
29 49
199 26
220 227
21 223
202 268
59 208
189 142
91 27
115 176
188 71
88 176
234 83
122 233
234 277
59 100
27 235
43 126
112 22
256 226
146 239
92 248
196 24
221 242
121 188
266 194
48 96
21 152
278 1
35 286
11 183
267 288
12 95
250 256
201 240
100 284
201 285
114 90
179 90
68 229
264 213
170 228
276 7
275 214
260 141
7 284
275 56
36 24
269 240
118 242
135 191
183 155
145 186
19 67
61 146
137 190
161 275
237 37
37 222
83 233
6 84
80 221
216 210
144 42
5 86
267 126
259 277
221 136
91 64
36 43
225 21
98 87
193 246
139 177
214 206
224 271
241 257
2 256
40 270
42 73
107 179
196 164
18 10
191 149
236 240
209 27
153 160
71 139
78 18
174 209
222 114
171 247
121 271
45 238
99 142
164 237
191 20
242 198
134 187
283 139
189 136
211 17
155 145
59 220
87 208
89 213
14 101
160 38
267 208
147 114
267 152
228 185
205 252
147 186
98 67
58 31
10 106
6 218
147 128
59 147
163 6
96 167
283 38
193 162
37 252
254 29
50 90
110 172
153 100
39 101
9 229
61 5
120 78
67 284
76 179
38 52
23 115
115 34
94 100
17 179
150 105
111 15
144 90
94 66
58 74
245 39
125 50
259 65
90 174
208 74
38 130
69 154
204 221
269 87
281 171
221 179
89 207
143 46
188 38
250 222
251 241
96 5
80 15
98 148
36 267
13 187
280 65
2 235
147 160
54 178
144 133
107 59
179 194
259 4
247 40
101 240
236 86
185 278
86 268
54 137
155 52
254 88
272 141
144 51
59 83
178 233
144 40
131 60
86 180
196 166
266 187
98 163
151 88
269 229
170 149
91 281
217 94
181 141
62 267
266 229
20 112
34 129
20 258
173 236
286 52
262 198
34 159
53 45
84 136
8 32
17 174
103 202
244 37
78 101
165 234
156 288
68 213
231 47
63 186
238 56
13 69
124 29
125 266
230 165
131 87
131 281
16 202
163 157
45 225
234 171
240 140
52 176
123 271
107 115
247 78
81 40
31 57
126 162
199 161
168 149
146 41
244 159
252 142
105 69
284 211
204 36
204 56
202 95
199 112
250 52
20 122
14 196
182 170
113 153
178 112
44 282
16 54
248 256
72 196
112 263
134 271
186 37
255 81
74 250
40 164
153 268
144 121
89 178
170 174
32 11
20 54
150 191
12 132
34 165
158 140
80 257
211 56
181 67
241 90
82 41
244 64
240 127
119 5
188 102
214 112
192 158
133 5
214 126
286 27
144 188
176 1
110 116
67 108
69 130
226 12
176 25
223 54
61 83
50 13
258 166
239 125
130 149
27 168
17 211
221 132
210 10
286 35
45 123
194 29
274 21
83 29
35 157
111 181
131 140
148 80
231 40
117 2
104 16
127 199
133 240
90 101
282 240
206 91
160 225
186 50
153 175
26 255
59 32
59 78
92 180
271 66
172 150
52 287
166 136
286 125
106 276
25 20
210 277
76 73
55 71
83 134
49 123
3 252
28 50
127 246
248 132
13 218
170 190
139 122
96 190
240 255
234 89
22 80
284 242
97 35
127 32
39 140
12 101
288 99
280 127
182 124
137 2
14 176
279 67
88 211
80 92
63 205
9 284
52 264
11 272
288 230
128 242
145 131
211 116
71 257
87 285
217 27
79 234
8 160
262 17
103 129
254 144
13 81
229 41
79 133
20 0
146 285
108 218
155 254
105 202
258 122
68 9
169 216
82 93
250 102
43 161
226 145
201 124
136 18
130 42
206 179
59 102
151 221
151 252
3 16
256 247
69 251
140 67
107 52
263 50
10 113
165 81
10 133
158 39
127 119
171 207
16 166
129 65
81 120
72 135
163 132
54 68
262 214
146 68
267 236
98 17
275 140
32 146
75 39
38 260
91 212
201 52
67 28
183 53
239 141
190 188
65 28
286 60
242 146
190 190
199 177
98 25
135 91
150 173
110 279
13 71
90 237
243 41
144 255
223 243
138 53
17 4
166 60
201 163
250 208
152 25
272 155
6 112
106 138
137 101
226 267
222 137
58 172
224 119
213 258
113 48
71 151
153 81
4 198
174 141
153 244
122 17
179 175
281 49
71 177
242 215
52 122
16 155
135 100
123 275
151 190
141 49
225 163
16 46
15 282
172 246
205 74
76 119
262 204
188 216
49 115
9 34
191 139
63 221
110 273
168 30
2 282
84 147
261 257
167 47
102 148
76 93
166 64
176 76
55 169
252 3
177 235
45 160
36 285
219 179
102 42
133 224
237 280
259 123
11 110
104 112
14 9
132 121
139 268
125 120
187 1
127 47
81 60
165 238
98 150
108 216
110 143
90 276
204 101
171 116
108 202
112 245
79 259
209 247
80 65
266 34
72 87
48 199
172 118
71 158
158 221
160 10
284 81
45 48
61 117
155 126
74 206
118 154
92 216
25 91
218 219
151 128
139 281
48 134
41 235
127 89
33 223
156 153
91 91
110 259
108 55
162 14
264 156
204 98
38 82
190 83
155 270
102 152
169 46
209 166
120 23
151 247
214 219
68 11
265 202
238 259
68 20
50 177
116 207
32 16
91 195
198 254
110 31
212 76
30 169
204 219
91 18
166 15
129 253
233 50
255 10
151 132
10 182
220 260
204 203
257 90
42 181
113 11
199 225
176 247
37 42
76 87
236 284
145 29
59 10
213 53
143 97
282 174
271 64
157 2
231 156
50 282
228 97
96 284
68 70
149 171
75 159
9 266
24 279
218 189
136 288
89 257
211 132
198 179
28 29
286 123
101 211
149 186
110 202
94 103
45 234
287 157
252 99
129 248
183 180
273 77
283 78
143 252
208 275
3 35
73 246
237 274
159 185
67 22
130 147
274 285
96 61
20 165
14 79
26 136
121 5
111 286
283 191
87 264
26 188
236 246
222 52
24 111
226 167
157 241
251 248
222 93
67 130
67 72
267 37
81 254
77 133
118 185
1 96
18 202
78 60
155 41
256 12
258 275
130 172
277 107
198 117
245 41
225 176
