100 269
210 233
95 79
101 248
212 52
26 171
222 161
262 255
106 116
33 8
182 130
55 64
164 170
100 14
64 125
25 131
86 52
224 43
78 205
161 197
27 281
44 48
4 81
123 26
51 140
64 159
264 48
182 3
267 64
207 262
273 140
224 114
256 214
257 169
140 250
46 87
82 235
118 79
4 215
63 28
281 103
179 264
261 23
95 165
231 126
268 39
76 142
283 17
257 220
285 157
71 40
225 117
185 55
266 232
139 99
6 276
127 168
35 208
245 146
54 266
124 48
215 72
229 149
167 95
242 88
153 272
194 91
213 1
237 263
3 284
259 177
219 62
139 209
147 170
19 182
93 49
26 138
22 114
140 216
183 199
76 157
110 27
13 35
219 191
143 223
232 230
36 10
237 257
85 185
109 9
242 129
6 151
208 194
31 12
165 132
55 103
65 230
219 93
79 196
80 50
199 173
90 87
210 53
102 132
180 129
130 247
119 85
166 44
52 46
116 24
91 139
109 260
133 150
249 284
216 289
224 196
269 231
119 182
48 183
195 167
32 144
198 24
93 79
234 245
185 239
135 93
166 11
21 56
287 279
116 95
38 92
101 188
248 7
71 136
57 97
92 121
172 145
12 69
61 89
180 3
264 31
43 280
31 99
75 91
246 13
246 7
29 69
1 142
83 119
127 62
266 171
50 97
53 65
230 226
90 194
286 160
224 13
148 253
285 77
272 285
168 83
14 142
19 213
116 173
264 44
25 269
77 260
18 261
83 121
149 118
108 238
158 102
7 20
133 280
251 157
44 148
93 18
73 208
274 17
252 286
120 287
176 285
103 111
115 286
38 185
139 214
116 65
106 108
25 277
261 186
274 113
41 219
229 228
175 48
271 195
39 54
194 165
239 40
94 120
138 211
97 162
150 158
181 185
268 50
118 174
200 51
188 209
237 281
76 251
20 236
120 249
142 92
54 140
69 225
177 175
25 162
160 255
285 279
164 135
248 84
246 106
222 14
165 126
236 83
95 219
251 199
67 215
247 197
10 72
82 169
279 269
257 112
223 16
217 128
102 238
59 39
42 20
202 35
169 44
113 158
186 145
175 179
123 174
128 105
89 233
11 265
116 130
30 168
218 74
60 1
120 155
287 159
23 94
8 133
183 67
95 270
262 202
212 32
222 24
146 158
115 15
25 23
105 229
152 173
191 179
162 216
112 154
179 283
184 104
95 118
218 72
123 96
164 239
110 69
270 182
197 247
227 166
140 66
11 71
26 266
274 107
278 226
166 168
281 268
231 12
38 44
172 115
172 191
195 89
157 65
171 73
273 191
225 38
115 66
141 120
104 108
284 209
117 285
186 216
71 196
33 207
86 231
235 273
248 12
111 117
136 222
102 43
183 219
55 277
160 91
2 95
256 67
58 200
169 209
138 142
79 49
14 224
191 48
270 104
17 222
62 93
3 41
284 149
281 175
242 50
112 183
142 245
69 106
183 101
1 164
104 206
160 36
248 76
56 81
76 2
281 190
3 228
17 204
89 215
43 130
85 159
45 17
57 103
243 148
72 96
255 113
39 219
7 85
165 95
169 58
273 241
71 202
62 0
260 246
78 229
167 62
31 48
245 198
53 239
18 193
172 229
24 171
52 100
21 200
229 188
16 73
24 128
43 34
75 152
207 204
201 122
18 34
36 131
194 71
267 136
197 199
271 192
285 240
128 90
75 56
188 103
279 202
42 170
286 241
24 80
183 52
57 202
236 111
21 64
149 154
50 132
189 79
3 14
237 106
177 108
283 193
285 99
244 267
168 104
204 96
10 76
176 217
198 164
241 21
152 223
112 144
134 162
146 201
4 235
51 112
106 203
131 257
168 106
279 287
202 270
55 30
44 163
234 148
94 64
14 37
89 104
253 105
278 49
70 280
261 276
19 75
44 90
57 124
261 37
248 235
278 131
53 74
260 258
48 92
41 113
288 18
57 89
35 58
138 113
259 119
104 190
25 236
275 130
256 192
34 123
57 122
289 232
47 34
66 229
88 239
233 228
265 7
262 174
182 19
268 271
33 209
167 66
102 283
117 240
248 270
169 147
199 199
243 26
66 186
142 66
61 95
215 32
207 147
140 16
88 174
160 157
146 109
115 99
32 82
229 44
247 222
187 255
93 116
56 141
168 118
202 56
105 262
210 28
25 118
157 273
231 43
243 65
129 125
96 181
112 69
87 233
6 19
26 279
70 113
219 25
28 33
131 201
220 209
184 71
180 277
126 28
22 54
194 215
73 86
263 98
38 132
243 5
206 276
233 258
6 145
129 5
241 254
98 100
174 75
279 64
285 151
186 182
196 238
172 177
94 212
110 176
259 27
228 59
45 203
210 80
255 111
228 84
129 198
139 22
241 5
189 94
262 48
121 285
242 80
266 156
159 186
122 189
111 275
141 56
192 64
263 154
143 225
99 288
41 71
59 210
60 135
74 59
282 13
259 135
27 69
137 289
214 285
11 197
108 103
193 14
111 67
228 81
202 230
27 130
126 188
11 279
272 29
121 73
192 190
151 104
186 102
34 198
79 200
0 64
70 200
110 217
49 254
15 225
249 43
100 149
205 93
236 66
75 3
104 125
102 243
203 104
206 129
122 105
151 85
228 4
70 249
142 52
288 270
56 136
281 230
161 261
11 21
269 164
233 199
226 121
167 43
116 205
25 61
31 227
118 199
74 88
247 211
212 259
130 256
19 173
91 230
145 198
59 12
91 191
170 118
208 48
267 229
191 241
76 206
159 195
160 188
125 35
178 24
106 239
270 15
266 234
251 175
160 59
142 44
9 111
210 194
172 31
233 132
288 125
229 96
166 124
204 189
62 113
202 244
224 194
101 69
150 13
211 214
193 279
58 242
21 116
224 132
40 272
127 174
74 230
117 15
61 161
84 61
41 56
115 124
118 156
73 190
164 124
103 70
105 60
279 161
10 108
254 272
75 273
71 240
22 6
29 65
129 200
172 105
119 285
236 26
249 101
186 208
165 205
37 268
62 167
92 283
281 258
83 156
50 184
37 183
207 94
70 255
144 109
58 81
186 248
126 66
185 146
198 270
179 17
32 9
82 87
90 280
92 259
31 229
98 26
18 118
264 159
96 87
39 174
133 265
265 32
274 105
238 277
260 256
3 69
190 9
242 255
272 219
94 30
190 276
231 39
142 37
109 1
56 0
232 184
184 247
149 76
56 221
264 51
89 241
38 11
73 114
67 261
151 63
181 23
51 246
91 169
39 167
231 165
189 126
36 256
153 242
249 157
214 81
25 234
227 57
96 46
44 190
167 138
88 20
47 3
246 37
186 151
268 273
45 41
69 176
210 129
255 191
12 185
198 109
106 241
208 50
61 208
287 46
99 141
97 175
202 61
248 34
1 265
132 87
228 229
60 6
106 110
289 184
84 54
44 176
28 147
205 10
69 258
65 13
111 170
228 281
97 106
155 239
67 117
203 128
221 230
245 160
107 112
186 8
31 46
46 236
19 129
286 209
75 5
214 191
227 175
159 28
165 134
9 84
26 127
34 26
98 127
30 256
130 209
215 221
1 228
151 207
250 184
272 283
251 51
197 86
165 172
274 138
54 63
196 87
63 207
240 104
152 163
163 235
71 8
263 46
156 69
19 206
167 188
273 215
244 133
44 205
126 132
245 25
221 221
134 286
139 4
181 91
27 153
34 156
12 285
100 73
273 196
48 226
92 41
236 233
89 252
1 224
59 3
284 126
155 206
240 50
274 116
286 86
188 273
195 86
148 250
201 185
207 151
144 95
90 232
289 130
190 22
226 119
85 205
277 130
121 242
209 140
160 30
120 7
205 27
4 16
127 118
84 284
199 123
6 226
144 257
60 199
209 280
13 269
89 24
93 271
265 119
239 216
145 253
70 94
186 126
106 179
1 86
148 26
98 129
84 219
249 245
177 30
276 158
153 6
286 255
107 253
88 179
273 84
268 227
282 253
108 191
276 163
189 32
168 90
4 3
106 278
87 272
11 283
283 61
214 111
189 130
196 288
183 18
160 2
92 151
279 71
121 115
251 5
5 149
159 153
57 39
121 224
55 287
25 188
6 248
230 130
241 147
187 9
134 239
165 281
36 122
189 11
162 18
111 145
170 218
90 259
69 117
119 237
152 117
243 9
22 226
133 181
17 32
56 23
177 143
116 203
216 45
253 77
62 287
220 193
200 130
9 20
157 8
118 228
81 196
56 206
110 174
122 142
184 127
251 155
223 179
192 229
179 167
187 277
126 232
123 225
180 233
91 89
188 151
98 72
90 5
259 139
181 200
166 14
128 60
131 246
230 84
128 63
254 146
284 216
109 167
219 180
224 241
181 202
256 223
103 60
76 95
136 211
281 192
112 273
101 213
56 19
211 1
239 265
231 7
26 62
221 130
87 282
82 73
213 14
181 155
17 52
281 202
35 288
1 60
173 120
247 284
178 249
9 264
1 268
245 12
119 115
167 248
13 20
210 156
141 128
11 94
53 241
4 170
250 159
4 18
39 13
173 252
234 275
227 82
37 9
188 207
249 19
220 151
64 213
93 67
232 277
164 163
185 49
288 94
233 239
182 218
175 46
70 138
181 29
171 262
151 76
81 122
229 260
154 102
235 164
199 175
12 199
86 20
143 94
252 242
158 188
275 25
263 235
145 111
47 66
112 91
177 59
40 83
29 81
120 276
118 218
123 54
212 133
66 147
92 21
270 284
229 38
101 83
3 142
41 234
157 255
227 211
201 242
221 134
150 109
176 32
62 81
138 237
54 152
256 11
22 50
61 190
253 185
264 258
100 29
11 8
201 59
14 72
9 101
124 100
136 78
61 10
53 126
8 187
39 195
108 43
273 144
34 63
195 204
17 212
240 258
61 99
267 231
140 131
225 6
223 139
255 150
18 259
193 211
14 83
153 68
87 134
39 138
253 54
137 93
51 142
139 50
110 200
112 115
246 76
185 106
220 51
166 106
161 27
195 273
102 289
218 102
53 264
124 89
240 88
38 143
193 198
246 114
27 233
224 85
244 129
40 132
285 79
197 174
52 19
49 279
29 99
267 174
173 269
267 41
27 165
282 163
230 184
63 77
288 163
10 270
258 226
217 75
107 61
224 15
212 233
242 24
205 227
85 145
42 47
285 37
100 206
164 275
59 85
74 209
211 280
220 160
269 67
136 73
222 253
59 91
72 113
176 250
263 4
268 85
262 283
118 106
145 83
240 19
264 231
120 142
223 258
281 29
140 167
121 144
168 152
202 29
102 205
54 18
54 104
214 271
143 270
167 206
184 102
6 170
142 274
136 237
89 201
13 144
102 150
118 128
249 89
55 17
273 33
13 180
154 4
78 89
91 161
162 3
53 141
9 144
263 96
122 273
272 157
153 147
247 255
271 275
124 8
5 274
79 217
30 149
132 7
54 70
216 107
24 21
222 88
35 281
42 180
59 15
267 48
244 24
212 55
154 274
277 261
181 17
122 146
116 157
252 29
268 114
147 257
31 19
224 18
113 34
34 285
202 100
95 95
63 79
43 105
66 54
131 283
2 226
233 34
150 130
48 47
175 266
124 188
105 55
22 105
187 137
115 85
236 182
144 268
165 59
16 9
175 196
273 54
177 166
222 172
175 86
110 276
181 65
262 264
280 109
254 28
22 36
180 250
72 141
138 1
79 131
206 9
103 14
247 236
180 178
203 38
35 258
266 44
12 182
193 149
171 205
277 270
252 177
7 246
84 74
180 19
203 136
289 272
287 43
113 36
101 17
203 161
180 25
183 185
72 149
210 51
140 123
79 57
52 248
78 15
45 219
148 89
159 32
243 11
50 64
221 206
176 228
60 167
15 232
27 120
98 146
61 49
30 139
76 70
230 282
11 126
6 158
231 228
169 11
71 198
184 288
46 281
144 47
177 155
12 9
94 7
274 157
61 244
126 166
94 16
133 232
34 102
287 153
95 28
195 171
80 132
67 38
175 127
89 254
270 45
155 65
115 48
130 279
152 17
160 222
42 103
17 77
272 197
6 181
127 78
174 57
155 39
1 122
202 202
283 170
285 213
220 286
235 170
11 6
187 249
34 200
60 139
235 53
119 289
89 146
268 160
56 166
128 250
37 270
16 198
268 138
127 126
124 234
275 96
118 176
15 151
231 69
136 220
125 119
167 99
228 98
181 237
28 241
135 138
256 63
105 225
134 185
254 286
75 100
167 34
206 95
133 135
134 86
40 103
282 203
184 154
153 236
89 100
274 19
269 54
245 78
80 130
40 225
208 129
118 250
121 25
65 127
47 116
285 50
178 193
268 106
265 117
113 197
74 150
105 53
257 120
250 96
154 27
35 56
67 218
112 151
82 284
90 137
14 284
194 25
28 25
245 5
274 259
99 267
97 31
169 190
247 103
7 135
30 10
185 1
67 101
257 261
95 260
43 86
208 232
166 279
4 79
77 180
52 178
8 228
43 185
235 221
12 24
19 223
26 146
136 268
271 217
259 0
152 206
8 209
165 122
142 90
61 220
178 34
158 145
122 158
11 140
197 4
66 232
185 280
249 233
242 269
248 23
110 224
253 181
4 37
86 275
213 261
220 53
139 127
212 134
276 150
210 265
167 246
91 153
138 6
59 164
124 24
208 202
55 245
44 37
96 72
93 20
181 279
27 193
95 44
141 45
134 53
183 29
139 218
76 14
95 53
60 76
253 81
198 267
219 55
141 252
232 110
236 168
158 37
25 152
80 12
256 259
266 94
262 29
45 42
161 50
49 15
139 55
48 124
285 184
8 142
174 178
157 75
117 189
136 151
21 66
229 132
3 184
110 220
112 51
149 115
211 198
37 51
114 270
287 59
248 21
179 128
280 125
194 200
215 147
240 102
71 3
68 57
221 94
44 278
247 127
137 270
221 273
286 48
109 53
63 142
178 6
222 196
286 181
264 201
42 272
276 99
215 70
154 276
61 270
172 152
287 282
81 223
50 99
276 109
255 187
166 164
133 148
173 184
90 21
13 198
170 269
206 104
154 200
240 205
81 49
142 168
256 52
120 157
152 99
287 192
263 105
57 32
84 81
6 54
26 83
273 82
152 64
35 30
161 133
0 162
233 50
222 9
230 8
173 117
112 203
8 99
25 81
118 130
107 169
201 105
224 7
124 6
240 212
243 127
233 260
25 116
139 166
78 129
79 203
16 236
270 89
90 7
117 168
276 17
25 271
44 223
118 13
267 124
69 234
33 17
65 79
198 252
114 24
100 43
11 269
36 207
91 171
238 56
178 229
115 158
183 287
5 58
200 286
144 69
249 254
186 154
227 143
194 45
209 274
0 66
41 141
42 239
230 244
58 207
194 191
101 204
31 254
269 33
126 80
166 174
80 96
274 1
238 18
0 230
40 89
118 23
0 282
48 101
249 205
227 37
79 253
69 115
64 255
84 165
272 57
271 114
124 254
14 200
217 221
167 58
266 82
57 91
266 36
200 35
212 156
93 161
4 67
142 216
96 164
25 26
43 222
17 3
170 97
153 202
127 138
71 134
224 178
42 165
5 90
100 241
41 84
247 253
142 256
183 165
251 133
205 258
167 204
42 163
168 49
201 49
240 17
48 190
209 135
262 143
205 171
245 35
110 288
126 51
180 93
249 237
54 208
205 37
2 82
67 144
184 140
184 217
284 254
131 135
6 104
82 165
46 146
84 94
272 19
147 107
175 235
223 91
286 80
241 10
18 73
29 230
176 164
99 270
154 146
268 63
249 155
200 265
80 157
164 208
141 118
179 28
135 186
170 105
48 131
16 210
274 164
243 240
95 286
237 150
73 39
155 33
272 107
23 270
233 91
193 187
220 27
148 241
178 2
197 162
86 50
229 147
246 212
9 97
41 256
186 143
42 183
50 236
155 155
234 241
219 243
104 68
145 203
266 212
117 93
221 105
60 267
13 283
24 259
160 163
115 151
276 221
137 235
56 138
67 68
180 285
153 199
108 184
218 76
213 117
103 142
172 141
15 178
86 39
269 278
135 144
5 224
248 113
238 177
2 37
51 65
36 124
132 255
187 11
213 211
46 63
199 268
226 165
158 275
108 213
189 81
222 57
154 170
243 271
12 103
109 263
215 57
90 122
156 126
203 157
255 9
259 20
233 25
235 70
14 45
239 26
174 72
1 234
248 243
108 137
135 241
281 244
246 34
80 119
94 150
246 257
252 165
278 66
1 280
119 178
216 219
256 212
32 267
161 29
214 277
77 85
36 84
185 68
261 121
155 54
65 170
43 45
271 32
23 52
101 271
218 29
239 152
278 126
208 177
263 266
125 57
175 1
168 242
238 240
265 61
133 156
200 249
89 203
35 1
172 85
118 97
64 56
165 33
221 159
257 86
80 61
79 232
47 49
38 175
110 23
29 268
104 277
229 40
253 219
270 106
26 104
58 77
73 84
267 255
228 141
201 115
262 16
284 95
63 161
113 9
142 31
251 182
58 139
24 105
77 253
87 206
154 159
67 11
10 248
284 93
235 198
270 13
207 165
66 47
245 275
60 222
170 151
172 174
258 281
62 173
274 156
55 155
208 196
255 245
122 32
81 13
159 9
250 108
152 144
101 219
148 32
157 89
66 45
281 17
41 8
137 64
78 103
191 186
229 186
257 187
1 13
143 88
21 247
131 222
64 211
19 257
74 38
265 267
208 169
150 81
247 246
63 49
85 84
17 56
224 69
233 156
199 251
258 55
53 38
261 41
251 166
113 92
108 225
133 170
22 165
196 201
150 65
90 283
267 162
245 55
138 183
2 216
91 181
166 242
137 114
14 186
113 286
189 67
56 208
32 218
65 236
150 254
61 97
97 221
152 225
17 250
193 242
192 275
198 80
1 45
278 156
91 234
25 247
191 70
201 11
21 224
173 35
132 85
147 95
52 254
221 224
215 212
13 267
227 26
267 67
153 278
238 139
16 10
24 103
63 45
58 28
268 52
170 50
56 151
218 239
95 34
185 108
227 112
132 146
170 17
76 89
80 18
154 56
103 54
100 12
233 201
208 9
179 42
17 234
225 26
54 171
103 287
229 112
101 143
245 51
216 66
120 117
265 158
49 113
248 222
86 73
286 128
27 2
206 50
40 162
106 130
112 288
142 15
190 72
268 279
244 197
207 3
34 32
181 287
164 256
209 263
201 287
283 214
266 264
183 169
179 279
193 44
235 160
219 196
1 173
272 3
187 49
90 113
104 137
118 77
153 58
216 43
101 245
159 54
64 246
265 66
22 112
88 98
73 60
125 37
211 158
69 127
182 248
28 19
222 228
249 54
265 70
25 68
2 175
37 196
205 148
223 89
135 23
51 223
74 243
251 245
157 33
62 272
194 73
205 239
224 267
180 140
92 93
174 220
114 22
271 240
14 54
110 261
152 87
7 35
84 72
72 242
91 252
262 196
101 91
104 56
136 38
4 39
176 243
2 230
75 1
46 226
122 287
187 238
203 254
284 140
81 259
165 215
251 140
43 43
1 39
250 84
207 247
22 4
228 207
136 216
95 3
61 80
130 90
151 218
249 82
257 56
199 227
29 164
47 122
254 283
149 96
21 88
26 16
102 174
134 220
19 275
43 240
160 82
26 49
67 176
179 220
264 82
151 115
53 268
35 8
19 249
164 17
112 181
57 16
120 173
97 267
92 163
255 145
222 12
148 255
142 166
142 109
64 103
72 119
260 232
115 94
92 246
189 61
269 276
63 9
276 2
276 23
87 122
153 66
69 24
62 30
244 7
89 230
6 17
37 239
228 10
96 268
135 232
226 24
180 270
157 109
224 161
58 41
15 56
134 7
205 58
268 43
213 66
73 133
57 187
56 105
235 239
225 72
6 212
220 106
238 75
114 13
237 174
28 195
219 282
189 227
129 123
99 33
276 225
98 46
4 245
125 26
156 143
20 102
228 46
111 179
146 281
257 114
106 189
257 125
220 149
288 132
259 98
208 7
66 56
283 110
37 158
182 139
226 97
59 98
16 48
242 184
16 181
18 46
56 258
41 43
153 42
160 258
84 187
6 273
206 249
4 226
95 248
56 198
152 254
275 154
285 27
45 201
242 7
39 41
227 168
90 198
155 241
125 115
266 173
181 176
154 280
96 213
253 86
147 156
160 262
134 84
50 18
25 64
31 142
176 57
48 99
286 63
164 227
177 80
100 31
102 136
120 186
19 211
47 145
247 54
178 89
140 92
96 104
69 263
229 71
162 227
5 221
9 280
235 87
146 28
185 66
110 43
114 199
64 171
230 209
108 41
1 130
92 276
276 236
74 93
257 69
41 14
35 28
89 278
241 244
265 254
94 45
173 238
125 168
186 13
37 55
274 44
81 158
162 279
249 86
170 32
68 236
90 62
135 269
182 47
97 117
45 242
136 53
39 198
10 67
200 221
236 225
253 216
235 97
178 124
137 47
230 169
197 250
269 35
46 158
76 269
53 256
14 244
226 242
151 245
64 69
125 202
238 213
256 273
75 54
255 70
97 74
135 218
115 197
73 75
148 201
98 65
245 102
61 86
125 101
90 151
63 163
200 80
254 177
58 198
13 128
26 24
115 11
7 111
173 151
276 193
87 229
59 8
57 99
143 227
189 50
194 213
236 89
271 190
178 32
5 237
159 120
4 282
164 4
212 245
5 243
276 70
254 179
166 101
137 188
223 174
165 184
121 262
253 281
162 12
148 286
269 235
215 287
199 162
206 217
275 81
219 162
229 151
161 186
146 43
173 147
254 250
57 147
252 143
274 58
126 211
173 160
15 223
222 272
245 100
34 82
135 142
264 197
130 47
207 13
111 149
0 176
225 11
45 78
149 25
227 35
134 160
12 243
229 110
16 195
140 58
181 222
252 31
83 217
241 40
125 269
104 164
75 288
132 286
196 213
183 21
116 80
0 42
178 202
98 35
264 129
244 115
117 26
43 75
202 69
52 222
64 232
84 149
112 24
122 258
147 265
243 151
93 258
173 193
248 231
149 242
66 120
223 134
92 189
176 78
143 56
111 215
97 247
141 177
42 128
228 128
101 94
39 193
283 188
119 93
277 124
90 96
257 244
111 33
61 91
194 161
282 186
203 163
153 204
74 179
248 87
260 179
100 212
29 225
205 137
213 231
1 88
117 220
197 170
143 247
247 78
76 60
122 6
143 16
230 155
218 247
123 34
132 17
19 233
7 88
117 179
235 99
141 47
187 53
89 154
7 149
105 15
181 166
128 50
277 233
19 65
158 241
106 187
234 162
80 28
229 82
159 34
250 66
249 191
185 16
84 21
50 285
262 172
284 40
76 0
169 66
124 32
202 84
154 128
285 158
190 209
199 138
142 276
219 97
189 128
65 141
258 257
197 245
237 58
55 123
69 47
253 261
150 26
125 130
1 255
242 37
176 241
38 208
59 89
134 20
12 142
127 196
88 243
207 149
276 165
108 176
184 56
18 172
105 58
188 109
164 241
120 146
190 63
270 157
53 224
97 212
167 45
155 273
177 126
138 207
236 104
148 280
267 87
135 31
129 208
122 137
62 165
252 95
194 277
189 53
69 59
176 68
171 120
251 3
103 58
220 8
275 242
65 77
3 59
6 134
112 271
171 176
118 117
198 224
224 24
213 215
269 91
141 175
260 164
52 133
1 168
137 218
201 103
201 82
53 184
277 191
54 254
222 150
50 134
118 3
285 75
101 239
78 262
45 86
281 0
108 227
181 31
123 266
177 157
234 195
5 172
277 51
195 27
235 173
191 129
255 148
234 179
224 222
11 267
213 204
49 103
203 221
224 252
40 17
243 51
96 195
59 5
92 51
149 30
69 39
91 215
149 156
28 231
63 26
38 210
92 109
186 15
151 97
110 183
100 96
185 33
11 134
148 239
145 93
262 155
247 105
268 151
127 103
259 186
112 147
112 219
232 241
269 255
49 66
178 164
234 110
218 259
36 109
119 171
27 151
136 184
34 65
169 9
155 243
204 278
150 17
55 15
66 125
245 204
87 204
125 123
44 120
116 243
205 175
134 222
134 278
157 186
178 268
278 11
54 136
194 237
180 218
279 165
148 116
76 249
257 16
218 207
47 61
173 248
8 285
35 221
265 217
82 107
73 104
197 104
247 157
91 149
133 75
54 106
275 194
72 284
230 153
250 116
165 139
228 245
125 33
231 202
173 186
210 218
5 35
65 145
7 189
259 115
64 3
246 22
237 53
37 248
81 234
4 99
100 131
154 173
73 2
260 25
20 90
212 278
206 196
179 26
54 96
185 53
168 150
44 236
246 24
223 136
58 144
90 175
205 251
211 261
211 246
155 107
73 192
267 210
62 206
38 179
27 132
200 204
198 287
64 30
286 155
240 242
245 271
250 243
279 0
85 4
29 238
137 23
284 88
243 118
123 262
250 223
61 101
246 104
240 218
111 119
212 272
153 40
158 52
187 149
149 252
6 132
24 83
114 98
85 155
104 110
37 257
142 68
68 187
128 244
259 233
83 55
24 196
264 211
80 194
249 209
217 104
245 255
174 145
57 3
264 8
254 169
90 111
111 83
258 14
251 104
263 41
10 281
1 140
192 137
13 196
142 54
53 169
14 218
203 111
160 227
288 196
139 33
251 80
75 247
153 54
252 189
147 191
63 67
255 53
111 153
197 107
48 157
271 76
32 222
251 57
142 96
217 230
197 272
155 237
146 113
75 117
27 81
281 50
86 22
198 214
164 67
46 156
199 65
102 129
219 284
134 226
106 274
162 160
28 31
138 18
55 56
23 38
11 17
283 82
185 90
93 102
10 138
69 215
86 29
191 50
283 151
11 34
210 56
43 178
45 162
164 121
69 283
224 141
37 113
102 191
148 193
135 55
208 28
144 202
232 279
126 82
247 138
200 223
46 194
71 38
125 68
271 271
281 165
272 116
169 48
99 249
262 128
99 174
243 101
271 256
225 226
233 160
77 131
206 41
193 233
184 252
8 53
119 1
82 250
242 202
191 127
171 260
202 102
235 282
101 145
69 198
160 8
126 58
148 158
165 203
254 5
250 142
169 121
256 275
144 58
268 238
88 96
179 87
205 194
9 127
259 133
218 245
203 40
135 266
31 80
20 180
126 173
167 200
222 132
219 267
204 70
125 84
135 5
103 86
2 128
273 31
86 124
104 242
79 121
233 112
22 103
282 149
99 244
1 120
68 238
144 54
69 31
191 149
97 177
136 226
163 277
203 138
280 204
283 259
136 146
3 12
274 3
200 164
220 75
116 97
46 21
59 189
190 81
60 212
128 133
72 178
113 274
7 155
92 119
164 173
65 58
88 214
232 127
0 195
23 248
57 11
181 101
71 193
2 179
14 220
248 159
239 209
39 165
156 156
144 49
17 120
237 161
44 146
243 48
94 114
166 26
45 169
208 282
22 110
12 4
265 64
41 32
255 123
4 133
284 18
39 10
98 15
40 2
148 218
209 179
43 268
86 148
279 172
236 229
284 83
260 143
123 15
48 13
173 265
287 143
19 12
239 20
99 246
206 7
132 220
21 235
187 259
106 51
109 40
2 19
246 159
261 244
213 34
28 23
135 75
230 145
49 49
30 147
105 127
13 42
151 6
5 56
159 229
10 285
283 32
16 193
201 23
158 107
130 49
185 219
193 27
19 203
260 132
150 117
23 113
50 12
234 68
26 163
4 54
208 218
274 236
277 171
129 103
204 90
116 245
40 91
4 52
263 209
44 39
286 141
128 142
145 60
67 252
272 13
62 285
278 163
267 118
245 127
82 109
193 18
218 45
69 35
37 81
237 272
164 148
240 36
125 16
127 107
94 54
110 42
103 127
177 221
126 31
164 279
237 239
55 256
136 140
167 202
63 284
128 48
247 224
102 140
180 123
27 66
55 66
22 278
149 188
274 198
86 280
110 157
285 52
203 242
265 186
162 16
150 201
159 116
250 131
176 84
140 150
238 246
96 64
152 127
162 181
112 121
258 246
106 134
124 215
117 200
256 131
145 123
174 33
237 137
216 64
236 71
168 32
140 165
152 270
161 281
26 40
258 67
184 215
228 134
282 33
241 100
249 275
221 188
215 68
214 64
6 286
40 139
76 165
67 127
225 41
288 243
34 279
279 103
5 253
97 102
184 14
121 174
252 79
206 75
119 169
269 38
97 210
50 191
160 216
94 47
185 201
119 76
262 231
168 101
197 28
3 254
238 166
12 130
197 82
152 105
98 214
119 25
286 95
242 219
272 65
187 93
83 85
275 234
211 119
15 81
221 171
215 193
66 265
37 237
206 177
201 200
94 163
224 52
230 230
54 220
171 148
238 103
31 269
275 282
36 101
213 127
201 267
35 267
175 194
258 278
261 14
286 17
108 173
125 174
83 57
192 29
49 117
15 191
244 173
244 117
257 222
26 195
194 163
162 170
90 246
116 83
93 40
187 152
136 19
283 26
124 200
259 244
71 31
68 29
124 232
134 140
287 30
77 272
236 166
56 134
281 228
28 279
6 222
288 201
103 230
280 69
43 256
176 145
65 234
43 233
30 31
121 216
66 212
238 285
273 76
218 209
52 252
0 1
5 271
213 131
28 168
117 35
172 179
275 83
15 17
95 98
0 203
209 98
165 209
235 112
31 225
182 69
215 258
125 55
190 51
244 3
179 200
125 78
14 11
263 120
208 5
160 6
127 140
69 217
55 264
124 39
160 260
9 135
77 203
182 103
263 6
138 151
147 120
76 58
151 239
250 94
202 183
119 239
66 174
237 24
246 268
195 199
246 270
150 186
242 125
98 0
198 177
91 103
99 95
10 187
289 199
252 168
114 205
122 187
165 28
117 140
64 54
251 106
37 111
63 202
215 118
257 71
262 188
260 203
212 288
31 166
264 215
240 84
210 138
149 22
10 99
206 150
115 92
73 278
131 16
113 149
44 171
96 97
26 256
117 244
42 208
121 226
16 284
100 208
190 264
71 278
122 139
3 265
152 276
101 45
187 113
205 205
138 140
72 74
213 287
69 268
261 27
172 75
273 274
107 226
143 191
199 201
37 198
60 224
175 264
84 235
206 274
176 181
19 179
96 7
106 132
173 49
217 146
112 123
1 271
122 156
288 139
45 35
6 33
41 243
88 5
206 219
97 173
55 202
289 167
286 139
223 170
104 72
227 150
23 244
64 253
238 261
146 255
173 176
38 136
220 269
147 111
175 208
274 23
90 261
71 76
251 44
49 264
201 139
241 141
208 105
236 55
267 32
131 5
135 271
163 133
84 43
229 12
93 28
114 203
239 58
41 21
275 284
172 210
134 110
200 181
36 205
11 167
43 174
141 60
136 36
256 283
41 258
168 244
71 104
233 123
98 11
207 168
214 3
19 3
199 54
254 102
252 134
226 141
84 40
41 174
66 9
213 129
149 67
134 233
168 97
203 82
94 71
96 30
80 250
60 40
198 2
206 28
147 130
148 68
128 165
52 113
200 33
287 74
111 35
231 200
191 112
252 187
188 275
230 98
172 238
285 62
181 266
196 91
225 111
237 70
72 276
8 159
163 213
164 15
177 240
249 78
134 16
169 188
282 205
165 69
51 50
192 71
218 92
55 153
148 81
264 74
31 210
37 209
153 142
110 237
278 69
105 256
288 63
175 249
102 73
87 221
234 71
130 43
83 138
8 146
277 173
251 86
98 181
124 172
140 212
213 209
148 189
204 75
136 7
279 107
129 121
56 68
37 259
150 265
117 132
198 115
141 217
204 173
101 33
205 164
165 201
180 268
129 138
255 217
265 154
3 237
159 89
215 164
118 195
93 167
269 153
236 194
207 241
239 244
67 36
60 93
17 177
161 54
21 95
96 217
283 76
51 276
246 64
90 108
141 23
275 196
177 110
78 179
59 187
154 208
34 96
217 116
182 288
288 85
6 267
131 230
108 240
124 288
212 3
27 248
16 164
62 246
70 233
58 166
261 44
20 111
107 255
145 191
31 171
160 218
237 73
27 29
210 282
195 246
120 43
24 257
253 56
169 92
119 227
152 208
217 248
64 266
72 117
46 196
39 234
220 240
183 181
17 75
46 65
182 281
256 178
99 259
19 117
125 117
103 33
258 188
266 127
0 178
163 27
209 18
19 52
213 193
176 281
128 278
32 265
255 239
27 174
53 115
27 167
6 82
74 157
40 73
187 240
274 152
112 217
166 30
241 259
265 9
271 21
109 267
204 105
285 110
38 163
60 242
203 171
114 195
55 168
42 119
98 272
271 163
260 22
143 119
186 250
0 219
10 32
193 228
21 288
114 284
194 289
68 189
28 172
78 165
72 280
230 49
141 246
67 142
73 252
269 140
162 184
264 72
68 26
173 149
160 224
20 164
100 135
151 269
273 239
84 280
267 149
171 12
181 283
238 229
13 24
76 41
82 53
25 39
224 37
226 43
92 71
221 181
83 123
136 182
162 91
251 42
128 44
183 196
220 258
224 265
4 196
144 229
74 270
288 119
45 199
239 150
102 172
135 188
75 143
175 166
183 49
264 233
215 204
277 272
143 272
53 182
131 199
78 65
176 125
43 206
118 248
22 34
228 169
120 215
90 243
100 26
208 264
3 174
215 129
194 244
43 40
42 18
204 103
152 129
213 274
143 111
33 33
72 94
168 174
151 267
237 152
224 121
270 116
286 230
70 9
48 281
1 166
275 85
192 231
104 188
218 164
32 220
118 287
246 27
157 105
119 139
196 236
263 175
128 211
190 110
179 266
214 195
85 271
13 22
120 3
68 227
93 287
247 199
283 230
99 147
51 240
202 42
190 151
156 1
30 240
197 234
74 57
197 68
185 221
102 249
223 41
29 134
218 232
213 158
60 119
106 136
3 100
287 98
196 190
42 148
101 231
91 107
206 173
63 169
188 264
247 193
195 67
94 178
88 274
246 62
118 209
259 128
253 238
126 251
99 78
178 78
82 167
177 91
3 256
128 173
17 206
139 117
219 104
249 103
231 5
288 65
260 39
29 153
37 115
252 46
65 68
14 49
67 49
91 19
66 112
286 108
126 99
5 284
212 218
256 271
138 212
207 137
32 159
194 232
51 122
133 230
123 160
23 221
279 271
247 205
65 52
0 19
186 273
175 50
279 234
31 101
166 84
286 133
168 167
29 67
79 159
203 71
42 186
64 173
163 225
81 56
224 39
53 286
273 281
149 284
265 210
235 25
99 178
138 216
144 250
48 64
36 279
276 132
75 84
56 41
174 245
215 116
53 245
152 266
28 63
225 76
59 203
182 128
103 210
249 225
151 237
251 100
75 167
280 225
112 85
75 134
126 105
12 241
191 18
158 91
258 142
110 71
223 224
202 13
169 259
70 7
112 89
42 145
5 88
83 32
288 48
64 177
35 115
205 16
194 195
208 180
100 133
143 198
98 88
41 101
191 11
24 198
223 22
199 49
213 162
152 80
243 120
234 230
32 257
54 20
74 280
136 278
281 226
110 265
195 69
222 86
169 95
179 21
133 245
0 95
227 55
234 247
94 97
96 211
60 171
166 147
243 253
88 266
199 63
73 73
39 259
9 189
69 174
120 40
125 96
10 142
169 205
217 180
148 28
73 241
104 139
102 134
270 194
61 32
50 283
166 149
89 281
267 6
237 215
280 8
60 186
98 190
26 0
77 200
91 95
278 9
287 216
261 177
4 180
188 127
170 71
257 133
157 141
180 32
270 218
212 196
204 275
107 105
188 63
173 250
134 22
283 92
193 240
73 55
180 163
70 140
149 15
190 83
18 111
8 157
105 104
238 105
283 132
256 88
203 159
174 167
241 238
176 116
191 32
221 96
32 167
48 90
210 177
220 14
209 148
268 285
148 220
203 165
101 81
14 154
1 185
23 92
204 229
137 214
207 15
193 283
138 191
41 75
149 282
90 179
108 116
158 30
118 283
129 134
188 141
82 71
62 125
136 173
277 240
266 200
91 59
59 201
167 103
80 164
258 88
146 97
276 152
73 6
124 17
99 160
5 115
74 69
199 22
226 4
261 267
63 209
90 192
101 237
6 116
226 240
46 190
68 154
123 269
195 234
236 219
201 212
177 196
100 164
187 35
288 194
115 131
169 108
194 189
79 90
13 233
250 129
78 63
177 238
219 187
200 61
90 23
277 16
28 48
233 185
288 180
223 35
30 137
116 128
119 213
69 201
23 255
202 238
288 123
175 286
223 221
122 59
7 224
265 97
48 266
122 215
257 144
138 62
3 97
95 106
64 47
164 61
245 10
36 219
143 254
20 201
99 44
20 269
268 89
256 278
223 71
17 252
123 28
232 27
82 51
226 244
243 186
152 169
199 104
168 165
72 161
232 71
11 144
256 31
164 130
281 256
62 242
184 250
128 248
3 172
189 112
135 235
96 78
2 84
255 260
126 255
221 140
45 185
249 92
25 245
257 279
2 98
256 168
162 61
21 249
102 13
100 93
38 122
272 182
168 17
187 115
100 151
251 197
85 123
285 106
155 252
275 166
95 32
113 68
92 65
30 8
63 127
179 46
250 286
228 100
97 28
207 251
147 282
282 271
117 217
74 200
237 118
151 15
217 71
27 128
212 177
7 144
241 119
145 266
122 172
31 70
200 270
0 128
224 58
206 180
153 104
15 153
195 169
198 124
101 86
202 21
274 142
140 178
102 15
61 8
124 162
28 192
276 223
221 162
78 13
204 62
176 141
143 48
188 97
236 213
5 268
217 62
52 63
6 214
212 115
25 167
207 90
87 156
130 285
188 51
187 33
16 83
253 145
93 165
149 133
185 152
5 255
186 123
44 267
243 91
185 10
103 226
176 93
197 172
249 36
209 76
159 254
33 157
36 246
199 121
144 14
183 236
240 240
223 274
229 143
266 106
172 33
278 259
140 152
282 15
103 228
99 162
57 240
167 208
247 209
193 273
197 26
267 286
57 219
56 2
62 88
144 135
7 252
276 142
95 116
195 197
96 120
73 204
141 98
231 261
209 137
128 257
152 201
229 57
31 54
169 81
134 39
114 50
261 289
110 151
215 247
286 179
133 200
219 95
167 92
270 165
102 209
141 219
233 87
200 97
206 106
152 146
29 47
19 271
100 89
284 252
157 147
124 66
48 159
124 105
131 170
95 266
119 180
174 218
137 51
86 283
55 38
71 23
70 264
138 111
219 211
107 167
245 210
55 13
106 228
109 25
113 122
82 252
272 105
265 208
99 80
67 58
35 34
123 38
223 159
264 127
73 143
35 49
258 224
247 276
66 114
108 171
269 162
108 133
62 2
289 107
287 106
238 205
87 144
172 182
237 217
221 63
181 197
233 66
69 5
3 200
100 283
207 273
37 103
283 30
267 227
228 279
6 147
13 167
13 152
264 107
138 31
144 281
277 257
28 104
284 204
139 279
10 180
55 98
124 80
17 272
169 261
37 94
220 108
69 27
215 76
260 282
108 165
188 99
134 103
245 29
125 113
268 45
33 57
138 181
138 3
230 171
28 256
43 188
281 101
213 77
113 100
110 36
203 187
248 91
93 5
45 121
27 64
4 267
279 124
1 284
100 1
162 59
52 17
52 158
253 42
238 287
223 56
24 50
78 120
249 106
15 212
107 215
129 276
234 225
90 274
23 288
46 96
125 213
81 83
137 155
234 183
21 203
51 256
269 261
64 268
131 242
200 288
73 112
177 200
107 107
182 215
238 256
193 281
217 178
243 203
118 75
89 235
86 42
237 209
112 42
67 231
192 244
40 209
26 150
28 163
220 195
18 235
169 246
201 111
51 116
60 206
43 92
149 107
76 230
106 103
98 268
191 160
279 16
211 276
56 57
93 69
288 83
161 131
254 213
275 21
111 10
35 269
224 9
91 245
41 41
125 50
97 95
7 274
124 264
82 30
187 289
283 28
9 82
7 83
1 232
204 154
57 101
272 237
37 59
141 130
80 198
224 60
187 251
204 223
145 248
238 16
147 83
62 268
139 115
47 118
237 77
116 218
97 197
159 118
115 207
184 23
270 238
90 64
103 218
23 117
288 161
104 131
278 224
163 126
52 98
146 81
68 267
109 120
199 107
160 121
148 243
21 104
277 154
100 87
80 166
223 63
2 80
189 266
141 43
98 208
278 7
64 51
200 113
223 206
96 100
234 26
161 32
259 16
30 267
225 56
266 51
167 10
140 169
172 207
177 45
6 245
211 17
68 233
265 99
173 143
193 31
112 27
28 149
167 108
106 230
232 49
79 248
134 37
244 185
11 83
205 156
200 159
123 144
152 4
115 82
109 49
134 73
273 15
0 217
153 246
19 166
215 162
10 231
126 164
256 54
112 269
209 175
28 17
191 211
239 138
264 260
245 202
209 239
2 218
53 203
61 188
224 172
109 55
235 122
73 282
161 253
8 248
165 277
146 251
107 257
175 44
18 208
33 80
0 197
153 221
43 169
187 47
247 195
266 160
214 115
113 194
248 129
213 113
212 81
214 289
151 176
247 233
275 79
34 59
160 155
236 247
67 106
96 127
242 102
19 273
18 121
167 238
50 225
170 30
236 271
60 165
98 96
28 87
207 72
198 34
278 255
11 233
244 50
45 117
220 207
214 160
204 130
60 116
4 182
190 261
132 248
41 143
222 204
210 231
138 146
95 216
83 59
209 117
185 92
121 119
97 192
78 19
6 156
152 56
65 101
227 41
272 213
250 134
99 69
278 5
126 8
262 200
276 256
122 264
22 182
135 21
157 40
238 51
280 6
98 217
45 144
179 109
155 104
105 106
245 131
75 208
149 216
271 103
42 121
6 216
247 272
96 147
53 40
192 151
162 162
285 193
106 165
281 71
110 34
246 155
217 148
233 158
282 251
15 118
190 257
275 240
276 49
174 184
41 34
73 4
21 52
73 248
18 237
9 246
62 213
156 138
168 12
248 115
219 241
177 231
280 232
55 240
148 182
246 174
1 105
118 184
82 219
6 52
80 63
25 288
66 267
35 199
114 272
71 189
95 18
70 284
214 208
187 66
149 238
69 278
170 68
41 105
205 135
245 196
226 81
81 134
8 138
29 27
8 276
58 221
2 214
158 1
84 86
117 82
61 103
275 111
56 172
60 288
162 164
246 273
77 270
236 120
54 42
162 223
45 61
71 251
64 271
250 98
110 85
123 116
83 282
138 266
3 131
253 148
25 280
97 80
124 190
264 95
126 64
162 158
100 18
211 274
41 129
258 178
107 39
227 72
114 83
43 258
195 159
269 31
255 86
179 235
177 49
99 188
139 129
36 156
121 248
238 154
3 61
46 98
40 137
82 20
52 42
228 243
99 4
39 289
205 39
18 123
190 98
201 228
217 205
159 277
208 53
256 221
207 192
175 239
174 284
177 87
110 178
17 282
6 183
98 242
188 95
92 175
37 29
15 158
244 177
156 35
96 193
116 183
6 210
119 108
126 60
159 7
229 15
69 136
283 244
270 270
258 283
275 273
44 63
230 280
145 133
192 16
167 214
245 286
232 68
12 26
125 228
182 251
86 5
149 236
163 20
175 58
183 167
161 4
43 60
112 248
75 113
55 188
102 68
139 64
52 250
106 201
201 161
151 243
283 34
189 0
59 17
191 227
134 267
272 1
221 190
241 151
171 103
174 243
14 222
92 198
184 47
33 228
123 52
207 39
177 55
151 235
138 179
84 33
142 101
156 111
53 218
161 199
150 285
149 80
240 174
146 249
30 258
5 154
144 193
253 240
232 170
49 3
218 108
30 20
122 42
183 1
176 2
270 155
161 277
286 19
127 34
175 35
2 65
161 229
238 175
147 184
282 242
22 257
101 125
283 255
8 211
215 55
9 161
60 246
262 259
81 248
142 143
158 70
125 103
166 170
211 26
140 180
187 82
112 156
119 118
232 225
136 112
191 95
119 243
204 256
229 55
87 202
192 288
75 129
192 226
23 261
139 18
183 16
245 225
271 17
90 265
282 210
65 175
267 35
215 103
221 259
238 231
234 271
120 104
255 241
29 56
206 153
187 80
46 19
279 174
61 240
219 230
164 26
110 245
258 25
31 14
141 224
133 158
154 87
285 97
74 139
206 47
277 111
235 85
52 139
130 59
137 279
222 157
144 81
57 264
71 106
43 141
18 115
20 4
156 91
46 46
133 142
172 72
34 51
187 180
48 237
229 6
39 56
147 23
86 210
205 192
150 223
140 13
222 112
276 97
222 268
222 270
78 58
236 57
238 211
52 266
205 30
145 71
89 95
258 260
178 177
114 64
264 33
82 256
12 271
22 242
95 272
133 243
11 11
131 84
247 226
43 78
69 253
151 66
226 147
259 113
215 1
43 167
178 163
8 18
271 262
181 219
278 109
276 4
188 253
153 253
268 156
115 133
0 3
87 140
223 25
213 258
244 269
112 221
137 144
182 183
170 191
145 224
21 275
89 89
252 97
208 96
178 93
143 99
101 141
51 238
178 281
71 32
110 29
84 168
235 200
96 16
70 188
138 16
49 268
66 188
14 156
89 196
3 233
241 117
284 134
196 84
284 108
135 77
283 172
181 168
218 23
37 177
104 240
45 44
68 254
101 217
79 261
222 240
100 16
212 160
253 175
34 10
238 242
266 151
258 167
199 100
15 31
35 80
243 78
285 29
101 175
230 10
254 79
266 96
34 125
279 241
135 157
10 228
40 217
252 33
144 231
194 230
72 194
5 60
157 77
270 0
24 137
121 289
34 256
199 125
89 257
220 138
153 89
43 150
236 255
239 42
203 205
2 2
144 38
221 55
137 5
5 209
23 280
138 125
287 198
19 63
71 235
53 210
215 30
27 15
143 204
288 121
230 59
36 117
146 279
71 282
138 34
251 185
249 200
57 135
194 87
109 61
57 14
31 138
32 63
231 188
77 167
286 202
100 218
187 279
261 234
264 173
254 7
283 125
223 11
42 2
279 257
114 244
141 99
200 53
163 33
158 155
27 161
120 251
105 114
93 169
55 40
50 20
269 118
165 236
137 105
130 287
233 69
74 71
77 231
226 74
240 51
171 208
130 45
61 163
190 16
38 157
216 260
180 281
193 69
109 118
70 266
173 51
189 259
62 204
28 85
259 280
128 136
125 199
286 78
271 81
245 65
39 221
34 145
279 51
227 110
94 78
71 83
248 62
65 110
141 32
176 219
89 60
173 267
113 15
41 268
205 2
10 131
130 7
179 23
227 6
22 202
28 267
131 265
132 267
252 88
100 173
12 76
139 248
144 144
123 82
192 147
189 277
95 258
74 102
187 91
262 194
41 150
44 46
127 36
179 113
133 269
16 50
56 96
288 284
109 83
17 191
142 145
253 249
241 214
52 285
42 237
209 127
115 154
91 217
78 268
19 284
57 276
196 203
140 125
43 242
178 117
151 18
237 85
221 244
79 21
252 101
212 11
44 210
46 186
137 157
66 256
95 102
1 100
273 114
117 238
140 31
222 59
112 98
24 150
180 248
63 236
77 177
69 104
270 254
206 264
118 211
182 50
102 285
34 84
81 217
57 209
257 110
105 39
74 15
263 109
277 254
231 224
75 278
181 45
177 86
264 265
216 28
233 5
46 125
218 212
99 176
123 230
11 104
1 199
87 3
286 194
78 198
5 14
244 175
259 121
221 257
257 176
118 226
236 286
156 128
21 220
183 279
43 235
146 31
68 265
146 51
275 114
218 160
241 26
216 285
95 191
23 272
92 137
177 35
53 167
65 11
189 140
116 211
189 138
226 115
139 119
50 234
163 122
44 76
218 90
288 203
150 163
225 269
196 106
235 217
147 154
53 187
30 51
42 38
39 257
228 53
148 125
57 204
31 68
232 275
94 187
120 138
26 18
247 274
57 278
140 90
109 170
11 19
97 286
154 83
2 170
167 163
62 47
14 242
70 227
94 189
273 80
64 113
281 123
74 186
204 73
3 87
209 150
276 112
97 4
36 144
159 76
34 222
91 248
235 223
119 217
155 78
75 105
92 177
89 205
80 94
108 182
225 123
109 180
235 280
14 240
78 219
87 235
283 257
266 266
121 275
182 71
27 246
151 107
187 68
7 106
150 78
11 129
76 68
149 131
216 244
29 166
118 167
275 75
182 262
235 158
70 118
1 42
274 238
46 154
221 285
13 96
93 52
54 288
283 168
188 182
270 78
255 248
267 155
72 82
41 131
142 134
195 173
131 122
66 24
207 239
221 25
286 76
12 176
35 248
173 86
24 169
273 276
62 222
101 229
167 121
235 150
118 95
176 210
215 47
150 220
198 0
167 216
93 234
203 13
277 288
118 246
76 39
54 22
275 0
103 88
250 64
4 5
25 129
171 66
152 74
288 182
85 282
154 144
64 115
283 50
62 159
285 191
146 193
45 50
130 136
239 15
192 264
264 256
29 131
203 63
179 4
223 254
189 180
231 167
230 141
281 270
19 31
218 106
110 239
217 69
258 57
26 275
255 281
142 282
200 183
157 271
62 211
27 38
269 52
38 134
240 38
88 7
213 58
184 125
235 258
281 167
285 132
2 197
121 181
137 148
253 284
109 80
134 203
130 133
93 171
32 164
286 217
102 93
251 55
83 158
141 278
157 38
280 163
35 250
233 187
263 118
27 117
46 238
247 244
164 19
0 98
135 227
277 231
257 13
232 89
72 250
137 227
129 61
166 32
124 98
123 114
178 247
89 138
19 252
62 115
97 270
116 199
206 279
26 22
189 18
31 140
28 138
175 70
42 172
30 64
95 73
116 76
23 250
268 182
78 257
121 240
63 100
114 246
208 249
135 0
127 67
83 83
63 270
75 252
85 120
132 136
239 119
164 94
284 16
72 58
261 97
204 107
137 55
241 78
196 80
124 256
4 135
275 257
192 277
268 172
201 39
218 261
253 191
147 30
18 54
281 188
142 250
102 88
157 67
254 192
206 52
276 259
4 152
17 224
250 114
33 269
283 212
249 189
179 197
52 135
39 177
267 46
220 232
136 192
44 208
239 34
243 35
110 114
233 221
248 207
274 212
81 58
228 25
215 283
146 70
82 62
250 247
241 186
203 27
180 208
194 43
13 78
199 212
11 35
208 234
151 161
128 254
286 82
152 165
221 22
204 253
108 201
170 83
134 18
211 175
41 10
3 89
39 268
114 17
78 157
89 102
285 256
116 78
220 204
287 127
39 142
236 148
65 162
3 115
5 265
47 15
244 22
65 43
88 22
171 268
181 235
76 150
44 158
201 54
206 203
253 52
147 203
206 237
150 287
213 17
225 220
2 195
201 128
222 110
278 128
253 214
221 197
199 98
44 118
271 30
165 66
134 172
251 240
38 206
88 231
107 263
182 143
103 212
20 115
200 24
164 165
2 4
36 82
175 262
11 78
263 157
51 278
261 3
29 252
142 58
246 133
23 167
178 141
234 219
259 23
271 215
40 19
219 149
9 137
58 1
94 283
100 250
222 226
276 238
32 279
136 103
261 265
220 271
138 66
144 113
204 28
217 210
18 181
120 258
148 127
128 7
259 13
38 116
164 282
244 201
277 68
89 140
114 182
24 0
8 282
54 58
217 25
42 210
246 235
219 91
39 8
173 158
83 171
132 279
207 224
288 178
234 284
142 39
133 238
87 154
45 33
51 114
205 225
45 119
14 165
41 223
142 122
30 144
180 116
209 158
248 64
44 186
260 166
5 247
50 1
121 75
144 45
24 146
67 104
193 89
197 167
17 12
21 262
116 13
84 19
19 262
136 233
22 90
88 283
136 99
77 159
127 213
71 6
78 251
88 125
161 117
104 275
17 88
15 120
183 31
226 8
176 288
91 49
53 156
165 213
55 219
255 121
166 5
42 83
65 49
21 273
190 274
4 83
103 84
25 37
224 87
82 95
210 212
231 35
41 221
248 136
61 137
124 268
153 171
154 109
53 189
66 254
122 24
262 107
261 99
241 86
120 106
244 257
189 69
244 199
39 75
213 281
245 157
176 233
27 268
116 187
184 69
272 44
229 167
131 138
164 183
46 266
23 235
138 153
276 156
216 246
139 60
204 238
32 97
217 47
287 40
134 183
113 87
271 180
213 249
231 113
119 141
190 60
147 123
150 174
207 175
253 139
231 86
171 193
20 260
187 105
56 70
54 222
193 159
63 244
37 56
29 254
111 49
237 207
186 94
13 7
205 72
165 175
254 167
184 274
109 59
168 94
98 179
35 86
270 43
178 198
199 272
226 13
204 8
272 77
237 164
175 237
97 44
70 236
100 65
204 243
37 2
248 95
50 266
35 95
285 39
236 178
211 34
57 83
170 85
54 157
30 103
120 273
268 253
137 74
265 46
143 60
214 79
4 217
26 197
260 274
252 65
43 220
223 20
142 124
144 167
216 206
179 210
75 177
48 185
91 236
89 221
145 188
270 142
60 286
69 134
195 82
114 156
213 119
55 275
80 88
214 156
80 59
285 42
126 91
229 201
217 30
288 50
251 284
251 191
287 131
38 181
228 146
267 84
190 137
190 181
271 277
46 77
163 229
231 37
92 123
284 250
153 29
78 39
271 55
210 8
252 82
109 258
118 84
188 143
190 30
255 125
74 95
90 93
256 243
167 28
252 283
211 211
105 166
242 242
15 43
177 4
217 217
200 214
58 223
127 209
59 137
70 25
254 247
97 219
239 214
160 161
85 82
259 144
261 139
207 280
281 169
207 135
58 277
27 237
20 209
20 207
227 117
39 238
108 38
72 244
186 275
41 166
22 0
211 216
260 2
79 180
85 157
97 165
69 22
160 153
100 192
270 263
162 275
185 184
194 65
197 226
207 17
195 188
154 35
35 252
287 232
139 56
108 82
267 71
31 251
156 102
28 145
11 74
82 39
7 265
15 221
4 286
138 91
70 29
178 76
136 110
103 224
179 222
181 43
10 103
89 244
198 106
134 237
15 19
39 15
64 24
273 166
35 240
20 131
42 224
219 234
269 181
171 143
124 61
229 231
260 284
161 183
111 8
162 121
14 47
235 227
205 128
97 288
201 63
29 210
250 88
84 170
230 278
201 37
254 189
78 42
226 134
265 5
123 260
155 142
256 28
158 68
17 202
36 53
188 20
265 287
30 191
85 134
76 103
25 199
157 253
203 68
126 190
262 233
89 152
71 160
34 61
166 166
209 198
55 183
11 178
77 255
117 153
60 125
50 263
139 154
51 118
154 267
273 272
267 62
279 129
202 113
228 241
171 270
276 77
38 281
80 236
13 5
75 271
36 27
96 274
237 172
219 60
102 189
133 247
231 257
255 262
37 0
271 79
223 230
281 288
93 139
100 46
189 114
140 276
285 25
7 254
86 266
192 188
89 170
27 134
212 79
144 190
225 62
237 98
221 192
89 106
76 201
111 158
53 180
159 198
121 250
82 118
20 277
88 136
176 33
252 220
262 5
67 263
226 113
242 22
63 189
55 101
210 49
212 263
49 186
63 175
257 127
41 16
133 256
184 142
209 119
25 249
132 40
263 27
207 128
239 24
44 125
31 208
6 256
222 223
74 118
173 73
58 120
175 283
196 1
283 165
276 172
29 101
204 152
29 16
85 56
209 16
3 129
256 65
116 209
149 104
34 220
142 42
172 68
167 82
217 162
170 181
152 159
258 131
45 268
72 200
191 62
190 207
186 104
84 51
225 143
47 255
123 56
152 78
238 38
188 261
134 192
155 278
55 185
257 135
47 268
51 185
247 20
141 280
270 85
156 3
37 130
260 278
149 83
241 216
157 54
97 258
240 80
99 240
163 215
174 88
22 260
200 188
18 43
44 116
288 280
112 243
246 136
42 115
240 149
178 115
94 273
284 54
101 287
24 5
222 84
201 226
106 191
23 88
163 29
224 74
126 125
91 61
279 231
123 213
236 231
246 116
79 255
101 59
262 39
285 153
228 209
229 69
255 215
61 78
207 27
113 146
52 258
179 30
126 268
183 65
71 60
22 244
202 153
231 186
197 122
88 276
20 227
59 148
99 145
110 81
187 184
172 227
234 181
31 35
104 135
190 231
150 263
272 164
57 66
252 247
121 15
82 221
221 92
214 245
107 261
92 111
151 28
271 118
40 176
192 12
191 262
233 125
185 237
229 86
35 103
191 1
73 151
57 18
238 168
288 218
45 188
148 40
200 84
130 145
134 112
152 83
260 188
242 39
90 199
14 194
123 4
143 230
216 176
139 164
166 67
202 130
50 179
108 275
287 96
37 251
71 85
11 106
149 222
144 92
174 31
25 255
256 170
283 153
165 62
103 82
252 222
222 255
247 9
29 227
203 106
278 193
235 196
225 174
124 43
163 262
133 202
202 222
53 277
31 16
112 226
174 180
179 111
65 105
210 196
32 65
6 4
288 165
37 200
114 101
287 273
106 177
87 146
130 277
236 276
92 47
140 6
206 256
167 244
86 270
38 194
200 109
170 145
272 46
141 147
197 32
227 148
269 209
112 284
151 156
216 160
177 208
23 63
18 90
180 125
248 38
164 6
28 239
135 171
68 285
60 82
91 105
127 124
69 196
183 201
262 25
92 54
33 124
255 55
212 9
47 11
187 107
13 178
212 213
79 177
16 157
201 137
53 57
187 125
120 200
280 10
207 131
191 141
270 138
114 96
152 131
108 265
177 267
104 42
185 276
269 136
271 273
65 99
75 74
287 129
29 14
274 5
132 77
26 190
277 235
203 58
256 146
178 168
117 0
111 59
92 113
47 161
162 9
205 14
175 230
201 126
228 14
283 184
168 169
286 280
268 275
29 151
93 62
73 176
42 90
4 113
67 115
219 147
141 270
1 132
55 74
141 103
40 144
130 254
83 79
204 92
89 19
231 190
195 281
165 264
25 2
180 89
269 47
134 79
220 103
99 286
282 108
97 63
119 241
146 121
213 217
51 190
36 197
184 183
206 190
250 33
174 68
139 48
20 33
91 67
62 157
203 228
242 204
29 193
12 231
45 280
137 49
121 238
268 126
246 129
239 77
99 28
242 149
174 37
135 280
122 276
114 147
222 266
56 266
205 254
72 153
247 160
239 207
3 150
117 85
112 96
122 98
286 84
271 140
193 62
112 113
217 73
73 159
42 76
63 102
66 103
76 228
257 180
190 225
94 218
92 193
250 35
160 159
59 118
177 194
44 221
39 1
12 114
288 141
9 140
287 200
58 170
201 107
200 12
34 206
238 179
39 236
230 14
115 149
16 176
42 270
60 30
229 36
209 241
177 128
146 39
167 277
177 283
159 80
230 109
166 183
190 13
74 116
80 252
75 232
14 68
162 255
194 275
222 207
12 37
13 18
184 51
82 136
66 70
55 125
17 30
15 52
160 220
40 12
204 94
42 88
45 59
233 262
215 281
252 7
23 145
31 33
174 241
122 154
2 267
253 9
25 154
7 208
135 224
180 127
263 94
99 230
243 89
174 182
28 21
207 266
254 221
99 71
256 189
33 55
133 15
282 35
244 80
53 133
96 177
23 246
54 258
65 285
254 274
137 25
32 169
134 201
206 223
287 183
56 75
107 186
67 34
21 270
155 147
135 181
226 265
188 145
180 77
247 60
111 0
10 95
73 32
222 69
29 281
164 13
140 101
286 204
61 202
60 173
212 194
239 86
21 93
96 85
10 116
86 187
191 14
243 116
179 156
149 266
6 136
188 111
46 37
218 283
196 214
187 266
154 105
70 58
70 153
202 98
226 177
213 56
76 16
39 81
257 129
238 148
176 177
247 134
234 193
230 246
53 154
243 99
255 219
24 36
262 285
160 181
108 52
156 52
203 240
277 243
97 70
54 247
245 119
188 22
169 117
236 211
132 160
266 285
220 266
161 179
209 131
283 36
282 94
222 194
181 1
159 190
268 262
261 127
13 44
188 257
59 269
207 179
230 67
222 18
39 114
281 173
147 199
43 84
110 227
287 61
175 268
261 1
211 127
269 65
117 150
26 173
139 103
273 217
104 208
119 245
35 100
78 201
23 224
81 90
195 279
202 189
85 31
231 87
173 70
113 125
130 245
243 131
105 227
285 232
174 115
275 43
69 37
50 47
263 218
132 38
41 241
28 190
142 132
92 250
163 264
232 154
51 49
131 124
169 175
133 288
90 91
201 41
149 184
116 284
99 2
201 187
168 14
148 97
91 278
18 175
233 197
237 170
55 181
120 140
254 276
5 141
182 285
150 98
218 176
128 88
183 238
57 150
266 85
124 59
160 52
41 168
48 235
91 25
102 31
236 278
102 207
274 98
74 141
173 261
100 190
199 82
176 114
279 190
219 205
83 204
225 70
21 251
0 44
232 133
142 186
9 226
213 276
72 187
273 42
193 67
117 170
213 283
118 172
109 214
97 215
12 221
221 283
137 209
153 238
265 105
68 113
217 118
98 194
194 202
68 256
2 67
178 219
226 271
87 158
265 49
77 233
145 283
168 68
180 169
155 140
100 67
141 272
64 286
214 105
11 229
264 285
44 197
62 171
221 61
98 30
122 40
33 140
267 69
275 271
80 38
53 72
210 74
33 116
256 166
151 241
126 253
268 277
249 198
284 202
162 259
197 116
280 272
124 41
166 94
83 22
2 113
10 185
51 268
175 251
111 279
191 243
85 233
83 160
158 219
11 81
112 201
227 130
271 53
223 61
200 56
71 204
55 210
66 214
119 247
127 122
269 49
157 103
246 11
87 178
267 60
240 261
1 183
54 1
104 133
67 234
161 119
126 215
259 126
80 216
94 176
231 259
214 256
225 179
169 103
255 128
15 202
94 51
248 286
100 129
135 155
115 126
147 132
149 240
60 87
272 193
71 191
177 47
121 256
265 68
163 281
39 43
169 13
106 37
242 3
77 91
5 130
56 62
12 79
88 210
155 100
60 121
34 266
121 107
272 22
41 0
6 114
73 105
207 92
11 86
51 188
196 3
152 157
99 134
80 263
50 101
33 13
119 197
53 124
239 173
213 247
161 263
226 132
287 151
269 70
18 109
161 34
235 256
272 63
4 213
136 153
218 70
59 96
200 202
95 62
175 55
272 260
38 218
184 144
200 21
130 86
164 128
88 237
202 204
147 21
155 5
95 221
118 188
47 143
144 67
153 240
263 186
145 227
120 13
66 26
238 181
129 119
143 146
115 181
5 251
188 65
78 86
270 272
169 99
162 52
57 64
206 97
55 204
123 36
221 90
67 185
127 201
221 10
90 256
91 68
96 179
72 206
185 181
94 42
202 50
41 161
98 196
239 263
8 148
93 191
189 263
268 264
110 243
65 116
123 103
203 155
205 12
221 264
118 215
64 187
140 274
29 143
1 201
43 32
89 263
179 158
236 180
111 25
181 21
223 256
84 30
47 17
132 172
40 232
65 71
115 37
162 7
65 143
15 234
235 215
8 104
244 27
95 175
97 2
39 3
241 35
211 148
31 66
197 265
6 153
163 172
253 179
262 141
279 192
203 185
172 218
198 222
181 195
32 78
108 135
42 176
106 57
107 259
82 18
170 245
53 275
3 182
192 213
189 255
179 231
92 218
74 245
281 93
194 235
250 187
206 5
257 27
267 158
280 12
88 123
235 91
35 283
71 176
91 45
16 121
147 195
284 85
117 177
287 271
261 95
226 53
117 155
209 235
250 45
173 263
9 74
55 83
149 199
27 27
16 44
132 48
3 224
39 183
29 141
116 23
116 63
233 223
125 192
117 197
155 204
47 280
49 143
68 45
125 53
199 171
268 233
198 166
126 76
29 18
247 89
39 112
217 242
180 262
283 232
278 17
58 185
35 111
209 11
215 74
59 123
22 228
261 119
44 20
269 103
273 284
155 76
89 172
264 203
179 44
9 278
143 283
93 43
224 112
61 127
174 210
225 36
211 131
29 35
110 57
176 168
0 46
207 226
263 216
266 184
256 14
121 34
245 253
281 47
139 24
165 137
48 263
262 74
233 163
37 220
238 71
171 45
16 58
64 1
66 51
124 164
196 248
11 112
93 214
90 124
197 205
33 98
161 214
203 11
161 89
223 162
155 89
17 257
27 277
242 200
28 136
13 85
139 176
116 185
24 200
193 196
98 13
227 70
70 238
119 225
237 227
181 157
56 59
228 177
124 91
149 87
23 82
253 103
280 49
99 74
135 215
112 199
229 211
49 238
169 214
82 81
124 166
264 84
230 128
165 207
77 135
154 157
242 217
167 56
29 83
126 6
93 118
104 204
240 176
57 145
184 45
242 174
157 31
203 60
162 257
110 51
208 139
69 240
59 240
10 10
73 202
33 281
10 69
148 113
205 166
231 111
216 105
168 123
264 195
1 17
109 32
189 96
220 23
69 33
191 93
120 260
181 264
133 282
3 140
147 188
167 175
169 56
123 118
236 162
47 192
285 215
144 31
49 256
268 288
140 207
104 279
113 66
25 144
33 100
116 175
207 118
264 193
110 155
83 186
112 195
125 230
192 73
171 10
44 225
133 42
284 186
117 181
1 15
45 192
34 24
101 127
231 124
141 17
35 238
74 276
13 118
48 1
269 237
192 91
33 86
8 113
44 156
156 242
33 35
92 97
283 52
23 65
198 249
94 285
155 67
148 109
26 51
251 67
0 267
190 65
153 76
44 18
19 221
191 272
41 185
105 254
170 271
175 143
68 119
288 241
19 88
145 52
5 118
137 116
279 227
175 159
124 252
281 31
149 264
247 36
46 2
141 248
200 99
41 39
182 126
18 164
90 250
119 274
97 260
43 144
166 240
248 93
36 154
153 107
126 24
264 199
145 200
233 52
130 173
22 237
266 72
7 250
151 171
86 136
86 273
282 127
80 219
228 48
56 21
236 176
46 198
54 166
152 264
258 18
50 158
274 219
151 199
88 261
136 33
67 146
264 171
233 36
252 184
120 74
266 253
80 20
242 176
21 2
34 117
281 14
131 244
73 188
42 117
75 115
132 284
44 88
224 228
171 217
20 35
148 172
286 243
141 254
29 49
199 26
220 228
21 222
202 268
59 208
190 142
92 27
115 177
189 71
88 176
234 83
122 233
234 277
59 100
27 235
44 127
112 22
256 225
146 240
93 248
196 24
221 242
120 188
266 194
48 96
23 152
277 1
35 286
11 184
266 288
11 96
250 256
201 240
100 285
202 285
114 90
179 91
69 229
264 213
170 228
276 6
274 214
259 141
7 284
274 56
36 25
269 240
117 242
135 190
182 153
144 186
20 67
60 145
137 190
160 275
237 36
37 222
83 233
5 84
80 221
215 210
144 43
5 86
266 125
259 276
220 136
92 63
36 43
225 20
98 86
193 246
138 177
214 206
224 271
242 257
1 257
39 270
42 73
108 178
196 163
18 10
189 149
236 241
209 27
153 161
72 139
78 17
173 208
222 114
171 247
121 271
44 238
99 143
163 237
191 20
242 198
134 187
284 138
188 136
211 15
156 145
59 220
87 208
90 213
13 101
160 38
267 208
147 115
267 153
228 185
206 253
146 186
98 67
57 30
9 106
6 219
149 129
58 146
162 5
96 167
284 38
192 161
37 253
254 30
50 91
110 172
153 100
39 101
9 230
61 4
119 78
67 284
76 179
38 53
23 115
115 35
94 100
17 179
150 106
112 17
144 90
94 66
58 75
244 39
126 49
258 65
90 173
208 74
39 130
70 155
205 221
269 87
281 171
221 179
89 208
143 46
186 37
250 221
250 241
95 5
80 14
98 148
36 266
13 187
280 66
2 235
147 160
54 178
144 133
107 59
179 195
260 4
246 39
102 241
237 87
185 278
87 268
54 138
154 52
254 88
272 142
143 51
59 83
178 233
144 40
131 61
86 180
196 165
265 188
98 164
150 89
269 229
170 149
91 281
217 94
182 141
62 266
265 230
20 113
35 129
20 258
173 236
287 51
262 198
34 159
52 44
84 136
8 33
17 174
102 203
244 37
76 101
164 233
157 289
67 213
230 47
62 187
238 54
13 70
124 29
125 266
229 165
130 88
131 281
16 200
163 159
46 224
233 171
240 139
53 177
123 271
107 114
246 79
80 41
31 57
126 162
199 160
168 148
146 41
244 158
252 141
105 70
284 211
203 36
204 56
202 95
199 111
251 53
20 123
15 196
181 170
113 152
178 113
44 282
16 54
248 256
73 196
111 263
133 271
185 35
255 81
74 250
40 164
152 268
144 121
89 177
170 174
32 11
20 54
149 191
12 132
33 165
157 139
80 257
212 57
181 67
241 90
82 42
244 64
241 127
119 5
188 101
215 113
193 157
133 5
215 127
287 28
143 188
177 1
110 116
67 109
68 129
227 11
177 26
222 54
61 84
50 14
258 165
240 125
131 149
26 169
18 210
220 132
210 10
285 35
46 123
194 29
273 21
82 28
35 158
110 181
130 140
147 80
231 41
117 1
103 16
127 198
133 240
91 101
283 240
205 91
161 225
186 51
152 175
27 255
59 32
59 78
92 179
270 66
171 150
51 286
166 136
286 126
106 276
26 20
210 278
75 72
55 72
83 134
49 123
1 253
28 50
128 246
249 133
12 219
171 189
140 121
96 190
240 256
234 89
22 80
284 242
97 33
127 32
39 140
11 101
288 100
280 127
182 124
136 1
14 176
279 68
88 212
80 92
64 205
9 283
51 264
10 272
288 230
129 243
145 131
211 117
70 257
87 285
217 27
79 234
7 160
260 18
104 129
254 143
13 81
229 42
79 133
20 1
147 284
108 218
155 254
104 202
257 122
68 8
169 216
82 93
251 102
43 161
226 145
201 124
136 17
131 42
205 178
59 102
151 222
151 252
3 17
256 246
69 251
140 68
107 53
263 49
10 113
165 82
10 133
158 39
127 120
170 207
17 166
128 65
81 120
73 135
163 131
54 68
263 214
146 68
267 236
98 17
275 140
32 146
75 40
38 261
92 213
202 52
67 28
183 54
239 141
190 188
65 28
285 60
243 146
190 190
200 177
96 26
136 91
150 172
110 280
12 72
90 237
243 41
144 255
223 242
138 53
18 5
166 60
201 163
250 207
152 27
272 155
6 112
106 138
137 101
226 267
222 138
58 172
224 119
214 260
113 49
71 151
153 81
3 198
174 142
153 244
122 17
179 176
282 48
70 178
243 215
53 121
16 155
135 101
123 275
150 190
141 49
225 163
16 46
15 282
172 246
206 73
76 119
262 204
186 215
49 115
9 34
191 139
63 221
110 274
168 30
2 282
85 147
262 257
168 47
101 148
76 93
166 64
176 76
55 170
253 3
177 235
45 160
36 285
219 178
102 41
133 224
237 279
259 124
11 110
105 112
14 9
131 120
138 268
125 121
187 1
128 46
82 60
165 238
98 150
109 216
110 143
90 276
204 101
171 116
108 203
112 246
79 259
209 247
80 66
265 34
72 87
47 200
172 118
72 158
158 221
160 10
284 81
46 48
61 117
154 125
74 206
118 154
93 216
24 90
218 219
150 128
139 281
48 133
41 236
126 89
33 224
157 154
92 91
111 259
107 55
162 14
264 156
204 98
38 83
188 84
154 271
102 152
169 46
209 167
120 23
151 247
214 219
68 10
266 202
239 259
68 20
51 177
117 207
33 15
91 196
200 252
111 31
213 75
30 170
204 219
91 17
166 16
128 252
231 51
254 11
151 132
10 182
220 260
204 203
257 90
40 181
112 11
199 225
176 248
38 42
76 87
236 283
145 29
59 10
213 53
144 97
283 174
270 64
158 3
231 157
50 280
227 96
96 284
68 70
149 170
75 159
9 266
24 278
219 189
135 287
91 257
210 133
199 179
29 29
286 124
101 211
148 186
110 202
94 104
45 234
287 157
252 99
130 249
183 179
274 77
283 78
144 252
207 276
3 35
73 246
236 274
160 184
67 22
131 147
274 286
97 61
21 166
14 79
26 136
121 5
111 286
283 191
88 264
27 188
236 245
222 52
24 111
225 167
157 240
251 249
223 93
66 129
67 72
268 37
81 254
77 133
118 186
1 96
18 201
78 61
155 41
255 13
258 274
130 171
276 107
199 117
245 41
225 176
