100 271
211 234
97 79
99 248
211 52
27 170
222 161
263 256
105 117
33 7
181 130
56 64
162 172
101 14
65 123
26 131
86 53
224 42
75 205
161 193
28 282
44 48
4 81
123 27
49 141
66 164
263 46
181 4
266 65
208 263
273 137
225 114
257 214
255 172
140 251
46 88
82 236
117 78
3 216
62 26
278 106
178 263
261 24
94 166
233 125
265 38
76 142
282 17
257 220
284 158
74 36
224 116
188 54
267 232
140 100
4 275
129 165
34 205
243 149
53 265
126 47
213 71
230 148
167 97
242 87
153 272
191 90
212 1
237 263
2 283
258 177
217 63
139 209
145 174
20 180
96 49
26 139
22 113
139 216
183 198
76 158
110 30
13 33
218 190
145 221
230 229
35 10
238 258
83 187
111 6
244 128
5 150
205 192
30 12
166 132
55 101
67 230
218 94
80 197
80 52
200 172
91 88
210 54
102 132
179 129
130 247
119 84
162 47
52 46
116 26
91 138
110 261
131 148
250 284
215 0
224 194
271 231
119 183
47 183
195 167
33 144
198 24
95 78
234 242
185 238
136 93
167 12
20 56
285 280
115 95
38 92
99 187
250 6
72 136
57 96
91 121
171 143
12 68
61 89
179 3
264 29
45 280
32 98
75 91
249 12
248 6
29 71
2 142
82 119
127 61
267 176
52 96
54 64
229 225
91 195
287 161
224 13
148 253
286 77
271 288
170 85
14 143
24 211
117 174
264 43
24 268
78 260
19 258
82 121
148 119
107 240
158 101
7 21
135 280
251 156
44 149
93 17
70 206
275 17
252 287
120 286
176 285
102 112
115 285
39 183
138 214
114 63
106 110
28 278
260 187
272 113
41 218
227 226
174 48
273 194
40 56
194 165
240 39
92 120
138 211
96 162
149 158
183 186
266 49
119 175
201 51
189 206
235 283
76 251
20 235
118 250
142 91
53 141
73 227
176 176
23 162
160 256
283 280
162 133
248 83
245 105
222 15
167 126
236 82
95 219
251 201
67 215
249 198
10 72
83 165
279 269
257 112
223 17
217 128
102 240
57 41
41 19
202 33
165 46
113 158
185 144
174 179
124 173
125 102
89 235
7 265
116 129
30 166
217 73
60 0
120 155
288 159
23 92
8 133
182 66
94 270
261 202
214 32
222 24
145 159
116 13
26 23
103 231
151 174
191 178
162 214
112 154
180 284
185 103
94 119
217 71
124 94
164 242
109 69
269 184
198 246
228 164
142 63
11 70
25 266
273 108
278 224
164 169
281 268
231 13
38 45
172 115
173 193
193 89
159 67
171 72
273 190
226 38
113 65
143 118
104 109
285 211
117 284
187 217
71 195
32 204
86 233
236 274
250 11
110 117
134 222
104 42
184 219
55 275
160 95
1 95
256 66
56 199
170 210
137 144
78 51
15 225
190 46
270 103
19 223
63 93
2 40
286 150
281 177
242 49
112 183
141 245
69 105
183 100
1 164
104 207
161 36
247 78
57 80
74 288
281 188
3 228
18 203
89 215
44 129
85 157
44 16
57 102
242 150
73 96
256 114
39 218
8 85
165 97
169 55
274 240
69 200
62 289
259 245
79 229
167 61
31 50
247 198
52 241
19 192
175 228
25 172
53 99
23 199
228 186
13 73
24 128
43 35
74 152
207 202
204 121
19 34
38 134
190 72
267 134
196 201
271 191
284 240
128 90
75 55
189 101
278 200
43 171
284 242
25 81
184 53
56 201
237 115
22 65
148 155
49 133
186 83
3 15
237 107
175 108
283 192
285 99
248 266
169 106
205 97
10 75
177 216
197 164
242 21
153 222
113 143
133 163
148 202
3 235
51 112
106 204
132 257
170 108
278 287
200 270
55 29
44 164
232 148
92 65
15 34
89 105
252 105
279 49
69 281
263 277
16 75
43 90
56 122
262 37
252 235
279 132
54 74
261 259
48 89
43 114
288 18
57 88
36 59
138 113
259 120
103 187
24 234
275 130
255 193
35 120
57 120
288 231
46 34
69 229
89 240
232 228
264 9
261 176
184 20
268 270
32 206
166 64
101 283
119 240
247 272
169 144
197 200
243 26
64 187
143 64
61 94
216 32
205 149
140 17
89 174
159 158
147 110
112 98
33 83
228 44
246 220
186 257
92 116
54 142
168 119
201 56
107 264
210 27
23 118
156 274
230 44
244 64
126 127
96 182
111 69
87 234
5 20
28 280
70 112
219 25
29 32
129 202
221 210
183 70
181 278
126 29
21 55
194 212
73 86
263 95
40 133
244 5
206 276
234 258
5 145
128 5
242 254
97 102
174 74
283 69
286 152
187 182
199 236
172 177
95 213
110 176
259 28
226 59
44 200
208 75
255 113
228 84
126 200
139 23
242 5
188 92
261 46
121 284
240 80
267 155
161 184
122 190
110 276
141 55
191 66
265 152
145 223
98 288
40 74
58 210
59 138
73 59
282 13
259 136
28 70
137 289
214 285
13 196
109 105
192 14
110 67
227 80
200 228
28 130
125 190
9 278
273 31
123 74
194 192
151 104
187 100
32 199
78 200
289 66
69 198
110 217
49 251
17 226
246 43
101 150
207 94
236 67
72 0
104 126
101 244
202 104
206 129
120 105
152 87
228 5
70 251
143 51
288 273
55 138
281 228
161 261
11 21
270 162
232 199
222 118
163 46
117 205
25 63
32 227
119 198
74 88
243 208
213 261
130 256
16 173
91 231
149 198
58 10
92 192
171 119
206 50
268 228
195 237
73 206
159 195
162 186
125 36
180 25
105 241
273 14
268 234
249 177
161 56
142 42
9 110
207 192
172 31
232 133
288 125
228 97
168 124
204 187
63 112
200 243
223 193
100 70
149 15
210 214
193 278
58 243
21 115
227 131
39 272
128 171
75 230
118 13
63 165
82 62
41 57
114 124
118 156
72 190
165 124
102 70
108 60
280 162
12 107
257 273
76 268
70 241
20 3
29 66
127 202
173 106
119 284
237 28
249 101
187 206
166 206
35 268
60 170
91 283
281 260
84 154
49 183
38 181
208 95
70 256
144 111
59 81
186 251
123 64
184 145
196 270
181 18
32 8
81 87
88 279
91 260
32 229
97 26
18 116
264 158
95 88
40 174
136 265
265 31
273 106
237 279
261 257
2 71
188 9
243 255
274 220
93 30
190 276
231 40
142 36
109 288
56 289
231 182
185 249
150 78
55 222
262 50
91 242
37 10
74 113
68 260
152 64
183 23
50 246
92 170
40 169
233 164
188 125
35 257
154 242
249 156
209 79
25 232
225 57
98 46
43 190
162 137
89 20
46 2
247 37
185 150
268 272
44 41
68 177
210 129
254 191
14 187
197 108
105 243
207 52
60 207
288 46
97 142
97 176
203 61
250 35
289 267
130 86
226 228
61 5
106 112
288 183
84 54
45 177
29 148
204 9
70 260
63 10
109 173
227 280
95 107
156 239
67 116
203 127
221 230
245 159
106 114
185 8
31 48
46 236
24 130
287 211
73 2
211 188
226 174
160 29
164 133
10 84
26 127
32 27
98 127
32 255
129 211
215 219
1 227
151 210
250 184
271 286
250 51
197 87
164 174
274 135
54 62
195 88
62 206
240 104
151 163
161 240
70 5
262 44
157 70
20 204
170 188
275 216
245 132
43 202
126 135
245 25
222 221
134 285
138 5
182 88
29 154
35 157
12 283
99 73
275 193
48 224
94 42
235 233
88 252
2 224
60 2
284 127
155 209
240 48
273 117
289 86
188 274
195 86
148 251
202 182
207 153
145 95
90 233
289 131
189 22
224 118
86 205
277 130
122 243
208 140
161 31
120 6
204 25
4 16
126 119
82 284
202 121
7 226
145 257
58 198
209 280
11 269
91 24
93 271
265 118
238 216
145 253
71 95
184 125
105 179
3 86
146 28
97 128
84 217
249 244
178 30
277 158
154 5
286 257
111 255
88 180
271 86
269 227
283 255
107 186
277 162
190 32
168 92
3 3
107 277
87 271
10 281
282 62
215 111
188 129
193 287
186 19
159 3
93 151
277 73
122 114
252 6
4 148
158 155
55 41
123 225
57 287
28 188
7 250
232 129
240 149
186 9
133 238
166 279
37 121
187 11
162 17
111 145
171 218
89 260
69 116
121 238
152 120
245 8
24 226
132 181
17 33
56 21
177 141
116 204
218 49
251 76
62 287
219 192
200 128
9 21
157 10
119 229
82 198
55 205
108 175
123 143
183 126
249 154
221 176
194 228
181 168
187 277
126 231
124 226
181 232
91 90
187 149
97 73
90 3
258 137
182 200
167 14
128 60
131 245
230 83
127 63
253 143
284 218
108 169
219 179
224 242
181 201
255 223
106 60
77 95
135 211
282 190
112 274
100 214
55 17
210 1
238 265
231 7
27 64
224 129
85 282
86 71
212 11
182 154
17 51
280 199
33 288
2 55
174 120
248 284
179 250
6 266
289 271
247 11
121 114
169 247
12 20
209 158
141 125
10 95
52 243
0 170
250 157
4 18
38 12
174 252
235 276
227 82
37 8
189 204
248 18
225 150
63 212
92 68
232 277
163 164
185 49
288 94
233 239
182 217
175 46
70 137
181 29
172 263
152 78
80 122
231 261
154 102
235 162
201 174
13 198
87 20
143 93
252 242
160 186
273 24
264 235
146 112
48 67
114 89
171 58
41 83
31 83
117 274
115 217
125 53
213 132
66 152
93 20
269 287
230 38
100 84
4 143
41 234
156 255
226 207
199 242
224 133
151 110
176 31
63 80
136 237
52 151
257 12
22 51
59 190
253 186
264 259
99 29
11 9
202 60
14 71
8 101
122 98
133 79
59 9
54 126
11 189
37 195
108 42
273 141
34 65
193 206
22 210
240 257
61 98
269 230
139 128
225 6
225 138
252 146
19 256
195 209
15 82
154 69
87 134
40 138
251 55
138 92
49 143
139 49
111 201
110 115
245 77
187 104
217 53
168 108
161 27
195 273
100 288
217 105
51 264
125 92
240 87
38 144
192 200
245 116
27 232
224 86
246 128
42 133
286 79
199 174
52 17
51 279
30 98
266 179
176 269
267 40
27 164
282 165
229 182
63 76
289 162
7 269
257 226
216 74
110 60
224 15
212 232
241 25
203 226
87 146
43 47
285 38
100 206
165 274
60 85
70 208
211 280
220 161
267 69
135 74
221 254
60 90
72 112
177 250
261 8
268 85
263 283
116 107
147 86
240 19
265 231
121 143
224 259
281 30
140 168
122 145
166 150
201 26
102 205
53 16
53 101
211 273
143 270
168 207
185 101
2 171
143 274
134 236
90 202
12 144
103 150
116 127
250 89
55 14
272 35
13 181
153 3
78 88
89 163
161 3
51 142
8 143
263 92
120 272
273 157
154 146
247 255
271 275
123 7
5 273
79 215
31 149
131 7
55 70
217 110
25 21
221 89
35 281
41 178
58 12
267 47
243 24
212 54
153 274
279 263
183 18
123 146
116 156
252 30
267 115
148 256
32 18
224 18
112 33
34 285
202 100
93 97
63 78
41 107
66 52
132 282
2 226
234 35
149 129
48 47
177 266
123 189
107 55
24 104
187 136
115 84
235 180
142 268
166 57
16 7
175 196
272 53
178 168
225 169
175 86
108 275
179 64
263 262
278 109
253 28
22 36
181 251
72 140
138 1
78 131
205 8
104 14
252 237
180 177
204 36
36 259
266 43
13 183
191 145
171 206
277 270
251 179
8 248
85 73
182 20
203 134
0 275
288 43
113 35
102 17
202 161
182 25
185 185
70 152
209 52
141 121
78 58
52 248
78 16
44 218
150 90
159 32
245 10
50 64
222 207
177 227
58 170
14 232
24 120
98 148
61 48
30 139
75 69
229 282
11 126
6 158
231 227
171 12
71 197
184 0
48 281
145 45
179 157
13 10
92 6
275 158
61 242
128 164
95 15
132 231
33 102
287 156
94 28
196 171
80 131
70 36
174 126
89 254
270 44
157 67
116 49
131 278
153 16
162 219
40 105
15 77
275 195
6 180
126 78
175 56
155 38
288 121
201 202
283 171
286 215
219 287
235 168
11 6
188 252
33 201
58 142
236 50
119 288
90 148
268 159
56 166
129 250
36 270
17 197
268 136
124 127
125 232
277 99
119 177
11 155
232 70
135 220
124 120
168 101
228 99
182 235
28 239
138 140
255 62
103 227
133 185
255 287
74 98
168 33
206 96
132 133
132 86
38 105
281 201
185 154
154 236
88 101
275 19
268 53
243 79
80 129
40 224
208 129
117 250
121 27
65 125
48 116
286 50
179 193
268 104
265 116
113 198
72 151
106 53
258 121
251 96
152 26
35 57
66 217
112 150
80 284
90 136
14 282
195 25
30 25
246 4
275 263
100 269
96 31
171 190
247 102
8 135
30 10
185 2
66 100
257 261
93 260
43 87
209 233
167 277
4 79
77 181
51 180
8 228
43 184
235 221
11 23
21 224
27 146
138 268
274 218
256 6
153 209
8 211
166 123
142 89
60 223
179 34
157 142
121 158
11 140
197 2
67 232
186 281
252 233
246 266
247 22
109 226
253 183
5 37
86 274
214 263
218 55
139 124
212 134
277 151
211 266
168 245
92 152
137 6
59 166
124 25
207 200
53 244
43 37
95 73
94 19
182 280
27 193
97 44
141 44
135 52
183 29
138 218
76 16
98 53
59 76
252 79
196 266
217 56
142 253
234 113
235 166
159 37
27 153
80 13
257 259
267 90
262 29
46 42
163 51
48 16
140 53
47 125
286 184
8 141
174 177
159 78
116 189
137 153
22 67
231 131
2 182
110 219
113 51
150 116
209 196
38 52
115 274
286 61
247 20
177 128
281 126
192 202
219 149
239 102
69 1
68 55
220 95
46 278
250 127
138 270
219 272
287 48
110 53
63 147
176 6
222 194
286 180
263 201
41 273
273 101
213 69
153 276
63 270
170 150
286 283
80 221
52 98
274 110
254 188
164 165
132 146
170 182
91 20
15 197
172 270
206 104
156 204
240 205
80 50
142 167
255 53
120 157
150 101
287 191
264 106
57 30
87 84
4 52
27 85
272 84
153 65
33 31
162 130
1 162
234 49
222 9
230 9
174 117
112 204
7 99
26 83
118 128
106 170
200 105
223 7
124 5
240 213
245 126
235 260
24 117
138 170
78 128
77 204
16 235
270 88
90 5
118 168
277 18
24 270
44 222
119 11
268 125
69 235
33 16
65 77
195 250
114 26
102 42
9 268
35 203
91 172
236 54
179 229
115 158
183 288
6 56
195 284
145 67
249 255
187 153
227 142
193 44
210 274
288 68
42 141
42 239
230 241
57 207
196 191
101 204
33 253
268 34
126 80
165 175
78 94
273 1
238 20
0 229
40 88
118 25
288 282
50 99
248 205
228 37
79 253
70 114
65 257
82 162
271 55
269 115
125 254
15 199
217 218
168 57
265 81
58 90
264 35
200 34
211 158
92 163
2 69
141 216
95 164
26 25
42 221
18 288
171 99
154 205
127 138
72 134
223 174
42 166
7 90
99 242
42 85
248 253
143 256
183 165
252 133
205 257
168 205
42 164
165 51
202 49
238 18
47 190
209 134
262 141
208 171
247 35
110 287
129 50
182 90
254 236
53 208
206 35
3 82
67 148
183 139
184 217
284 256
130 133
7 105
80 163
46 148
83 95
273 18
147 108
177 235
222 92
288 80
243 10
15 73
30 230
178 166
98 272
154 144
268 64
247 154
197 265
80 156
164 209
143 116
179 28
135 186
171 106
48 132
20 210
275 163
242 239
94 286
234 151
75 34
156 34
272 107
22 269
233 90
193 189
220 27
148 240
177 2
197 162
86 51
230 146
241 208
7 97
40 255
185 142
42 182
50 237
154 156
234 241
219 245
103 68
146 203
265 212
117 93
220 106
62 267
12 281
25 257
159 164
115 151
278 219
136 235
55 140
63 70
180 286
155 202
108 184
217 75
215 116
101 143
172 139
14 178
86 41
269 277
134 143
6 224
247 115
237 175
3 37
52 65
35 123
132 255
185 11
214 211
47 63
197 268
227 163
158 274
106 214
188 82
220 59
151 170
244 267
12 102
111 264
216 55
89 122
155 127
203 160
256 10
261 20
234 28
236 71
13 45
239 28
174 70
0 233
249 242
106 138
134 240
279 243
248 34
78 119
94 149
246 257
253 166
281 69
289 280
119 179
215 217
257 212
31 267
162 29
214 278
76 85
38 85
184 66
261 121
157 54
65 171
43 45
270 33
23 53
100 273
218 29
237 154
279 126
208 177
263 264
128 56
175 289
170 242
239 240
264 62
134 157
199 249
90 204
34 1
173 85
116 97
64 53
166 33
221 159
258 84
78 62
79 233
48 49
38 176
110 26
28 268
105 276
229 40
253 218
270 105
25 101
57 77
72 84
266 256
228 140
200 114
263 17
285 96
65 166
115 8
142 34
251 183
56 141
25 103
77 253
87 206
152 160
65 9
11 249
286 94
234 198
273 12
205 166
65 45
242 272
59 224
168 149
171 174
259 282
62 174
274 156
53 155
206 194
253 244
122 33
82 14
159 10
248 107
152 143
101 217
148 33
158 92
63 44
281 16
41 7
138 63
77 100
191 190
228 184
256 188
1 14
143 88
22 245
129 222
64 210
20 255
77 34
264 265
207 169
152 84
247 245
63 48
85 87
16 55
225 68
233 155
197 250
257 56
52 39
263 41
251 166
114 91
107 227
133 167
23 164
194 203
151 65
89 283
268 161
247 58
137 183
2 217
90 181
168 241
138 115
16 186
113 285
186 66
55 207
32 218
66 235
151 253
61 96
97 220
152 224
19 250
196 239
192 274
197 81
2 44
278 157
91 235
25 245
188 70
201 10
23 225
174 34
131 84
148 96
52 251
222 224
216 212
11 267
227 26
266 67
151 277
237 141
17 10
23 102
62 44
58 27
266 51
167 52
54 150
218 241
93 33
187 106
229 113
132 144
170 16
76 89
81 19
155 55
105 55
101 12
232 201
207 8
180 43
16 233
225 26
53 170
102 287
230 114
100 144
244 52
214 66
121 116
265 156
50 113
248 221
87 74
286 128
27 4
205 51
40 163
105 130
112 286
142 16
186 72
267 278
245 197
206 2
35 32
181 288
164 257
210 264
197 285
284 216
266 262
185 169
180 280
192 46
235 159
218 196
287 173
272 3
187 49
90 113
102 137
118 76
154 57
219 48
100 246
161 54
65 242
264 66
23 111
88 99
71 60
125 38
211 159
69 126
183 250
28 19
222 228
248 54
264 70
26 69
287 175
36 196
204 151
223 90
135 25
49 223
73 243
251 245
158 34
65 272
189 74
203 238
223 267
180 139
92 95
174 219
113 24
272 240
13 52
112 262
153 89
8 35
87 73
71 243
90 253
262 196
97 90
106 56
135 36
3 39
175 243
2 229
72 288
46 225
122 286
187 238
203 254
285 141
82 259
166 215
254 136
44 43
1 38
250 83
209 247
21 2
230 208
134 216
93 2
61 79
129 88
152 217
249 82
255 57
198 225
28 163
48 123
255 283
150 97
22 87
26 16
103 175
132 220
21 276
43 241
157 81
26 51
66 177
180 220
263 81
152 118
52 267
35 8
20 249
164 16
113 181
56 13
121 174
98 268
91 165
255 142
221 13
149 255
140 166
142 111
64 103
73 118
262 233
115 93
92 248
190 62
269 275
61 9
275 2
275 23
85 121
154 67
68 22
62 28
245 6
89 231
6 18
40 240
228 10
96 269
134 231
226 24
183 266
157 109
224 161
56 43
14 54
133 7
204 57
267 42
212 65
73 132
57 185
55 103
235 239
225 72
5 212
220 108
240 75
115 11
235 172
28 195
218 282
191 225
126 125
97 33
277 222
100 46
4 247
125 27
156 141
21 106
229 46
111 179
146 280
259 114
105 185
258 125
224 148
289 133
260 95
207 6
66 54
281 109
37 160
181 138
226 100
59 97
16 47
245 184
16 181
17 44
55 256
42 43
153 41
160 258
81 188
7 273
207 249
5 226
94 248
55 198
153 253
276 154
285 27
46 199
243 7
39 41
227 166
89 198
155 241
126 116
265 177
180 175
151 279
97 213
253 85
146 157
159 262
133 84
50 16
25 65
31 143
173 58
50 97
285 65
164 225
176 80
98 31
101 136
120 187
23 209
47 147
248 56
179 88
140 92
94 105
70 262
229 72
162 225
6 220
7 278
235 86
145 30
183 64
110 42
115 199
63 173
228 210
107 40
1 130
92 277
276 235
75 93
258 66
40 13
32 29
88 277
241 243
264 255
96 46
174 237
127 166
187 13
38 56
273 43
81 157
163 277
249 85
171 32
68 236
88 64
136 269
182 48
96 118
44 243
137 52
38 197
10 66
199 219
235 225
253 216
232 96
177 124
137 46
230 168
195 248
268 36
46 159
73 266
52 253
18 241
226 241
151 245
61 73
125 205
238 213
258 274
75 53
256 68
96 75
133 218
115 197
73 74
150 202
96 65
245 101
62 85
122 100
91 150
63 167
199 80
253 179
57 197
12 127
28 24
116 9
7 109
172 149
276 190
87 231
59 6
57 98
144 226
189 48
195 211
236 88
271 189
179 32
4 236
160 123
3 281
163 3
213 247
5 245
277 69
254 181
167 103
137 187
225 171
166 181
122 261
255 281
164 11
149 285
270 234
214 287
199 163
205 216
274 84
219 163
230 150
163 184
146 42
172 145
254 250
56 149
253 139
273 56
125 213
170 161
17 224
221 271
244 99
35 83
136 143
263 197
132 46
207 12
111 148
0 175
225 11
44 81
146 26
228 35
134 161
18 239
231 112
18 194
141 57
181 221
253 32
83 215
242 39
124 269
105 164
72 285
132 286
197 212
185 22
115 78
0 41
178 202
96 35
265 129
243 117
117 28
42 78
205 66
51 222
66 231
86 151
112 26
123 257
145 269
240 153
92 258
174 195
250 232
150 241
67 118
226 133
93 190
176 78
143 55
110 215
96 246
143 179
42 128
231 128
99 93
37 193
283 187
119 94
277 124
89 97
256 244
110 33
62 91
194 162
283 185
203 163
154 207
73 180
249 87
259 179
99 212
30 226
204 136
211 230
3 88
114 219
197 170
142 247
245 79
75 60
122 5
143 17
230 154
219 248
124 35
132 18
18 232
8 87
117 180
230 97
141 46
188 52
89 154
6 149
106 16
182 166
130 49
277 231
20 66
159 241
104 184
234 161
82 27
229 82
160 34
252 64
248 192
187 17
85 21
51 285
263 174
284 41
74 286
169 65
124 33
202 82
153 128
286 160
191 207
199 134
143 276
218 98
188 127
65 145
259 258
198 244
235 55
54 122
67 44
254 261
148 27
124 133
2 255
243 36
176 241
37 204
59 88
134 22
12 142
124 200
89 243
206 151
277 164
108 177
187 56
14 171
107 58
189 107
166 242
121 146
189 64
271 156
51 224
97 211
164 47
155 273
176 126
138 207
236 105
148 279
267 87
136 31
128 209
125 139
62 169
252 95
194 277
190 52
68 57
175 67
172 121
251 5
104 58
220 9
276 241
65 75
4 56
6 134
113 273
171 176
119 115
197 222
224 24
212 215
269 90
144 178
260 169
51 134
0 168
136 218
200 102
201 81
53 183
278 188
54 252
226 148
49 135
117 2
286 75
100 241
79 262
45 87
280 0
107 229
182 31
123 265
181 158
232 195
1 172
278 51
196 27
234 170
190 128
254 145
233 177
225 222
9 266
215 204
49 101
202 219
223 253
39 16
242 51
98 196
59 4
95 51
149 31
72 36
91 215
148 157
28 231
63 24
38 206
92 109
188 15
151 99
110 184
98 94
186 32
12 133
148 238
145 93
263 153
247 104
270 150
124 101
258 188
112 147
112 218
232 241
268 257
50 66
180 166
236 114
219 261
39 109
120 171
29 152
135 184
34 67
171 10
155 243
204 277
151 18
54 12
66 123
244 204
88 204
123 124
45 121
116 243
206 174
131 222
135 278
159 184
181 266
279 11
53 137
197 236
180 218
279 165
148 117
75 249
258 17
219 208
47 61
174 248
8 284
35 220
260 216
81 110
73 102
196 103
246 156
92 149
132 75
53 103
275 191
72 284
231 152
249 118
160 137
229 243
126 34
230 202
169 184
209 217
6 36
66 150
11 191
261 113
63 3
246 21
238 51
36 248
80 235
4 99
100 131
153 173
70 0
260 26
21 88
212 278
204 194
181 27
54 95
186 53
167 147
44 237
245 23
225 135
58 146
90 176
206 250
212 263
211 249
156 107
72 192
266 211
61 205
38 179
27 133
200 205
194 286
64 28
285 156
240 241
245 269
251 243
279 289
85 5
27 236
137 24
287 88
242 120
124 261
250 222
60 100
245 103
240 218
111 119
213 272
153 39
160 52
185 148
150 251
7 132
25 85
112 96
86 153
104 111
37 258
143 66
66 188
127 244
260 234
82 55
24 196
263 212
81 196
245 208
216 107
245 255
173 143
58 3
263 11
252 170
90 111
111 82
259 15
250 104
265 40
9 280
1 140
193 137
14 195
142 53
54 168
15 219
202 110
160 225
288 195
138 34
250 80
74 247
155 53
251 190
147 193
60 72
253 54
111 152
196 107
47 157
273 77
31 222
249 57
143 95
217 230
194 271
156 237
147 114
76 116
29 83
282 50
88 21
198 214
163 66
45 157
202 65
101 129
219 285
131 225
106 273
161 161
29 30
138 20
57 58
24 37
10 17
285 83
184 89
92 102
10 138
69 214
85 32
191 48
284 151
11 32
211 56
43 178
45 162
165 121
69 283
224 140
40 112
102 189
147 195
136 54
207 27
146 201
231 279
126 82
248 138
199 221
45 193
73 34
122 65
272 271
280 166
271 117
167 50
97 248
263 128
99 175
243 101
270 258
225 226
233 159
77 130
208 38
195 232
184 253
6 51
118 0
81 250
242 201
190 126
171 261
202 102
233 283
101 146
69 196
161 8
128 58
147 159
166 204
254 6
253 137
170 121
258 276
145 56
269 238
87 97
179 86
203 192
9 127
259 133
218 246
204 38
138 266
32 81
20 178
126 170
167 201
225 131
218 266
207 67
126 84
134 5
102 86
2 128
272 33
85 124
103 244
78 121
234 115
22 104
284 149
98 244
287 120
68 238
144 53
69 29
189 146
97 179
133 225
164 276
202 136
279 201
282 261
134 145
3 13
274 3
199 164
219 73
114 96
45 20
58 189
186 81
60 211
126 132
72 179
112 276
7 154
91 119
163 176
64 55
87 214
235 126
0 194
24 246
56 9
181 101
70 193
2 178
15 221
248 157
239 209
39 167
155 157
145 47
18 118
237 159
44 147
243 48
94 115
167 26
46 170
208 282
25 109
11 4
264 64
40 32
256 124
5 133
284 18
39 9
99 15
39 0
149 217
209 179
41 269
88 150
279 173
234 229
287 83
260 141
122 14
47 14
174 265
288 143
20 9
240 21
98 246
205 6
130 220
21 233
187 260
107 51
108 39
2 19
246 158
260 243
214 34
29 23
134 75
230 144
50 48
31 147
104 128
11 42
152 6
5 54
159 226
10 283
283 33
17 192
202 23
158 107
132 48
186 219
194 27
20 202
261 132
150 119
24 113
49 12
235 69
25 163
3 54
207 217
274 235
277 172
125 100
205 91
116 245
39 90
2 52
263 209
44 39
287 141
130 141
146 58
67 254
275 13
63 284
279 163
266 117
248 127
83 110
192 18
220 49
70 33
38 81
238 274
163 145
241 35
124 14
125 104
96 55
109 41
102 127
178 220
126 32
165 277
237 238
54 254
138 142
167 203
65 284
130 47
246 222
100 141
178 123
27 68
56 66
25 278
150 190
277 194
84 280
109 156
285 52
201 241
264 187
163 15
152 203
158 119
251 131
175 84
142 153
237 244
94 65
152 127
163 178
111 121
257 246
105 135
123 216
118 200
257 131
144 121
175 33
237 139
216 64
237 73
169 32
138 168
153 270
162 279
28 39
258 64
185 215
230 133
281 34
241 100
245 275
218 187
213 67
214 64
6 284
42 139
76 164
67 125
225 41
285 244
33 281
279 104
6 254
96 103
186 15
122 174
250 78
208 73
120 169
267 38
98 209
49 190
160 213
97 47
184 200
120 76
263 231
169 102
198 28
4 254
239 164
12 129
197 83
152 106
98 214
118 27
287 95
241 220
271 67
186 92
83 86
275 233
212 119
16 80
224 167
212 190
68 265
38 238
207 176
199 201
93 165
221 53
229 227
53 221
170 146
238 103
30 269
274 285
35 103
213 126
198 266
33 267
175 193
259 279
261 15
286 17
106 175
126 172
82 58
192 29
50 117
17 190
243 171
243 119
257 222
26 194
193 163
160 173
90 247
115 82
95 40
187 151
136 21
283 26
122 205
258 244
71 29
68 28
125 230
136 140
287 31
77 266
236 164
55 136
279 228
30 281
7 222
287 200
101 232
279 73
42 254
175 143
66 233
43 233
31 31
119 217
65 211
235 286
275 78
219 210
53 250
1 0
5 271
213 130
28 167
116 34
170 178
273 86
13 16
95 99
288 202
208 99
166 210
235 116
32 225
181 68
217 260
127 54
191 50
245 3
179 200
124 79
15 11
263 119
206 4
160 6
128 139
68 216
53 263
124 40
160 260
10 134
75 203
183 102
262 10
139 153
146 118
75 58
152 239
251 94
203 181
121 240
66 175
238 26
248 268
194 201
247 270
152 189
245 124
97 0
201 176
90 103
96 94
13 189
288 198
251 168
115 205
122 188
165 28
119 139
65 51
250 106
41 110
61 201
216 118
258 68
262 189
259 203
211 289
30 164
262 215
239 84
209 138
145 24
9 99
205 153
116 91
72 278
131 17
113 149
45 171
95 97
28 255
118 244
41 206
123 227
16 282
100 208
192 264
70 279
124 141
1 268
151 275
103 44
186 109
205 204
139 143
72 73
212 287
71 267
261 27
172 74
273 274
105 228
143 191
198 202
36 198
59 226
176 264
84 236
206 274
174 181
18 178
94 7
105 133
172 48
220 147
111 124
1 273
122 156
289 140
45 35
6 34
40 243
88 4
206 218
97 174
54 202
288 167
287 139
226 168
103 72
228 149
23 242
64 255
238 261
147 254
173 175
40 136
219 268
148 112
176 209
273 22
90 262
72 75
248 44
47 265
200 136
240 144
207 105
236 52
267 32
130 5
136 271
163 132
83 42
229 12
92 28
114 203
237 56
39 20
275 287
173 211
132 114
203 179
35 201
16 165
44 175
142 59
135 34
257 284
41 257
170 244
71 102
234 122
99 10
206 168
213 3
20 289
198 54
254 102
252 135
226 140
84 41
42 174
64 7
213 128
150 67
133 233
169 99
203 80
93 72
95 30
79 250
58 43
196 0
205 27
146 129
148 68
128 162
53 113
200 32
288 74
111 35
230 200
190 111
252 188
188 276
230 99
173 236
284 63
180 262
193 91
227 111
238 71
70 277
8 158
164 211
165 14
178 240
248 80
134 18
172 189
280 203
164 67
51 50
188 72
217 92
54 152
150 84
261 73
31 208
36 205
152 141
109 240
278 71
107 256
287 65
176 249
101 74
83 219
235 72
131 42
83 137
7 145
277 174
251 85
97 183
124 171
139 213
214 209
148 191
206 72
135 7
277 108
127 123
57 67
38 260
148 267
118 130
198 114
140 218
206 172
100 33
203 165
166 202
182 264
129 137
255 217
267 153
2 236
160 93
216 165
117 195
93 168
270 152
234 194
205 240
239 243
69 35
61 92
16 177
163 55
21 92
96 217
284 76
52 277
248 63
90 109
141 25
276 192
176 110
77 179
58 187
154 211
35 97
219 115
182 0
1 85
4 269
131 229
107 242
123 288
211 3
27 246
17 161
63 243
71 234
58 167
261 43
22 109
109 257
145 192
32 169
160 215
238 74
28 28
210 282
196 244
120 44
26 256
251 57
169 93
121 228
152 211
218 250
66 265
73 116
43 195
39 234
220 241
183 182
14 75
46 65
183 282
255 179
97 261
19 115
125 118
102 33
257 189
267 128
0 177
163 27
210 16
19 52
210 190
177 281
130 277
30 265
256 239
29 173
53 115
27 166
6 82
74 159
39 76
186 240
276 152
112 216
166 29
241 259
266 11
272 19
112 267
204 105
283 109
38 165
59 241
206 170
113 196
56 168
43 120
96 273
271 161
260 22
145 117
186 253
1 220
9 32
195 226
23 287
114 283
192 0
67 189
29 171
78 165
71 280
231 49
140 247
67 146
73 253
269 137
164 182
262 71
67 24
172 147
161 221
21 163
99 135
151 270
274 238
82 280
269 148
172 14
182 284
236 229
13 24
77 37
82 53
26 38
224 37
226 42
91 72
221 178
81 123
136 182
162 96
248 42
130 43
183 196
220 260
224 265
4 196
146 227
73 268
285 121
44 198
236 152
102 173
135 188
74 143
176 168
183 50
266 233
217 205
277 272
143 272
53 181
128 200
77 65
175 124
43 204
117 248
22 34
228 168
119 215
91 244
99 26
209 265
289 173
215 129
197 242
42 40
40 17
204 103
151 129
214 274
144 112
33 34
73 94
167 175
149 268
235 153
220 117
268 117
285 229
68 6
51 281
0 166
272 88
194 230
103 185
218 165
32 220
118 286
247 26
156 105
121 139
198 234
262 178
127 213
189 109
179 264
211 192
85 270
13 22
119 2
71 228
92 286
248 200
283 229
100 148
50 241
204 40
189 148
156 0
29 237
199 232
73 57
194 71
185 221
100 250
223 40
29 134
218 232
213 159
60 118
104 137
3 101
287 99
197 189
42 148
99 233
91 107
208 173
62 171
190 265
249 194
193 69
94 179
88 273
248 61
119 209
260 128
254 238
127 251
101 78
178 78
81 164
179 90
3 256
127 169
19 206
141 115
218 106
248 103
230 5
287 67
261 40
30 153
39 114
248 46
61 71
14 49
67 46
92 18
67 111
284 107
124 99
4 283
211 218
258 272
136 213
206 136
32 160
196 230
51 124
133 229
123 159
24 221
279 271
247 204
66 50
0 20
185 273
174 50
279 232
30 100
168 86
287 134
166 168
29 68
80 158
205 68
42 186
64 175
163 223
80 57
224 39
55 285
272 285
149 283
265 210
236 27
99 179
137 216
144 250
48 65
34 279
277 132
74 84
54 43
174 244
217 116
51 245
150 267
29 64
224 75
58 203
181 128
103 211
248 223
152 236
250 100
74 165
280 225
112 84
75 133
124 103
19 238
190 18
158 94
258 141
111 71
224 224
201 12
169 261
68 4
115 87
42 146
7 88
81 31
0 47
63 178
37 115
206 15
193 196
207 181
100 133
147 198
97 88
39 103
190 11
25 198
223 22
200 49
213 163
153 82
242 122
233 230
33 257
54 18
73 280
138 278
280 227
113 265
192 71
222 87
170 97
181 21
133 243
289 95
224 55
234 244
93 99
95 211
59 172
165 144
244 254
87 267
201 64
73 72
39 258
13 191
68 176
120 42
126 96
10 142
169 206
218 180
147 29
72 242
102 139
101 134
271 193
61 30
52 283
165 146
87 281
265 7
237 215
280 8
60 186
99 190
27 2
76 200
91 96
278 9
288 218
260 177
4 179
186 126
170 71
257 133
156 139
181 32
272 219
210 194
204 275
107 106
188 63
174 250
134 24
284 92
197 237
73 54
181 165
70 139
149 17
188 80
20 109
7 156
105 106
238 105
283 133
257 86
201 159
175 169
241 237
177 115
192 32
220 97
32 165
47 87
210 178
220 14
207 149
269 285
149 219
201 165
99 82
12 158
1 184
24 90
202 228
135 214
207 14
195 282
138 191
40 78
150 281
90 179
107 118
159 30
118 283
128 134
187 141
88 71
63 122
135 170
278 239
265 200
89 61
58 200
168 104
78 163
259 86
146 96
278 153
71 4
123 16
97 161
5 115
73 67
200 22
226 4
261 265
62 208
90 194
101 239
7 115
225 240
45 190
71 159
122 268
197 232
235 219
201 213
177 196
99 164
187 34
288 193
116 131
171 110
195 190
79 90
13 233
252 129
77 63
178 238
216 186
201 62
92 22
277 16
28 50
232 183
288 179
225 34
30 137
114 128
118 213
67 199
24 254
199 238
288 123
175 287
224 221
124 56
8 224
265 94
46 266
121 215
257 143
138 60
3 97
93 106
63 46
164 58
247 9
35 218
144 254
21 201
101 44
19 270
268 88
257 278
223 70
19 252
124 29
233 30
82 51
227 243
244 186
150 170
199 103
166 166
74 163
233 72
10 144
256 30
167 130
281 258
61 240
185 251
128 248
288 171
188 110
134 234
99 77
3 84
255 260
126 255
223 138
45 184
251 92
25 243
258 280
2 99
254 170
162 58
22 247
102 13
97 92
37 123
270 182
168 17
184 111
102 152
252 199
83 122
283 106
156 251
275 165
94 31
112 67
91 66
30 8
63 124
178 47
250 286
229 101
96 28
208 250
148 281
282 271
115 215
73 200
238 122
151 16
215 70
28 128
212 179
6 143
240 121
144 268
122 172
31 71
198 270
0 129
222 59
205 180
153 104
12 156
195 169
200 121
100 86
203 21
274 139
141 179
102 15
61 7
123 161
29 192
278 221
221 163
78 14
205 61
176 140
143 47
186 96
236 213
3 271
215 62
52 63
5 214
213 115
25 167
209 91
87 154
131 284
189 50
188 32
17 82
253 141
92 166
147 132
185 152
5 256
184 123
42 267
242 91
184 10
101 228
179 92
198 172
251 37
210 74
159 255
33 158
35 246
203 119
144 15
184 235
241 239
221 273
229 142
266 103
173 33
279 261
141 155
282 15
101 230
98 162
56 242
168 209
244 206
193 273
197 26
267 287
57 221
56 1
63 87
142 133
8 253
276 139
94 117
193 198
94 121
71 203
142 97
233 262
208 136
128 256
154 203
227 58
31 58
170 83
133 37
115 51
257 4
110 151
216 250
286 178
130 201
218 96
167 94
271 163
101 210
139 220
233 87
201 96
206 106
152 145
30 49
19 272
99 89
284 254
157 144
121 63
48 159
122 104
131 166
96 267
119 181
175 217
138 50
85 283
54 39
71 22
71 263
136 112
219 212
106 168
242 206
54 10
105 230
109 28
113 123
82 252
272 105
264 208
101 80
66 56
35 34
123 39
223 159
265 127
72 142
37 50
257 224
243 274
66 113
105 172
269 160
107 134
62 1
286 107
285 105
238 205
89 146
170 180
236 217
219 64
181 198
234 67
67 2
2 200
99 282
208 273
36 105
283 31
267 226
228 278
6 147
14 164
10 157
266 105
138 32
144 281
277 260
27 101
282 203
141 279
11 182
56 96
124 81
18 274
170 263
38 94
221 110
69 26
214 75
261 283
108 167
187 98
137 105
246 29
127 114
268 44
34 59
138 181
137 3
229 170
30 255
42 188
280 106
212 77
110 97
110 37
204 185
249 91
92 4
47 122
27 66
2 269
279 124
0 284
99 0
164 56
51 15
51 157
250 42
234 288
221 57
24 52
76 120
248 105
20 212
106 216
131 275
233 225
89 274
25 288
49 93
124 214
83 84
138 157
233 181
22 203
50 253
270 260
65 267
130 241
196 286
74 111
177 200
107 108
183 216
239 256
194 280
216 179
243 202
119 75
89 237
85 42
237 209
112 41
69 231
195 241
39 205
27 151
26 162
219 194
18 234
170 246
200 110
52 116
59 206
42 92
149 108
77 229
107 104
98 270
192 160
279 15
211 276
57 60
92 70
1 83
163 128
255 213
275 21
113 8
34 269
224 9
92 246
41 41
127 50
94 95
6 275
124 263
82 29
186 1
283 29
10 82
8 83
1 231
204 156
57 100
273 236
38 59
140 127
80 199
223 61
188 254
203 221
144 248
236 19
149 86
63 268
139 114
48 118
239 76
113 217
99 198
159 121
116 207
185 24
271 238
89 66
102 215
22 117
0 160
103 131
279 223
164 126
54 97
148 84
69 266
109 121
198 107
162 123
148 242
23 106
278 155
98 87
79 165
221 65
2 80
191 266
141 42
99 210
278 7
65 49
199 112
224 208
95 101
235 29
161 32
260 17
29 267
223 57
265 50
169 11
142 169
173 208
177 46
6 246
211 15
69 233
265 96
172 141
193 31
112 30
29 150
169 110
105 232
233 48
79 248
133 35
246 186
12 83
205 158
199 159
124 145
152 4
114 80
110 49
133 73
275 15
0 218
153 246
19 164
215 163
10 232
126 162
255 55
115 272
210 176
28 17
193 208
239 140
264 261
245 202
207 237
2 219
52 203
60 188
226 170
111 55
236 123
73 282
161 254
9 250
166 276
146 251
108 258
176 44
21 206
34 81
289 196
154 220
44 169
186 47
249 196
266 158
215 114
112 195
250 129
214 113
209 77
213 0
152 177
250 234
275 82
35 61
159 156
236 245
67 106
96 126
241 102
20 274
20 119
166 238
49 225
170 30
237 272
60 168
96 96
26 87
209 70
198 33
277 258
11 233
244 50
46 117
221 208
214 161
204 129
60 114
4 181
190 261
132 247
42 143
224 206
210 232
135 147
94 215
82 60
211 117
184 91
121 118
98 192
79 20
5 156
153 55
64 101
227 41
274 214
250 134
98 69
278 5
125 7
261 200
275 259
122 263
22 179
136 23
157 40
238 49
280 5
98 216
46 146
177 108
155 103
105 108
247 130
72 207
150 215
272 102
43 122
5 216
245 271
97 150
51 41
191 147
161 163
285 191
106 166
278 75
109 35
245 154
221 149
232 157
283 253
16 117
189 257
276 239
277 50
171 183
41 34
71 2
21 53
73 249
18 236
10 248
61 213
154 136
169 13
247 117
219 243
178 231
280 230
54 242
151 184
245 172
285 109
118 184
82 217
4 50
78 64
27 0
67 267
34 199
114 275
70 189
95 17
70 284
215 208
185 64
150 237
68 279
169 67
38 107
205 134
247 196
225 81
81 133
8 138
30 27
6 277
57 223
1 215
158 1
83 88
116 80
60 102
273 111
55 172
60 287
161 165
243 271
75 265
236 121
52 43
163 221
45 62
71 252
67 271
251 98
110 84
124 116
81 282
140 267
3 131
252 144
26 281
99 79
123 191
265 91
125 62
161 159
100 18
212 274
42 130
257 179
106 39
227 72
113 82
42 256
196 160
269 32
256 84
181 234
176 50
98 189
139 126
37 157
120 249
235 155
2 57
48 95
42 137
83 21
50 42
228 241
97 4
37 287
206 37
20 121
188 97
199 227
219 205
159 276
208 54
255 221
204 190
176 239
174 285
177 87
109 178
16 280
6 182
97 243
186 94
92 176
34 30
16 160
242 175
157 36
97 194
116 183
6 211
118 108
126 59
159 8
228 16
70 135
281 243
270 269
259 284
275 273
45 64
229 280
144 132
191 16
168 214
246 285
233 69
12 25
126 227
183 252
87 6
150 235
162 19
172 56
184 167
160 4
44 61
112 246
76 111
55 186
101 68
140 62
54 248
107 202
200 161
152 243
283 35
188 1
58 14
193 226
136 267
271 1
219 188
238 153
172 104
174 242
15 223
90 200
184 48
34 227
125 51
208 36
175 59
152 234
139 179
81 33
143 101
156 111
53 219
163 193
151 284
151 82
239 172
146 249
31 257
5 154
143 193
254 240
231 170
48 2
219 110
30 19
122 43
183 2
175 1
270 154
162 276
286 19
127 35
176 35
1 68
161 226
237 173
149 186
280 241
23 256
102 125
283 257
7 213
215 53
9 160
61 245
263 260
81 248
141 143
158 72
122 102
164 172
211 25
140 181
190 83
112 156
119 117
231 225
136 114
190 93
120 244
204 255
226 56
88 202
191 287
75 131
194 224
24 259
140 19
185 17
244 224
273 16
89 266
283 212
64 176
266 34
214 107
222 260
237 231
235 272
118 104
256 241
30 59
205 154
188 84
44 18
279 175
59 239
219 230
165 26
111 243
258 26
31 14
143 222
133 159
155 89
286 97
74 139
204 49
275 111
235 84
51 140
130 61
139 280
222 157
146 84
55 263
71 104
44 142
18 113
20 1
156 93
47 46
134 141
172 71
36 52
187 180
48 238
229 7
39 57
144 26
86 210
202 190
151 222
140 15
223 111
276 101
221 267
221 269
77 59
235 53
238 211
50 266
204 28
144 69
89 95
259 260
178 177
112 63
263 31
82 255
9 270
21 241
95 272
132 241
13 12
129 82
246 224
42 81
69 254
152 67
226 146
259 112
214 1
43 167
179 164
7 19
272 261
182 219
276 109
276 4
186 255
154 252
269 156
118 132
0 2
88 139
223 26
215 260
246 268
112 220
135 145
183 184
171 192
147 223
22 275
89 90
252 97
208 97
181 91
144 99
99 142
51 239
179 282
70 31
111 32
83 163
234 200
97 15
68 188
138 18
48 268
65 189
14 159
89 196
2 233
240 119
285 134
197 85
282 107
133 77
283 173
183 168
218 23
37 177
103 242
45 44
68 256
100 216
80 261
222 241
100 16
212 161
252 177
33 9
238 242
268 149
256 170
199 99
15 32
36 81
241 79
285 29
101 176
230 11
253 77
267 92
33 122
280 239
135 159
10 228
39 216
254 34
145 229
196 228
72 194
4 58
158 80
269 0
25 137
121 288
34 259
201 123
88 258
222 137
154 91
42 150
237 255
240 41
203 205
2 1
144 37
219 57
136 5
6 209
24 280
139 122
287 197
20 64
71 236
53 210
215 30
27 15
144 203
287 122
228 60
39 116
146 278
71 282
136 35
251 186
249 201
57 138
193 87
112 60
56 11
32 138
32 64
230 186
76 166
285 200
99 218
188 279
262 234
263 176
255 8
283 125
223 11
41 288
279 259
114 244
142 99
200 52
164 33
157 157
25 161
118 252
104 115
94 170
53 41
50 19
268 119
162 239
140 105
130 286
234 70
73 70
78 231
226 74
240 50
172 210
131 44
61 167
189 16
39 158
217 262
181 282
190 70
109 119
71 265
171 50
189 259
61 203
28 87
260 281
127 136
124 203
288 78
270 83
247 64
39 221
35 145
280 51
229 110
97 77
70 84
250 62
65 110
140 35
176 218
87 62
175 267
114 13
39 269
204 2
10 130
129 7
181 23
227 6
24 201
27 266
135 264
134 266
253 87
101 174
12 75
139 249
143 144
125 83
189 144
189 278
94 259
74 100
186 89
262 194
40 149
45 46
127 37
179 112
134 268
16 49
56 94
288 285
109 82
19 190
141 144
252 248
241 214
53 284
42 237
210 127
115 153
90 217
73 264
18 281
56 273
194 205
141 123
42 243
179 116
153 18
237 84
221 245
80 22
252 101
212 9
41 208
46 186
137 159
67 257
94 103
1 101
271 115
119 238
140 33
221 61
110 95
25 151
181 249
64 234
76 178
69 103
270 256
207 265
120 211
183 52
101 285
36 85
81 215
57 209
256 111
104 39
75 17
268 106
275 257
230 223
74 278
180 47
177 85
264 263
216 29
232 6
45 125
218 213
99 177
124 228
11 104
1 198
86 4
286 193
78 198
5 14
243 173
259 122
222 258
256 177
119 227
233 286
155 129
22 220
184 281
43 235
146 33
70 264
146 49
274 115
218 161
241 27
216 286
96 192
23 271
92 136
178 35
54 166
63 8
189 139
117 211
189 137
226 115
141 117
50 235
164 123
43 79
217 90
286 202
149 164
224 269
195 105
234 217
146 155
53 185
30 53
42 38
39 256
226 54
147 125
56 203
31 69
233 276
94 188
123 139
26 18
244 273
57 275
140 90
107 171
10 19
96 285
155 85
288 169
166 164
61 46
19 240
73 229
95 190
272 83
65 112
281 124
72 185
206 70
5 87
208 151
275 113
95 3
36 143
160 79
33 221
91 249
234 223
117 216
156 80
75 103
92 178
89 206
80 92
109 182
220 119
109 180
234 281
21 239
78 217
87 236
283 259
266 264
119 273
181 69
27 244
151 108
185 68
8 106
152 80
10 128
75 66
148 130
216 246
28 165
120 167
276 79
178 259
234 157
71 117
2 42
275 237
45 155
221 285
11 96
96 53
55 287
283 169
189 181
271 79
254 248
269 154
71 82
43 131
140 132
197 173
128 124
66 22
205 238
221 25
288 76
11 178
34 248
173 87
25 169
273 276
60 225
99 231
167 121
232 151
117 95
177 211
216 51
151 219
195 288
168 216
93 235
203 13
277 288
117 246
78 35
54 20
275 0
102 88
252 62
2 5
26 129
171 65
153 76
288 181
83 282
154 142
64 114
284 50
64 164
286 190
145 194
46 50
129 135
237 17
194 263
264 257
29 132
205 63
178 4
223 255
189 179
231 166
230 140
281 270
19 32
218 108
109 242
215 68
256 58
30 277
257 282
142 282
201 180
156 272
62 211
28 37
268 51
41 135
242 37
89 6
215 56
182 124
236 259
281 168
285 132
1 196
121 182
133 147
254 285
109 79
133 202
128 132
93 172
30 162
286 219
99 91
249 55
83 156
142 278
157 38
280 164
35 249
232 185
263 117
25 119
46 238
247 243
164 18
0 99
132 227
276 229
258 13
232 89
72 251
134 227
128 62
167 31
124 97
125 114
180 248
89 138
21 251
62 114
96 271
117 199
206 278
27 22
188 18
32 141
28 138
175 69
43 173
31 65
94 74
117 75
24 248
269 186
79 257
122 241
62 100
114 246
209 249
135 0
124 66
85 85
65 269
75 253
83 120
131 135
238 120
164 95
284 16
71 57
262 94
204 107
138 54
239 78
195 82
125 256
4 135
275 261
192 276
267 178
202 37
219 263
252 192
147 31
17 53
281 186
142 251
100 88
158 69
253 193
206 53
277 262
4 152
19 225
249 116
32 269
284 214
249 190
179 197
51 136
39 178
266 45
220 232
136 191
43 206
241 33
245 35
108 115
233 221
246 206
276 213
80 59
228 24
215 284
146 69
80 63
249 246
243 184
202 24
180 209
191 44
13 77
199 212
11 34
210 235
150 162
128 254
288 82
150 165
221 22
205 252
109 202
171 84
134 20
212 177
41 9
5 89
37 268
115 15
78 157
88 103
284 258
116 77
222 205
288 127
40 142
234 149
66 168
3 114
4 268
46 15
244 22
62 42
90 22
174 269
183 233
74 150
44 158
200 54
205 202
252 52
148 204
203 236
151 286
213 13
226 220
2 194
201 126
223 109
278 128
253 214
220 196
199 97
45 119
271 31
164 64
133 169
252 239
37 202
88 233
109 264
182 142
102 213
20 113
200 24
163 166
1 3
37 83
175 262
11 77
263 156
53 279
259 8
31 251
143 57
248 132
25 165
178 140
233 219
259 24
273 216
39 18
223 149
10 136
58 1
93 282
98 250
223 226
277 237
31 282
139 104
261 263
219 270
140 64
145 114
203 26
217 211
18 180
121 257
148 126
127 7
260 13
41 116
165 281
244 201
279 69
90 139
114 182
25 0
7 280
55 58
217 25
40 207
250 237
219 92
39 7
171 159
85 167
133 278
206 223
287 177
232 285
142 38
131 238
88 152
44 33
52 114
204 224
47 119
16 163
40 222
143 120
31 145
180 114
208 160
250 64
44 186
258 170
6 248
49 0
122 76
144 43
27 148
67 104
191 88
197 168
18 10
22 260
117 11
85 19
20 260
135 233
23 88
87 283
138 100
78 159
126 214
69 3
78 251
87 125
160 119
104 274
18 87
16 120
184 31
226 8
177 288
94 49
52 155
166 212
55 220
256 122
165 4
43 83
65 47
21 273
190 274
4 83
102 84
26 36
223 88
81 94
210 212
232 35
41 220
249 136
60 140
123 267
151 172
155 109
53 187
66 256
122 25
266 107
262 96
241 85
118 106
244 257
187 68
244 199
38 78
212 282
244 156
177 233
26 268
116 187
183 68
271 43
229 166
131 137
164 180
44 267
23 233
139 155
276 156
217 248
140 59
201 237
33 97
219 51
287 41
134 183
114 86
268 182
214 251
232 115
120 141
192 62
146 122
151 176
208 175
256 136
231 85
172 194
21 258
189 103
57 69
53 223
194 160
63 241
37 57
31 253
112 49
238 207
184 93
13 7
207 69
165 177
253 168
184 275
111 58
168 95
97 181
37 87
269 42
178 198
196 272
226 13
203 7
273 79
237 162
176 237
99 44
69 237
98 66
202 242
36 1
249 95
48 266
36 96
285 40
235 176
212 34
57 82
171 86
53 157
29 102
119 271
268 255
136 76
264 45
144 58
211 78
4 218
26 196
262 275
254 63
42 219
222 20
143 122
141 165
217 207
179 211
74 178
47 185
92 237
85 219
146 189
270 139
61 285
70 133
195 84
114 156
214 118
54 273
79 87
214 158
78 60
286 42
127 92
228 201
217 30
288 49
252 285
250 192
287 131
40 180
228 145
266 83
191 136
191 180
271 277
45 79
163 227
232 37
90 123
284 252
151 28
79 37
270 54
209 7
251 81
110 259
118 82
187 143
191 31
256 126
75 95
90 94
254 242
168 28
253 283
212 210
105 166
242 241
13 43
176 3
214 215
200 215
57 225
127 211
57 140
70 24
253 246
97 218
239 215
159 162
87 86
259 143
260 137
207 280
281 170
207 134
58 273
25 236
23 207
22 205
226 117
40 238
108 37
71 245
186 275
41 167
23 289
211 216
257 8
79 181
85 155
96 166
69 20
160 154
101 191
270 262
163 274
187 184
192 67
196 224
208 16
195 188
155 36
36 251
286 231
139 55
108 81
265 72
34 251
156 101
29 146
11 73
83 39
6 268
17 222
4 285
138 90
70 27
177 76
134 113
101 226
179 222
181 45
10 102
90 245
197 105
132 236
14 18
38 14
64 22
273 164
39 242
24 132
42 223
220 234
267 184
170 141
124 58
228 229
261 285
162 180
113 6
163 121
14 47
234 227
205 127
96 287
203 63
29 207
251 87
85 165
230 278
202 35
253 190
78 39
228 133
263 8
123 259
154 140
255 28
159 70
18 201
37 54
187 20
265 286
31 192
85 134
75 101
27 198
157 253
206 65
125 192
264 233
90 152
72 162
34 63
164 167
207 196
55 182
11 180
78 255
117 152
60 122
48 263
140 157
52 118
152 266
273 272
266 63
279 130
201 112
227 240
174 271
277 81
36 280
79 236
13 5
75 267
34 28
94 274
236 170
217 61
101 187
133 245
232 258
255 262
35 289
271 81
224 230
280 288
93 138
102 46
186 111
141 277
285 25
7 255
85 266
193 191
90 170
27 135
210 76
144 190
223 63
232 98
220 190
89 107
75 201
111 158
53 179
161 195
120 251
80 118
23 277
88 136
177 33
252 219
260 10
68 262
227 113
242 23
61 190
55 99
208 50
212 265
49 185
62 176
258 127
40 15
134 256
183 141
210 119
26 247
131 38
263 27
207 127
239 25
44 124
30 205
6 257
223 223
75 117
173 72
58 118
176 283
194 0
282 167
276 173
28 100
203 154
29 15
84 56
209 14
3 129
256 64
117 209
149 104
33 219
142 40
171 67
168 84
217 163
168 178
150 160
259 131
44 269
71 199
191 64
191 205
187 102
84 52
225 142
47 250
126 55
154 80
240 37
188 261
134 192
153 278
55 184
257 135
46 268
51 184
246 19
142 280
270 85
155 1
39 132
261 279
151 85
240 216
159 54
96 259
238 80
98 241
164 213
175 88
23 258
200 186
16 42
45 116
287 281
113 242
247 136
43 116
238 151
178 114
93 273
285 54
100 286
21 5
222 85
200 225
105 187
24 87
164 29
223 73
122 125
89 63
278 230
122 214
235 231
245 118
80 255
103 60
263 39
285 154
228 208
230 70
255 215
61 77
207 25
113 145
51 255
180 30
125 267
181 64
69 59
21 243
202 156
230 184
201 120
88 275
23 227
57 151
99 146
110 80
189 183
173 228
233 179
32 35
103 135
192 229
147 265
273 162
58 65
251 247
120 15
81 219
220 93
215 248
108 262
92 111
149 29
270 119
40 176
191 13
192 262
234 124
186 236
229 85
34 104
190 0
72 153
57 15
238 166
288 220
44 188
148 39
201 83
130 143
134 115
153 85
260 189
244 38
88 200
16 193
123 4
144 228
214 178
136 169
165 66
202 128
50 182
108 273
288 97
37 250
71 86
12 105
150 221
144 91
174 31
26 254
253 171
284 153
165 60
101 82
252 221
221 256
248 8
30 228
202 106
278 190
234 196
226 172
124 44
163 263
131 202
201 221
54 277
31 16
110 227
172 179
178 110
65 104
208 194
33 66
4 5
288 164
36 200
111 99
289 277
106 177
88 148
132 277
236 277
95 47
140 6
206 256
168 243
87 269
35 194
199 108
169 142
272 45
140 146
198 31
228 147
268 210
112 283
150 156
216 161
178 209
23 64
19 88
179 125
249 38
164 5
27 238
135 168
68 285
61 81
91 105
124 125
69 194
183 202
262 26
94 54
33 120
253 56
211 7
47 12
189 105
13 179
212 212
78 177
16 158
201 134
55 56
186 124
120 199
280 10
207 131
191 141
270 135
113 94
151 131
111 266
179 266
105 40
185 277
269 134
271 273
64 99
75 73
287 129
29 13
274 5
130 76
28 190
277 233
202 58
255 144
179 170
117 288
113 58
93 114
47 161
163 9
205 13
177 229
202 125
228 14
284 183
166 170
285 282
268 274
31 151
91 63
72 177
41 90
4 113
68 114
222 148
141 271
1 132
56 73
143 103
40 145
130 253
87 82
205 93
90 18
230 188
196 281
164 264
25 3
180 87
268 46
131 78
219 105
98 286
279 107
96 63
120 242
146 120
213 217
51 188
34 197
185 183
203 188
252 33
173 67
139 47
21 33
90 68
66 162
201 226
241 203
29 194
12 232
47 280
137 48
123 239
268 127
248 129
241 77
98 28
240 151
174 36
137 280
119 275
114 147
222 265
55 265
206 254
72 156
247 159
240 207
3 150
117 84
111 94
122 95
288 84
271 137
193 65
110 113
215 72
74 161
41 80
62 102
66 102
78 228
256 181
192 224
94 217
93 194
252 35
159 160
59 116
177 194
44 220
37 0
12 112
0 142
9 140
286 199
57 171
200 107
199 12
33 203
237 177
39 236
230 14
115 149
14 176
40 271
59 28
230 36
207 239
175 128
146 38
168 276
178 283
159 81
233 111
166 179
189 13
74 115
80 251
76 231
14 68
162 255
194 275
223 209
13 35
12 18
185 51
82 135
63 72
55 124
17 31
15 51
161 217
39 11
205 95
42 88
46 60
235 262
214 282
253 8
25 149
31 33
174 239
122 154
0 269
254 10
27 155
8 209
132 224
179 127
263 90
98 232
243 89
172 181
29 21
207 267
253 220
98 71
255 190
33 58
133 16
282 36
242 80
53 135
95 178
23 244
53 255
66 285
256 275
137 26
32 167
132 201
205 222
286 182
56 75
106 184
67 33
21 271
155 145
134 181
226 265
187 145
179 76
249 60
111 288
8 95
72 31
223 68
29 283
165 12
141 101
284 202
60 202
60 174
209 192
239 86
22 90
94 86
11 113
83 189
190 14
242 118
181 156
147 269
6 136
188 108
45 37
217 284
196 213
189 267
154 105
69 56
71 157
203 98
225 175
214 54
77 18
40 81
258 129
236 150
176 178
248 134
232 193
231 243
52 153
242 99
255 219
24 35
263 285
161 179
109 51
158 52
201 239
278 241
96 71
52 246
243 121
187 22
169 117
236 211
132 161
267 285
220 265
161 176
209 131
283 37
283 94
221 192
181 2
162 188
268 261
262 127
11 44
187 258
62 269
207 179
231 68
222 18
41 114
281 174
149 200
44 85
109 228
286 63
177 268
258 6
212 127
268 66
117 150
27 172
141 103
276 218
103 209
119 246
34 101
77 202
24 224
81 89
195 279
202 186
83 32
231 87
173 69
113 125
129 245
245 130
103 229
284 231
175 115
274 41
71 34
50 46
258 215
131 36
41 241
30 190
140 130
92 251
162 265
232 153
52 48
128 126
169 176
133 287
90 92
202 39
151 187
116 283
97 2
202 184
168 15
148 98
90 278
16 175
232 197
237 168
54 180
122 141
256 277
5 141
183 286
149 99
216 177
127 88
184 237
56 151
265 85
126 57
162 53
42 169
48 236
93 24
100 31
235 279
102 208
275 99
74 141
173 261
100 189
199 82
176 113
279 187
221 206
86 203
226 70
22 249
0 44
233 131
144 186
9 226
213 276
70 187
272 41
191 69
119 171
213 283
119 173
108 214
96 215
13 222
220 283
136 209
154 238
264 104
68 112
218 117
99 194
193 204
69 258
0 70
178 218
225 271
87 157
264 48
77 233
146 282
167 66
181 170
154 138
99 68
141 273
64 286
213 109
11 230
265 284
43 197
61 172
219 62
97 29
122 41
34 140
265 69
275 271
81 37
54 72
212 72
35 115
255 168
152 241
127 253
267 276
250 199
283 201
161 259
197 116
280 272
124 42
166 95
84 23
2 112
12 187
50 268
176 251
109 277
194 239
85 234
83 158
159 217
12 80
112 202
230 129
270 52
221 63
199 56
69 202
55 209
65 213
119 248
125 123
268 49
157 103
248 10
86 177
266 61
240 261
0 182
54 0
103 133
68 234
161 121
125 216
260 126
80 214
94 177
233 260
216 258
223 176
170 104
257 128
16 201
97 51
248 286
99 129
136 157
114 126
146 131
150 239
61 87
273 192
70 191
176 48
123 255
264 68
164 279
40 43
170 14
105 37
243 3
77 90
5 131
56 62
12 79
88 210
154 100
59 120
32 266
120 107
271 21
39 288
6 113
73 104
209 93
12 85
51 186
195 2
151 158
98 133
81 263
51 100
32 12
119 196
53 124
237 171
214 249
161 264
229 131
287 154
267 71
22 107
162 34
236 257
271 65
3 214
137 155
216 69
59 95
199 203
93 63
176 58
273 262
37 217
184 143
201 21
128 84
166 128
88 238
201 204
143 25
155 3
95 221
118 188
47 144
145 65
154 240
262 187
146 225
120 13
65 24
237 179
128 121
142 146
116 181
6 252
187 65
78 86
270 271
170 101
164 53
58 63
206 98
54 204
123 37
221 91
65 186
126 204
221 11
89 256
90 70
96 180
69 204
185 181
96 42
203 51
41 162
100 196
239 263
8 147
94 192
190 263
268 263
111 241
66 115
120 103
202 158
205 11
221 264
117 214
63 189
141 275
29 143
0 200
42 33
88 264
183 157
235 178
111 28
183 21
223 257
83 30
46 17
131 168
40 232
63 74
115 35
162 7
65 148
14 234
235 215
9 104
245 27
95 175
95 1
38 2
243 34
209 150
31 67
195 264
6 152
162 174
252 181
261 139
280 189
204 183
173 217
197 220
181 196
33 79
106 136
42 176
108 56
108 260
83 19
172 245
53 275
2 180
193 210
188 256
180 230
92 218
74 245
282 92
196 234
250 188
204 4
257 28
267 157
281 12
87 123
235 90
35 283
70 177
94 45
18 120
145 196
287 86
117 178
287 275
262 91
224 54
116 154
212 236
247 45
174 263
9 73
55 82
151 201
28 26
15 43
134 47
4 224
40 182
30 141
115 25
113 61
232 223
124 193
117 197
156 207
49 279
49 145
65 43
127 52
199 170
269 232
198 166
124 77
30 17
248 89
42 112
217 245
177 261
282 230
279 17
59 185
39 111
208 10
214 73
58 122
24 228
261 119
43 20
270 101
273 287
157 78
89 172
263 203
179 45
8 276
144 283
95 44
225 112
61 124
175 211
226 36
211 131
30 34
112 56
177 170
1 46
205 225
260 214
266 186
257 15
122 35
246 253
281 47
139 25
161 135
46 263
260 72
233 162
37 219
239 73
167 46
14 56
64 0
67 48
124 163
196 246
11 110
93 214
89 124
195 207
34 99
162 212
203 11
162 93
223 163
156 91
18 255
30 279
242 199
29 136
13 84
142 178
116 185
25 200
191 198
99 12
228 70
70 239
121 226
236 227
183 155
55 60
227 176
126 93
151 89
24 83
252 103
281 49
98 75
133 215
112 200
226 209
49 239
169 215
85 83
125 164
264 83
233 128
166 208
77 134
153 158
242 218
167 55
29 85
126 5
92 118
104 205
239 174
56 147
182 46
241 171
157 32
204 59
162 257
111 51
207 138
68 241
58 240
11 11
71 201
33 283
10 68
149 113
204 167
232 113
215 109
169 122
264 195
0 18
108 33
188 94
220 24
68 31
190 91
121 259
179 261
134 282
3 141
148 189
167 177
168 54
123 118
236 161
46 192
286 217
144 34
48 252
268 289
140 207
105 278
111 65
26 147
32 100
117 176
209 117
264 193
110 154
81 186
111 197
126 229
187 74
173 12
44 224
132 40
285 185
118 182
1 16
44 191
32 25
100 127
233 123
141 18
38 240
72 276
14 119
47 0
271 236
190 89
35 87
7 111
43 157
157 242
34 36
91 98
283 52
23 66
197 248
92 284
156 69
149 110
26 53
254 65
288 269
189 66
155 78
42 18
21 221
191 273
41 184
109 255
173 272
175 141
69 118
287 242
20 87
145 51
6 117
139 116
278 226
172 161
125 252
281 32
146 267
249 36
45 1
141 249
201 98
40 39
181 125
19 162
90 251
117 272
95 261
44 145
166 240
249 93
36 155
154 107
126 25
263 199
147 200
235 51
129 170
22 235
263 72
8 251
149 172
86 135
86 272
282 127
80 217
229 48
56 19
235 174
45 196
55 164
149 265
260 19
49 158
276 220
153 201
87 262
137 33
68 150
265 175
233 37
252 184
121 74
266 254
81 21
241 173
22 0
36 117
281 14
131 243
72 188
43 118
76 114
133 284
44 88
224 228
171 216
21 35
147 175
283 244
142 255
30 51
199 26
220 228
22 222
199 268
59 208
189 142
93 26
115 177
186 70
88 176
234 83
123 231
234 277
59 99
26 234
43 126
111 24
255 225
146 239
93 250
196 24
221 243
120 189
266 194
50 95
25 154
277 1
35 287
13 185
266 288
9 97
250 257
199 240
99 284
197 283
116 89
181 89
71 230
263 214
175 230
276 6
276 215
259 139
6 282
273 54
34 26
270 240
118 242
135 190
183 153
146 186
20 68
59 148
137 189
161 274
239 35
37 222
82 234
6 84
79 219
215 210
144 41
6 86
267 126
261 277
223 135
90 64
36 44
224 20
96 86
195 243
140 178
215 206
223 270
242 257
1 257
38 270
41 76
107 179
195 164
18 8
187 147
236 240
209 25
152 161
72 138
78 18
174 209
223 113
172 247
120 269
44 239
98 144
162 241
190 20
243 197
133 187
285 139
189 135
211 13
156 143
58 222
87 208
89 213
12 100
161 38
266 209
148 115
268 151
227 183
207 252
148 187
97 67
57 29
10 106
6 218
148 128
58 148
162 5
95 168
284 39
192 161
38 251
254 30
49 87
107 173
152 100
37 103
9 230
61 3
119 78
67 283
75 180
39 54
23 115
114 33
93 101
16 179
150 106
113 15
145 89
93 67
58 75
245 39
128 48
257 62
91 174
210 72
41 132
72 158
204 220
269 87
281 172
219 177
89 208
143 45
185 35
250 220
250 241
94 5
80 15
99 150
35 266
15 188
282 71
1 235
146 161
51 178
142 131
109 58
179 195
258 10
247 39
101 242
237 86
186 279
85 268
53 139
156 52
255 86
272 139
144 49
59 83
179 232
144 39
130 63
86 179
196 166
264 189
97 164
152 91
270 229
168 147
89 281
217 94
182 140
64 266
267 230
21 111
37 132
21 256
175 235
288 51
261 198
34 160
51 44
84 135
8 33
14 174
103 203
245 37
76 99
160 238
158 288
67 212
231 47
61 188
238 53
13 70
124 31
125 265
230 164
127 86
133 280
17 199
162 160
46 223
232 168
239 142
49 178
122 270
106 116
244 81
81 39
32 59
125 161
198 161
167 145
146 40
243 158
255 138
104 70
285 213
204 34
203 56
203 95
198 110
250 53
22 120
16 195
184 170
113 152
177 112
46 282
15 53
248 257
72 196
113 263
134 270
185 33
254 79
74 251
40 165
151 268
145 119
88 178
169 174
32 10
19 54
149 193
12 131
32 163
156 137
81 257
213 56
180 66
241 89
82 41
246 62
243 126
118 4
188 99
216 112
195 158
132 5
215 127
287 28
144 188
177 0
108 117
66 108
67 127
227 12
179 26
220 55
61 83
49 14
258 168
243 124
130 147
27 168
21 208
223 131
210 9
285 36
46 124
195 29
273 20
84 28
35 159
111 182
130 139
149 82
231 42
116 0
104 16
125 202
131 239
90 101
282 240
207 92
161 223
187 51
153 175
29 254
59 30
59 78
92 180
269 68
170 148
53 286
163 135
286 126
106 275
27 20
210 278
75 71
56 71
83 134
49 125
2 253
28 52
128 246
250 133
13 220
173 191
141 119
97 190
241 256
234 88
23 81
282 242
95 33
127 33
40 140
10 100
288 101
280 128
180 123
136 1
13 177
280 71
88 212
81 91
63 204
8 282
49 264
8 271
288 229
129 243
144 130
213 117
71 258
86 285
217 27
78 235
7 160
262 18
103 129
255 140
14 80
229 42
79 133
22 288
148 284
108 218
155 253
105 203
258 123
66 6
169 217
82 93
250 102
43 162
226 144
203 123
136 19
130 40
205 178
59 101
152 220
152 251
2 17
255 246
69 252
141 65
108 53
262 48
10 111
166 85
10 132
159 39
126 121
171 208
17 164
125 64
80 120
74 134
164 130
55 68
261 213
147 67
269 236
98 17
275 137
33 146
76 36
40 261
91 212
202 53
67 26
186 55
238 143
191 192
65 26
284 62
241 148
193 193
203 175
95 26
136 91
149 174
107 279
12 71
90 238
244 40
145 255
223 243
139 52
18 0
166 59
201 163
247 207
150 27
272 155
5 111
104 139
139 102
225 267
224 137
58 173
222 116
215 262
114 49
71 155
154 83
3 198
174 139
153 244
121 16
178 175
283 49
70 179
242 216
52 122
14 157
137 103
121 274
150 192
141 48
225 162
15 45
14 280
174 246
208 71
76 118
261 204
187 215
50 115
10 34
191 138
62 224
110 274
168 30
1 282
86 149
263 258
165 49
102 148
77 93
166 62
175 76
55 170
253 5
179 234
45 160
36 285
218 178
103 40
130 223
236 281
260 124
10 108
104 113
15 9
129 122
140 269
124 122
187 3
130 45
80 61
164 240
99 151
108 216
110 143
90 276
204 101
171 117
108 204
112 244
79 259
211 247
78 66
265 33
72 88
46 197
173 119
72 160
160 219
162 10
286 81
46 48
61 116
154 126
71 205
118 153
92 216
25 88
216 216
150 127
141 281
48 134
41 236
126 90
33 223
156 155
92 92
112 260
109 55
163 13
265 154
204 99
39 83
190 81
154 271
104 152
166 48
207 167
120 25
151 247
213 219
66 8
264 203
239 259
68 19
49 180
118 207
33 14
91 197
196 252
109 32
212 74
30 168
204 218
91 17
166 16
129 252
233 50
255 12
149 132
11 184
221 262
203 203
258 88
42 180
114 10
198 223
178 248
37 43
76 87
234 285
145 32
57 8
213 52
144 97
283 176
269 66
157 2
231 155
53 281
226 98
94 284
65 71
147 173
76 160
7 267
26 279
217 188
135 287
90 258
210 132
203 177
30 29
286 124
101 212
150 188
110 203
92 104
45 235
286 158
252 99
131 248
184 180
275 80
284 78
144 252
208 275
4 35
72 247
237 276
162 182
67 20
130 145
273 289
95 62
21 165
15 78
27 137
120 4
111 285
284 190
87 265
30 188
236 243
219 53
25 111
226 164
157 240
249 248
222 94
65 127
65 73
266 36
81 253
77 132
118 186
1 97
19 200
77 61
155 41
256 13
260 276
129 167
275 108
199 116
246 41
225 173
