253 306
239 95
129 33
225 1
24 184
286 149
236 115
80 242
95 60
278 315
33 104
135 222
143 191
6 27
42 101
255 275
141 15
1 52
271 219
72 106
92 210
41 295
144 20
206 153
149 208
6 264
28 14
34 289
86 140
55 180
323 281
100 312
223 261
161 282
279 235
304 198
266 206
144 14
318 185
185 312
41 103
108 276
51 270
141 131
225 90
129 154
305 13
105 99
32 39
48 19
112 109
2 256
265 198
62 47
72 47
249 238
28 113
218 304
155 236
290 195
179 46
164 71
66 108
167 209
138 107
310 259
51 26
75 150
198 194
240 67
276 242
200 192
142 287
149 34
45 2
216 107
311 118
42 237
206 42
48 262
137 298
236 194
124 89
14 51
158 60
63 20
58 196
242 175
276 155
125 184
38 205
30 199
187 276
187 82
249 307
239 211
317 36
242 148
279 111
279 221
227 269
241 129
108 86
196 323
62 103
203 128
126 221
49 309
243 208
322 305
0 104
1 234
67 235
117 59
307 266
120 197
175 85
323 202
264 4
207 312
60 124
61 160
96 260
64 57
182 180
263 52
186 305
82 139
279 175
144 118
3 21
220 171
186 0
304 125
13 193
275 208
308 123
95 264
14 86
59 77
289 72
98 174
134 177
24 229
105 7
284 298
319 230
161 188
196 288
132 299
255 32
226 200
36 7
65 39
279 191
161 137
17 281
148 111
84 184
3 5
34 271
300 208
142 21
273 305
277 117
283 163
310 207
229 11
293 67
320 15
34 4
154 231
251 264
191 226
247 54
309 105
89 51
151 116
318 233
214 316
310 190
194 319
266 75
282 182
281 136
232 2
23 258
284 132
195 177
68 171
232 109
116 48
143 280
66 136
301 99
191 137
168 17
100 286
196 239
119 176
131 143
136 174
3 38
22 134
291 172
150 179
259 192
246 118
304 268
169 76
26 278
69 220
67 282
103 282
49 235
10 221
135 48
274 135
281 290
258 114
89 95
287 166
19 7
103 163
230 141
169 288
191 105
138 92
258 101
274 7
200 25
95 282
185 241
205 230
142 114
203 144
160 170
267 6
222 164
270 305
314 253
77 195
111 201
5 44
148 248
104 171
17 61
233 194
2 125
287 197
154 262
290 78
266 152
294 89
200 158
309 297
241 138
129 160
182 125
165 93
199 145
275 255
251 92
81 169
81 321
288 100
306 62
197 125
322 255
90 253
262 215
141 48
236 78
50 154
53 72
238 121
289 223
296 28
141 303
125 87
123 285
64 295
276 109
86 44
322 18
136 148
287 83
193 31
187 33
4 87
26 66
198 61
130 192
266 46
289 67
79 132
87 73
297 178
16 266
131 241
291 238
7 217
7 241
154 22
14 22
0 127
301 63
54 8
27 96
264 237
73 288
294 125
268 26
297 277
264 180
168 278
204 294
167 49
314 266
239 25
285 207
249 299
2 3
61 170
47 211
63 276
299 8
79 82
79 138
293 139
172 194
25 130
268 252
132 98
51 300
208 82
100 1
98 207
30 192
57 50
41 109
308 238
91 228
168 1
155 33
35 226
84 250
124 294
12 212
243 101
14 310
38 216
220 134
14 246
68 140
49 106
4 305
269 67
105 5
83 127
175 300
309 90
53 312
300 239
229 290
78 262
275 82
215 240
181 11
70 28
187 80
43 204
291 94
38 65
300 261
71 228
217 128
201 223
219 298
119 313
229 310
323 291
318 39
200 307
137 126
233 197
268 241
230 75
167 291
69 10
319 238
92 167
301 127
145 272
256 3
1 219
306 23
180 149
317 98
152 321
180 238
199 20
7 176
65 110
122 46
155 304
16 236
190 86
183 80
315 241
210 201
157 104
152 281
54 174
214 44
30 72
15 278
54 22
74 314
47 23
37 234
173 100
96 126
21 260
26 251
201 241
200 77
248 227
213 27
111 53
309 302
222 283
86 200
135 197
32 175
298 143
204 10
198 140
200 220
125 285
237 299
187 145
206 36
101 178
65 318
71 116
255 308
241 165
163 282
322 46
119 212
153 205
76 295
130 247
156 160
290 6
25 89
112 4
116 27
108 168
20 129
105 64
13 127
313 166
80 131
270 162
89 208
94 168
264 228
48 117
295 110
146 282
240 96
142 262
301 179
102 303
56 314
49 76
224 142
136 205
67 126
293 78
235 17
70 31
297 145
272 175
75 89
43 244
321 129
85 235
322 160
199 92
138 180
293 248
237 142
314 33
282 256
295 75
269 232
155 67
262 322
319 217
178 90
220 194
49 249
133 92
321 263
288 268
8 1
210 160
63 215
254 38
31 41
119 67
176 41
241 71
74 294
149 74
186 260
125 140
53 53
80 203
219 257
4 188
233 150
285 279
74 78
5 97
129 52
38 14
53 115
171 145
244 274
97 203
301 222
301 258
310 24
45 43
120 274
144 162
151 93
158 244
222 251
77 281
169 24
160 22
114 92
244 259
9 125
234 89
10 61
110 229
1 251
239 297
29 122
96 220
235 91
303 107
227 176
219 250
178 199
73 284
10 38
205 220
215 274
157 302
209 220
166 262
17 84
195 307
117 84
121 54
175 103
10 46
302 111
209 282
215 131
98 211
193 53
181 147
268 244
124 204
111 307
274 301
83 100
173 183
41 67
77 16
248 206
310 71
281 220
155 135
4 294
196 44
312 157
268 120
72 222
241 91
196 284
34 77
292 18
190 256
192 187
190 151
23 38
308 290
83 80
23 203
53 95
75 106
78 313
240 159
127 252
244 3
201 214
138 19
154 27
304 187
205 273
6 323
218 314
163 227
292 254
53 224
55 42
308 309
80 86
19 300
232 7
13 183
154 20
37 107
143 172
107 319
159 148
105 150
135 314
312 247
59 84
260 38
295 200
78 288
220 50
159 34
203 112
292 309
28 6
318 165
140 270
248 85
10 110
116 70
312 35
316 170
160 280
18 274
259 28
319 260
104 304
28 219
170 26
285 123
289 135
227 320
179 310
254 158
231 56
256 98
97 289
97 192
183 143
54 64
195 198
116 144
159 3
129 25
109 186
176 149
97 22
156 113
88 123
228 197
300 38
172 57
160 115
236 189
305 118
291 272
195 302
77 6
275 189
128 80
217 112
29 230
74 273
132 124
134 219
171 197
169 215
139 2
277 137
235 278
174 235
252 29
265 194
160 274
23 180
22 138
129 16
191 96
196 23
233 272
94 202
235 238
43 94
162 118
117 185
71 177
188 30
17 163
291 57
235 244
295 292
36 68
215 277
118 208
169 166
169 11
13 1
40 200
111 294
84 156
84 68
15 147
274 309
246 185
214 206
266 260
174 179
86 195
139 42
122 308
277 196
40 144
118 17
305 301
4 112
293 189
217 92
157 144
33 61
239 321
157 49
30 75
248 125
122 119
295 170
84 5
195 281
78 90
82 281
163 155
9 63
234 180
242 119
15 65
74 17
258 141
249 16
79 30
320 94
123 184
54 192
54 29
188 206
43 167
33 33
261 162
42 246
150 147
230 118
271 111
210 3
319 61
260 283
31 85
287 177
163 277
178 25
303 240
254 122
89 148
232 288
113 154
29 161
243 90
25 223
142 222
171 93
270 282
316 320
265 97
16 48
294 187
171 143
64 5
205 74
20 26
178 191
89 175
171 290
63 197
153 277
196 150
202 186
31 90
57 276
148 195
286 184
84 117
283 267
53 262
245 159
26 23
57 320
220 63
272 40
151 17
281 20
61 248
93 244
68 264
252 4
246 180
299 100
94 155
198 307
259 319
255 300
6 253
156 102
88 23
192 36
127 77
140 149
104 114
267 220
88 61
66 303
232 183
37 262
75 176
96 109
23 188
137 162
253 110
231 269
250 138
232 100
198 299
132 22
179 174
44 312
50 9
172 315
253 296
273 287
276 165
233 320
61 199
240 75
301 195
211 210
115 266
16 151
283 261
7 274
154 91
126 44
246 140
255 194
73 89
314 305
150 8
99 79
118 128
171 244
77 228
71 197
167 135
32 54
49 217
47 138
56 258
1 64
136 137
258 126
179 62
24 143
103 201
222 246
108 279
207 97
307 271
15 25
236 57
35 110
153 144
209 184
24 280
187 69
283 141
313 109
113 294
196 62
134 291
156 128
37 256
161 133
205 224
72 214
247 79
87 42
255 54
232 123
35 75
92 225
180 220
292 258
50 19
109 89
26 136
195 165
210 101
102 252
318 167
47 31
211 250
101 231
265 18
310 174
83 319
107 121
40 243
235 183
69 108
144 52
195 221
300 175
188 120
280 211
104 293
301 282
276 211
293 243
241 234
121 259
159 66
165 229
231 132
13 166
14 159
245 129
228 241
109 148
18 226
163 101
237 241
91 169
241 39
298 291
19 160
298 282
169 110
156 242
304 149
89 276
36 254
59 79
101 216
304 175
196 253
48 115
54 243
224 240
216 72
91 92
289 280
291 110
296 257
195 15
36 239
176 101
131 11
158 293
220 13
183 138
220 116
25 168
98 213
246 67
36 11
272 272
48 68
153 173
19 149
75 43
181 299
291 112
46 134
303 281
243 18
251 147
319 191
190 312
255 295
274 312
56 212
301 101
254 260
155 141
201 317
34 278
299 168
147 94
227 225
295 197
314 216
87 152
71 21
179 227
261 188
18 153
13 216
12 132
218 211
57 43
310 176
177 120
19 127
305 242
283 220
200 296
144 85
4 273
281 38
129 116
90 267
186 67
206 146
126 268
310 68
317 195
257 122
244 241
39 231
78 114
301 226
150 139
88 34
99 5
60 321
61 180
196 232
108 232
282 103
28 211
272 243
139 116
224 313
323 143
298 5
108 183
184 246
244 269
59 49
188 181
235 5
92 5
159 15
38 226
23 197
20 197
73 20
3 24
261 220
110 103
71 185
248 219
110 299
87 289
311 141
244 95
230 42
309 53
150 26
189 89
82 54
260 25
207 115
20 123
19 101
183 314
159 228
227 128
272 81
156 300
33 67
69 212
245 308
251 183
37 249
233 235
114 161
149 229
251 2
106 199
240 7
73 264
208 19
218 87
12 260
323 227
46 61
127 142
258 148
217 188
269 143
298 165
226 78
66 64
119 217
54 82
289 201
133 7
249 193
320 141
284 312
100 295
235 284
198 296
62 29
53 102
142 290
312 40
184 208
222 230
93 311
275 161
318 33
110 145
121 69
304 250
22 148
113 303
303 162
68 293
194 292
3 314
64 287
157 249
211 107
64 15
206 8
36 93
222 197
135 143
274 71
35 300
34 220
161 318
39 173
214 15
29 234
127 229
138 237
283 241
23 272
42 32
237 49
260 179
113 166
43 132
280 129
243 311
203 189
205 28
145 143
254 249
295 85
169 274
16 145
68 84
230 236
215 248
129 121
267 101
103 25
86 53
257 211
254 153
36 193
201 63
281 43
261 297
21 217
270 19
226 59
191 44
169 257
159 81
237 216
76 192
274 170
141 1
141 167
103 138
209 257
314 79
156 269
32 29
252 293
152 231
30 35
36 215
171 182
183 77
20 80
77 253
289 171
137 122
128 239
14 223
267 310
98 77
229 62
69 88
216 2
258 12
31 110
168 33
262 133
235 0
31 64
115 130
151 296
170 228
192 258
140 40
103 18
210 70
16 98
132 179
26 134
236 255
74 204
40 224
313 307
116 244
293 141
125 4
42 207
308 199
319 206
37 316
20 112
119 10
200 97
262 124
211 90
221 104
47 141
270 37
96 154
28 181
224 134
208 111
134 120
273 42
28 135
211 298
201 33
58 76
75 198
207 212
202 89
163 302
205 256
320 178
232 70
126 271
222 115
63 245
247 93
23 75
211 176
256 314
59 258
121 170
83 61
114 256
107 188
152 168
153 58
126 117
139 65
16 44
276 276
190 273
285 72
77 199
233 52
279 117
40 125
204 83
150 136
198 65
210 156
245 232
227 306
111 19
92 80
104 184
191 237
288 181
149 134
243 204
232 155
62 167
112 196
228 91
175 15
307 302
36 281
313 101
88 234
177 114
240 134
205 211
222 56
208 57
219 96
192 142
125 241
72 159
246 20
131 110
146 249
52 138
243 279
25 277
200 139
128 301
316 206
166 106
0 110
176 254
253 62
15 141
316 26
205 217
30 207
303 169
182 156
36 199
52 234
5 63
192 81
18 195
218 148
293 150
20 32
98 33
309 162
237 76
157 147
282 41
294 47
65 240
77 244
308 169
61 33
46 295
155 150
233 169
307 93
147 166
307 262
150 253
214 221
224 225
112 41
101 250
68 261
56 179
299 296
65 130
175 161
302 20
221 85
131 97
276 314
276 227
21 92
60 101
187 50
300 26
28 262
12 105
266 62
60 211
44 19
71 36
213 311
68 79
223 155
62 43
135 269
17 104
220 10
285 107
103 118
187 123
238 206
249 295
159 41
47 192
285 258
208 290
8 56
188 317
171 230
225 87
11 275
307 99
145 204
142 301
228 97
9 236
95 36
55 208
195 132
205 142
287 236
145 59
136 7
322 117
1 309
172 241
155 75
126 148
136 114
52 282
162 47
59 246
273 21
314 118
181 279
29 44
199 153
317 138
71 256
198 112
239 310
308 205
43 232
290 39
198 268
151 31
137 272
111 76
158 22
49 227
12 292
159 265
63 251
256 190
191 177
305 294
219 281
74 25
194 126
243 80
217 156
274 65
177 62
58 101
33 211
195 105
185 4
260 246
126 14
68 254
237 204
59 6
252 313
121 19
197 10
200 133
148 13
277 75
131 42
75 46
240 304
257 178
8 94
43 180
6 66
177 261
234 210
141 199
244 100
273 140
3 262
73 166
66 168
228 150
207 302
51 157
1 36
188 158
272 47
287 192
93 16
109 206
276 248
88 245
111 269
219 167
125 144
250 100
173 303
77 304
139 235
300 52
28 228
2 61
68 7
143 137
27 265
199 101
299 266
247 145
191 247
282 304
159 195
61 9
76 172
282 87
248 278
189 229
47 154
315 135
288 98
127 189
137 242
106 176
26 199
217 134
118 288
248 22
12 219
81 23
320 96
29 214
254 176
165 189
3 74
14 209
10 90
1 183
230 78
177 98
27 46
112 320
192 233
282 50
48 175
28 170
22 224
291 81
291 158
183 94
228 135
315 142
147 262
186 27
192 251
69 206
20 322
266 135
68 186
78 127
88 84
194 24
228 314
152 245
100 143
40 41
153 49
118 163
247 72
203 132
131 280
84 129
242 100
45 10
114 150
180 64
167 61
177 82
212 317
320 253
217 248
100 301
3 173
11 243
323 70
147 298
118 236
222 141
239 180
12 99
10 271
90 6
126 59
37 135
99 70
132 59
284 5
123 76
203 15
190 36
295 139
167 180
235 261
290 249
248 137
78 320
143 277
20 89
112 272
202 48
188 304
11 310
104 13
133 273
245 84
184 103
264 75
130 14
122 209
42 218
4 115
315 111
243 126
247 10
95 63
45 117
117 205
321 5
250 287
255 74
179 37
308 246
142 149
126 294
291 312
205 228
45 252
211 246
87 278
95 221
185 189
278 113
314 255
147 313
16 207
73 53
264 177
279 28
255 159
260 2
127 52
260 224
84 256
241 135
99 122
264 189
171 188
180 172
311 218
297 260
189 281
54 170
49 121
4 27
232 59
189 10
249 13
83 37
140 320
45 111
315 156
7 99
10 205
222 150
292 92
174 320
225 70
205 19
6 235
50 283
130 162
201 20
227 272
136 251
11 5
244 249
171 53
25 76
99 319
116 226
40 307
68 66
206 90
13 272
290 207
305 191
128 9
100 29
117 111
186 130
307 3
244 59
113 88
304 86
294 70
109 152
197 158
183 293
159 319
129 308
236 212
311 295
85 29
13 227
252 321
47 72
5 139
67 204
12 234
245 70
34 223
121 51
235 110
14 200
200 38
147 214
116 158
92 48
126 202
287 142
316 219
14 114
192 268
45 196
229 4
158 192
322 151
51 214
133 155
309 118
175 76
81 220
287 272
37 51
187 112
196 76
189 243
312 322
59 107
289 304
237 163
121 199
127 101
139 141
11 190
260 128
283 211
234 44
206 68
316 215
78 255
237 82
180 132
222 224
8 104
222 3
283 83
131 225
113 172
20 55
88 228
203 196
39 86
190 291
226 121
255 272
157 271
310 145
187 107
294 261
138 38
55 322
138 203
189 2
320 150
21 272
37 86
104 10
95 149
230 130
167 196
164 175
133 163
293 266
125 34
82 223
97 225
181 273
280 147
321 246
304 1
189 103
219 187
84 242
7 2
197 134
215 291
222 78
168 41
185 251
232 35
4 248
288 320
151 126
51 246
174 157
74 85
18 144
141 244
127 55
265 224
172 68
252 227
296 182
104 129
6 52
315 309
182 154
1 112
314 232
12 55
189 75
14 251
37 160
303 124
116 166
238 88
71 203
256 287
228 89
273 123
313 317
224 48
132 70
259 33
183 184
266 28
107 41
301 65
170 271
210 12
145 216
44 208
226 274
105 145
140 305
13 162
81 233
313 56
304 248
183 296
108 28
264 257
102 257
296 305
180 162
159 123
246 1
162 203
115 24
212 19
153 62
21 242
297 157
22 312
14 116
261 42
251 66
6 5
35 259
185 85
147 243
296 53
187 90
200 254
231 173
78 110
196 118
107 22
72 308
112 139
12 30
302 311
77 146
252 50
167 249
133 43
7 39
198 310
91 217
188 264
237 219
39 274
315 218
185 56
80 308
61 35
92 236
126 195
191 311
227 72
187 147
46 180
247 317
131 191
156 95
246 148
99 81
54 99
17 312
184 147
167 226
208 46
80 109
292 125
9 29
44 142
252 229
85 283
296 102
208 253
322 9
131 304
171 201
227 311
143 235
299 42
309 149
307 50
305 163
114 35
218 71
185 319
38 309
265 183
115 64
140 217
48 291
30 224
186 192
197 191
295 178
185 223
160 181
61 195
196 121
42 58
195 80
315 18
114 218
190 184
84 134
54 90
190 65
108 228
250 158
311 82
106 168
115 135
284 314
101 307
55 145
251 34
106 260
197 241
322 182
96 74
44 264
293 146
295 134
258 0
40 311
88 119
88 87
225 205
289 31
269 168
268 289
253 208
304 144
274 238
319 106
215 322
259 94
292 297
135 33
308 182
194 224
40 48
118 43
216 296
285 49
122 2
256 6
220 198
229 220
193 95
117 150
192 55
170 46
22 253
152 291
192 298
130 208
121 66
214 115
194 96
164 43
1 71
80 311
250 113
191 222
317 289
215 79
178 317
28 271
307 158
296 18
218 233
308 10
115 22
229 206
199 183
63 151
300 199
128 299
319 1
116 297
242 142
161 307
235 168
268 286
111 164
181 4
3 277
228 103
26 34
170 253
35 123
35 14
318 128
87 179
225 52
246 88
96 213
271 31
144 111
213 57
111 46
103 237
302 5
221 294
201 101
145 220
278 249
178 319
100 217
113 312
130 0
221 29
164 180
52 12
154 256
117 180
3 247
283 147
80 279
16 199
271 293
202 245
283 77
168 80
93 252
32 304
65 32
166 66
167 234
0 173
310 152
176 67
269 197
82 258
287 304
115 97
177 126
20 190
34 82
263 184
304 152
94 248
197 86
52 40
118 167
228 66
157 312
238 134
201 73
297 204
12 71
280 93
110 183
61 242
32 164
159 283
172 308
61 305
220 214
211 206
64 81
308 83
124 289
163 127
200 285
243 107
175 155
20 156
2 142
124 300
37 300
236 225
85 148
304 210
33 23
224 320
256 266
50 196
282 95
170 174
133 316
140 107
198 94
222 273
10 57
245 197
24 101
249 171
70 207
311 1
76 127
31 5
172 151
19 36
234 72
154 259
160 239
55 183
16 239
275 294
297 72
263 24
54 121
210 40
316 259
203 207
36 56
24 18
147 102
281 24
48 301
22 163
141 160
136 150
160 235
75 54
165 28
262 113
27 149
235 133
61 216
18 286
213 195
259 83
186 197
296 211
154 35
229 139
56 199
11 139
235 271
278 206
61 267
101 168
101 93
131 244
91 187
305 26
27 18
57 157
174 170
98 136
74 309
105 289
29 242
245 300
17 42
120 224
184 24
52 258
14 263
133 201
176 313
146 210
245 177
118 317
271 225
218 285
280 151
26 50
209 132
282 126
319 299
12 34
71 163
221 299
289 141
77 136
155 47
185 293
128 287
188 87
195 315
12 22
85 272
52 182
85 20
129 27
121 234
321 79
95 294
191 1
302 78
122 149
94 133
16 190
299 152
155 250
154 8
63 237
82 84
311 100
52 81
75 118
176 109
174 211
226 12
18 260
242 284
122 252
217 202
221 219
276 39
303 283
139 78
203 147
79 122
219 309
55 66
76 50
242 123
74 299
232 259
119 164
259 57
292 116
99 181
265 114
0 204
152 242
305 234
252 143
225 242
74 8
315 245
174 189
30 320
288 200
256 9
171 294
191 321
124 245
211 85
73 278
106 83
233 104
201 105
248 251
232 23
19 77
288 314
318 311
234 266
293 52
307 210
163 66
78 159
187 322
278 0
19 145
99 298
9 286
300 270
22 19
279 58
247 8
215 270
119 76
81 8
185 127
75 39
153 121
23 12
216 175
28 246
103 145
121 29
93 88
30 14
53 133
260 249
311 59
283 53
52 118
217 137
109 313
169 22
301 248
94 103
197 267
209 323
49 61
151 101
165 118
197 210
149 176
85 202
296 39
123 264
138 196
42 38
140 6
102 243
249 89
223 109
186 92
249 32
279 187
185 140
54 74
220 33
218 69
127 280
80 252
65 291
112 124
53 204
170 115
134 261
36 292
233 222
316 3
221 189
313 293
320 183
62 294
33 316
306 146
183 70
47 125
83 64
6 227
104 224
99 131
74 245
29 32
156 189
184 230
52 279
48 144
211 88
114 179
101 79
51 67
92 239
136 17
30 2
208 278
224 215
228 285
178 9
249 188
229 212
14 179
176 123
167 130
85 293
55 106
44 98
128 250
180 135
170 160
92 111
52 38
107 224
68 103
160 286
5 152
32 78
192 99
2 136
293 3
9 158
132 321
118 281
191 263
317 269
229 239
97 49
271 278
240 112
282 263
153 138
114 29
163 312
116 276
170 97
20 230
291 146
250 134
316 73
222 308
217 191
80 234
290 121
323 296
50 191
105 156
3 182
74 228
22 13
122 25
323 146
74 76
105 308
83 90
202 109
198 18
220 246
2 180
41 4
318 283
247 267
55 274
243 156
301 321
309 101
152 65
150 151
80 114
171 75
110 16
221 292
78 251
125 235
112 242
22 23
260 234
321 60
278 92
279 244
257 94
24 287
277 273
192 152
271 98
127 70
192 193
211 58
17 179
85 247
292 204
232 191
197 170
57 65
221 90
13 102
118 255
144 81
167 89
76 275
70 241
227 296
252 190
66 144
153 4
154 175
150 170
52 143
6 16
230 113
310 85
256 292
167 83
95 122
230 55
211 130
88 31
85 13
5 15
46 129
14 187
74 254
100 21
54 216
162 57
82 272
16 322
144 27
270 61
81 11
257 129
10 135
275 3
181 129
47 313
93 23
277 181
309 275
191 7
258 315
173 297
306 74
149 203
94 97
143 96
235 306
30 106
104 209
16 160
182 160
211 123
16 273
278 51
39 132
61 303
144 69
196 31
39 250
21 56
296 49
214 92
201 117
175 216
223 61
214 63
36 251
316 10
250 200
30 228
128 168
21 303
139 248
37 152
260 211
18 17
67 119
0 191
51 173
313 82
317 301
230 159
228 0
232 168
174 26
60 97
21 307
149 265
87 77
2 172
26 27
19 31
105 202
14 232
174 201
284 29
275 50
179 145
300 88
305 214
36 204
157 30
136 193
177 178
225 301
280 297
84 223
97 237
265 306
125 128
68 198
306 19
80 27
136 135
163 213
173 14
208 25
136 74
168 15
6 147
219 292
282 67
133 55
321 126
178 186
278 178
24 158
140 276
259 120
60 186
1 160
213 98
244 266
172 2
81 122
313 122
171 79
208 93
133 127
115 33
67 46
255 232
252 84
69 227
293 13
316 114
281 121
304 134
21 275
133 141
184 174
156 198
202 150
150 317
194 38
106 141
113 9
112 275
316 46
153 133
105 95
144 55
320 169
244 131
217 28
218 4
25 271
204 204
256 45
314 201
163 210
70 13
287 64
225 152
5 319
10 194
49 321
289 183
280 283
251 11
222 200
100 202
287 86
197 245
202 44
217 90
226 257
20 66
283 318
260 22
220 224
264 304
229 17
176 268
262 229
300 20
57 226
70 15
183 60
222 306
316 296
203 242
267 31
89 29
217 124
197 114
235 27
227 25
22 65
286 118
282 288
88 249
135 265
157 58
33 259
230 317
273 67
58 251
10 170
62 72
289 3
184 121
88 60
6 150
77 105
304 129
182 199
79 283
89 75
105 159
224 191
50 317
164 84
160 52
36 59
175 175
136 237
266 109
285 82
246 230
131 91
285 68
212 49
217 63
198 55
96 81
145 17
305 274
181 284
159 206
151 224
6 11
108 211
312 287
75 209
215 145
140 257
168 284
284 3
208 305
198 236
141 185
148 123
16 101
132 28
123 59
40 75
206 291
106 249
46 157
323 155
270 138
58 91
304 42
62 140
198 35
57 129
146 27
121 284
144 188
48 64
138 256
7 115
318 198
108 137
204 214
84 205
135 79
217 291
288 310
146 40
145 125
188 43
119 229
200 121
222 48
222 15
317 67
38 241
140 162
177 282
173 237
280 310
201 28
63 26
228 86
215 119
87 207
238 47
74 184
156 156
158 247
72 0
254 15
93 64
43 121
292 132
97 100
255 213
30 188
52 322
126 169
305 321
161 210
105 295
311 61
150 172
302 37
244 245
227 114
231 25
143 106
161 140
189 294
134 71
283 204
80 49
95 255
197 105
128 20
33 99
145 284
278 33
314 189
99 156
194 273
27 142
303 218
179 194
44 44
279 37
70 93
90 291
247 285
205 304
72 44
198 303
39 104
123 187
169 264
14 79
212 15
296 250
261 301
14 110
66 225
280 229
237 302
227 262
50 258
55 237
189 172
312 70
242 249
42 176
24 171
30 82
207 119
30 27
92 117
131 88
19 140
227 124
80 189
278 216
157 109
230 143
79 301
72 259
264 293
267 305
216 179
87 214
225 203
139 154
76 142
185 214
193 170
238 257
86 176
185 233
8 90
239 202
111 216
134 186
180 266
42 71
242 161
31 289
10 196
56 4
21 108
201 163
104 254
106 245
229 161
0 142
212 115
21 292
176 241
212 63
15 124
247 237
255 168
270 215
318 51
164 1
14 297
254 245
296 185
254 57
15 294
7 211
259 185
283 156
283 250
37 220
266 270
23 217
247 294
231 94
314 301
125 77
236 314
221 40
107 317
203 95
275 34
148 0
247 303
42 54
81 263
292 155
245 150
274 168
116 19
161 88
27 78
266 210
47 234
14 287
176 259
235 295
282 248
44 237
200 291
210 53
103 188
39 79
46 288
179 85
248 45
112 209
296 58
139 56
107 78
212 46
80 200
168 117
99 40
129 88
18 171
289 209
149 97
268 156
14 203
129 265
284 110
92 56
268 259
313 12
37 181
130 29
121 303
277 168
23 165
105 272
135 311
0 91
164 271
1 57
93 305
318 3
103 83
34 240
267 70
323 238
21 219
319 268
287 245
26 184
138 277
296 107
75 189
286 23
87 293
48 55
173 224
92 316
73 111
160 224
2 259
33 8
239 214
37 154
122 256
203 91
287 212
60 111
198 148
274 62
230 151
82 110
33 256
129 181
269 84
117 322
314 299
85 37
192 6
85 9
173 167
289 55
310 222
225 218
283 244
236 247
6 75
209 286
45 65
152 51
294 117
234 161
249 168
75 160
63 225
152 111
212 305
89 21
223 35
0 293
77 317
91 37
212 172
314 30
97 65
282 0
186 302
241 33
107 170
25 231
47 162
143 229
183 128
268 269
72 62
249 254
194 136
302 306
171 120
165 122
162 293
231 202
147 23
88 39
283 30
121 228
284 307
145 6
301 181
63 12
0 299
125 71
68 285
212 183
196 28
135 36
0 86
322 171
213 301
57 71
270 69
298 317
176 79
91 127
36 212
194 140
322 240
277 62
319 202
236 102
57 12
294 280
18 218
198 162
95 269
282 235
182 164
301 184
112 236
253 21
89 261
56 8
23 227
141 154
86 128
96 177
248 63
321 307
70 181
105 104
88 304
292 281
121 185
24 126
143 7
290 218
230 248
322 104
131 176
50 228
60 39
110 81
253 236
150 76
89 0
13 198
31 282
271 245
134 130
202 305
9 300
302 251
272 85
262 158
48 134
281 294
237 110
301 149
272 147
230 286
305 105
30 292
167 272
198 257
85 197
288 205
308 21
125 208
191 213
105 135
275 187
7 152
46 107
280 275
132 76
293 226
11 267
5 261
218 277
279 203
43 199
320 222
49 221
262 30
0 43
49 95
251 179
204 176
185 280
178 141
314 151
242 15
71 279
222 278
279 281
112 36
266 159
135 98
239 314
303 230
148 238
229 280
16 183
114 309
111 190
63 300
120 46
137 15
138 40
298 185
156 26
103 268
321 266
86 98
259 200
4 206
8 8
207 77
183 238
253 132
121 264
226 74
278 123
34 235
37 137
138 101
256 318
213 234
269 266
14 13
65 155
147 304
309 154
135 157
101 278
209 259
281 226
300 93
129 274
210 244
224 12
192 218
4 90
57 289
33 19
40 222
4 77
131 274
45 103
175 274
187 164
224 179
253 199
241 151
207 105
39 111
47 266
9 162
283 231
236 71
239 282
321 258
213 72
233 62
71 232
91 121
72 218
101 227
151 199
242 201
96 266
123 99
165 269
243 226
308 278
225 267
284 7
112 68
150 155
138 212
229 171
39 166
249 65
258 313
269 135
260 46
9 319
261 305
181 217
50 201
135 172
187 201
258 63
100 67
78 265
271 172
323 285
290 175
104 3
71 143
127 149
200 173
246 64
84 76
41 289
208 5
40 317
205 80
28 39
226 29
96 43
199 323
196 202
298 252
272 296
289 0
192 115
93 137
305 290
160 77
45 323
183 49
185 133
236 208
42 197
115 59
280 158
83 210
235 273
262 73
57 63
11 306
98 159
168 28
48 267
76 144
314 65
120 147
183 266
197 219
9 21
22 96
33 261
167 169
67 217
87 65
223 289
54 147
232 37
265 185
136 321
291 228
173 317
198 203
53 57
189 175
40 272
1 223
294 290
75 103
191 27
26 71
188 197
289 275
56 94
18 123
43 147
2 230
129 253
287 240
190 298
0 156
175 35
205 137
206 165
103 6
272 166
249 217
211 119
191 260
6 21
261 251
251 317
30 311
205 178
120 320
172 209
246 290
236 250
66 211
240 65
171 307
79 18
78 194
155 319
90 88
234 225
99 272
18 198
310 20
180 26
320 72
150 238
124 94
176 271
169 5
125 177
304 306
261 14
65 184
252 283
129 49
312 149
63 76
158 150
88 129
154 288
214 165
21 169
215 303
55 111
278 81
275 47
272 91
156 225
139 200
107 72
201 258
310 77
141 318
174 44
309 15
107 132
57 38
21 1
121 241
99 24
316 89
165 318
279 40
123 131
15 170
176 19
169 144
91 270
206 107
193 63
199 8
272 298
161 35
176 8
162 199
95 316
164 139
145 47
281 192
204 263
2 197
130 272
31 276
1 8
249 3
217 273
29 98
35 322
33 295
153 79
306 55
129 218
30 124
107 284
32 197
43 173
35 157
0 31
191 146
270 10
161 103
95 29
185 72
322 214
164 247
314 41
74 35
155 219
158 1
5 194
28 128
111 187
92 162
120 238
300 303
240 271
153 85
227 231
247 31
243 38
256 39
160 221
195 36
83 238
64 117
285 302
168 124
172 266
322 52
314 315
215 6
4 214
148 11
323 313
117 118
139 113
183 193
41 281
291 98
107 37
243 169
221 210
10 309
226 15
195 50
135 308
114 270
227 154
243 52
25 115
11 290
180 157
23 270
64 222
198 4
71 252
242 45
152 69
321 1
58 48
252 256
44 212
49 91
70 157
162 241
158 178
146 66
104 322
276 269
290 296
181 73
114 253
171 167
122 160
135 25
264 215
245 107
76 27
317 272
97 132
292 284
92 131
293 73
89 49
139 250
43 126
195 236
159 322
242 320
210 239
58 105
17 111
115 1
80 106
176 5
46 186
195 102
56 307
236 106
128 310
72 173
25 140
242 281
60 55
3 235
146 34
288 13
100 26
162 321
304 286
212 228
193 159
251 47
53 264
32 47
99 104
284 291
72 94
107 69
182 39
45 228
69 134
28 138
144 211
36 311
62 119
200 66
68 95
307 228
145 229
167 259
275 10
283 201
46 101
41 320
311 104
303 245
322 208
278 260
179 285
108 302
117 241
158 316
308 27
122 192
291 167
117 100
20 185
218 165
145 280
294 32
104 29
46 122
225 188
110 239
305 143
202 160
30 273
117 272
140 127
133 215
153 189
312 269
173 275
176 107
237 182
323 121
190 17
100 88
56 264
239 124
150 107
289 69
227 290
270 105
35 173
213 287
246 122
152 40
262 202
269 149
35 31
282 314
297 116
72 87
309 136
142 206
255 24
297 240
278 105
255 86
143 109
16 316
220 36
124 49
50 27
182 261
215 76
140 225
253 188
89 97
80 231
172 29
193 117
196 148
136 70
128 162
280 17
122 8
31 144
85 218
277 284
234 10
250 185
24 220
242 73
108 195
249 153
119 94
86 254
100 90
284 210
27 130
88 125
87 164
206 261
174 197
37 1
319 146
46 25
123 106
282 176
143 37
164 310
94 259
101 290
264 279
204 122
124 276
150 29
92 262
82 135
31 233
56 173
61 323
278 98
303 300
0 96
292 23
240 155
112 298
306 259
25 123
71 291
259 205
138 208
90 179
95 11
258 16
312 284
61 130
90 320
180 313
43 138
159 129
198 6
267 293
59 25
122 30
223 182
114 3
41 284
236 147
167 309
173 256
61 236
294 235
259 62
301 76
173 282
212 153
19 49
171 236
5 289
64 265
211 273
284 152
179 279
6 270
12 45
303 222
95 116
74 14
207 263
112 93
169 138
174 41
75 218
95 19
111 34
120 153
117 305
183 42
136 91
6 199
168 318
44 137
161 291
207 241
253 88
214 228
143 311
26 292
219 18
250 123
24 210
240 221
83 164
239 259
279 316
203 269
235 157
91 25
178 179
123 296
176 232
257 19
161 16
201 299
15 92
60 292
182 150
266 94
62 280
134 231
13 152
194 74
41 20
256 108
245 48
322 186
198 271
234 8
1 198
71 151
22 51
225 245
128 316
75 135
41 119
321 76
156 131
111 259
141 90
276 0
257 231
186 284
129 127
257 206
221 44
109 63
86 69
146 153
43 225
125 305
23 160
285 189
165 205
86 111
267 229
6 279
186 114
30 248
223 104
302 117
254 41
295 286
175 198
40 28
48 188
166 300
285 97
28 4
209 195
134 53
262 287
300 301
190 300
115 223
264 288
185 16
165 142
18 272
122 222
213 217
302 39
211 287
83 287
193 60
290 242
280 185
320 40
78 212
17 290
207 233
27 167
230 225
106 297
28 300
28 124
97 156
83 179
138 60
161 61
295 288
316 159
316 93
87 144
123 218
223 264
149 61
207 198
225 230
98 260
249 149
84 57
97 230
23 154
189 114
205 96
185 8
65 36
22 206
136 275
20 295
237 1
293 174
76 61
216 52
47 303
10 201
104 216
41 122
285 12
144 62
298 22
211 264
92 123
73 27
17 120
261 49
106 180
22 27
180 198
246 234
162 146
26 109
62 284
216 282
53 239
272 89
195 180
123 174
224 297
261 263
255 127
116 197
139 213
23 146
235 124
27 312
29 61
303 203
75 202
15 306
109 20
250 309
66 27
180 190
84 186
94 218
239 318
13 84
180 155
116 13
246 76
156 52
186 269
223 38
185 217
266 41
122 142
171 35
17 71
46 35
103 270
262 91
89 12
120 159
245 166
320 33
69 298
54 46
46 48
156 278
286 168
247 213
194 217
23 267
120 117
72 132
272 193
255 140
148 180
26 84
147 258
181 0
95 234
200 115
234 288
163 157
7 118
110 128
48 206
94 290
289 33
280 270
21 208
207 180
264 144
156 167
271 181
29 178
260 303
42 129
82 229
321 158
240 53
205 253
57 133
39 203
271 7
84 121
295 207
225 20
144 199
56 281
94 162
173 59
68 123
2 226
48 210
261 139
291 193
31 57
194 257
204 201
61 85
29 305
9 111
227 83
293 252
132 108
1 16
293 160
262 116
84 189
313 195
306 182
234 64
91 199
233 106
306 312
113 120
203 26
40 25
85 304
316 252
275 291
231 135
243 264
120 73
277 150
141 239
164 33
227 95
262 277
2 86
306 187
0 186
228 250
88 281
97 201
289 86
206 102
296 192
272 55
239 265
105 62
118 247
131 189
91 286
34 216
175 228
167 159
46 241
279 279
312 259
148 119
6 218
98 138
221 7
139 45
154 210
71 112
205 170
192 288
94 179
80 176
306 81
149 157
43 113
139 54
179 117
164 149
71 238
266 14
143 99
272 124
317 209
75 306
171 318
176 223
35 149
164 57
278 45
276 84
73 138
261 95
188 234
109 262
26 179
263 319
29 322
305 180
28 288
18 253
140 314
32 186
156 54
25 289
284 253
270 73
151 262
39 129
153 44
311 122
231 279
66 280
228 38
157 204
110 252
24 43
107 292
319 213
66 134
252 262
85 93
147 65
286 172
257 202
71 304
224 193
11 294
291 316
191 209
266 169
145 297
272 200
177 71
98 163
130 260
218 43
309 49
144 186
32 114
213 39
241 277
179 89
152 238
203 251
206 125
265 203
240 55
13 301
39 256
210 47
180 230
169 205
276 224
181 110
225 100
177 56
270 79
306 277
162 279
303 58
117 7
312 25
284 145
175 10
261 281
137 282
164 52
169 189
69 317
303 121
270 204
168 55
19 166
78 155
59 141
249 54
209 136
225 160
153 200
156 71
231 139
85 299
292 212
164 110
288 214
290 246
171 10
157 98
43 185
110 173
278 320
236 286
230 29
41 27
270 59
289 190
110 112
200 126
153 184
194 123
107 313
237 41
302 11
35 100
188 246
142 232
242 270
193 22
141 273
185 204
20 8
316 5
231 164
76 183
36 21
160 48
141 70
138 290
38 312
46 93
149 218
43 62
128 183
192 318
162 111
210 44
37 126
302 165
215 99
43 298
177 208
188 286
11 229
124 103
299 255
33 201
131 262
191 205
194 17
48 85
170 87
265 71
29 201
134 66
262 78
263 267
300 158
192 66
168 146
299 108
208 308
198 47
228 308
196 46
290 20
272 25
119 286
271 159
73 317
122 14
127 99
269 125
81 68
122 155
10 53
279 24
222 121
264 58
164 197
304 254
322 54
131 101
209 64
169 321
18 38
39 37
69 160
301 154
214 299
273 322
58 297
316 282
119 198
242 296
32 231
232 206
32 45
219 61
16 32
97 90
285 36
18 115
254 77
192 174
172 129
291 321
212 259
96 183
78 188
303 194
111 63
114 142
220 278
275 262
262 27
71 267
87 300
287 135
78 174
259 276
263 140
83 73
222 235
221 289
196 58
65 176
55 185
159 12
276 173
302 55
232 297
165 137
7 156
206 284
252 252
157 85
217 230
113 205
216 40
97 85
165 249
189 277
236 280
249 58
74 195
220 322
184 305
28 273
136 107
229 182
133 149
176 321
184 108
236 30
46 203
274 28
128 284
238 249
311 298
169 163
38 168
212 67
18 15
184 91
66 193
97 304
183 8
304 102
293 214
110 301
207 194
99 282
111 122
60 197
7 209
167 115
113 186
322 27
98 53
124 64
7 302
109 44
136 14
285 31
14 106
16 219
136 140
221 23
38 293
242 254
238 52
309 63
266 162
102 36
239 33
247 159
106 115
125 179
290 263
167 322
142 71
147 44
239 165
149 49
76 233
75 221
168 157
264 322
249 116
240 287
104 107
150 53
152 284
248 248
175 264
110 125
11 103
194 175
70 47
316 193
275 118
317 265
110 237
117 125
58 22
77 300
195 92
138 318
158 209
117 107
53 294
125 161
68 21
274 321
256 227
34 166
6 56
241 260
164 275
299 128
172 199
52 241
249 80
94 227
187 154
88 7
38 99
48 149
193 274
292 232
50 110
304 7
94 68
295 266
244 14
98 101
62 67
156 295
297 271
76 265
192 242
18 250
229 200
66 311
45 28
87 113
1 30
296 148
206 319
298 248
49 16
89 83
73 150
47 243
42 42
147 186
57 160
20 246
76 164
302 115
307 1
254 299
44 37
122 278
34 178
167 87
144 209
75 81
8 16
117 201
68 313
64 54
249 175
215 188
49 199
75 21
297 172
57 114
8 179
82 266
136 27
150 57
275 163
179 213
55 151
314 162
319 266
268 2
119 81
184 275
297 85
297 135
239 185
204 315
314 239
148 85
273 156
80 66
284 300
47 278
246 162
24 306
154 178
35 273
246 40
225 32
118 88
151 175
311 132
111 214
298 319
38 212
32 147
219 175
321 197
76 278
214 105
49 99
25 233
214 197
312 279
82 248
293 98
245 291
135 218
47 274
16 19
213 142
269 100
135 233
240 199
43 51
128 197
219 267
87 90
142 295
168 153
143 29
319 289
88 237
300 44
240 48
161 128
56 136
262 164
210 190
111 101
161 165
235 122
134 89
258 162
280 53
184 28
114 118
241 187
20 267
78 33
41 301
264 249
161 50
300 272
9 321
51 307
151 74
128 259
300 236
130 214
166 302
158 114
198 83
270 50
139 176
310 128
267 272
127 173
300 232
0 125
70 230
137 168
234 255
294 62
273 229
105 78
63 1
23 285
102 265
79 95
260 107
211 192
242 198
131 55
304 170
310 282
86 316
258 279
264 187
251 266
322 65
116 121
18 231
114 63
209 180
272 191
59 213
48 183
299 133
47 96
213 268
167 72
310 201
232 30
117 259
108 10
135 299
21 125
321 174
75 235
211 318
291 276
78 39
203 62
44 220
187 22
172 219
175 284
221 101
314 128
73 153
30 132
132 208
169 92
28 104
256 116
182 203
238 278
92 277
140 85
10 149
259 176
299 285
211 217
295 100
34 140
95 284
23 191
0 305
72 14
2 300
54 190
112 23
304 113
310 58
226 118
261 259
167 5
93 78
177 46
4 208
46 268
82 193
191 12
271 265
64 102
224 269
88 102
224 131
68 276
1 123
36 188
221 53
161 255
302 297
124 249
103 120
105 137
138 136
268 188
160 109
320 100
190 164
165 288
196 186
8 80
19 73
33 41
313 38
296 273
254 222
103 85
248 240
41 135
100 31
160 173
295 94
13 322
257 308
29 119
316 175
41 7
190 126
125 312
261 66
224 232
314 58
87 175
98 18
187 222
102 112
66 124
147 307
191 284
49 104
3 267
296 25
209 270
303 205
300 119
36 96
198 199
11 281
239 244
305 139
292 103
296 64
120 87
117 263
151 192
76 320
318 75
116 90
150 91
276 98
30 66
309 141
142 123
135 294
119 22
297 311
141 189
22 322
32 151
307 283
265 120
99 227
8 78
167 313
105 147
120 97
263 254
291 9
0 278
107 58
242 109
256 216
109 133
4 280
40 314
229 177
105 124
227 286
277 8
234 174
100 57
51 209
255 71
242 220
111 180
258 236
259 68
142 177
161 263
65 72
56 250
267 147
13 66
261 143
90 70
312 263
235 155
150 159
210 288
51 171
285 58
255 197
7 312
278 226
180 164
183 224
201 226
173 164
253 171
102 60
215 244
257 134
218 140
33 136
239 233
26 189
205 267
220 120
274 183
268 249
48 179
140 50
204 247
291 148
191 93
153 101
136 224
94 322
241 256
194 20
87 219
128 107
96 93
229 185
2 78
134 202
36 146
202 231
240 117
238 194
79 78
268 13
62 106
243 196
166 270
84 103
322 14
285 102
227 8
184 199
131 204
164 241
213 5
102 108
213 263
142 156
121 262
279 237
146 245
252 60
319 110
230 190
221 0
156 223
44 246
88 201
300 287
190 169
194 239
194 261
228 162
138 224
14 35
261 60
306 222
4 270
236 100
268 104
23 249
126 22
15 256
30 318
227 130
33 108
11 155
156 192
322 166
280 99
210 32
321 235
295 127
89 154
69 238
252 72
126 36
268 190
181 248
221 159
33 322
23 87
141 292
284 138
159 185
247 255
68 1
185 178
259 270
116 113
235 231
176 21
178 244
119 32
258 158
110 116
146 188
275 89
34 245
184 112
139 279
179 207
85 146
189 167
46 57
30 138
317 225
251 196
7 171
213 182
89 35
281 204
139 246
215 46
177 167
186 309
113 288
257 4
150 127
92 193
162 81
82 153
255 34
124 124
314 172
99 245
180 256
298 308
56 142
148 100
307 29
132 72
199 41
201 182
40 162
170 304
239 293
298 298
306 129
114 40
211 276
253 163
5 212
212 79
302 48
41 46
72 130
287 55
156 216
47 255
198 71
34 53
262 293
67 96
210 223
304 63
169 96
55 16
262 311
240 28
8 41
229 294
33 116
288 252
55 104
45 224
102 100
313 91
37 265
121 207
233 49
176 134
43 303
208 189
291 185
179 20
315 235
196 13
318 55
144 104
14 242
89 43
225 107
55 245
112 265
84 95
115 231
25 238
106 265
311 106
193 146
121 312
66 85
76 71
61 115
71 51
35 162
201 56
87 158
241 299
162 228
292 183
127 93
255 132
53 300
8 69
103 33
278 21
107 39
1 152
199 209
219 207
34 266
55 71
315 277
322 102
273 110
121 57
262 37
322 115
188 224
167 307
50 45
143 151
21 177
167 10
80 151
167 76
157 79
297 0
191 57
122 215
251 117
318 122
7 34
94 172
8 110
311 8
245 136
145 32
195 243
41 11
132 36
102 280
145 11
131 19
173 82
229 217
193 212
185 195
103 241
234 134
256 164
244 103
40 264
4 134
126 310
71 137
163 75
146 252
137 171
153 273
214 210
177 66
5 19
149 18
80 297
243 236
80 217
253 150
176 143
306 89
273 128
37 319
24 124
64 172
291 293
313 19
149 255
292 161
43 156
60 134
237 202
228 270
271 142
108 215
314 16
29 252
139 264
151 194
80 53
50 274
155 126
236 223
144 146
139 30
319 162
222 185
150 249
145 173
277 244
186 311
293 107
163 223
198 276
313 87
138 312
229 57
18 65
212 312
23 93
75 178
94 12
75 229
103 165
120 63
70 86
318 153
193 157
27 9
148 232
279 265
292 153
265 139
20 43
253 115
24 70
293 95
251 307
308 145
207 203
44 307
126 108
173 132
311 94
36 103
47 46
76 4
231 72
99 43
218 240
207 54
315 237
50 168
211 145
62 164
191 278
16 8
294 270
221 94
21 119
200 170
88 258
214 137
261 18
27 172
193 3
266 65
68 307
263 109
230 265
319 88
102 247
213 77
136 190
239 38
320 248
254 302
141 65
128 131
104 176
7 298
162 39
281 222
133 301
52 109
108 270
127 243
103 80
132 16
217 81
133 256
12 63
179 130
161 27
38 230
178 204
67 301
106 237
68 43
46 215
268 301
105 153
306 165
158 45
198 287
72 40
223 41
13 7
81 187
123 48
121 322
256 259
30 115
40 252
52 79
154 282
78 144
131 196
297 243
291 286
107 106
225 94
269 22
162 309
30 158
234 163
138 97
144 224
244 192
157 288
205 13
201 16
45 87
317 200
318 174
132 237
162 295
20 280
91 272
47 306
291 41
62 322
44 30
57 57
21 309
132 290
265 51
194 82
226 215
103 67
311 198
124 9
18 308
311 314
177 311
78 170
251 105
298 209
178 231
60 223
200 250
296 6
224 147
208 129
97 149
188 283
193 245
103 273
88 78
242 127
140 136
318 46
75 251
269 274
96 142
110 56
151 240
159 297
289 161
223 10
130 134
85 311
128 73
309 232
240 241
159 74
180 290
100 118
226 280
305 263
305 208
319 102
299 130
284 216
34 243
318 139
99 268
105 301
95 190
93 144
41 274
190 52
103 314
54 13
49 319
115 173
44 192
141 143
46 153
306 33
286 179
193 88
172 50
75 322
149 287
184 35
183 245
39 190
250 321
130 77
41 30
88 67
217 21
10 232
304 72
177 53
111 317
161 316
47 90
127 257
277 241
151 305
116 268
76 237
248 108
204 114
226 49
243 56
69 184
256 82
11 127
271 291
33 156
55 27
17 221
207 85
113 148
321 22
87 161
32 184
114 75
222 211
124 318
77 124
88 321
58 163
160 155
138 33
27 174
181 66
9 199
130 221
312 275
194 76
182 98
64 187
308 46
105 193
236 268
86 106
259 241
79 218
74 94
91 31
117 214
34 284
293 319
184 45
132 65
262 47
207 246
23 232
163 19
21 277
37 270
66 164
214 9
223 118
114 15
61 207
263 100
168 244
42 271
59 29
164 151
81 15
31 131
5 93
166 77
1 322
181 114
163 260
317 317
298 207
280 319
322 80
61 137
264 155
201 85
27 316
29 277
102 197
133 78
216 307
63 313
293 82
226 251
295 9
270 202
62 290
304 67
265 83
1 280
133 309
146 70
212 126
178 94
165 265
166 222
123 226
310 170
26 86
176 240
270 127
188 134
3 42
181 295
114 319
127 126
220 125
184 18
287 152
84 44
238 253
132 268
156 200
159 95
75 259
177 213
255 105
79 314
144 302
259 155
105 93
199 124
298 43
37 296
273 16
123 171
176 183
264 103
2 193
319 180
171 203
113 283
78 59
165 26
289 50
110 36
262 70
103 232
183 264
21 106
322 223
108 162
252 248
22 81
166 138
239 3
83 181
295 239
209 166
35 26
28 48
226 228
114 229
288 287
131 255
276 297
119 36
210 163
109 94
65 258
279 254
215 253
140 75
57 167
32 96
155 2
185 272
276 58
17 52
217 214
285 271
299 321
204 307
308 305
242 305
199 217
40 305
143 284
2 131
285 14
173 73
15 229
98 276
298 58
70 59
131 174
204 68
118 52
67 36
210 214
51 237
231 253
136 44
204 35
283 197
152 56
229 322
159 275
182 83
133 193
143 205
48 287
299 218
54 110
309 195
106 155
281 101
164 115
274 150
258 145
271 229
172 292
84 16
277 120
21 58
173 19
152 47
287 148
288 306
77 54
24 194
293 42
299 80
59 237
177 31
100 222
23 7
278 158
273 232
166 297
241 195
76 96
190 21
239 141
133 100
6 107
226 138
246 38
197 290
163 200
103 124
158 160
212 320
100 147
85 83
13 278
321 110
242 232
307 317
189 116
51 290
133 225
166 44
204 4
0 177
112 48
245 33
231 146
17 304
271 93
65 249
42 229
314 95
157 264
42 242
4 40
219 232
174 149
198 143
311 288
104 220
60 300
240 60
70 218
215 25
255 143
17 211
319 135
48 42
130 151
9 280
97 61
210 117
162 249
173 141
163 268
42 164
60 313
145 311
102 16
284 126
193 70
114 104
282 14
4 54
231 40
171 104
292 136
318 29
153 0
36 185
223 71
289 88
65 304
65 49
106 76
41 322
303 289
26 41
315 28
7 239
244 22
210 121
227 47
236 149
9 84
213 279
121 135
9 245
25 56
117 63
209 66
66 297
179 300
210 25
75 36
13 59
108 16
102 287
88 173
92 102
268 172
90 138
265 143
301 162
206 185
217 49
37 46
94 189
54 296
171 171
268 257
37 175
188 319
67 13
287 109
61 308
39 233
202 218
114 284
59 227
271 5
112 136
51 286
207 237
303 51
14 249
175 65
271 285
66 273
60 262
229 99
318 245
136 103
169 266
78 85
51 151
84 269
179 287
20 211
132 153
5 124
274 212
299 313
19 117
175 278
10 252
294 219
204 100
260 174
323 175
261 268
318 257
163 300
74 29
235 202
62 133
221 76
89 110
131 63
187 287
298 259
94 39
253 269
155 83
187 102
125 113
208 319
188 28
179 103
11 296
76 167
271 135
105 38
233 213
105 165
225 127
25 196
266 264
77 45
72 123
148 225
230 275
74 156
293 91
302 243
176 306
11 317
289 41
3 130
136 58
137 247
44 278
131 266
115 236
129 228
79 117
152 236
298 11
130 320
135 1
38 201
112 114
232 210
49 137
68 194
40 292
232 83
25 32
84 260
65 294
122 269
317 70
231 262
239 190
17 201
67 289
293 224
86 306
225 157
4 166
219 270
143 264
282 72
281 64
93 307
125 82
202 104
176 129
217 85
27 254
69 144
40 153
287 265
250 243
287 81
8 58
6 128
148 193
302 136
130 285
321 283
252 12
165 58
291 15
24 53
33 221
12 149
208 150
169 211
301 60
223 176
259 264
263 289
113 224
282 173
46 109
132 281
77 218
157 219
181 144
279 302
296 123
263 9
277 72
217 146
209 294
147 235
268 174
52 131
244 319
145 321
266 35
226 174
301 105
203 293
6 293
36 222
192 227
193 86
40 1
62 84
37 292
284 285
210 36
96 51
173 116
244 142
99 321
199 59
139 192
5 109
308 252
200 58
54 44
278 287
211 237
8 131
205 88
272 308
200 273
40 286
121 230
109 175
70 313
295 153
243 138
280 31
179 201
9 185
170 20
183 284
269 132
296 232
94 130
151 257
70 24
18 22
177 50
296 120
229 246
62 61
68 111
56 311
120 191
300 318
19 131
100 52
206 175
199 265
43 149
178 225
186 58
75 108
2 119
37 133
244 171
45 71
194 163
267 261
100 186
284 61
114 78
74 52
61 204
60 42
101 137
119 306
235 236
64 23
137 164
275 279
71 264
290 60
15 95
262 136
163 7
262 169
3 186
208 273
69 131
160 98
7 183
134 244
264 222
232 158
262 239
283 237
58 285
94 99
85 123
171 14
221 83
195 153
300 212
86 190
214 160
280 78
97 286
181 316
37 74
50 253
67 240
311 46
274 141
60 256
164 77
78 0
128 38
225 317
176 138
36 118
177 287
103 110
244 281
268 154
253 79
11 18
269 56
230 254
306 218
242 114
11 26
249 151
309 112
90 201
8 190
16 314
313 210
246 25
190 48
250 231
295 217
20 252
59 151
177 43
227 107
258 272
108 0
284 91
49 146
99 307
107 191
263 191
272 18
124 220
298 213
146 268
248 262
157 182
181 34
283 116
55 317
119 270
128 2
75 139
242 177
170 312
71 320
271 131
293 313
173 286
192 191
28 204
173 110
197 224
254 287
116 92
10 224
51 232
166 227
229 145
314 222
1 167
64 17
278 184
196 278
234 153
247 96
5 120
91 195
247 313
78 202
85 208
64 233
255 173
90 281
102 321
266 112
291 124
115 316
48 78
174 245
249 224
95 301
122 124
91 160
236 11
127 74
204 1
88 178
208 163
212 149
153 187
86 167
151 209
9 247
103 73
267 183
80 143
37 198
165 315
75 67
246 114
294 168
261 306
82 251
210 111
195 194
112 72
217 302
267 117
71 57
119 136
234 85
181 52
96 237
159 190
57 253
273 283
277 55
13 141
26 11
247 154
111 286
51 88
65 254
21 154
202 143
14 41
13 48
67 182
294 103
124 110
188 219
139 173
139 260
57 201
293 274
204 154
240 300
126 313
78 71
141 209
286 160
269 297
24 205
232 243
204 237
268 226
85 49
54 284
244 229
10 98
222 108
94 6
180 77
34 35
263 309
265 277
242 78
35 84
124 272
130 237
239 229
172 221
32 229
29 150
109 155
162 30
243 293
72 114
0 58
144 240
87 242
83 28
182 57
163 235
261 80
298 302
152 164
42 160
85 320
281 134
64 269
166 289
216 101
221 71
299 289
22 79
126 296
2 221
305 30
31 296
200 320
313 75
134 8
196 168
214 250
98 242
45 146
211 135
56 227
119 28
4 202
148 271
303 314
160 203
300 123
80 0
95 274
321 276
104 90
238 114
46 53
187 150
27 242
168 186
321 313
174 3
82 96
57 269
106 112
137 303
193 201
47 177
30 134
97 6
288 179
320 204
33 120
137 261
233 127
55 36
261 150
128 224
7 289
226 42
232 282
30 22
285 213
117 81
295 303
158 18
160 167
198 49
215 194
205 128
183 227
82 146
131 83
153 315
248 273
241 263
156 255
146 20
232 18
18 157
271 186
249 50
113 241
56 283
120 13
200 53
111 142
29 101
138 187
59 175
146 131
101 236
223 287
323 320
259 295
284 0
135 95
60 229
109 225
220 143
75 153
16 213
218 56
36 232
3 107
278 115
204 288
261 233
128 202
183 271
77 99
53 140
108 4
235 217
72 212
145 317
212 243
268 192
44 78
71 99
119 204
41 64
175 88
177 219
235 80
311 184
67 147
55 24
294 300
35 247
6 70
303 9
165 164
278 15
36 89
165 91
59 72
171 43
124 158
262 208
128 135
18 245
254 166
222 112
24 50
166 12
148 92
309 235
166 191
174 267
136 30
162 239
144 170
228 207
77 286
310 7
13 5
24 14
293 198
199 74
110 178
102 54
96 2
108 76
105 109
137 231
308 85
279 172
39 118
225 293
58 82
283 11
302 317
4 226
199 179
166 149
201 176
151 118
130 249
130 156
151 244
130 148
111 248
148 221
62 63
11 130
93 50
305 308
17 69
32 180
36 244
283 28
305 97
3 237
313 147
251 20
122 85
274 112
276 179
267 21
51 220
294 297
224 28
89 107
40 186
289 270
5 257
269 314
274 60
224 185
166 278
152 98
211 278
281 181
279 125
40 158
148 267
136 116
270 284
157 208
62 148
28 207
187 257
86 2
145 127
132 248
49 129
99 229
76 224
154 202
132 82
42 8
14 104
175 252
305 253
96 37
99 251
217 34
257 252
80 291
191 155
80 237
189 93
126 206
13 119
313 236
98 169
155 73
186 166
35 169
155 245
128 133
158 281
167 236
253 265
22 239
227 243
10 176
188 266
300 117
146 201
92 60
317 130
128 113
193 306
255 107
90 73
312 49
297 224
265 299
129 142
256 283
312 77
86 232
267 51
252 108
299 244
166 193
34 208
29 93
25 20
45 255
148 38
6 295
274 258
262 243
1 67
92 113
15 57
37 305
309 93
278 66
243 9
194 321
243 187
154 198
65 231
98 125
113 306
141 179
163 163
205 299
93 242
47 103
220 259
118 144
47 280
214 176
108 297
105 280
209 23
63 260
101 183
152 214
224 197
19 236
87 185
212 168
62 229
237 168
33 111
214 71
243 316
115 302
117 170
114 292
133 118
67 173
263 236
12 144
282 122
133 289
132 145
51 304
1 102
217 270
189 161
61 89
33 162
247 198
126 191
72 80
261 68
96 309
273 153
260 124
240 224
229 32
46 290
212 186
216 87
137 264
48 80
67 251
254 66
48 102
235 40
300 188
295 151
168 119
315 199
237 129
224 89
30 203
228 22
69 250
83 255
176 34
283 100
1 158
17 275
285 20
287 132
61 166
199 161
233 142
197 204
36 35
268 278
68 233
294 232
148 83
174 112
190 314
285 281
69 65
288 285
26 259
135 255
295 221
170 153
178 2
10 172
5 48
2 241
118 152
234 250
90 322
239 42
166 15
86 296
153 305
26 245
273 53
53 128
314 130
108 199
51 186
144 2
320 317
261 134
287 186
235 2
115 74
196 311
59 191
107 25
238 209
24 60
125 165
250 161
33 219
155 182
265 250
302 277
209 27
110 26
167 31
205 59
16 197
221 316
256 113
186 265
186 295
96 186
75 169
316 108
149 95
155 226
147 136
276 43
125 320
105 241
206 294
260 215
80 76
172 271
89 45
299 154
163 183
149 201
18 0
80 120
165 86
169 40
20 103
157 64
31 61
212 231
177 278
219 217
146 149
264 13
85 7
314 72
108 290
114 0
216 287
38 223
310 245
222 152
119 125
319 120
256 306
79 185
7 321
62 296
158 106
213 285
275 274
180 177
316 306
73 99
218 77
204 275
236 264
240 146
63 90
319 219
206 236
199 205
96 47
93 21
78 77
169 135
196 172
16 134
57 59
245 215
9 180
67 99
251 221
323 22
240 100
37 23
308 201
29 154
182 275
135 112
45 262
300 7
57 233
33 307
129 241
181 304
299 33
302 269
202 6
85 278
42 88
302 80
268 321
70 277
88 193
7 121
197 252
83 47
178 74
112 146
271 116
297 168
53 197
64 209
90 8
64 111
155 224
307 232
312 38
289 45
52 2
49 271
116 314
287 70
285 293
187 75
45 125
114 94
315 99
57 20
18 264
284 226
136 87
41 56
316 22
37 5
81 38
100 96
97 113
138 295
229 14
125 136
268 202
77 216
226 254
28 84
14 46
210 30
13 174
320 251
121 38
84 216
38 9
112 15
276 101
116 300
59 282
213 241
261 29
261 16
280 112
160 91
151 124
29 144
303 31
46 199
170 297
60 20
17 79
310 110
66 247
312 13
129 75
84 2
100 17
27 268
251 44
17 74
239 148
6 203
143 255
85 109
183 171
24 241
159 152
123 261
274 13
93 152
11 76
276 206
140 165
80 303
90 302
270 101
52 212
139 52
277 257
102 318
186 40
220 110
256 59
189 140
101 47
227 178
147 116
242 215
137 68
258 257
91 214
314 115
39 92
59 279
132 120
113 134
16 168
27 115
193 312
134 183
262 120
54 274
232 316
56 153
186 100
277 49
166 127
174 249
214 223
309 285
111 206
268 129
267 276
70 4
221 183
169 49
250 103
318 236
179 56
116 52
39 101
7 24
19 187
275 234
243 26
60 173
6 213
20 257
222 249
152 268
126 231
43 251
149 21
287 144
233 21
297 114
60 119
183 55
138 82
101 62
150 258
148 47
164 192
12 315
242 212
118 39
139 96
321 90
88 15
14 318
321 84
120 40
301 67
90 181
125 96
26 285
241 83
154 110
67 90
303 77
55 33
171 69
160 124
77 270
316 104
161 271
40 51
11 117
77 162
68 224
12 264
202 312
110 159
261 89
283 46
29 50
222 256
216 17
311 125
95 27
170 101
82 0
166 203
305 37
136 302
263 246
103 103
237 318
71 92
121 164
302 145
316 249
173 108
110 108
156 88
194 11
276 203
252 68
183 120
251 204
105 234
233 87
226 147
95 34
260 226
181 100
249 28
211 198
222 280
207 139
105 197
128 170
317 157
100 159
93 165
124 40
286 113
22 40
257 160
230 301
70 153
60 18
111 245
40 230
220 128
101 187
165 21
141 254
315 181
90 142
228 188
98 228
64 84
210 104
263 198
51 314
76 114
6 80
110 96
80 41
15 5
250 212
121 144
70 54
204 167
321 24
191 301
63 302
76 210
260 286
186 105
214 191
201 282
166 295
115 280
225 111
24 294
13 236
47 166
52 34
163 106
256 78
171 164
186 12
181 287
26 308
101 173
244 323
29 167
250 297
244 257
157 70
127 62
63 161
110 38
33 204
236 136
216 259
175 167
226 55
51 178
222 192
262 224
308 34
154 252
245 109
300 265
311 224
148 284
106 0
264 122
78 23
271 34
101 211
61 277
272 205
73 271
205 243
209 198
109 233
251 31
240 219
99 175
248 35
288 116
124 26
122 6
264 56
158 92
178 15
18 12
177 170
286 2
116 248
61 318
157 83
85 267
152 266
65 79
83 34
253 202
197 145
309 320
239 127
173 33
251 22
165 96
9 256
6 103
107 254
116 138
84 87
47 259
178 158
242 289
278 78
48 297
144 213
275 306
1 270
184 253
269 97
181 140
296 98
320 57
153 33
121 93
51 23
104 45
222 58
248 203
215 141
169 223
290 235
98 195
280 263
33 141
150 40
249 245
184 88
280 91
203 279
304 296
172 16
148 250
312 27
123 35
127 308
51 250
283 188
139 9
136 81
72 7
74 247
229 49
30 259
44 165
0 268
64 113
188 239
80 62
160 43
163 104
56 177
234 187
249 5
273 254
260 289
210 252
132 286
11 88
171 111
252 225
12 205
109 118
217 31
169 231
122 116
289 137
183 166
321 296
165 41
220 46
250 127
161 11
105 87
313 168
272 183
272 74
189 252
9 262
39 278
156 257
146 288
104 279
188 126
116 109
85 31
128 297
147 273
261 171
180 98
132 4
212 179
209 51
136 227
283 44
115 221
201 247
290 302
100 10
70 294
223 162
227 110
65 189
302 158
52 56
251 75
68 268
225 81
23 237
191 161
318 183
207 171
105 284
14 194
177 217
263 270
92 145
105 55
158 261
44 250
58 173
227 182
115 4
103 222
307 168
199 69
55 224
149 42
219 25
276 282
159 201
199 135
274 25
4 283
114 158
177 87
221 205
69 174
289 128
197 123
232 130
231 311
182 14
10 51
254 310
68 296
49 158
128 115
256 256
287 104
279 86
302 15
52 194
112 281
321 237
193 49
63 231
185 48
263 89
304 160
239 168
200 261
70 114
83 296
261 3
90 298
224 46
150 301
77 206
82 227
20 314
116 183
271 256
11 254
221 241
22 45
261 34
197 235
317 247
247 6
137 285
294 34
19 297
80 208
113 212
294 202
107 123
102 151
198 260
110 289
85 172
297 68
118 188
274 104
53 62
123 290
225 169
31 268
145 109
294 204
82 71
50 58
294 57
64 124
226 283
60 270
37 121
97 162
148 4
174 186
84 262
71 169
211 268
184 119
87 267
92 30
158 214
310 31
262 35
54 168
215 155
204 53
61 122
158 138
257 243
174 24
312 43
261 271
292 181
247 296
157 116
246 210
181 221
166 241
137 142
288 232
273 316
81 316
93 71
237 55
276 312
64 309
206 159
78 165
228 40
139 147
293 323
112 285
310 18
113 55
99 107
73 261
254 190
250 273
205 32
1 149
319 37
260 254
312 22
319 113
4 162
178 22
120 252
267 10
130 138
100 114
178 256
295 1
135 283
49 49
154 275
236 108
32 80
1 302
106 222
239 239
323 99
229 296
96 306
275 145
226 195
32 6
80 295
316 101
51 30
100 128
233 113
217 164
58 205
221 301
304 44
216 228
89 14
279 4
2 40
264 232
58 125
71 68
2 285
235 68
279 107
91 68
154 154
138 118
177 237
320 209
214 231
283 208
308 114
276 128
286 250
103 214
258 216
290 291
289 267
18 283
211 225
37 70
215 97
33 74
32 280
166 158
23 132
48 247
270 170
20 16
124 22
187 244
130 234
110 277
313 181
191 118
81 173
91 185
58 234
101 162
316 119
236 84
308 213
164 286
307 57
166 177
51 50
270 23
286 61
73 126
272 70
293 115
287 74
311 80
78 69
132 232
174 313
95 319
4 145
315 97
51 125
63 66
154 321
80 102
247 131
149 81
115 213
90 105
128 84
43 13
322 163
217 312
27 32
255 217
262 316
53 248
305 56
209 175
87 226
76 240
192 101
131 187
65 213
245 219
144 227
219 151
47 8
215 172
221 320
64 256
37 20
91 313
56 222
236 15
258 221
289 253
39 45
120 104
253 33
72 200
320 279
41 170
293 122
270 146
255 90
26 91
242 64
160 257
161 94
130 295
21 297
172 66
96 15
134 190
277 148
49 240
92 54
158 233
243 42
32 169
143 12
200 30
222 100
67 242
129 223
187 209
44 82
287 156
81 185
176 309
191 121
252 45
165 216
62 94
223 158
194 296
209 291
234 304
206 3
188 217
298 125
268 212
19 93
181 138
289 10
99 238
65 199
218 133
217 181
153 67
55 157
107 300
142 250
208 267
308 125
95 16
169 316
96 139
195 146
167 20
320 64
30 39
110 258
95 167
45 55
203 255
198 239
234 216
223 67
261 8
306 211
239 276
33 301
278 228
95 114
302 143
100 36
265 7
304 278
245 225
3 69
270 152
80 299
6 86
25 262
134 103
23 118
252 16
236 24
166 36
255 289
4 216
266 234
40 23
52 297
199 187
299 264
240 227
155 205
262 303
64 69
282 276
140 36
214 55
254 137
166 284
231 115
17 175
259 76
164 168
53 156
67 93
266 245
198 14
164 245
81 25
66 6
252 57
93 191
274 217
98 302
151 272
196 74
158 8
154 16
47 39
208 298
210 313
99 167
45 8
68 56
197 282
138 132
220 237
121 179
1 208
146 114
74 72
188 232
103 69
153 227
47 12
222 19
103 52
99 170
217 218
240 20
62 159
61 108
23 152
21 141
90 259
53 232
223 295
175 145
272 59
62 262
173 47
221 161
232 217
241 102
220 42
5 291
174 260
65 203
280 46
250 26
211 8
193 57
259 87
321 108
272 267
157 307
63 188
273 319
52 105
280 154
23 214
180 153
30 240
301 192
44 171
56 203
71 276
56 10
41 83
289 165
153 149
217 115
233 175
268 46
105 212
144 181
169 184
175 182
237 29
209 225
154 266
232 276
93 175
242 209
290 226
102 95
301 72
253 96
57 16
321 261
198 51
82 143
310 251
219 254
254 146
17 287
23 245
165 257
214 31
301 24
301 215
223 167
191 41
9 12
79 93
121 111
153 81
120 149
77 18
196 39
143 183
321 63
172 90
163 288
303 232
305 20
188 269
313 99
26 227
299 227
304 94
104 97
2 47
230 313
198 249
2 98
147 174
278 214
189 188
311 195
240 0
42 24
314 125
16 203
306 156
302 291
234 283
43 91
142 9
212 23
100 191
299 3
220 226
196 182
141 289
286 39
46 75
233 0
6 223
59 122
188 215
156 42
262 2
287 9
7 310
124 196
153 310
253 204
266 316
169 195
114 195
164 171
255 181
269 111
297 51
286 225
106 162
87 25
79 228
4 264
201 79
285 131
256 264
17 5
152 293
162 33
221 131
272 65
267 86
23 2
70 244
258 209
126 219
206 282
216 126
64 45
316 59
221 138
286 312
87 50
257 36
141 32
82 243
15 302
233 32
197 201
176 1
109 65
131 106
249 315
268 221
303 226
145 120
20 53
143 174
94 230
139 152
211 290
17 106
261 320
279 291
78 63
118 274
55 40
178 291
147 29
36 113
254 277
107 209
70 26
56 218
217 261
6 45
151 312
271 149
294 87
215 29
314 271
132 115
304 89
76 268
314 176
184 63
110 68
36 279
254 51
116 310
247 193
282 258
114 43
5 276
215 314
53 126
199 230
288 300
168 179
177 195
257 175
232 91
86 213
53 207
254 118
126 247
31 217
304 238
84 26
72 193
186 46
316 146
252 278
50 149
287 52
82 166
323 243
176 234
84 51
135 212
155 12
129 289
79 246
116 67
139 228
147 216
33 118
217 170
43 266
27 192
255 269
10 164
15 27
284 34
61 126
291 223
206 18
318 26
262 131
96 271
189 15
74 59
216 152
215 237
185 182
145 263
141 78
236 119
141 308
138 138
299 222
228 190
222 168
221 266
31 93
258 322
137 62
249 305
299 173
25 296
309 316
316 185
207 156
226 65
187 61
210 60
198 157
284 234
294 143
29 110
113 31
266 82
86 117
139 25
22 136
281 301
320 10
297 217
111 152
189 72
98 291
289 298
291 220
0 213
246 241
256 225
279 143
91 205
171 132
201 171
70 128
99 73
196 321
214 254
119 318
49 188
151 189
166 146
160 57
319 296
58 190
311 54
131 166
214 134
267 164
19 174
195 34
277 308
281 57
14 234
296 13
152 276
257 92
63 320
247 101
304 182
248 290
224 149
104 190
301 256
307 216
167 3
140 267
223 93
130 104
27 103
144 133
272 250
4 259
144 78
205 62
163 31
55 79
270 156
35 70
78 295
179 81
61 274
207 248
112 103
256 26
125 28
128 277
61 52
29 172
170 95
92 45
154 147
203 156
195 108
127 105
99 310
261 105
19 60
155 194
232 304
51 230
64 100
105 49
191 72
94 119
233 231
94 77
152 162
24 257
133 95
266 72
294 213
204 150
213 89
16 241
37 42
172 211
84 290
186 149
80 161
264 244
0 0
5 114
239 171
282 168
176 93
251 37
57 210
69 256
24 74
169 37
123 136
65 10
226 309
164 3
103 316
137 178
242 1
263 105
277 300
210 205
116 262
86 159
248 25
181 270
320 116
109 243
52 134
63 92
126 217
66 114
150 130
181 93
318 19
172 215
275 303
208 317
120 173
284 316
50 265
126 9
72 76
240 246
210 116
9 144
143 159
129 291
219 191
243 117
111 8
58 69
110 264
313 312
94 216
313 170
124 199
40 115
257 50
318 42
301 140
287 260
288 173
257 42
65 159
316 286
36 179
93 281
99 144
321 271
229 223
156 285
113 237
119 100
73 315
199 314
234 97
318 278
236 171
135 304
245 251
183 86
170 218
233 313
88 306
39 239
14 11
189 193
272 121
167 45
208 227
229 194
279 313
240 163
170 84
43 48
218 237
107 217
150 5
191 46
105 274
160 261
265 283
61 56
152 14
94 136
35 135
42 267
169 299
197 69
308 139
165 210
307 39
27 248
196 160
178 297
270 251
18 90
216 58
227 52
264 20
94 193
275 287
90 221
270 208
219 239
110 282
202 320
123 230
202 221
80 31
80 248
299 205
51 98
180 250
115 202
290 300
63 97
100 243
157 240
145 277
225 5
312 112
263 129
255 95
195 226
255 88
202 77
148 310
36 172
94 48
207 201
41 247
29 297
240 273
123 306
133 39
27 296
299 189
177 248
248 264
221 119
5 314
139 233
201 184
187 189
128 67
287 6
256 280
245 145
239 176
270 90
91 94
150 279
182 210
240 35
154 6
23 265
261 183
119 222
101 133
204 65
155 292
187 141
3 12
311 115
149 145
19 206
240 279
281 47
152 300
68 152
176 95
60 44
210 7
206 208
11 40
194 270
251 90
171 41
289 119
251 217
190 34
68 101
149 280
203 134
67 72
96 13
177 162
319 131
66 17
161 312
200 165
0 4
88 274
276 176
29 20
43 214
170 247
91 231
39 136
141 99
103 42
269 86
265 256
169 74
167 255
232 292
12 9
307 172
297 91
43 73
156 164
252 178
308 134
219 146
215 264
297 45
217 173
302 33
164 36
127 211
244 253
145 156
120 109
11 209
143 125
301 241
293 229
219 276
127 214
49 51
129 57
7 164
91 246
173 1
99 266
281 74
82 313
277 93
274 77
219 74
128 269
102 219
39 196
320 165
272 260
22 101
322 136
181 122
225 83
81 286
315 35
191 166
205 191
290 125
88 117
80 20
318 85
276 222
78 11
210 123
63 217
193 132
58 300
127 34
315 8
192 110
164 54
80 198
64 206
64 140
14 155
201 228
119 258
206 133
254 252
215 256
156 175
231 200
119 7
290 24
149 105
312 222
294 28
44 315
103 205
7 282
124 180
207 225
295 16
57 262
24 175
308 225
215 208
23 310
306 197
39 207
124 279
114 247
183 240
296 176
17 298
42 150
318 315
268 42
316 49
119 38
194 230
214 38
287 89
244 44
79 275
27 59
147 320
77 131
254 183
112 80
201 200
113 156
33 59
108 47
14 285
285 171
254 241
121 248
12 178
218 119
106 31
175 193
112 193
66 262
143 252
12 180
9 168
28 198
308 255
152 142
265 43
121 33
27 73
43 189
65 59
192 198
238 155
102 310
79 310
142 314
309 209
43 320
141 21
99 48
36 39
204 286
236 139
114 83
289 221
18 269
195 66
166 104
140 63
248 310
141 197
191 182
91 61
253 168
141 59
318 156
311 144
5 301
264 242
258 198
44 202
218 162
49 172
296 32
176 157
265 320
41 210
283 64
127 233
114 199
55 255
306 153
197 42
286 316
182 321
140 310
197 228
147 32
312 227
272 208
299 51
141 241
86 291
252 291
310 164
43 223
137 240
38 265
139 220
166 219
179 248
249 1
0 48
30 284
197 27
24 314
232 179
317 148
120 131
261 299
229 106
66 70
217 160
257 153
86 132
238 63
241 239
224 300
251 281
124 15
103 259
305 245
267 263
78 227
134 181
113 222
275 68
209 140
165 199
63 311
243 87
297 295
252 154
244 190
87 21
239 92
22 114
62 15
192 92
321 301
108 135
123 54
166 152
214 185
266 37
1 19
32 153
261 101
25 107
231 81
84 140
212 60
237 176
36 144
225 238
110 87
40 267
265 175
11 298
181 282
282 239
3 0
59 3
59 159
10 142
41 194
121 211
55 123
73 292
120 288
145 4
14 259
76 212
270 75
290 28
209 235
109 321
34 12
12 273
166 99
144 237
65 243
95 158
257 260
268 94
3 148
13 172
21 5
19 209
209 263
107 166
27 64
323 29
155 184
42 293
27 303
15 311
300 16
249 110
92 298
26 207
199 227
18 238
271 274
175 282
296 235
274 180
146 178
148 40
187 172
15 144
135 279
84 194
96 120
157 134
163 41
305 323
240 104
159 197
301 86
72 74
298 88
169 58
126 20
267 239
149 163
24 80
174 53
190 198
45 127
256 68
70 167
289 257
230 27
182 215
117 295
50 281
141 194
112 107
182 21
219 80
219 220
47 146
146 294
0 246
207 307
57 287
95 152
208 11
134 21
263 301
81 269
71 2
126 301
40 237
85 313
232 246
153 296
167 184
120 295
56 96
126 72
114 85
78 129
306 116
251 234
58 240
215 169
231 186
157 212
21 62
145 91
91 148
171 251
76 120
167 93
175 69
229 53
94 55
311 136
276 219
111 50
189 107
265 157
39 148
313 161
98 72
206 111
190 269
120 246
308 249
193 249
72 18
53 150
281 140
72 237
17 302
111 58
138 214
50 2
305 260
232 74
305 121
44 176
276 19
283 222
276 124
84 105
58 323
173 203
152 106
125 282
42 36
188 99
155 59
173 123
4 177
154 308
129 255
300 294
158 158
35 190
164 134
167 68
110 220
256 234
59 303
50 160
93 205
35 102
317 177
112 66
53 308
116 239
33 70
257 112
84 168
91 134
1 244
159 143
119 193
188 53
31 18
115 56
127 178
228 35
126 29
252 161
203 124
132 47
193 113
21 70
312 189
230 297
214 23
126 6
194 277
240 237
42 142
192 309
181 43
118 113
200 275
113 18
127 97
322 204
112 232
55 292
65 150
37 32
252 103
131 131
81 214
9 227
84 308
316 257
270 289
81 98
289 228
106 182
95 211
91 233
64 321
54 51
276 33
36 27
243 50
5 35
303 323
0 316
321 55
256 14
203 106
56 271
194 275
5 243
21 193
104 262
87 275
249 313
217 293
38 193
246 208
76 284
285 161
95 289
5 185
72 286
118 122
118 95
24 24
93 313
115 258
86 85
199 197
270 39
92 76
19 320
294 278
284 274
229 304
155 274
163 258
55 298
233 228
93 1
239 108
225 30
21 175
228 121
202 50
197 316
14 121
5 31
256 57
223 136
223 77
114 249
247 168
235 60
296 268
308 31
287 93
76 257
92 83
286 256
224 227
252 63
119 184
253 274
11 161
31 319
58 219
87 182
85 24
322 74
21 172
278 189
209 16
223 7
244 202
0 195
146 133
286 46
2 14
198 109
179 137
58 256
39 299
62 255
238 294
253 148
205 117
273 234
37 268
162 70
245 221
61 153
292 27
235 199
205 54
209 191
66 61
212 96
261 12
243 173
143 203
250 72
295 164
205 194
196 250
166 18
127 263
192 292
233 302
36 80
119 110
264 159
166 252
280 242
265 48
297 159
183 232
127 305
28 195
260 55
177 11
205 24
286 297
179 307
189 4
46 59
143 89
211 92
93 208
174 122
75 122
242 163
301 31
201 314
112 95
189 40
264 205
60 182
207 256
259 51
158 166
6 267
11 68
17 293
283 228
182 10
34 297
58 169
170 67
279 207
244 223
125 153
230 258
219 21
164 23
192 135
158 172
182 309
17 59
149 24
50 114
309 159
54 153
171 137
215 48
242 315
79 221
231 48
157 14
299 104
133 169
239 284
208 210
266 132
214 107
66 227
47 168
93 157
200 267
122 41
192 207
113 127
290 261
309 243
181 208
148 70
310 319
180 109
88 216
133 112
241 80
250 220
28 176
93 293
188 64
284 305
190 191
276 252
237 150
43 123
237 191
42 96
206 50
184 287
79 47
45 316
153 221
221 222
314 89
24 97
253 239
200 244
102 89
70 248
118 24
126 137
159 231
36 302
29 70
201 279
135 250
242 93
192 16
187 185
83 119
234 144
313 156
215 320
6 142
211 303
73 249
270 309
292 120
309 99
131 201
43 5
69 41
203 13
57 148
110 256
257 184
281 166
268 318
57 77
250 283
139 103
29 303
295 255
238 14
265 117
82 149
83 221
8 304
58 267
159 269
299 90
113 163
270 123
65 4
91 265
145 65
29 289
116 307
218 9
225 25
55 139
249 210
139 170
51 293
24 103
7 201
180 29
44 179
42 116
98 27
162 193
33 190
279 146
27 162
10 121
171 23
90 295
102 305
16 138
225 210
53 70
241 5
320 171
91 86
244 35
217 205
161 215
97 248
22 318
225 63
2 282
247 179
113 252
247 200
209 151
279 135
121 225
104 195
68 202
218 195
196 209
275 131
308 240
132 140
242 97
322 311
98 295
137 199
176 154
274 221
317 280
264 315
52 107
255 49
35 129
52 164
154 76
13 94
12 113
294 307
66 75
168 63
165 5
150 87
251 260
178 242
228 76
314 227
291 151
272 38
255 44
145 75
97 233
98 314
275 200
219 288
119 322
269 235
317 14
43 254
289 259
95 244
268 179
20 201
215 272
232 239
157 237
200 43
292 260
187 96
89 18
60 66
62 212
297 110
181 69
35 314
116 289
152 130
107 13
68 117
122 236
230 44
179 139
283 254
156 8
248 180
177 181
260 167
65 42
308 68
166 231
33 158
89 55
19 182
315 53
140 119
177 60
27 298
317 291
228 234
276 157
49 225
54 280
15 136
307 108
200 298
146 99
319 306
205 302
144 260
9 276
42 168
278 11
189 130
32 123
275 191
240 252
0 215
311 204
155 99
281 161
258 21
301 274
278 129
260 190
117 293
186 286
4 46
50 70
251 193
235 227
88 133
257 299
248 124
4 239
268 161
179 49
21 281
257 83
54 194
66 180
105 316
109 268
73 120
244 123
152 247
12 282
60 58
187 116
245 312
208 100
21 299
312 5
178 184
249 139
31 209
104 169
301 296
24 235
231 12
207 144
213 81
56 266
139 188
248 18
246 17
137 5
104 207
295 317
53 226
139 125
115 37
94 110
162 123
106 269
145 308
170 149
106 127
53 289
174 208
58 244
85 286
41 112
305 18
173 234
134 58
1 264
307 41
178 58
118 266
299 147
243 76
67 162
161 176
286 243
106 184
209 216
292 35
56 163
205 120
281 197
63 194
88 264
170 62
69 74
284 193
138 292
316 30
323 6
205 311
309 32
237 197
46 151
195 7
98 57
59 310
250 40
113 122
178 254
297 76
216 68
317 241
144 306
138 149
307 178
296 44
275 195
277 231
35 256
309 61
132 253
63 277
317 297
180 182
132 33
71 270
107 256
285 157
60 148
286 56
69 309
113 52
280 83
297 35
248 281
58 93
234 190
6 225
72 108
260 196
93 250
252 246
254 55
173 136
173 78
282 199
189 118
195 42
185 264
58 87
291 52
197 99
164 131
90 40
308 156
18 27
195 94
45 17
267 67
268 195
323 283
206 214
245 187
14 53
118 232
214 307
183 259
309 187
233 291
184 20
125 215
147 277
169 8
139 0
119 316
76 242
109 40
23 260
259 262
235 242
146 151
130 169
67 106
269 199
313 183
31 120
160 8
55 277
311 276
38 0
241 157
198 175
125 173
270 217
37 48
267 281
55 241
313 45
29 256
66 285
32 242
207 178
124 12
17 224
6 300
165 60
253 317
19 316
71 12
60 143
157 28
273 11
34 275
303 196
161 117
132 275
212 36
228 123
237 112
307 16
0 134
122 195
277 237
223 244
219 180
16 91
120 195
176 206
139 308
96 239
295 228
229 110
194 130
147 126
119 139
225 140
271 29
302 83
165 51
116 79
213 161
259 169
107 152
296 133
2 93
294 40
161 219
129 263
321 69
4 312
49 164
133 307
89 189
178 210
214 102
298 170
27 120
143 275
323 220
114 146
185 226
279 256
139 72
18 258
252 8
310 74
95 298
186 31
230 60
4 231
30 316
157 38
17 285
265 173
57 34
21 151
287 127
121 49
7 195
279 163
230 282
2 81
26 216
226 166
181 167
135 128
276 184
53 78
185 316
50 14
51 319
245 105
302 171
160 159
266 212
143 143
228 131
27 53
51 275
289 106
146 199
263 219
217 284
102 295
167 98
237 126
77 103
40 89
212 139
35 319
170 178
304 46
265 216
192 214
214 121
306 189
99 111
61 13
220 262
220 2
253 292
45 114
111 253
103 14
243 300
36 317
32 252
144 175
193 263
52 47
314 104
74 239
306 70
69 281
43 280
54 135
200 83
103 249
224 273
107 33
219 83
160 299
80 317
213 215
119 42
301 315
92 284
159 304
270 294
114 278
267 63
29 254
54 188
32 188
275 87
58 137
291 74
263 163
39 5
31 69
72 189
93 126
176 173
134 281
203 39
216 33
293 54
119 277
161 208
128 152
258 293
183 158
165 112
33 138
318 92
32 266
234 148
33 249
186 249
290 16
299 106
153 108
241 267
18 118
164 303
299 71
121 188
142 217
193 103
39 109
265 149
8 230
103 75
246 56
140 122
116 45
108 310
134 317
110 5
322 232
183 176
136 296
223 254
237 178
221 314
307 288
216 44
239 261
9 267
63 183
77 65
20 244
19 109
189 78
183 278
205 152
32 9
283 17
77 13
219 68
301 228
230 126
318 189
285 283
138 76
148 147
155 310
202 3
62 50
115 128
97 262
153 270
15 216
202 193
31 308
79 179
204 86
151 314
315 322
274 284
47 18
245 153
74 64
149 320
273 93
284 289
262 57
284 85
15 153
294 241
6 307
182 195
105 57
117 139
295 234
47 88
232 119
132 314
132 305
149 118
133 211
281 209
133 160
186 2
21 288
237 68
140 82
278 2
304 184
73 191
65 220
219 104
3 158
130 206
52 167
134 69
148 66
72 298
313 193
267 53
15 269
281 9
157 154
172 114
96 41
191 23
25 4
297 195
52 305
6 187
11 302
297 138
238 268
88 142
99 257
118 311
54 60
5 61
136 10
62 81
276 246
132 50
105 230
2 317
110 30
40 180
191 249
76 307
117 155
169 200
216 12
303 154
308 300
174 62
310 257
208 33
215 212
50 212
164 125
233 56
35 229
10 34
30 129
254 6
39 246
211 235
54 310
317 78
171 280
303 27
46 231
59 145
123 314
189 145
183 117
118 220
269 300
265 23
86 169
28 238
209 9
247 61
65 86
320 136
30 152
145 44
149 185
130 145
200 287
226 0
27 16
248 270
244 68
169 280
185 50
172 95
262 174
85 73
26 1
137 270
273 116
8 314
108 236
245 42
37 16
230 70
211 270
235 311
155 124
54 55
229 173
3 100
101 200
79 7
39 155
173 85
242 183
236 35
38 288
55 306
23 182
209 171
53 266
12 95
98 274
142 165
310 293
129 165
159 26
214 295
125 258
110 260
237 6
68 75
153 170
2 138
39 17
67 209
256 66
318 23
16 77
67 191
249 232
128 230
252 172
155 213
8 73
86 222
248 43
250 15
28 1
280 1
231 233
40 183
188 73
212 108
36 275
143 292
59 31
158 217
95 147
98 116
300 161
314 264
142 3
194 285
53 250
150 307
168 219
308 79
145 49
274 147
237 8
49 5
124 190
81 156
138 314
37 116
234 102
304 200
177 304
228 278
275 240
290 181
89 247
217 0
41 309
110 212
21 284
69 311
273 291
74 3
74 136
201 209
167 267
81 239
265 111
116 274
302 22
69 273
28 282
170 108
120 65
167 166
158 252
205 70
248 133
198 129
139 182
29 58
308 8
224 220
11 119
64 180
305 108
205 199
255 102
143 271
133 292
214 157
299 140
123 234
251 206
157 230
23 112
173 269
152 155
264 108
219 204
134 83
173 222
273 79
177 69
164 67
104 27
226 299
26 155
306 292
277 267
318 224
35 306
260 293
238 288
274 252
252 121
302 199
42 259
192 282
318 96
103 38
187 169
30 195
57 216
25 246
264 63
283 135
163 153
157 323
89 91
109 114
85 237
98 199
169 294
53 187
12 221
57 292
59 308
196 300
162 13
116 42
20 261
46 285
154 193
192 253
135 167
293 58
136 259
135 77
235 13
65 307
245 112
178 7
134 108
75 207
317 7
287 122
43 76
37 61
156 321
241 63
320 218
89 144
248 173
55 129
230 231
25 148
27 186
117 5
238 23
22 212
148 242
291 32
83 275
226 192
18 96
292 63
175 120
167 212
151 181
82 305
266 179
239 46
264 170
283 165
56 56
123 161
179 112
114 8
322 273
113 131
241 308
271 0
48 253
287 48
58 116
272 137
124 74
133 137
29 89
280 104
4 155
237 292
53 93
62 271
270 130
305 141
99 205
220 184
275 100
316 80
1 42
261 291
134 62
55 87
183 145
261 178
297 313
22 123
53 199
305 224
156 185
283 105
117 11
189 218
168 193
204 183
145 265
280 67
119 299
33 290
276 36
265 77
120 297
174 308
183 250
50 39
173 173
44 163
53 316
154 95
286 231
77 293
319 81
42 81
176 116
249 129
133 32
231 171
73 22
281 52
6 58
301 263
6 167
267 140
144 196
86 149
127 57
218 109
289 83
110 74
69 63
146 160
307 314
247 246
292 305
11 2
296 22
16 128
38 58
230 166
144 35
260 314
245 10
61 190
143 49
125 80
269 31
53 161
213 1
101 49
139 27
67 29
307 111
157 140
130 278
245 321
253 128
282 281
73 142
189 57
278 30
135 184
197 29
141 17
119 308
4 190
280 201
260 218
254 226
75 92
302 214
144 140
311 237
44 310
108 247
265 298
106 287
77 235
249 268
171 190
127 47
139 322
114 191
123 147
25 118
