253 306
239 95
128 33
225 1
24 185
286 150
236 115
80 241
96 60
278 315
34 103
135 221
143 190
6 27
42 101
255 276
141 15
2 51
271 218
72 106
92 209
41 295
145 20
207 153
149 209
6 263
28 15
34 290
86 141
55 179
0 281
99 312
224 261
161 282
279 235
303 198
266 206
143 13
318 185
185 312
41 103
108 275
50 270
141 130
226 90
130 154
305 12
105 99
32 39
48 19
113 109
2 255
265 198
63 46
71 46
249 238
27 113
217 304
156 236
289 195
179 46
164 71
66 107
167 209
138 107
310 259
51 25
74 150
197 195
240 67
276 242
200 192
142 287
149 34
46 2
216 107
312 118
42 237
206 43
47 262
136 298
236 194
123 89
14 52
158 60
64 19
59 196
243 175
276 154
125 184
38 205
30 199
188 276
187 82
249 307
239 210
317 36
242 149
279 111
280 221
227 269
240 129
109 87
196 322
61 104
203 128
126 221
50 309
243 208
322 305
0 104
0 233
67 235
116 59
306 267
120 197
176 85
0 202
264 3
207 311
60 124
61 160
96 260
64 56
182 180
263 52
185 304
82 139
279 175
145 118
3 20
220 172
185 323
304 125
13 193
276 208
308 123
95 264
13 87
59 77
289 73
97 174
133 177
24 229
105 7
284 298
318 230
161 188
196 287
132 299
255 33
225 199
36 7
65 39
278 191
161 136
18 281
148 111
84 184
2 5
34 272
299 208
143 21
273 305
277 117
283 163
310 207
229 11
293 67
320 15
33 4
154 231
251 264
191 226
247 53
308 106
89 51
151 115
318 232
214 316
310 190
194 319
266 75
282 182
281 135
232 2
23 259
283 132
196 177
68 172
231 109
116 48
144 281
66 136
300 99
190 137
168 17
100 286
196 239
119 177
130 143
135 175
3 38
21 134
291 172
150 178
260 192
245 118
304 268
168 76
26 278
70 220
67 282
103 281
49 235
11 221
135 48
274 136
281 290
258 113
90 95
287 166
18 7
103 164
230 141
170 289
192 106
138 91
258 101
275 7
199 25
95 282
185 241
205 229
141 114
203 143
159 170
267 6
221 165
270 305
314 253
76 195
111 201
6 43
148 248
104 171
17 61
234 194
1 125
287 198
155 262
290 77
267 153
294 89
201 158
308 296
241 138
129 160
180 124
165 93
199 145
275 256
251 92
80 169
82 321
288 99
305 62
198 125
322 255
90 254
263 216
142 49
237 79
50 154
54 72
239 122
290 223
296 27
141 303
126 87
123 285
64 295
275 110
86 44
322 19
136 148
287 83
193 32
187 32
4 87
26 66
198 61
130 192
266 46
289 67
79 133
87 73
297 178
16 267
131 241
292 239
7 217
7 240
154 22
14 22
0 126
300 63
54 8
28 95
264 238
72 287
293 124
268 27
298 277
264 181
169 278
204 294
166 50
314 266
239 24
285 207
249 299
1 3
61 170
47 211
62 275
299 9
78 83
79 137
293 139
171 195
25 130
268 253
132 99
51 301
209 82
100 1
99 207
30 191
57 49
41 110
308 239
92 228
168 1
155 33
35 225
83 251
124 294
12 212
243 101
14 310
38 215
219 134
13 246
68 140
48 106
4 304
269 68
104 5
83 127
174 299
309 91
52 312
299 240
229 290
79 262
276 83
214 240
180 11
69 28
187 80
44 205
291 94
38 65
300 261
71 227
217 128
201 223
219 298
118 313
228 310
1 291
317 39
200 307
138 126
234 197
268 241
230 74
167 292
68 11
320 237
91 167
301 127
145 272
255 3
1 219
306 24
180 149
317 98
152 321
179 238
199 20
7 177
65 109
122 46
155 304
16 235
189 86
182 79
315 240
211 201
157 105
153 281
54 173
213 44
30 71
15 278
55 22
73 314
46 23
37 234
173 100
96 125
22 260
26 252
201 241
199 77
249 226
213 28
112 53
309 302
223 282
86 201
135 197
32 175
298 142
204 10
197 139
200 221
125 285
236 298
187 145
206 36
102 178
65 319
72 116
255 308
241 165
163 282
320 47
119 212
153 205
76 294
131 247
156 161
290 6
25 89
112 4
117 27
108 168
20 129
105 64
12 127
313 166
80 131
270 162
89 209
93 168
264 228
48 117
296 110
146 282
240 97
142 262
301 179
102 304
57 315
49 76
224 143
136 204
66 126
293 78
235 17
71 31
297 144
272 175
76 88
43 244
321 128
84 235
322 160
199 92
139 181
293 248
237 143
314 34
283 256
295 75
269 232
155 67
262 322
318 217
177 89
219 194
49 249
132 91
321 262
288 267
8 1
210 159
63 215
254 38
30 42
119 67
176 41
241 71
74 294
149 74
186 259
125 140
53 53
80 203
219 257
4 188
233 150
285 279
74 78
4 96
129 52
38 14
53 115
171 145
243 273
98 204
301 222
301 259
310 23
45 42
120 274
143 162
151 93
158 244
222 252
77 282
169 24
160 23
114 93
244 259
8 126
234 89
11 61
110 229
2 251
238 297
30 122
97 220
234 91
304 106
227 176
219 250
178 199
73 284
10 38
205 220
216 274
157 301
208 220
167 262
17 83
194 306
117 83
121 55
175 104
10 46
302 111
208 281
215 132
97 210
192 53
181 147
267 244
125 204
111 306
275 301
84 101
173 183
41 67
78 16
249 205
310 70
281 219
155 135
4 294
196 44
311 156
268 121
71 222
241 91
196 283
33 76
293 19
191 256
191 186
190 151
23 38
308 290
83 80
22 203
54 95
75 106
77 314
240 159
127 252
244 2
200 214
139 20
153 26
303 187
204 273
7 0
217 314
163 227
292 254
53 223
55 43
309 310
80 87
19 299
232 7
13 184
154 20
38 108
143 172
107 319
158 148
104 151
135 315
312 246
59 84
259 38
295 200
78 287
219 50
160 34
202 112
292 309
28 5
318 165
141 270
248 85
10 110
115 70
313 35
315 170
160 280
18 273
259 29
319 259
105 305
28 218
171 25
286 123
289 135
227 321
180 311
254 158
231 57
257 97
97 289
97 192
183 143
53 64
194 198
116 144
160 3
129 24
109 187
176 149
97 22
155 114
87 123
228 198
300 38
172 57
160 115
236 189
305 118
291 272
195 301
77 6
275 189
129 81
216 112
28 230
74 274
132 124
133 219
170 197
169 214
139 2
277 137
235 278
174 235
251 29
265 195
160 274
23 180
22 138
130 16
192 96
196 23
233 272
93 202
235 238
42 94
162 119
118 185
71 176
188 30
17 163
291 58
235 244
295 293
35 67
216 276
118 207
169 166
169 11
13 1
40 200
112 295
83 156
84 68
15 147
274 308
246 184
215 205
266 260
172 178
86 195
140 42
122 308
277 196
40 144
117 17
306 300
6 112
294 189
217 93
158 144
33 61
239 320
157 49
30 76
249 125
124 118
296 171
85 6
196 281
79 91
83 281
163 155
9 62
233 179
242 119
16 65
74 18
258 140
249 16
79 30
321 95
123 183
54 192
54 30
187 205
42 167
33 32
260 162
42 245
150 146
231 118
271 110
209 3
319 61
260 283
31 86
287 178
163 277
178 25
304 240
255 122
89 149
233 289
112 154
29 162
243 90
26 222
142 222
172 94
270 281
315 320
265 97
16 47
294 187
171 143
64 5
205 73
20 26
178 192
89 174
172 290
62 196
152 277
196 150
203 185
31 89
57 276
148 195
286 183
84 117
282 266
53 262
245 160
26 24
56 320
221 63
272 40
151 17
281 19
61 248
93 243
67 264
251 4
246 180
299 101
94 155
198 307
258 318
255 300
6 254
157 103
88 23
192 36
127 77
140 149
104 114
267 220
88 62
66 303
232 183
38 260
74 177
96 110
23 189
138 162
254 109
230 269
250 138
231 100
199 299
132 22
180 174
45 313
49 10
172 316
253 296
273 286
276 164
232 320
62 198
240 76
300 194
210 210
115 267
16 151
282 260
7 274
154 91
127 44
246 140
254 195
74 89
314 306
150 8
99 79
119 127
171 244
77 228
71 197
167 135
32 54
50 217
47 137
56 258
2 65
136 137
259 126
180 63
25 142
103 202
222 246
107 279
207 97
307 272
15 25
236 57
35 110
153 144
209 185
25 280
187 68
283 141
314 108
114 294
197 63
135 290
155 128
37 255
161 133
205 225
72 214
247 79
86 42
255 54
231 123
35 75
92 226
180 221
291 258
50 18
109 89
26 135
195 165
210 101
102 252
318 167
47 31
210 250
102 230
265 19
309 174
83 319
106 121
40 243
235 183
68 108
144 52
196 221
301 174
188 120
280 210
104 293
301 282
276 210
293 243
241 234
119 259
159 66
164 229
231 131
13 166
14 160
245 129
228 241
109 147
17 225
163 100
237 242
90 168
241 39
298 291
19 159
297 283
169 111
156 241
304 149
88 276
36 254
58 79
101 216
305 174
196 253
47 115
53 243
224 239
216 71
91 91
289 280
291 110
296 256
195 16
35 239
176 102
131 11
159 294
220 13
183 138
220 116
25 168
97 212
246 67
36 11
272 272
47 68
152 174
19 150
74 43
180 298
291 113
46 134
303 281
243 18
252 147
318 191
190 312
255 296
274 312
56 212
301 100
253 260
156 141
200 317
34 278
299 169
147 94
228 225
294 197
314 215
87 152
72 22
179 227
262 189
17 153
14 216
12 131
217 211
57 42
310 176
176 121
19 127
306 243
284 219
199 295
145 85
4 273
282 37
129 117
90 266
186 67
207 146
125 269
311 68
317 195
257 122
244 241
39 232
78 114
300 227
150 139
88 33
99 5
60 321
61 179
195 232
108 232
282 103
28 211
271 244
139 116
224 313
323 144
298 5
109 183
184 246
244 269
59 50
188 181
234 4
92 5
159 14
38 227
23 196
20 197
72 20
3 24
261 220
110 103
71 184
248 219
110 298
87 289
311 141
244 95
230 43
309 53
150 26
189 89
81 54
261 25
208 116
20 123
18 100
183 313
158 229
227 128
272 80
156 300
33 66
68 213
245 308
251 184
37 250
233 235
114 161
149 229
250 2
106 200
239 7
73 263
208 19
218 87
12 260
322 227
46 61
126 142
257 149
218 188
270 144
298 165
226 78
66 64
119 217
54 82
289 201
133 7
249 193
320 140
284 313
101 295
235 284
198 297
61 29
53 103
143 291
312 39
183 208
222 230
93 312
275 161
318 34
110 145
120 69
304 251
22 148
114 303
302 161
69 293
193 293
3 314
63 288
157 249
211 107
64 15
206 8
35 93
222 197
135 142
274 71
34 301
34 220
161 318
38 173
214 15
30 233
127 229
138 237
283 241
24 273
42 33
237 49
260 179
113 166
42 132
280 129
244 311
203 190
205 29
145 142
254 249
295 85
169 273
17 145
68 83
231 235
215 247
128 121
266 102
103 25
86 54
257 211
254 154
36 193
201 63
281 43
261 297
21 217
269 18
226 59
191 44
170 257
159 81
237 217
75 192
274 171
141 1
141 167
103 138
208 257
314 80
156 269
32 28
252 293
152 231
30 35
36 215
172 181
183 76
21 80
76 253
289 171
138 122
128 239
14 223
268 310
98 77
230 62
68 88
217 2
259 12
31 110
167 33
261 133
236 0
32 64
114 130
151 296
171 228
192 258
139 40
103 18
210 71
15 98
132 178
26 132
236 255
74 204
41 224
313 307
117 243
293 142
125 4
42 207
308 199
318 206
38 316
21 112
119 11
199 96
262 124
211 90
221 104
47 142
270 37
95 155
28 181
224 134
209 111
134 120
273 42
28 135
211 298
201 33
58 76
75 197
207 212
202 90
162 301
205 255
321 179
232 70
126 271
222 116
63 244
247 94
23 75
211 176
256 314
60 258
121 170
82 62
114 257
107 188
152 168
154 57
125 117
139 64
17 44
276 277
189 273
285 72
77 198
233 52
279 117
40 126
204 83
150 135
198 65
210 156
245 232
226 307
112 19
92 80
104 185
190 237
288 181
149 133
243 203
232 154
63 166
112 195
228 91
176 15
307 302
36 281
313 101
89 233
177 115
240 134
205 212
222 56
207 57
219 95
192 142
125 240
73 159
246 21
131 110
146 249
52 138
243 279
24 277
200 139
128 301
316 206
166 107
0 110
175 255
253 62
15 141
315 27
206 217
30 207
303 168
183 156
35 199
51 234
5 63
192 81
18 196
218 148
293 150
21 33
98 33
309 161
236 77
157 147
282 41
294 47
65 240
77 244
308 168
61 33
45 295
154 150
234 169
307 93
147 166
307 263
151 254
215 221
223 225
112 40
101 250
67 260
57 179
299 296
66 129
175 161
302 20
221 86
131 97
276 314
276 226
21 92
60 101
187 50
302 25
29 263
12 106
266 62
59 210
45 19
72 36
213 311
67 78
223 154
62 43
135 268
18 104
220 10
284 107
103 118
188 122
238 206
249 295
158 41
46 192
285 258
208 289
7 55
188 317
172 230
225 87
11 275
308 99
145 204
142 301
228 97
8 236
94 36
54 208
194 131
205 142
287 235
145 60
136 6
322 117
2 309
172 240
155 75
126 147
136 113
52 282
162 47
59 246
274 21
314 119
181 280
29 44
199 153
317 139
70 256
198 112
239 309
309 205
43 232
290 39
198 268
151 31
137 272
110 75
158 23
49 226
12 292
159 265
62 251
256 190
191 177
305 293
218 282
74 25
194 126
243 81
217 156
275 65
178 62
57 101
32 211
195 105
186 3
260 245
126 15
67 253
238 204
59 7
253 312
121 18
196 10
201 133
149 12
276 74
132 42
75 47
240 303
257 177
8 95
42 179
7 67
177 261
234 211
140 199
244 99
272 139
3 262
73 166
66 167
228 150
207 302
51 156
1 36
188 159
272 46
287 192
92 16
109 206
276 248
89 245
112 269
219 168
125 144
250 100
174 303
78 304
139 235
300 52
27 228
2 61
69 8
144 137
26 265
199 101
299 266
247 145
191 247
281 304
160 195
62 9
76 172
282 87
248 278
188 229
48 154
315 134
288 97
127 189
137 242
106 176
26 198
217 134
118 288
247 22
12 219
81 23
320 96
29 214
254 176
165 189
2 74
13 210
10 90
1 183
229 78
178 98
28 45
113 320
192 233
282 50
47 176
28 170
23 223
291 81
292 158
183 94
228 135
314 142
148 262
186 28
191 251
68 206
19 322
265 136
68 186
78 126
87 84
194 24
228 313
152 245
100 143
41 40
153 48
118 163
247 72
202 132
131 279
84 129
242 100
45 10
113 150
180 65
167 61
177 83
212 316
321 254
217 248
100 300
3 174
11 244
323 70
147 298
117 237
222 142
239 180
13 99
9 271
89 6
126 59
36 135
99 70
132 60
284 5
123 76
203 16
190 37
294 138
168 180
236 261
290 249
248 138
79 319
143 278
19 88
110 272
203 48
187 304
11 310
104 13
134 273
243 84
184 103
264 75
130 14
123 208
42 218
4 115
316 112
243 127
247 10
95 63
44 116
118 205
321 5
250 286
256 74
179 37
308 245
142 149
126 294
291 312
204 227
45 252
211 246
87 277
95 220
185 190
278 113
315 255
147 313
17 206
73 53
265 177
279 29
255 160
260 2
127 52
260 223
85 256
240 136
99 121
264 189
172 188
180 172
312 218
297 260
189 281
53 169
48 121
4 28
232 59
189 10
249 13
83 37
141 321
44 111
315 157
8 99
10 205
222 149
292 92
174 320
225 70
204 20
6 235
51 283
130 162
201 20
227 271
136 252
11 5
244 249
171 53
25 75
98 319
116 226
39 306
68 66
206 90
14 272
291 207
304 191
129 10
101 29
117 111
187 129
308 2
244 60
113 88
304 86
294 69
108 153
197 159
184 292
159 320
129 308
236 212
312 295
85 29
14 226
252 321
47 73
4 138
67 205
12 234
244 70
35 222
120 51
236 110
14 200
200 39
147 215
116 158
92 48
126 202
286 142
316 219
14 115
192 268
46 196
229 3
157 192
322 152
51 214
134 156
310 118
176 75
82 221
286 272
37 50
187 112
196 76
190 243
312 323
58 108
290 304
237 164
121 199
127 101
139 140
11 191
260 128
283 212
233 45
205 68
316 216
78 255
237 82
181 132
222 224
8 104
222 2
284 83
131 226
113 173
20 55
87 228
204 196
39 86
190 291
226 121
255 272
157 271
310 145
188 106
294 261
137 37
55 322
138 203
189 2
321 150
21 272
37 85
104 9
95 149
230 130
166 197
164 174
134 164
293 266
124 34
82 223
96 225
181 273
281 147
320 246
304 1
188 103
219 187
84 242
7 2
197 134
215 292
222 78
168 41
185 251
232 35
4 249
288 320
152 126
51 246
174 158
75 85
18 143
141 243
127 54
265 224
172 68
252 227
296 182
104 129
6 53
316 309
182 154
0 112
314 231
12 55
189 75
15 251
36 160
304 123
116 165
239 89
70 202
257 287
227 89
274 123
314 317
223 49
133 70
259 33
183 184
267 28
107 41
301 66
169 271
210 13
146 216
44 207
227 273
104 145
141 305
13 162
81 233
313 56
305 249
183 295
108 27
263 257
102 257
295 305
181 162
159 123
247 1
162 204
116 24
213 19
153 60
21 242
297 157
22 311
12 116
261 42
251 67
6 5
35 259
185 85
147 243
296 54
187 90
200 255
231 172
78 110
195 118
107 22
71 309
112 139
12 30
302 311
77 146
252 50
166 249
134 43
7 39
197 309
92 216
188 265
237 219
39 274
315 217
185 56
80 308
61 35
91 236
126 195
192 311
227 72
188 147
46 180
247 317
132 191
156 94
245 147
100 81
53 99
17 313
183 147
166 225
207 46
80 109
292 125
9 29
45 142
251 229
85 283
295 102
208 253
322 9
131 304
171 201
227 311
143 235
298 42
310 149
307 49
306 163
114 35
218 70
185 319
39 308
265 183
116 64
140 217
48 290
31 224
186 191
198 191
295 177
185 223
161 181
61 195
196 121
42 58
195 79
315 18
114 219
190 184
84 135
54 91
190 65
108 229
250 159
311 82
106 168
115 136
284 315
101 307
54 145
251 33
106 261
197 241
321 182
95 75
45 264
293 146
295 134
259 0
40 310
87 119
88 88
225 205
289 32
270 168
267 289
253 209
304 144
274 239
318 107
215 322
259 95
292 297
135 33
308 181
195 224
40 48
118 42
216 296
285 49
122 2
256 6
220 198
229 220
193 94
117 150
191 55
169 46
21 253
152 290
192 298
130 208
121 66
214 115
194 96
164 43
1 71
81 311
250 112
191 223
317 289
215 80
178 318
29 271
308 158
296 18
218 233
307 10
116 22
229 206
199 183
63 151
300 198
128 299
319 1
116 297
242 141
162 307
236 168
268 287
111 164
181 5
2 277
227 103
26 34
171 253
36 124
34 14
317 128
88 180
225 53
245 88
95 213
272 31
143 111
214 57
110 46
103 237
302 5
221 294
201 101
146 219
278 249
178 320
99 217
113 313
130 0
220 28
163 180
52 12
154 256
117 181
3 247
283 147
80 279
16 200
271 293
202 244
283 77
167 79
93 252
32 304
65 32
166 66
167 234
323 173
310 152
176 67
269 196
81 258
288 304
116 97
176 125
20 192
35 81
262 185
304 153
93 247
198 87
52 40
118 167
228 66
157 312
238 134
201 74
298 204
13 70
280 93
111 182
60 242
32 164
159 283
173 308
60 305
220 214
211 206
64 80
308 83
125 290
164 128
200 285
243 107
174 156
20 155
2 142
124 300
37 300
236 225
85 149
303 211
33 24
225 321
257 266
50 196
283 95
170 174
133 315
140 106
198 94
223 273
10 56
245 197
25 100
248 171
70 208
311 1
76 127
30 5
171 152
19 36
233 72
154 260
160 238
56 183
16 238
275 293
297 72
262 24
54 121
210 39
316 259
203 208
35 55
24 18
148 102
281 24
47 300
22 163
140 160
136 150
161 235
75 54
165 28
262 114
28 149
236 133
61 216
19 285
213 195
259 84
186 198
295 211
154 35
229 140
56 199
11 139
235 271
277 206
61 267
101 168
101 94
131 243
90 187
305 27
28 18
57 158
173 171
98 136
75 308
106 289
29 242
246 301
16 42
120 224
183 24
52 258
13 263
132 200
176 313
146 210
245 178
118 316
271 225
218 285
280 150
25 50
210 133
282 126
318 299
12 35
71 162
221 299
288 142
77 136
155 48
185 293
129 287
188 87
194 314
12 21
85 273
53 182
85 20
129 27
121 234
321 79
95 294
191 1
302 78
122 149
95 133
15 190
299 152
154 249
154 8
63 237
83 83
311 100
51 81
75 118
177 109
173 210
226 12
18 261
241 284
122 252
217 202
221 218
276 39
303 283
139 78
203 146
79 122
220 309
54 66
76 50
241 123
74 299
231 259
120 164
260 56
292 116
99 180
264 114
0 204
152 242
305 234
251 143
225 243
73 8
315 244
174 189
30 320
287 200
255 9
170 293
191 322
123 246
211 86
73 278
106 83
233 104
201 104
247 251
232 23
20 77
288 314
319 311
234 266
293 51
307 210
163 66
79 159
187 322
278 0
19 145
98 299
9 285
300 270
23 20
279 59
247 8
215 270
120 76
81 7
184 127
76 38
153 122
23 12
216 174
27 246
102 145
121 29
92 88
30 14
54 133
262 249
310 60
283 52
51 119
217 138
109 313
169 22
302 248
95 103
196 267
209 322
50 60
151 101
164 117
197 210
149 177
86 203
296 39
122 263
138 196
41 38
140 6
103 243
249 89
224 108
185 92
248 32
279 187
185 139
54 74
220 34
217 69
126 279
80 252
66 291
112 124
52 205
170 116
134 261
36 292
234 222
317 3
221 190
313 293
320 184
62 293
32 317
306 146
183 69
47 124
83 65
6 227
104 224
100 130
74 245
30 33
156 189
183 230
52 280
48 144
211 88
113 180
101 79
51 68
92 240
135 16
30 2
209 278
224 216
228 284
178 10
249 189
230 212
14 179
176 123
167 129
85 292
56 106
44 97
128 250
180 136
170 160
92 110
52 38
107 224
68 103
160 286
5 151
32 78
192 98
2 136
293 2
9 157
132 321
117 281
191 262
317 268
229 239
97 49
270 278
239 112
282 262
152 138
114 29
163 313
115 276
171 97
20 230
291 145
249 134
316 73
222 308
217 191
79 234
290 121
323 296
50 191
105 157
3 182
73 228
22 14
121 26
323 146
74 75
104 308
83 90
202 109
198 18
220 245
2 180
41 5
318 282
246 267
55 275
242 156
300 320
309 101
152 65
151 151
79 115
171 74
110 16
221 292
78 251
124 236
112 242
22 23
260 234
320 59
278 92
279 244
257 95
25 288
277 273
192 152
271 98
127 69
192 194
212 58
17 179
85 246
292 204
232 191
196 170
57 65
221 90
12 102
118 255
144 82
166 88
77 276
70 241
228 297
252 189
66 144
154 4
154 174
150 170
53 143
7 16
230 113
310 85
256 292
168 81
95 124
230 55
211 129
89 32
85 12
5 15
46 128
15 188
74 255
100 20
55 216
161 57
81 272
16 323
144 28
270 61
82 11
258 128
10 135
276 3
181 129
48 313
93 23
278 180
308 276
191 6
258 315
174 297
306 74
149 202
94 96
142 96
235 306
30 106
103 209
16 161
183 160
212 123
16 273
278 52
39 132
61 303
143 70
196 31
39 250
22 57
297 49
214 93
201 117
175 216
224 62
213 64
36 251
316 11
250 200
29 229
128 169
21 303
139 248
37 152
261 211
17 17
67 118
0 192
52 173
313 82
316 302
230 159
228 0
232 168
174 26
59 97
20 307
148 265
87 77
3 172
26 27
19 32
105 202
14 232
174 201
284 29
275 49
180 145
300 89
305 213
36 204
157 30
136 192
177 178
226 301
280 297
84 223
97 237
264 306
125 129
68 198
306 19
80 27
136 135
163 213
174 14
209 25
137 74
167 15
6 146
219 292
282 67
133 55
320 126
179 186
278 178
24 159
139 276
259 119
60 186
0 160
213 98
244 266
172 2
81 122
313 122
172 80
208 92
134 127
115 33
67 47
254 233
253 84
69 227
293 13
315 114
280 122
305 134
21 275
134 141
184 173
156 197
202 150
150 318
195 37
106 141
113 10
113 276
315 46
153 132
106 95
143 54
320 169
244 131
217 27
218 5
25 271
204 205
257 45
314 201
163 211
71 13
286 64
225 153
6 319
11 195
49 321
288 183
281 283
251 12
223 200
100 202
288 85
197 245
203 44
217 91
226 256
20 66
283 318
259 22
220 223
263 304
230 17
176 268
262 229
300 20
58 227
70 14
182 61
222 306
316 296
203 242
268 31
89 29
217 124
197 114
236 26
227 24
22 66
287 118
282 288
88 249
134 264
157 58
33 260
230 317
274 67
58 251
10 170
61 73
289 3
184 121
88 60
7 150
77 105
304 129
182 199
79 282
89 75
105 159
224 191
50 317
164 85
160 52
37 60
175 175
136 237
266 109
285 82
245 229
131 90
285 68
213 49
217 63
199 55
95 81
145 18
305 274
181 283
159 206
151 224
5 11
108 211
312 286
75 209
215 145
140 257
169 285
285 3
208 305
198 236
141 186
148 122
16 100
132 27
122 59
41 74
207 291
107 249
46 157
322 155
270 137
58 91
305 42
62 140
197 34
57 129
146 28
122 284
144 188
47 64
139 255
7 115
317 198
109 137
204 213
83 206
135 79
218 290
288 310
146 39
145 125
188 43
118 229
200 122
222 48
221 16
317 66
39 241
140 162
177 281
172 236
281 310
201 28
63 26
228 87
215 119
88 207
238 48
73 184
155 156
158 247
73 1
254 15
93 64
43 121
291 131
97 100
254 212
30 188
53 322
126 169
304 321
161 209
105 295
311 62
151 172
303 37
243 246
228 114
231 24
143 107
162 140
189 294
134 71
283 204
80 49
96 255
198 105
129 19
33 99
145 284
278 33
313 188
99 156
195 273
27 143
303 218
178 194
43 44
280 37
70 94
90 291
247 285
205 304
72 43
198 302
39 103
124 188
168 264
14 79
212 15
296 249
260 301
14 110
66 225
281 230
237 303
227 263
50 257
55 237
189 171
312 69
242 249
43 176
24 171
30 81
207 120
30 27
92 117
131 88
19 141
227 124
79 189
278 216
156 109
230 144
78 301
71 259
265 294
266 305
216 179
87 214
225 203
139 154
76 142
184 214
194 170
239 257
87 177
185 233
8 91
239 203
110 217
135 186
180 265
41 71
241 161
31 289
9 196
56 3
21 108
201 163
103 254
106 246
229 161
0 142
212 115
20 293
176 241
211 63
16 123
247 238
255 168
269 215
317 50
164 1
13 297
254 245
296 185
254 57
15 294
6 212
258 185
283 156
283 250
37 220
266 271
23 218
248 293
230 95
314 301
125 77
236 313
221 40
107 317
203 95
275 34
149 0
246 303
41 54
81 263
292 155
244 149
274 168
115 18
161 88
27 78
266 211
47 234
15 287
175 260
234 295
281 249
44 236
200 291
211 53
103 187
39 79
46 289
181 85
247 44
112 209
296 58
140 56
107 78
213 46
80 200
168 117
99 40
128 88
18 171
290 209
149 97
268 157
13 203
128 265
284 110
92 56
268 259
313 12
39 181
130 28
121 303
277 168
23 165
106 272
135 310
323 92
165 271
2 57
93 305
318 4
104 83
34 241
267 69
0 238
20 219
319 269
287 245
26 184
138 278
295 107
74 190
286 23
86 293
48 55
172 224
92 316
73 111
160 224
2 259
33 7
240 215
37 154
122 257
204 91
287 212
60 111
198 147
274 62
230 151
82 111
32 255
129 181
268 84
116 322
315 299
85 38
193 6
85 10
172 168
289 55
309 221
225 218
283 243
235 246
7 75
209 286
45 65
151 52
294 117
234 161
249 169
75 159
62 225
152 111
213 306
89 22
223 35
0 293
77 318
90 36
211 173
314 30
96 65
282 0
186 301
241 34
107 170
25 231
48 162
143 229
182 128
268 270
71 63
249 254
194 137
302 307
170 120
165 121
162 293
231 202
147 24
88 41
282 30
122 228
284 307
145 5
300 181
62 13
323 299
125 70
68 284
212 184
196 28
135 36
0 85
322 171
213 302
57 72
270 69
298 317
176 79
90 126
36 212
194 140
323 240
277 62
320 203
236 102
56 13
295 280
18 218
197 162
95 269
283 235
183 164
301 184
111 235
253 21
89 261
56 9
24 227
141 153
86 129
96 176
248 63
322 307
71 181
105 105
89 304
293 280
121 184
25 126
144 7
290 218
230 248
322 104
131 176
50 228
60 39
111 81
253 236
150 76
88 0
13 199
30 282
271 246
134 129
201 304
8 301
302 250
272 84
263 158
48 134
281 295
238 110
300 149
272 146
229 286
305 105
30 293
167 272
198 258
85 197
288 206
309 21
124 208
191 213
105 135
275 187
7 152
46 107
281 275
132 77
292 226
11 267
4 261
218 278
280 203
43 200
320 223
49 222
263 31
323 43
49 95
251 179
204 176
185 280
179 142
315 151
242 16
71 278
222 278
280 280
112 37
267 159
136 97
238 314
302 230
147 238
228 281
17 183
114 309
112 190
64 300
121 47
137 14
138 41
298 185
155 26
102 267
321 266
86 97
259 199
4 206
8 8
208 78
183 238
253 132
120 264
226 74
279 123
34 236
37 137
139 101
256 318
213 234
269 265
14 13
67 154
146 303
309 153
135 157
101 277
209 259
281 226
300 93
129 274
210 244
224 12
192 218
4 89
56 289
33 19
40 222
4 77
131 274
45 103
175 275
186 164
224 180
254 199
240 150
208 106
39 111
47 265
9 162
283 231
235 71
239 282
321 257
212 73
233 63
72 232
90 122
71 218
101 228
151 199
241 202
95 265
123 98
165 269
243 227
308 279
226 267
285 7
112 67
150 155
138 212
229 170
39 166
249 66
258 313
270 135
260 46
9 318
261 305
181 217
50 201
135 173
187 201
257 63
99 67
78 266
271 172
323 285
291 174
104 2
71 143
127 149
201 173
246 64
83 76
41 289
209 6
39 317
205 80
28 39
226 28
95 44
197 0
196 202
298 252
272 297
290 0
192 116
92 137
306 290
160 77
45 0
183 49
185 133
236 208
42 198
115 60
279 157
83 210
235 273
262 73
57 63
12 306
98 159
168 29
48 267
76 144
314 66
120 146
184 266
197 219
9 21
23 97
33 262
169 170
67 217
88 64
223 289
53 147
232 37
264 185
135 321
291 228
174 316
198 203
53 57
190 176
39 272
1 222
294 291
74 103
191 28
25 72
188 197
289 274
56 92
18 123
43 146
3 230
129 253
287 240
190 298
0 156
175 35
206 136
205 165
103 7
273 167
249 217
212 119
190 260
7 21
261 251
250 317
30 310
205 178
120 320
172 209
246 290
236 250
66 210
240 65
171 307
79 18
78 194
155 319
90 88
234 225
99 273
18 198
311 20
180 25
321 71
150 238
125 93
176 271
170 5
125 177
304 306
261 14
65 185
252 283
128 50
312 148
63 76
158 150
88 128
153 288
214 165
21 169
215 303
54 112
278 81
275 47
272 91
156 225
138 199
106 71
201 259
310 77
141 319
174 45
309 14
107 133
58 38
21 1
121 242
98 24
316 89
165 317
278 40
123 131
15 169
177 19
169 144
91 270
206 107
193 63
199 8
272 299
162 35
177 8
163 198
94 316
164 139
145 47
280 191
204 263
2 197
130 272
32 276
2 9
248 3
217 272
28 97
35 322
32 296
153 78
306 55
128 218
30 124
107 284
31 196
43 173
35 158
323 31
191 147
269 10
161 103
95 29
185 72
322 214
163 247
314 42
74 35
156 219
159 0
5 194
28 128
111 187
92 163
121 237
300 303
240 271
153 84
227 231
247 31
243 38
256 39
160 221
195 35
83 239
63 117
285 300
168 124
172 265
322 52
314 315
215 7
4 214
148 11
0 313
117 118
140 112
184 192
41 280
292 98
106 37
242 170
221 210
9 309
226 16
195 49
135 308
114 270
227 154
244 52
26 114
12 290
179 157
23 269
64 222
198 5
70 252
242 45
152 68
321 0
58 48
252 256
44 212
49 90
71 157
162 241
158 177
146 66
104 322
276 269
290 296
181 73
114 253
171 167
123 159
134 26
264 214
245 107
75 27
317 272
96 131
292 284
91 131
293 74
88 49
140 250
43 125
195 236
159 322
242 320
209 239
59 106
18 111
115 1
81 107
177 6
47 186
195 101
55 307
236 106
129 310
72 172
24 140
242 281
59 55
4 235
146 34
289 13
99 26
162 322
303 285
211 227
192 159
251 46
53 264
32 47
99 104
284 291
72 94
107 69
182 39
44 227
69 134
28 137
144 211
36 312
63 119
200 66
68 95
307 228
145 229
167 258
275 11
282 201
47 101
42 321
310 104
302 245
323 209
277 260
180 285
108 302
117 241
158 315
308 27
122 192
292 167
118 100
20 185
218 166
146 280
294 31
104 29
46 123
225 188
109 239
305 142
201 160
30 273
117 272
140 127
132 215
152 189
312 269
173 275
175 107
237 182
323 121
191 16
100 88
56 265
239 124
150 107
290 69
227 290
270 106
36 174
213 286
246 122
152 39
262 202
269 149
34 30
282 314
296 116
72 87
308 136
142 206
255 24
296 240
278 105
254 86
143 109
15 316
220 36
123 50
50 27
181 261
216 75
140 225
253 188
89 97
80 232
171 29
193 117
196 148
136 70
128 162
279 17
123 8
31 144
85 218
276 284
234 11
249 186
24 221
242 72
107 194
249 153
119 94
85 254
100 90
284 210
27 131
88 126
87 165
207 261
174 197
36 1
318 146
46 25
124 105
283 176
143 37
165 311
95 258
100 290
265 279
204 122
124 275
151 29
92 262
82 135
32 233
56 173
61 323
278 98
304 300
323 96
292 23
241 155
112 298
307 259
25 124
71 292
259 205
138 208
90 179
95 11
258 15
312 284
61 130
90 320
180 314
42 139
160 129
199 6
267 294
59 24
123 29
223 181
114 3
41 285
235 147
167 309
174 256
61 236
293 236
259 61
301 76
173 283
211 154
20 49
170 237
4 289
63 264
211 273
284 152
179 279
6 270
12 45
303 222
95 116
74 14
207 263
112 93
169 138
175 42
74 218
96 20
112 35
120 153
117 305
183 42
136 90
6 199
169 317
44 137
162 291
206 241
253 89
213 228
144 311
26 292
219 19
250 122
23 210
240 221
81 165
239 259
278 316
203 268
235 157
92 25
179 178
123 296
176 232
257 19
161 16
201 299
15 92
61 292
182 150
265 95
63 280
134 230
13 152
194 74
41 20
256 108
246 47
322 186
198 271
234 8
0 198
71 151
22 52
225 245
129 316
75 135
40 119
322 77
156 131
111 259
141 89
276 1
256 232
186 283
129 127
257 206
220 44
109 63
86 69
146 153
43 225
125 305
22 159
284 189
165 206
86 111
266 228
6 279
185 114
31 248
223 104
302 117
253 41
295 285
176 198
40 27
48 188
167 300
284 97
29 3
209 194
134 53
262 287
300 301
190 300
115 223
264 288
186 15
164 143
17 271
122 221
213 216
302 39
211 287
82 288
193 61
291 242
280 185
319 40
78 212
17 289
207 233
27 167
230 225
106 297
27 301
28 124
97 156
83 179
138 60
161 61
295 287
316 159
316 92
87 144
123 219
223 264
148 61
207 198
225 230
98 259
249 149
83 57
97 230
23 154
190 114
205 96
185 8
65 37
22 206
135 275
20 295
237 1
293 174
76 61
216 51
47 303
10 201
105 215
41 122
284 13
143 61
298 22
211 264
92 122
72 27
17 121
261 49
107 181
23 26
180 198
246 234
162 146
26 109
62 284
216 282
53 239
273 89
195 180
122 174
224 297
261 263
255 127
116 197
140 213
23 146
235 123
27 312
29 60
303 202
74 202
14 305
109 21
249 309
67 28
180 190
85 186
94 218
239 318
12 83
181 155
116 13
245 75
156 52
186 268
222 37
186 217
266 41
121 142
171 35
17 72
46 35
103 269
262 91
88 12
121 159
244 165
320 33
68 298
54 46
45 48
156 278
285 169
247 212
194 217
23 267
120 116
72 132
272 192
256 140
148 180
26 84
146 258
180 1
95 234
200 115
235 288
163 157
7 118
110 129
47 206
93 290
290 34
280 270
21 208
207 180
263 143
156 166
271 181
29 178
260 303
41 128
82 229
321 158
240 53
205 254
58 132
39 203
271 7
84 121
295 207
224 20
145 199
56 281
94 162
173 59
68 123
2 227
49 210
260 139
290 193
30 56
193 257
204 200
61 85
29 305
8 111
227 82
293 252
132 108
2 16
293 159
263 115
84 189
313 195
306 182
235 64
91 199
233 106
306 312
112 120
203 25
40 25
85 304
316 252
275 291
231 135
243 265
120 73
278 149
143 239
163 33
228 95
263 276
2 86
305 188
1 186
229 250
88 282
98 202
289 87
206 102
297 192
272 55
238 265
105 62
118 247
131 189
91 286
34 216
175 227
168 159
46 241
279 279
312 259
147 119
6 219
98 138
222 7
138 45
153 210
71 113
205 171
192 288
94 179
80 175
306 81
149 157
43 112
140 54
179 117
164 149
71 238
266 14
143 100
272 124
317 209
75 305
171 318
176 223
35 149
163 57
278 45
275 85
72 138
261 95
188 234
109 262
27 179
263 319
29 322
306 180
29 288
19 253
140 314
31 186
156 54
25 290
285 253
270 74
150 263
39 128
154 43
311 121
230 280
67 280
228 37
157 205
111 252
23 43
108 291
319 212
65 134
252 262
84 94
147 64
287 172
257 202
70 304
225 193
11 294
291 315
191 210
266 169
145 297
273 200
176 71
98 163
130 259
218 44
310 49
143 186
31 115
213 39
241 277
179 88
152 237
203 251
206 125
266 203
241 55
13 301
39 255
211 47
180 231
169 204
276 224
181 111
225 99
177 56
271 79
307 277
162 279
303 58
117 7
312 24
285 145
176 10
261 281
137 283
163 52
170 189
69 317
304 121
270 205
169 54
18 166
78 155
59 141
249 53
209 136
224 160
153 199
156 71
231 139
84 299
292 211
164 110
288 213
291 247
171 11
158 99
42 186
111 174
278 320
236 286
231 28
42 26
270 59
290 189
111 112
199 126
153 184
195 123
107 313
238 41
302 11
35 100
188 245
142 232
242 270
194 22
141 272
184 205
20 7
316 5
231 164
75 183
37 21
160 47
141 70
139 291
38 311
47 92
149 218
43 63
128 183
192 318
162 111
211 44
37 126
301 165
215 99
43 297
177 208
187 285
10 229
124 103
300 255
33 201
130 262
191 205
194 18
48 85
171 88
265 70
30 201
135 67
263 79
262 267
300 159
192 66
168 146
299 107
209 308
198 47
228 308
197 46
290 20
272 24
119 286
270 160
74 318
122 14
126 99
268 125
80 68
120 155
10 53
279 24
221 122
264 58
164 197
304 254
323 54
132 101
210 64
169 321
17 38
40 37
69 160
301 155
214 299
273 322
57 297
316 282
119 199
242 296
32 231
231 206
32 45
218 62
17 32
98 90
286 36
18 115
254 77
191 174
172 129
291 320
211 259
96 184
78 187
302 194
111 64
114 142
220 279
276 262
261 27
71 266
86 299
287 134
78 174
259 276
264 139
82 74
221 235
221 288
197 58
65 176
55 185
159 12
276 173
302 56
232 297
165 137
7 156
206 284
252 252
158 84
216 230
113 205
216 38
98 86
164 249
190 276
237 280
248 59
73 195
220 322
183 305
28 273
136 107
230 182
134 149
176 321
185 108
236 30
45 203
275 28
128 284
238 250
310 298
169 162
38 168
212 66
18 15
183 91
66 194
97 304
182 8
305 103
292 213
110 301
207 194
100 281
110 122
60 197
5 210
168 115
113 186
322 27
98 54
125 64
7 303
109 45
135 13
284 31
14 106
16 220
135 140
220 23
39 293
242 254
238 53
310 63
266 162
102 35
239 33
247 159
105 116
125 179
290 264
168 322
142 72
148 44
239 165
150 49
76 233
75 222
167 157
264 322
249 116
240 286
104 107
150 53
153 283
248 248
175 264
110 125
11 104
194 175
69 47
315 194
275 118
317 265
110 237
117 124
58 22
77 299
195 91
138 318
158 208
117 105
53 294
125 162
67 22
274 321
256 227
34 165
5 56
241 260
164 276
299 128
170 199
52 241
249 80
94 227
186 153
87 7
38 99
48 150
193 274
292 233
51 110
304 6
94 69
295 266
244 14
98 102
61 66
157 295
295 272
76 265
192 242
18 251
229 199
65 311
45 29
86 113
1 30
295 148
207 319
298 248
49 17
89 83
73 151
47 243
42 42
147 186
57 161
20 246
75 165
302 115
307 0
253 299
43 38
122 278
34 179
167 86
144 209
75 81
9 17
117 201
68 313
64 54
248 175
215 188
49 200
74 20
297 173
57 114
8 178
82 266
136 27
149 57
274 163
179 214
55 151
314 163
319 267
269 1
119 81
185 275
297 86
297 135
238 185
204 316
313 239
148 85
273 156
79 66
283 300
48 278
246 162
24 306
153 179
35 273
246 41
225 32
118 88
150 174
311 132
111 215
298 319
38 212
32 147
220 176
320 197
76 279
215 106
49 98
24 233
214 197
311 278
82 248
294 98
244 291
135 218
47 274
17 19
213 142
269 100
134 232
239 198
43 51
128 198
220 268
87 90
143 296
168 153
143 29
319 290
88 237
300 43
240 48
162 128
57 136
262 163
210 189
112 101
161 166
236 121
135 88
259 160
279 53
184 28
113 118
241 187
20 267
80 33
40 301
264 249
162 51
300 272
8 320
51 308
151 74
128 259
301 236
131 213
166 302
158 114
198 83
269 52
138 176
310 127
267 273
127 174
300 231
323 124
70 229
138 168
234 255
294 62
274 229
105 78
63 2
23 285
101 266
79 95
259 107
211 191
241 199
132 54
303 170
311 282
86 316
257 279
263 187
251 266
321 64
116 120
18 231
114 63
210 180
270 191
60 212
49 185
299 133
46 96
213 269
167 72
310 201
232 30
116 260
109 10
135 299
21 124
321 174
75 234
211 318
291 276
78 39
203 62
44 220
188 22
172 219
174 284
221 101
314 128
73 154
30 132
132 207
169 92
29 105
256 115
181 203
239 279
92 277
141 85
9 149
259 176
299 285
211 216
294 100
34 139
96 284
23 191
0 307
72 14
1 300
53 190
111 21
303 113
309 58
226 118
262 259
166 5
92 78
177 46
5 208
46 267
83 192
192 12
271 265
63 103
223 269
89 102
224 131
68 276
1 123
36 188
221 53
161 255
303 298
124 249
103 120
105 137
138 136
268 188
160 110
321 100
190 164
165 288
195 187
9 80
19 73
32 41
314 38
296 273
254 222
103 85
248 240
40 135
100 30
160 172
295 94
12 323
257 308
29 119
316 175
41 8
191 125
125 312
261 66
224 232
315 58
87 175
99 19
187 222
101 112
66 124
148 307
190 284
49 104
3 267
296 25
209 270
303 204
300 119
35 96
199 199
11 280
239 245
306 138
292 103
296 64
120 86
117 263
152 191
76 320
317 76
116 90
150 91
276 97
31 66
309 141
142 123
136 293
118 23
297 312
140 189
22 322
32 151
307 284
266 120
100 227
8 78
167 314
105 147
120 98
263 253
291 9
0 278
106 58
242 109
256 216
109 133
4 280
40 315
229 177
105 124
226 286
278 7
235 174
100 57
52 208
256 70
241 220
111 180
259 236
259 67
142 177
161 264
64 71
56 250
268 147
14 66
261 143
90 69
312 263
234 155
150 159
210 288
52 171
285 58
255 197
7 312
278 226
181 164
184 225
201 227
173 164
253 171
103 60
216 244
257 135
219 139
32 135
239 233
27 189
205 267
220 120
274 182
268 249
48 179
140 50
204 247
291 147
191 93
153 100
136 225
93 322
241 255
194 20
86 219
128 107
98 93
229 185
2 78
134 202
36 146
200 231
240 117
238 194
80 77
268 13
62 106
243 195
167 270
84 103
322 14
285 101
228 8
184 199
131 204
164 241
213 6
102 108
213 263
142 155
121 262
279 237
146 245
251 61
319 111
230 190
221 0
156 223
44 246
88 201
300 287
190 168
194 239
194 261
228 162
138 224
14 35
260 60
305 223
5 271
235 100
268 104
22 250
126 22
16 256
30 318
227 130
33 109
11 156
155 192
322 166
280 99
211 32
320 235
294 128
90 154
69 238
252 72
126 36
269 189
181 248
221 160
33 322
24 87
141 291
285 138
159 185
247 255
68 0
186 179
259 271
116 113
234 231
176 21
179 243
119 33
258 158
111 116
146 188
275 89
34 245
185 112
139 280
179 207
84 147
188 167
47 57
30 137
317 225
250 196
7 171
213 182
88 36
281 204
139 246
215 45
178 168
186 309
112 287
257 4
150 127
93 194
162 82
82 153
255 35
124 124
314 172
99 245
181 256
298 308
57 143
148 100
306 28
132 72
199 41
201 182
41 162
170 303
239 292
298 298
306 129
114 40
211 276
253 163
4 212
212 79
302 48
41 46
72 130
287 55
156 217
46 254
198 71
34 53
261 294
66 95
209 223
304 64
169 96
55 16
263 311
241 28
9 41
229 294
33 116
289 251
55 104
45 224
102 99
314 91
36 266
120 207
233 50
176 135
43 304
208 189
292 185
178 20
315 235
196 14
319 55
144 105
15 241
90 43
225 107
55 244
111 265
84 96
114 231
25 237
106 266
310 106
193 146
120 312
66 84
76 69
61 115
71 51
35 162
201 56
88 160
241 299
162 229
293 183
127 92
255 132
53 300
9 68
102 33
278 21
107 39
0 152
199 209
220 207
34 266
55 71
315 277
322 102
273 110
122 56
262 37
322 115
188 224
166 307
51 44
142 151
21 177
167 10
81 151
166 76
157 78
296 0
191 57
122 215
252 117
317 122
8 34
94 173
8 109
311 8
245 136
145 32
196 243
41 12
133 37
103 279
144 11
131 20
174 82
229 217
193 212
185 196
103 240
234 134
256 165
244 103
40 264
4 133
126 310
70 137
163 75
147 252
137 172
153 274
214 209
177 66
5 20
148 18
80 298
243 235
80 217
253 149
176 143
305 89
272 128
37 319
23 124
64 173
291 293
313 18
150 256
293 161
43 156
59 134
237 202
229 270
272 143
108 215
314 16
28 252
138 263
152 194
79 53
49 273
155 126
235 223
145 145
140 29
319 162
222 185
150 249
145 173
277 244
187 311
293 107
164 224
198 276
313 87
138 313
229 57
18 65
211 312
23 92
75 178
94 12
75 229
103 166
119 63
69 87
318 153
192 157
26 10
148 232
279 265
292 153
265 138
21 42
254 116
23 71
293 94
251 307
308 145
208 204
44 308
126 107
173 132
311 94
37 102
47 46
75 4
231 72
99 44
218 240
207 53
315 237
50 167
211 145
62 163
191 278
16 7
293 270
220 93
21 119
199 170
88 259
213 137
262 18
26 171
193 3
266 65
67 307
263 110
230 266
320 87
102 247
213 77
136 190
239 37
319 248
255 302
141 64
128 131
104 175
8 299
163 39
281 223
133 301
52 109
109 269
128 243
102 81
132 16
217 81
133 256
12 63
179 130
161 27
37 230
177 205
68 301
105 237
67 43
46 216
267 300
105 153
307 165
158 46
198 287
72 40
223 40
13 6
81 188
123 48
120 322
256 258
29 114
40 252
51 79
155 282
78 144
132 196
297 244
291 286
106 107
226 93
268 22
162 309
30 158
235 163
138 97
143 225
244 192
156 289
206 13
201 16
45 87
317 200
318 175
132 237
163 295
20 280
91 272
47 305
291 41
62 321
44 30
57 57
21 309
131 290
265 52
194 81
226 215
103 68
312 198
125 9
18 308
311 315
177 311
79 170
251 105
297 209
178 231
60 223
199 250
296 6
224 147
209 128
97 149
188 283
192 244
104 273
88 78
241 127
140 136
317 46
75 252
269 274
96 143
110 56
151 240
159 296
289 161
223 9
130 134
85 311
128 73
309 232
239 241
158 74
181 291
101 118
227 280
305 263
305 208
320 102
299 130
283 215
34 243
319 138
100 268
105 301
95 191
93 144
41 274
190 52
102 314
55 12
49 319
115 172
44 192
141 143
46 153
306 33
287 180
193 87
172 49
74 320
148 287
184 35
183 245
39 190
249 322
129 77
41 29
88 66
217 22
10 232
305 72
177 52
111 316
161 316
46 89
126 258
277 241
151 305
116 269
76 236
248 108
203 114
225 49
243 56
69 184
255 82
10 127
271 291
33 157
56 27
18 220
206 86
113 148
320 23
87 162
32 184
114 76
222 211
124 319
77 123
88 321
58 163
160 154
139 34
27 173
182 66
9 200
130 221
312 274
194 76
182 98
65 187
307 45
104 194
236 268
85 105
258 241
79 218
74 94
91 31
117 213
34 284
293 319
184 47
132 64
262 47
206 247
23 232
164 18
21 277
37 270
65 163
214 10
222 118
114 15
61 207
263 100
168 244
41 272
59 28
164 151
80 15
31 130
4 93
166 78
1 322
180 113
163 260
318 317
298 207
279 318
322 80
62 138
264 154
201 85
27 316
30 278
103 197
133 78
215 307
62 313
293 82
227 251
296 9
270 203
62 290
303 66
264 83
1 279
133 309
146 71
212 126
178 94
166 265
166 223
123 227
309 170
26 86
175 239
269 127
188 135
2 42
181 294
114 319
127 127
220 125
184 18
286 152
84 43
238 254
132 267
156 199
159 95
75 258
177 214
254 105
79 314
144 302
260 155
105 93
200 124
298 44
37 296
273 16
123 171
177 182
264 104
2 193
320 181
170 203
112 283
78 59
164 26
289 49
110 36
262 69
103 232
183 264
22 106
322 222
108 161
252 248
22 82
167 138
239 4
83 181
295 238
209 165
35 26
28 48
225 228
115 229
288 287
131 255
277 297
119 36
210 163
109 95
66 258
278 255
216 253
140 74
57 168
33 96
155 2
185 272
275 59
16 52
216 214
285 271
298 321
203 307
308 305
242 304
200 216
40 304
143 283
1 132
285 14
172 72
15 229
97 276
298 57
69 59
132 174
204 69
118 52
67 37
210 214
51 238
231 253
135 44
204 35
283 197
152 56
230 322
159 276
183 84
133 192
143 205
47 287
298 218
53 110
309 194
106 155
281 101
165 116
274 150
258 145
271 229
172 292
83 15
278 120
22 59
174 19
151 47
288 148
288 306
76 55
24 194
293 42
299 80
59 237
177 31
101 222
23 7
277 158
273 232
166 297
241 196
76 95
190 20
239 142
133 100
5 107
227 137
247 39
198 290
164 200
103 124
158 160
213 319
101 147
86 83
13 278
321 110
243 233
308 316
190 116
51 290
133 225
166 44
204 3
1 179
111 48
246 34
232 145
17 305
271 93
65 248
42 229
314 95
157 265
42 242
3 41
220 232
174 148
198 144
311 288
105 219
60 300
240 61
69 218
215 24
255 144
16 211
319 135
48 42
130 152
9 280
98 62
211 117
162 249
174 140
163 268
42 164
60 314
146 311
102 16
284 126
193 70
114 104
282 14
5 54
231 41
172 104
292 136
318 29
152 323
35 186
224 72
289 89
65 304
66 49
106 76
40 322
303 289
26 42
315 29
8 238
244 22
210 122
227 48
235 149
9 83
212 279
121 135
10 245
25 56
117 63
210 66
67 297
179 300
211 25
76 36
12 59
108 16
101 287
88 173
93 102
268 172
90 138
265 142
300 162
207 184
216 48
37 46
94 189
54 296
171 170
267 257
37 176
187 318
67 13
286 110
61 309
39 234
202 218
114 284
60 227
271 5
111 136
52 286
208 237
304 51
14 249
175 66
271 286
67 274
60 263
230 98
317 245
136 103
169 266
78 85
51 151
85 269
178 287
20 211
131 153
5 124
274 211
299 313
19 117
175 278
10 252
294 219
203 100
260 174
323 175
261 269
318 258
163 299
73 29
235 202
63 133
221 76
90 110
130 64
186 287
299 259
94 40
254 270
155 83
187 102
125 113
209 319
187 29
179 103
11 296
76 167
272 135
105 39
233 213
105 165
225 128
25 196
266 263
76 46
71 124
149 225
230 275
73 156
294 91
301 243
177 306
11 317
289 41
3 130
136 59
137 247
44 279
131 265
116 236
129 228
79 117
152 235
298 10
130 320
135 1
38 201
112 114
232 211
49 136
68 193
41 293
232 82
25 32
84 260
66 294
122 269
316 71
232 262
239 190
17 201
66 289
293 224
86 306
225 157
5 166
219 270
144 264
282 71
281 64
93 307
125 82
203 104
176 130
217 85
27 254
69 143
38 153
288 265
250 244
287 81
9 57
7 129
149 193
302 136
131 287
321 283
252 14
165 58
292 15
25 53
33 221
11 149
209 150
169 211
301 60
223 176
259 265
262 289
114 224
282 173
46 110
132 281
77 218
158 219
181 144
278 301
297 123
263 9
277 72
217 147
210 294
147 234
268 175
52 132
244 319
145 322
266 35
227 174
301 105
202 293
6 293
37 222
193 227
193 85
40 1
62 84
38 291
284 285
211 35
95 50
173 116
244 141
99 321
199 59
138 193
4 109
308 253
199 57
53 44
277 288
210 237
8 132
206 88
272 308
199 273
40 286
120 230
109 175
70 313
295 153
243 138
281 32
180 202
9 186
170 20
183 284
270 133
296 231
93 131
151 257
71 24
18 23
177 50
296 119
229 246
62 60
69 110
56 312
120 191
300 317
19 131
100 52
206 174
199 265
43 148
179 225
187 56
75 108
3 119
37 133
244 171
45 72
194 163
268 261
99 186
284 61
113 78
74 52
62 204
60 42
101 138
119 306
235 236
64 22
137 164
276 280
71 264
290 61
14 96
262 135
163 6
262 170
4 186
209 274
68 131
160 97
8 182
135 243
264 222
232 158
261 238
283 237
59 285
93 98
85 122
172 14
221 84
195 153
300 212
86 190
214 159
280 76
97 286
181 315
37 75
49 253
67 240
312 47
274 141
60 256
164 77
78 0
127 37
224 318
175 138
36 118
177 288
103 110
244 281
269 153
254 79
11 17
269 57
229 254
306 218
242 113
11 26
250 151
309 112
90 201
8 190
16 314
313 210
246 24
191 48
250 231
295 217
20 251
59 152
177 43
227 108
258 273
108 0
284 92
49 146
98 307
106 191
263 190
272 18
124 220
298 213
146 267
248 262
156 182
181 34
284 116
55 316
119 271
129 2
76 139
243 177
170 312
71 320
272 131
293 313
173 285
192 192
28 204
173 110
197 223
255 287
117 92
9 225
51 232
165 227
230 146
314 222
1 168
65 17
278 185
197 278
234 153
247 96
5 119
91 195
247 313
77 202
84 208
63 233
254 172
90 281
102 321
266 112
291 124
115 315
49 79
174 245
249 224
94 301
122 124
91 161
236 11
127 74
204 1
88 178
208 163
212 148
153 187
86 167
151 209
9 247
103 73
267 183
80 143
37 198
165 314
75 68
246 114
293 168
261 307
82 252
211 111
195 194
112 71
217 302
267 117
70 57
119 134
234 85
181 52
95 237
158 190
57 253
272 284
277 55
13 141
25 12
247 154
111 286
51 88
65 254
21 154
201 143
13 40
13 48
68 181
294 104
124 110
188 218
139 172
140 261
57 202
293 275
205 153
240 300
126 314
78 71
141 209
286 160
269 297
23 204
231 244
204 237
268 226
85 49
53 284
243 229
11 99
222 108
93 6
180 78
34 36
262 309
265 277
243 79
36 84
125 273
129 238
239 229
172 221
31 229
29 150
108 155
161 31
243 293
72 114
0 57
144 240
86 242
84 28
181 56
163 235
260 79
299 302
152 164
42 160
85 319
281 133
64 269
166 290
216 102
221 70
298 288
22 79
125 296
2 221
306 30
30 296
200 319
313 75
135 8
196 168
214 249
99 242
45 145
211 135
56 227
119 28
4 202
148 271
303 314
160 203
300 123
80 0
95 274
322 276
104 90
237 114
45 53
188 150
27 242
167 186
321 314
174 2
82 96
56 268
106 113
137 304
193 200
46 178
30 134
97 6
288 179
320 205
33 120
138 261
232 126
55 36
261 150
127 225
6 289
226 43
232 281
29 22
285 212
117 81
294 303
158 17
160 167
198 49
215 194
205 129
183 227
82 146
131 84
153 314
249 274
241 263
156 255
147 19
232 17
18 157
271 186
249 50
113 241
55 282
120 13
200 52
111 142
28 101
138 186
58 175
146 132
101 236
223 287
0 321
259 294
284 323
135 95
59 229
109 225
220 143
75 153
16 213
218 56
37 232
3 105
278 115
204 287
260 232
127 203
183 272
76 99
53 141
109 3
235 218
72 212
145 316
211 243
268 191
43 78
72 99
120 204
41 64
175 88
177 219
235 79
311 185
68 147
55 24
292 300
34 247
5 70
303 9
165 163
278 15
36 89
165 91
59 71
171 42
124 158
261 209
128 135
18 245
253 166
222 112
23 50
165 12
148 92
310 236
165 190
174 266
136 29
162 239
144 170
228 207
77 286
310 6
13 4
24 14
292 198
199 73
110 177
102 53
96 1
108 76
104 109
138 231
308 85
280 172
38 119
225 294
58 82
283 11
302 318
4 226
199 178
166 149
202 175
150 117
130 249
129 156
151 243
129 147
112 249
147 222
62 62
12 129
93 49
305 308
16 68
32 179
36 244
282 28
304 98
3 237
314 147
251 20
121 85
274 112
276 179
266 22
51 221
294 297
224 28
89 106
40 186
289 269
5 257
270 315
274 60
224 185
167 278
153 97
211 278
280 181
278 125
41 159
148 267
136 115
270 284
157 207
62 148
28 207
186 257
86 3
144 127
132 249
49 128
99 230
75 224
154 203
132 82
43 8
14 103
175 253
305 252
96 37
99 251
218 34
257 253
81 290
191 155
80 237
189 93
126 206
13 119
313 236
98 169
154 73
186 166
34 169
155 245
128 133
158 281
167 237
253 265
22 240
226 242
10 176
188 267
300 117
146 201
92 60
317 130
128 113
192 306
254 107
89 73
313 49
297 224
264 299
128 143
257 284
311 75
87 232
268 50
252 109
299 245
166 192
35 208
29 93
25 20
44 255
148 39
6 295
274 257
262 243
1 69
92 112
16 57
36 305
309 93
278 66
243 9
194 321
243 187
155 198
65 231
98 125
113 306
141 179
163 163
205 300
93 241
47 103
219 259
118 143
46 280
214 175
108 296
105 281
210 23
63 261
101 183
152 215
224 197
19 236
86 185
212 168
61 229
238 169
33 111
213 71
243 316
116 302
116 170
114 292
133 118
66 173
263 236
11 143
282 122
133 289
132 145
50 303
1 102
217 270
189 161
62 89
34 163
246 198
126 191
72 81
261 68
96 309
273 153
260 124
239 223
228 33
46 291
211 185
216 87
136 263
48 80
66 252
254 66
49 102
234 40
299 187
294 151
168 119
315 199
238 129
224 89
31 202
228 22
68 251
83 255
177 35
283 100
0 158
17 275
285 19
287 132
61 165
200 161
233 142
196 204
36 34
268 278
67 233
294 232
149 83
174 112
189 314
284 281
70 65
288 285
25 258
135 256
296 221
170 153
178 2
9 172
6 47
1 240
119 151
234 249
90 322
239 42
165 15
86 296
153 304
26 245
273 53
53 128
315 130
108 198
51 186
144 2
320 318
260 135
287 185
236 2
115 74
196 311
59 192
107 24
239 208
25 60
125 165
250 162
33 219
154 182
266 250
302 278
209 27
110 26
167 31
205 58
16 198
221 316
256 113
186 266
187 295
95 186
75 169
316 108
149 95
154 226
147 136
277 43
124 321
105 242
206 294
259 215
81 75
171 272
89 45
299 154
162 183
149 200
18 0
79 120
165 86
168 39
20 104
158 64
31 61
213 232
177 278
219 218
146 149
264 12
85 8
314 72
110 291
113 323
217 286
39 223
310 245
222 152
119 125
319 121
256 306
80 185
7 321
62 295
159 106
212 285
276 275
181 178
316 306
74 100
218 77
205 275
237 264
241 146
64 90
318 219
206 236
199 205
95 46
92 21
78 76
169 135
196 173
16 134
56 58
245 215
9 180
67 99
250 222
322 23
240 100
38 23
308 201
30 154
182 275
135 112
45 262
300 7
57 233
32 307
129 240
180 305
298 33
302 269
201 6
85 278
42 87
302 80
268 321
70 277
87 193
7 120
198 252
84 47
178 74
112 146
271 115
297 169
53 198
65 208
89 8
65 111
154 224
307 231
312 37
289 46
52 2
49 271
116 314
288 70
284 293
187 75
45 124
113 95
315 98
58 20
18 263
283 226
136 86
41 56
317 21
37 5
81 38
100 95
97 114
138 295
230 13
124 136
268 202
77 216
227 254
28 84
14 46
210 29
14 174
320 252
121 37
84 216
39 9
112 15
276 101
115 301
59 283
213 241
261 29
261 16
281 111
160 92
151 124
29 144
303 31
47 199
170 298
60 21
16 80
310 110
66 247
312 13
129 75
84 2
101 18
27 268
251 43
17 74
240 148
6 203
143 255
86 109
182 171
25 241
158 153
122 261
274 13
93 152
11 77
275 206
140 165
79 303
90 303
271 100
52 212
140 52
277 257
102 318
185 42
221 109
256 58
189 141
100 47
227 178
146 116
242 215
137 68
258 257
90 215
313 115
39 92
59 279
132 120
113 135
16 167
27 115
193 313
134 183
261 120
54 273
232 316
56 153
186 100
277 50
167 127
173 249
214 222
308 286
110 205
268 129
267 277
71 4
221 183
168 49
250 103
318 235
179 55
117 53
38 101
8 24
19 187
275 234
242 26
60 174
6 214
21 256
222 250
153 268
126 231
43 251
150 20
287 144
234 22
298 114
61 119
183 55
138 82
101 61
150 259
149 47
164 192
12 316
242 211
119 40
139 95
321 91
88 15
14 318
322 85
121 39
301 68
90 182
126 95
27 285
242 83
154 110
68 91
303 77
54 33
170 69
160 125
76 270
315 104
160 270
39 52
11 118
77 163
68 224
12 264
203 313
111 158
261 89
283 47
29 49
221 256
217 18
310 125
95 27
170 101
82 1
166 204
304 36
135 302
263 246
103 104
237 319
72 92
122 164
302 145
317 249
174 108
111 108
156 88
193 11
275 204
252 68
183 119
251 204
106 235
233 87
226 146
95 34
261 225
181 100
249 28
211 198
222 280
207 139
105 197
128 171
317 158
100 159
93 164
123 39
286 112
22 40
257 160
230 300
70 153
59 19
111 244
41 230
221 129
101 188
164 21
141 255
316 181
90 141
229 188
98 228
64 84
210 104
263 198
51 314
76 113
7 80
110 96
79 40
15 5
250 212
120 144
71 53
204 167
321 25
191 302
63 302
76 210
261 285
186 105
214 190
201 282
167 295
114 280
225 110
23 294
13 236
48 166
52 33
163 106
256 78
171 163
186 12
180 287
25 308
101 172
244 0
29 168
250 297
244 257
157 69
128 62
62 161
110 38
33 204
236 136
216 260
176 168
226 56
50 178
222 192
262 223
308 34
155 251
245 110
301 265
310 223
148 284
106 0
265 122
79 23
271 33
101 211
61 277
272 205
73 270
204 244
209 197
109 233
250 31
239 219
99 175
248 35
287 116
123 26
123 6
265 56
158 93
178 14
17 12
176 170
287 2
116 248
62 317
157 83
86 267
152 266
66 79
83 34
253 202
197 145
308 319
239 127
173 33
251 22
165 95
9 256
5 103
107 254
116 139
84 87
47 260
178 158
243 289
278 78
48 296
144 213
275 307
1 270
185 253
269 98
182 140
296 98
320 57
153 33
121 92
51 23
104 45
222 58
248 203
215 141
168 223
289 235
97 196
280 263
34 141
150 40
249 245
184 89
280 91
203 280
304 296
172 17
148 250
312 26
122 35
127 308
51 251
283 187
139 9
136 81
71 7
74 247
229 49
30 259
44 165
1 268
64 113
187 239
80 62
160 43
164 105
56 177
235 187
249 4
274 254
260 290
210 252
132 286
11 88
171 111
252 225
12 205
109 118
218 32
170 231
122 115
289 137
182 166
321 296
166 42
220 46
250 127
161 11
104 87
313 168
272 183
272 73
188 252
9 262
40 279
156 257
147 288
105 279
189 126
116 109
85 31
129 297
148 273
260 171
180 98
131 3
213 180
209 52
136 227
282 45
114 221
201 246
291 302
100 9
70 294
222 161
227 110
65 189
302 158
52 56
251 75
68 268
224 81
23 236
191 161
318 183
207 170
105 283
14 194
177 217
263 270
92 146
106 55
158 261
45 250
58 173
228 182
115 5
103 222
306 167
200 70
54 224
149 42
218 26
276 282
158 202
199 135
274 25
4 282
114 157
177 87
221 205
68 174
288 128
198 123
232 129
230 311
182 15
10 51
254 310
69 296
48 157
128 115
256 256
286 104
278 87
302 16
52 194
112 281
322 237
193 49
63 231
185 48
263 89
304 161
240 169
200 260
70 114
84 296
261 3
89 297
223 47
150 301
77 206
82 227
19 315
116 184
271 256
11 254
221 240
22 45
261 34
197 234
317 247
247 6
137 285
294 34
19 297
80 208
113 212
294 202
107 123
101 151
198 260
111 289
85 172
296 67
118 188
275 104
53 62
123 291
224 168
31 267
145 110
293 204
83 72
51 58
294 58
64 123
226 283
60 271
37 121
96 162
147 5
174 186
84 263
71 169
212 268
185 119
88 267
93 30
158 214
311 31
262 35
54 167
215 156
204 52
61 122
158 138
257 244
174 24
313 43
261 271
292 180
247 295
157 116
246 210
182 222
166 241
137 141
288 232
272 316
81 316
94 71
236 55
276 312
63 309
207 159
77 165
228 39
139 147
293 322
113 285
309 19
113 55
99 107
73 261
254 190
249 272
205 33
2 150
318 37
260 254
313 22
319 113
4 161
178 22
120 252
267 11
130 138
100 114
179 256
294 0
135 282
49 49
154 276
237 108
31 80
1 302
106 222
239 239
323 99
229 296
96 307
273 145
225 195
32 6
80 295
316 100
52 31
99 128
234 113
217 164
58 205
222 301
304 44
215 229
89 14
279 4
2 40
265 233
58 125
71 67
1 285
235 68
280 108
92 69
154 155
138 118
178 237
321 208
214 231
283 208
309 115
276 129
285 249
104 214
258 217
290 291
290 267
18 283
211 224
36 69
215 97
33 74
32 281
166 158
22 132
48 247
270 170
19 17
124 23
188 243
130 234
109 277
313 181
191 118
81 173
91 185
58 235
101 163
316 120
236 84
309 213
164 286
306 57
167 177
51 50
270 23
286 62
73 125
272 70
293 115
288 74
312 80
79 69
132 231
174 313
96 320
4 146
316 96
52 125
63 66
154 321
80 102
247 131
149 81
115 213
90 104
129 84
42 13
0 163
216 312
28 32
254 217
262 317
54 248
304 56
210 175
87 226
76 240
192 101
131 187
65 212
246 220
143 227
219 151
47 7
215 172
221 320
65 256
37 19
91 314
56 223
236 15
258 221
290 253
39 46
121 104
253 33
72 201
320 279
41 170
292 122
270 147
255 90
26 91
242 65
159 257
161 95
130 295
21 297
172 66
96 16
134 191
279 147
50 240
92 54
157 233
242 43
32 169
142 11
201 30
223 99
66 242
129 223
187 209
45 82
287 156
81 186
176 309
190 121
252 45
165 215
62 94
223 159
196 297
209 291
235 304
206 4
189 217
298 124
268 212
19 93
181 138
289 9
99 237
65 199
219 132
217 181
153 67
55 157
107 300
142 251
207 267
308 125
94 16
170 315
96 138
195 146
168 20
319 64
30 40
110 258
95 167
45 55
203 256
198 239
233 217
223 67
261 8
305 211
239 277
32 301
280 228
95 114
303 143
100 36
265 6
304 279
245 225
3 69
271 153
80 300
6 86
25 262
134 102
23 118
252 16
236 24
166 35
256 288
3 216
267 233
40 23
52 297
199 187
299 264
240 227
155 204
262 303
64 69
282 276
140 37
213 55
253 137
167 285
231 115
17 175
259 76
165 169
53 156
67 93
266 246
198 15
163 245
82 25
65 6
252 57
93 191
273 216
98 302
152 272
196 74
158 7
154 16
46 39
209 299
209 313
99 167
45 8
69 56
198 282
138 132
220 237
120 179
1 208
147 114
74 72
188 232
103 70
152 226
47 12
222 19
103 52
100 170
217 219
240 20
62 159
60 108
22 152
21 140
90 259
53 232
223 295
175 145
272 60
62 263
173 46
220 162
231 217
241 102
220 42
6 291
173 260
65 203
280 45
250 26
211 8
193 57
259 86
320 108
273 266
157 308
63 188
273 319
53 105
280 154
23 214
180 153
30 239
302 191
43 171
57 204
72 276
57 11
41 83
289 165
152 149
217 115
234 175
268 45
104 212
145 181
169 184
175 182
236 28
209 225
154 267
231 276
92 173
242 209
290 226
102 96
300 72
253 95
57 16
321 260
198 51
82 144
310 251
218 255
255 146
17 287
24 245
165 258
214 32
301 23
300 214
223 167
190 42
9 12
79 93
121 111
153 80
120 150
77 18
196 39
143 182
321 62
172 92
163 288
303 232
304 20
188 269
313 99
26 227
298 227
304 94
104 98
2 47
230 313
198 249
3 98
147 173
278 214
189 188
311 195
240 323
42 24
315 125
15 203
306 157
302 290
233 283
43 91
143 9
212 22
100 190
299 3
220 225
196 181
142 289
285 38
45 76
234 0
6 223
59 123
189 214
156 43
262 2
287 9
7 310
124 195
152 310
253 204
266 316
169 195
114 195
163 171
256 181
269 111
297 51
286 225
106 161
87 25
79 229
4 263
200 79
285 131
256 264
17 5
152 292
161 33
221 131
273 65
267 86
23 2
70 243
257 208
126 219
206 282
217 126
63 44
316 59
221 138
286 312
87 50
257 35
141 31
82 243
15 301
234 32
197 201
176 1
109 65
131 106
249 315
269 221
302 225
145 120
20 53
143 174
94 231
139 152
210 290
17 106
262 320
280 292
78 62
118 274
55 41
177 290
148 29
37 114
255 278
107 210
70 26
55 218
217 261
7 45
151 312
271 149
295 87
215 28
313 271
133 115
303 90
75 268
315 177
184 63
110 67
36 279
254 50
116 310
247 193
283 258
114 43
4 276
215 314
54 126
199 229
287 300
168 178
177 195
257 175
232 92
85 213
53 207
254 118
128 248
30 217
303 238
84 26
72 194
185 46
316 146
253 279
50 149
288 53
83 167
322 243
176 234
84 50
134 212
154 11
129 289
79 246
116 67
139 228
147 217
33 118
217 170
43 265
28 191
255 268
10 164
15 27
284 35
60 126
292 222
206 18
318 27
261 131
97 271
189 15
74 59
216 151
214 236
184 182
146 263
141 76
235 119
142 308
138 138
299 223
228 190
222 169
221 266
31 93
258 322
138 62
248 305
299 173
25 296
310 316
316 185
207 157
226 65
187 61
211 59
199 157
285 235
294 143
29 109
113 31
266 82
86 117
140 26
22 136
280 301
320 10
297 217
112 152
189 72
98 291
289 298
292 220
0 212
246 241
255 225
279 143
92 205
171 132
201 171
70 128
99 73
196 320
214 254
120 318
50 188
150 190
166 147
159 57
319 297
58 190
311 54
131 166
215 134
267 164
19 174
194 33
277 308
281 58
14 234
295 13
152 276
257 91
63 319
246 101
304 182
248 290
224 149
104 190
301 257
307 216
167 3
139 267
223 93
131 104
27 104
145 134
272 250
4 259
145 77
205 62
163 31
55 78
271 156
34 69
78 294
178 82
61 273
207 249
112 103
256 26
124 28
128 278
60 51
28 172
170 95
91 44
153 148
202 156
195 110
127 106
98 310
261 106
19 60
155 194
233 304
50 230
64 101
104 49
191 71
94 119
233 230
94 77
152 162
23 257
133 96
266 72
294 212
203 151
213 89
17 240
37 42
171 211
85 290
186 149
80 160
265 244
323 323
5 113
239 171
281 168
176 93
251 37
57 210
68 255
24 73
168 37
122 137
65 10
226 309
164 3
103 316
137 178
242 1
263 105
277 300
209 205
116 262
86 160
248 25
181 271
320 116
109 243
52 134
63 92
126 217
66 114
150 129
182 93
317 19
171 215
274 303
208 317
120 174
285 317
50 265
127 10
72 77
240 247
210 115
9 144
142 160
129 291
219 190
244 117
111 8
58 70
110 264
313 312
94 216
313 170
123 200
40 116
257 49
318 43
302 141
287 260
289 173
256 41
64 159
316 285
36 179
94 281
99 145
321 272
229 223
156 285
114 237
120 100
73 316
199 314
234 97
318 278
236 170
135 304
244 251
184 87
170 218
233 312
88 306
39 239
14 11
189 193
272 121
167 45
208 226
230 194
278 312
240 163
171 84
43 49
218 237
106 217
150 5
191 46
105 275
160 262
264 282
61 56
151 13
94 136
34 136
42 267
169 299
198 69
307 139
165 210
307 39
28 248
196 160
178 297
270 250
18 90
216 58
227 52
264 21
95 193
275 286
91 221
270 208
219 239
110 283
201 320
122 230
202 221
81 31
80 248
299 205
51 98
180 250
116 203
289 300
63 97
101 243
157 239
145 277
225 4
312 112
262 129
255 94
195 226
255 88
201 77
148 311
36 171
94 47
206 200
40 247
29 297
241 272
123 306
133 39
27 296
298 189
177 248
247 263
221 119
6 314
139 233
201 184
187 189
128 68
287 7
255 280
245 144
238 176
270 91
91 93
150 278
182 210
239 35
154 6
22 265
261 183
118 222
101 133
204 65
155 291
186 141
3 12
311 114
149 145
19 207
241 279
281 47
153 300
69 152
176 95
60 44
211 6
207 208
10 40
194 269
251 90
170 40
289 119
251 217
191 35
68 101
149 280
202 134
66 72
97 12
177 162
319 130
66 16
161 312
200 165
0 5
88 274
276 177
28 20
43 214
169 247
91 232
38 135
141 99
103 41
269 86
265 256
169 74
166 256
232 292
11 7
308 172
296 91
43 72
157 164
253 178
308 134
219 146
215 264
298 46
217 172
302 32
164 36
127 211
244 253
146 156
120 109
11 208
142 125
301 241
293 228
218 276
127 213
49 51
129 58
8 164
91 247
173 0
99 266
281 75
81 313
277 93
274 77
218 74
127 270
103 219
39 196
320 164
271 260
23 101
322 135
181 123
225 83
81 286
315 36
190 166
205 191
290 125
88 117
79 20
318 84
276 222
78 12
210 124
63 217
192 133
58 300
126 34
314 7
192 110
165 54
79 198
63 207
64 141
13 154
201 229
120 257
206 132
254 251
214 256
156 175
231 200
119 6
291 25
150 105
311 222
294 27
43 315
103 205
7 281
124 181
207 225
296 16
57 261
24 175
308 226
216 208
23 310
306 198
39 207
124 279
114 247
183 240
296 176
17 298
42 150
318 315
268 42
316 49
119 38
193 229
214 38
287 88
244 44
79 276
27 59
146 320
78 131
254 182
112 80
201 199
113 156
33 59
108 47
14 285
286 171
255 241
120 249
12 177
220 118
107 32
176 193
111 192
67 262
143 253
12 179
9 169
28 198
307 255
152 142
264 42
122 33
27 72
44 190
65 58
192 198
239 155
103 310
79 310
142 314
308 208
44 321
141 20
98 48
36 40
204 285
237 141
114 84
290 221
17 269
195 66
166 105
140 62
248 310
142 198
191 182
92 62
253 169
141 60
317 155
312 144
5 302
264 242
257 198
43 202
217 162
50 172
297 32
176 156
265 320
40 209
283 65
126 233
115 199
54 255
306 152
197 42
286 315
182 321
140 310
197 228
147 32
312 227
271 207
298 50
141 241
87 291
252 291
310 164
43 223
137 240
38 266
139 221
166 219
179 248
249 1
0 48
29 284
197 27
25 315
232 178
317 148
119 131
261 299
229 106
66 70
216 161
257 153
87 132
238 62
241 239
224 300
251 281
124 15
103 259
306 246
268 263
78 227
135 181
113 222
275 69
209 139
166 199
63 311
243 88
297 295
252 153
243 190
88 20
239 92
22 114
62 15
192 92
322 301
107 136
123 55
166 152
213 185
266 37
2 18
31 154
261 101
25 107
231 80
84 140
213 60
237 177
35 144
225 237
111 87
40 266
264 175
11 298
182 282
283 239
4 1
59 2
59 159
10 142
40 195
121 211
55 122
73 292
120 288
145 3
14 260
75 212
269 75
290 27
209 235
109 320
34 12
12 273
166 99
144 237
65 243
95 157
258 259
267 94
3 148
13 173
21 5
19 209
209 263
106 166
27 64
322 29
155 184
43 294
27 304
15 311
300 16
250 109
91 298
26 208
199 227
18 238
271 273
175 282
296 235
274 180
147 179
147 41
187 171
15 145
136 279
84 194
96 119
156 133
163 41
305 323
241 104
158 197
301 85
72 74
298 88
169 58
126 20
267 239
149 162
24 81
174 53
190 198
45 126
256 68
70 167
289 257
231 26
182 215
117 295
51 281
140 193
112 107
182 21
219 80
220 220
47 146
146 294
0 246
207 307
57 288
95 153
207 11
134 20
262 301
81 270
71 2
126 301
40 237
85 313
231 246
153 296
167 184
119 295
56 95
127 71
114 86
79 128
306 116
252 234
58 240
216 169
230 187
157 212
21 62
144 91
91 147
170 251
76 120
167 93
175 69
229 53
94 55
312 136
277 220
111 50
189 108
266 157
40 149
314 161
97 72
207 111
190 269
120 247
309 249
192 249
72 18
53 151
281 139
73 237
17 303
110 58
138 214
50 2
305 260
232 74
306 122
45 176
276 19
282 221
277 124
83 105
59 323
172 202
152 106
125 281
42 36
188 99
155 59
173 123
4 177
154 309
129 255
300 294
157 158
35 190
164 135
167 68
110 219
256 234
59 303
49 160
94 206
35 102
317 176
112 65
53 309
117 239
33 70
257 111
85 168
92 134
1 244
159 143
120 193
189 53
32 18
115 56
127 178
228 35
126 29
252 161
203 124
132 46
192 114
21 69
311 188
230 298
214 22
125 6
195 277
240 237
42 142
192 309
182 43
118 113
200 275
113 18
127 97
322 203
111 233
55 291
64 149
36 31
252 103
130 130
81 214
9 227
83 309
316 257
269 289
81 97
289 228
107 183
96 211
91 234
64 321
54 51
276 33
37 27
242 50
6 35
303 323
0 317
321 56
256 14
202 106
55 270
195 275
4 243
22 193
105 263
86 275
249 313
217 292
38 194
245 208
75 285
285 162
95 289
5 185
72 286
118 121
118 95
23 24
93 314
115 259
86 85
200 197
270 39
92 76
19 320
294 278
284 274
230 304
155 274
163 258
54 298
233 228
92 0
239 108
225 30
21 175
228 121
203 50
196 316
14 121
5 30
256 56
224 136
223 77
114 249
247 168
236 60
296 268
308 30
286 94
76 256
93 82
285 256
223 227
252 63
120 184
253 275
11 162
32 319
57 218
87 183
85 24
322 75
21 173
279 189
209 17
223 6
243 201
0 194
147 134
286 47
3 14
196 109
179 138
58 257
39 300
62 255
238 294
254 147
205 117
273 234
37 268
162 69
244 221
60 153
292 26
234 199
205 54
209 191
66 60
211 97
261 12
243 173
143 203
250 73
295 165
205 195
196 250
166 19
127 263
191 292
233 302
36 79
119 111
265 159
166 251
280 241
265 48
297 159
183 232
127 305
28 196
259 54
177 11
205 24
286 298
179 306
189 4
46 59
143 89
210 92
92 207
174 122
75 122
242 163
301 30
201 314
111 94
190 40
264 205
60 181
207 256
258 51
158 167
7 266
11 68
18 293
282 228
182 10
34 297
57 170
170 67
279 207
244 223
125 153
229 259
219 21
165 23
192 136
158 172
182 309
17 59
149 24
49 114
309 159
54 153
171 137
214 47
242 315
80 220
231 48
157 14
299 103
132 169
239 284
208 210
265 132
214 108
67 227
47 168
93 157
200 267
122 41
192 207
113 127
290 260
308 243
181 208
148 69
310 318
180 109
88 215
133 111
241 80
249 220
28 176
93 293
188 64
283 305
190 191
276 252
237 150
43 123
237 191
42 96
207 50
185 288
79 47
45 316
153 221
221 222
314 89
25 98
254 239
200 244
102 90
70 247
118 25
126 136
158 231
36 302
29 70
201 280
135 250
242 92
193 16
188 184
83 119
234 145
313 156
214 320
6 142
211 303
73 249
270 309
291 120
310 99
130 200
43 5
68 41
203 13
57 147
109 256
256 184
281 166
269 319
57 78
250 283
139 103
29 303
295 255
237 14
265 117
83 148
84 221
8 305
57 267
158 269
298 90
113 163
270 124
65 4
91 264
144 66
29 290
116 307
218 9
225 25
56 139
249 210
138 170
51 294
25 102
7 201
180 30
44 179
42 115
97 27
162 193
33 190
279 145
27 161
10 122
171 23
91 295
103 305
15 138
226 210
54 70
240 5
321 172
90 86
244 35
217 204
162 215
97 248
22 318
224 64
2 281
247 179
113 251
247 200
209 152
279 136
121 225
104 196
67 203
217 195
196 209
275 132
307 241
132 140
242 97
322 312
99 295
136 199
175 154
274 222
317 280
264 316
53 107
255 49
35 129
52 163
154 77
14 94
12 113
294 307
66 76
168 63
164 5
149 88
251 260
178 241
229 76
314 227
291 151
272 38
255 43
145 75
97 232
99 314
275 200
218 288
118 321
269 234
317 14
43 254
288 259
95 244
268 180
19 201
215 272
232 239
157 237
201 43
292 260
187 97
89 17
61 64
62 212
298 110
181 68
36 314
117 289
152 130
106 13
68 116
122 236
230 45
180 140
283 254
156 7
248 181
176 180
260 167
65 43
309 68
165 230
33 159
90 54
19 182
315 53
140 118
177 60
27 299
316 292
228 235
276 156
49 224
54 281
15 136
307 108
200 297
146 99
319 307
205 302
145 259
9 276
42 169
278 11
189 129
32 122
275 191
240 253
0 214
310 203
156 100
281 161
258 20
301 273
279 129
260 189
118 293
185 285
5 45
49 69
251 193
235 227
88 133
257 299
248 123
3 239
268 161
180 49
21 282
257 83
54 194
67 180
105 316
110 268
73 120
243 123
152 247
11 282
61 58
186 116
245 312
208 100
21 299
312 6
178 184
249 139
31 209
104 169
301 296
25 235
231 12
206 144
213 80
55 267
139 188
248 18
247 16
137 5
104 207
296 317
53 226
139 125
115 37
94 109
162 123
107 270
144 308
170 149
107 127
53 289
174 208
58 243
85 285
41 112
304 18
172 234
135 58
1 264
306 41
178 57
119 266
300 147
244 77
67 161
162 176
287 243
105 184
209 216
292 35
56 163
205 120
281 197
63 194
88 265
170 63
70 74
284 192
139 293
316 31
323 7
205 311
309 32
237 197
45 151
195 6
98 57
60 310
250 40
112 122
177 255
296 76
215 68
317 241
144 306
138 149
307 179
296 45
275 196
277 232
35 255
309 61
132 253
63 277
317 297
181 182
132 34
71 269
107 256
285 156
60 149
287 57
68 309
113 52
280 83
298 35
248 280
58 93
234 189
6 225
72 108
260 196
93 249
253 247
253 55
172 136
173 78
282 199
189 118
195 42
185 264
57 87
291 50
197 99
165 131
90 41
308 156
18 27
195 94
45 17
267 67
267 195
323 283
206 213
245 186
14 54
118 231
213 308
183 259
310 187
233 291
184 20
126 215
147 277
168 8
139 0
120 315
76 242
109 40
23 261
259 263
235 242
146 151
130 169
68 106
268 198
312 183
31 120
160 8
55 277
310 276
38 323
241 157
199 175
126 173
270 217
38 48
266 280
55 242
313 45
28 256
66 284
32 242
207 178
125 13
16 224
6 300
165 60
252 317
20 316
73 12
59 143
157 28
273 11
33 274
303 196
160 117
133 275
213 35
228 123
237 112
308 16
0 135
122 195
277 237
223 244
219 181
16 91
120 195
176 207
140 308
96 239
295 228
229 110
194 129
146 126
120 138
224 141
271 29
302 82
165 52
115 78
214 162
260 169
106 151
297 133
2 93
294 41
160 219
129 263
321 69
4 312
48 164
134 307
89 189
178 210
214 102
298 171
26 120
143 276
0 220
114 146
185 226
279 256
139 73
16 259
252 8
310 74
95 298
186 30
231 60
5 231
30 316
157 39
16 285
265 173
57 33
21 150
286 127
121 49
7 195
279 163
230 282
2 80
26 215
227 166
181 167
136 128
276 184
53 78
186 317
51 15
51 319
245 105
302 172
160 160
266 213
143 144
228 131
27 54
50 275
289 107
146 198
263 219
216 284
103 295
167 98
237 127
76 103
40 88
212 139
35 319
170 178
305 46
265 216
193 214
215 121
306 190
99 112
60 14
219 261
220 2
254 292
44 114
112 253
102 13
243 300
36 317
32 252
144 175
193 263
52 46
313 104
74 238
306 70
69 281
43 280
54 135
200 83
102 249
225 272
107 34
220 82
160 298
80 318
214 214
120 41
302 315
91 284
160 304
269 294
114 278
267 63
29 254
54 188
32 188
275 87
59 136
291 74
264 163
39 5
31 69
72 190
92 126
176 173
134 281
203 39
216 33
292 53
117 276
160 208
128 152
258 293
183 158
165 111
33 137
318 92
32 266
233 148
33 249
187 250
290 16
299 105
154 108
240 267
18 119
163 303
299 70
122 188
142 216
193 103
39 109
264 149
9 230
102 75
245 56
140 122
116 45
108 311
134 317
109 5
322 232
183 175
136 296
222 255
237 179
220 314
307 288
216 44
239 261
9 267
63 183
77 65
20 244
19 109
189 78
184 278
205 151
32 9
283 17
76 14
219 69
301 229
230 126
318 189
284 283
139 76
148 146
154 311
202 2
62 50
115 128
97 261
153 270
16 216
203 194
31 308
78 180
204 86
151 314
315 322
274 284
46 18
246 153
75 65
148 320
273 93
284 289
263 57
284 85
15 153
294 241
6 306
182 195
105 57
118 139
296 233
47 87
232 119
132 314
133 305
148 117
132 212
282 210
134 161
186 1
21 288
237 68
140 82
278 2
305 184
73 192
65 220
219 105
3 158
131 206
52 167
135 69
148 66
73 297
313 193
267 52
15 269
281 10
157 154
172 114
96 42
192 23
25 4
297 195
52 304
5 187
11 302
296 138
238 267
88 142
100 257
118 310
54 60
4 61
136 11
62 82
276 246
132 49
104 230
2 316
111 30
40 180
190 249
76 307
118 155
169 200
215 12
303 155
308 300
174 64
310 257
209 33
215 213
50 212
163 125
234 55
36 230
10 35
30 128
254 6
39 245
211 236
54 311
317 78
171 279
303 27
47 232
58 145
122 314
189 146
183 117
118 220
269 300
264 23
86 169
28 238
209 8
247 61
65 86
320 136
30 152
146 44
150 184
130 145
200 287
226 323
27 16
249 270
244 68
169 280
185 50
172 96
262 174
84 73
26 0
137 270
273 116
8 314
109 235
244 42
38 16
230 71
211 271
235 312
155 124
54 55
229 173
4 100
101 201
79 7
39 155
174 86
241 182
236 35
38 289
56 305
22 182
209 171
53 266
12 94
99 275
142 165
311 293
129 165
159 26
214 294
124 258
109 260
237 6
69 76
154 169
2 138
39 18
68 208
256 66
318 23
15 78
67 192
249 232
128 230
252 172
155 212
8 73
86 221
249 43
250 15
28 1
280 1
231 233
40 182
187 73
212 109
35 275
143 293
60 31
158 217
95 147
99 115
299 161
314 264
142 3
194 285
53 250
150 307
168 219
309 79
146 49
274 147
236 8
49 5
125 189
80 155
138 315
37 116
234 102
304 200
177 304
228 279
275 240
290 180
89 247
217 0
41 309
110 212
20 285
69 311
273 292
74 3
74 136
201 209
167 266
81 239
264 112
116 274
302 22
69 274
28 282
169 109
119 65
167 166
158 252
205 70
248 132
198 127
139 183
29 58
308 8
224 220
11 120
64 179
306 107
205 198
254 101
143 271
133 291
214 157
300 141
123 234
251 206
156 230
23 112
172 270
152 155
264 108
220 204
134 82
174 222
273 78
177 69
165 67
104 27
225 299
27 155
307 292
277 267
318 223
35 306
259 292
237 288
273 252
251 121
302 200
42 260
192 283
318 96
102 37
187 169
30 195
57 216
25 247
264 63
283 135
164 153
157 323
89 90
109 114
85 237
97 200
168 294
52 188
13 221
56 293
59 308
197 300
162 13
115 42
20 261
46 285
153 193
192 253
136 167
293 59
136 260
135 77
235 13
65 307
244 113
178 7
134 108
75 207
316 7
288 122
43 76
36 62
156 321
241 63
320 217
89 144
249 173
55 129
230 231
26 148
27 185
117 5
238 23
22 212
148 242
291 32
84 275
226 192
18 95
292 62
174 120
167 212
150 180
82 305
266 180
239 46
264 170
283 165
55 56
123 161
180 111
114 8
322 274
113 132
241 308
271 0
47 253
288 48
59 115
272 137
125 75
133 138
29 88
280 104
5 154
237 292
53 93
62 271
270 131
305 140
99 205
220 184
276 99
316 80
0 41
261 291
134 63
55 87
183 145
262 177
297 314
22 123
53 200
305 225
157 185
283 106
117 11
190 218
168 193
204 183
146 265
280 68
119 300
32 290
276 35
265 77
120 298
175 307
184 250
50 39
172 173
45 163
53 316
154 95
286 231
77 292
318 81
43 82
175 116
248 129
133 32
231 170
74 22
281 52
7 58
300 263
7 166
266 140
145 196
87 150
127 58
218 108
289 84
111 73
69 63
146 160
308 314
247 246
291 305
11 2
296 23
16 128
38 58
231 166
144 35
260 313
245 9
60 190
144 49
125 80
269 31
53 160
213 1
100 49
139 27
67 30
308 111
157 140
130 278
244 321
253 128
282 281
73 142
189 57
279 31
135 184
197 29
142 17
118 308
4 190
280 201
260 218
254 226
75 92
302 213
145 140
312 237
45 311
108 247
265 298
107 288
77 235
249 268
172 190
126 48
139 322
114 191
124 148
25 118
