253 307
240 94
128 34
225 323
24 184
287 150
235 114
81 241
95 59
277 314
34 103
136 220
143 188
5 28
41 100
254 276
141 16
1 53
271 217
73 105
90 207
42 295
145 20
207 152
150 210
7 262
28 15
34 290
87 141
54 179
1 282
99 311
226 262
160 281
278 234
304 198
265 207
144 13
318 186
185 311
40 102
109 275
49 270
141 130
226 90
129 154
304 12
104 99
32 39
49 19
113 109
4 256
265 197
62 47
71 46
249 239
27 113
217 303
155 237
289 193
180 46
163 71
67 107
167 209
137 108
311 258
51 25
75 150
197 195
241 66
277 241
202 193
142 288
148 33
44 1
216 108
313 116
41 237
206 44
46 261
136 298
236 194
121 90
15 53
158 58
65 20
59 196
244 174
277 154
123 185
38 205
30 198
188 277
187 80
249 307
238 210
317 35
243 149
277 111
280 221
227 270
240 129
109 87
196 323
61 102
203 130
127 220
50 310
244 208
321 305
1 104
0 232
66 236
117 60
306 267
121 197
176 86
323 202
263 4
208 312
61 124
61 159
97 259
65 57
180 180
264 53
185 304
83 139
280 174
146 117
4 18
219 173
186 323
305 124
13 193
276 208
308 122
97 265
13 87
59 78
289 73
99 173
135 176
25 229
104 8
284 298
319 232
163 187
198 287
131 301
255 33
226 199
36 6
66 37
279 189
162 136
17 281
147 112
83 185
2 5
34 272
299 209
143 20
273 306
278 117
283 162
309 207
231 11
293 67
321 15
34 5
154 231
251 264
190 225
246 54
308 105
90 50
151 115
317 232
214 317
311 189
195 319
266 75
282 182
281 135
231 1
24 259
284 132
195 178
68 173
230 110
116 46
145 281
66 135
299 99
191 136
167 17
99 285
196 239
120 176
131 142
137 175
2 39
22 134
291 173
150 178
260 192
245 119
304 268
168 76
26 279
70 220
67 283
104 281
49 234
11 223
134 49
273 136
280 290
257 114
89 95
288 166
18 7
104 164
231 141
170 290
192 106
139 90
259 102
275 6
199 26
96 283
184 240
206 229
142 115
203 145
158 171
265 7
221 165
271 305
313 253
76 195
110 201
7 44
149 248
105 171
18 61
234 195
2 125
287 198
154 262
290 77
268 154
295 89
200 158
309 294
241 138
128 161
179 125
166 94
199 146
275 255
252 92
80 170
83 321
288 100
306 62
197 125
322 256
91 254
263 216
141 49
236 79
50 154
53 71
240 123
290 223
296 27
142 304
126 87
124 284
65 294
275 110
86 44
321 17
135 147
286 83
195 32
187 32
4 86
27 66
198 61
130 191
265 45
289 68
79 131
88 73
297 178
15 269
132 241
292 239
7 217
6 239
154 21
13 22
0 127
301 64
55 9
28 95
264 237
73 288
293 123
268 27
300 279
264 183
169 278
203 293
166 50
312 266
240 25
285 208
250 298
0 4
61 170
48 212
62 276
298 8
77 83
79 137
293 140
170 195
25 131
267 253
132 100
51 301
210 81
99 1
99 207
29 191
57 48
41 109
307 240
93 228
168 0
155 34
35 225
83 253
123 294
12 212
242 101
13 311
37 217
220 132
13 246
69 139
48 106
4 304
269 68
104 6
85 126
175 298
308 91
51 311
301 240
229 289
80 262
276 83
214 242
180 10
69 28
185 80
44 204
292 93
38 65
299 260
72 227
216 128
202 222
220 297
117 312
228 310
0 291
318 38
200 306
138 125
233 199
267 240
231 74
166 292
67 12
321 238
92 166
299 128
145 272
255 4
0 218
306 23
180 148
317 98
151 320
179 236
200 19
6 177
67 109
124 47
155 303
16 236
189 86
182 80
315 240
211 200
158 105
152 282
54 173
214 44
31 71
14 277
56 23
74 314
45 23
36 233
173 101
96 124
22 260
26 252
201 242
200 78
250 226
215 28
111 54
308 302
223 281
85 201
137 197
33 174
299 142
204 11
198 141
201 220
126 284
237 298
188 146
207 37
102 179
64 318
72 117
255 308
241 164
162 281
322 47
118 214
153 204
76 293
131 249
155 162
293 5
26 89
112 2
118 26
108 168
21 129
105 63
12 127
313 168
80 129
270 162
89 209
94 165
265 227
49 118
296 110
147 282
240 96
140 260
301 180
101 305
57 316
51 77
223 142
137 205
66 125
295 78
236 17
71 32
298 144
272 173
74 88
43 244
320 129
84 235
322 159
197 92
138 182
293 249
238 143
315 34
284 257
294 76
270 234
155 68
263 320
317 217
178 89
219 194
49 250
131 92
321 261
287 267
8 2
211 161
63 215
254 39
30 43
118 67
176 42
241 72
74 293
148 73
186 261
126 140
53 54
81 206
220 257
4 188
234 150
284 279
75 77
3 96
130 51
40 15
55 114
170 147
244 273
97 204
302 222
300 259
312 22
45 42
120 274
143 161
152 92
157 244
221 254
78 282
169 24
160 22
114 93
243 260
8 127
234 89
10 61
109 228
1 251
238 296
30 122
96 219
234 91
304 106
228 176
220 251
179 199
74 286
11 38
205 221
216 274
157 302
207 222
168 262
15 82
194 306
117 83
121 54
174 105
11 47
303 112
206 282
216 133
97 210
191 52
182 147
267 245
124 205
110 307
275 301
83 103
173 183
42 68
78 16
249 205
311 69
282 220
156 135
3 294
196 44
312 156
267 120
72 221
240 90
194 284
34 77
293 18
190 257
190 186
189 152
22 38
308 290
84 81
22 204
54 94
75 106
78 312
242 158
127 253
243 1
201 214
139 21
154 27
303 188
205 273
7 0
217 314
162 227
292 253
52 224
54 43
309 312
80 86
19 299
233 7
11 185
155 19
37 108
144 172
108 318
157 149
103 151
136 314
311 246
59 84
262 38
294 202
77 288
221 52
159 34
201 112
293 309
29 6
318 166
141 270
248 85
10 109
114 73
313 36
316 170
159 279
16 274
260 27
319 258
103 304
28 218
171 25
286 121
289 135
227 320
181 312
255 158
231 56
257 96
96 289
97 192
184 143
53 65
193 199
115 144
162 3
129 24
109 187
175 150
96 23
156 113
86 124
227 197
300 37
173 57
159 115
236 189
305 117
292 274
195 301
78 4
275 188
131 81
217 112
28 230
76 273
131 125
134 219
170 197
169 216
138 2
277 136
236 278
175 236
251 30
265 195
161 274
22 180
22 138
131 16
193 95
196 23
232 271
92 201
235 237
42 95
162 118
117 184
72 176
188 30
17 165
290 58
234 244
294 293
36 67
215 276
118 207
169 167
169 10
12 2
39 200
112 296
82 155
86 67
16 146
275 308
246 185
216 205
266 260
171 177
86 194
138 43
121 308
276 196
41 143
116 16
305 300
7 112
294 188
217 93
157 144
33 61
239 321
155 50
32 76
249 125
124 119
296 170
85 6
194 282
78 91
84 282
164 155
9 62
234 180
244 120
16 64
74 19
259 139
249 16
79 31
322 96
123 183
53 193
56 29
186 204
42 167
33 33
260 162
42 246
149 146
232 118
271 110
211 5
319 62
260 283
30 87
286 178
163 278
178 27
303 241
255 122
90 150
232 289
111 154
29 163
242 90
25 221
141 222
172 93
270 282
315 320
267 97
16 49
295 186
171 145
63 5
204 74
18 26
177 192
90 174
172 289
62 196
152 278
196 150
203 186
30 89
56 277
148 194
287 184
83 117
280 264
53 263
245 159
25 26
56 320
221 63
272 40
148 17
280 19
61 249
93 244
67 265
251 5
246 178
299 101
94 155
198 307
257 320
255 300
6 256
157 103
88 24
192 36
127 76
139 149
104 115
266 221
88 63
67 304
232 182
38 260
74 178
96 110
23 189
137 163
253 109
230 270
251 139
232 99
198 299
130 22
180 173
45 312
48 11
170 317
253 294
273 286
276 163
231 321
62 198
241 76
300 193
210 210
114 267
17 151
283 261
8 274
156 91
126 43
245 140
254 195
73 87
314 306
150 8
98 79
118 128
171 243
76 227
71 197
167 136
33 52
48 217
47 138
56 257
323 65
136 137
259 126
180 63
25 141
104 201
223 246
107 279
207 97
307 273
16 25
237 56
35 110
153 144
209 185
24 280
186 67
283 140
315 109
113 294
197 63
134 291
154 129
37 255
162 134
205 226
71 215
246 80
86 42
255 55
230 123
35 75
92 227
180 221
291 258
51 18
110 89
26 135
195 165
210 100
102 252
318 168
46 30
211 252
102 232
265 19
310 172
83 319
106 122
40 244
234 182
69 108
144 53
196 221
300 171
188 120
280 209
104 294
302 283
276 210
293 243
241 233
121 259
159 66
164 228
231 132
13 168
14 160
246 129
228 241
108 147
18 225
164 100
238 241
91 168
241 38
298 292
20 159
297 284
170 110
157 242
305 149
88 276
36 253
59 80
102 216
304 174
195 252
48 116
52 242
224 240
217 70
91 91
291 279
292 110
295 256
194 16
34 239
176 104
131 11
160 294
222 14
183 140
219 116
26 167
97 212
246 67
37 11
271 273
48 69
153 173
20 150
75 44
180 298
291 112
46 133
302 281
241 18
253 147
316 191
190 313
255 295
275 311
58 213
301 100
253 261
156 143
200 316
35 277
299 169
146 94
227 224
293 196
314 215
89 151
72 22
178 228
261 188
18 153
13 214
11 131
217 213
56 44
309 174
177 121
19 129
306 243
284 220
200 296
146 84
3 271
282 35
130 117
89 265
184 67
206 146
125 270
312 67
317 195
257 122
244 242
39 232
79 115
301 226
152 140
88 34
98 4
60 321
59 179
195 232
109 231
280 102
30 212
270 245
138 117
225 313
323 144
300 5
108 183
182 246
244 268
59 50
189 181
233 2
92 4
159 14
36 226
23 195
20 197
73 21
3 23
262 218
111 102
72 185
248 220
110 298
88 289
311 142
244 95
229 42
309 53
151 24
189 90
82 54
262 25
208 116
20 123
17 99
183 313
158 230
227 128
273 80
155 301
33 65
68 213
246 308
251 185
38 251
233 233
113 161
149 228
250 3
106 200
239 7
73 262
208 18
217 86
12 261
0 227
46 60
127 142
258 151
218 188
269 145
300 165
226 79
67 64
120 217
54 81
289 201
134 7
250 194
319 140
284 312
101 295
234 284
198 296
60 29
53 105
143 291
312 39
182 208
221 231
94 312
275 162
319 34
110 147
120 68
304 251
22 148
113 302
302 162
69 294
193 292
3 313
62 289
155 247
210 107
64 16
205 9
37 92
222 197
135 142
274 71
35 300
35 220
160 318
37 173
214 16
29 232
127 229
138 236
283 241
24 272
42 34
236 49
260 178
114 165
43 133
280 130
245 311
204 190
205 29
145 142
254 248
295 85
168 273
17 144
67 82
232 235
214 246
127 121
266 101
102 24
85 52
255 210
255 153
37 193
201 64
282 42
262 297
21 216
270 19
225 60
192 44
171 257
159 79
237 217
75 191
273 170
140 2
140 167
103 137
208 257
315 81
155 269
31 29
251 293
152 232
29 35
35 216
174 181
183 76
20 80
76 254
290 171
138 123
128 240
15 222
269 311
99 77
230 61
69 89
217 2
260 13
31 111
167 33
262 133
235 323
31 64
114 129
151 296
171 228
192 258
139 41
104 18
211 70
14 98
133 178
26 133
237 255
74 202
40 224
313 307
116 241
293 142
123 4
41 207
308 199
318 205
36 316
23 112
120 10
198 96
261 126
211 90
222 105
47 143
269 38
96 154
29 180
224 134
210 111
135 119
274 41
29 135
210 299
199 32
57 77
75 197
207 211
202 90
162 301
205 255
321 179
231 70
127 272
222 116
64 244
248 94
22 74
211 176
256 314
59 259
121 170
82 62
114 256
107 188
152 169
154 57
125 117
139 64
17 44
277 276
188 271
285 70
77 197
234 52
280 116
41 126
204 81
150 136
199 64
210 155
245 232
226 307
111 19
93 80
104 186
191 238
288 181
149 134
242 203
233 154
63 166
112 195
228 91
175 15
306 302
37 281
313 99
88 233
176 115
241 134
205 211
223 55
208 57
219 95
192 142
126 241
73 160
246 21
131 110
147 249
52 138
243 279
24 278
199 139
128 301
317 207
166 107
323 109
175 255
253 62
15 140
316 26
207 217
30 206
303 169
183 156
35 198
52 234
5 62
193 83
18 196
218 149
292 150
21 32
98 33
307 161
234 78
157 146
282 40
293 47
66 240
77 243
307 169
62 33
44 295
155 149
234 169
307 92
145 166
306 263
151 254
216 222
223 225
113 40
101 251
68 261
56 179
299 296
67 129
175 163
302 20
220 86
133 98
276 313
277 224
21 91
59 101
186 51
302 25
28 262
12 105
266 62
60 210
45 19
72 36
214 313
67 78
223 153
61 44
134 269
18 104
221 9
285 107
103 118
189 122
237 206
249 296
158 41
45 191
286 259
207 289
7 56
187 316
172 230
226 88
12 275
308 99
144 203
142 302
229 97
7 237
93 36
53 209
195 131
204 143
287 235
146 62
135 6
322 116
1 311
172 241
155 74
125 149
136 113
53 282
163 48
59 246
274 20
314 117
180 280
28 43
200 155
316 138
70 257
199 112
239 309
309 205
42 231
292 39
198 267
151 32
138 271
109 73
158 22
49 227
11 292
158 264
60 251
255 191
192 177
305 292
219 282
74 25
195 127
242 80
217 155
275 67
178 63
57 102
31 210
195 104
186 3
262 245
127 15
67 254
238 204
58 8
253 312
122 18
197 9
200 133
149 13
277 75
132 44
77 47
242 304
258 177
7 96
42 180
7 68
176 261
233 211
140 199
243 99
272 139
3 261
73 166
67 168
228 151
206 302
51 156
323 34
189 159
272 47
287 192
93 15
109 206
276 248
91 244
112 268
220 167
126 144
249 102
175 305
77 304
139 235
301 51
27 229
2 60
71 8
145 136
25 265
200 103
299 266
246 144
191 247
281 305
160 194
60 8
77 172
283 86
248 279
189 229
48 155
315 134
288 98
128 189
138 241
107 175
27 197
218 134
119 288
247 23
13 221
82 22
320 97
29 214
254 175
166 189
2 72
14 210
10 90
1 182
229 77
178 97
28 45
113 318
194 234
281 50
47 176
27 169
23 223
291 81
293 157
183 94
229 133
313 143
148 263
185 28
191 250
69 205
20 322
264 137
69 185
77 126
87 84
194 24
228 312
152 246
100 145
41 41
154 47
118 163
249 71
202 133
130 280
84 128
241 100
45 9
112 150
179 64
168 60
178 82
212 317
321 254
216 247
100 300
4 173
12 244
0 70
147 298
116 237
222 141
238 182
13 100
8 271
88 6
125 59
36 134
98 69
132 61
286 5
123 76
203 15
190 36
294 138
168 179
237 261
290 248
249 138
78 319
143 278
21 89
111 272
202 49
187 303
11 312
105 13
134 273
243 82
185 103
264 75
132 14
122 207
41 219
4 114
316 112
244 129
247 9
95 64
44 117
117 205
322 5
251 287
255 76
180 38
308 244
141 149
125 294
290 313
206 227
45 253
210 247
87 277
94 221
185 190
277 113
315 254
146 312
18 205
73 53
264 177
280 29
255 160
260 1
128 51
260 223
85 256
242 136
100 121
263 189
171 188
179 172
314 218
297 260
190 282
54 171
48 121
4 29
232 58
188 12
249 14
84 36
141 320
44 111
315 156
7 98
11 205
223 150
294 93
176 320
224 71
204 19
6 235
51 282
130 162
202 18
228 271
137 252
12 7
243 249
171 54
24 75
98 320
116 225
40 307
69 67
205 90
13 272
291 208
304 191
130 9
102 28
119 111
189 130
309 2
245 61
113 87
305 86
293 69
106 153
199 159
185 292
159 320
129 308
236 212
311 293
86 28
12 225
253 321
48 72
3 138
67 205
13 234
246 69
35 222
119 51
236 110
15 199
201 40
147 215
115 159
93 46
125 203
287 142
316 219
14 115
192 269
47 196
228 3
158 192
322 152
52 212
134 157
311 116
175 75
82 221
286 271
37 51
187 113
196 75
190 244
312 323
58 107
289 303
237 164
121 199
127 101
138 140
13 191
259 128
283 212
233 46
206 68
317 215
77 256
236 81
180 132
222 223
8 102
221 3
283 83
129 225
113 174
21 55
88 226
203 196
38 88
191 291
227 120
255 271
156 271
310 144
188 105
294 261
137 38
55 321
138 203
189 1
322 150
22 273
37 86
103 9
95 148
230 130
165 196
163 173
134 163
294 266
124 35
82 223
95 225
182 273
281 147
320 246
304 1
189 103
219 186
83 242
6 1
197 135
216 293
222 78
168 42
185 252
232 35
4 248
287 320
151 126
52 245
174 158
74 86
18 142
140 242
128 53
265 224
172 68
252 227
295 182
105 128
6 54
316 307
182 154
0 111
312 232
12 54
189 76
16 251
34 159
304 122
116 164
239 88
69 201
257 287
228 89
273 123
314 316
223 49
133 70
258 34
184 184
269 29
108 40
301 66
168 271
211 14
146 217
42 205
228 273
104 147
140 305
13 162
81 233
314 56
304 249
183 296
107 26
264 256
102 256
294 305
181 162
160 123
247 1
163 204
116 24
215 18
155 59
22 242
295 156
22 311
13 117
261 40
250 67
5 5
36 261
185 85
148 245
296 53
187 90
202 254
231 172
79 107
193 119
109 23
72 308
113 138
13 32
302 311
77 146
251 52
166 249
134 44
9 40
197 309
91 216
188 264
236 219
39 275
315 217
185 57
79 308
62 35
89 235
126 196
191 311
229 73
188 148
46 180
249 317
132 191
155 93
245 146
100 81
52 97
17 311
184 148
166 225
207 45
80 109
292 125
9 27
46 142
251 228
86 285
295 101
206 254
321 9
131 304
171 200
226 311
143 236
298 42
310 148
309 50
307 163
114 36
219 70
185 319
39 309
266 183
116 64
141 216
48 289
29 224
186 192
200 192
295 178
186 224
160 180
61 195
195 122
41 57
194 79
315 18
114 219
191 184
85 135
54 92
190 64
108 230
252 158
312 83
106 168
113 136
284 314
101 307
55 145
251 34
106 261
196 241
321 183
94 75
46 265
293 146
297 135
259 0
40 311
86 117
89 87
226 206
289 32
270 168
267 291
253 211
304 145
274 238
317 106
216 321
259 95
292 296
135 34
308 180
195 225
40 48
118 42
215 297
284 48
122 2
255 6
221 198
228 221
193 93
119 148
192 54
168 47
21 252
153 291
192 299
131 207
120 66
214 115
195 95
165 43
2 70
80 312
250 113
189 223
317 290
215 80
177 318
30 272
309 157
295 19
218 231
305 10
115 22
230 206
199 184
63 151
302 198
129 299
319 1
115 295
243 142
162 308
236 168
268 289
112 164
182 3
2 277
228 104
27 35
172 252
36 124
34 14
318 128
88 180
225 54
243 89
95 214
272 30
144 111
214 58
111 46
103 239
302 5
222 295
201 101
147 219
276 250
178 320
101 217
115 312
130 0
219 28
162 180
53 12
154 256
115 180
2 247
283 147
79 278
17 199
271 292
202 244
284 77
167 80
92 250
33 305
66 33
166 68
168 235
322 173
310 153
175 67
269 196
81 259
287 304
113 97
177 125
19 191
36 82
264 185
304 152
91 248
198 86
52 40
117 165
228 64
156 312
239 133
200 75
299 203
13 70
281 93
110 182
58 242
32 163
159 283
174 308
60 305
219 213
211 206
64 81
308 82
124 289
163 128
201 284
243 108
175 156
19 154
1 143
125 299
37 301
236 226
85 149
303 212
33 23
225 321
256 266
49 196
283 96
171 174
134 314
138 105
197 94
224 273
10 55
245 196
25 100
248 171
70 207
311 1
75 128
31 4
170 152
19 38
233 72
154 260
160 238
55 183
17 237
274 293
297 72
263 24
55 120
210 40
315 259
203 209
36 56
23 19
149 101
280 24
49 302
23 163
139 161
135 149
161 235
75 53
166 27
263 113
28 149
237 134
62 216
19 284
213 195
260 83
185 198
295 212
153 35
229 140
56 199
11 140
234 270
277 206
62 266
101 167
102 93
131 242
90 187
305 27
27 17
57 158
173 171
98 137
74 308
106 289
29 242
245 302
16 43
120 224
182 23
51 258
12 263
131 201
176 313
145 210
244 178
118 316
270 225
218 284
280 149
24 51
208 132
281 125
320 298
12 35
71 161
221 299
289 143
78 135
155 48
185 294
129 287
188 88
194 314
13 20
85 274
53 183
86 22
130 26
122 234
321 78
94 294
191 1
302 78
122 148
94 133
15 189
299 151
154 249
155 8
62 238
83 83
311 99
52 81
76 119
178 109
173 210
224 11
18 261
240 283
122 253
216 203
219 219
276 40
304 281
140 77
201 145
80 121
220 309
55 65
76 50
242 124
76 297
231 260
119 165
259 56
293 116
97 180
265 113
0 204
152 242
304 233
251 143
225 243
73 8
316 244
173 188
30 320
289 199
255 8
170 292
193 323
124 247
210 87
73 277
106 84
233 103
201 104
246 250
232 23
21 78
288 314
318 310
234 266
291 52
307 211
164 67
79 159
186 321
278 323
19 144
98 299
9 285
301 271
23 21
279 58
248 8
215 270
119 76
81 7
184 126
77 38
152 122
23 13
217 174
28 246
102 146
120 29
92 90
30 14
54 132
262 249
311 59
282 52
49 120
217 137
108 313
169 22
302 248
94 102
196 266
209 0
51 60
151 100
164 117
198 209
150 176
85 203
295 40
122 263
138 196
42 39
142 5
103 243
249 89
223 108
185 91
248 32
279 187
185 140
54 73
219 34
218 69
126 280
79 252
64 289
112 124
53 205
171 116
135 260
36 290
234 223
315 2
221 190
313 294
320 184
63 293
31 316
306 145
183 69
47 124
84 64
6 226
105 224
100 130
75 245
29 33
156 189
183 231
54 280
49 144
212 88
113 180
100 79
52 69
92 241
135 15
30 2
209 277
223 215
228 285
178 9
249 188
230 214
14 178
177 123
166 130
86 292
56 105
45 97
127 251
181 136
169 161
92 109
52 38
107 225
69 102
162 286
6 150
32 78
193 100
1 135
293 3
9 156
132 322
117 282
191 261
317 268
230 240
96 48
270 277
239 113
281 262
153 138
114 30
164 314
115 276
171 97
19 229
291 146
249 133
316 74
222 308
218 192
79 234
290 121
321 295
49 191
105 157
3 182
74 228
21 14
120 25
321 144
73 75
103 308
83 90
201 110
199 17
221 244
2 180
41 5
319 281
245 267
55 275
242 155
299 319
309 100
153 66
151 151
81 116
170 75
110 16
221 292
77 252
124 236
112 242
24 22
260 234
320 60
279 92
279 242
257 94
26 287
275 273
191 153
270 99
127 70
193 194
212 57
16 179
84 246
292 205
232 190
196 170
57 66
222 90
13 102
118 256
144 82
166 88
77 277
69 241
229 297
251 189
66 143
154 4
154 175
152 171
53 142
6 16
229 113
311 84
255 293
168 82
94 125
229 56
210 130
88 32
86 11
4 15
45 129
14 187
74 254
101 20
55 216
162 56
81 272
16 0
144 29
271 61
82 10
257 127
9 136
276 2
181 128
48 313
92 23
278 180
310 276
190 6
258 315
173 298
306 73
148 202
95 96
141 98
235 305
29 106
103 209
16 160
183 160
211 123
15 273
278 51
40 133
61 303
143 71
197 32
40 250
22 57
297 50
216 92
203 117
176 216
224 62
213 65
36 251
315 11
250 199
29 229
128 169
20 302
139 248
36 151
261 211
18 16
66 117
0 193
52 173
314 83
318 301
230 158
227 1
232 168
173 26
62 97
20 308
148 265
87 78
3 171
25 28
19 32
105 202
14 232
174 200
284 29
276 50
180 146
300 90
305 213
37 203
156 28
135 192
178 180
225 301
282 296
85 223
98 237
264 306
127 128
69 198
305 18
79 25
136 135
163 214
173 14
209 24
137 75
167 15
6 148
220 291
283 67
134 56
322 128
178 186
278 178
24 158
139 277
260 118
59 188
0 160
213 98
243 266
172 2
82 120
313 121
173 81
209 91
133 128
115 34
67 47
255 233
252 86
70 228
294 14
315 114
280 121
306 134
21 275
133 142
182 174
158 197
202 150
149 320
194 37
107 140
113 9
113 276
316 47
151 131
105 95
144 55
320 168
245 131
217 28
218 4
25 270
203 207
256 45
314 202
163 209
70 12
285 64
224 152
7 319
9 195
49 322
289 183
281 283
250 13
224 199
100 202
287 86
197 243
204 44
218 91
227 256
19 65
283 317
259 21
220 223
263 305
229 17
175 268
263 228
300 19
58 227
70 14
183 60
224 307
316 296
203 242
268 31
88 30
218 124
199 114
236 27
227 24
20 66
288 118
281 288
89 248
136 265
157 56
34 261
229 316
273 68
58 251
10 170
60 73
289 2
185 121
89 62
8 150
76 105
304 129
182 199
77 284
90 74
105 159
224 191
49 318
164 85
159 52
36 59
177 176
137 235
266 109
284 81
246 230
131 90
284 68
214 49
217 63
199 55
95 81
145 18
305 273
181 284
159 205
151 225
6 13
109 211
312 287
75 209
216 146
141 256
168 285
285 3
209 304
198 235
141 185
149 122
15 100
133 28
122 58
42 73
206 290
107 248
47 157
322 155
270 137
57 91
304 42
62 139
197 33
57 130
146 28
122 283
145 186
47 64
139 255
6 114
316 199
109 137
204 213
83 207
134 79
218 290
288 312
146 40
144 125
188 42
119 230
199 122
222 48
220 15
316 67
40 241
139 162
176 281
173 236
281 310
199 29
62 28
228 87
215 119
88 207
238 48
74 186
154 156
157 246
72 2
254 14
93 63
43 122
291 130
98 101
255 212
30 187
53 322
126 170
305 321
162 208
104 296
312 61
151 172
302 37
244 247
228 114
230 24
143 107
163 138
188 296
134 71
282 204
82 49
95 256
196 106
129 19
32 98
145 283
278 32
314 189
99 156
193 273
26 143
304 218
178 194
44 44
280 36
70 94
91 290
246 286
205 303
72 41
197 302
38 102
125 188
169 264
14 80
213 14
295 250
260 301
13 110
65 225
281 230
235 301
226 264
50 257
57 236
189 170
313 69
242 248
43 175
24 171
31 81
207 121
29 29
93 117
131 88
19 141
226 122
79 189
277 216
156 108
230 143
78 301
72 261
266 292
266 306
216 180
88 214
225 205
139 154
77 143
183 214
194 170
239 256
87 176
184 232
8 91
240 204
109 218
136 185
182 267
43 71
242 161
32 289
9 198
56 4
20 108
200 164
104 253
106 247
229 160
323 142
211 115
21 293
176 241
211 65
16 123
248 238
255 168
269 214
318 50
164 0
14 297
253 244
295 184
255 57
15 293
6 211
259 185
282 157
283 249
37 221
266 272
23 217
248 294
230 95
316 302
125 77
236 314
220 41
107 317
204 94
275 34
150 322
246 304
40 53
82 262
293 155
244 148
274 169
115 18
159 88
27 78
266 212
48 233
16 286
176 259
233 295
282 248
43 237
200 292
210 53
102 186
42 80
46 288
181 85
247 45
111 210
295 59
140 54
107 76
213 46
79 199
166 117
101 39
127 91
18 172
289 209
149 97
269 156
13 203
127 265
284 109
92 57
267 259
313 12
39 181
131 28
120 304
278 168
23 165
105 273
134 311
323 91
165 271
1 56
93 305
317 3
104 85
34 242
267 69
323 238
21 218
318 269
287 245
25 183
139 279
296 108
73 190
287 25
87 293
48 54
172 223
92 315
71 112
160 223
2 259
34 7
239 216
37 153
122 258
204 91
287 211
60 110
197 147
275 61
230 151
79 111
31 255
129 181
268 84
116 321
316 300
86 37
192 6
85 10
173 168
288 55
311 221
223 218
283 243
234 246
8 75
209 286
46 65
152 52
295 117
234 162
250 169
75 160
62 224
153 110
212 306
88 22
222 36
1 293
77 317
91 36
210 172
314 30
97 65
282 1
185 302
241 36
107 170
26 230
48 162
142 228
183 128
268 271
70 63
249 253
193 136
303 308
172 120
166 121
162 293
232 200
147 24
88 41
282 30
120 228
285 306
147 7
300 181
62 13
0 299
125 70
68 285
212 184
196 28
135 37
0 86
323 171
213 304
56 73
271 68
298 316
178 78
90 126
35 212
193 140
0 240
277 62
320 203
235 102
57 12
294 281
19 217
199 161
96 269
283 235
183 164
301 183
112 236
252 21
89 261
57 9
24 227
141 153
85 130
98 175
248 64
321 307
69 182
105 105
89 305
292 280
121 184
24 125
145 7
289 219
230 248
322 104
133 176
50 228
60 39
112 79
253 236
148 75
90 0
13 197
30 283
272 246
134 130
201 305
7 301
302 250
270 85
264 157
48 135
281 294
238 110
299 149
272 146
230 286
306 104
29 292
167 272
196 257
85 195
289 207
310 21
124 207
190 213
106 135
275 186
7 152
46 107
279 276
132 76
292 226
11 266
4 259
219 277
280 203
44 200
320 222
50 223
263 29
322 43
49 95
251 178
204 176
185 279
180 142
314 150
242 15
72 278
222 278
280 281
112 37
267 159
136 96
238 314
303 230
148 239
229 281
17 183
114 309
112 191
64 302
121 47
136 14
137 42
297 185
156 26
102 268
320 265
86 97
259 198
3 206
7 7
208 78
183 238
253 131
120 263
227 74
279 123
34 236
37 136
139 101
257 318
213 234
269 264
13 13
68 154
147 304
308 153
136 156
102 278
210 259
280 226
300 93
130 273
210 245
223 13
192 218
4 88
55 289
34 18
41 221
4 76
132 274
45 104
174 275
188 166
222 181
256 198
241 150
208 106
40 111
47 266
9 161
282 231
235 72
238 281
321 258
211 72
233 62
72 231
91 123
72 219
101 230
152 199
241 202
95 266
121 98
165 269
244 227
307 279
227 268
287 6
111 67
150 156
139 213
230 170
38 166
249 65
257 312
269 135
259 46
9 319
260 305
182 216
50 200
136 173
187 199
258 64
100 68
79 267
271 171
0 285
290 175
106 1
70 143
126 151
201 174
247 65
84 75
40 289
209 6
38 317
204 79
28 40
225 28
96 43
198 322
196 203
299 253
270 298
289 0
191 116
92 136
306 290
159 77
44 323
183 49
184 134
237 208
43 198
115 61
279 155
83 210
234 272
260 74
57 64
11 305
99 159
168 29
47 268
76 145
314 67
121 145
184 266
196 219
9 21
23 96
32 262
169 169
68 217
87 65
224 289
53 147
232 37
265 187
136 322
291 228
173 317
198 203
52 58
190 176
39 272
1 221
293 291
75 101
189 28
25 71
187 197
290 274
56 92
18 123
43 145
3 231
129 252
286 241
191 298
0 156
175 34
204 133
206 166
102 7
273 167
249 218
213 119
190 259
7 21
262 251
251 316
31 310
205 178
119 320
171 209
245 291
235 250
65 210
240 64
172 306
79 17
78 195
154 319
91 88
234 225
98 273
18 198
312 20
180 26
322 72
150 239
125 94
174 273
171 4
125 178
305 306
261 14
63 184
252 283
129 49
312 149
64 76
157 151
86 128
153 289
213 163
22 170
213 302
54 113
278 83
275 48
272 90
155 225
139 198
106 70
199 259
309 75
140 318
174 45
307 13
107 132
58 40
20 1
123 245
97 24
315 90
165 317
277 39
123 132
15 168
176 19
169 145
89 270
206 106
194 63
199 8
272 299
161 35
177 7
163 197
94 314
165 139
144 47
280 191
205 262
1 196
132 272
32 275
3 10
248 3
216 272
28 97
36 0
33 296
153 77
306 56
127 218
31 124
106 285
31 196
43 173
35 157
322 32
192 148
268 10
162 101
94 29
187 73
323 214
163 247
315 43
74 35
156 219
158 0
6 195
29 128
111 186
93 162
122 238
301 303
241 271
154 84
226 229
246 31
243 37
256 39
160 220
196 35
83 239
63 116
285 300
167 122
172 266
322 53
313 314
214 9
3 214
149 11
323 312
116 118
140 113
184 191
42 281
292 98
106 37
242 170
221 208
10 310
225 15
195 49
135 309
113 269
226 153
244 50
26 114
10 291
180 157
24 268
62 222
198 5
69 253
243 46
151 67
321 0
59 48
252 256
43 212
48 88
72 156
161 242
158 175
147 66
103 320
277 270
291 298
181 74
114 253
171 167
123 159
134 26
264 214
245 107
75 27
317 271
96 132
292 285
92 131
293 75
88 50
140 250
43 126
195 235
157 321
242 319
208 238
60 106
17 111
115 1
81 107
177 5
47 185
194 102
56 307
236 106
128 310
70 173
23 140
242 281
59 55
4 236
144 33
288 13
98 27
162 1
304 283
211 228
191 158
251 46
52 264
33 47
98 103
283 291
72 95
107 68
182 39
43 227
68 137
27 136
143 209
36 312
62 118
198 65
68 94
308 228
144 228
167 259
275 11
282 202
46 102
41 320
311 105
302 246
322 210
278 259
180 286
109 302
118 240
158 316
309 28
122 191
292 167
119 101
19 186
219 166
146 280
294 33
104 28
45 123
224 186
109 238
304 143
200 160
31 273
118 272
139 127
131 215
151 189
313 269
173 274
176 108
236 181
0 122
190 16
101 88
56 265
240 125
151 106
289 70
228 287
268 105
35 174
213 286
247 123
151 39
261 204
269 149
34 31
282 313
296 116
71 88
308 135
141 205
254 24
295 241
279 106
253 88
142 110
15 315
220 36
122 51
52 27
182 260
217 75
139 223
253 188
88 97
79 232
172 30
193 117
196 148
136 71
128 163
279 17
124 7
29 144
84 217
276 284
233 11
251 187
23 221
243 73
107 194
249 153
118 93
84 254
100 90
284 210
27 131
88 127
87 165
207 261
174 198
38 1
318 146
45 25
123 105
284 175
142 37
165 312
96 258
99 291
265 279
206 122
122 276
150 30
90 262
83 135
31 232
56 172
61 0
279 99
304 298
0 95
292 23
240 155
112 298
306 258
25 124
70 293
258 205
139 208
90 179
96 11
258 14
312 285
61 130
91 320
180 313
42 138
160 129
200 6
268 294
59 25
122 28
224 182
114 2
40 283
236 147
167 308
173 255
60 238
293 237
259 62
302 76
173 283
210 153
21 49
172 238
4 290
63 264
211 273
284 150
178 279
6 270
13 46
303 221
94 116
74 14
208 263
112 93
169 137
174 42
74 217
95 21
113 35
119 152
117 307
182 41
137 90
6 199
168 317
43 137
162 291
207 240
254 89
213 228
143 310
25 291
219 18
251 124
23 210
239 221
81 167
239 258
277 317
203 268
234 156
93 25
179 178
124 296
176 232
257 19
161 15
200 299
16 93
61 292
182 149
266 95
62 279
134 232
13 152
194 75
40 20
255 108
245 47
320 186
197 272
234 9
1 198
71 152
21 52
225 245
128 316
76 136
39 120
322 77
158 131
112 260
142 88
277 0
256 232
186 283
129 128
256 205
220 45
108 64
87 69
146 152
42 225
124 306
22 159
284 189
166 205
85 111
267 228
6 280
186 115
32 250
222 103
303 117
254 42
297 286
176 197
41 28
48 187
167 300
285 97
29 4
208 193
133 54
262 287
301 301
190 300
116 223
263 288
185 16
164 140
17 272
123 221
213 217
301 39
211 287
81 287
193 62
290 243
280 185
320 39
76 212
17 288
208 234
28 167
229 225
106 298
28 301
29 124
97 156
84 178
138 60
161 62
296 288
318 159
315 92
87 145
123 219
224 263
148 63
206 197
224 229
99 260
249 151
82 58
97 230
23 154
189 115
205 96
183 9
64 36
21 206
135 274
21 295
237 0
292 174
77 63
216 52
48 304
9 201
104 216
41 123
283 13
144 61
298 22
211 263
93 124
72 25
19 121
263 48
108 181
23 26
181 198
245 234
161 147
25 109
60 284
217 282
53 239
273 89
197 179
123 173
223 297
260 264
255 127
114 197
140 213
23 147
234 122
27 310
30 59
303 202
76 203
13 306
110 21
248 308
67 28
179 190
85 186
94 218
238 319
13 82
181 155
117 13
246 76
157 52
186 268
221 38
187 218
267 41
121 143
171 35
18 72
44 34
104 268
263 91
88 13
121 160
243 165
320 32
68 298
53 47
45 49
157 279
284 169
247 212
194 218
23 266
120 115
73 131
272 191
257 140
148 179
25 83
146 259
179 0
96 234
202 115
234 288
165 157
5 117
110 127
48 204
93 291
290 34
279 270
21 208
207 179
264 144
156 165
271 181
29 178
259 303
42 128
81 229
322 157
239 53
204 253
57 133
39 204
271 7
85 120
296 207
224 21
147 200
57 282
95 163
171 58
67 124
2 227
49 210
261 140
288 191
31 57
192 256
203 200
60 85
29 304
9 111
227 82
294 253
132 108
3 17
294 159
265 115
84 187
313 196
307 182
233 64
89 199
235 104
308 311
113 119
202 25
40 26
85 305
314 251
275 291
231 135
243 264
120 74
278 150
143 239
163 33
228 95
263 278
2 87
304 189
322 186
228 248
87 281
98 203
289 88
208 101
297 191
272 56
239 266
106 61
116 247
130 189
90 285
33 217
176 226
168 159
46 242
278 280
312 260
147 119
7 219
97 139
222 7
138 45
151 211
69 114
204 171
194 286
94 179
80 174
307 84
150 158
44 113
142 54
178 115
164 148
71 238
266 13
142 100
271 123
317 209
77 306
170 319
176 223
34 149
164 57
279 44
275 85
73 137
261 95
186 233
108 261
27 178
264 318
29 322
306 180
30 289
19 252
140 314
32 186
156 54
26 289
284 252
270 72
150 263
40 128
154 45
311 122
231 280
66 282
228 37
157 204
110 251
24 43
108 291
318 210
65 134
251 262
84 95
148 65
288 172
257 203
71 302
225 193
11 294
291 315
190 210
265 169
145 296
272 201
177 70
97 162
129 260
218 43
310 49
143 185
30 115
212 38
241 277
179 88
152 238
203 251
209 126
267 202
241 54
14 302
38 254
212 48
179 229
169 204
275 223
181 111
223 98
178 56
271 78
309 278
161 279
303 59
117 7
312 24
285 146
176 9
262 282
137 283
163 53
170 190
71 316
305 120
270 205
169 54
18 167
77 154
58 141
248 53
209 135
224 161
153 198
155 71
231 139
84 299
293 211
163 109
288 213
292 248
171 12
156 99
42 186
111 173
279 320
235 286
230 28
42 27
270 59
290 189
111 112
199 126
153 183
195 124
106 312
238 42
302 11
34 99
189 246
141 231
242 270
194 22
142 272
185 205
19 5
316 5
230 165
74 184
37 21
161 48
141 70
139 291
38 310
47 90
149 219
43 62
127 183
194 318
161 110
212 44
38 124
302 164
214 99
43 297
177 208
187 284
12 229
123 103
299 255
33 203
130 262
191 206
194 18
48 85
172 86
265 70
30 200
135 67
262 80
260 267
300 159
191 66
168 146
300 107
209 306
198 47
228 308
197 45
291 19
272 26
118 286
269 160
75 317
122 13
126 99
267 126
79 68
120 154
10 53
279 26
220 121
264 58
164 195
304 253
0 55
132 102
209 64
168 321
17 37
40 38
69 161
301 155
212 300
273 322
58 297
317 282
119 198
241 295
32 230
232 205
31 46
219 62
17 31
98 88
285 37
19 117
254 77
191 175
171 130
293 321
212 260
95 183
78 188
301 195
110 63
113 143
220 279
278 261
262 27
71 265
86 299
288 134
79 172
261 275
264 141
82 74
219 234
222 288
196 59
65 175
54 185
160 12
277 175
302 57
231 295
165 136
7 156
207 285
253 252
158 84
216 230
112 203
216 38
98 85
164 249
190 275
237 280
248 59
74 195
220 322
184 306
29 273
136 106
230 182
134 148
177 322
186 107
235 29
46 203
275 26
128 283
237 248
311 298
171 162
38 168
212 66
18 14
183 90
66 193
98 303
181 9
306 102
292 213
109 300
207 195
100 284
111 122
61 197
4 210
167 115
113 187
322 29
99 55
124 64
6 303
109 45
137 12
284 31
14 106
17 221
134 140
220 22
39 292
242 254
237 54
310 62
266 163
102 34
240 35
245 157
106 114
124 180
290 266
166 322
141 72
148 45
239 164
150 49
76 234
76 223
167 157
264 322
248 116
239 285
104 106
151 54
153 284
249 246
176 266
110 124
11 104
194 176
69 47
315 194
276 118
317 265
111 237
118 124
58 23
78 299
194 91
139 320
159 207
116 104
53 295
126 161
66 22
275 322
256 227
32 165
5 57
241 260
162 276
298 130
171 198
52 240
248 81
94 227
187 152
87 7
38 98
50 150
192 275
292 232
51 111
304 6
94 70
296 267
243 13
96 102
61 66
158 295
294 270
77 266
191 242
18 251
228 199
65 310
45 29
86 113
323 30
294 148
207 318
296 248
49 17
89 84
73 152
47 244
43 42
147 187
58 161
19 246
75 164
301 116
307 1
254 298
44 39
123 278
34 178
168 87
144 208
75 81
8 16
116 201
68 312
64 55
248 175
216 188
49 198
75 21
296 172
57 115
7 179
82 266
135 27
148 56
274 164
179 214
56 150
314 163
319 267
270 0
119 82
184 274
297 86
298 134
239 186
203 318
313 238
148 85
273 155
79 66
283 300
47 279
246 161
26 307
152 179
35 274
245 41
224 32
120 88
151 174
310 132
111 217
298 318
37 212
33 148
221 177
321 196
75 278
214 107
49 99
25 232
212 196
314 277
82 247
294 97
244 292
135 218
48 276
18 18
214 141
269 100
132 232
239 199
44 50
128 197
219 267
88 89
143 295
168 153
143 30
319 289
89 237
300 42
240 48
161 127
57 135
262 162
210 190
113 101
160 165
236 122
135 88
258 161
279 53
183 29
112 118
242 188
21 267
79 33
39 301
264 250
161 53
301 273
8 321
52 309
150 74
127 258
300 238
132 213
165 302
158 114
198 84
268 52
139 176
310 128
267 273
127 173
301 230
0 124
72 229
138 168
235 255
295 62
275 231
105 77
64 3
23 285
101 266
81 94
259 108
210 192
241 200
132 55
302 170
311 283
86 316
257 278
263 187
251 266
321 64
115 120
17 231
116 62
209 180
271 190
60 212
49 186
298 132
47 96
214 269
167 72
311 202
231 30
115 259
109 12
135 300
22 124
320 174
75 236
211 319
291 276
79 38
203 62
43 221
187 22
172 219
175 284
221 102
314 128
73 154
31 133
133 206
169 92
27 106
255 116
182 201
239 280
92 279
141 84
10 149
258 175
299 285
211 216
294 99
35 138
98 284
23 191
0 306
72 14
1 300
53 191
112 21
303 114
309 59
228 118
262 257
166 3
92 78
178 46
5 208
45 267
82 192
192 13
271 265
63 103
225 271
88 104
224 128
69 276
1 123
36 188
222 54
162 256
303 297
123 249
102 120
105 137
138 136
266 190
160 112
322 100
190 164
165 288
196 185
9 81
19 74
32 42
314 38
295 271
254 222
102 86
247 240
40 136
100 28
160 172
295 95
12 0
257 308
29 120
315 174
41 8
191 125
127 312
262 66
223 232
314 58
88 174
100 18
188 223
102 112
65 123
148 307
189 284
49 104
3 266
295 25
209 270
303 204
301 120
34 97
198 199
9 282
240 246
306 139
293 101
295 64
119 86
116 263
152 190
76 319
319 77
115 91
150 92
277 98
31 66
310 141
143 123
136 294
117 22
298 312
141 188
22 0
31 152
308 285
265 119
100 228
9 79
166 313
106 147
119 99
264 254
291 9
0 278
107 59
242 110
257 215
108 134
4 281
38 315
230 177
105 123
226 287
277 10
236 172
100 57
51 208
255 70
240 220
111 182
260 236
260 67
142 177
160 264
64 72
56 251
268 147
14 66
262 143
90 68
313 262
235 154
150 160
209 288
52 171
286 59
254 197
6 312
278 226
181 165
184 225
201 226
173 162
254 170
103 61
216 245
256 134
219 138
33 135
240 231
25 190
205 267
219 120
275 183
268 251
47 178
140 50
204 246
292 148
191 93
153 99
135 224
94 1
240 255
194 20
85 219
128 107
98 92
228 184
2 77
133 202
35 147
201 230
240 115
238 195
80 77
268 12
61 108
244 194
167 270
85 104
323 14
285 100
229 7
184 200
131 203
163 242
213 7
102 108
213 264
140 155
121 261
279 236
146 246
251 61
319 111
230 190
221 1
157 224
44 246
87 201
300 287
190 168
195 237
195 261
228 162
137 224
14 35
260 60
303 223
5 271
235 100
267 103
22 249
126 21
17 257
29 318
226 129
33 109
10 155
156 193
321 166
281 99
213 31
320 236
293 127
92 156
70 239
252 72
126 35
269 190
182 249
221 159
34 322
25 87
141 292
285 137
158 186
249 255
69 1
186 178
259 270
117 112
232 232
176 21
179 243
119 34
259 159
111 116
145 188
275 88
33 245
185 113
138 280
179 207
85 147
188 168
46 56
29 137
318 224
252 198
7 173
213 182
90 34
280 205
139 246
215 45
177 169
185 309
113 287
257 5
150 128
93 194
163 84
83 153
254 35
124 125
315 172
100 245
180 256
299 310
57 143
149 99
307 29
132 72
199 41
201 183
41 162
171 301
239 293
298 298
305 131
115 40
211 275
253 162
4 212
212 78
301 49
42 47
71 130
286 55
156 217
47 254
198 71
35 52
261 293
67 96
209 223
304 62
169 96
54 18
263 310
241 28
9 42
230 293
32 116
289 253
54 104
44 224
102 99
313 91
36 265
120 206
233 50
178 135
42 305
209 189
293 185
178 20
315 235
196 15
320 56
144 106
16 241
90 43
225 108
53 244
110 264
84 97
115 232
25 236
108 264
310 106
194 147
119 312
65 84
77 69
61 117
72 51
35 162
201 56
88 161
242 297
162 229
293 183
127 93
255 132
52 300
9 69
100 33
278 19
108 38
1 152
200 208
219 207
35 267
55 71
315 275
323 102
273 110
122 56
262 36
321 114
188 225
167 306
51 44
141 151
20 177
167 10
82 151
166 76
157 78
295 0
191 56
124 217
252 116
317 120
8 34
94 174
8 110
311 8
244 136
145 31
195 243
39 13
133 36
103 279
146 11
130 20
174 82
229 216
193 212
186 196
104 241
235 134
255 166
244 103
40 264
5 133
126 310
71 139
164 76
147 251
137 172
153 274
216 209
177 66
5 20
149 19
79 298
243 234
80 218
253 149
175 143
304 88
270 129
37 319
24 123
65 173
289 294
313 18
150 256
294 161
42 157
59 134
239 202
229 269
271 145
106 216
314 16
29 253
138 263
152 192
80 53
49 274
154 127
236 224
145 144
139 30
319 161
222 185
151 249
145 174
277 243
187 311
295 107
164 224
199 276
314 87
139 312
230 58
18 63
211 312
21 93
75 179
94 12
75 229
103 166
120 64
70 87
319 154
193 157
26 12
146 234
278 265
292 153
264 139
21 42
253 115
23 71
293 94
251 307
308 145
208 203
43 309
127 108
171 132
311 93
36 102
46 47
76 3
231 72
98 44
218 240
207 53
315 237
50 167
210 147
61 163
190 277
16 7
293 272
220 93
21 120
200 171
89 259
214 138
261 18
26 171
190 3
267 65
67 307
264 109
229 266
320 87
103 247
214 78
136 190
239 39
319 247
254 302
141 64
128 130
105 175
7 299
162 39
281 223
133 300
52 109
108 267
130 244
102 80
133 16
217 81
133 256
11 63
179 130
162 27
38 230
179 205
66 302
105 238
66 42
46 216
265 300
104 153
308 165
156 46
199 285
71 40
222 40
14 7
80 188
123 49
120 322
256 258
29 113
40 252
51 79
154 282
78 144
132 194
298 244
290 286
106 107
228 93
268 23
161 309
31 157
236 162
138 96
144 225
245 192
155 290
206 12
204 17
45 87
316 201
317 175
133 239
162 295
19 281
90 272
46 304
291 41
62 321
44 30
57 56
22 309
131 290
266 53
193 81
224 214
104 69
311 197
126 8
18 308
312 316
177 311
78 170
251 105
297 209
177 230
60 223
199 250
298 6
226 147
208 129
97 149
188 282
192 244
105 275
89 79
242 129
140 137
316 45
75 252
268 275
95 143
110 56
152 240
159 296
289 162
223 9
130 135
85 312
128 72
308 232
239 242
157 73
181 289
101 119
227 279
305 265
306 209
321 102
300 130
283 216
33 243
318 138
100 268
105 300
95 191
93 144
41 273
189 52
105 313
55 13
48 320
115 173
43 192
141 144
47 153
307 33
286 180
193 87
172 49
74 319
148 285
184 35
182 244
39 191
249 323
130 76
42 30
88 67
218 22
8 231
305 72
179 51
110 315
160 316
46 88
126 257
278 240
151 305
115 269
77 237
249 108
201 114
225 48
243 55
71 184
256 83
10 128
271 290
33 156
57 25
18 219
206 86
112 148
320 22
86 162
34 185
115 76
222 210
123 318
78 122
89 321
59 163
161 153
139 35
27 173
180 66
8 199
129 221
312 274
194 77
182 98
64 186
307 45
105 195
236 268
86 105
258 242
78 219
74 93
90 31
117 213
33 283
292 319
182 47
132 64
261 47
206 247
24 231
164 19
19 276
36 269
66 164
213 10
222 118
113 14
61 206
263 98
168 246
40 271
60 27
164 151
79 15
32 131
2 94
166 78
1 322
182 113
165 259
316 317
298 208
278 318
321 80
62 137
265 154
200 86
27 317
30 276
102 198
133 78
214 305
62 312
293 81
228 250
297 9
271 203
63 291
303 67
266 84
0 280
133 310
148 69
210 128
177 95
167 264
166 223
122 227
309 170
25 85
177 239
269 127
186 133
2 42
181 295
115 318
128 126
220 124
186 18
286 152
85 43
239 254
133 268
157 199
159 94
75 257
178 215
253 105
79 314
144 302
260 155
104 93
199 124
299 44
37 296
272 17
123 171
177 182
263 104
1 194
320 181
171 203
113 283
78 61
165 25
290 49
111 35
261 70
104 232
182 265
20 106
322 222
107 162
252 248
21 82
167 138
239 5
83 180
294 239
210 164
35 25
27 47
225 227
115 230
288 286
131 255
277 298
121 36
211 163
110 94
65 257
278 255
216 255
141 74
56 169
32 96
155 3
184 272
274 58
17 51
216 215
285 269
298 320
202 306
307 304
244 304
200 216
40 305
143 282
1 133
285 13
170 73
16 229
98 276
297 58
68 58
131 175
204 69
117 51
66 35
210 214
51 238
231 253
136 43
205 36
283 198
152 56
229 0
160 276
183 86
133 192
143 204
46 286
296 218
53 111
309 194
106 155
281 101
164 115
274 151
260 144
273 231
172 291
83 15
276 120
21 59
174 18
152 47
288 149
289 305
78 53
25 194
293 42
297 78
59 236
177 31
101 223
21 7
279 158
274 233
166 297
243 196
76 95
189 20
238 141
134 100
4 106
226 137
244 39
198 292
163 199
103 125
157 160
213 319
100 147
85 83
13 278
321 111
243 232
308 315
189 117
51 291
131 224
167 43
203 3
2 178
111 48
247 33
232 145
16 304
272 92
65 248
42 229
316 94
156 265
41 243
3 41
219 232
173 149
199 144
311 288
104 220
60 299
240 61
70 218
215 22
254 144
16 210
319 134
49 41
130 152
8 280
100 63
211 117
162 249
174 139
163 268
43 163
60 312
145 310
102 16
283 126
193 71
114 103
281 15
5 55
230 40
173 103
293 136
317 28
152 322
35 186
223 72
288 90
65 304
66 49
106 75
40 322
304 290
26 43
315 28
5 237
245 23
209 122
227 49
235 149
9 83
210 279
121 135
10 245
27 57
118 63
210 66
67 296
178 298
211 25
75 37
13 61
109 14
101 286
88 172
92 102
269 171
92 138
265 142
300 163
208 184
216 47
38 47
93 190
54 297
171 169
265 258
37 175
187 318
68 14
286 110
62 308
38 233
200 218
114 285
60 227
271 5
109 135
52 285
208 236
303 51
17 249
175 65
271 286
67 274
59 262
230 98
317 246
134 104
170 266
79 84
52 149
84 268
178 287
21 210
131 154
4 125
275 212
299 314
21 118
175 277
11 253
294 218
202 100
260 175
322 175
260 269
317 257
161 300
74 29
237 202
64 132
221 76
90 108
130 64
187 286
298 259
95 39
255 269
156 83
187 103
126 112
209 319
187 28
178 103
12 295
75 166
271 135
106 39
232 213
105 166
225 127
25 196
267 262
77 45
73 124
151 227
229 275
74 156
294 91
302 244
178 307
11 318
290 40
1 131
136 59
137 247
45 279
131 268
114 236
129 228
82 117
153 236
298 10
130 321
136 2
38 202
112 114
231 211
48 136
68 194
41 293
232 83
25 33
85 260
67 294
120 271
316 72
231 262
238 189
17 201
66 290
292 224
87 306
225 159
4 167
219 269
144 264
284 72
281 65
93 307
125 83
203 103
174 131
218 84
27 254
68 143
38 152
288 266
249 242
287 81
9 56
8 129
150 193
303 136
131 288
322 281
252 14
166 57
293 16
25 53
33 222
11 148
210 149
169 211
302 60
222 176
258 265
261 289
114 224
282 173
45 109
132 280
76 218
158 220
182 145
279 301
298 122
264 9
277 73
217 148
211 295
148 234
268 175
52 131
244 319
144 322
267 35
228 174
301 105
201 293
6 293
37 223
192 226
193 85
40 0
62 83
37 292
282 285
211 35
95 50
173 117
245 142
99 322
199 59
137 192
5 108
308 253
199 57
53 45
278 289
210 237
10 130
206 88
273 310
199 273
40 285
121 230
109 174
70 312
294 154
243 138
280 31
181 200
8 185
170 21
183 283
269 133
296 232
94 130
152 256
70 24
16 23
179 49
296 118
229 246
61 61
68 110
55 311
120 192
299 317
20 131
99 53
206 176
198 265
43 147
178 226
187 57
75 108
3 118
38 133
244 171
46 73
194 163
268 260
98 187
283 62
113 77
74 51
63 204
61 42
101 137
119 306
234 235
64 22
135 165
276 280
72 264
291 60
14 96
263 135
162 5
262 169
4 185
209 272
69 130
159 96
8 183
136 243
264 222
232 159
261 238
283 237
58 284
93 97
86 122
171 14
221 84
197 152
300 212
86 188
215 159
279 74
97 285
182 314
37 74
49 253
68 240
314 48
274 140
60 257
164 78
78 323
127 37
225 319
172 138
36 117
178 289
102 110
244 280
270 154
254 79
10 17
270 57
230 254
306 218
242 115
11 26
251 152
310 113
89 201
9 189
17 313
314 210
246 25
191 48
250 230
295 217
20 250
58 154
175 44
227 107
260 272
108 1
284 93
49 146
97 308
107 190
262 190
272 19
125 220
298 213
145 266
247 261
156 181
182 36
285 116
56 318
120 273
129 1
75 138
243 176
169 313
73 320
271 131
292 313
174 286
192 192
29 204
174 109
195 222
255 286
116 93
9 226
50 232
164 226
230 145
313 225
1 170
65 18
278 185
197 277
234 152
247 96
5 119
91 195
247 312
78 201
84 209
63 233
254 172
90 281
100 320
267 111
291 123
114 314
49 79
172 245
249 224
93 299
122 123
91 162
235 11
126 74
203 1
88 178
209 162
212 149
153 188
87 167
151 209
9 246
104 74
268 184
80 143
37 197
165 315
77 67
246 114
293 168
260 307
81 253
210 109
195 195
111 72
215 301
267 118
70 57
119 134
235 87
181 52
96 236
158 190
57 253
272 284
278 55
13 141
25 13
248 155
111 287
53 86
65 254
21 154
202 143
13 39
13 48
67 181
295 103
124 112
189 219
139 171
139 262
57 201
293 275
205 153
240 299
125 313
77 71
141 210
287 160
268 298
23 205
232 245
204 237
268 227
84 49
53 284
244 229
12 98
222 107
93 5
180 79
34 35
261 309
265 277
243 78
37 84
125 272
130 238
240 229
173 221
30 230
29 151
108 155
160 31
243 294
71 115
323 57
144 241
85 241
84 28
181 57
163 236
260 79
299 302
153 164
42 161
85 319
283 134
63 269
165 290
215 101
221 71
298 287
22 80
126 296
1 219
305 29
31 297
200 318
312 74
136 8
195 168
214 248
99 243
45 146
210 134
56 228
120 27
5 201
147 270
303 313
161 204
300 123
80 0
95 275
321 277
103 88
237 114
45 52
189 150
27 242
167 186
322 314
174 2
82 96
56 268
104 113
135 304
192 201
46 177
31 135
97 6
288 179
320 205
32 118
137 261
232 128
55 35
262 149
128 224
6 289
225 41
232 281
29 21
285 211
117 81
293 304
157 18
159 166
198 49
215 194
204 128
185 227
83 146
130 83
154 313
251 274
241 264
156 256
147 20
231 17
18 156
270 188
250 53
114 242
55 283
120 12
200 53
111 143
27 102
140 187
57 174
146 132
102 237
224 287
0 321
259 294
284 0
134 94
59 229
109 225
221 142
75 153
15 212
218 57
37 231
3 104
278 115
203 286
259 232
127 205
183 271
75 99
53 140
110 2
235 217
73 214
146 318
212 243
269 192
42 78
73 102
119 203
42 64
176 88
179 219
234 80
312 185
69 147
54 25
292 300
33 247
5 67
303 10
164 163
279 15
36 90
165 92
58 73
172 41
125 159
263 210
128 136
18 244
253 167
222 111
23 50
165 10
148 94
310 236
165 191
174 266
137 29
162 240
145 171
228 207
77 286
310 6
13 5
23 15
292 197
199 73
111 175
101 54
96 3
108 74
104 109
139 231
309 84
280 172
38 118
225 294
59 82
283 11
301 318
4 225
200 178
166 150
203 174
150 116
129 249
129 156
152 244
130 146
112 247
148 221
63 63
12 129
94 48
305 308
17 69
32 179
35 244
282 28
306 99
3 238
314 148
251 20
121 86
274 112
276 179
266 22
52 222
293 298
223 28
90 106
38 188
287 269
5 258
269 316
274 60
224 184
167 278
153 96
211 277
280 181
279 125
42 159
147 267
135 115
270 284
157 206
61 146
28 206
186 259
85 3
144 127
130 251
50 128
99 230
78 224
155 203
132 82
43 8
13 104
176 253
306 252
94 38
99 251
217 35
258 252
82 289
193 154
81 237
190 92
126 206
13 119
313 236
98 169
154 72
186 167
33 168
155 245
129 134
158 281
166 237
253 265
23 241
226 241
11 176
188 266
302 118
146 202
93 59
316 129
128 113
192 307
253 107
90 72
312 48
296 224
263 299
129 142
257 285
311 76
87 231
268 50
251 107
300 244
166 193
34 210
30 93
25 20
46 255
148 40
5 294
274 256
263 243
1 68
92 111
17 58
35 304
309 93
279 66
243 9
194 321
244 188
155 198
64 231
98 125
112 306
140 179
162 162
206 300
93 242
47 104
219 259
117 143
46 281
215 174
108 297
107 280
211 23
63 262
100 184
151 214
225 197
19 237
85 184
213 170
61 229
238 169
33 111
213 71
242 315
115 301
116 170
115 293
133 118
67 174
262 236
12 143
281 123
132 289
132 145
50 303
2 102
217 270
189 161
61 90
34 163
247 197
128 191
73 81
262 68
96 309
274 153
260 124
240 223
228 33
46 290
211 186
215 85
136 262
50 81
66 252
254 67
48 102
234 39
301 188
293 152
167 119
314 200
238 128
224 89
31 202
228 22
68 252
83 256
177 34
283 100
0 158
15 275
284 18
288 131
61 165
200 162
232 143
197 204
35 33
268 278
66 234
294 231
149 83
173 111
188 315
284 281
70 66
289 285
26 258
135 256
293 220
169 154
178 2
9 172
6 47
1 238
119 150
235 248
91 322
240 41
165 14
86 295
153 304
26 244
272 54
53 129
314 130
107 198
51 186
144 3
321 317
261 135
288 185
235 1
113 74
195 310
60 192
109 25
239 208
26 61
125 163
251 160
33 220
154 181
266 251
302 279
209 26
109 27
167 31
206 59
16 197
219 314
255 114
186 266
187 294
96 185
74 168
316 107
148 96
153 225
146 137
277 43
125 319
105 242
205 293
259 215
82 76
170 272
88 44
299 153
161 182
150 200
18 0
80 119
166 86
168 40
20 104
159 64
32 59
213 232
177 277
217 218
147 149
264 12
85 8
314 73
110 289
113 1
217 286
39 222
309 245
222 152
118 126
319 121
256 306
80 184
6 321
63 295
160 104
211 285
277 274
181 177
315 304
73 100
218 77
204 275
236 266
241 146
63 90
318 219
206 235
199 204
97 45
90 22
78 77
169 135
198 171
16 135
56 58
246 214
7 181
68 99
249 222
322 23
239 100
38 23
309 201
30 155
182 275
135 112
45 263
300 7
56 235
32 306
130 240
181 305
298 33
302 269
201 7
85 277
42 86
301 80
266 322
70 278
88 192
7 119
197 251
82 47
178 75
112 146
270 115
297 168
53 198
65 208
89 8
65 111
155 223
307 230
312 37
288 47
52 2
48 272
116 314
287 70
283 293
187 75
45 125
114 95
315 98
57 21
17 262
282 226
136 86
40 55
318 21
38 4
83 38
101 95
96 113
138 294
230 13
124 137
269 203
76 216
228 255
27 84
14 47
211 30
13 175
319 253
122 38
85 216
39 8
111 14
276 102
116 299
59 282
212 241
261 29
262 16
279 112
161 92
151 124
27 145
303 30
47 198
171 298
59 22
16 80
310 111
66 247
311 13
128 75
84 1
101 18
28 271
251 44
17 74
241 148
6 203
143 255
86 109
181 172
25 242
159 152
123 262
274 13
92 154
10 75
275 205
139 166
79 303
91 305
271 101
51 210
142 52
277 257
103 317
184 40
220 108
256 58
189 142
99 48
228 178
147 116
241 215
137 69
258 257
90 214
313 114
39 92
59 279
133 120
111 135
16 166
28 115
193 312
133 183
262 119
56 273
231 315
57 152
186 101
277 49
166 128
174 250
214 222
309 287
110 205
268 129
267 276
72 4
222 183
167 48
250 104
318 234
180 55
116 52
37 100
9 23
18 188
275 234
243 28
60 174
5 213
22 258
222 252
152 268
126 231
44 252
150 20
287 144
234 23
298 115
60 119
183 58
138 81
101 61
150 258
150 47
164 193
10 316
241 210
119 40
139 95
321 92
88 15
16 317
0 84
121 40
301 68
90 181
127 95
27 285
241 82
154 109
67 92
304 77
55 33
170 69
160 125
75 271
315 105
159 269
38 52
11 118
76 163
68 225
13 265
203 313
111 158
262 89
283 46
29 48
222 257
217 18
311 126
96 28
169 102
82 0
165 203
304 36
135 302
263 246
104 103
237 321
72 93
121 164
302 146
316 249
174 107
111 109
156 87
193 12
277 204
252 68
183 120
251 204
105 235
233 87
228 145
95 35
261 225
180 99
251 28
210 197
221 280
208 137
105 198
127 171
317 158
100 158
93 164
123 39
286 112
20 40
257 160
230 302
71 154
59 20
112 244
41 230
221 129
100 187
166 21
141 254
314 182
89 142
229 188
98 228
63 85
210 105
263 197
50 313
77 114
7 80
110 96
80 40
15 5
249 212
119 144
71 53
206 168
320 24
191 302
63 303
75 211
263 286
186 104
214 188
201 282
166 295
113 279
225 110
23 295
14 236
48 166
53 33
164 107
256 78
172 164
186 11
180 288
25 309
101 173
244 323
29 169
251 296
244 258
157 69
128 63
62 161
110 37
31 204
236 135
217 260
175 168
225 56
49 177
222 191
262 223
309 33
153 250
244 109
300 264
310 223
148 283
107 323
264 120
80 23
271 32
102 212
61 277
272 205
73 271
204 244
208 198
110 233
250 32
238 219
100 175
249 34
287 116
122 26
123 6
265 56
159 92
177 16
18 12
176 170
287 3
115 249
62 317
158 82
86 267
153 266
65 79
81 34
253 203
197 145
309 319
240 127
175 33
251 22
165 96
8 255
5 104
106 254
115 138
85 87
47 259
178 158
244 290
278 76
48 294
143 211
275 306
1 270
184 253
268 98
181 141
296 98
321 57
153 32
120 91
50 23
104 43
223 57
249 203
216 141
168 224
289 235
98 197
279 263
34 140
150 41
248 244
185 89
280 91
203 282
304 296
172 15
149 250
312 26
123 36
127 308
51 250
282 188
139 8
136 80
71 6
73 246
229 49
30 259
43 165
1 268
66 113
189 239
80 62
160 44
163 105
55 177
235 187
249 4
275 253
260 290
210 254
133 287
12 89
172 109
252 225
13 205
110 117
218 33
171 231
122 115
288 137
183 166
319 294
166 41
220 47
250 127
162 13
104 87
312 170
273 182
272 71
187 252
9 263
40 279
155 258
147 287
105 279
189 124
117 110
84 30
128 297
147 272
260 170
180 97
130 2
215 181
209 52
135 226
282 44
115 221
201 246
291 302
99 9
71 294
222 161
227 109
66 187
302 160
51 56
252 74
68 269
224 80
23 236
191 160
318 184
207 171
106 282
15 193
178 218
263 269
92 146
106 55
159 260
45 251
58 172
228 182
116 3
103 224
308 167
199 70
54 223
149 43
218 26
277 282
159 203
199 134
273 27
3 282
113 158
178 87
221 206
69 175
287 127
197 123
232 130
230 311
181 16
11 52
254 310
69 296
49 156
129 115
256 256
286 104
279 87
302 17
53 195
112 281
322 236
192 49
61 231
184 48
264 89
303 161
240 170
199 261
70 116
85 297
261 3
89 296
223 47
152 300
76 206
79 227
21 314
115 184
270 256
10 254
219 241
22 43
260 34
197 233
317 248
247 6
137 285
292 34
20 297
80 207
112 213
292 203
106 124
101 150
197 259
112 288
83 173
296 66
118 189
276 106
53 60
123 291
223 169
32 268
144 109
294 204
83 72
50 58
294 58
64 124
226 285
60 273
37 120
95 161
147 5
174 184
84 262
70 168
213 267
185 119
88 266
92 30
158 213
311 32
262 34
53 169
215 156
204 52
61 122
157 139
260 243
173 24
314 44
261 271
292 181
247 296
158 116
246 210
182 221
165 242
136 140
287 233
272 316
80 315
92 71
235 56
277 311
65 309
207 159
77 165
229 39
139 147
293 323
112 285
310 19
113 54
98 105
74 260
253 190
250 272
204 34
3 150
319 36
259 254
314 23
320 112
6 164
178 22
120 252
266 11
129 137
100 113
178 257
294 1
136 282
48 48
153 276
237 108
33 80
0 302
106 223
239 240
322 98
229 295
95 307
273 144
225 195
32 5
79 296
315 100
51 32
99 128
233 112
217 164
59 204
221 301
305 43
215 228
89 14
278 4
1 40
266 233
59 125
71 68
1 284
235 68
280 108
92 69
153 154
140 118
177 236
321 209
214 230
283 208
309 115
276 130
285 248
103 214
259 217
290 292
289 268
18 283
211 224
35 69
215 98
33 75
32 282
166 159
22 132
50 249
270 170
20 15
124 22
188 244
129 234
109 277
313 181
191 118
81 172
91 185
58 234
101 164
315 119
236 83
308 215
164 286
305 58
166 178
50 49
270 24
285 62
74 126
272 70
294 115
287 75
313 81
79 70
133 230
174 313
97 319
4 147
316 96
53 125
63 65
153 321
81 102
247 130
149 81
114 213
90 104
129 84
41 14
0 162
216 313
27 32
256 216
263 317
53 247
304 57
210 174
90 225
76 239
192 102
132 189
66 212
246 219
142 226
218 151
46 6
216 172
222 321
64 256
38 19
90 314
56 223
235 15
256 223
290 254
40 46
122 104
253 33
70 199
321 280
41 170
292 122
270 147
256 89
26 91
242 64
159 256
161 95
130 297
22 297
171 66
97 15
134 190
279 148
50 240
93 55
157 234
243 44
31 168
144 11
201 31
222 100
67 242
129 223
188 210
44 81
286 155
81 186
176 309
190 121
253 45
165 215
61 92
223 159
197 298
208 291
234 303
205 4
188 217
298 124
268 213
20 92
181 139
289 9
100 238
64 199
218 131
217 182
153 68
55 157
107 300
141 251
207 266
310 124
95 15
169 315
96 137
196 146
168 20
319 64
30 41
110 259
96 167
46 54
203 256
198 239
233 217
223 66
263 7
305 210
239 278
33 300
279 228
94 114
302 144
101 36
265 5
303 279
245 225
3 68
272 153
80 300
6 86
24 263
134 102
23 118
253 16
236 25
165 34
255 288
3 216
268 233
39 24
52 298
200 186
298 264
239 227
155 205
261 303
63 71
281 276
140 37
214 56
253 139
166 286
231 113
17 176
260 76
163 169
53 156
66 94
265 246
197 16
164 245
81 24
65 6
252 57
93 192
271 215
98 301
152 272
196 73
158 7
154 16
46 38
208 300
209 313
99 167
45 7
69 56
196 283
137 133
219 236
121 178
1 210
147 114
74 73
188 233
104 71
153 227
48 13
224 19
101 52
99 171
217 220
240 19
63 159
59 108
23 152
21 140
91 259
52 232
224 295
177 145
272 59
61 263
173 47
220 161
231 217
240 102
221 43
6 291
174 259
66 203
280 44
249 27
212 8
193 56
257 85
320 109
272 266
156 310
64 188
274 320
54 106
281 155
23 213
180 153
30 238
302 190
43 171
57 203
72 276
56 11
42 84
289 164
153 149
218 114
234 173
267 47
104 212
145 182
169 186
175 182
237 29
209 225
154 267
231 275
92 174
242 208
290 226
103 95
299 72
255 95
56 17
321 260
199 51
82 144
309 252
218 256
255 146
18 286
24 245
165 257
215 31
301 23
300 214
222 167
190 43
10 13
79 93
123 111
153 79
120 149
78 18
196 37
144 183
321 62
171 92
163 288
302 232
304 20
188 268
313 97
26 227
299 228
303 94
102 97
2 48
230 313
197 249
4 97
146 172
277 214
189 189
311 195
241 321
41 25
315 124
15 204
307 157
303 291
232 283
44 91
145 9
212 22
99 188
299 3
221 224
196 181
141 290
286 39
44 75
233 0
7 223
59 123
189 215
156 44
262 2
287 8
8 310
124 196
152 310
253 205
266 315
168 196
114 195
162 171
255 180
270 112
297 52
286 225
106 160
87 26
77 228
5 261
202 79
286 133
257 264
17 5
151 292
161 33
220 130
273 66
266 86
22 2
70 243
256 208
125 218
205 283
218 126
63 45
316 58
221 139
286 313
86 49
256 34
141 30
82 243
15 300
233 30
197 201
176 2
109 65
132 106
249 315
269 221
302 224
145 119
20 53
143 174
95 231
139 152
209 290
16 106
262 318
280 292
79 63
118 274
56 42
179 290
148 29
37 114
255 278
107 209
70 26
55 218
218 261
8 45
152 313
271 148
296 87
216 30
313 271
133 117
302 89
74 269
313 176
182 62
109 67
36 279
253 50
116 310
248 194
284 259
114 43
4 276
215 315
54 127
199 229
288 300
168 177
176 195
256 176
233 93
87 215
53 207
254 117
127 249
29 216
302 239
83 26
72 194
184 46
316 146
253 279
50 148
287 53
83 168
322 245
176 234
84 51
135 212
155 13
129 289
78 246
115 66
139 227
148 217
34 117
216 170
44 265
27 191
256 268
10 163
15 27
284 35
60 126
292 222
206 19
318 26
262 131
97 271
190 14
74 59
216 150
215 235
184 182
145 263
141 76
235 121
141 309
138 138
300 223
228 190
221 169
221 266
30 91
259 322
138 62
247 306
298 172
25 296
310 316
317 185
205 157
226 64
186 62
211 59
199 157
285 236
293 144
31 109
112 29
266 82
85 115
140 26
23 136
280 303
320 10
297 216
112 152
189 72
97 291
289 298
291 220
323 212
245 241
255 225
279 144
92 205
171 134
202 173
69 128
99 71
196 321
216 253
119 318
50 188
150 191
166 148
159 57
319 296
58 190
310 54
131 167
217 135
268 163
19 175
194 34
277 308
281 58
15 234
296 13
151 276
255 91
62 319
244 101
305 182
247 289
225 148
104 190
300 257
308 218
166 1
137 267
222 92
132 104
27 104
146 134
272 250
3 258
145 77
205 62
162 31
55 78
271 156
33 69
78 294
179 80
62 273
208 247
112 103
255 26
124 27
128 279
60 51
28 171
171 95
91 45
153 147
202 157
195 108
126 106
98 309
261 106
19 59
154 194
233 304
51 230
64 102
102 50
191 72
94 118
231 230
94 77
151 162
24 257
134 96
267 71
294 213
204 152
213 90
17 239
37 43
171 211
86 290
187 150
80 160
265 244
323 323
5 112
240 172
280 167
176 93
252 35
58 211
69 255
24 73
170 38
122 136
66 11
226 309
164 2
103 315
137 177
242 323
263 106
277 300
209 204
116 261
86 160
248 25
181 271
320 116
110 243
52 133
63 92
126 216
66 115
150 130
184 92
316 20
171 215
275 303
208 317
121 172
285 316
50 264
128 8
73 78
240 248
210 116
10 144
141 160
129 291
219 190
243 118
111 8
57 71
109 263
311 313
92 218
314 170
123 199
40 116
257 48
317 44
303 142
288 260
289 173
256 41
65 159
314 285
36 179
95 282
99 146
323 273
229 223
155 285
113 238
121 100
73 316
199 314
235 97
319 279
236 170
133 303
244 251
184 87
171 217
232 313
89 307
39 240
14 11
190 193
272 121
168 45
208 227
230 194
278 313
240 162
171 84
43 48
217 238
105 218
149 6
191 46
107 274
160 262
264 281
59 57
151 12
94 136
35 136
42 267
169 299
197 69
308 139
165 210
305 40
27 248
197 160
179 297
270 250
19 90
216 59
227 53
263 20
95 193
275 287
91 222
271 209
219 238
111 283
201 319
122 229
203 221
81 32
80 247
299 205
50 97
180 249
117 203
290 300
64 97
101 243
157 240
144 276
225 5
312 112
261 129
255 93
194 226
255 88
202 77
147 310
35 172
95 46
205 199
41 247
29 297
243 272
123 307
133 38
27 296
299 190
179 248
248 263
221 120
5 313
140 233
201 185
187 190
128 68
289 7
255 280
244 144
238 176
270 91
90 93
150 278
182 210
240 37
154 6
21 265
262 184
118 223
101 135
203 64
155 292
187 141
4 13
311 114
147 145
19 207
241 279
281 46
154 300
69 153
175 95
59 43
211 7
206 210
11 41
194 269
251 90
170 41
289 120
251 217
191 34
69 100
151 280
201 135
66 72
97 13
177 164
318 130
66 16
163 312
199 163
0 6
87 274
276 177
28 19
43 214
170 246
89 231
38 135
140 100
102 43
268 86
266 256
168 74
167 257
232 293
13 9
308 172
296 91
44 73
157 163
254 177
309 134
219 147
215 265
298 46
218 172
302 32
164 35
128 211
244 253
146 156
121 109
11 207
142 125
301 242
293 228
217 275
128 213
48 50
128 58
8 163
92 246
173 0
99 266
280 75
81 313
277 91
273 75
218 74
128 270
103 218
39 197
320 165
270 261
23 101
321 135
179 123
225 82
82 285
315 37
190 166
203 192
290 125
87 115
80 19
318 84
275 221
78 14
209 124
63 217
193 133
58 300
126 33
313 8
193 110
165 53
79 197
63 206
64 138
14 154
201 228
120 258
206 132
253 250
214 254
156 175
230 199
119 6
291 25
151 104
312 223
294 27
43 316
103 205
7 282
123 181
207 225
295 17
58 261
23 174
308 226
217 207
24 310
306 198
39 207
125 278
114 247
181 240
297 176
18 297
43 149
318 315
268 42
316 49
120 38
193 228
214 38
287 88
245 45
79 276
28 59
145 320
78 130
254 182
114 79
200 199
112 156
34 59
109 48
15 285
286 170
256 241
120 248
13 177
220 118
106 32
176 193
112 193
67 262
142 253
12 179
11 168
28 199
306 254
154 142
265 41
121 34
27 71
43 190
65 59
191 199
238 155
104 310
79 310
142 314
308 209
43 321
141 20
98 49
36 41
205 285
236 142
113 83
290 221
17 270
196 65
165 105
140 62
246 310
142 198
191 182
92 61
253 169
142 61
318 156
312 144
5 302
265 242
257 197
44 202
218 162
50 172
296 34
176 157
265 320
40 209
283 65
127 233
115 199
55 255
306 151
197 42
286 315
184 321
140 311
197 227
146 33
313 227
271 207
299 51
142 241
88 291
252 291
310 164
42 223
137 239
38 266
138 222
168 217
181 247
250 1
0 49
29 285
198 28
26 316
233 178
317 148
120 130
261 299
229 106
65 70
216 161
257 154
86 131
238 61
241 239
223 300
251 281
125 14
102 258
306 245
269 262
77 226
135 181
114 222
274 69
210 139
165 198
63 310
241 88
298 294
253 153
245 190
87 20
239 92
24 114
62 15
192 92
323 301
107 136
123 54
166 152
213 186
267 37
2 19
32 154
262 100
26 107
233 81
85 140
213 59
237 177
36 145
225 238
111 87
40 267
265 175
12 298
181 282
283 239
5 323
60 1
59 159
10 142
40 195
118 212
55 122
72 292
120 287
145 5
14 261
74 212
268 73
290 27
209 235
109 320
35 13
11 273
168 100
144 237
65 242
95 156
258 259
268 95
3 149
12 173
21 5
19 209
210 264
107 166
27 64
321 30
155 183
43 293
27 303
15 312
300 16
251 109
91 297
26 207
199 226
19 239
269 273
175 282
296 235
274 180
147 180
147 41
187 171
15 144
136 280
84 193
96 120
156 133
164 41
306 323
240 104
159 196
300 88
71 76
298 90
168 58
127 20
265 239
149 162
23 82
174 52
189 197
45 127
256 68
69 166
290 256
231 26
181 215
117 295
52 280
138 194
112 107
184 21
219 81
219 221
47 145
147 296
0 247
207 305
57 288
94 153
208 12
137 20
262 301
82 270
70 2
127 299
39 237
85 314
231 246
153 296
167 184
119 295
56 94
126 72
112 85
78 128
307 116
251 236
57 240
215 169
229 186
158 211
20 61
143 92
91 148
172 250
75 121
167 92
175 69
229 54
94 57
310 135
277 220
111 50
190 105
266 157
41 149
315 161
97 71
208 111
190 270
118 247
307 251
192 249
72 19
53 151
282 139
73 237
16 302
108 57
139 215
50 2
304 259
233 74
306 122
45 175
276 19
283 222
277 124
84 106
59 323
173 202
153 105
124 280
42 37
187 99
156 57
173 122
4 178
153 309
129 254
300 294
158 158
34 188
164 135
168 68
110 219
256 234
59 304
49 160
94 205
34 101
315 176
111 65
54 309
117 239
33 71
256 112
85 168
93 134
1 245
158 143
121 193
190 54
32 17
114 56
126 179
227 35
126 28
253 160
205 124
132 47
191 113
21 68
312 187
231 297
214 20
125 5
195 276
239 238
40 141
192 310
182 43
119 113
200 274
113 19
127 97
321 203
112 234
55 291
63 149
36 31
252 103
130 130
81 213
10 228
85 310
315 257
269 290
80 96
289 228
106 183
95 212
90 233
64 320
53 52
276 33
35 27
242 49
6 35
304 322
1 316
322 55
256 13
203 105
57 270
194 275
6 244
21 191
106 263
86 276
248 313
218 292
37 195
246 208
75 285
285 161
95 290
6 184
72 287
117 120
117 95
24 24
92 313
113 258
85 85
199 197
270 40
92 76
19 321
294 279
286 273
231 304
155 275
163 258
54 299
233 228
92 0
239 108
224 30
21 175
229 121
202 51
195 316
13 121
6 30
257 56
224 136
223 77
113 249
248 169
236 60
296 269
307 31
285 95
75 255
94 82
286 257
223 227
252 63
119 184
253 274
11 162
31 318
57 218
86 182
85 25
323 75
20 173
281 189
208 16
224 7
243 201
323 195
148 133
286 47
2 15
197 108
180 138
58 258
38 299
62 256
237 294
255 148
205 116
273 234
37 267
162 69
245 221
60 153
292 27
234 200
205 54
209 191
67 60
211 98
262 12
242 172
142 202
250 73
294 163
205 195
195 250
166 19
127 263
191 293
232 302
35 81
121 112
265 159
165 251
280 240
265 47
295 158
182 232
126 305
29 197
259 54
178 11
203 23
287 298
179 306
188 3
46 58
143 90
210 92
93 207
175 122
76 123
242 163
301 30
201 314
112 95
190 41
264 208
61 181
207 256
258 50
158 164
7 268
11 69
17 294
282 228
182 11
35 297
58 170
170 67
279 207
244 223
125 153
229 261
219 20
165 23
192 134
159 173
180 310
17 60
149 25
49 114
308 159
55 152
171 136
214 47
240 315
80 220
231 50
156 14
299 103
131 169
238 283
208 209
267 130
214 109
67 227
48 168
93 157
200 266
122 41
191 208
112 126
290 260
307 242
180 208
149 68
311 318
179 110
89 216
133 111
241 78
250 220
28 176
93 295
188 63
283 305
190 191
276 252
237 150
43 124
237 191
43 96
209 50
185 287
80 48
45 315
154 221
221 221
314 89
24 98
255 239
200 244
102 90
73 248
118 24
126 137
157 232
35 302
29 70
201 280
135 250
241 92
192 17
190 183
83 119
234 146
314 155
214 320
6 142
211 304
75 248
271 310
291 120
310 98
129 201
42 7
67 41
204 13
57 145
109 257
257 184
281 165
268 320
57 79
250 283
139 104
29 302
296 255
237 14
266 117
83 148
84 221
8 305
57 266
157 269
299 92
114 163
269 125
65 4
91 264
145 65
31 291
117 309
219 9
226 25
56 140
248 210
137 170
51 295
25 102
7 201
179 32
44 179
42 116
96 26
162 193
33 190
279 146
28 162
11 122
171 23
91 295
103 306
14 138
225 210
54 69
241 6
321 172
90 86
245 33
218 205
161 214
98 249
22 319
224 64
2 280
248 178
113 251
245 198
209 151
279 136
121 225
104 196
68 203
217 195
196 207
275 131
305 241
132 140
242 95
321 312
98 295
137 199
176 154
273 222
317 280
265 316
52 107
255 49
35 127
52 165
155 76
15 94
12 115
293 307
65 77
168 62
164 4
151 87
251 260
178 241
229 75
315 226
291 151
272 38
255 43
145 74
96 232
98 313
274 201
218 288
118 322
269 235
316 13
44 254
289 258
95 243
266 180
19 200
214 272
231 241
156 238
201 44
292 260
188 97
89 16
61 64
62 214
298 109
181 68
37 314
117 289
152 129
107 13
68 116
122 236
229 44
180 140
283 255
156 6
247 180
176 180
259 167
64 43
310 68
164 230
33 158
91 55
17 181
314 53
140 116
177 61
27 299
318 293
227 234
277 156
50 225
55 281
15 136
308 107
199 297
147 100
320 306
204 301
143 259
10 274
42 169
277 12
189 127
32 122
274 190
241 253
1 214
309 203
156 101
280 161
257 21
303 273
278 129
260 189
118 293
185 285
6 45
50 69
252 195
234 227
88 132
256 299
249 123
3 240
268 161
181 50
21 281
258 83
55 194
66 180
105 316
110 267
74 119
243 122
152 248
11 282
60 59
186 117
246 313
208 99
21 299
312 6
177 184
249 140
30 208
105 170
301 296
25 234
232 13
205 144
213 80
55 267
139 189
248 18
247 16
136 4
103 207
296 315
53 225
140 125
114 38
94 110
162 124
107 269
143 308
172 148
105 126
53 290
173 208
59 244
84 284
42 111
303 18
174 234
134 58
2 263
306 42
179 57
118 264
301 147
245 78
67 162
162 175
287 243
106 185
209 216
291 36
57 163
205 120
281 198
62 194
87 265
170 63
69 76
285 193
139 293
316 30
322 7
206 310
309 31
237 197
46 151
194 7
99 57
61 310
250 41
113 121
177 255
296 76
216 68
316 242
142 306
137 148
307 178
297 44
275 195
276 233
35 255
310 61
131 253
63 277
318 298
182 181
132 32
71 270
107 256
284 157
61 148
286 57
69 308
112 52
282 82
299 35
249 281
58 93
234 189
5 224
73 107
259 196
93 248
253 247
253 55
173 136
174 80
282 200
190 119
195 42
184 264
56 87
290 50
198 99
165 131
90 41
309 155
17 27
196 93
45 17
267 67
267 196
323 283
206 213
246 187
14 54
119 232
213 307
184 260
310 187
233 291
185 20
126 214
146 276
168 9
139 0
118 314
76 241
109 39
24 261
259 263
236 243
145 150
129 170
69 106
268 198
313 184
31 120
160 9
54 277
312 276
38 323
241 156
199 174
125 174
269 216
38 49
266 281
55 242
314 46
28 256
66 284
32 241
207 177
126 13
16 224
5 300
166 59
253 316
21 317
72 12
59 142
157 27
273 11
33 273
303 196
160 117
134 275
213 36
228 122
238 111
308 15
323 134
122 195
277 235
223 244
218 180
18 91
120 195
175 208
139 309
96 238
295 226
228 111
195 129
146 125
119 140
224 140
271 29
302 81
164 51
115 78
214 161
261 168
105 151
297 133
1 92
293 40
160 218
129 263
322 70
4 312
48 164
133 307
90 189
178 210
213 101
298 170
25 119
142 276
323 220
114 147
186 226
279 257
139 73
18 259
252 7
310 74
93 297
186 30
232 60
4 233
29 316
156 40
17 285
263 173
57 33
22 150
285 127
120 49
8 196
280 163
230 282
4 78
24 215
229 166
181 167
135 128
276 184
53 78
185 317
50 16
50 320
244 105
301 168
159 160
266 214
143 144
228 130
26 55
50 275
289 106
146 198
264 218
216 284
102 296
168 98
238 126
76 103
40 87
212 138
35 320
170 178
305 45
265 216
192 214
216 120
306 190
100 111
60 14
220 260
219 2
253 292
44 115
112 253
103 14
242 299
36 318
33 254
143 176
193 261
52 46
313 105
75 238
306 70
68 281
43 279
54 134
200 83
101 249
226 272
106 34
219 83
159 298
79 317
214 215
120 42
301 314
92 285
161 302
270 294
114 278
265 64
29 255
54 189
32 188
274 87
59 136
291 74
264 162
39 5
31 69
71 191
91 125
176 174
134 281
202 39
216 33
293 53
117 276
161 206
127 152
257 293
183 158
165 109
33 137
317 92
33 266
234 148
33 249
186 250
291 17
299 105
154 107
240 267
19 119
164 303
298 70
123 189
142 215
193 104
39 109
264 151
10 230
102 74
245 56
141 123
114 45
108 311
135 316
108 4
321 232
182 176
136 296
223 255
238 180
220 312
307 288
217 45
239 260
9 267
62 182
77 65
20 244
19 109
188 78
183 278
205 151
32 8
282 19
76 13
220 69
301 229
228 126
317 189
283 283
139 75
148 147
154 311
201 2
62 52
114 127
98 261
153 270
16 214
203 194
31 308
78 180
204 88
153 315
314 322
274 285
47 18
247 153
75 64
147 319
274 93
282 290
263 56
285 85
15 153
293 241
6 305
179 196
106 57
117 139
294 233
47 86
233 120
132 315
133 305
148 118
133 212
282 210
136 161
187 1
21 286
237 68
140 81
278 2
305 184
73 192
63 220
220 104
2 159
131 205
52 167
135 69
149 66
74 297
313 194
266 51
15 271
281 11
159 154
172 115
96 41
193 23
23 4
298 195
52 304
6 186
13 304
295 136
238 268
87 143
100 255
118 310
55 61
4 60
136 10
64 83
277 246
131 49
103 230
1 318
111 30
40 180
190 248
75 307
118 154
169 199
213 12
302 154
307 300
175 63
310 257
211 33
215 213
50 212
162 126
233 57
37 228
10 35
31 129
253 5
40 246
211 236
53 311
317 78
171 279
304 26
46 233
59 144
121 313
190 147
184 118
118 221
267 300
264 22
87 169
28 238
210 8
247 62
65 86
319 136
30 153
147 44
151 184
130 144
201 286
227 322
26 15
249 271
244 68
169 280
184 50
173 95
263 175
84 73
26 1
137 269
271 117
7 314
110 235
244 43
39 17
230 71
211 271
234 314
155 125
54 56
229 172
4 100
101 201
79 5
38 154
174 86
240 183
235 35
38 290
54 306
22 182
208 172
54 265
13 94
97 274
141 165
312 292
129 166
160 27
215 295
124 257
110 261
237 6
68 76
154 170
2 136
40 18
68 207
256 66
318 23
15 78
68 192
249 232
129 230
252 171
156 212
8 73
86 221
249 45
251 15
28 2
280 1
231 233
40 182
188 74
212 108
34 275
142 293
61 31
158 217
97 147
98 114
300 161
313 264
142 3
192 285
53 249
150 307
170 219
307 77
145 49
274 146
235 7
48 4
126 190
78 155
138 314
38 116
233 101
305 200
177 305
229 279
276 239
290 180
90 246
217 0
41 309
111 212
21 283
69 311
273 291
74 3
74 136
202 207
168 266
81 239
265 111
116 274
301 21
69 274
28 283
170 108
118 65
167 167
161 251
205 70
247 133
197 127
140 183
29 57
309 7
223 219
11 120
64 179
306 106
204 198
253 102
143 271
132 292
214 157
301 141
124 234
251 206
156 230
25 112
171 270
152 156
264 107
220 205
134 82
174 222
273 77
177 68
164 69
103 26
224 299
28 154
307 292
279 268
318 223
34 306
259 292
236 288
273 252
250 122
303 200
43 260
191 283
318 96
103 36
187 169
29 195
57 216
26 246
264 62
283 136
164 153
156 323
90 89
110 114
83 237
98 201
168 293
52 188
13 223
55 293
60 308
196 300
163 15
115 41
20 260
44 285
154 192
192 252
137 166
292 59
137 259
135 78
236 13
65 306
244 114
179 7
134 106
74 207
314 6
288 121
43 76
35 61
155 321
241 63
319 218
89 144
247 173
55 129
230 231
26 148
26 185
117 5
238 24
22 212
149 243
291 32
84 275
227 192
18 93
293 61
175 120
167 211
150 180
83 306
265 181
239 46
264 171
283 164
56 56
124 161
180 112
116 9
322 275
114 131
241 308
272 0
47 252
287 49
59 116
272 137
125 75
130 139
29 88
280 105
2 153
237 292
52 93
61 271
269 130
305 141
99 205
220 185
277 100
317 80
0 42
261 291
134 63
54 87
184 146
261 177
297 313
22 122
52 199
303 225
156 185
284 105
118 11
190 217
168 194
203 184
146 265
281 68
118 299
33 291
277 34
265 76
119 297
175 307
183 251
50 39
173 173
45 164
55 316
155 96
286 231
77 292
319 79
42 82
175 116
248 128
133 34
232 170
74 23
280 52
7 58
299 263
6 166
266 140
144 197
87 150
126 58
218 108
287 84
111 74
69 65
145 161
308 313
247 246
291 304
10 1
296 23
17 129
38 59
230 167
144 35
259 313
245 9
60 190
143 49
125 81
270 31
53 158
213 1
100 50
139 28
68 30
308 111
157 141
129 278
243 321
253 126
282 281
72 142
189 57
279 30
135 183
197 29
143 16
119 308
4 190
280 201
261 216
254 226
76 92
302 213
144 140
312 237
45 310
108 246
265 298
106 287
77 235
248 269
172 190
125 49
140 321
114 190
124 147
24 117
