252 306
241 95
128 33
226 323
24 184
285 149
236 113
83 240
95 60
276 315
34 102
136 218
143 186
3 27
39 100
254 276
140 14
1 53
269 218
73 105
91 207
42 294
144 19
207 153
150 210
6 262
28 16
34 290
86 142
54 179
1 281
98 309
228 262
160 281
278 232
304 198
262 206
146 13
319 186
185 312
40 102
109 277
48 270
142 127
226 90
128 154
303 10
103 99
32 40
48 19
113 108
3 255
264 197
61 47
72 48
250 241
28 113
215 303
153 239
289 193
181 48
161 69
68 106
169 209
138 107
312 259
51 26
74 151
195 196
240 65
276 241
202 194
141 289
148 33
43 1
216 108
312 116
41 238
205 43
46 261
136 299
238 195
120 91
15 51
157 58
64 19
59 196
244 174
277 154
123 185
38 206
30 198
189 278
188 78
248 305
238 208
316 34
243 148
277 111
280 222
227 269
240 129
109 88
193 322
61 103
203 131
127 220
50 310
244 207
322 304
2 103
322 234
67 237
117 61
305 266
121 196
177 84
0 204
263 4
207 313
60 125
60 158
98 260
65 57
181 181
263 53
183 305
82 142
278 174
146 117
5 17
218 174
185 322
307 123
12 193
276 207
309 122
97 265
13 89
59 77
289 74
99 174
134 177
25 228
105 9
284 297
319 232
164 186
199 287
132 302
254 33
225 199
36 5
67 37
280 190
161 136
16 281
147 112
84 185
1 4
35 273
300 208
143 20
273 305
278 116
282 162
308 207
231 11
293 65
322 13
34 5
155 233
251 264
190 227
246 53
308 105
90 52
151 116
318 234
213 317
312 189
194 319
266 75
282 179
282 136
231 0
24 259
283 132
195 177
68 174
231 110
116 45
144 281
66 136
297 100
191 134
166 18
98 285
195 238
123 177
131 141
136 175
1 39
23 134
291 174
149 177
260 191
242 118
304 268
168 78
26 278
70 218
68 283
105 281
51 234
13 223
132 49
273 136
279 291
257 114
88 94
288 167
18 6
102 166
230 143
170 289
192 106
138 90
260 101
274 7
200 26
95 283
184 240
206 229
141 114
202 145
157 171
266 7
220 166
271 305
316 253
76 195
110 203
9 44
149 248
106 171
17 61
236 196
0 126
286 199
155 261
287 78
267 154
295 90
199 158
310 296
241 138
129 161
179 125
166 94
198 147
275 255
252 91
81 171
83 321
287 102
305 61
197 125
321 255
91 256
263 215
142 49
236 79
50 155
53 71
241 123
291 224
296 27
142 305
128 87
124 283
66 294
275 110
86 44
320 14
135 148
286 83
195 32
187 31
4 86
29 65
198 61
129 191
266 45
287 67
79 131
88 75
296 179
15 270
132 242
294 240
6 216
5 238
154 19
14 20
322 128
302 64
55 8
29 96
263 238
73 289
293 122
269 26
300 280
263 182
168 277
203 294
166 51
313 265
237 25
284 207
250 297
322 5
63 167
48 213
62 275
300 8
79 83
80 137
294 140
169 195
27 130
266 252
132 100
52 301
209 81
100 323
100 206
28 192
57 48
42 109
307 239
96 228
169 1
154 33
35 224
83 252
123 294
13 213
242 101
14 311
36 216
222 133
14 246
70 137
47 107
6 305
269 67
105 7
86 126
173 299
308 91
52 311
299 240
230 288
81 263
275 83
215 242
179 10
69 28
186 79
44 203
292 94
36 67
297 261
72 227
218 127
200 221
221 296
116 312
228 310
323 293
318 37
200 307
138 125
231 199
266 241
231 75
165 292
66 14
320 237
92 166
298 128
144 269
254 5
1 219
307 25
180 148
317 98
152 320
178 237
200 20
5 179
67 108
124 47
154 303
17 236
189 88
182 80
316 240
214 200
156 103
152 281
55 173
214 44
31 70
14 277
56 24
76 314
45 25
36 233
171 102
97 123
22 260
27 253
200 244
201 78
249 226
215 29
110 55
307 303
221 281
85 202
136 198
34 174
298 142
203 11
197 140
201 219
125 281
237 297
189 145
206 36
105 177
64 319
70 117
253 308
241 162
161 283
322 47
115 215
154 204
77 295
130 249
157 161
291 2
26 89
112 1
118 27
108 167
21 129
105 62
11 127
313 169
78 129
269 162
91 209
94 166
266 227
48 117
297 109
146 281
242 96
139 260
299 181
102 306
55 316
51 77
222 143
137 205
63 125
295 79
237 15
70 31
297 144
273 173
73 88
43 243
318 127
85 234
323 159
198 93
140 182
293 250
238 143
314 34
285 257
293 78
271 235
153 70
263 320
318 217
178 88
218 193
51 251
131 92
322 261
287 267
9 3
212 160
63 215
254 39
30 43
119 67
175 41
238 70
75 294
149 72
184 262
128 140
54 54
81 208
218 257
4 188
234 149
283 279
73 76
2 96
130 49
39 15
56 114
169 147
244 273
97 205
303 222
299 259
313 21
44 41
120 274
142 160
151 92
156 244
220 252
79 283
168 25
160 22
114 92
242 261
8 127
233 89
12 61
107 229
3 248
238 295
30 121
95 219
234 91
304 105
229 175
222 251
179 198
74 287
9 39
204 221
217 275
156 301
207 221
168 262
16 82
193 309
115 83
121 56
173 106
11 50
302 114
205 283
219 133
96 210
192 52
182 147
267 246
124 205
110 308
278 300
82 104
172 183
43 71
78 16
250 205
310 69
282 220
156 134
3 294
195 45
310 156
265 119
72 220
240 91
194 284
34 77
294 18
191 257
191 186
189 151
21 39
308 290
84 82
23 205
55 93
75 106
78 312
241 158
127 253
242 1
201 215
139 20
154 29
303 187
205 273
8 1
216 314
162 227
292 253
52 224
54 43
309 312
80 85
19 299
234 7
13 184
156 19
38 106
143 173
108 318
156 149
102 153
137 315
310 247
59 81
260 39
294 201
76 287
221 53
160 34
202 112
291 306
31 7
317 165
142 273
251 86
9 109
116 74
312 35
316 172
160 279
15 276
261 26
319 259
104 305
29 217
170 26
286 121
286 135
228 320
182 312
255 159
231 57
258 95
95 290
96 193
185 145
55 65
191 198
114 143
162 2
130 24
109 186
175 149
95 23
155 112
85 124
227 197
300 38
171 57
159 113
234 188
305 117
293 274
195 301
76 6
274 187
132 81
218 115
28 231
77 273
129 125
135 219
170 197
170 215
138 2
278 136
237 278
175 236
250 29
265 195
161 275
24 180
21 138
130 17
192 94
195 23
233 270
90 201
236 237
44 94
162 116
117 185
70 177
188 29
15 165
291 59
235 246
293 292
34 66
215 276
119 204
169 167
168 12
12 2
40 201
113 296
80 154
86 66
16 145
275 309
248 185
216 207
265 261
171 176
85 192
137 42
121 309
274 199
42 143
114 18
305 300
8 112
294 186
219 94
156 145
34 61
239 320
155 50
32 76
249 126
123 116
296 170
83 8
193 282
79 93
86 284
166 154
10 63
233 180
243 120
16 62
74 20
260 140
249 16
79 32
322 97
122 183
51 194
55 28
186 204
42 168
32 34
260 162
42 245
149 145
231 120
271 112
211 6
320 61
262 281
30 88
286 178
162 279
177 26
301 242
254 124
89 147
232 288
113 153
30 163
242 91
24 224
140 224
172 94
271 280
314 322
267 98
15 49
293 184
171 146
64 3
205 72
18 25
177 192
89 173
172 289
62 196
154 277
196 150
203 185
29 90
56 276
149 194
288 183
83 116
281 263
54 263
245 159
25 25
57 319
220 63
271 40
146 16
280 21
58 249
92 245
67 266
250 6
245 178
299 102
94 156
198 308
259 319
253 301
5 255
158 103
89 24
193 38
127 75
139 149
101 115
269 220
89 63
67 304
232 182
38 261
72 177
96 110
23 190
136 164
252 108
231 270
249 137
232 100
198 299
129 22
180 175
45 312
49 10
171 317
253 295
273 285
278 162
232 322
62 198
243 77
300 194
209 209
114 266
16 151
283 260
8 273
156 93
125 41
243 141
253 197
71 87
314 304
148 7
98 79
117 128
170 242
76 227
71 200
167 136
33 52
48 216
46 136
57 257
0 63
137 138
259 125
179 63
23 142
103 201
223 245
108 279
208 98
306 272
16 25
236 56
34 110
154 145
211 187
24 279
185 69
283 140
314 107
113 294
198 63
134 291
153 128
36 255
162 134
206 227
73 216
246 82
86 42
253 54
229 123
36 75
94 228
179 221
290 258
50 18
111 88
27 134
196 165
211 101
103 252
316 167
45 31
209 249
103 230
265 21
310 172
81 321
106 122
41 243
234 182
69 108
143 52
195 222
300 170
188 120
280 209
105 295
302 283
275 209
293 242
241 234
119 259
160 67
163 229
229 132
14 170
13 162
244 130
227 240
108 148
17 224
166 100
238 243
90 167
241 38
297 292
21 157
298 285
173 111
156 242
305 151
87 278
36 253
59 79
103 217
302 173
195 253
46 116
51 242
225 240
216 69
91 91
291 282
293 109
294 257
194 16
34 240
175 104
133 10
160 296
222 13
184 139
219 116
26 167
97 212
247 68
38 13
271 274
47 70
153 172
20 150
76 44
179 299
293 112
46 134
302 281
239 19
253 147
316 191
190 312
255 295
275 311
58 211
299 100
252 262
155 143
201 316
37 276
300 168
148 94
226 223
294 197
315 215
89 149
71 23
175 228
262 188
18 152
15 214
11 131
217 214
56 44
309 173
176 122
19 130
306 243
284 220
200 295
145 85
4 271
282 36
127 117
88 264
185 67
204 146
125 269
312 67
316 193
256 123
246 242
39 231
78 118
301 226
152 141
88 33
99 3
61 323
61 180
194 231
108 231
279 102
29 211
271 247
138 117
225 310
321 143
300 4
108 184
181 245
243 267
59 49
189 182
233 2
93 4
159 13
36 226
23 196
18 196
73 21
4 23
262 217
111 103
73 184
248 220
109 298
86 289
311 142
245 93
228 41
308 52
151 23
188 90
80 55
262 25
207 117
19 124
16 98
183 313
158 230
227 127
273 78
154 300
32 65
66 212
246 307
249 187
39 251
234 233
114 161
153 229
250 4
105 200
237 7
74 263
207 17
217 86
14 262
0 226
45 60
127 142
259 146
218 188
269 145
300 165
227 79
68 66
118 218
54 80
286 201
134 9
250 197
317 139
284 312
101 295
233 284
198 296
61 30
54 105
142 291
312 39
181 208
220 231
94 314
276 162
318 34
110 147
121 68
304 250
22 149
115 300
301 162
69 294
193 292
2 313
64 291
154 247
210 107
65 15
204 10
38 92
222 197
135 143
273 72
35 300
35 220
158 319
37 174
214 16
29 232
127 230
139 237
285 240
24 271
42 34
236 49
259 177
114 164
41 134
277 127
246 310
203 190
204 30
146 142
253 248
295 86
169 274
18 144
66 85
233 235
214 247
128 123
267 101
101 24
86 52
255 210
255 151
39 193
201 64
282 42
262 298
21 216
271 17
225 63
193 44
172 257
157 80
237 217
75 192
272 169
140 1
140 168
103 137
209 257
315 80
156 269
32 28
252 294
153 232
29 34
34 217
173 181
182 74
19 81
77 254
290 172
139 123
129 241
16 222
270 310
98 77
230 60
69 90
217 2
259 14
31 110
167 33
260 133
235 322
30 64
115 127
151 296
171 230
192 258
137 40
102 17
212 70
14 98
132 177
27 132
238 254
77 202
40 224
313 307
115 240
293 142
123 6
42 207
307 200
319 205
37 315
25 111
118 11
199 94
261 126
211 90
222 106
47 145
270 37
96 155
27 180
224 134
210 109
134 119
273 41
29 134
210 300
199 33
57 77
75 197
207 210
203 90
163 301
207 254
322 182
230 71
127 271
221 116
64 243
248 95
22 73
212 175
256 313
59 257
122 170
82 62
112 257
108 188
152 169
154 57
125 116
139 63
16 47
277 277
190 271
286 68
77 196
233 52
280 115
41 126
203 81
149 135
200 62
208 154
245 232
226 307
111 20
93 80
105 186
192 239
288 181
149 133
243 203
234 153
62 165
112 196
227 92
175 16
306 302
36 280
314 100
89 234
177 114
241 136
205 210
223 56
207 59
220 95
189 142
126 240
73 160
246 21
133 109
147 249
54 138
242 280
24 277
199 141
129 300
319 207
167 107
321 109
176 256
250 61
15 139
315 27
209 216
30 205
304 169
182 157
35 197
52 232
4 62
194 83
16 196
218 149
293 149
18 34
99 34
307 161
234 79
155 147
280 41
296 47
66 239
75 243
308 169
63 33
44 294
154 150
235 169
306 92
148 167
305 264
150 254
216 221
222 225
114 41
101 252
65 263
56 178
299 296
67 130
175 164
302 20
219 85
133 98
276 313
276 225
21 90
59 104
187 51
303 24
30 262
13 106
266 63
62 211
46 20
74 38
213 315
67 79
222 153
59 45
135 267
16 105
222 10
284 106
103 120
188 122
237 205
249 296
160 41
43 193
285 260
206 288
7 55
188 316
173 231
227 88
10 276
308 99
145 202
140 304
231 96
6 237
93 36
52 209
195 131
202 143
287 237
146 63
136 8
322 115
0 311
172 240
155 75
124 151
136 114
53 281
162 47
57 245
274 19
314 117
178 282
28 42
199 156
318 137
70 257
200 113
240 308
308 205
41 230
292 37
197 267
151 31
136 271
110 73
159 20
50 228
13 292
157 264
59 251
253 192
191 177
305 292
219 282
74 25
195 128
243 80
218 156
275 68
178 64
57 103
30 209
195 104
186 1
262 245
127 16
67 254
239 204
57 8
253 310
120 18
198 9
202 132
147 14
276 75
133 45
77 47
244 302
257 177
6 97
42 180
5 68
175 259
232 212
140 199
243 99
273 138
3 261
73 165
67 167
229 150
206 301
52 156
321 35
191 157
275 46
287 193
93 14
107 204
277 247
90 246
112 266
219 168
126 144
249 100
175 306
76 305
140 235
301 52
27 229
2 61
72 8
146 136
24 265
200 102
298 266
245 145
191 246
283 302
162 196
58 9
78 171
283 84
248 281
190 229
48 155
316 135
287 100
128 189
140 241
107 176
27 198
220 134
120 290
248 23
14 222
83 25
320 98
29 213
255 177
166 189
2 72
12 211
11 89
1 182
229 78
177 98
28 44
112 319
193 233
281 50
47 177
27 169
23 225
292 82
294 156
183 94
229 134
313 143
147 264
184 28
190 249
69 205
21 322
263 135
71 183
76 126
87 85
193 23
229 312
152 246
100 145
40 41
153 47
118 163
248 70
204 133
129 281
84 127
241 100
43 10
110 150
179 65
167 59
178 83
212 318
322 254
216 248
100 299
6 170
13 245
0 71
146 296
116 236
222 141
237 180
14 100
7 271
87 6
124 58
36 134
98 71
133 61
285 4
124 76
203 16
191 38
294 138
168 179
240 262
290 249
248 138
78 319
142 277
20 88
112 272
201 50
185 305
11 311
105 14
134 273
244 82
185 103
265 73
131 15
120 206
42 220
5 115
315 113
244 128
246 9
97 63
44 116
117 204
322 7
253 286
257 76
180 38
308 243
140 148
125 295
289 313
208 227
47 252
210 247
85 279
93 219
186 191
277 113
316 255
147 312
17 206
73 52
263 176
280 29
254 161
261 1
128 50
261 222
85 256
243 137
100 122
264 188
170 187
179 173
314 218
295 260
191 282
53 171
48 120
3 29
231 58
189 12
248 14
83 36
141 320
43 110
314 157
5 99
12 206
225 150
294 93
176 321
221 73
203 18
6 235
51 281
131 162
201 19
229 271
133 252
12 7
244 250
169 56
24 75
99 320
116 225
42 308
70 67
207 89
12 272
287 206
305 190
131 9
102 27
119 111
187 128
308 323
247 63
112 87
305 86
291 67
105 154
198 159
184 293
157 321
129 309
234 212
309 294
87 29
13 225
253 320
47 72
2 136
67 205
13 236
246 70
35 222
119 51
236 111
14 200
199 41
150 216
114 159
92 47
125 203
286 143
316 219
12 114
192 270
46 198
230 1
159 193
0 153
52 211
134 156
310 116
177 75
81 221
287 270
36 51
187 113
196 75
189 243
311 323
57 107
289 303
237 162
122 198
126 100
138 141
12 191
259 127
284 211
232 46
205 68
317 215
78 256
238 80
181 131
222 223
12 102
221 2
284 83
131 224
112 174
21 56
88 225
205 197
38 87
191 293
228 120
256 272
155 271
309 143
188 105
294 259
137 36
55 320
138 203
189 0
322 152
22 273
37 85
103 9
97 149
228 130
166 197
162 172
134 163
295 268
124 34
82 222
95 224
184 272
282 147
320 246
305 1
188 103
218 186
84 241
7 2
199 134
217 293
223 79
168 41
184 253
231 36
3 246
290 321
153 124
53 246
175 156
73 86
18 142
142 241
130 51
264 223
171 67
253 227
296 181
105 127
6 53
315 306
182 155
322 111
318 230
13 53
189 75
17 252
34 159
305 122
116 164
239 89
68 201
257 286
228 90
272 123
313 316
222 50
133 71
257 34
182 182
269 28
109 42
300 64
169 272
211 14
148 217
43 205
229 273
104 146
140 306
13 164
80 234
315 55
303 248
183 295
108 27
264 255
100 256
294 304
181 162
161 123
248 2
163 205
115 24
214 18
155 59
20 240
295 155
23 310
13 116
261 41
249 68
4 5
36 262
184 86
149 244
295 50
186 90
203 255
231 172
79 108
193 119
109 23
72 308
112 139
12 35
302 311
79 146
251 51
167 249
134 43
8 41
196 308
90 217
189 265
237 220
38 275
316 217
185 58
79 308
63 35
90 236
124 198
192 312
229 75
189 147
46 181
249 316
131 191
156 95
244 146
100 80
50 98
18 311
184 149
166 226
206 45
79 110
292 124
10 25
46 143
251 228
85 285
295 101
209 253
321 10
131 304
169 201
227 311
141 237
297 43
311 149
309 50
307 164
114 37
218 70
186 319
40 308
265 183
116 65
141 215
47 288
27 225
187 193
201 196
294 178
187 225
159 181
61 195
195 122
39 57
193 78
316 19
115 220
192 184
85 133
55 91
190 64
106 231
252 158
312 82
105 168
113 137
284 314
102 308
54 144
250 33
106 261
195 240
320 182
93 76
46 265
293 145
296 134
260 0
39 310
85 117
89 87
227 206
292 32
269 170
268 291
253 211
304 144
274 241
317 107
215 322
259 94
292 295
136 35
307 181
195 226
40 49
118 42
216 297
284 47
121 4
254 7
221 195
227 221
193 93
118 149
192 55
167 47
22 251
152 291
195 299
130 207
120 66
213 116
195 94
165 43
2 70
80 312
251 114
190 225
318 289
215 81
176 319
31 273
309 158
296 19
216 232
303 8
114 22
229 206
199 183
62 150
302 198
129 298
320 0
115 295
242 143
161 307
236 168
268 289
113 162
180 4
2 278
229 103
28 32
173 253
39 121
34 14
316 127
86 180
225 54
243 89
97 214
272 29
146 110
215 57
111 47
101 239
302 4
221 294
202 100
148 219
275 249
178 320
101 218
114 312
129 0
218 29
161 181
52 11
153 257
114 179
1 246
283 148
77 277
16 200
271 292
202 245
287 76
168 80
94 250
33 305
65 34
165 68
166 235
322 173
310 154
176 67
268 197
81 256
288 304
113 96
177 125
21 193
37 82
264 184
302 152
92 249
196 85
52 39
118 165
227 62
154 311
239 135
201 73
298 205
11 69
279 92
109 182
56 242
32 162
158 282
174 308
61 305
217 212
209 207
65 81
308 82
123 288
163 128
202 285
243 107
176 155
19 154
322 144
125 299
37 301
237 227
85 149
302 210
35 25
226 321
257 266
48 197
283 98
171 174
135 314
137 105
197 94
225 272
11 55
247 195
26 101
249 172
70 207
309 1
74 127
32 5
170 151
18 39
232 72
156 259
161 238
56 184
19 237
275 292
297 73
264 25
56 122
212 40
315 258
203 209
37 56
23 19
150 101
280 26
50 301
24 166
139 161
136 150
160 236
75 52
165 25
264 114
29 149
237 134
61 214
19 284
214 194
260 83
184 197
297 213
152 33
228 141
54 202
12 140
235 271
277 206
61 265
101 169
102 93
131 243
91 186
305 27
27 18
56 159
174 171
98 136
74 307
108 289
29 242
246 302
15 46
120 224
183 23
50 260
12 261
131 201
176 312
144 209
245 176
118 316
268 224
218 284
280 149
24 52
207 135
280 126
319 299
9 37
73 163
221 298
288 144
78 136
155 48
185 295
129 287
187 89
193 313
14 18
86 274
54 183
87 24
131 25
122 234
321 78
93 294
191 0
303 79
122 150
94 133
14 190
300 150
154 249
155 7
62 236
83 84
312 99
52 81
76 119
178 109
173 211
224 10
18 260
239 282
120 254
217 204
219 219
275 40
303 282
139 77
200 146
80 121
221 311
57 64
76 48
243 123
77 297
230 259
120 163
257 55
293 118
98 181
265 112
323 206
153 242
305 231
252 145
225 242
72 6
318 243
172 186
30 319
288 200
254 9
169 291
191 322
123 247
210 89
73 277
106 85
233 104
201 104
245 252
233 25
20 79
287 314
320 311
234 267
291 51
306 210
164 66
80 159
187 321
278 322
20 143
98 298
10 286
301 269
23 22
278 58
248 8
215 272
117 76
77 7
184 127
77 37
150 121
23 14
216 174
28 246
102 146
120 29
92 89
30 15
55 132
263 250
313 59
282 52
49 118
219 136
107 313
168 23
301 248
93 102
196 266
209 323
51 59
150 99
162 118
198 208
150 175
86 203
295 40
121 262
137 196
42 40
142 5
103 243
248 89
224 108
184 91
248 33
279 188
185 141
54 72
218 35
218 68
126 279
81 252
66 291
113 124
55 207
172 117
135 260
36 291
235 224
314 3
221 191
311 294
320 184
63 294
30 316
305 143
184 68
46 123
84 62
6 227
105 224
100 130
76 245
30 33
157 191
185 231
55 280
49 146
212 88
112 179
100 78
51 69
91 243
134 15
31 3
209 275
224 216
227 285
178 8
249 189
231 215
15 178
176 124
165 131
86 292
57 105
46 95
126 251
183 136
170 161
92 109
52 37
105 226
68 101
162 287
5 151
32 78
192 102
1 134
293 2
7 156
131 323
122 283
193 260
317 266
229 241
96 47
268 278
239 113
281 261
152 139
113 29
165 314
115 276
171 97
19 228
291 145
248 132
314 73
223 309
219 191
78 234
290 121
321 296
47 188
106 157
2 181
74 228
22 15
119 25
319 144
71 76
103 309
83 92
204 111
200 18
221 244
0 180
41 5
320 280
244 266
54 277
241 154
300 318
310 100
153 66
154 152
79 116
169 77
110 16
220 292
79 253
125 236
114 241
25 22
258 234
322 60
277 92
278 242
257 93
28 288
275 273
191 152
271 99
128 70
192 194
213 57
14 180
83 247
293 204
231 191
196 169
58 65
224 90
14 102
121 256
144 83
167 87
76 275
69 241
230 297
251 190
68 142
156 4
154 174
151 171
53 140
7 16
230 112
310 83
256 293
167 82
95 124
229 56
209 130
90 32
87 10
5 15
45 128
15 188
75 254
102 19
55 217
162 58
82 272
17 322
144 30
272 61
83 10
257 126
5 135
276 1
182 128
48 313
92 22
278 181
311 277
189 8
259 314
171 297
308 74
149 201
95 97
141 99
234 305
27 106
102 208
15 163
184 160
210 123
13 274
279 50
39 133
61 303
144 72
197 31
41 252
20 58
298 49
217 92
204 117
177 218
223 63
215 65
37 251
316 13
250 199
29 229
127 169
18 300
141 249
36 151
263 212
18 16
65 116
0 194
52 173
314 82
318 300
231 159
228 0
233 168
172 26
61 96
21 309
148 266
88 77
4 171
25 27
18 32
104 202
13 234
173 199
283 27
277 50
181 146
300 89
304 211
37 204
156 29
135 192
177 181
225 300
282 296
84 222
98 237
264 307
126 128
70 198
306 19
80 26
137 136
162 215
174 14
210 24
137 74
166 16
6 149
220 290
283 66
135 56
321 127
177 185
278 179
22 158
140 278
263 117
62 187
1 160
214 98
242 265
174 4
82 119
311 122
172 83
210 92
134 128
113 35
68 47
255 232
254 86
70 228
295 15
314 115
280 122
307 133
20 273
133 142
182 175
157 197
202 152
150 319
194 36
107 139
114 9
113 277
315 48
151 128
106 94
144 54
318 166
244 132
216 28
219 3
24 269
203 207
254 45
313 202
165 208
71 12
284 64
224 152
7 321
9 196
51 321
290 182
281 283
249 13
223 199
99 201
287 87
196 242
203 43
219 92
227 255
18 65
284 318
260 21
220 222
263 306
231 19
175 269
264 227
300 19
59 227
70 14
182 60
225 308
317 296
202 243
269 30
88 31
217 125
200 115
236 26
227 23
20 65
287 119
279 289
90 250
136 264
158 56
34 262
229 314
273 68
57 251
10 170
60 72
288 3
186 121
88 62
7 151
75 104
303 128
182 198
77 284
90 74
106 159
225 191
49 319
164 86
159 52
35 58
178 175
138 235
265 109
285 81
245 230
131 90
284 67
216 49
218 60
200 55
94 82
144 17
305 270
180 285
159 205
152 225
6 14
108 211
312 286
76 209
218 146
141 256
165 285
286 3
208 304
197 234
142 185
149 123
16 100
134 28
125 57
42 74
205 289
108 247
48 157
322 155
270 136
59 92
304 41
61 138
197 33
57 129
146 29
123 281
145 185
49 67
139 256
7 114
316 200
109 138
205 212
82 207
133 79
218 290
288 312
146 39
144 124
189 44
118 230
198 122
221 48
220 14
315 70
40 242
138 163
176 282
173 236
281 309
200 29
63 28
229 88
215 117
89 208
238 48
75 184
154 156
156 246
72 1
254 14
96 61
43 121
293 128
97 101
254 212
31 188
53 320
125 170
305 321
163 207
104 297
312 61
151 173
302 38
243 248
229 113
231 24
143 109
163 138
187 295
135 73
281 204
83 50
96 256
196 106
130 19
31 99
145 283
279 33
314 189
100 155
192 275
24 144
306 219
178 194
44 43
280 35
71 94
93 290
245 287
205 303
72 39
196 302
38 102
124 189
170 264
15 80
213 15
295 250
260 302
11 112
65 225
280 229
236 301
226 264
49 258
57 237
188 169
313 69
242 250
43 176
24 172
33 82
208 121
30 29
93 116
133 90
20 141
226 121
82 189
278 212
156 108
230 145
77 301
72 262
266 292
265 305
217 181
87 214
228 204
139 153
78 143
181 214
194 168
239 256
87 176
184 233
10 91
241 204
108 218
136 185
183 268
42 72
243 159
32 289
9 198
57 6
21 108
200 164
105 253
106 247
230 160
322 142
211 116
22 293
178 241
213 64
15 122
249 239
255 168
268 214
317 49
165 0
14 296
252 244
294 183
254 56
15 293
5 212
260 185
282 157
283 249
37 221
266 273
23 217
247 295
230 94
316 302
126 76
236 313
221 41
107 316
205 95
276 34
150 321
247 303
40 53
81 261
293 154
242 146
272 167
115 20
156 87
31 80
266 212
49 233
16 286
173 259
234 295
283 247
40 236
202 292
212 52
103 186
41 80
45 288
180 85
248 45
110 210
295 60
140 55
107 75
214 46
78 198
164 118
100 38
129 92
18 173
288 208
149 97
268 155
13 204
126 264
283 108
92 58
265 258
314 13
40 183
133 26
119 305
278 166
24 164
106 274
133 310
323 92
165 271
2 56
93 305
316 2
104 85
35 242
267 69
322 237
21 218
319 267
289 245
26 184
139 279
297 107
73 191
289 25
88 292
46 56
172 223
92 317
70 113
159 222
2 259
35 6
239 217
37 153
121 258
205 91
288 210
61 109
197 148
275 62
230 151
81 110
32 254
128 182
268 83
117 0
316 300
84 38
191 7
85 11
173 169
287 56
311 221
224 218
283 241
233 246
9 74
209 285
47 67
151 52
295 118
235 160
250 170
74 161
61 224
153 109
212 305
88 22
222 35
1 293
78 317
92 35
211 173
314 32
99 64
280 1
185 303
242 36
107 169
26 230
47 161
141 228
184 129
268 272
72 64
247 253
193 135
304 308
170 123
164 120
163 292
231 201
148 26
88 41
282 29
119 228
286 304
146 6
300 182
64 13
0 299
126 69
69 285
213 184
196 28
135 37
2 86
0 171
212 303
56 72
271 68
298 315
179 79
90 126
37 210
191 141
0 239
277 61
320 204
235 103
56 12
293 282
19 217
198 161
97 269
285 236
182 164
302 183
112 235
250 20
89 262
56 10
24 227
140 152
85 129
99 176
247 65
322 306
70 182
104 106
89 304
292 280
121 185
23 125
144 8
290 220
231 247
0 104
133 175
51 228
60 41
111 77
255 234
150 74
91 323
13 199
31 283
273 247
134 130
202 305
7 301
302 250
269 84
263 159
48 134
280 294
238 110
300 148
272 145
229 285
306 104
31 293
167 273
196 258
85 194
286 207
311 21
122 207
190 213
106 135
275 186
6 153
47 109
278 275
131 76
292 226
12 265
4 259
219 276
279 203
43 201
320 222
50 224
262 29
323 42
50 94
252 177
202 176
185 279
180 141
313 149
244 13
71 279
221 279
280 281
112 38
267 159
137 97
238 313
304 230
150 237
229 281
18 182
115 309
111 192
64 302
121 47
135 13
135 41
295 185
155 28
102 268
320 264
86 97
259 199
3 207
6 7
206 79
182 239
253 133
119 262
228 76
279 124
35 235
36 136
138 101
257 320
213 234
268 263
11 12
69 156
146 301
307 154
136 156
104 277
211 259
280 225
301 91
131 273
210 245
224 13
192 216
4 88
53 288
31 19
41 222
6 78
133 274
46 103
173 276
189 165
220 181
255 198
242 150
209 106
40 110
47 267
9 162
282 229
234 72
237 282
321 258
213 72
233 62
70 230
91 124
72 218
101 230
152 198
241 202
95 266
121 99
166 269
246 226
308 278
228 267
285 6
111 67
150 155
140 211
231 170
40 167
248 67
258 312
270 134
259 45
9 319
261 306
182 215
50 200
137 173
186 198
259 63
100 71
81 265
273 171
0 285
290 176
106 2
70 141
125 152
199 174
246 66
84 74
40 290
210 8
39 316
204 79
30 39
225 29
95 43
195 323
197 202
298 254
268 297
289 2
192 116
92 136
306 290
159 79
44 323
183 49
185 136
236 207
42 200
115 61
279 155
83 209
233 272
260 75
59 63
11 305
99 157
168 29
46 269
77 145
314 68
119 142
185 267
194 220
7 21
24 97
32 262
169 170
69 217
88 65
223 289
54 146
230 38
265 186
137 320
290 227
172 319
199 203
52 58
190 176
38 273
322 221
295 293
75 101
188 27
25 71
186 196
291 272
57 93
17 123
44 144
3 229
128 252
287 241
193 298
0 155
175 34
205 135
204 167
103 7
271 168
249 219
213 118
191 259
5 21
264 251
251 316
30 310
204 177
120 320
173 209
245 291
236 249
65 210
239 63
173 306
80 17
78 194
156 320
91 87
235 226
99 272
17 198
312 19
179 27
322 72
150 239
125 94
174 274
172 3
125 178
305 306
260 16
63 183
252 282
129 48
313 147
65 76
157 151
86 128
152 289
215 163
22 172
211 302
55 113
277 82
276 48
272 89
157 224
139 197
105 69
200 261
310 75
141 318
173 44
310 14
106 133
58 41
20 1
122 245
95 25
314 91
166 318
276 39
120 132
16 169
176 19
169 145
86 272
208 107
196 63
198 7
268 295
162 35
177 7
164 196
94 316
165 139
144 49
282 191
204 263
3 197
133 272
33 276
3 12
248 4
217 273
28 98
36 323
32 295
153 78
306 57
128 218
31 122
107 284
30 196
42 174
34 157
322 33
191 148
267 8
164 99
94 29
187 72
323 213
163 247
315 44
74 35
155 218
156 2
8 195
29 129
111 187
94 162
124 237
298 302
242 272
156 83
227 227
246 33
243 37
256 39
158 221
196 35
83 237
63 115
285 299
166 121
173 265
323 53
311 315
215 10
2 215
148 12
322 311
114 118
139 115
185 193
41 281
293 97
107 39
242 171
221 208
9 311
223 15
193 50
133 308
112 268
224 154
244 47
26 114
12 290
180 158
24 267
62 222
198 5
70 254
244 45
152 68
322 1
59 47
254 253
42 211
47 87
72 156
161 240
156 174
148 66
102 320
278 270
290 297
184 73
114 252
171 168
123 163
135 26
264 214
245 106
75 27
316 268
96 133
292 283
94 130
293 76
88 51
140 251
43 125
195 235
157 323
241 320
209 239
59 106
19 111
116 1
81 108
178 5
48 186
194 103
54 306
237 107
128 310
70 175
22 140
241 282
60 57
4 235
144 33
289 13
98 26
163 0
304 284
211 226
193 158
252 45
52 264
31 46
96 102
282 291
73 94
107 68
182 38
43 227
68 137
28 136
142 210
37 311
63 117
199 64
69 93
308 229
143 227
166 258
275 11
281 202
48 102
42 323
312 106
300 246
322 210
278 258
179 287
108 302
117 238
157 317
309 28
122 191
294 169
119 102
19 184
218 167
145 279
295 35
102 25
45 122
223 186
109 236
304 142
200 160
32 275
117 273
139 127
131 213
152 190
313 270
172 274
176 107
235 180
322 124
190 16
101 88
56 265
242 125
150 107
289 67
229 287
267 103
36 175
212 286
248 124
153 43
261 204
270 148
32 32
282 313
297 116
71 89
308 135
144 206
253 24
297 241
279 106
253 87
144 110
15 313
220 36
121 51
53 25
182 262
217 75
138 225
252 188
86 95
78 232
173 32
193 117
195 149
137 72
129 163
279 19
125 8
26 144
84 217
275 282
233 11
251 188
22 223
239 72
106 196
249 153
118 93
84 254
99 89
284 209
29 131
88 126
88 167
207 263
173 197
37 1
318 146
43 25
125 104
282 174
144 36
165 312
97 258
97 290
264 279
206 122
121 276
149 31
90 263
84 134
31 232
55 171
62 1
279 100
304 299
0 96
293 24
239 155
111 297
305 259
25 124
71 293
257 204
142 206
88 179
95 13
257 14
312 284
59 128
92 319
180 313
41 137
161 129
200 6
267 293
59 27
122 27
222 182
114 2
41 283
236 146
169 309
174 255
60 238
294 238
258 61
303 77
173 284
209 152
21 50
172 238
4 288
60 263
211 272
284 150
177 280
8 269
12 48
306 222
95 117
74 14
209 262
112 93
169 137
173 42
75 216
96 21
112 36
120 152
118 307
181 40
135 90
5 200
169 317
42 138
162 290
208 241
253 89
213 228
144 310
26 290
216 18
251 126
23 209
239 221
81 167
240 258
278 316
205 269
235 154
94 24
179 180
123 296
175 231
259 19
161 14
200 299
16 93
63 292
182 149
266 96
61 278
135 230
14 153
194 75
39 20
254 108
246 46
321 186
198 271
234 9
1 198
71 153
22 52
224 245
126 316
76 135
38 119
321 76
160 134
110 258
139 91
276 323
257 231
186 282
128 128
255 204
219 44
109 64
87 68
147 153
42 225
124 306
23 156
285 189
166 203
85 112
268 227
6 281
188 115
32 247
222 104
303 117
254 41
297 287
175 196
40 28
49 188
167 301
285 99
30 5
208 192
134 54
262 287
301 302
193 300
116 223
263 289
186 16
163 140
16 274
123 221
214 217
301 40
210 287
81 287
194 63
289 243
281 187
319 39
76 212
17 288
207 235
28 167
228 225
106 297
27 300
29 122
98 156
85 179
139 60
162 64
297 289
317 159
314 93
89 145
124 219
226 262
148 63
207 197
225 228
99 258
249 151
81 57
97 230
23 154
190 115
207 96
183 8
65 36
21 206
136 273
21 295
237 0
292 175
76 63
214 53
49 303
9 200
105 216
41 122
281 13
144 62
299 22
213 262
93 124
73 27
19 121
262 46
107 182
23 26
181 197
244 234
161 147
27 110
60 285
217 283
52 240
273 87
197 177
123 173
223 297
261 265
255 127
114 197
141 213
23 147
233 122
26 308
30 60
304 201
77 200
12 306
110 22
248 307
67 28
178 191
86 185
94 218
237 319
14 82
180 156
118 15
246 79
157 51
187 268
222 37
186 217
265 42
117 141
173 35
19 71
42 36
104 267
264 90
86 12
121 162
242 164
320 33
68 297
54 45
45 50
159 278
286 169
246 212
193 218
22 266
122 114
71 130
273 191
259 139
149 179
24 84
145 260
178 1
95 234
202 116
234 287
166 156
4 117
111 127
47 201
92 292
291 34
280 270
21 208
205 179
264 143
158 165
272 182
28 178
260 304
43 127
81 227
322 157
238 55
207 252
57 133
39 204
272 7
84 120
296 209
223 21
148 200
57 282
95 164
169 58
65 125
2 227
48 211
260 138
288 191
32 58
192 256
205 201
59 83
27 303
9 111
228 80
293 255
133 107
3 17
294 158
266 114
85 187
314 196
305 182
232 64
89 200
236 105
307 311
114 120
201 24
40 26
85 305
316 251
275 290
228 136
244 264
118 74
278 148
143 238
163 33
229 96
263 277
2 87
305 188
322 184
229 248
88 282
98 203
288 88
209 101
298 189
273 57
238 268
104 60
116 247
130 189
90 285
32 217
175 226
169 159
46 242
278 282
314 260
146 119
7 218
96 138
222 8
137 45
151 212
69 114
205 172
195 286
95 178
80 174
307 83
151 157
43 112
142 54
179 114
164 148
72 238
267 12
140 101
270 124
317 208
78 307
170 319
174 224
35 148
164 57
279 45
276 85
74 138
261 92
186 233
107 260
26 178
264 318
28 320
305 180
30 289
19 252
139 315
33 186
155 53
26 289
285 253
269 72
149 264
41 128
153 45
311 124
231 281
66 283
229 37
157 204
110 251
24 44
108 291
319 209
65 134
250 263
84 96
149 65
288 172
256 203
68 302
226 193
12 294
289 315
192 210
265 170
145 294
271 201
178 70
98 161
128 260
219 42
310 49
144 184
30 117
212 38
241 278
180 87
152 238
205 251
208 127
268 204
240 55
15 303
38 253
214 48
177 228
168 202
277 223
181 111
222 98
180 55
273 76
309 277
162 281
303 60
117 6
312 23
285 147
176 8
262 279
137 282
163 50
170 189
72 316
305 119
270 205
167 55
17 167
76 154
57 141
248 54
207 137
223 161
154 197
155 71
230 141
85 297
296 211
165 109
287 212
292 249
170 12
158 99
40 185
110 173
278 320
235 286
232 28
42 27
270 59
290 191
110 114
199 126
152 183
195 124
105 313
238 43
301 11
33 99
189 245
139 231
242 269
194 21
144 273
187 206
19 4
315 4
233 166
74 182
37 21
161 49
142 71
139 292
38 309
46 89
150 220
42 60
126 182
193 317
162 109
212 45
39 123
301 164
215 100
43 296
178 209
188 284
12 227
125 102
299 255
32 204
129 262
191 206
193 18
48 85
173 85
265 70
30 200
136 69
262 79
260 267
299 159
190 66
167 147
301 107
210 306
197 47
228 308
197 45
292 19
271 26
119 288
269 160
76 316
120 11
128 99
270 126
79 68
118 154
11 53
278 26
220 122
263 57
165 195
303 251
1 55
132 102
211 63
169 323
16 37
40 39
71 162
300 154
212 300
272 322
59 298
319 282
120 198
242 295
32 231
230 204
31 48
219 62
19 30
99 87
284 36
19 117
255 76
192 175
172 130
292 322
212 260
95 185
81 188
301 196
111 64
114 145
219 278
278 260
262 27
71 265
86 298
287 133
80 172
263 275
262 139
82 73
219 235
222 287
197 59
65 174
54 185
161 12
278 176
302 58
232 294
165 137
7 154
207 286
253 251
159 83
215 230
111 205
216 38
97 86
165 248
191 276
236 280
250 59
74 195
219 322
184 307
30 275
136 106
230 183
134 150
178 322
186 106
234 28
46 203
275 27
127 281
237 247
311 298
172 161
38 167
213 66
19 15
183 89
68 193
100 301
180 8
306 102
295 210
109 300
206 193
99 284
111 123
60 197
4 211
166 117
113 186
321 29
98 53
126 64
7 303
110 46
137 12
284 29
15 106
18 221
134 141
219 21
39 292
243 255
237 54
310 61
265 162
102 35
240 35
246 157
103 115
125 180
289 264
167 0
142 73
150 44
239 161
149 48
74 235
78 224
168 157
264 322
246 116
240 284
103 108
151 54
152 283
250 245
175 266
111 125
12 104
193 176
70 48
316 195
278 118
318 264
111 236
119 125
58 25
77 299
194 91
139 319
159 207
115 103
52 293
127 161
68 22
274 323
255 226
32 164
6 57
242 259
163 277
297 130
171 199
50 241
247 81
95 226
187 150
85 7
38 98
50 150
193 277
293 231
51 110
303 6
92 72
297 268
244 12
95 100
62 65
158 295
294 270
79 264
190 242
18 250
227 199
67 309
44 29
86 113
323 31
294 147
208 320
294 248
49 17
89 85
73 152
48 241
42 42
147 187
58 161
20 244
75 163
302 116
307 1
253 299
44 39
123 278
35 180
167 85
143 208
74 79
8 15
115 201
68 313
62 57
249 174
216 187
50 198
75 22
297 172
57 116
7 180
79 267
136 28
150 53
277 164
179 214
55 150
314 163
319 265
271 0
117 84
186 273
297 87
298 134
238 182
203 317
313 240
147 83
272 155
79 66
283 299
44 279
247 159
23 306
152 176
36 274
244 41
224 33
120 89
152 175
311 133
110 218
299 317
36 212
33 147
221 177
323 196
75 276
214 106
49 96
25 232
212 195
312 276
81 246
295 97
244 292
134 218
50 273
17 18
214 139
269 100
133 230
240 200
43 51
126 198
218 267
88 88
143 295
168 152
143 32
318 291
90 238
299 42
240 49
161 127
57 135
262 162
210 190
113 103
161 165
235 123
134 88
259 160
278 52
184 30
113 119
243 188
21 265
80 34
37 303
265 249
161 51
301 271
9 321
52 309
151 72
127 258
300 238
133 213
165 302
157 113
197 84
266 51
138 175
308 127
267 274
125 172
302 230
322 126
72 229
138 168
236 253
296 62
275 231
105 76
64 1
22 286
101 266
83 94
260 107
210 192
242 200
133 56
302 171
310 285
87 313
256 277
263 186
251 266
322 64
116 119
20 230
116 63
207 178
271 190
60 212
50 186
299 132
48 94
215 270
167 74
311 202
231 30
115 259
109 13
135 301
21 124
320 173
75 237
212 320
291 275
79 36
203 63
43 221
186 21
171 219
174 285
221 102
314 126
72 154
33 133
132 207
169 93
25 106
255 115
182 200
238 280
90 281
139 85
8 149
258 175
299 286
212 217
294 99
35 138
97 283
23 192
0 304
72 14
1 301
51 192
112 22
303 115
312 57
229 119
264 257
166 3
91 79
180 47
4 209
45 267
83 191
191 14
270 263
62 102
225 270
88 105
224 127
69 276
0 124
37 187
223 54
163 256
303 297
125 248
102 122
105 137
138 137
268 189
160 109
322 101
191 164
165 289
197 184
8 81
20 73
32 42
313 37
296 272
253 223
102 86
248 241
40 136
100 28
159 171
295 95
11 0
255 307
29 119
314 175
41 9
190 125
127 312
261 66
222 230
314 57
88 174
100 20
189 224
101 113
64 123
149 309
190 284
49 106
4 269
297 25
210 268
303 203
300 119
32 97
199 199
10 282
241 248
306 140
293 101
294 64
119 87
117 262
153 191
76 318
319 77
116 92
150 94
278 99
30 66
309 140
143 123
136 295
116 23
299 311
141 187
22 0
32 152
309 286
265 117
100 228
7 79
167 314
106 146
119 99
264 253
289 8
0 277
106 59
243 109
258 217
108 135
4 280
39 314
230 177
104 123
227 287
277 10
237 172
101 55
51 208
254 70
240 220
111 181
260 236
259 67
143 179
159 264
64 73
56 253
268 147
14 64
262 141
90 68
312 261
235 152
151 159
208 287
51 171
285 58
253 199
6 311
278 225
180 163
185 225
199 226
174 162
254 169
103 61
215 245
255 132
219 138
32 135
241 232
24 191
206 268
219 120
276 184
268 251
48 179
141 51
204 245
292 147
191 93
152 100
135 224
93 2
241 256
192 20
84 219
128 107
97 93
230 185
4 78
133 201
34 146
199 230
239 115
238 197
80 76
268 10
61 107
245 193
167 270
84 105
1 14
285 101
226 9
184 199
132 203
163 241
214 8
102 109
214 264
140 154
120 260
279 234
147 244
251 63
318 111
230 190
221 0
157 223
44 245
87 201
301 288
190 168
196 236
196 260
228 162
137 223
11 37
260 61
304 224
6 269
234 101
269 103
22 249
127 22
20 257
29 318
226 128
33 109
9 156
157 194
320 166
281 99
214 33
319 236
294 126
92 157
70 239
251 72
126 35
269 190
182 249
220 159
34 323
26 87
141 293
285 137
157 185
249 254
70 1
188 177
257 270
118 113
233 232
176 21
180 242
120 34
257 159
112 117
145 188
274 89
34 246
186 114
137 280
180 207
85 147
188 167
44 56
30 135
320 224
252 198
8 174
215 183
90 34
279 205
140 247
216 45
177 170
185 310
111 286
256 6
151 125
92 194
165 84
83 154
253 35
123 123
314 173
100 246
181 255
299 309
56 143
148 100
307 27
132 73
199 43
201 182
40 163
171 299
240 294
299 298
305 130
116 39
211 274
252 161
3 213
213 78
300 50
42 48
71 129
286 54
155 216
48 253
197 72
35 52
261 292
69 95
207 223
303 62
169 96
55 18
263 309
241 29
10 43
230 293
32 117
290 254
56 104
44 225
101 98
312 92
36 265
122 205
232 51
179 136
41 304
209 188
292 183
178 20
314 236
196 17
320 55
143 107
18 240
90 42
226 107
53 244
109 264
84 98
114 233
24 236
107 263
310 106
193 147
118 312
64 83
77 69
61 115
72 50
34 161
202 56
89 161
242 297
161 229
293 181
127 93
254 131
52 299
8 68
101 34
278 20
108 40
1 152
200 208
220 207
35 267
55 70
314 274
0 102
273 111
123 57
260 37
320 114
188 226
171 308
51 45
140 150
20 176
167 10
81 153
166 77
157 78
296 323
190 56
124 217
252 116
317 120
8 36
91 173
7 110
311 8
245 137
145 31
194 241
40 13
134 36
104 279
146 11
130 21
174 83
230 216
192 212
184 195
103 241
235 134
256 166
244 103
39 264
2 133
126 310
72 138
164 76
147 251
138 172
153 274
216 209
178 66
6 20
148 17
79 298
243 235
79 217
252 149
173 146
303 87
271 129
39 318
23 123
66 173
293 294
314 20
149 256
294 160
42 159
58 134
239 202
229 269
271 144
107 217
315 18
30 253
137 263
153 193
79 54
49 271
154 126
237 225
145 144
140 30
317 161
221 185
150 249
145 175
277 243
187 311
295 108
164 225
199 276
311 88
140 313
229 58
18 63
211 313
21 92
74 177
93 12
76 230
102 168
120 64
69 88
317 155
192 156
24 12
145 234
279 264
292 153
262 137
21 41
253 114
23 72
293 95
250 306
307 144
209 202
43 309
126 107
171 132
309 93
36 102
45 48
75 4
231 73
97 43
216 240
208 53
315 238
49 167
211 148
60 162
191 278
16 7
294 272
221 93
21 120
200 170
89 260
212 138
261 18
25 170
190 2
268 65
68 307
263 109
230 267
321 87
100 248
215 79
136 191
240 39
319 247
255 302
141 63
127 130
105 175
6 299
162 41
281 224
133 301
53 109
110 267
133 245
101 79
132 16
216 80
132 256
12 63
183 130
161 27
38 229
179 205
66 302
103 239
64 42
48 214
265 300
103 154
307 166
155 46
200 285
74 40
222 39
14 7
83 188
123 49
121 322
255 257
30 114
40 253
52 79
154 281
79 144
132 195
298 246
291 285
105 108
228 94
267 25
161 309
31 156
237 160
140 97
144 225
244 192
154 290
205 12
201 17
44 85
315 202
316 174
132 240
161 294
18 281
87 271
47 304
291 39
63 323
43 31
58 56
23 308
130 290
264 52
193 81
225 214
105 67
312 197
127 8
19 310
312 317
178 311
79 170
250 104
298 210
176 230
60 222
199 251
299 6
228 148
208 129
99 148
188 282
191 244
105 276
89 78
242 129
140 138
315 46
77 252
269 276
93 144
108 56
152 240
159 297
287 163
224 8
129 135
86 311
129 72
307 231
240 242
156 73
181 290
101 120
227 280
303 265
306 208
322 103
300 130
283 218
33 244
319 139
100 268
105 299
95 191
92 142
40 274
190 51
106 315
54 12
49 321
114 174
41 192
142 144
46 154
308 32
286 180
194 85
174 47
74 317
148 285
184 36
181 243
38 192
249 0
131 74
42 29
89 67
217 21
9 229
307 72
179 51
108 315
159 317
45 87
125 259
278 240
152 305
114 268
77 238
249 106
202 114
224 50
243 55
72 182
256 84
10 128
272 290
33 155
57 26
19 219
204 87
112 148
321 22
88 162
34 184
115 76
223 208
124 319
78 120
90 321
58 163
160 154
139 36
26 172
180 67
7 199
128 222
312 274
194 77
180 95
65 185
307 44
104 197
235 269
86 105
258 243
78 219
73 92
90 30
116 213
32 284
292 320
183 47
132 63
260 46
206 246
24 230
164 21
19 275
35 269
67 163
214 12
222 118
112 15
64 208
263 99
168 245
40 272
61 28
165 150
79 15
32 131
1 95
166 79
0 321
181 113
164 259
315 317
298 207
278 318
321 80
60 136
266 156
199 85
27 318
31 277
102 199
131 78
214 305
63 311
293 80
227 247
298 9
272 203
65 293
302 66
266 82
0 279
131 309
150 70
210 128
176 96
168 264
165 223
121 226
310 170
25 86
178 238
271 127
186 134
3 42
182 297
114 318
127 126
219 123
187 18
286 150
85 43
240 254
133 268
156 199
158 95
77 258
178 216
252 105
78 314
142 303
263 155
104 93
199 124
299 44
36 296
273 17
123 171
176 183
263 105
2 195
321 180
170 203
112 283
78 61
166 24
290 48
110 37
260 69
105 229
183 266
19 108
321 220
108 160
251 248
21 83
167 138
237 5
83 181
296 240
211 163
34 27
29 46
225 226
113 231
289 285
131 255
276 299
121 36
213 162
110 94
67 256
277 255
217 255
140 74
54 169
30 98
154 2
185 271
276 60
17 50
216 216
286 269
299 320
202 307
306 304
245 304
199 216
40 306
143 283
0 132
283 13
169 75
18 229
99 274
296 59
67 57
131 175
204 70
117 51
67 35
211 215
50 239
232 252
135 44
205 34
283 201
153 55
230 323
161 277
182 86
133 193
144 204
46 287
295 219
53 111
311 196
105 156
281 101
164 116
275 152
262 143
272 231
171 291
84 14
276 119
21 60
176 17
151 48
287 149
290 304
77 53
25 195
293 41
296 78
59 237
177 31
101 224
20 6
280 157
274 232
165 296
244 195
75 93
188 20
239 141
134 100
4 105
226 137
243 39
200 292
162 198
102 124
158 160
214 319
100 147
85 83
12 279
320 111
243 233
308 316
190 117
51 288
132 222
167 43
202 2
2 179
111 49
247 35
232 146
15 305
273 91
67 250
42 228
315 94
155 264
42 241
3 40
218 232
173 148
199 145
310 287
104 220
61 297
241 60
71 216
215 22
254 145
14 210
319 135
50 40
129 153
8 280
99 62
211 118
163 249
173 139
164 270
41 164
61 311
146 311
101 16
282 126
193 73
115 105
281 15
5 55
230 40
173 104
293 137
316 29
152 322
35 186
221 70
288 90
65 304
68 49
106 74
40 322
304 291
26 43
314 30
4 237
246 23
208 123
226 50
235 148
7 83
209 277
121 135
12 247
28 57
118 63
211 65
68 295
180 297
212 24
75 37
14 62
109 15
100 286
87 172
91 102
271 172
93 138
264 141
300 163
209 186
218 45
38 48
94 190
52 295
172 170
266 256
37 176
188 318
68 15
284 110
63 307
38 233
201 217
113 285
61 228
272 5
109 136
52 283
208 237
303 51
16 250
176 65
271 284
67 275
59 259
232 98
318 245
135 104
172 265
81 83
52 149
84 268
178 288
21 210
130 155
2 125
277 211
301 313
21 118
175 276
10 254
293 219
201 98
260 175
321 175
259 269
317 259
162 299
77 28
237 203
67 132
223 76
91 107
130 64
187 286
297 259
95 39
255 270
157 82
187 102
125 113
210 321
186 27
177 103
14 294
75 165
272 135
107 41
233 214
104 166
225 126
25 197
266 262
75 46
73 124
152 227
227 274
74 155
295 92
300 244
178 307
11 319
290 38
2 131
137 59
139 249
43 281
131 268
114 236
128 228
81 117
154 237
299 10
130 321
138 4
38 202
112 115
231 213
48 137
70 194
42 292
231 82
27 30
84 258
67 293
120 271
315 71
231 261
237 188
17 202
68 291
293 224
87 306
224 159
6 164
217 269
144 266
284 69
281 65
91 307
127 82
202 102
174 129
217 84
28 255
69 143
38 151
287 265
248 243
287 81
9 55
8 129
151 194
300 133
131 288
322 281
252 13
165 56
294 16
25 54
33 221
9 148
209 149
169 211
301 60
221 175
259 266
261 288
114 224
280 174
45 109
131 281
76 218
156 219
183 145
280 300
297 124
265 8
276 73
219 147
212 296
147 234
272 175
53 131
243 319
144 319
266 37
230 173
301 105
201 294
6 291
37 223
192 228
195 84
39 0
61 83
37 293
282 284
212 36
95 49
174 117
244 143
100 321
199 59
137 192
5 106
306 253
200 57
53 44
277 290
210 237
9 130
206 87
273 310
196 272
39 283
120 230
108 174
70 313
294 153
243 139
281 31
180 199
7 185
170 21
182 283
269 132
296 233
96 131
151 256
72 25
17 23
180 49
297 118
229 246
60 62
69 110
54 312
120 191
300 316
21 131
100 51
204 175
198 266
43 146
177 226
187 58
74 108
3 118
37 133
244 172
46 73
194 164
267 260
100 187
283 62
113 76
74 50
63 206
60 43
102 138
120 307
235 235
66 21
135 166
278 280
73 265
292 61
15 96
261 134
162 4
263 169
3 186
209 270
69 130
159 97
6 183
138 240
263 222
233 159
259 238
283 237
58 284
96 99
84 122
172 13
221 84
194 151
300 211
87 187
216 160
278 74
96 285
182 314
36 73
50 253
68 239
314 49
275 137
60 256
164 78
80 322
128 35
226 319
171 138
36 117
178 290
102 111
243 282
269 153
253 78
9 17
271 57
230 253
306 217
241 115
12 25
251 152
309 113
88 202
8 190
17 313
312 211
247 25
191 47
252 229
295 217
20 250
59 151
175 43
228 107
258 272
108 2
283 96
48 148
95 307
106 187
262 190
272 19
125 221
298 212
145 267
246 263
155 182
182 36
285 117
57 317
119 273
129 2
76 137
244 176
168 315
72 318
271 131
291 314
172 286
191 192
28 204
176 109
195 224
255 287
116 94
8 227
50 232
164 227
230 147
311 225
2 170
65 17
279 186
197 276
234 151
246 95
5 118
91 192
248 310
79 200
85 208
60 233
253 171
88 280
100 319
266 111
291 122
113 314
50 78
170 244
250 224
92 300
121 122
92 162
235 11
127 73
203 1
86 178
211 161
210 150
153 189
87 169
152 210
10 247
104 74
267 183
81 144
37 197
166 316
77 67
245 115
295 168
260 308
82 254
212 108
194 194
112 73
213 302
267 118
69 57
119 136
235 89
181 52
97 235
159 190
58 253
273 283
277 53
14 141
25 14
248 154
109 285
53 86
65 254
21 155
201 144
11 39
13 49
68 181
295 103
123 113
188 218
139 170
139 262
56 201
292 276
205 153
240 296
125 312
78 71
141 208
286 161
267 299
23 207
233 244
204 237
267 226
84 49
54 283
246 228
12 99
222 108
95 3
180 81
34 35
262 308
265 277
244 79
38 83
125 271
130 239
240 230
172 221
30 231
30 150
107 155
161 30
242 293
70 115
0 57
143 240
85 243
86 27
182 58
162 237
260 79
299 300
153 162
42 163
83 319
282 134
60 267
164 290
215 102
219 71
299 288
21 81
125 297
1 221
306 29
30 295
200 318
312 73
136 10
196 167
214 249
99 244
45 145
209 136
57 227
120 27
5 202
146 269
303 313
161 204
298 122
82 323
97 275
321 277
103 88
237 114
45 52
189 149
27 242
169 186
323 313
176 3
82 96
57 268
103 113
135 305
190 199
46 179
31 133
98 5
288 178
321 206
33 119
137 261
230 129
55 35
262 151
129 224
6 288
227 39
232 282
29 20
286 210
117 82
293 303
157 17
160 166
199 49
216 194
205 131
185 228
83 146
130 82
153 313
251 274
244 262
155 257
146 18
230 17
17 154
270 188
250 52
116 242
56 284
119 13
200 53
112 144
26 103
140 186
57 173
147 132
102 237
224 287
322 322
260 294
282 0
136 96
59 229
107 227
221 142
74 153
14 212
217 56
37 231
4 103
279 114
203 286
259 232
126 205
184 270
76 99
55 140
110 2
235 218
73 214
146 318
212 244
270 192
43 78
73 101
119 202
41 62
176 86
178 219
235 81
313 185
69 146
55 26
291 299
34 248
3 69
301 9
163 163
280 17
37 90
165 92
58 72
171 43
123 161
263 210
129 137
19 242
254 166
223 110
23 50
165 10
149 96
311 237
165 191
173 268
138 28
162 239
144 171
228 208
78 286
309 6
13 5
24 15
292 196
199 73
110 175
100 53
97 4
108 74
104 110
137 231
309 84
279 172
36 119
222 293
57 81
282 11
302 317
4 227
199 176
166 149
201 174
149 116
128 250
128 157
152 244
131 145
112 248
148 221
62 62
11 129
94 48
306 308
18 68
34 178
35 244
281 27
307 100
2 236
315 148
249 18
121 87
275 112
276 180
266 23
51 222
293 297
223 29
90 105
39 187
288 268
5 257
269 315
274 60
223 184
166 279
152 96
211 276
280 180
278 126
41 161
147 267
134 115
271 282
158 206
61 147
28 206
185 260
86 3
144 126
130 251
51 128
99 230
80 226
155 203
132 83
43 8
14 104
177 254
305 252
95 37
99 252
216 34
258 252
82 289
192 154
82 236
190 91
124 207
14 118
313 238
100 171
154 73
187 166
32 166
154 245
127 135
158 280
168 235
253 266
23 241
227 242
12 175
189 267
301 118
147 202
93 59
315 128
127 113
192 308
253 106
88 73
312 48
295 225
263 300
129 142
256 285
312 75
87 233
267 49
251 106
298 244
166 193
35 211
29 94
25 20
46 254
148 40
5 293
273 254
264 244
0 69
92 111
18 57
35 304
307 93
279 67
243 11
192 320
245 187
155 197
62 232
99 124
110 306
142 177
161 163
206 299
93 243
47 104
217 258
116 143
46 280
214 175
107 298
107 281
211 22
62 262
97 183
153 211
225 197
21 237
85 183
213 171
61 230
238 169
32 111
214 69
240 314
117 301
117 170
115 293
133 118
66 175
261 237
12 142
281 124
132 290
133 144
51 303
2 101
217 271
189 159
60 91
34 163
248 197
127 191
72 80
261 68
94 309
273 153
261 124
240 222
226 34
46 290
212 186
215 85
135 262
50 80
66 252
253 68
49 104
232 37
301 189
293 151
166 119
314 200
239 127
225 89
32 202
227 21
68 252
83 256
177 33
283 100
1 157
13 276
283 17
285 132
60 164
200 162
232 144
198 204
34 33
266 278
67 235
295 231
149 83
175 111
188 314
284 280
71 66
290 283
25 258
132 254
294 221
170 153
179 2
8 171
7 48
1 238
119 150
235 248
92 321
239 41
164 14
87 294
152 303
27 244
273 55
55 130
313 128
106 198
52 186
144 4
317 319
259 135
290 184
235 1
113 75
195 310
59 189
109 25
238 206
28 61
127 163
251 160
33 219
153 181
266 250
301 279
211 26
110 27
167 31
207 61
15 198
218 312
255 113
187 266
186 294
96 186
73 167
315 108
147 96
154 225
146 138
277 46
125 317
105 242
204 296
259 215
82 75
171 273
88 43
299 152
161 183
150 199
19 0
80 118
166 86
170 41
18 106
160 65
32 60
214 232
176 278
217 219
148 149
264 12
85 9
313 71
110 289
114 0
217 286
39 222
309 245
223 151
117 126
317 118
254 306
82 184
8 323
64 296
158 105
211 285
276 275
181 179
316 304
74 99
216 76
203 272
236 267
240 146
62 90
318 219
206 236
200 205
96 45
90 23
78 75
169 135
198 170
17 138
56 57
248 213
5 181
66 100
249 222
321 25
239 100
39 22
309 201
29 154
184 275
134 113
46 263
301 6
55 236
33 307
131 241
181 305
299 35
303 270
200 8
83 277
42 85
302 81
266 322
69 278
87 191
6 117
197 252
83 48
177 77
112 146
268 114
297 168
53 197
66 208
87 8
67 110
155 223
306 229
311 37
288 47
53 2
47 271
115 314
288 68
282 293
187 74
45 124
114 94
315 98
58 23
16 262
282 225
136 88
38 55
320 20
37 6
82 38
102 95
96 116
138 295
229 12
125 138
270 203
77 217
228 253
26 85
14 47
213 32
14 175
320 254
122 38
86 218
39 8
110 14
276 99
117 299
59 282
213 243
261 28
262 16
279 112
160 94
151 123
24 146
304 28
48 199
169 298
60 23
17 81
309 111
67 248
312 15
129 74
84 2
101 18
28 273
251 43
18 73
241 148
6 203
142 254
87 107
181 173
25 242
159 152
123 261
274 13
92 155
11 75
276 205
139 166
77 303
91 305
271 102
50 210
141 53
277 257
103 316
183 40
220 108
256 56
189 140
99 47
228 177
147 115
241 215
137 70
257 256
89 215
313 114
40 92
59 277
132 120
111 138
15 167
28 115
193 311
134 183
261 119
54 274
231 315
57 151
185 101
278 48
165 129
173 249
215 223
309 288
109 204
269 128
267 276
73 3
221 183
167 49
249 102
320 234
182 56
116 52
37 100
6 23
18 186
275 234
243 29
59 172
4 214
22 258
222 253
152 268
127 232
45 250
149 18
286 145
234 23
299 117
61 117
184 59
137 81
101 62
151 258
150 46
164 193
10 317
243 210
119 40
138 95
321 91
86 14
14 315
1 84
121 40
300 66
88 181
127 95
29 286
241 82
155 110
68 91
305 79
55 33
169 68
161 125
75 273
315 106
159 270
38 52
12 118
76 162
67 225
13 263
203 315
113 157
263 91
283 46
29 48
220 257
216 20
310 126
96 29
170 100
84 0
164 203
302 36
135 303
264 246
103 105
237 321
71 92
122 164
302 145
317 249
174 107
111 109
156 86
193 14
278 204
251 69
184 119
251 204
105 237
234 87
228 146
95 35
261 224
181 97
251 27
210 195
219 280
209 138
104 199
127 171
315 159
101 157
93 164
123 40
285 112
19 40
256 161
230 301
71 155
59 21
114 243
40 229
222 129
102 187
166 22
140 254
314 182
88 141
229 188
98 228
62 84
211 105
263 199
50 312
76 117
6 81
110 96
81 36
15 5
248 211
118 143
71 51
204 169
319 24
191 300
63 304
75 210
264 288
186 104
214 187
201 283
166 294
113 279
225 109
23 295
15 237
48 166
53 34
165 107
255 78
173 163
189 10
179 289
25 307
100 173
243 323
29 169
251 296
244 260
155 69
128 63
60 160
110 39
30 203
236 136
216 260
175 169
225 56
49 178
223 190
262 224
310 32
152 250
245 108
299 264
310 223
147 283
107 0
263 119
81 25
272 31
102 214
61 276
272 205
73 272
204 243
208 196
110 232
249 31
239 219
101 175
249 35
287 117
121 25
123 8
264 55
158 93
176 15
18 13
176 171
287 5
116 249
62 319
159 81
86 266
153 266
65 79
82 34
252 202
197 146
308 318
241 127
175 32
248 20
166 96
7 253
6 104
106 255
114 139
86 87
48 260
178 158
243 291
278 76
50 293
143 211
274 307
2 270
182 253
269 98
182 140
296 99
321 57
153 31
120 93
51 24
104 44
224 58
249 203
215 141
167 224
288 235
99 199
279 262
33 139
151 42
248 245
185 89
279 90
203 283
305 297
172 15
149 250
311 25
123 36
127 309
52 249
283 190
138 9
135 80
70 7
74 246
228 49
31 260
42 166
1 268
65 112
190 240
80 62
159 47
164 105
54 177
232 188
248 6
275 253
259 289
210 251
133 288
12 91
173 109
251 225
14 206
111 118
218 33
171 232
124 115
287 137
180 165
319 295
166 41
219 46
247 127
163 13
104 87
312 170
274 182
271 71
186 252
7 260
40 279
154 259
146 285
106 279
189 123
117 111
85 29
127 296
145 271
261 170
179 97
131 1
215 181
210 54
136 225
282 44
116 221
203 247
290 301
100 12
71 295
221 161
227 109
66 186
301 160
52 56
249 72
68 268
225 80
22 235
191 159
318 185
207 173
106 283
14 192
179 217
261 269
91 144
107 54
159 260
47 250
57 171
228 184
116 3
103 223
308 167
199 71
53 223
149 42
218 27
276 281
159 203
201 134
273 27
3 282
115 157
178 86
222 206
68 176
284 130
197 123
230 131
230 311
178 16
12 51
255 309
69 296
50 157
126 115
256 255
285 103
280 89
302 18
53 195
112 281
321 236
193 48
60 231
185 48
262 89
303 161
240 170
198 262
68 116
86 296
261 3
89 294
223 48
152 300
77 207
79 228
22 314
115 185
271 258
8 255
218 240
23 42
259 35
195 233
317 247
247 7
136 284
292 35
20 297
79 208
112 213
293 202
106 125
100 153
198 260
109 287
83 172
295 65
116 187
278 108
52 60
122 290
222 170
33 267
145 109
295 203
82 71
50 57
294 58
62 124
225 285
60 272
37 121
96 162
146 4
173 185
83 260
71 168
213 269
186 118
88 266
92 29
156 214
312 31
261 35
52 169
217 158
205 51
60 123
157 140
260 244
172 24
313 45
259 271
291 181
248 297
158 115
245 211
180 219
164 243
136 142
286 235
272 315
79 316
90 72
234 56
277 312
66 307
209 158
77 164
229 39
139 147
294 323
111 284
310 19
112 55
98 103
74 261
253 190
249 273
204 36
3 151
317 36
258 254
314 23
319 112
7 166
178 22
121 252
266 10
131 136
99 112
179 254
295 1
135 282
47 49
154 275
236 109
33 80
0 302
107 224
238 241
322 99
230 295
93 307
273 143
226 195
33 6
79 296
316 100
51 34
99 128
234 111
219 165
58 205
222 301
305 43
215 228
88 13
278 2
1 41
267 235
58 126
71 68
1 283
236 66
280 108
91 70
153 154
140 118
177 235
321 208
213 230
282 208
309 115
276 130
285 247
103 215
260 217
291 293
289 266
17 283
209 222
34 68
216 98
34 75
32 282
167 158
22 132
50 249
271 170
20 16
125 21
187 245
128 236
106 277
312 181
192 118
82 173
93 185
57 235
101 167
315 119
237 82
310 215
164 287
305 59
167 177
49 50
269 24
285 63
74 125
272 70
295 116
289 76
313 80
79 70
134 229
174 314
96 320
5 147
316 96
53 127
63 63
154 320
81 102
246 131
149 81
114 213
90 103
129 83
41 14
0 161
214 313
29 31
257 215
263 316
52 247
304 57
210 175
90 225
77 240
192 104
132 189
64 212
247 219
142 226
216 149
46 7
215 173
221 321
65 256
38 19
90 316
55 223
234 14
255 222
291 255
40 47
123 103
252 33
69 199
322 279
41 170
292 120
270 146
255 90
27 90
241 64
161 259
160 96
129 296
22 296
170 65
96 16
133 191
279 147
48 239
93 56
157 234
244 43
30 168
144 12
199 31
221 100
67 241
130 222
190 211
43 80
286 159
82 186
177 309
190 121
253 43
164 214
61 93
222 159
197 298
206 290
234 303
204 3
188 216
299 123
268 212
19 92
182 138
287 9
100 238
63 200
220 132
217 183
154 68
55 157
107 300
142 251
208 269
309 124
95 15
170 315
96 135
195 147
168 21
320 63
30 41
108 258
96 166
46 54
205 254
197 238
233 219
225 66
264 6
304 209
239 278
34 301
279 227
94 115
302 143
100 36
265 5
303 280
246 224
2 68
271 153
79 300
6 86
24 263
135 102
22 119
252 15
235 25
165 34
256 288
0 215
269 234
39 24
51 297
199 185
297 264
238 229
156 205
262 304
62 73
280 276
141 36
213 55
251 138
166 287
232 111
18 176
260 77
161 169
54 156
67 93
265 247
198 19
163 245
82 27
65 4
253 58
93 192
270 216
98 300
153 272
195 73
158 9
155 17
45 37
208 300
209 312
99 169
44 9
68 55
195 282
135 134
218 236
123 179
0 208
146 114
73 74
188 234
103 68
154 227
48 13
221 20
102 52
98 172
218 221
241 19
62 159
59 108
21 153
20 139
91 261
52 230
223 295
175 147
272 59
61 261
174 45
219 161
232 217
240 102
221 43
5 290
174 257
66 202
280 43
249 27
213 10
192 57
258 85
319 109
270 265
156 310
64 187
273 321
55 106
281 155
23 213
180 154
30 237
303 189
42 172
57 204
71 277
54 10
40 83
287 165
152 150
217 116
235 171
266 48
104 213
146 181
171 185
174 183
236 29
209 224
154 268
229 275
90 174
243 208
290 225
104 95
299 73
256 95
57 17
321 260
199 51
81 146
308 253
216 257
255 147
18 286
25 244
164 257
214 31
301 23
300 213
221 168
191 45
9 13
81 93
123 111
155 79
120 148
78 18
195 37
144 182
322 62
171 92
163 289
303 231
304 20
189 269
313 98
26 227
300 228
304 93
103 97
1 47
230 313
197 250
4 97
145 173
279 210
189 189
313 195
240 322
41 25
312 126
15 204
307 157
303 292
231 284
42 92
144 10
213 23
101 189
298 4
220 224
197 179
140 291
284 38
44 75
233 0
7 225
58 124
190 215
155 44
263 2
285 8
8 312
123 196
150 311
253 204
267 315
168 197
114 195
161 171
258 180
270 114
297 51
287 225
108 158
88 26
78 229
5 261
202 80
284 134
257 264
17 5
150 291
161 32
222 131
274 66
266 84
22 2
68 243
256 209
126 219
207 284
219 125
61 45
316 57
221 139
286 313
86 50
255 35
142 30
81 241
16 302
233 30
199 201
178 3
110 66
132 105
250 314
269 222
302 224
144 118
22 54
142 175
95 230
139 151
208 289
16 107
262 318
281 292
78 64
118 274
56 42
179 291
147 31
38 115
254 278
108 209
71 26
56 219
218 260
9 47
151 313
272 148
294 87
216 30
313 272
134 117
302 89
75 271
315 177
180 61
109 67
36 278
253 50
116 310
249 195
284 258
115 43
2 276
215 315
53 129
197 229
287 299
169 177
177 196
256 175
233 93
86 215
53 208
254 116
126 249
30 215
301 240
84 27
72 195
185 46
316 146
254 280
50 148
288 54
83 167
321 247
175 234
84 51
134 214
156 15
129 289
77 246
117 67
140 226
150 218
34 117
215 171
43 265
27 191
257 268
10 164
15 26
284 34
60 127
292 222
205 18
317 27
262 130
98 271
189 14
74 60
217 147
215 234
184 182
145 264
140 76
235 121
142 309
139 139
301 222
228 190
220 170
219 265
29 92
259 322
138 61
246 305
299 172
24 296
310 316
317 187
207 158
226 64
188 63
213 59
198 157
285 238
292 143
31 108
111 29
266 80
85 115
139 26
22 136
280 302
321 12
297 218
112 152
189 71
96 292
288 297
292 220
0 211
246 240
255 224
279 145
92 205
171 134
201 172
69 128
99 72
194 321
216 253
119 318
51 188
151 192
165 147
160 58
319 297
60 188
309 54
131 168
218 135
267 163
19 174
195 34
276 307
280 57
15 235
294 13
152 276
254 91
62 321
244 101
303 182
244 289
227 149
104 187
299 257
308 216
167 1
137 268
223 92
133 104
25 104
145 134
272 253
2 257
142 78
205 65
163 31
55 78
270 155
32 67
78 294
178 81
61 274
208 246
113 105
251 25
123 26
128 279
61 50
27 171
171 95
90 44
153 148
201 159
195 110
127 105
96 309
261 108
18 59
155 195
232 304
50 230
63 104
101 50
191 72
93 118
232 230
93 78
153 160
23 257
135 98
267 71
295 212
204 151
213 90
18 238
36 43
171 210
85 291
187 148
82 160
266 245
0 0
6 113
240 172
280 166
176 94
251 35
60 210
69 256
24 73
169 40
123 136
66 12
226 309
164 2
104 314
137 177
241 0
262 107
278 298
209 205
116 260
87 161
249 25
182 272
320 116
112 243
53 133
62 92
126 217
65 114
150 127
182 91
318 20
172 216
276 301
210 319
122 172
284 316
51 265
129 9
72 78
240 249
209 117
11 144
141 162
129 291
219 189
241 120
112 8
57 70
108 262
309 314
92 218
314 171
123 200
40 116
255 51
317 45
302 141
287 260
289 174
256 41
64 159
314 285
36 177
93 282
99 146
321 275
228 223
154 283
113 237
121 101
74 315
199 316
234 99
320 278
237 170
133 304
243 251
184 87
170 217
232 314
89 306
40 240
12 10
189 192
270 122
168 45
209 226
231 193
278 314
241 160
171 85
44 49
216 238
105 218
148 5
193 46
107 275
158 262
264 281
58 58
149 14
94 137
34 136
41 265
169 300
198 70
307 141
167 208
305 40
27 248
196 160
181 299
270 252
19 90
217 58
227 53
263 21
94 193
275 286
91 223
271 209
218 238
110 282
202 318
121 228
202 221
81 32
79 247
300 206
51 96
180 249
117 202
289 299
63 96
101 244
155 240
144 277
225 5
311 112
261 128
255 93
194 227
255 88
203 78
148 310
36 173
94 46
207 199
41 247
28 296
244 271
122 307
134 38
26 296
300 187
180 247
248 263
221 120
4 313
138 233
201 184
188 191
128 68
287 7
255 279
243 144
239 177
271 91
90 93
152 278
182 210
240 37
156 6
22 264
262 184
118 224
101 136
203 65
154 292
187 140
4 13
311 114
147 145
19 207
240 280
281 45
153 298
69 154
174 94
58 43
212 8
205 208
10 41
194 269
250 91
169 43
289 119
251 218
192 36
68 99
153 279
203 134
65 71
96 14
177 164
317 128
66 16
163 312
198 163
0 6
87 276
276 178
29 18
42 213
168 243
89 232
38 135
139 99
102 44
268 85
266 254
167 76
166 256
232 292
13 9
308 171
297 91
44 73
157 163
254 178
309 133
220 149
215 262
298 46
217 172
304 30
164 35
128 211
244 253
146 155
121 110
13 208
142 125
299 242
292 228
217 277
127 213
47 51
127 57
8 164
92 247
174 2
99 267
280 75
81 314
275 93
274 75
218 72
127 269
103 219
39 197
319 164
269 259
23 100
321 135
178 123
226 81
83 286
314 36
190 166
204 192
290 124
87 115
80 19
319 84
276 221
78 14
209 125
61 216
194 133
60 299
126 33
313 7
193 109
164 51
79 196
66 206
62 136
15 155
199 228
119 257
206 133
252 250
215 255
156 172
229 200
119 5
291 24
152 105
312 223
295 26
43 313
102 206
8 282
123 181
207 225
295 17
57 259
23 174
307 227
218 208
24 309
306 198
40 206
125 277
114 248
182 241
296 177
18 297
43 148
317 317
266 43
316 50
120 38
194 229
214 39
287 89
246 44
78 275
28 59
146 320
77 130
258 182
112 78
201 200
114 155
34 59
109 48
14 285
287 170
257 242
119 247
13 177
220 118
103 33
176 194
113 194
67 264
141 252
13 179
12 169
29 199
304 253
153 143
264 44
122 34
27 70
43 191
65 59
190 197
239 157
104 311
79 310
140 316
308 209
43 321
141 21
97 48
34 43
205 285
237 142
113 84
290 222
16 272
197 65
166 105
140 62
247 309
142 199
191 182
94 61
253 168
142 62
316 157
311 144
5 302
266 243
257 198
45 201
218 163
50 173
297 34
177 157
265 320
41 208
282 64
127 234
115 199
56 255
303 151
197 43
286 315
185 320
140 311
195 228
146 33
312 227
271 207
299 51
141 239
87 291
252 292
309 165
42 223
139 239
38 266
139 223
168 217
182 247
250 2
0 49
30 285
199 27
25 316
232 178
317 148
119 127
261 300
228 105
63 71
216 162
256 149
84 131
239 59
239 239
223 299
252 280
127 14
101 257
307 245
268 261
78 227
135 181
114 222
274 70
210 139
164 198
65 309
241 89
298 294
253 152
244 190
86 22
239 93
25 113
63 15
192 91
323 300
107 137
123 54
167 151
214 185
268 38
4 19
31 154
261 100
26 108
233 81
84 142
215 59
238 179
37 146
226 239
110 86
40 266
264 175
12 296
180 283
283 239
6 0
60 3
58 159
10 142
40 195
117 214
58 122
73 293
121 288
144 6
16 260
74 212
267 73
290 26
209 235
110 318
36 15
11 274
169 98
143 236
65 241
96 157
256 258
268 96
4 149
12 173
21 4
19 209
211 262
106 166
28 63
321 31
154 183
44 292
26 302
16 311
300 17
250 108
90 296
27 205
197 227
20 238
269 274
175 283
295 234
276 182
148 181
147 41
186 170
16 143
135 279
83 193
94 120
158 134
164 41
306 323
242 103
159 196
301 87
70 77
298 89
167 57
128 20
264 240
151 161
23 82
172 53
188 197
45 126
255 69
69 167
289 256
232 26
180 216
117 294
52 280
138 194
112 107
184 21
217 82
220 220
47 147
147 294
0 247
207 306
55 288
94 154
206 10
139 22
262 302
84 273
71 3
127 299
39 238
85 313
231 245
151 298
169 184
117 296
56 95
127 71
112 85
76 128
307 117
253 233
55 241
214 169
228 186
157 212
19 61
141 92
91 146
172 251
74 120
167 92
176 69
227 55
94 58
310 135
278 221
111 51
190 104
265 158
41 147
314 161
97 73
208 109
190 269
118 245
307 251
192 248
72 19
53 151
285 139
73 239
17 304
108 58
139 213
52 4
304 258
233 74
307 121
45 177
276 21
282 222
277 124
85 107
60 1
171 201
153 107
124 279
42 38
187 100
156 57
172 123
4 178
151 309
129 254
300 294
160 160
35 188
163 136
167 68
110 220
257 233
60 305
48 160
95 206
35 100
316 176
112 66
54 308
115 238
32 69
257 112
85 169
94 135
322 246
157 144
121 192
190 54
30 17
114 56
127 179
227 36
125 27
253 159
204 122
132 47
191 114
19 67
313 187
232 296
214 20
125 6
195 277
237 239
41 141
192 310
182 42
120 113
197 274
113 20
128 97
322 204
112 233
54 290
60 150
34 31
251 103
129 130
79 213
10 227
83 311
317 257
270 291
81 95
288 227
106 184
95 212
91 234
64 321
56 53
277 32
33 29
242 49
7 38
304 0
0 316
322 55
256 14
203 104
55 269
194 275
2 244
21 191
104 263
85 276
249 312
218 292
38 195
244 209
75 286
284 163
94 292
5 185
72 287
116 117
117 95
23 24
92 315
112 259
85 85
201 198
269 39
91 77
19 321
294 280
285 271
230 303
155 273
163 258
53 297
233 229
92 0
238 108
224 31
21 174
229 121
202 51
193 315
15 120
5 28
255 54
226 135
225 78
114 250
248 170
238 61
297 270
308 29
285 97
76 256
92 82
286 258
223 227
252 62
119 185
252 276
11 163
31 317
58 219
85 181
85 25
322 74
20 172
281 189
205 16
223 6
243 201
1 196
147 134
286 47
3 15
195 108
181 137
58 255
39 302
62 256
238 293
254 149
206 118
273 234
37 267
162 67
246 221
61 152
293 26
233 200
206 52
208 190
68 59
212 99
262 14
242 173
143 202
250 70
295 162
206 195
196 250
166 20
127 262
193 294
232 302
35 81
121 112
265 160
165 250
280 240
264 46
296 157
182 231
124 308
29 197
259 54
177 10
199 25
286 297
179 305
188 1
45 58
141 90
212 92
93 207
174 122
76 121
243 162
302 29
201 314
112 95
191 42
263 208
61 182
209 255
257 50
159 164
9 268
9 69
16 295
281 227
182 10
34 296
56 169
169 66
279 207
247 222
126 154
229 261
218 19
165 23
192 133
158 173
180 311
16 59
149 24
48 114
308 159
55 152
171 136
216 47
238 315
80 219
230 50
157 14
299 104
129 168
238 284
207 207
268 129
214 108
66 227
48 168
94 158
199 267
122 42
192 208
113 126
289 260
308 241
180 210
150 68
310 318
179 110
88 216
133 111
242 79
250 220
27 176
92 296
189 65
285 303
190 191
275 251
235 150
43 123
235 190
44 96
210 51
185 286
81 49
45 314
153 223
222 221
313 89
25 99
255 240
201 246
101 90
73 248
117 25
127 137
157 232
35 302
29 69
201 281
135 251
242 93
192 16
190 184
83 118
234 145
312 157
214 321
7 143
210 304
75 247
271 311
291 119
310 98
130 203
41 7
66 43
204 13
56 145
110 256
258 184
281 164
267 320
57 79
250 281
137 103
28 302
295 255
236 13
266 116
83 148
83 221
9 304
58 266
157 271
299 91
115 162
271 125
66 2
90 265
147 65
31 291
117 309
220 9
225 24
55 142
246 210
137 170
50 295
24 102
7 201
179 32
44 181
42 116
96 27
163 195
34 190
281 145
30 161
13 122
170 24
91 294
104 307
13 139
226 208
53 69
239 6
322 171
91 85
245 34
218 206
160 214
98 250
21 318
224 65
2 280
247 178
112 250
246 197
208 151
280 135
119 226
102 197
68 203
218 195
198 206
278 131
306 241
133 140
243 94
321 313
99 296
138 199
178 156
275 223
318 280
265 317
54 107
255 49
33 124
51 165
155 77
16 95
11 116
292 304
66 77
168 61
164 4
151 86
250 261
180 240
230 77
313 226
291 151
271 38
255 43
144 78
96 232
98 311
273 201
217 288
118 321
269 236
318 14
44 252
288 258
94 244
266 181
18 200
215 274
231 240
155 238
201 43
292 259
187 98
88 15
61 63
62 213
299 108
181 68
37 313
118 290
152 126
107 14
67 115
123 235
229 42
181 139
286 255
157 7
246 179
175 181
260 166
63 44
310 67
162 231
32 157
91 56
16 181
314 53
140 116
177 62
28 298
318 293
225 236
278 156
51 226
55 282
15 137
308 107
199 297
148 102
320 305
204 300
144 259
9 274
43 170
277 12
189 127
32 121
273 189
242 254
1 213
309 203
157 101
280 162
258 20
303 272
278 129
260 189
118 295
185 284
7 46
49 69
252 196
235 228
86 131
255 300
250 124
3 238
267 161
181 50
19 282
258 82
53 193
66 180
105 316
110 265
74 118
242 121
152 248
10 280
60 59
187 116
247 312
210 99
21 298
311 6
175 185
250 139
30 207
105 170
301 296
24 234
232 13
204 144
213 80
56 267
139 188
247 18
247 16
136 6
104 208
297 314
54 225
140 125
114 39
94 110
163 124
108 266
144 308
171 148
104 125
52 290
174 210
58 243
84 284
41 111
304 18
173 234
137 57
2 263
306 42
180 57
118 264
302 147
245 80
69 163
164 174
287 243
107 186
210 218
290 36
56 162
206 121
283 199
63 194
86 264
169 63
69 75
286 192
140 294
316 31
323 8
205 312
310 30
239 198
47 152
193 8
99 55
62 309
248 43
113 122
178 256
295 77
216 67
316 242
142 307
137 148
306 179
297 45
274 197
276 232
34 254
311 59
130 253
63 277
317 298
183 181
132 33
73 270
108 256
284 159
59 148
285 56
69 309
111 53
283 81
300 36
249 279
58 94
233 190
4 225
72 107
259 197
94 248
252 246
252 56
173 137
172 81
281 200
190 119
195 42
185 265
54 90
289 50
199 100
163 130
90 40
308 156
17 26
196 93
45 18
267 67
266 196
323 283
207 212
246 187
15 53
119 232
213 307
183 260
311 187
231 290
186 19
127 215
146 276
169 10
139 0
117 314
76 241
110 41
24 261
259 264
237 245
148 151
129 170
70 106
267 198
312 183
31 119
159 10
55 278
310 275
38 322
241 156
199 172
125 174
268 216
38 50
266 280
53 242
314 47
29 256
67 285
33 242
206 177
129 15
18 223
5 300
165 58
253 317
21 316
73 12
58 142
157 28
273 11
34 275
303 196
160 114
135 275
214 37
228 122
238 112
308 15
322 134
122 194
277 234
223 243
219 182
17 91
120 194
176 208
140 309
96 237
294 226
229 110
196 130
146 126
115 141
224 142
271 28
304 81
165 49
114 78
214 161
262 167
104 152
297 132
2 93
293 39
158 219
128 264
322 70
4 311
48 164
131 307
89 186
176 210
213 100
298 170
24 118
143 275
323 219
113 147
187 227
279 256
138 73
18 259
252 8
310 73
92 298
186 29
232 60
3 231
28 316
159 39
16 284
263 173
57 34
22 151
283 128
120 49
7 197
279 164
230 283
5 79
23 215
231 166
178 165
136 128
277 185
53 78
186 317
51 16
51 319
243 105
302 169
159 162
266 214
144 143
228 129
26 55
51 271
289 106
146 200
264 217
216 284
103 295
167 98
240 125
74 103
40 85
211 137
37 319
170 178
306 45
265 216
192 214
215 119
307 189
100 111
62 13
219 258
219 1
254 293
43 114
112 252
103 15
240 298
37 317
34 252
144 177
194 259
52 46
314 105
75 239
305 71
67 281
42 279
55 134
200 84
100 250
227 271
105 34
219 83
161 298
79 318
214 215
120 42
302 315
89 284
162 302
269 293
115 278
266 65
30 255
52 190
33 188
275 87
58 136
291 76
263 161
39 6
31 68
71 192
92 126
177 173
134 281
199 39
216 32
293 52
117 276
161 206
127 152
258 293
182 159
167 109
33 137
316 92
34 265
234 147
32 249
184 250
292 17
299 106
154 108
239 270
19 119
163 303
299 71
122 188
143 215
193 105
40 108
264 152
11 229
103 76
244 53
141 123
117 43
106 311
136 316
109 4
321 232
181 177
137 297
220 255
236 178
220 312
306 288
217 43
240 260
11 266
63 181
77 65
21 242
20 110
187 77
184 277
206 151
34 8
281 19
76 15
219 69
302 228
229 126
316 188
283 282
139 75
148 147
152 311
201 0
62 48
115 125
100 259
154 270
16 213
204 195
32 308
81 182
205 89
151 315
312 321
275 284
47 18
248 152
75 64
148 319
273 93
281 290
262 55
285 84
16 153
295 242
8 305
179 196
106 56
116 139
294 232
46 85
233 119
133 314
133 306
148 117
134 212
282 210
136 162
187 323
20 286
238 65
139 82
278 0
304 184
73 193
63 220
220 104
3 158
131 205
51 167
135 71
150 66
75 296
314 194
265 50
14 272
282 9
158 153
173 115
94 41
191 22
23 4
298 194
52 305
5 187
13 304
295 136
237 269
88 144
98 256
118 311
54 59
3 60
135 11
63 82
277 246
130 47
103 228
2 316
112 30
40 181
190 247
76 307
118 152
169 199
212 13
303 154
307 301
176 63
313 258
213 34
215 214
50 212
163 126
233 57
36 228
10 35
31 129
252 5
40 245
211 235
54 310
317 78
169 278
305 25
47 233
58 144
119 314
191 146
185 117
119 222
267 301
264 23
86 171
28 237
211 10
249 63
64 86
320 137
30 152
147 43
152 185
131 143
201 287
228 322
26 15
249 271
245 68
168 280
185 50
173 96
262 175
84 72
27 2
136 269
270 116
6 313
110 234
246 42
39 17
229 73
211 270
234 313
156 125
54 56
230 171
3 98
101 201
78 5
39 153
175 85
239 181
233 35
38 291
52 307
24 182
209 173
54 265
14 94
97 273
141 166
310 293
130 166
159 27
216 295
123 259
109 260
236 6
68 77
153 170
323 136
40 18
68 206
254 67
319 22
17 79
69 192
253 231
129 230
252 170
155 212
11 73
85 221
250 45
250 15
29 3
280 323
232 234
42 182
189 73
212 107
35 276
143 293
62 31
157 217
97 147
97 114
299 161
314 263
142 3
192 285
54 248
151 307
169 219
308 76
146 50
274 145
236 8
48 6
126 190
78 155
138 313
38 117
233 102
305 200
177 305
229 279
275 240
290 180
90 248
217 0
41 310
110 212
21 284
69 311
273 291
74 2
74 136
202 208
170 266
81 238
264 111
116 274
301 21
69 274
29 284
171 109
118 65
168 166
161 249
206 70
246 133
197 127
142 183
30 58
309 8
224 220
13 120
65 181
306 106
205 199
253 103
143 271
132 292
215 158
300 142
125 234
252 206
156 230
26 112
171 271
152 155
264 107
220 205
134 81
174 222
275 77
178 68
163 68
100 26
225 298
28 153
307 292
279 268
318 223
35 306
260 291
236 287
274 252
252 124
303 200
39 262
192 284
318 96
102 37
186 168
29 195
57 217
26 246
264 64
284 135
165 152
155 0
90 89
111 116
83 235
97 201
167 292
53 188
15 224
53 292
61 308
196 300
162 15
116 41
20 260
44 287
155 193
192 250
137 167
293 60
137 259
133 77
234 13
66 306
243 116
179 7
134 106
75 207
313 5
288 121
43 76
36 60
155 322
241 62
320 218
90 143
247 172
55 128
231 232
27 149
27 186
117 4
236 23
23 211
151 242
293 33
84 275
227 191
18 93
294 62
175 120
167 210
151 179
85 303
264 181
239 47
263 171
283 164
56 55
125 162
179 112
116 8
323 275
115 129
240 310
273 1
49 251
288 49
59 116
272 137
125 74
131 139
28 88
279 104
3 153
240 292
53 92
62 273
269 130
304 140
99 205
219 184
278 101
317 80
1 43
261 290
134 63
54 88
184 147
261 177
299 313
21 122
52 199
303 226
156 184
286 105
117 13
190 217
167 195
203 183
146 266
281 67
119 300
32 292
278 34
264 75
118 297
176 307
182 251
50 38
172 172
43 164
55 318
155 96
286 233
76 293
319 79
42 82
175 115
246 129
134 34
233 171
73 23
280 52
8 57
298 263
5 166
264 138
144 200
87 148
126 59
218 107
287 85
111 75
70 65
143 162
307 314
250 247
291 303
10 2
298 24
17 130
37 58
231 168
143 35
260 312
244 9
61 189
144 51
126 81
270 30
53 158
215 1
99 49
140 28
68 30
307 112
157 142
130 279
242 321
253 126
282 281
70 140
189 58
279 31
136 183
198 29
142 15
119 309
6 189
279 201
261 215
253 225
75 91
302 212
146 140
311 239
45 310
108 245
264 298
107 287
76 236
247 269
172 189
125 49
139 321
113 192
123 148
22 117
