251 307
241 94
128 33
226 323
25 184
286 148
235 112
83 240
95 60
276 315
35 102
136 218
143 186
3 27
39 99
254 276
140 14
2 53
268 218
73 105
92 207
42 294
145 20
207 152
150 209
6 262
28 16
34 290
86 142
54 178
1 282
98 308
228 262
160 281
278 233
304 198
262 205
146 13
319 186
185 312
41 101
108 277
48 270
142 127
226 90
128 154
303 10
104 98
32 41
48 19
114 108
3 255
265 198
61 47
72 47
249 242
28 113
215 303
154 238
289 193
181 48
161 69
68 106
169 209
138 107
312 260
51 26
74 150
195 196
240 65
276 241
203 194
142 289
148 33
42 1
216 107
312 116
41 238
204 43
46 261
137 299
239 195
119 91
14 51
158 58
65 19
58 196
244 175
277 155
123 184
38 206
30 198
189 277
189 79
248 305
237 208
316 34
243 148
277 111
280 222
228 269
240 129
109 88
193 322
61 103
203 130
128 220
50 310
245 207
322 304
2 104
323 234
67 237
117 61
305 266
121 196
177 84
1 205
263 4
208 312
60 125
60 158
98 260
64 57
181 180
264 54
183 305
82 143
278 175
146 116
5 17
218 175
185 323
307 123
13 193
276 208
309 122
97 266
13 89
59 77
289 75
99 174
134 177
25 229
105 8
284 297
320 232
165 186
199 287
131 302
254 33
225 199
36 5
66 38
280 190
162 137
16 281
146 112
83 185
0 4
35 273
300 209
143 20
273 305
277 116
282 163
307 206
231 10
293 65
323 13
34 5
155 232
251 264
190 227
246 53
308 104
89 52
151 115
319 234
214 317
312 189
194 319
266 75
281 181
282 136
231 1
23 259
283 132
195 177
68 174
231 110
116 45
144 281
66 135
297 100
190 134
166 17
98 286
194 238
123 177
131 141
135 175
2 39
23 134
291 174
150 177
260 191
243 118
305 268
168 78
26 278
70 218
68 283
104 281
51 234
13 223
133 49
274 135
279 291
257 114
88 93
288 166
18 6
102 166
230 143
169 289
191 106
137 90
261 102
273 7
200 26
96 283
184 240
207 229
141 115
202 145
157 171
266 6
220 166
271 305
317 253
76 195
111 203
9 45
148 248
107 171
17 61
237 195
0 126
287 199
155 261
288 78
267 154
294 90
199 158
309 296
242 138
129 160
179 125
166 94
198 147
275 255
251 91
82 170
83 321
287 102
305 61
197 126
320 255
90 256
263 215
142 49
236 79
50 155
53 70
241 123
291 224
296 28
142 305
127 87
124 283
66 294
275 109
86 44
321 14
135 148
286 83
195 32
188 30
4 86
28 65
198 61
129 191
266 45
288 67
79 130
87 74
297 179
16 270
133 242
294 240
6 216
5 239
155 19
15 19
323 127
302 63
56 9
29 96
262 239
73 289
293 122
269 27
299 280
263 183
167 277
203 294
166 51
312 264
237 25
283 207
250 297
322 5
62 167
48 212
63 275
300 8
80 83
80 137
294 140
169 195
27 130
266 252
132 100
52 301
208 81
100 323
101 206
28 192
57 48
42 109
308 239
96 228
169 1
154 33
35 224
83 252
123 294
13 213
242 101
14 311
36 216
222 133
14 246
70 138
48 107
6 305
269 67
105 6
86 126
173 299
308 91
52 311
299 240
230 288
81 263
276 84
215 241
179 10
70 28
187 79
45 203
292 94
36 66
297 261
73 227
218 127
201 221
221 296
117 312
228 310
323 294
318 37
201 307
138 125
230 199
266 241
231 75
165 292
66 14
320 238
92 166
298 128
144 269
254 4
1 219
307 25
180 147
317 98
152 319
176 237
199 19
5 180
67 108
124 47
154 302
17 236
189 88
182 81
315 240
214 199
156 103
152 281
55 172
214 44
31 70
14 277
56 24
76 313
46 25
37 233
172 102
97 124
22 260
28 253
200 244
201 78
249 226
215 29
110 54
308 303
220 281
84 202
137 198
33 174
298 142
204 12
196 140
201 219
125 281
237 297
190 145
206 36
107 177
64 319
70 117
253 308
241 162
161 282
323 48
115 215
154 204
77 295
130 249
157 161
291 2
26 89
112 1
118 27
107 167
20 129
105 62
11 127
313 169
78 128
269 162
91 209
94 166
266 227
48 117
297 109
146 281
242 96
139 260
298 181
102 306
56 315
51 77
223 143
137 205
64 125
295 78
237 14
70 30
297 144
273 173
73 87
43 243
318 127
86 234
0 159
197 92
140 181
293 250
238 142
314 33
285 257
293 77
271 235
152 70
263 320
318 218
177 88
218 193
51 251
131 92
322 261
286 267
9 3
212 160
63 215
254 39
30 43
119 67
175 41
237 70
75 294
149 72
184 262
128 140
54 55
80 208
218 257
4 188
234 149
283 278
74 77
2 95
131 49
39 15
56 115
170 148
244 273
97 205
303 222
299 259
313 22
44 41
121 275
141 160
151 92
156 243
220 253
79 283
168 24
159 22
115 93
242 261
8 127
233 90
12 61
107 229
3 248
238 295
30 120
94 219
235 91
304 104
229 175
222 251
179 198
74 287
8 39
204 221
217 275
156 301
207 221
168 262
16 82
193 309
116 84
121 56
173 106
11 50
302 114
205 283
219 133
95 211
192 53
182 147
267 246
123 205
110 308
278 300
83 104
172 182
43 72
78 16
249 205
310 69
282 220
156 135
3 293
195 45
311 156
266 119
71 220
240 91
194 284
34 77
293 18
190 257
191 186
189 151
21 39
308 290
84 82
23 205
55 93
75 106
77 312
241 158
127 253
242 1
201 215
139 21
154 29
302 188
206 273
8 1
215 313
162 227
292 253
52 224
54 43
309 312
81 85
19 299
234 7
11 184
156 18
39 106
144 173
108 318
156 149
102 153
137 315
309 247
60 81
259 39
294 201
76 287
221 53
160 34
203 112
291 306
31 6
316 165
142 273
253 85
9 109
116 74
313 35
316 171
160 279
15 275
261 26
319 259
104 305
29 216
170 25
286 121
286 135
228 320
182 312
255 160
231 57
258 95
95 290
96 193
185 145
55 65
191 199
114 144
162 2
130 24
109 186
176 149
96 23
155 112
86 124
227 197
300 38
171 56
159 113
235 188
305 117
292 273
195 301
76 6
274 188
132 80
218 115
28 231
77 273
128 125
135 220
170 197
169 216
139 2
278 136
237 279
174 236
250 30
265 196
162 275
23 180
22 138
130 17
192 95
195 22
233 270
90 202
236 237
44 93
161 116
117 186
69 177
188 28
15 165
291 59
235 246
293 292
34 66
215 276
119 205
169 167
168 11
12 0
40 201
113 297
81 154
87 67
17 145
275 309
247 185
216 206
265 260
171 176
85 192
137 42
121 309
274 199
42 143
114 18
305 300
8 112
294 186
219 94
156 145
34 61
238 320
155 51
32 76
249 126
122 116
296 169
83 7
193 282
79 93
85 284
167 154
10 62
233 180
243 120
16 62
73 19
260 140
249 16
79 32
322 97
122 183
51 194
55 28
186 205
42 168
32 34
260 162
42 245
149 145
231 121
271 112
211 6
320 61
262 281
30 88
286 178
162 278
177 25
301 241
254 124
89 147
232 289
113 153
31 163
243 91
24 223
140 224
172 94
271 280
314 0
268 99
15 50
293 184
171 146
63 3
206 72
18 25
177 192
89 173
171 289
62 197
154 277
196 150
203 185
29 90
56 276
149 195
288 183
83 116
281 263
54 263
244 158
25 25
57 319
221 63
271 40
146 16
280 21
58 250
92 245
67 266
250 7
245 178
299 102
94 156
199 308
259 320
253 301
5 255
158 102
89 24
193 38
128 75
139 149
101 115
268 220
89 64
67 304
232 182
38 261
71 176
95 110
23 190
136 164
252 108
231 269
249 136
232 101
199 299
129 22
180 175
44 311
49 10
171 317
253 295
273 285
278 162
232 322
62 199
243 77
299 195
209 209
113 267
17 151
284 261
7 273
155 93
125 41
244 140
253 197
71 87
314 304
148 8
98 79
117 128
171 242
76 228
72 200
167 136
33 51
48 216
46 136
57 257
0 63
137 137
259 125
179 63
22 142
103 201
222 245
107 279
209 98
306 272
16 25
237 56
35 108
154 145
211 187
24 278
185 69
283 141
313 107
113 295
198 63
134 291
153 128
36 255
162 134
206 227
73 216
246 82
86 42
254 54
229 124
36 76
94 228
179 221
290 257
50 18
111 88
27 134
195 165
211 101
102 253
316 167
45 31
209 249
103 231
265 22
311 172
81 320
106 123
41 243
234 182
69 107
143 52
195 222
300 170
188 120
280 209
105 295
301 283
276 210
293 242
241 234
119 259
160 67
163 229
229 132
12 171
13 162
244 129
228 240
108 147
17 224
166 100
237 243
91 167
242 38
297 292
21 157
298 285
173 111
155 242
305 151
87 278
36 253
59 79
103 217
302 173
196 253
46 116
51 242
225 240
216 69
90 91
291 282
292 109
294 257
194 16
35 240
175 104
133 10
161 296
222 13
185 139
219 117
26 166
97 212
247 68
38 13
271 275
48 70
153 173
21 151
76 45
179 299
293 111
45 134
301 281
238 20
253 147
316 190
189 312
255 295
275 311
58 211
299 100
252 262
155 143
202 317
37 277
300 168
147 94
226 223
294 197
315 215
90 149
71 23
175 228
262 188
18 152
15 214
12 131
217 214
56 44
309 173
176 121
19 131
306 243
284 221
199 295
146 84
4 271
282 35
126 117
88 264
185 67
204 146
126 269
311 68
316 192
255 122
246 242
39 231
78 117
301 226
151 142
88 32
99 4
61 323
61 179
195 231
108 231
279 102
29 211
271 247
138 117
225 310
320 143
300 4
108 184
182 245
243 267
58 49
189 182
233 2
95 4
159 12
37 225
24 196
18 197
72 21
4 23
262 217
111 103
73 184
248 220
110 297
86 289
311 142
245 93
228 41
308 52
150 22
189 90
80 55
263 25
207 117
19 124
16 97
184 313
158 230
227 126
273 78
154 300
32 65
66 212
245 307
249 186
39 252
234 233
115 160
154 229
250 5
105 200
237 7
74 263
207 17
217 86
15 262
0 226
45 60
127 142
257 146
217 188
269 144
300 165
227 79
68 66
119 217
54 80
287 201
134 9
249 197
316 138
284 312
101 295
234 284
197 296
61 30
54 105
142 291
312 38
181 208
220 231
93 314
276 162
318 35
110 148
121 68
304 249
22 149
115 299
301 162
69 294
193 291
2 312
64 291
154 246
211 108
64 15
204 11
38 92
222 197
135 143
273 72
36 299
35 220
158 319
37 174
215 17
29 233
127 230
139 237
285 240
24 271
42 34
236 49
259 177
114 164
41 135
277 127
246 310
203 191
204 29
145 142
253 248
295 86
169 274
18 144
66 84
234 235
213 246
128 123
268 101
101 24
86 52
254 210
255 151
39 193
201 64
281 41
262 298
21 216
271 17
225 62
193 44
172 257
157 80
237 217
75 192
272 169
141 1
140 168
104 136
210 257
315 80
156 269
31 28
252 294
154 231
28 34
35 217
173 181
182 74
19 82
77 254
290 172
139 123
129 241
16 222
270 309
97 77
230 60
69 90
217 2
260 13
31 110
167 33
260 132
235 322
30 64
115 127
152 296
171 230
192 258
137 40
103 17
212 70
14 98
132 176
27 132
237 255
77 202
40 224
314 306
115 240
294 142
123 5
42 206
307 200
319 205
38 315
25 111
117 12
199 94
261 126
211 90
222 106
48 145
270 37
96 154
28 180
223 134
210 110
135 119
273 41
29 134
210 300
199 33
57 77
75 197
207 210
204 91
163 301
207 254
322 181
230 71
127 271
221 116
64 243
247 95
22 73
212 175
257 313
59 257
122 170
83 63
112 257
108 188
152 169
154 57
124 116
139 63
16 48
278 277
190 271
286 68
77 197
233 53
279 116
42 126
204 81
150 134
200 62
208 154
244 232
226 307
112 20
93 80
105 186
192 238
288 181
149 132
243 204
233 153
62 165
112 196
227 92
175 15
306 302
36 281
314 100
89 234
177 114
241 136
205 210
223 56
207 59
221 95
189 142
127 241
72 160
247 22
133 109
147 249
53 139
242 280
25 277
198 140
129 300
319 207
167 106
321 109
176 256
251 62
16 139
315 27
209 217
30 205
304 170
182 157
35 197
52 232
4 61
193 83
16 197
219 149
293 149
19 34
99 34
309 162
234 79
155 147
279 41
296 46
66 239
75 243
308 169
63 33
44 295
154 149
235 169
306 91
146 167
304 264
150 254
217 223
223 225
114 41
100 252
64 263
56 177
299 296
67 131
175 164
302 20
219 85
133 98
276 313
276 225
21 91
59 104
186 52
304 23
30 261
13 106
267 64
62 211
45 20
73 37
212 315
68 79
222 152
59 45
135 267
16 105
222 10
282 106
102 120
188 122
236 205
249 296
159 41
43 194
286 260
207 288
7 55
188 316
173 232
227 89
10 275
309 98
145 202
140 304
230 97
6 237
93 35
52 209
195 131
202 143
287 236
146 63
136 8
322 115
0 312
171 240
156 75
123 151
136 114
54 282
161 47
57 244
275 18
313 117
178 282
28 42
200 156
317 137
70 257
201 112
241 309
309 205
41 230
292 37
197 268
151 31
136 271
110 74
159 20
50 228
13 292
156 263
59 252
253 192
192 178
305 292
219 282
74 25
195 128
243 80
218 157
275 68
177 64
57 103
29 209
196 105
186 1
262 245
127 16
67 254
239 204
58 8
253 310
121 16
198 9
202 132
147 15
276 75
134 45
77 46
243 302
257 177
6 98
42 180
6 68
174 260
232 212
140 199
243 99
274 137
2 261
72 165
67 167
229 149
206 302
51 156
321 35
191 157
275 46
288 194
93 14
107 205
276 248
90 245
111 266
219 168
126 143
250 101
175 306
77 305
140 235
301 51
27 229
2 62
72 8
146 136
24 265
200 102
298 266
245 144
191 246
282 302
161 196
59 10
78 171
282 85
248 281
190 229
48 155
316 135
286 100
128 190
140 241
108 176
27 198
221 134
119 290
248 24
14 222
84 25
320 98
28 213
255 177
166 190
2 72
12 211
11 89
0 182
229 78
177 98
28 44
112 319
194 233
281 50
46 177
27 168
24 225
292 81
294 156
184 93
229 134
313 143
147 264
184 28
190 249
69 205
20 322
263 135
71 184
76 126
87 84
193 23
228 312
152 245
101 145
40 42
153 48
118 163
248 70
204 132
129 281
84 127
241 100
42 10
111 151
179 65
168 59
179 84
212 318
321 254
215 247
100 300
6 169
14 244
0 71
145 296
116 236
222 141
237 180
13 100
7 271
87 6
124 59
36 135
98 70
133 62
285 4
124 76
203 15
191 38
295 138
168 178
240 262
290 249
248 138
78 319
142 277
20 89
112 270
201 50
185 306
12 310
105 14
135 273
244 82
185 103
265 73
131 15
120 207
41 220
5 115
314 113
244 127
246 9
98 63
44 116
117 204
322 7
254 286
256 76
180 38
308 243
140 148
125 295
289 313
208 227
47 252
210 247
85 278
92 219
185 191
277 113
316 255
147 312
18 205
73 51
263 177
280 29
254 161
261 2
129 50
260 222
85 256
243 136
100 123
264 188
170 187
179 173
314 219
295 260
191 282
53 171
48 121
3 29
232 58
189 12
248 14
83 36
141 320
44 110
315 157
4 99
12 206
225 150
294 94
176 321
221 73
203 17
6 235
51 281
131 162
201 18
230 270
134 252
12 7
244 250
169 56
24 75
99 320
117 225
41 307
69 67
207 89
12 272
287 206
305 191
131 10
101 28
119 111
188 127
308 323
248 62
113 87
305 86
292 67
105 154
198 159
184 294
157 321
130 308
234 213
309 294
87 29
13 225
253 321
47 72
1 136
67 205
13 236
246 70
35 222
120 51
236 110
14 200
199 42
150 216
114 158
92 47
125 204
286 144
316 219
12 114
192 270
46 198
230 1
159 193
323 153
52 211
135 156
310 116
177 75
81 221
287 271
36 51
187 113
195 75
189 243
311 0
57 107
289 303
238 162
122 198
126 100
138 141
12 191
259 127
284 211
232 46
204 68
317 216
78 256
237 80
181 130
222 223
12 102
220 2
284 83
131 224
112 174
20 55
88 225
205 197
39 87
191 292
227 121
256 272
155 271
309 143
188 105
294 259
137 36
55 319
138 203
189 0
323 151
22 272
38 85
103 9
97 149
228 130
166 197
162 173
134 163
295 268
124 34
82 222
96 225
184 273
282 147
320 245
305 1
188 103
218 186
84 242
7 3
199 135
217 293
223 79
168 41
184 252
231 36
3 246
291 321
153 124
53 246
175 156
72 85
18 142
142 242
130 51
264 222
171 67
253 226
296 181
105 127
6 53
316 305
182 155
322 110
319 230
13 54
189 76
18 252
34 158
305 122
116 164
239 89
68 201
257 286
228 90
272 123
313 316
222 50
133 72
257 35
182 182
269 29
108 42
300 64
169 272
211 14
148 217
43 204
230 272
104 145
140 306
13 164
80 233
314 55
303 248
183 295
108 27
264 255
100 256
294 305
182 162
161 123
248 1
163 205
115 24
214 19
156 58
21 241
295 155
22 310
13 116
260 40
249 68
6 4
36 262
184 85
150 244
295 50
187 90
204 255
232 172
78 108
194 119
109 23
72 308
112 139
12 35
301 311
78 147
251 51
167 249
134 43
8 41
197 309
89 217
189 266
237 220
39 275
316 217
185 58
79 308
63 35
90 235
124 199
192 312
229 75
189 147
46 181
248 315
131 191
156 95
244 146
100 80
50 98
18 311
183 149
166 226
206 45
79 110
292 124
12 24
46 143
251 227
85 286
295 101
209 253
322 10
131 304
169 201
227 311
141 237
298 43
312 149
309 50
308 163
114 37
218 70
186 319
39 308
265 183
116 65
141 215
47 289
27 225
187 193
202 196
295 179
187 225
160 181
60 196
195 123
39 57
193 79
316 19
114 221
192 184
86 132
55 91
190 64
106 231
252 158
312 82
105 168
113 137
284 314
101 308
55 144
250 33
106 261
195 240
320 182
92 75
45 265
293 145
296 134
259 0
39 310
85 117
89 87
227 206
292 32
269 169
268 292
253 211
304 143
274 241
317 107
215 322
259 93
291 295
135 35
307 181
195 226
40 49
118 42
216 296
285 46
121 4
254 7
220 196
227 221
193 93
118 148
191 55
167 47
22 252
152 291
195 299
130 207
121 66
213 117
194 95
164 43
2 70
79 312
251 114
190 225
318 289
214 81
176 319
30 273
310 158
295 18
216 232
304 8
114 22
229 206
199 183
62 151
302 197
129 298
320 0
115 295
242 142
162 308
237 168
268 290
114 162
180 4
2 278
229 103
27 32
173 254
39 121
35 15
316 127
86 180
225 55
243 89
97 214
272 29
146 110
215 57
112 46
101 240
302 4
221 294
201 100
148 219
275 249
178 320
101 218
115 312
130 0
218 28
162 181
53 11
153 257
113 180
1 246
284 148
77 276
16 200
271 292
202 245
287 76
168 80
94 250
33 304
65 34
165 68
166 235
322 172
310 154
176 67
269 198
81 256
288 304
114 97
177 125
21 193
37 82
264 184
302 152
92 249
196 85
52 39
118 165
227 62
154 311
239 135
201 73
298 206
11 68
279 92
109 182
56 243
32 162
158 281
174 308
61 305
216 212
209 207
64 81
309 82
123 289
163 128
202 284
243 107
176 155
20 154
322 144
125 300
37 301
237 227
85 149
302 210
34 26
226 321
257 266
48 197
283 98
171 174
135 314
137 105
196 94
226 272
12 55
246 195
25 101
250 171
70 207
309 1
75 127
32 5
169 151
17 40
232 71
156 260
160 239
56 184
19 237
275 292
297 73
265 25
56 122
212 40
315 259
203 209
37 56
22 20
150 101
280 25
50 301
24 166
139 161
135 150
159 237
75 52
165 25
264 115
29 149
237 134
61 214
19 284
214 194
260 83
184 197
297 213
152 33
228 142
55 202
12 141
235 271
278 206
61 265
101 169
102 93
132 243
91 186
306 27
26 18
56 159
173 171
98 137
73 307
107 288
29 242
245 302
15 46
120 224
183 22
50 259
12 262
131 202
176 312
144 210
245 176
118 316
268 224
218 284
280 149
23 53
207 134
280 126
320 299
9 37
72 162
221 298
287 143
78 136
155 49
185 296
129 288
187 88
194 313
13 17
86 274
54 183
87 24
131 25
123 234
321 78
94 294
191 0
302 79
121 150
94 133
13 189
299 150
154 249
155 7
61 236
84 84
312 99
52 81
76 119
178 109
172 211
224 10
18 260
239 282
121 254
217 204
218 219
276 41
303 282
138 77
200 146
80 120
221 311
57 65
76 48
243 123
77 297
231 259
120 163
258 55
293 118
97 181
264 113
323 206
152 241
304 231
253 145
225 242
72 6
317 243
172 186
30 320
289 200
254 9
169 291
191 322
123 247
210 89
73 278
105 85
233 105
201 104
245 252
233 25
19 80
287 314
320 311
234 267
291 51
306 209
164 66
80 159
187 321
278 321
20 143
98 298
9 285
301 268
23 22
278 59
248 8
215 272
117 76
78 6
184 127
77 37
150 121
23 14
216 175
28 246
102 146
121 29
92 90
30 15
55 132
263 250
313 59
282 52
49 119
220 137
107 313
168 22
301 248
93 101
196 266
209 322
51 59
150 99
162 118
198 208
150 175
86 203
295 40
121 262
138 196
42 40
142 5
103 242
248 89
224 108
185 91
248 33
280 188
185 141
54 72
218 35
218 68
126 279
81 252
66 291
113 124
54 205
172 117
136 260
36 290
236 224
314 3
221 190
311 295
320 184
63 294
29 316
306 142
183 68
46 122
84 62
6 227
105 223
100 130
76 245
30 33
157 192
185 232
55 280
49 146
212 89
111 179
99 78
51 69
91 243
133 15
31 3
209 275
225 216
227 285
178 9
249 188
231 215
15 178
175 123
165 132
86 293
57 105
46 95
126 251
182 136
170 161
91 109
52 37
106 225
69 101
162 287
5 151
32 78
193 102
1 134
293 2
7 156
132 323
122 283
192 261
317 265
229 242
95 47
268 277
239 113
282 261
152 139
113 28
165 314
115 276
171 97
18 227
291 145
248 131
314 73
223 310
219 191
79 235
290 120
321 295
47 188
106 157
2 180
74 229
22 16
119 25
318 144
72 76
103 309
83 92
203 110
199 17
221 244
0 180
41 5
320 280
244 266
54 276
241 154
301 318
310 100
152 67
153 151
80 116
169 77
110 16
221 292
79 253
126 236
113 241
25 22
258 234
322 60
277 91
278 242
257 93
29 288
275 275
191 152
271 99
128 70
192 194
213 57
15 180
82 246
293 204
231 191
196 169
58 66
224 90
14 102
121 256
144 83
168 87
76 274
69 241
230 297
250 189
68 143
155 4
154 174
152 171
53 141
7 16
230 112
311 83
255 293
167 82
95 124
228 56
209 130
90 32
87 10
5 15
46 128
15 188
75 254
102 19
55 216
162 58
83 271
17 322
144 30
272 60
83 9
258 126
6 135
276 1
182 129
49 313
93 22
278 181
312 277
190 8
259 313
171 297
308 74
149 202
94 97
141 99
234 305
27 106
102 208
15 163
184 161
211 123
13 274
279 50
39 134
61 303
144 72
197 32
41 252
20 57
298 49
217 93
204 117
177 217
223 62
215 65
37 251
315 12
250 199
29 229
127 169
17 299
141 249
36 152
264 211
18 16
65 116
1 194
53 173
314 82
318 300
231 159
228 0
233 169
172 26
61 95
21 308
148 266
89 76
3 169
25 27
18 32
104 202
13 234
173 200
283 27
277 50
181 145
300 89
304 211
37 204
156 29
135 192
178 182
225 300
281 297
84 222
99 237
264 307
125 128
70 198
305 20
80 26
137 135
163 216
174 13
210 24
137 74
165 16
6 149
220 290
283 66
135 57
320 127
177 185
278 179
23 158
140 278
263 117
62 187
2 159
214 98
242 265
174 3
82 119
311 122
171 83
210 92
133 129
114 35
69 47
255 232
254 86
71 227
294 14
314 115
281 122
307 133
20 273
133 142
182 175
157 197
202 152
150 318
194 36
107 139
115 9
113 276
315 48
151 128
105 93
144 54
318 166
244 131
216 27
219 3
24 269
204 207
254 44
313 202
165 207
71 12
284 65
224 152
7 321
9 196
52 321
290 181
281 282
249 13
223 199
99 202
285 87
196 242
202 42
219 92
227 255
19 64
283 318
259 21
220 222
263 305
231 18
175 268
264 227
300 19
58 227
70 14
182 60
224 308
318 296
202 243
269 31
89 30
217 125
199 114
236 26
226 23
21 65
287 119
279 289
90 250
136 265
158 56
34 263
229 314
273 68
57 252
9 170
60 71
288 4
186 121
87 63
7 151
75 104
304 128
182 198
76 283
89 74
106 159
225 191
49 319
164 85
159 52
35 58
178 175
138 235
265 109
285 81
245 230
131 90
285 67
216 49
217 60
200 55
93 82
144 17
305 270
180 285
159 205
153 225
7 14
108 211
312 286
76 209
218 146
141 256
165 285
286 3
208 304
197 234
142 185
149 123
15 100
134 28
125 57
42 75
205 289
108 248
47 157
322 155
270 136
59 93
304 41
61 138
197 33
56 129
146 29
123 281
145 185
50 67
139 256
7 114
316 200
109 138
204 212
82 207
134 79
218 290
287 312
147 39
144 124
189 43
118 229
198 122
221 48
220 14
314 69
40 242
138 162
176 282
172 236
282 309
200 29
62 29
229 89
215 117
90 208
238 48
75 184
154 155
156 245
72 1
254 13
96 62
42 121
293 127
97 100
254 212
31 188
53 319
125 170
305 321
163 207
104 297
312 61
151 173
302 38
244 248
228 113
231 24
143 109
163 138
187 296
135 73
281 204
82 49
96 256
197 106
130 19
32 99
145 283
279 32
314 189
100 155
193 274
23 144
307 219
178 194
44 44
280 34
71 94
93 290
245 287
204 303
72 39
197 302
39 101
124 190
170 263
16 80
213 15
295 250
260 302
11 112
65 225
279 229
235 301
227 264
49 258
56 237
188 169
312 69
242 250
43 176
24 171
33 81
208 121
30 29
93 116
133 90
20 141
226 122
82 189
278 213
156 109
230 145
78 301
72 263
266 293
265 305
217 181
87 214
228 204
139 153
78 143
181 214
194 168
239 256
87 176
184 234
10 91
241 204
109 218
136 185
183 269
42 73
243 159
32 289
9 198
57 6
21 108
199 164
104 253
106 248
231 161
322 142
211 116
22 293
178 241
213 64
16 121
249 240
255 167
269 214
317 49
165 0
14 296
253 244
295 182
254 56
15 293
5 213
261 186
282 158
283 249
37 221
266 272
22 217
247 295
230 95
317 301
126 76
236 313
221 41
107 316
205 95
276 34
150 321
246 303
39 53
82 261
293 154
242 146
272 167
116 20
157 87
31 80
266 212
49 233
16 287
173 259
234 295
283 247
40 236
202 292
211 52
103 186
41 81
45 288
180 85
248 45
110 210
295 60
140 55
107 75
214 46
78 199
164 119
100 38
129 92
18 172
287 208
148 98
268 156
14 205
126 264
282 108
92 58
265 258
313 13
40 183
133 26
120 305
278 166
25 165
106 274
133 309
323 93
165 271
2 56
93 305
316 2
103 84
35 242
268 69
322 238
21 218
318 267
289 245
27 185
138 279
297 107
73 191
289 25
88 292
46 56
172 223
92 318
70 113
159 223
1 259
35 6
239 217
37 153
121 258
206 91
287 211
61 109
197 148
275 61
230 151
81 110
32 254
128 181
268 83
117 323
316 299
84 38
192 7
85 11
173 169
286 55
311 222
224 218
283 241
233 247
9 74
209 285
48 68
152 52
295 118
235 161
250 169
74 161
61 224
153 109
212 305
89 22
222 35
1 293
78 317
92 35
210 173
314 31
100 64
280 1
184 304
242 36
107 169
26 230
48 161
141 228
185 129
268 272
71 64
246 254
192 134
304 307
172 122
165 121
162 292
231 201
147 26
88 41
282 29
120 228
286 304
146 7
300 181
65 13
1 299
126 69
69 285
213 184
197 28
135 37
2 86
323 171
212 304
56 72
271 68
298 316
178 80
90 126
37 211
190 140
0 240
277 61
320 204
235 103
56 12
293 281
19 217
198 161
97 270
285 236
182 164
302 182
112 235
250 20
89 262
57 10
24 227
140 152
84 129
99 176
248 64
322 306
70 182
105 107
89 304
292 280
122 185
23 126
144 8
290 220
231 247
0 104
133 175
51 228
60 41
111 77
255 234
150 74
91 0
13 199
30 283
273 248
134 130
202 305
7 301
302 249
270 84
263 159
47 134
280 295
238 110
300 148
273 146
229 285
306 103
31 293
167 273
196 258
86 194
285 208
311 21
122 207
190 213
106 135
275 186
6 153
48 109
279 275
131 76
292 226
13 265
3 259
219 276
279 203
44 201
320 222
50 224
262 29
0 42
50 95
252 176
202 176
185 279
181 141
314 149
243 13
72 279
220 279
280 280
112 38
267 159
137 97
238 312
303 230
150 236
229 281
18 181
115 308
111 192
64 302
121 47
135 13
135 42
295 184
155 28
102 267
320 263
86 97
259 198
4 207
6 6
207 79
182 239
253 133
119 262
228 76
280 124
36 235
36 137
138 101
257 321
213 233
268 263
11 12
69 156
146 303
308 154
137 156
104 277
210 259
280 225
301 91
131 273
210 245
224 12
192 217
5 88
54 288
30 19
41 222
7 78
133 274
46 104
173 276
189 165
220 181
255 198
242 149
209 106
40 110
47 266
9 162
282 229
234 72
237 282
321 257
213 71
234 62
70 229
91 124
72 218
101 230
152 199
241 202
95 266
121 99
166 269
246 226
308 278
228 267
285 7
110 67
150 155
141 212
231 170
40 166
248 66
258 311
270 134
258 45
9 319
261 306
182 216
50 200
136 173
186 199
260 62
100 70
81 266
273 171
0 285
290 176
106 2
69 142
125 152
199 174
246 66
84 73
41 290
210 8
39 316
204 79
30 39
224 29
95 43
195 323
197 202
297 254
268 297
289 2
191 116
92 136
305 290
159 79
43 322
183 49
184 137
236 207
42 200
115 61
279 155
82 209
234 272
260 75
58 64
11 305
99 157
168 29
46 268
77 145
313 68
119 142
185 268
194 220
7 21
24 97
32 262
169 169
69 217
88 65
223 289
55 146
230 38
265 186
138 321
291 228
172 319
199 203
52 58
190 177
38 273
322 221
295 293
75 101
188 26
25 71
186 196
290 272
57 93
17 123
44 144
3 229
128 252
286 241
193 298
0 155
175 34
205 134
204 167
103 7
270 168
248 219
213 119
190 260
5 21
264 251
250 316
31 310
204 177
120 320
173 209
245 291
236 249
65 210
240 63
173 306
80 16
78 195
156 320
91 88
235 226
99 273
17 198
313 20
179 26
322 72
150 238
125 94
174 274
173 2
125 178
305 306
260 15
63 183
252 281
129 48
313 147
65 76
158 151
86 128
152 289
214 163
22 172
211 302
55 113
277 82
276 48
272 89
157 224
139 198
105 69
199 260
310 76
140 318
172 44
310 13
106 133
58 42
20 1
123 245
95 25
314 91
166 317
277 39
121 132
14 169
176 19
169 146
86 272
209 108
196 63
198 7
269 295
162 35
177 7
164 197
93 316
165 139
144 48
282 191
205 263
3 197
133 272
33 277
3 12
248 4
217 273
28 98
35 0
32 294
153 78
306 57
128 218
31 122
107 284
30 196
42 174
34 156
322 33
191 148
267 8
165 101
94 28
187 73
323 212
164 246
315 44
74 35
155 218
156 2
8 195
28 129
111 186
94 162
124 238
299 302
242 271
156 83
226 228
245 33
244 37
256 38
158 221
196 35
83 238
63 115
285 299
167 121
173 265
0 53
311 315
215 10
2 214
148 13
322 311
114 118
139 115
185 193
41 280
293 97
106 39
242 172
222 208
10 311
223 14
194 50
133 307
112 268
223 154
244 47
27 114
11 291
181 158
24 267
62 222
198 5
69 254
244 45
151 68
322 1
59 47
254 254
42 212
47 87
72 156
161 241
156 175
148 67
102 319
278 270
290 297
183 75
114 252
171 168
123 163
135 26
265 213
245 105
75 27
316 267
96 134
292 283
94 131
293 75
88 51
140 251
43 125
195 235
156 0
241 320
209 238
59 106
19 111
116 0
80 108
178 5
48 186
194 103
53 306
237 106
129 310
70 175
22 140
241 282
60 58
4 235
144 33
290 15
98 26
163 0
303 284
211 227
193 158
252 45
52 263
32 45
95 102
282 291
73 94
106 67
182 39
43 227
68 136
28 136
142 210
37 311
63 117
199 64
69 93
307 229
143 227
166 259
275 10
281 202
48 102
41 322
311 106
300 246
322 210
278 258
179 287
108 301
117 238
157 317
309 28
122 191
294 169
119 102
19 183
218 167
146 279
295 35
102 26
44 121
223 186
109 235
304 141
199 160
32 275
118 273
140 127
131 213
152 190
314 270
172 274
176 107
235 180
321 123
190 16
100 88
56 264
242 125
151 107
290 68
229 287
267 103
35 175
212 286
248 124
153 43
261 204
270 148
32 31
282 313
297 116
71 89
308 135
143 206
252 25
297 241
280 106
253 87
144 111
15 312
220 36
122 50
53 24
182 261
216 74
138 225
252 188
86 95
78 233
173 31
193 117
195 148
137 72
129 162
279 19
126 8
25 144
84 217
275 282
233 11
250 187
22 223
239 71
106 196
249 153
118 93
84 254
99 89
284 209
29 131
88 127
89 168
207 264
174 198
37 1
318 146
43 25
125 104
282 175
143 36
165 312
97 258
97 290
264 279
207 122
121 276
149 31
90 263
84 134
31 233
55 170
62 1
279 100
304 299
1 96
293 24
239 155
111 296
305 259
25 124
71 293
257 205
141 206
88 178
95 13
258 14
312 284
58 128
92 320
180 313
40 138
161 129
200 6
268 294
59 27
122 27
222 182
114 2
41 282
235 146
170 309
174 255
60 238
294 238
258 61
303 77
173 284
209 152
20 50
172 238
4 288
61 263
211 272
284 150
177 280
7 269
12 48
305 222
95 116
74 14
209 262
113 93
169 137
173 42
75 216
95 22
112 36
120 152
119 307
181 40
135 90
5 200
169 317
42 139
162 290
208 240
253 89
213 228
144 310
25 290
216 18
251 126
22 209
238 221
81 167
240 258
279 315
206 269
235 155
94 24
179 180
123 296
175 232
259 19
160 14
200 298
16 93
63 292
181 149
266 98
62 278
135 230
14 153
193 75
39 20
254 109
246 46
321 185
199 273
234 9
1 198
71 153
21 52
224 244
127 316
76 135
39 119
321 76
160 134
110 258
140 90
276 322
257 231
186 282
128 129
255 204
219 44
109 64
87 69
146 152
42 225
124 306
23 156
285 189
166 203
85 113
268 227
6 280
188 115
32 247
222 104
303 117
254 41
297 287
175 196
41 28
49 188
167 302
285 99
30 5
208 192
135 55
262 287
301 301
193 300
116 223
262 289
185 16
163 140
16 274
123 221
215 217
301 40
210 287
81 288
194 64
290 243
281 187
319 39
76 212
17 288
207 234
28 167
228 225
106 296
27 300
29 122
98 155
84 179
139 59
161 63
297 289
318 159
314 93
89 145
124 219
226 262
148 63
207 197
224 229
99 258
250 151
81 57
97 230
23 154
190 115
207 97
182 8
65 37
21 206
136 273
21 295
237 0
292 176
77 62
213 53
49 303
9 200
105 216
41 122
281 13
144 63
300 23
212 262
92 124
73 27
19 122
262 47
107 182
23 26
181 197
244 234
161 148
27 110
60 285
216 283
52 240
272 87
197 177
124 173
223 297
261 266
255 126
114 197
142 213
23 147
233 122
26 308
30 60
303 201
77 200
13 306
110 21
247 307
68 28
179 192
85 185
94 217
236 319
14 81
180 156
119 15
246 79
157 52
187 269
222 37
186 217
264 42
117 141
173 35
19 72
43 36
104 267
264 90
86 12
122 162
242 163
320 33
68 297
55 46
45 50
159 277
287 168
247 212
193 218
22 266
122 114
71 130
273 191
259 138
149 179
24 84
145 261
178 1
95 234
202 116
234 288
167 156
4 117
111 127
48 201
92 292
291 34
280 270
21 208
205 179
264 142
158 165
273 183
29 178
260 304
44 127
81 227
323 157
238 54
207 252
56 133
39 204
271 7
83 120
296 209
223 21
148 200
58 282
95 164
169 58
66 124
2 227
48 210
261 138
288 192
31 58
192 256
206 201
59 83
27 304
10 111
229 80
293 255
132 107
3 17
294 158
266 114
85 187
314 196
305 182
233 63
88 200
235 105
307 312
114 120
202 24
40 26
85 305
316 251
275 290
227 136
244 264
118 74
278 148
143 238
164 34
228 96
263 277
3 88
304 189
322 183
229 248
88 282
98 203
287 87
209 101
299 189
273 56
238 268
104 60
116 247
130 189
89 285
33 217
174 226
169 160
46 242
278 282
314 260
146 119
6 218
96 138
222 8
138 44
151 211
68 114
205 173
195 286
95 178
81 174
307 83
151 157
44 112
142 54
179 114
164 149
72 238
266 12
140 101
270 124
317 208
78 307
170 319
174 224
35 148
164 58
279 45
276 86
74 137
260 91
186 234
107 259
27 178
264 318
28 320
305 180
31 289
20 252
139 314
32 186
155 53
27 289
284 254
269 73
149 264
42 128
153 45
312 124
231 281
66 283
229 37
157 204
110 251
24 44
107 290
319 209
65 134
250 262
84 95
149 65
288 172
256 203
68 302
226 193
12 293
289 315
192 210
265 171
145 294
271 201
178 70
98 161
128 260
219 42
310 48
143 184
30 117
212 38
241 278
180 87
152 237
205 251
209 127
268 204
240 55
15 302
38 253
214 48
177 228
168 202
277 223
181 111
221 99
179 55
273 76
310 277
162 280
303 59
118 6
311 23
285 146
176 9
262 279
138 283
162 50
170 189
72 316
305 120
270 205
167 55
17 167
76 154
56 141
248 53
207 137
223 160
153 197
153 72
230 141
85 297
297 211
164 109
287 213
292 248
170 12
157 98
39 185
110 173
278 319
234 286
232 28
42 27
270 59
289 191
110 114
199 126
152 183
195 125
105 312
239 43
302 11
34 99
190 245
139 231
243 269
194 21
144 273
188 205
19 4
316 4
233 167
74 182
37 21
161 49
142 71
139 292
37 309
46 89
150 220
43 60
126 182
193 317
162 109
212 45
39 123
302 164
215 99
43 296
178 209
187 284
12 227
125 102
299 255
32 204
129 262
191 207
193 18
48 85
173 85
266 70
30 200
135 69
262 79
260 268
299 159
191 66
168 147
301 107
210 306
197 48
228 308
197 46
292 19
271 26
118 288
269 160
76 315
119 11
127 98
270 126
79 68
118 154
11 53
278 26
220 122
264 57
165 195
303 251
1 55
133 102
211 63
169 323
16 38
40 39
70 162
300 154
212 300
272 322
59 298
319 282
120 198
242 296
32 231
230 204
31 47
219 61
19 30
98 87
283 37
19 117
254 76
191 176
172 130
293 321
212 260
95 184
81 188
302 195
111 64
114 146
219 278
278 260
263 27
71 265
87 298
286 133
80 172
263 275
262 139
82 73
219 234
223 287
197 59
64 173
54 185
161 12
277 177
302 58
232 294
165 137
7 154
207 286
254 252
159 83
216 230
111 205
216 38
97 86
165 248
191 276
236 280
250 60
74 195
219 323
184 307
30 275
136 106
231 184
133 150
178 322
186 106
234 27
47 203
274 26
127 281
236 247
311 298
172 161
39 168
213 66
18 14
183 89
68 193
100 302
180 8
306 101
295 210
109 299
206 193
100 284
111 123
60 198
4 211
166 117
113 186
322 29
98 53
126 64
7 303
110 45
136 12
284 29
15 106
18 221
135 141
219 21
39 292
243 256
236 54
310 61
265 162
103 35
241 35
246 156
103 115
125 181
289 265
167 323
142 73
150 44
239 161
149 47
75 235
78 225
169 157
264 322
246 116
240 284
103 108
151 54
152 283
251 245
175 266
111 125
12 104
193 177
71 48
316 195
278 118
318 263
111 236
119 125
58 25
77 299
194 91
139 320
159 207
115 102
52 293
127 161
68 21
274 323
255 226
32 164
6 56
242 259
163 276
297 130
171 199
50 241
247 81
95 226
187 150
85 7
38 98
50 150
193 276
292 231
52 110
303 6
92 71
297 268
244 11
94 100
62 65
159 294
295 270
79 265
191 242
18 250
228 199
67 309
45 29
87 114
323 31
294 147
208 320
294 248
48 17
89 85
72 151
48 241
42 43
147 187
58 161
20 244
74 163
302 116
307 1
254 299
44 39
123 278
35 179
168 85
143 208
74 79
9 15
116 200
68 312
62 57
249 174
216 187
50 198
74 21
297 171
57 117
7 179
79 267
136 28
150 53
277 164
179 214
55 151
314 163
319 265
270 0
118 85
186 274
297 86
298 134
237 182
203 318
313 240
146 82
272 155
79 65
283 298
45 279
246 159
23 306
152 177
36 275
244 41
224 33
120 89
152 175
311 134
111 218
299 318
36 213
33 148
221 177
322 195
75 276
214 106
49 96
25 232
212 195
313 276
80 246
295 97
244 292
134 218
51 273
17 18
214 140
270 100
133 230
240 201
43 51
126 198
217 267
88 88
143 295
168 153
143 31
319 291
90 237
300 42
240 48
161 127
56 135
262 163
210 190
113 103
161 165
235 122
134 88
258 161
278 52
184 30
113 119
243 188
20 266
80 34
37 303
264 249
160 51
301 270
9 321
52 309
151 72
127 258
299 238
133 213
165 301
157 113
197 84
266 51
137 175
309 127
267 274
125 172
301 230
322 125
72 229
138 168
236 253
295 62
275 231
105 75
64 1
22 286
100 266
83 94
260 106
210 192
242 200
133 56
302 171
310 285
86 313
256 277
263 186
251 266
322 64
116 119
20 229
116 63
207 178
271 190
60 212
50 186
299 132
48 95
215 270
168 74
311 202
232 30
114 258
108 13
135 300
21 125
320 173
75 237
212 320
290 274
79 36
203 63
43 221
187 21
171 219
174 285
221 103
314 127
72 154
33 133
133 207
169 95
25 107
255 115
182 200
238 280
89 280
139 85
8 149
258 175
299 286
213 217
294 99
34 138
98 284
23 192
0 304
72 14
1 301
51 192
112 22
304 115
312 58
229 120
264 257
166 3
91 79
179 47
4 209
45 267
83 191
192 14
270 262
63 102
226 270
88 104
224 127
69 276
323 124
37 186
223 54
163 256
303 297
124 249
102 122
105 137
139 136
267 189
160 109
323 100
191 164
165 289
197 184
8 82
20 73
32 43
313 37
296 272
253 222
102 86
247 241
40 136
99 28
159 172
296 95
10 0
255 307
29 119
315 175
41 9
190 125
128 312
261 66
222 230
314 57
88 174
100 20
188 224
101 113
64 123
150 308
189 284
49 106
4 269
297 26
210 268
303 203
299 119
32 97
199 198
9 282
241 248
306 140
293 101
294 63
119 88
117 261
154 192
76 318
319 77
117 92
149 94
278 99
30 66
309 141
143 123
136 295
116 23
299 312
141 187
22 0
32 151
309 286
265 117
100 228
7 80
167 313
106 146
119 100
264 253
289 8
0 277
106 58
244 109
258 216
108 135
4 281
39 314
231 176
104 123
227 287
277 10
237 172
101 55
51 208
253 70
240 220
111 181
259 236
259 67
143 179
158 264
64 73
56 253
268 146
14 64
262 141
90 68
312 262
235 152
151 159
208 287
51 171
285 57
253 199
6 311
278 225
180 163
185 226
199 225
174 162
254 169
103 61
215 245
255 132
219 139
32 135
241 232
25 191
206 267
219 120
276 184
268 251
47 179
141 51
204 246
292 147
191 93
152 100
135 225
93 2
241 256
192 19
84 219
128 107
98 94
230 186
5 78
133 201
35 146
199 229
238 115
238 197
81 76
268 10
61 107
245 193
167 270
84 105
1 14
285 101
226 9
184 199
132 203
163 241
214 8
102 109
214 264
140 154
120 260
279 235
148 243
251 64
318 111
230 190
221 0
157 222
44 245
86 201
301 288
190 168
196 236
196 260
229 162
137 224
11 37
260 60
304 224
5 269
234 101
269 102
22 250
127 22
20 257
29 318
226 128
33 108
9 155
157 194
320 165
281 99
215 33
319 236
294 125
93 157
70 239
251 72
126 35
269 191
182 249
220 159
34 322
26 87
141 292
285 137
157 185
248 254
70 0
188 177
257 270
118 113
233 232
177 21
180 242
120 35
257 159
112 117
145 187
274 89
33 245
186 115
137 281
179 208
85 147
189 167
44 56
30 136
320 224
251 198
7 173
215 183
90 34
280 205
140 247
216 45
177 170
185 310
111 286
255 5
151 125
92 194
166 84
83 153
253 35
123 123
315 173
100 246
181 255
299 310
56 143
148 100
308 27
133 74
199 44
201 182
40 163
171 299
240 294
300 298
303 130
116 39
210 274
252 162
3 212
213 77
300 49
42 48
70 128
285 53
156 216
48 253
197 72
34 52
261 292
69 95
207 223
303 61
169 97
55 19
263 309
241 30
9 43
230 293
32 117
290 254
56 104
44 225
102 97
312 92
36 266
121 205
232 51
179 136
40 304
209 188
293 182
178 20
314 236
197 17
320 55
143 107
18 240
90 42
226 107
52 244
109 263
84 97
114 234
25 235
106 263
309 106
193 147
119 312
64 83
77 69
61 116
72 49
34 161
202 56
90 162
242 298
161 229
294 180
127 93
254 131
52 299
8 68
101 33
278 20
108 40
1 152
200 207
220 207
35 267
55 70
314 274
1 102
273 110
122 57
260 37
320 115
188 226
172 308
52 45
140 150
21 176
167 10
81 152
166 77
157 78
296 323
190 56
125 217
252 116
317 120
8 35
91 173
8 110
311 8
245 137
145 31
194 242
40 13
133 36
103 279
146 11
130 21
173 83
229 217
192 212
184 195
103 240
235 135
256 165
244 103
39 264
2 133
127 310
72 138
164 76
147 251
137 171
153 274
216 208
177 66
5 20
148 17
79 298
243 235
79 217
252 149
173 147
303 87
271 129
39 318
23 123
66 173
293 294
315 21
150 256
295 160
41 159
58 134
239 203
230 268
271 144
107 217
314 19
30 253
138 264
153 194
79 54
49 272
154 126
237 225
146 144
140 30
317 161
221 185
150 249
145 175
277 243
187 311
295 108
163 225
199 276
311 88
140 312
230 58
18 63
211 313
21 93
73 176
93 12
76 230
102 168
120 64
69 88
316 156
193 156
24 12
146 233
279 263
292 152
263 137
21 42
253 114
23 71
294 96
249 306
307 144
209 203
43 309
126 106
170 132
309 93
37 102
46 48
74 4
231 73
97 43
216 239
208 52
315 238
49 167
210 148
60 162
191 278
16 6
294 272
221 93
21 120
200 170
89 260
212 138
260 17
25 170
190 2
268 65
68 307
263 109
230 266
320 86
100 248
215 79
135 190
240 39
319 247
255 302
141 63
126 130
106 175
6 299
161 41
281 224
133 301
54 109
110 267
134 244
102 78
132 17
216 81
132 255
12 63
183 131
161 28
38 229
179 205
66 302
103 238
64 42
48 214
265 300
103 154
307 165
155 46
200 285
74 39
221 39
14 7
83 187
123 49
121 321
256 257
30 115
40 253
52 79
154 282
79 145
131 194
298 246
291 285
105 109
229 94
267 26
160 310
31 156
237 161
139 97
144 225
244 192
154 290
206 12
201 16
43 86
315 202
316 173
132 240
161 294
18 281
88 271
48 305
291 39
63 323
43 31
58 57
23 308
130 291
264 52
193 81
226 214
104 67
313 197
128 7
19 310
312 317
178 311
80 170
250 105
298 210
176 230
60 222
199 252
299 6
228 148
208 129
99 148
188 282
191 244
105 276
89 78
242 129
140 138
315 46
77 253
269 275
93 144
109 56
152 239
159 297
287 163
224 8
129 135
86 311
129 72
307 231
239 242
155 73
181 290
101 121
228 280
303 265
305 207
322 102
299 130
283 219
33 243
318 138
100 268
106 298
95 191
92 142
40 274
190 52
106 314
54 12
50 321
114 174
41 193
142 145
46 154
308 31
286 180
194 85
173 48
74 317
148 285
183 35
182 243
38 191
250 0
131 74
43 29
89 67
217 21
9 228
307 72
179 51
108 315
159 318
45 87
125 258
278 240
152 305
114 269
77 238
249 106
201 114
224 49
242 55
72 182
257 85
10 128
272 290
33 155
57 26
19 219
204 88
112 149
321 23
88 163
34 185
115 76
223 208
124 319
78 120
90 321
59 164
160 153
139 36
26 172
179 67
7 199
128 222
312 274
194 77
180 97
65 184
307 43
104 197
235 269
86 105
258 243
77 219
73 92
91 30
116 213
32 283
292 319
183 47
132 63
259 47
206 246
24 230
164 21
19 274
35 269
67 163
214 12
222 118
112 15
64 208
264 100
168 244
40 272
60 28
165 150
80 14
32 131
1 94
166 79
0 322
181 113
164 259
315 318
298 208
279 317
321 80
60 136
266 156
198 86
27 318
31 277
101 199
132 78
214 305
63 311
293 79
227 247
298 9
271 203
65 292
302 65
266 82
0 279
132 308
150 70
210 129
176 96
168 264
165 224
121 226
310 170
24 86
178 239
271 127
185 135
3 42
181 296
114 318
127 127
219 124
186 17
286 150
85 43
239 254
134 269
156 199
158 95
77 258
178 216
252 105
78 314
141 303
263 155
103 92
199 124
299 44
35 295
273 17
123 171
176 183
264 105
2 195
320 180
170 203
113 283
79 61
166 24
290 48
110 37
260 69
105 230
183 267
20 107
320 220
108 160
251 248
21 83
167 138
237 5
83 181
296 240
211 163
33 27
30 46
225 226
114 232
289 285
130 255
276 299
121 36
213 162
111 94
67 256
277 255
217 255
140 74
54 169
30 98
154 2
186 272
276 59
16 51
216 216
286 269
299 320
203 307
306 304
245 304
199 215
40 306
143 283
0 132
283 13
170 75
17 229
98 275
296 58
67 57
131 174
204 70
118 51
66 36
211 216
50 239
232 252
136 44
205 34
283 201
152 56
230 323
161 277
182 86
133 192
144 204
47 287
295 219
54 111
311 196
105 156
281 101
163 117
275 154
262 143
273 230
171 291
84 15
276 118
21 59
176 17
151 48
288 149
290 304
77 52
25 194
293 41
297 77
59 237
177 31
101 225
20 6
280 157
274 232
165 295
244 195
75 93
188 19
239 140
134 100
3 105
226 137
244 39
200 292
162 198
102 124
159 160
214 319
101 147
85 83
12 279
320 111
242 233
308 316
190 117
52 288
132 223
167 43
203 2
1 178
111 49
247 35
232 146
15 304
273 91
67 251
42 228
316 94
155 264
42 241
4 40
218 232
174 149
199 145
310 287
105 221
61 297
241 60
71 216
215 22
255 146
14 210
318 135
50 40
129 153
8 280
99 62
211 118
163 248
172 139
164 270
41 165
61 311
146 310
101 16
282 126
193 73
115 104
281 15
5 54
230 40
173 104
293 137
316 29
152 321
34 186
221 70
288 90
65 304
69 50
106 73
39 322
303 290
26 43
314 29
4 237
246 23
209 123
226 49
235 148
7 83
209 277
122 136
12 245
27 57
118 63
211 65
67 295
179 297
212 24
75 37
14 62
108 15
100 286
87 172
91 102
271 172
92 138
264 140
300 163
209 186
218 45
38 48
93 190
53 295
171 170
266 256
37 176
188 318
68 15
284 109
63 307
39 233
200 217
113 285
60 227
272 5
109 136
52 283
208 236
303 52
16 251
175 65
271 284
67 276
60 259
231 99
318 245
135 104
171 264
82 83
52 149
85 268
178 288
20 210
130 155
1 124
277 211
301 313
21 118
175 276
8 253
293 219
201 98
260 175
321 174
259 269
317 259
161 300
77 28
237 203
65 132
223 77
91 107
130 64
186 286
297 258
95 39
255 270
157 82
187 102
125 113
210 321
186 27
176 103
14 294
74 165
272 135
106 41
232 214
104 166
225 126
26 196
267 262
75 46
73 123
152 227
228 273
74 155
295 92
301 244
178 307
11 320
290 38
2 131
137 59
139 249
43 280
132 268
114 236
128 229
81 117
154 236
300 10
131 321
137 4
38 202
112 115
230 213
48 136
70 194
41 292
231 81
27 31
83 258
67 293
120 271
316 71
232 261
237 189
17 202
68 291
293 224
87 305
224 158
6 164
217 269
144 266
285 69
281 66
91 306
127 82
202 102
174 130
217 84
29 255
69 144
38 151
287 265
248 243
287 81
9 55
8 129
151 194
300 133
131 289
322 281
251 13
165 56
293 16
25 54
33 221
10 148
208 148
169 211
301 60
220 175
259 266
260 288
115 225
280 174
45 109
131 281
75 218
157 219
183 145
280 300
298 124
265 8
276 73
219 147
211 297
147 235
271 174
53 131
243 319
145 319
266 37
230 173
301 105
201 294
6 291
37 223
192 228
195 83
39 0
61 83
37 292
282 284
212 36
95 49
174 117
245 142
101 320
200 59
137 192
5 107
306 253
200 57
54 45
277 290
210 237
10 130
206 87
273 310
197 272
39 284
120 230
108 174
69 313
294 153
244 138
281 31
180 199
7 185
170 21
182 284
269 132
295 233
96 132
152 256
72 25
17 23
179 49
297 118
229 246
59 62
69 109
54 312
120 192
300 316
21 130
100 51
204 175
198 266
44 146
176 226
187 58
74 108
3 118
37 133
244 173
46 74
194 164
267 260
100 187
283 63
113 77
74 50
64 206
60 43
102 138
121 307
236 235
66 21
135 165
278 280
73 265
291 61
14 96
261 134
162 4
264 169
3 186
209 270
69 130
159 97
6 183
138 240
262 221
234 159
260 238
283 237
58 284
96 98
84 122
171 13
221 84
194 151
300 211
87 186
216 160
278 74
96 285
182 314
36 74
50 253
68 239
314 49
276 136
61 256
164 78
80 321
128 35
226 319
171 138
36 116
178 290
102 111
243 281
269 154
254 78
9 17
271 57
230 252
307 217
240 115
14 26
252 153
309 113
88 202
8 189
17 313
312 211
247 25
191 47
253 229
294 217
20 250
58 152
174 44
228 107
258 272
108 3
283 96
49 148
96 307
106 187
262 190
273 19
126 221
298 212
145 268
246 263
155 181
182 37
286 117
57 317
120 273
129 2
76 137
243 177
168 315
72 318
271 131
291 314
173 286
191 192
28 204
176 109
195 224
255 287
116 94
8 227
50 232
164 227
230 147
313 225
1 170
64 17
279 186
197 276
234 151
245 95
5 119
91 192
248 311
79 201
84 207
61 233
254 171
87 280
100 318
266 111
291 122
113 313
50 78
170 244
250 224
92 300
121 122
92 162
235 11
127 73
204 0
86 178
211 161
210 150
154 189
87 169
152 210
11 247
104 73
267 183
81 145
37 196
166 315
77 67
244 115
296 167
260 307
82 254
212 109
194 194
112 73
213 302
267 118
69 57
120 136
235 89
181 52
97 235
159 191
58 254
273 283
277 54
14 141
25 14
247 154
109 285
54 86
65 255
21 155
201 144
11 39
13 50
68 181
295 103
123 112
188 218
138 170
139 262
57 202
292 275
205 152
240 297
126 312
77 71
140 208
286 161
267 299
23 207
233 244
204 237
267 225
84 49
54 284
247 228
12 99
221 108
95 2
180 82
34 35
262 307
265 277
244 79
38 83
125 271
130 239
240 230
172 221
30 231
31 150
107 155
161 31
242 293
70 115
0 57
143 240
86 243
86 27
182 58
162 237
260 79
300 300
153 162
42 163
83 319
282 134
59 267
164 291
215 101
219 71
299 288
21 81
125 298
0 221
306 29
30 295
200 318
312 73
136 10
196 167
213 248
100 244
46 145
209 136
57 226
120 27
5 202
146 269
303 313
161 204
298 122
82 322
96 275
322 277
102 88
237 114
45 52
189 149
27 242
169 186
323 313
176 3
82 96
57 268
103 113
135 304
189 199
45 179
31 134
98 5
288 179
321 206
33 119
138 261
230 129
55 35
263 152
129 224
6 287
226 40
232 283
29 20
285 210
117 83
293 303
157 16
159 166
199 49
216 193
205 131
185 228
83 146
130 82
153 313
251 274
244 262
155 257
146 18
229 18
18 154
269 189
250 52
115 242
56 284
119 13
200 53
112 145
26 103
140 185
57 172
147 132
101 237
225 287
322 323
259 294
281 0
136 96
59 229
106 227
221 142
74 153
14 212
217 56
37 231
4 103
278 114
203 286
259 232
126 206
184 270
76 99
55 140
110 2
235 218
73 214
147 318
212 244
271 192
42 79
73 101
119 203
42 62
176 86
178 219
235 80
314 185
69 146
55 26
291 299
34 247
4 69
302 9
163 164
280 17
37 90
165 92
58 71
171 43
123 161
264 209
129 137
19 242
254 166
223 110
23 51
165 10
149 96
310 238
165 191
173 268
138 28
162 239
145 171
228 208
77 285
310 6
13 5
24 16
292 197
199 74
110 175
100 53
97 3
108 73
104 110
137 232
309 84
279 173
37 118
223 293
58 81
282 11
302 317
4 227
199 176
166 149
201 175
150 116
128 250
128 156
152 243
131 145
112 248
148 221
61 62
12 129
94 48
306 308
20 68
33 178
35 244
281 27
307 99
2 236
315 147
249 18
121 87
275 112
276 180
266 24
51 222
292 297
222 30
89 105
39 187
288 269
4 257
269 315
274 60
223 184
166 278
152 96
211 276
280 179
278 125
41 161
147 268
134 115
271 282
157 206
61 147
28 206
185 260
86 3
144 126
130 251
51 128
99 230
80 226
155 203
132 82
43 8
14 104
177 254
305 251
95 37
98 251
216 34
259 253
81 290
192 154
82 236
190 91
124 207
14 118
312 238
99 171
154 74
187 165
32 166
154 244
127 135
158 279
169 235
253 265
23 241
227 242
12 174
189 268
301 118
147 202
93 60
315 129
127 113
191 308
253 107
88 72
312 49
295 224
263 300
129 141
255 285
312 75
87 233
267 49
251 107
299 244
166 193
35 211
29 94
24 20
46 253
149 40
5 292
273 254
264 244
0 69
92 111
18 57
35 304
307 93
279 67
243 10
192 320
245 187
155 197
62 231
99 124
111 307
142 177
161 163
206 300
93 243
48 105
217 259
116 143
46 280
214 175
108 298
107 281
211 22
62 262
96 183
153 211
224 197
21 237
84 183
214 171
61 229
239 169
33 110
214 69
240 314
117 300
116 170
115 293
133 118
66 175
261 237
13 142
282 124
132 290
133 144
51 303
3 102
217 271
189 158
60 91
34 163
247 197
127 192
73 80
261 68
94 309
273 153
261 124
240 222
226 34
46 290
213 186
215 85
136 262
50 80
66 253
253 68
49 103
232 37
301 189
294 151
166 119
314 200
239 127
225 88
31 202
227 21
68 252
83 256
177 33
283 100
1 157
12 275
282 17
285 132
60 164
199 162
232 144
197 204
34 33
266 278
67 235
294 231
148 83
175 111
188 314
284 280
71 66
290 284
25 257
132 253
294 221
170 153
180 2
7 171
7 47
1 238
119 150
235 248
92 322
239 41
164 14
87 294
152 303
27 244
273 54
55 130
313 128
105 198
52 187
144 4
317 318
259 134
290 183
235 1
114 75
195 309
59 189
108 25
238 206
28 61
127 163
251 160
34 219
153 181
266 250
300 279
211 26
110 26
168 31
207 61
15 199
218 313
255 113
187 267
186 294
96 185
73 167
315 108
147 96
155 225
146 138
277 47
126 317
105 242
205 295
259 214
82 75
171 273
88 43
300 152
161 183
150 200
19 0
80 118
166 86
170 41
18 105
160 65
32 60
214 232
176 278
217 220
148 149
264 12
85 9
313 71
109 289
114 0
217 286
39 223
308 245
223 150
117 126
317 118
253 306
82 184
8 323
64 296
158 104
211 285
277 275
180 179
316 303
74 99
215 76
203 272
236 267
240 146
62 90
318 220
206 236
199 205
96 45
91 23
79 76
169 135
198 170
17 138
56 58
248 213
6 181
67 101
249 222
321 25
239 100
39 22
309 201
29 154
184 275
134 113
47 263
301 6
55 236
33 306
131 241
181 305
298 36
303 269
200 8
84 277
42 85
302 81
266 322
70 278
86 190
6 117
198 252
82 47
176 77
112 147
268 113
298 168
53 197
66 208
87 8
67 110
155 223
305 230
311 36
288 47
52 2
47 272
115 314
288 69
282 293
187 75
45 123
114 95
315 98
58 23
17 262
282 225
136 89
38 55
320 21
37 6
81 38
102 95
96 115
138 295
229 12
125 138
270 203
77 217
228 253
26 85
14 48
213 32
14 174
319 254
122 38
86 217
39 8
110 14
276 100
117 298
60 283
213 243
261 28
262 16
278 112
159 94
151 123
24 146
304 28
48 199
169 298
60 24
18 81
309 111
67 249
312 15
129 74
84 2
101 18
28 273
251 43
18 74
241 147
6 203
142 254
87 106
181 173
25 242
160 151
122 261
274 12
92 155
11 75
276 206
139 166
76 303
91 304
271 101
50 210
141 53
276 257
102 316
183 41
219 107
256 57
188 140
99 47
229 177
148 115
240 215
137 70
257 256
89 215
312 114
40 92
60 277
133 120
111 138
15 167
28 116
193 311
135 183
261 119
54 274
231 315
56 152
185 100
278 48
165 129
173 249
215 223
308 288
109 204
270 128
267 276
72 3
221 183
166 49
249 103
321 234
181 56
116 52
37 100
6 23
18 184
274 234
243 29
59 172
4 214
21 258
222 253
152 268
127 232
45 250
149 19
287 145
234 23
299 117
61 118
184 59
137 81
101 62
151 258
151 45
164 193
10 318
243 209
119 40
138 96
323 91
86 14
15 314
1 84
122 40
300 66
88 180
127 95
29 286
242 82
155 110
68 91
304 79
55 33
169 68
161 125
74 273
315 106
159 271
38 52
12 118
76 162
67 226
13 263
203 315
113 157
263 91
283 45
29 48
220 257
216 20
310 126
96 29
171 100
83 0
164 203
302 36
135 302
264 246
103 106
237 321
71 92
122 164
302 145
317 249
174 108
112 109
155 85
194 14
278 204
251 69
184 120
251 204
104 237
233 87
228 146
95 35
261 224
179 98
251 28
210 195
219 280
209 138
103 199
127 171
316 159
101 157
93 164
124 40
284 111
19 40
256 161
230 301
71 155
59 22
114 243
40 229
222 128
102 187
166 22
140 254
313 182
88 141
229 188
98 228
62 84
211 105
263 199
51 312
76 116
6 81
110 96
81 36
15 5
248 211
118 143
71 51
203 169
319 24
191 299
63 304
74 210
264 288
187 104
214 188
201 283
166 294
113 278
225 109
23 295
15 237
48 165
53 34
165 107
256 78
173 163
190 10
179 289
25 307
100 173
243 323
29 168
251 296
244 259
154 70
128 63
60 160
110 39
30 203
237 136
216 260
175 169
225 57
48 177
223 191
262 223
310 32
152 250
245 107
298 264
311 224
147 283
108 1
264 119
82 24
272 31
101 214
61 276
272 205
73 271
204 244
209 196
110 232
249 31
239 219
101 175
249 35
288 117
121 25
124 7
265 55
157 93
177 15
18 12
175 171
287 5
116 249
62 319
159 81
86 266
153 266
66 80
82 34
253 202
197 146
308 318
241 127
175 32
248 20
166 96
6 253
6 105
106 255
114 139
87 86
48 260
179 157
243 290
278 76
50 293
143 212
275 307
2 270
182 253
270 98
183 140
296 99
322 57
153 31
120 93
51 24
104 45
224 58
249 203
215 141
167 224
288 235
99 200
280 261
33 139
151 42
249 245
185 89
279 90
203 283
305 297
172 15
149 250
310 25
123 36
127 308
52 250
283 190
138 9
135 80
70 7
74 246
228 49
31 260
43 166
2 268
66 112
191 240
81 62
159 47
163 106
54 176
233 187
248 6
275 253
259 290
209 251
132 288
12 90
173 109
251 225
14 207
111 118
218 33
171 233
124 114
287 137
181 165
319 295
165 41
220 46
248 127
162 13
104 86
312 171
275 183
271 72
186 251
6 260
40 279
154 259
146 285
105 279
190 123
117 111
85 29
127 297
145 271
262 170
178 96
131 1
215 181
209 53
136 226
282 43
116 221
203 247
290 301
98 12
71 295
221 160
227 109
66 186
301 160
52 56
248 72
68 267
225 80
23 236
191 159
318 185
206 175
106 283
14 191
179 217
261 270
91 144
107 54
159 260
47 250
57 170
229 184
116 3
103 224
309 167
199 72
53 223
149 42
218 26
276 281
159 203
201 134
272 27
3 282
115 157
178 86
222 206
68 176
284 130
197 123
230 131
230 311
178 16
12 52
255 309
69 296
49 157
126 115
255 255
285 103
280 88
302 18
53 195
112 280
322 236
193 48
60 231
185 48
262 89
303 161
240 170
198 262
68 116
87 296
261 4
90 294
223 48
152 300
77 207
80 228
22 315
115 186
271 258
7 255
218 240
23 42
259 35
196 233
317 247
246 7
136 284
293 35
20 297
78 209
112 213
292 202
105 125
100 153
198 259
109 287
84 170
295 65
116 187
278 108
52 60
121 290
223 169
32 267
145 109
294 203
81 71
50 57
294 58
62 124
225 286
60 272
37 120
96 162
146 5
173 184
82 259
71 168
213 269
186 119
88 266
93 29
156 214
312 31
261 35
52 169
216 158
205 50
60 122
157 140
260 244
172 24
313 45
259 271
292 180
248 297
158 115
245 211
180 219
164 243
136 142
286 234
272 316
79 315
90 72
235 56
277 311
65 307
209 157
76 164
228 39
139 147
294 322
111 284
311 19
112 54
97 102
73 261
252 190
249 272
204 36
3 151
317 36
257 254
313 24
319 113
7 165
178 22
121 252
266 10
131 136
99 112
179 254
295 1
136 282
47 49
155 275
236 108
34 79
0 302
107 223
237 241
322 99
230 295
94 307
273 144
226 195
33 6
79 296
316 100
51 35
99 128
234 111
218 165
58 204
222 301
305 43
215 228
88 14
278 2
2 41
267 235
58 126
71 68
1 284
236 66
280 108
90 70
153 153
139 118
176 235
321 208
214 230
282 208
308 115
276 131
285 247
103 215
260 216
291 293
288 267
17 283
209 222
34 68
216 97
34 75
32 281
167 159
23 132
50 249
271 170
20 15
125 22
188 244
128 236
106 277
311 182
192 118
82 172
93 185
57 235
100 167
315 118
236 82
310 215
164 287
305 59
167 177
49 50
269 25
286 63
75 125
272 70
294 116
289 77
313 80
79 70
135 228
174 313
96 320
4 147
316 96
53 127
63 63
154 320
81 102
246 130
149 82
114 213
90 103
129 83
41 15
0 161
213 313
29 31
257 214
263 316
51 248
304 57
210 175
90 225
78 240
192 104
132 189
64 212
246 219
142 226
217 150
46 8
215 173
221 322
65 256
38 19
90 317
55 223
235 14
255 221
291 255
40 47
124 103
252 33
69 200
322 279
41 170
292 120
270 146
255 90
27 90
242 64
161 258
160 96
129 296
22 297
170 65
97 16
133 191
279 147
48 239
94 56
157 234
244 43
30 167
144 12
199 31
221 101
67 241
130 222
190 211
43 81
285 159
81 186
177 309
190 121
253 43
164 214
61 93
222 158
197 298
206 290
234 303
205 2
188 216
300 124
268 212
19 92
183 138
287 9
99 239
64 199
221 132
217 183
153 68
55 157
107 300
142 251
208 269
310 124
95 15
170 315
96 136
195 146
168 20
320 63
30 41
108 258
96 165
45 54
205 254
197 238
233 218
225 66
264 6
304 209
239 278
34 300
279 227
94 115
302 142
101 36
265 5
303 279
247 224
2 68
271 153
79 300
6 86
24 263
135 102
23 119
252 15
235 25
166 34
257 288
0 214
269 234
39 24
51 297
199 185
297 265
238 229
155 205
262 304
62 73
280 277
141 36
213 55
251 137
166 287
232 111
19 176
260 77
161 169
53 156
67 94
266 247
198 18
163 245
82 26
64 5
253 57
93 192
269 216
98 300
153 272
195 73
157 10
155 17
46 38
208 301
210 312
99 169
44 9
67 55
195 282
136 134
218 236
123 179
0 208
146 114
73 75
188 233
103 69
154 227
49 13
221 20
102 52
98 172
219 221
240 19
62 159
59 108
21 153
20 139
91 261
52 230
223 295
175 147
272 58
60 261
174 46
219 161
231 217
240 102
221 43
5 289
174 258
66 203
280 43
249 28
213 10
191 57
259 85
319 109
270 264
156 310
64 186
274 321
55 106
281 156
23 213
180 154
29 238
303 190
42 172
56 204
71 277
55 10
40 83
288 164
152 149
217 116
235 172
265 48
103 213
146 181
170 185
174 183
236 28
209 224
154 268
229 274
90 175
243 207
290 226
103 94
299 74
256 94
57 17
321 259
199 51
80 146
308 253
216 257
255 148
18 286
25 244
165 257
215 31
302 22
300 213
221 168
191 45
10 13
81 93
123 110
155 79
120 149
78 18
195 37
144 182
322 62
171 93
163 289
302 231
304 21
188 270
313 98
26 227
300 228
305 93
104 96
1 47
230 313
198 250
4 96
146 173
279 211
188 189
312 195
240 322
41 25
312 126
16 205
307 158
302 292
232 285
42 92
144 10
214 23
100 189
298 4
221 224
197 179
140 291
284 39
44 76
233 0
7 225
58 124
190 215
155 44
263 2
285 9
8 312
123 197
150 310
253 204
267 316
168 197
114 195
161 171
259 180
270 113
297 50
288 225
108 158
88 26
78 229
4 261
203 80
284 134
257 264
17 4
150 291
162 33
222 131
274 66
266 84
22 2
68 243
256 208
126 219
207 284
219 126
61 45
316 57
220 140
285 313
86 50
255 35
142 30
82 241
16 301
234 29
199 201
178 3
109 66
132 105
250 314
269 222
302 224
144 118
22 54
143 175
95 230
139 151
208 290
17 107
262 318
280 292
79 63
118 274
56 42
180 291
147 31
40 115
254 278
108 209
71 27
56 218
218 260
9 47
151 312
272 148
296 88
216 30
313 272
135 117
302 89
75 271
315 177
180 61
108 67
36 278
253 51
116 310
248 195
284 259
115 43
1 276
215 315
53 129
197 229
287 299
169 176
177 196
256 175
233 92
86 215
53 207
254 116
126 249
30 214
301 239
84 27
72 194
185 46
316 146
253 280
51 148
287 53
83 167
321 247
175 234
84 51
135 214
155 15
129 290
78 246
117 67
140 227
150 218
34 117
216 171
43 265
27 191
256 268
10 164
15 27
284 35
60 127
292 222
205 18
317 27
261 130
98 271
189 14
73 60
217 148
215 234
184 182
145 264
140 76
235 120
142 309
138 138
301 222
228 190
221 170
219 266
28 92
258 322
138 61
246 305
299 172
24 296
310 316
318 187
207 157
226 64
188 64
212 59
198 157
285 238
292 143
31 108
111 28
266 80
85 115
139 26
22 136
280 302
321 12
296 217
113 151
189 71
97 292
288 297
292 220
0 210
245 240
255 223
279 145
93 205
171 134
200 173
68 129
99 72
194 321
216 253
119 318
51 188
152 192
166 147
160 57
320 297
60 187
309 54
130 168
219 135
267 163
19 174
195 34
277 308
279 57
15 235
294 12
153 276
253 91
63 321
244 100
303 181
245 289
227 150
104 187
299 257
308 215
166 1
137 268
223 92
133 104
25 105
145 134
272 253
2 257
142 77
205 64
163 32
55 78
270 155
32 67
78 294
178 82
61 274
208 246
113 105
251 26
123 25
128 279
60 49
28 170
171 95
90 44
153 148
201 159
195 109
127 105
96 310
261 108
18 59
155 195
232 304
50 230
63 104
101 50
191 72
94 118
232 230
92 78
153 160
23 257
135 98
267 71
295 212
204 151
213 90
18 238
36 43
171 210
85 291
188 147
81 161
266 245
0 0
6 113
240 173
280 166
176 94
251 35
60 210
69 256
24 73
169 40
124 136
66 12
226 309
164 2
104 314
136 177
241 0
262 107
278 298
209 205
116 259
88 161
249 26
182 271
321 116
112 243
53 133
62 92
127 217
65 114
150 126
183 91
318 20
171 216
276 301
210 319
122 172
284 316
51 265
129 9
72 78
240 249
209 118
11 144
141 162
129 292
219 189
241 119
113 9
57 70
108 261
309 314
91 217
314 171
122 200
40 117
255 51
317 45
302 140
288 260
289 174
256 40
64 159
314 285
35 177
94 282
99 146
321 275
228 223
154 284
113 237
121 101
74 315
200 316
233 99
320 278
237 170
133 303
243 252
184 87
170 218
232 314
89 306
40 240
12 10
189 192
271 122
168 45
210 226
231 193
278 313
241 160
171 85
44 49
216 237
105 218
148 6
193 46
107 275
158 262
264 281
58 59
149 14
94 137
34 136
41 265
169 300
198 70
307 142
167 208
305 40
27 248
196 160
181 298
270 252
19 90
216 58
226 53
263 22
94 193
274 287
91 223
271 209
218 238
111 282
202 319
122 228
203 220
81 32
79 247
300 207
51 96
180 248
117 202
289 299
63 96
102 244
155 240
144 277
224 5
311 112
261 128
255 93
194 227
255 88
203 78
148 310
35 173
94 46
207 200
41 247
28 296
244 270
123 307
133 38
26 296
300 187
180 246
248 263
221 120
4 313
139 233
201 184
187 191
127 68
287 7
255 279
243 144
239 177
271 91
90 93
152 278
181 210
240 37
156 6
22 264
262 185
118 224
102 136
203 65
154 292
186 140
5 13
310 114
146 146
19 207
240 280
281 45
153 298
69 154
174 95
58 44
212 8
205 208
10 40
194 270
249 91
169 43
289 119
250 218
192 36
68 99
154 280
203 134
65 71
97 14
177 164
317 129
66 16
163 312
197 163
0 6
88 276
276 178
28 18
40 212
169 243
89 232
38 135
139 99
102 45
268 85
266 254
168 76
166 256
232 292
14 9
309 171
297 90
44 74
157 163
253 178
309 133
221 149
214 262
298 46
217 173
304 30
164 36
129 211
244 254
146 154
121 110
12 208
142 125
299 242
293 228
217 277
129 213
47 51
127 57
8 163
92 247
175 1
98 267
280 75
80 314
276 92
274 75
217 72
128 269
103 219
39 196
318 164
269 259
23 101
321 135
177 123
227 81
83 287
315 36
191 166
204 193
290 124
87 116
80 18
321 84
276 221
78 14
209 125
61 216
194 133
61 299
126 33
313 7
193 108
164 51
79 197
66 206
62 137
16 155
199 227
119 257
206 133
253 250
215 255
156 173
229 201
119 5
291 24
151 105
313 223
295 26
43 312
103 206
7 282
123 181
208 225
295 16
58 259
23 173
308 226
218 208
24 309
306 198
40 206
125 278
114 248
182 241
296 177
18 297
42 147
316 316
266 43
316 50
120 38
194 229
214 39
286 89
246 44
78 274
28 59
146 320
77 130
258 182
112 79
201 200
114 155
33 59
110 47
15 285
287 170
256 242
118 248
14 176
220 118
103 33
176 194
112 194
66 264
141 252
13 178
11 169
29 199
304 253
153 143
264 44
122 34
27 70
43 192
66 59
190 197
240 157
104 310
78 310
140 316
307 208
42 321
141 22
97 48
34 43
205 285
237 141
114 84
290 222
17 272
197 65
165 105
140 61
247 309
142 199
191 182
94 62
253 168
142 61
317 157
311 144
5 303
266 243
257 198
46 201
218 163
51 173
297 34
177 157
265 320
41 208
282 64
127 234
115 199
56 255
303 151
197 44
285 315
185 321
141 310
196 228
146 33
312 227
270 207
299 51
141 240
87 291
252 292
309 165
42 223
140 239
38 266
138 223
168 217
182 247
250 2
1 49
31 285
199 28
25 317
232 178
317 148
118 127
261 300
228 105
63 71
216 162
256 150
84 131
239 61
239 240
223 299
251 279
127 14
101 258
306 245
269 261
78 227
135 181
114 223
274 70
210 139
164 198
64 309
241 89
298 294
254 153
245 190
87 22
240 93
25 113
63 14
192 91
323 300
107 137
123 55
167 151
214 185
268 38
3 19
31 154
262 101
27 108
233 81
84 142
214 59
238 179
37 147
226 238
111 86
40 266
264 175
12 295
180 283
283 239
6 1
61 3
58 159
11 142
40 195
117 215
58 122
73 293
120 288
144 6
16 260
74 212
267 73
290 26
209 235
110 318
37 15
11 274
169 99
143 236
65 241
96 157
258 258
268 97
4 149
13 173
21 4
19 209
210 261
106 166
28 63
321 31
154 183
44 293
26 302
16 311
300 17
250 108
91 296
26 206
197 227
20 239
269 273
175 283
294 234
277 182
148 181
147 41
186 169
16 143
135 280
84 193
94 120
158 134
163 42
306 323
242 103
159 197
301 87
70 78
298 88
167 57
128 20
264 240
151 161
23 82
170 53
188 198
45 125
255 69
69 167
289 256
231 26
180 216
117 294
53 280
137 194
113 107
184 21
218 82
220 220
47 147
147 295
0 247
207 306
56 289
94 153
206 10
139 23
262 302
85 273
70 2
127 299
39 238
84 312
231 245
151 298
169 184
117 296
56 95
126 71
112 85
76 128
307 117
253 232
55 241
215 170
228 186
157 212
19 61
141 92
91 146
173 251
74 120
167 93
176 70
227 55
94 58
310 135
278 222
111 51
190 104
265 158
42 145
315 161
97 72
208 110
190 269
118 246
307 251
192 248
71 19
53 151
285 139
74 238
17 303
108 58
140 213
51 4
303 258
233 73
307 121
44 177
276 20
282 222
278 123
85 107
60 1
171 201
153 107
124 280
42 38
187 100
156 56
173 124
3 179
152 309
128 254
300 294
161 161
35 188
164 136
167 67
110 220
257 233
59 305
48 159
95 205
35 100
317 176
112 66
54 308
115 238
32 69
257 112
85 169
94 135
322 246
157 144
122 193
190 54
30 17
113 56
127 180
227 35
125 26
253 160
204 122
134 47
191 114
20 66
314 187
232 296
214 21
125 6
195 277
237 239
41 141
191 310
181 42
120 113
198 274
114 20
128 97
322 204
112 233
55 290
60 150
34 31
251 103
128 131
78 213
10 227
84 310
316 257
270 291
81 95
289 227
106 184
96 213
91 233
65 321
56 54
277 32
33 29
242 47
7 37
304 0
323 315
322 55
256 13
203 104
55 268
195 275
2 244
21 191
104 263
86 276
248 313
219 292
38 195
245 209
75 285
285 163
95 292
5 185
72 287
116 117
118 95
23 24
91 316
112 258
85 85
201 198
270 39
90 77
19 321
294 279
285 271
230 303
155 273
163 258
54 297
234 230
93 0
238 108
224 31
21 174
229 122
203 50
193 315
15 119
5 28
256 55
225 135
225 78
114 250
248 170
237 61
297 270
308 29
285 97
76 256
91 81
286 258
223 227
253 62
120 185
252 276
11 163
31 318
58 218
85 181
86 25
322 74
20 172
282 189
205 16
223 6
244 202
1 196
148 134
286 48
3 15
195 107
181 137
58 255
39 302
63 256
239 293
254 149
206 118
272 234
37 267
162 67
245 221
60 152
293 26
232 200
206 52
209 190
68 59
212 99
262 14
242 174
143 202
250 70
295 162
207 195
196 251
166 19
127 262
193 293
232 302
35 81
121 112
265 160
165 250
280 241
264 46
296 156
183 232
125 308
29 197
258 53
177 10
200 24
286 297
179 305
188 1
45 58
141 90
212 92
94 207
174 122
76 121
243 161
302 29
202 315
112 95
191 42
263 207
60 181
209 255
257 49
159 164
9 268
9 69
16 295
281 227
181 10
33 296
56 168
169 66
280 207
247 222
126 154
230 261
218 19
164 23
192 132
158 173
180 311
16 59
149 24
48 115
308 160
54 153
171 136
216 47
238 314
79 219
230 50
157 13
299 104
129 167
238 284
207 208
268 129
214 108
66 227
47 167
94 158
199 268
123 42
192 208
113 126
290 259
308 241
179 210
149 68
310 319
180 109
87 216
133 111
242 78
250 220
27 176
93 296
189 66
284 303
189 191
275 251
235 150
43 123
235 190
44 96
210 51
184 286
81 48
45 312
153 223
222 221
312 90
24 99
255 241
201 246
101 90
74 248
117 25
127 137
157 232
35 301
29 69
201 281
135 251
242 93
192 16
190 184
83 118
234 145
313 157
214 321
7 142
210 304
76 247
271 311
291 119
311 98
130 204
41 7
66 43
205 14
56 145
110 256
260 184
281 164
267 320
57 79
250 281
137 103
28 302
295 255
236 12
266 116
83 148
83 221
9 303
58 266
157 271
299 90
116 162
272 125
65 3
90 265
147 65
31 291
117 308
220 9
224 24
55 142
247 210
136 169
51 295
24 103
7 201
179 32
44 181
42 116
96 27
163 195
34 190
281 145
30 161
14 121
170 23
92 294
103 307
14 139
226 207
54 68
239 6
321 171
91 86
245 35
218 206
161 215
98 249
21 318
224 64
2 280
247 177
112 251
245 197
208 150
280 136
119 226
102 197
68 203
217 195
198 206
278 131
306 240
133 140
243 94
321 313
99 297
138 199
178 155
275 223
318 280
265 316
54 107
255 49
34 124
50 165
155 77
16 95
11 116
292 305
66 77
168 61
164 4
151 87
250 260
180 240
230 77
314 227
291 150
272 38
255 42
144 77
96 232
98 310
273 201
217 288
119 321
269 236
317 14
44 252
288 258
94 244
266 181
18 200
215 274
230 240
156 238
200 43
292 259
188 98
87 16
61 64
62 213
299 108
181 68
38 313
117 289
152 126
106 14
66 115
124 236
230 42
181 139
286 255
157 8
247 179
175 181
261 166
63 44
309 68
162 231
32 157
92 56
16 181
313 54
140 116
177 62
27 298
318 293
227 236
278 157
50 226
56 282
15 137
308 107
199 297
148 102
320 305
204 300
143 259
9 274
43 170
276 12
190 127
32 120
273 189
242 254
1 212
309 203
157 100
280 162
257 20
303 271
277 129
260 189
118 295
185 284
7 45
49 69
251 196
234 228
86 130
255 300
250 124
3 238
267 161
181 50
20 282
258 83
53 193
66 180
104 316
109 265
74 118
242 121
152 248
11 280
60 60
186 117
246 312
210 99
21 299
312 6
175 185
249 139
30 207
105 170
301 296
24 234
232 12
204 144
213 79
56 266
139 187
247 18
247 16
137 6
104 208
297 315
54 225
140 125
114 39
93 110
163 124
108 266
144 308
172 148
103 125
52 290
174 210
58 242
83 285
42 111
304 19
173 234
137 57
1 263
306 41
180 57
118 263
302 147
245 81
69 162
164 175
288 243
107 186
211 218
290 36
57 163
206 120
282 198
62 195
86 264
169 63
70 75
286 193
140 294
316 31
0 8
205 312
310 30
239 199
46 152
193 9
99 55
62 309
249 43
113 122
178 256
295 76
216 67
316 242
142 307
137 148
307 179
297 45
274 197
276 232
34 254
311 60
130 253
63 277
318 298
183 180
131 33
74 269
107 256
283 159
59 148
284 55
69 309
111 53
283 81
300 36
249 279
58 95
233 190
5 225
73 107
259 196
94 248
252 246
252 55
172 137
172 81
281 200
190 119
195 43
185 266
54 90
289 50
199 100
163 130
90 40
309 156
17 26
195 93
45 18
267 67
267 197
323 283
206 212
246 187
15 53
119 231
213 307
183 260
312 186
231 291
186 19
127 215
145 275
169 10
139 0
117 314
76 241
110 41
24 261
259 264
237 245
148 151
129 169
69 105
267 199
312 183
31 119
159 10
55 278
311 275
37 322
241 156
198 172
125 174
267 216
38 50
266 280
53 242
313 47
29 257
67 285
33 241
206 177
129 15
18 223
5 301
166 58
253 316
20 316
73 12
58 142
157 28
273 11
34 275
304 196
160 115
135 275
214 37
227 123
237 112
310 15
322 134
122 195
277 234
223 243
219 183
17 91
120 194
175 209
140 308
97 237
294 226
229 110
196 129
146 126
115 141
224 141
271 28
304 81
164 49
114 78
214 161
262 168
104 152
297 132
1 92
293 39
159 219
128 264
322 70
4 311
48 163
131 306
89 187
176 211
213 100
298 170
24 118
143 275
322 219
114 148
186 227
278 256
138 73
18 258
252 8
310 74
92 297
186 29
233 60
3 231
27 316
159 39
17 285
263 173
57 34
23 151
283 128
121 49
7 197
279 164
230 283
5 79
23 215
231 166
179 165
135 128
277 186
53 78
186 317
50 16
51 319
243 105
302 169
159 162
267 214
144 143
228 128
27 55
51 271
288 106
146 200
264 217
216 285
103 295
167 98
240 125
74 103
40 85
210 137
37 319
170 178
306 45
265 215
192 214
215 119
306 189
100 111
63 12
219 259
219 1
254 293
43 114
112 253
103 15
240 299
37 317
33 252
144 177
194 259
53 47
313 105
76 239
305 72
67 281
42 279
55 134
199 84
100 250
228 271
104 34
219 83
160 298
80 318
214 215
121 42
302 315
89 283
162 302
270 293
115 278
266 65
30 255
52 190
33 188
275 87
58 136
291 75
264 161
39 5
31 68
71 192
92 126
177 173
134 282
199 40
216 32
293 52
117 276
161 206
127 152
258 293
183 159
166 109
32 137
316 92
34 265
234 147
33 249
184 250
291 17
299 106
154 108
239 270
19 119
164 303
299 71
122 188
143 215
193 105
40 108
264 153
11 229
103 75
244 53
141 123
117 43
106 311
135 316
110 4
322 232
181 176
137 297
220 255
236 178
219 312
306 288
217 43
240 260
11 267
62 181
77 64
21 243
20 109
188 77
185 277
206 150
34 8
281 19
76 15
219 69
302 228
229 126
316 188
283 282
138 75
148 147
152 311
202 0
62 48
115 125
100 260
154 270
16 212
205 195
31 308
81 182
205 89
152 314
312 323
275 284
47 19
248 152
75 64
148 320
274 93
280 290
263 55
284 85
16 153
295 242
8 305
179 196
107 56
116 139
293 232
46 85
233 120
133 314
133 305
148 117
134 212
282 210
136 162
187 323
20 286
238 65
139 82
278 0
304 183
73 193
63 220
220 105
3 157
131 205
51 167
135 71
150 67
75 296
314 194
265 50
14 272
283 10
158 153
173 115
94 41
192 22
23 4
298 195
51 305
5 187
13 303
295 136
237 269
88 143
98 256
118 310
54 59
2 60
134 11
62 82
276 246
131 47
103 229
1 315
112 30
40 181
190 247
75 307
118 152
169 199
213 13
303 154
308 301
175 63
313 258
213 34
215 214
50 212
163 126
233 57
37 228
10 35
30 130
252 6
40 245
211 235
54 310
317 78
170 277
305 25
47 233
58 144
120 314
191 146
185 117
120 222
267 301
264 23
86 171
27 236
211 10
249 63
64 85
319 137
30 152
148 43
152 185
131 143
201 286
228 322
26 16
248 271
245 68
168 279
185 50
173 96
262 175
83 71
27 2
136 269
269 115
6 313
110 234
246 42
39 17
228 73
211 270
234 314
156 125
54 57
230 171
2 97
101 201
77 4
39 153
175 84
239 181
233 35
39 290
52 307
24 182
208 174
54 265
14 94
97 273
141 166
310 293
130 166
159 27
215 294
123 258
109 260
236 6
68 77
154 171
323 135
40 18
68 207
255 67
319 22
18 79
70 191
254 230
129 231
252 170
155 212
11 73
85 220
250 45
250 15
29 3
280 323
232 234
42 182
189 74
213 107
35 277
143 293
61 32
157 217
97 147
98 114
300 161
314 262
142 3
193 286
53 248
151 307
169 219
308 76
145 50
275 145
236 8
48 7
126 190
77 156
138 313
38 117
233 103
305 200
177 306
230 279
276 239
290 179
90 248
217 0
41 309
110 212
21 284
69 311
273 292
74 2
74 135
202 207
170 265
81 238
264 111
116 274
300 21
68 274
29 284
171 110
119 65
168 165
161 249
206 70
246 132
197 128
142 182
29 58
310 9
224 220
13 119
64 181
306 105
205 199
253 103
143 271
132 292
214 159
300 141
125 234
251 206
156 230
27 112
171 271
152 155
264 107
220 205
134 81
174 222
274 77
178 68
163 68
100 26
225 298
28 153
307 292
280 268
318 223
35 306
259 292
236 287
274 252
252 124
303 199
39 262
192 284
319 96
102 37
187 167
28 195
57 216
26 246
265 64
284 136
166 152
154 0
90 89
111 116
84 236
97 201
166 292
53 188
15 224
53 292
61 307
196 300
162 15
116 41
20 260
45 286
155 193
192 250
137 166
293 59
138 259
133 77
234 12
67 306
242 116
179 7
134 106
75 208
314 5
288 120
43 77
35 60
155 322
241 62
320 218
90 143
248 172
55 128
231 232
27 148
28 187
118 4
236 23
22 211
150 242
293 33
84 275
227 192
17 93
293 61
175 120
167 210
151 179
84 303
264 181
238 46
263 171
283 164
56 56
125 162
179 111
116 8
323 275
115 129
240 311
272 1
49 251
288 49
59 116
272 137
126 75
131 139
28 88
280 104
3 153
240 292
53 92
62 273
269 130
304 139
99 205
219 185
277 101
317 80
1 43
261 290
134 64
54 88
184 147
261 177
299 314
21 122
52 199
303 226
156 183
284 105
117 14
190 217
167 195
203 183
146 266
281 68
119 299
33 292
278 34
264 75
119 297
176 308
182 251
50 38
172 172
43 164
55 317
154 95
286 232
76 293
319 79
42 83
175 115
246 128
133 34
233 171
73 23
280 52
8 56
297 263
5 166
264 138
144 200
88 148
126 59
218 106
287 85
112 75
69 65
143 161
307 314
250 247
291 303
10 2
298 24
17 130
37 58
231 168
142 34
260 312
244 9
61 189
143 50
126 81
270 30
53 158
215 1
99 49
140 28
68 30
307 111
157 142
130 279
242 321
253 126
282 280
70 140
189 58
278 30
137 183
198 30
142 15
119 309
6 189
279 201
261 215
253 224
75 91
302 212
145 140
311 239
45 309
107 246
264 298
107 286
77 236
247 269
172 188
125 49
140 322
113 192
122 149
23 117
