251 306
241 95
128 34
226 323
25 183
286 148
235 112
83 240
95 60
277 315
35 102
136 218
143 186
3 27
39 99
254 276
141 14
2 53
268 218
73 105
92 207
42 294
145 19
207 152
150 210
6 262
28 16
34 290
86 142
54 179
1 282
98 308
228 262
160 281
278 232
304 198
262 206
146 13
319 186
186 311
41 101
108 277
47 270
142 127
226 90
128 154
303 10
104 98
32 40
48 19
114 108
3 255
265 198
61 46
73 48
249 242
28 113
215 304
154 238
290 193
181 48
161 69
67 106
169 209
138 107
312 260
51 25
74 150
195 195
240 65
276 242
203 194
141 289
148 33
42 1
216 107
312 116
41 238
204 43
46 261
137 299
238 195
119 91
14 51
158 58
65 19
58 197
244 175
277 155
123 184
38 206
30 198
190 277
189 78
248 305
237 208
316 34
243 148
277 111
280 222
228 269
240 129
110 89
193 323
61 103
203 130
128 220
50 310
245 206
322 303
2 104
323 234
67 237
117 62
305 266
121 196
177 84
0 205
263 4
208 312
60 124
60 158
97 260
65 57
181 180
264 54
183 306
82 143
279 175
146 116
5 17
218 175
185 323
307 123
13 193
276 208
309 122
98 266
13 89
59 77
289 75
99 174
134 176
25 229
104 9
284 297
320 232
165 186
199 287
131 302
254 33
225 199
36 5
66 38
280 190
162 137
16 281
146 112
83 185
0 4
35 273
300 209
143 21
273 306
277 116
283 162
307 206
231 11
293 65
323 12
34 5
155 233
251 264
190 227
246 53
307 104
89 52
151 114
318 234
214 317
312 188
194 319
266 75
281 181
282 136
231 1
23 259
283 132
195 177
68 174
231 110
116 45
145 281
67 135
297 101
190 134
166 17
98 285
195 238
123 178
131 140
135 175
2 39
24 134
291 174
150 177
260 191
243 118
304 268
168 78
26 279
70 218
68 283
104 281
51 234
13 223
133 49
274 135
279 292
257 114
88 94
287 166
18 6
102 166
230 143
169 289
191 106
137 90
261 102
273 6
200 26
95 283
184 240
207 229
141 115
202 145
157 171
266 6
220 166
271 305
317 253
76 195
111 203
9 45
148 248
107 171
17 61
236 196
0 126
287 199
155 261
288 78
267 154
294 90
200 158
309 296
242 138
129 160
179 125
166 94
198 147
275 255
251 91
82 170
83 321
286 102
305 61
197 126
320 256
90 257
263 215
142 49
236 79
50 154
53 70
241 123
291 224
295 27
142 305
126 87
124 283
65 295
275 110
87 44
321 14
135 148
286 83
195 32
187 30
4 86
28 65
198 61
129 191
265 45
288 66
79 131
87 74
297 179
16 270
133 242
294 240
5 216
5 239
154 19
15 19
322 127
302 63
56 8
29 96
262 239
73 289
293 122
269 27
299 281
263 183
168 277
203 294
166 51
312 264
237 25
283 207
250 297
322 5
61 167
48 212
63 274
300 8
80 83
80 137
294 139
169 195
27 130
266 252
132 100
51 301
208 81
100 323
101 206
28 193
57 48
42 109
308 239
96 228
168 1
154 33
35 224
83 253
123 294
13 213
242 101
14 311
36 216
222 133
14 247
70 138
48 107
6 305
269 67
105 7
86 126
173 299
308 91
52 311
299 240
230 288
82 264
275 84
214 241
179 10
70 28
188 79
45 203
292 94
36 66
297 260
73 227
218 127
200 221
221 296
117 312
228 310
323 294
319 37
201 307
138 126
230 199
266 241
231 75
164 293
66 14
320 238
92 166
298 128
144 269
254 4
1 219
307 25
180 147
317 98
152 319
176 237
199 19
5 179
67 108
124 47
154 302
17 236
189 87
182 82
315 240
213 199
156 103
152 281
55 172
214 44
31 70
13 277
56 24
76 314
46 25
37 233
172 102
96 124
22 260
28 252
200 245
201 78
249 226
215 29
110 54
308 303
220 281
84 202
137 198
33 175
298 142
203 13
196 140
201 219
125 281
237 297
190 144
206 37
107 177
64 320
70 117
253 308
241 162
161 282
322 48
115 215
154 204
76 295
130 248
157 161
291 2
26 89
112 1
117 27
108 167
20 129
105 62
12 126
313 169
78 129
269 162
91 209
94 165
266 227
47 117
297 109
147 282
243 96
139 261
298 181
102 306
56 315
51 77
223 143
137 205
64 125
295 78
237 14
71 30
297 143
273 173
73 88
43 243
318 127
85 234
0 159
197 92
140 181
293 250
238 142
314 33
285 257
293 78
270 235
152 70
263 320
318 218
178 88
218 193
51 251
131 92
322 262
286 267
9 3
212 160
63 215
254 39
30 43
119 68
175 42
238 70
74 294
149 72
184 262
128 140
54 55
80 208
218 257
4 188
233 149
283 279
73 76
2 95
131 50
39 15
56 114
170 148
244 273
97 205
303 222
299 259
313 22
44 41
121 275
141 160
150 92
156 243
220 252
79 284
168 24
160 22
115 92
242 261
8 127
233 90
12 61
107 229
3 248
239 295
30 120
94 219
235 91
304 104
229 175
222 251
179 198
74 287
9 39
204 221
217 275
155 301
207 221
168 262
16 82
193 309
116 84
121 56
174 106
11 50
302 114
205 283
219 133
95 211
192 53
182 147
268 246
123 205
109 308
277 300
82 103
172 182
43 72
78 16
249 205
310 69
282 220
156 135
3 293
195 45
311 156
266 120
71 220
241 91
194 284
34 77
293 18
191 257
191 186
189 151
21 39
308 290
84 82
23 205
55 94
75 106
77 312
241 158
126 253
242 1
201 215
139 21
154 29
302 188
205 272
8 1
216 313
162 227
291 253
52 224
54 43
309 312
81 85
20 299
234 7
12 184
156 18
39 106
143 173
108 318
156 149
102 153
137 315
309 247
60 81
259 39
294 201
76 287
221 53
160 34
203 112
291 306
31 7
316 165
142 273
253 85
9 109
116 74
313 35
316 172
160 279
14 275
261 26
319 259
104 305
29 217
170 25
286 120
286 135
228 320
182 312
255 160
231 56
258 95
95 290
96 193
185 145
55 65
191 199
114 144
162 2
130 24
109 186
176 149
96 23
155 112
85 124
227 197
300 38
171 56
159 113
235 188
305 117
292 273
195 301
75 6
274 187
132 80
218 115
28 231
76 273
128 125
135 220
170 197
169 216
139 2
278 136
237 279
174 236
250 30
265 196
161 275
23 180
22 138
130 17
192 95
195 22
233 270
90 202
236 237
44 94
161 116
117 186
69 177
188 28
15 165
291 59
235 246
293 292
34 66
215 276
119 205
169 168
168 12
12 0
40 201
113 297
81 154
87 67
16 145
275 309
247 185
216 206
265 260
170 176
85 192
137 42
121 309
274 199
42 143
114 18
306 300
8 112
294 186
219 94
155 145
34 61
239 320
155 51
32 76
249 126
122 116
296 169
84 8
193 282
80 93
85 284
167 154
11 63
233 180
243 120
16 63
73 19
261 140
249 16
79 32
322 97
121 183
51 194
55 28
186 205
41 168
32 33
260 162
42 245
148 145
231 121
272 112
211 6
320 61
262 281
30 88
286 178
162 278
178 25
301 241
254 124
89 147
232 289
113 153
31 163
243 91
24 223
140 225
173 94
271 280
314 0
268 99
15 49
293 184
171 146
63 3
206 72
18 25
177 192
89 173
171 288
62 196
154 277
196 149
203 185
29 90
55 276
149 194
288 183
83 116
281 262
55 263
244 158
25 24
57 318
220 62
271 41
146 16
280 20
59 250
93 245
67 266
250 6
245 178
299 102
94 156
199 308
259 320
253 301
6 256
158 102
89 24
193 38
128 75
139 149
102 115
268 220
89 64
67 304
232 182
38 262
71 176
95 110
23 190
136 164
252 108
231 269
249 136
232 101
198 299
129 22
180 175
44 311
49 11
171 317
253 295
273 285
278 162
231 322
62 199
243 77
299 195
208 209
114 267
17 151
284 261
7 273
155 93
125 41
243 140
253 197
71 87
314 304
148 8
98 80
116 128
171 242
76 228
71 199
167 136
32 50
48 216
46 136
57 257
0 63
137 137
259 125
179 63
22 142
103 200
222 245
107 279
209 97
306 271
16 25
236 56
35 108
153 144
211 187
24 278
185 69
283 140
313 107
113 295
198 63
134 291
153 128
36 255
162 135
206 227
73 216
246 82
86 42
254 54
229 124
36 76
94 228
179 221
290 257
50 18
112 89
27 134
195 166
211 101
103 252
316 167
45 32
208 249
103 231
265 22
311 172
81 320
106 122
41 243
234 182
69 107
143 52
194 222
300 171
188 120
280 209
105 295
302 283
276 210
293 242
241 234
119 259
160 67
163 229
229 132
13 171
13 162
244 130
228 240
108 148
17 224
166 99
237 243
91 167
242 38
297 292
21 157
297 285
172 111
155 241
306 151
87 278
36 253
59 79
103 217
302 173
196 254
46 116
51 243
226 240
216 69
90 91
291 282
292 109
295 256
194 16
35 240
175 104
133 10
161 296
221 13
185 139
219 117
26 166
97 212
247 68
38 13
271 275
48 70
153 173
21 151
76 45
179 299
293 111
45 134
301 281
238 19
254 147
316 190
189 312
255 294
275 311
58 211
299 100
252 262
155 143
202 317
37 276
300 169
148 94
226 223
294 197
315 215
89 149
71 23
175 228
262 187
18 152
15 214
12 131
217 214
56 44
309 173
176 121
19 131
306 242
284 221
199 295
146 84
4 271
282 35
126 117
88 264
185 67
204 146
125 269
311 67
316 192
255 122
246 242
39 231
78 118
301 226
152 141
88 32
99 4
61 323
61 180
195 231
108 231
279 102
28 210
271 247
138 116
225 311
320 143
300 4
108 184
181 245
243 267
58 49
189 182
233 2
94 4
159 13
37 225
24 195
18 197
72 21
4 23
262 217
111 104
73 184
247 220
110 297
85 289
311 142
245 93
228 41
309 52
150 22
189 89
79 56
263 25
207 117
19 124
16 97
184 313
157 230
227 127
273 78
154 300
32 65
66 211
245 307
248 186
39 251
234 233
115 160
154 229
250 4
105 200
237 7
74 263
207 17
218 86
15 262
323 227
45 60
127 142
257 146
217 188
269 144
300 165
227 79
68 66
119 217
54 80
288 201
134 9
249 197
316 138
284 312
101 295
233 284
197 296
61 30
54 105
142 291
312 39
181 208
220 231
93 314
276 162
318 34
110 148
121 68
304 249
22 149
115 299
301 162
69 294
193 291
2 313
65 291
154 246
211 108
64 15
204 11
38 92
223 196
135 143
273 72
36 300
35 220
157 319
37 174
215 16
29 233
127 230
139 237
285 239
23 271
41 34
236 49
259 177
114 164
41 134
277 127
245 310
203 191
205 29
145 142
253 248
295 86
168 274
18 144
66 84
234 235
213 246
128 123
268 101
101 25
86 52
254 210
255 151
39 193
201 64
281 41
262 298
21 216
271 17
225 62
193 44
172 256
157 80
237 217
75 192
273 169
141 1
140 168
104 136
210 257
315 80
156 269
31 28
252 294
154 231
28 34
35 217
173 181
182 74
20 82
77 254
290 172
139 124
129 241
16 222
270 309
97 78
230 60
69 90
217 2
259 13
31 109
167 33
260 132
235 322
30 64
115 127
152 296
172 231
192 258
137 40
103 17
212 70
14 98
132 176
27 132
237 255
78 203
40 224
314 306
115 240
293 141
123 5
42 206
307 200
319 205
38 315
25 111
118 12
198 94
261 126
211 90
222 106
47 145
270 37
96 155
28 180
224 134
210 110
134 119
273 41
29 134
210 300
199 33
57 77
75 197
206 210
204 91
163 300
207 254
322 181
230 71
127 271
221 116
63 242
247 95
22 73
212 175
257 313
59 257
122 170
83 63
112 256
108 188
152 169
154 57
124 116
139 63
16 47
278 277
190 271
286 68
77 197
233 52
279 116
41 126
204 81
150 134
200 62
208 154
244 232
226 307
112 20
93 80
105 186
193 238
288 180
149 132
243 204
233 153
62 165
112 196
227 92
175 15
306 302
37 280
314 100
89 234
177 114
241 137
204 210
223 56
208 59
221 95
189 142
127 240
72 161
247 22
134 109
147 249
53 139
242 280
25 277
198 140
129 300
319 207
167 107
321 109
176 256
251 62
16 140
315 27
209 218
30 205
304 170
182 157
35 196
52 232
4 61
193 83
16 197
219 149
293 149
19 34
99 34
309 162
234 79
155 147
279 41
296 47
66 239
75 243
308 169
63 34
45 294
154 149
235 170
306 91
146 167
305 264
150 254
217 223
223 225
114 41
100 252
64 263
56 177
299 296
67 131
175 163
302 20
219 85
133 98
276 313
276 225
21 91
59 104
185 52
304 23
30 261
13 106
267 63
62 211
45 19
74 37
212 315
67 79
222 152
59 45
135 267
16 105
222 10
282 106
102 120
188 122
236 205
249 295
159 41
43 194
286 260
206 288
7 55
188 316
173 232
227 88
10 275
309 99
145 202
140 304
230 97
6 237
93 36
52 209
195 131
202 143
287 236
145 63
136 8
322 114
0 312
171 240
156 74
123 151
136 114
54 282
161 47
58 244
275 18
313 118
178 282
28 42
200 156
317 136
70 257
201 112
240 309
309 205
42 230
292 37
197 268
151 31
136 271
110 74
160 20
49 228
13 292
156 262
59 252
253 192
192 177
305 292
219 282
74 25
196 127
243 80
218 157
275 68
177 64
57 103
29 208
196 105
186 1
262 245
128 17
67 254
238 204
58 8
252 310
121 15
198 9
202 132
147 15
276 75
134 45
76 47
243 302
257 177
6 97
42 180
6 68
174 259
232 212
140 199
243 99
275 137
2 261
72 165
67 167
229 150
207 302
51 156
321 35
191 157
275 46
288 194
93 14
107 205
276 247
91 245
112 266
219 168
126 143
250 101
175 306
77 305
140 235
301 51
27 229
2 62
72 9
146 136
24 265
200 102
298 266
245 144
191 246
282 302
161 196
59 10
78 171
282 85
248 281
190 229
48 155
316 135
286 100
128 190
140 241
108 176
27 198
221 134
119 290
248 24
14 221
84 25
320 98
29 212
255 177
166 189
2 72
12 211
11 89
0 182
228 78
177 98
28 44
112 318
194 233
281 50
47 177
27 168
24 225
293 82
294 156
184 93
229 134
313 143
147 264
184 28
190 249
69 205
20 322
263 135
71 184
77 126
87 84
193 23
228 312
152 245
101 145
40 41
153 48
118 163
248 70
204 132
130 281
84 127
241 99
42 10
110 150
179 65
167 59
179 84
212 318
321 254
215 248
100 300
6 170
14 245
0 71
145 296
116 236
222 141
237 180
13 100
8 271
87 6
124 59
35 134
98 70
133 62
284 4
124 76
203 15
191 38
295 138
168 178
240 262
290 248
248 137
78 319
142 277
21 89
112 270
201 50
185 306
12 310
105 14
135 273
244 82
185 103
265 73
131 15
120 207
41 220
5 115
314 114
244 127
246 9
98 63
44 116
117 204
322 7
253 287
256 76
181 38
308 243
140 148
125 295
289 313
208 227
47 251
209 247
86 278
92 219
185 191
277 113
316 255
147 312
18 205
73 52
263 177
280 29
254 162
261 2
129 50
261 223
85 256
243 137
100 123
264 188
170 187
179 173
314 219
296 259
190 282
53 171
48 121
3 30
232 58
189 12
248 14
83 36
141 320
44 110
315 157
4 98
12 206
225 150
294 94
176 321
221 73
203 17
6 235
51 281
131 162
201 18
229 270
134 253
12 8
244 250
169 56
24 75
99 320
117 225
42 307
70 67
207 89
12 272
287 206
305 190
131 10
101 28
119 111
188 127
308 323
248 62
113 87
305 86
292 67
105 154
198 159
184 294
157 321
130 308
234 213
309 294
87 29
13 225
252 320
47 72
1 136
67 204
14 237
246 69
35 222
120 51
236 110
14 201
198 42
150 216
114 158
92 46
125 204
285 144
316 219
12 114
192 270
46 198
230 2
159 193
323 153
52 211
135 156
310 116
178 75
81 221
287 271
36 51
187 113
195 75
189 243
311 1
57 107
289 303
238 163
122 198
126 100
138 141
12 191
259 127
284 211
231 46
204 69
317 216
78 256
237 80
181 130
222 223
12 101
220 2
284 83
131 224
112 173
20 55
88 225
205 197
39 87
191 293
227 121
256 272
155 271
309 143
188 105
294 258
137 36
55 319
138 203
189 0
323 151
22 273
37 85
103 9
97 149
229 131
166 197
163 173
135 163
295 268
124 34
82 222
96 225
184 273
282 147
320 245
305 1
188 103
218 187
84 242
7 3
200 136
218 294
223 79
168 42
184 252
231 36
3 246
290 321
152 124
52 246
175 156
73 86
18 142
142 242
130 52
264 223
171 67
253 226
296 181
105 126
6 53
316 305
182 155
322 110
319 230
13 54
189 76
18 252
34 159
305 122
116 164
239 89
68 201
257 286
228 90
272 123
313 316
222 50
133 72
257 35
182 182
269 29
108 42
300 64
169 272
211 15
148 217
43 204
229 272
105 146
140 306
13 164
80 233
314 55
303 248
183 296
108 27
264 255
100 256
294 305
182 162
161 124
248 1
163 205
115 25
215 18
156 58
21 241
295 154
22 310
13 116
261 40
249 68
6 4
36 262
184 85
150 244
295 50
187 90
204 255
232 172
78 108
193 119
109 23
72 308
112 139
12 35
301 311
78 146
251 51
167 249
134 43
8 41
197 309
89 217
189 266
237 220
39 275
316 217
185 57
79 308
63 36
90 236
124 199
192 312
229 74
189 147
46 181
249 315
131 191
156 95
244 146
100 80
51 98
18 311
183 149
165 226
206 45
79 110
292 124
12 24
46 143
251 227
85 286
295 101
209 253
322 10
131 304
169 201
227 311
141 237
297 43
312 149
309 50
308 163
114 37
218 70
186 319
40 308
265 182
117 65
140 215
47 289
27 225
187 193
202 196
295 179
187 225
160 181
60 195
194 123
38 57
193 79
316 20
114 221
192 184
86 132
56 92
190 64
106 231
252 158
313 82
106 167
113 137
284 314
102 308
55 144
250 33
106 261
195 240
320 182
92 76
46 265
293 145
297 134
259 0
39 310
85 117
89 87
227 206
292 32
269 169
268 292
253 211
304 144
274 241
317 107
215 322
259 93
292 296
135 35
307 181
195 226
40 49
119 42
216 297
285 46
121 4
254 6
221 197
227 221
193 93
118 148
191 55
168 47
22 252
152 291
195 299
130 207
121 66
213 117
194 95
165 43
2 70
79 312
251 114
190 225
318 289
214 81
176 319
31 273
310 158
295 18
216 232
303 8
114 23
229 206
199 183
62 151
302 198
129 298
320 0
115 295
242 142
162 308
237 168
268 290
114 162
180 4
2 278
228 103
28 32
173 253
39 121
35 15
316 127
87 180
225 54
243 89
97 214
273 29
146 110
215 57
112 46
102 239
302 4
221 294
201 100
148 219
275 249
178 320
101 218
115 312
130 0
218 28
162 181
53 10
153 257
113 180
1 245
284 148
77 276
17 200
272 292
202 245
287 76
168 80
94 250
33 304
65 35
165 68
167 235
323 172
310 154
176 67
269 198
80 256
288 304
114 96
177 125
21 193
36 83
264 184
302 152
92 249
195 85
52 39
119 165
227 62
154 311
239 136
201 73
298 206
11 69
279 92
109 182
56 243
32 162
158 282
174 308
61 305
216 212
209 207
64 81
309 82
123 288
163 129
202 285
243 107
176 155
20 154
322 144
125 300
38 301
237 227
85 149
302 210
35 26
226 321
257 266
48 197
283 98
171 174
136 314
137 105
196 94
226 272
12 55
246 195
25 101
250 171
70 207
309 1
75 127
32 5
169 151
17 39
232 71
156 259
160 239
56 184
19 237
275 292
298 72
265 26
57 122
212 40
315 259
203 209
36 56
22 20
149 101
280 26
50 302
24 166
139 161
136 150
159 237
75 52
165 25
265 115
28 150
237 134
61 214
19 284
214 194
260 83
184 197
296 213
152 33
228 142
55 203
12 141
235 271
278 206
60 266
101 169
102 93
132 243
91 186
306 27
27 18
56 159
173 171
98 137
74 307
107 288
29 243
245 302
15 46
120 224
183 22
50 259
13 261
131 202
176 312
144 210
245 176
118 316
269 224
218 284
280 149
23 53
207 134
280 126
320 299
9 37
72 163
221 299
287 143
78 136
155 49
185 296
129 288
187 88
194 313
14 17
86 274
54 183
87 24
131 25
123 234
321 77
94 294
192 0
303 79
121 151
94 133
13 189
300 150
154 249
155 7
62 236
84 84
312 100
52 81
76 119
178 109
172 211
224 11
18 260
239 282
121 254
217 204
218 219
275 41
303 282
138 77
200 146
80 121
221 311
57 65
75 48
243 123
77 297
231 259
120 163
258 55
293 118
97 181
265 113
323 206
153 241
304 231
253 145
225 242
73 7
317 243
172 186
30 320
289 200
254 9
168 291
191 322
123 247
210 89
73 277
105 85
234 104
201 104
245 252
233 25
20 80
287 314
320 310
234 267
291 51
305 209
164 66
80 159
187 321
278 321
20 143
98 298
9 284
301 269
23 22
278 59
248 8
215 272
117 76
77 6
184 127
78 37
150 121
23 14
216 175
28 246
102 146
121 29
91 90
30 15
55 132
263 250
313 59
282 52
48 119
220 137
107 313
168 22
300 248
93 102
196 266
209 322
50 59
150 99
162 118
198 208
150 175
86 204
295 40
121 262
137 196
42 40
142 5
102 242
248 89
223 108
185 91
247 33
280 188
185 141
54 72
218 35
218 68
126 279
80 253
67 291
113 124
54 205
172 117
136 261
37 290
236 224
314 2
221 191
311 295
320 184
64 294
29 316
306 143
183 68
46 122
85 62
6 227
105 224
99 129
76 245
30 33
157 192
185 232
55 280
49 146
213 89
111 179
99 78
51 69
91 243
133 15
31 3
209 275
224 216
227 285
178 9
248 188
231 216
15 177
175 123
165 132
86 293
57 105
46 95
126 251
182 136
170 160
91 109
52 37
107 225
69 101
162 287
5 151
32 78
193 102
1 134
293 2
7 157
132 323
122 283
192 260
317 265
229 241
95 47
268 277
239 113
282 260
152 139
113 28
165 314
115 276
171 97
19 227
291 145
248 131
314 73
223 310
219 191
79 235
290 120
321 295
47 188
106 157
2 181
74 229
22 16
119 25
319 144
71 76
103 309
84 92
203 110
199 17
221 243
0 180
41 5
320 280
244 266
53 276
241 154
301 318
310 100
152 66
153 151
80 116
170 77
110 17
221 292
78 253
126 236
113 241
24 22
258 235
322 60
277 91
278 242
257 93
29 288
275 274
191 152
271 99
128 70
192 194
213 58
15 179
82 246
293 204
232 191
196 169
59 66
224 90
14 102
121 256
144 83
168 87
76 274
69 241
230 297
250 189
67 143
156 3
154 174
152 171
53 141
7 16
230 112
311 83
255 292
167 82
94 124
229 56
208 130
90 32
87 10
5 15
45 128
14 188
75 254
102 19
55 216
161 59
83 271
17 323
144 30
272 60
83 10
257 126
6 135
276 1
182 128
49 313
93 23
278 181
312 277
190 8
259 314
171 298
308 74
149 202
95 96
140 99
234 305
27 106
102 208
15 163
183 161
211 123
13 273
279 50
39 134
61 303
143 72
197 31
41 252
20 57
298 48
217 93
204 116
177 217
222 62
215 66
37 251
315 13
250 199
29 229
127 169
18 300
141 249
36 151
264 211
18 17
65 116
0 194
53 173
315 82
318 300
231 159
228 0
233 169
172 26
61 95
21 308
148 266
89 76
4 169
25 26
19 32
104 202
13 235
173 199
284 28
277 50
180 145
300 89
304 211
37 204
156 29
135 192
177 181
225 300
281 297
84 222
98 237
264 307
126 128
70 198
305 20
80 26
137 135
162 216
173 13
210 24
137 74
165 16
6 149
220 290
283 66
136 57
320 127
177 185
278 179
23 158
141 278
263 117
62 187
2 159
214 98
242 265
174 3
82 119
311 122
172 83
210 92
133 129
114 35
69 48
255 232
255 86
71 228
294 14
314 115
281 122
307 133
20 273
133 142
182 175
157 197
202 153
150 318
194 36
107 139
115 9
113 277
315 48
151 128
105 93
144 54
318 166
244 132
216 27
219 3
24 269
203 207
254 44
313 202
165 207
71 13
284 64
224 152
7 321
10 196
52 321
290 181
281 282
249 13
223 198
99 202
285 87
197 242
202 43
219 92
228 255
19 65
283 318
259 21
221 222
263 305
231 17
175 269
264 227
300 19
59 227
70 15
182 60
224 308
318 296
202 243
269 31
89 30
217 125
200 114
236 26
226 23
21 65
287 118
279 290
90 250
136 265
158 56
34 263
229 314
273 68
57 252
9 170
60 72
288 4
186 121
88 63
7 151
75 104
304 127
182 198
77 284
89 74
106 159
225 191
49 319
164 86
159 52
35 58
178 175
138 235
265 109
285 81
245 230
131 90
285 66
216 49
217 60
199 55
93 82
144 17
305 270
179 285
159 205
153 226
7 14
109 211
312 286
76 209
218 146
141 256
165 285
286 3
208 304
197 234
142 184
149 123
15 99
135 28
125 57
42 75
204 289
108 249
47 157
322 155
271 136
59 93
304 41
61 138
197 33
57 129
146 30
123 281
145 185
50 67
139 256
7 114
316 200
109 138
204 212
82 207
134 79
218 290
287 312
147 39
144 124
189 44
118 229
198 122
221 48
219 13
314 69
40 242
138 163
176 282
172 236
282 308
200 29
62 28
229 88
215 117
90 208
238 49
75 184
154 155
156 245
72 1
254 14
96 62
42 121
293 127
96 100
255 212
31 188
53 319
125 170
304 321
163 207
104 296
312 61
151 173
302 38
244 248
228 113
231 24
142 109
163 138
187 296
135 73
281 204
82 50
96 256
197 107
130 19
32 99
145 283
279 32
314 189
100 155
193 274
23 144
306 219
178 194
44 43
280 34
71 94
93 290
246 287
205 302
72 39
197 302
39 101
124 190
170 263
16 80
213 15
295 250
260 302
11 112
66 225
279 229
235 301
227 264
49 258
57 237
188 169
312 69
242 250
43 176
24 171
33 81
208 121
30 29
93 116
133 90
20 141
226 121
82 189
278 213
156 109
230 145
78 301
72 263
266 293
265 305
217 181
87 214
228 204
138 153
78 143
182 214
194 168
239 256
87 176
183 233
10 91
241 204
109 218
136 185
183 269
42 73
243 160
33 289
9 198
56 6
21 108
199 164
104 253
106 247
231 161
322 142
211 116
21 293
178 240
213 64
16 121
249 240
255 167
269 214
317 49
165 0
14 296
253 244
295 182
254 56
15 293
5 213
260 186
282 157
283 249
37 221
266 273
22 217
247 295
230 95
316 301
126 77
236 313
221 41
107 316
205 96
276 33
150 320
246 303
39 53
81 262
293 154
242 146
272 167
115 20
156 87
32 80
266 212
49 233
16 287
172 258
234 295
283 247
40 236
202 292
212 52
103 186
41 81
45 288
180 86
248 45
110 210
295 60
140 55
107 75
214 46
78 199
164 119
100 38
129 93
18 172
287 209
148 98
268 156
14 205
126 264
282 108
92 58
266 258
313 13
41 183
133 26
120 305
278 166
25 164
106 274
134 309
323 93
165 271
2 56
93 305
316 2
103 84
35 242
267 69
322 238
20 218
318 267
289 245
27 185
139 279
297 107
73 191
289 25
88 293
46 56
172 223
91 317
70 113
159 223
1 259
35 7
239 217
37 153
121 258
206 91
287 211
61 109
197 147
275 61
229 152
81 109
32 254
128 181
268 83
117 323
316 299
84 37
192 7
85 11
173 169
286 55
311 222
224 218
284 241
233 247
10 74
209 285
48 68
152 52
295 119
235 160
250 169
74 162
61 224
152 109
211 306
89 22
222 35
1 293
78 317
91 34
211 174
314 31
100 64
279 1
184 304
242 36
107 169
26 230
48 161
142 228
185 128
268 272
71 64
246 254
192 134
303 307
172 122
165 121
162 292
230 201
148 26
88 41
282 29
119 228
286 304
146 7
300 181
64 13
1 299
126 69
69 285
213 184
197 28
135 37
1 86
0 170
212 304
56 72
271 68
299 316
178 80
90 127
37 211
190 140
0 240
277 61
320 204
235 103
56 12
293 281
19 217
198 161
96 270
285 235
182 164
302 183
112 235
250 20
89 262
57 10
24 227
140 153
85 129
99 176
248 64
322 306
70 182
105 107
89 304
291 280
121 185
23 126
144 8
290 220
231 247
0 104
133 175
51 228
60 41
111 77
255 234
150 74
91 323
13 199
30 282
273 247
134 130
202 306
7 301
302 249
270 84
264 159
47 134
281 295
238 110
300 148
273 146
229 285
306 103
31 293
167 273
196 258
85 194
285 208
311 21
122 207
190 213
106 135
275 186
6 153
47 109
279 275
132 76
292 226
13 265
3 259
219 276
279 203
44 202
320 222
50 224
262 29
0 41
50 95
253 176
202 175
185 279
181 141
314 149
243 12
71 279
220 279
280 280
112 38
267 159
137 97
238 312
303 230
150 236
229 282
18 181
115 308
111 192
64 302
122 47
134 13
135 42
295 184
155 27
102 267
320 263
86 97
259 198
3 207
6 6
207 79
182 239
253 132
119 262
228 76
279 124
35 235
36 136
138 101
257 321
213 233
268 263
11 11
69 156
146 303
308 154
137 155
104 277
211 259
280 225
301 91
131 274
210 245
223 13
191 217
5 87
54 288
31 19
41 222
7 78
133 274
46 104
173 276
189 165
220 181
255 198
242 149
209 106
40 110
47 266
10 162
281 229
234 72
237 282
321 258
214 71
234 62
70 230
90 125
72 218
101 230
151 198
241 202
96 266
121 99
165 269
246 226
308 278
228 267
285 6
110 67
149 155
140 211
232 170
40 166
248 66
258 312
270 134
259 45
8 319
261 305
182 216
50 200
136 173
186 198
260 62
100 70
81 266
273 171
323 285
290 176
106 3
69 141
125 152
199 174
246 66
84 73
41 290
210 8
39 316
205 79
30 39
224 29
95 43
195 323
197 202
297 254
268 296
289 2
191 116
92 136
306 290
159 79
43 322
183 49
184 137
236 207
42 201
115 61
279 155
82 209
234 272
260 75
58 64
11 304
99 157
168 29
46 268
77 144
314 67
119 142
185 268
194 220
7 21
24 97
33 261
169 170
69 216
87 65
223 289
55 146
230 38
266 186
138 321
291 227
172 319
199 203
52 58
190 177
38 273
322 221
295 293
75 101
188 26
25 71
186 196
291 272
57 93
17 123
44 144
3 229
128 252
286 241
193 298
0 155
175 34
205 134
204 167
103 7
271 168
248 218
214 119
190 259
4 21
264 251
251 315
31 310
204 177
120 320
173 209
245 291
236 249
65 210
240 63
173 306
80 16
78 195
155 320
91 88
235 226
99 273
17 199
312 20
178 27
322 72
150 238
125 94
174 275
172 2
125 179
305 305
260 15
63 183
252 281
129 48
313 147
64 76
158 150
86 128
152 289
215 163
22 172
211 302
55 113
277 82
276 48
272 89
157 224
139 198
105 69
199 260
310 76
140 318
172 45
310 13
106 133
58 42
20 1
122 246
96 25
314 91
166 317
276 39
121 132
14 169
176 18
169 146
87 272
209 108
196 63
198 7
269 295
162 35
177 7
163 196
93 316
165 139
144 48
282 191
205 263
2 197
133 272
33 277
3 12
248 3
217 273
28 98
35 0
32 294
154 77
306 57
128 218
31 122
107 284
31 196
42 174
34 157
322 33
191 148
267 8
165 101
94 28
187 73
323 212
163 246
315 44
74 35
155 218
156 1
8 195
29 129
111 186
94 162
125 238
299 302
243 272
156 84
226 227
245 33
244 37
256 39
158 221
196 35
84 238
63 115
285 299
167 121
173 266
0 53
311 315
215 10
2 214
148 13
322 311
114 118
139 114
185 193
41 280
293 98
107 39
242 172
221 208
10 312
223 15
194 50
133 307
112 268
223 154
244 47
26 114
11 291
181 158
25 267
61 221
198 5
69 254
244 45
151 68
322 1
59 47
255 254
42 212
47 87
73 155
161 241
156 175
148 67
102 319
278 270
290 297
183 76
114 252
171 168
124 163
135 26
265 213
245 105
75 27
316 267
96 134
292 283
94 130
293 76
88 51
140 251
43 125
195 234
156 323
241 320
209 238
59 106
19 111
116 1
80 108
178 5
48 186
194 103
53 305
237 106
129 310
70 175
22 140
241 282
59 58
4 235
144 33
290 14
98 26
163 0
304 284
211 227
193 158
252 45
53 263
32 44
95 102
282 292
73 94
106 67
183 39
43 227
69 136
28 136
141 210
37 311
63 117
199 64
69 93
307 229
144 227
166 259
275 11
281 202
47 102
41 322
311 106
301 246
322 210
278 258
179 287
108 301
116 238
157 317
309 28
122 190
294 169
119 102
19 183
218 167
146 280
295 35
102 26
44 121
223 186
109 236
304 141
199 160
32 275
118 273
140 127
131 213
152 191
315 271
172 274
176 107
235 180
321 123
190 16
101 88
56 264
242 125
150 107
290 67
229 287
267 103
35 175
212 286
248 124
153 44
262 204
270 148
32 31
282 313
296 117
71 89
308 135
144 206
253 25
297 241
279 106
253 87
144 111
15 313
220 36
122 51
53 24
182 261
217 75
138 225
252 188
87 95
78 233
173 32
193 117
195 148
137 72
129 162
279 19
125 7
25 144
84 216
275 282
233 11
250 187
22 223
239 71
106 196
249 153
118 93
84 254
99 89
284 209
29 131
88 126
89 168
207 263
173 197
37 1
318 146
44 25
126 104
282 175
143 36
165 312
97 258
97 290
264 279
207 122
121 277
149 31
90 263
85 134
31 233
55 170
62 1
279 100
304 299
0 97
293 24
240 155
111 296
305 259
25 124
71 293
257 204
142 206
88 178
95 13
258 14
312 284
58 128
91 320
180 313
40 138
161 130
200 6
268 294
59 27
122 27
222 182
114 2
41 282
235 146
171 310
174 255
60 238
294 238
258 61
303 77
172 284
209 152
20 51
172 238
3 288
61 263
211 272
284 150
177 280
8 269
12 48
305 222
95 117
74 14
209 263
113 93
169 137
173 43
75 216
95 22
112 36
120 152
118 307
181 40
135 90
5 200
169 317
41 139
162 290
208 240
253 90
213 228
144 310
25 290
217 18
251 126
22 209
238 221
82 166
240 258
279 315
205 269
235 155
94 24
179 180
123 296
175 232
259 19
161 14
200 298
16 93
63 292
181 149
266 98
62 278
136 230
14 153
193 75
39 20
254 109
246 46
321 185
200 273
234 9
1 198
71 152
21 52
224 244
126 316
76 135
38 119
321 75
160 134
110 258
139 91
276 322
258 231
186 282
128 129
255 205
219 44
109 63
88 69
146 152
42 225
124 306
23 156
285 189
166 203
85 113
268 227
6 280
188 115
32 247
222 104
303 117
253 41
297 287
175 196
41 28
49 188
167 302
285 99
30 5
208 192
136 55
262 287
301 301
193 300
116 223
262 289
185 16
163 140
16 274
123 221
214 217
301 40
210 286
81 288
194 64
290 243
281 187
319 39
76 211
17 288
207 234
28 167
228 225
106 296
28 300
28 122
98 156
84 180
139 59
161 63
297 289
318 159
314 93
89 145
124 219
226 262
148 63
207 197
224 228
99 258
250 151
81 57
97 230
23 154
190 115
207 96
182 8
65 37
21 206
137 273
21 295
237 0
292 176
77 62
213 53
49 304
9 201
105 216
41 122
281 13
144 62
300 23
212 262
92 124
73 27
19 122
261 47
107 182
23 26
181 197
244 234
161 148
27 110
60 285
217 283
51 240
273 87
197 177
124 173
223 297
261 266
255 126
114 197
141 213
23 147
233 122
26 309
30 60
303 202
77 201
13 305
110 21
247 307
67 28
179 192
86 185
94 217
237 319
14 81
180 156
119 15
246 79
157 52
187 269
222 37
186 217
264 42
117 141
173 35
18 72
42 36
104 267
264 90
87 12
122 162
242 164
320 33
68 298
55 46
45 50
159 277
287 168
247 212
193 218
23 266
122 114
71 130
273 192
259 139
149 179
24 84
145 261
178 1
96 234
202 116
234 288
167 156
4 116
111 127
48 201
92 292
291 34
280 270
21 208
205 178
264 142
158 166
273 182
29 178
260 304
43 127
81 227
322 157
238 55
207 252
56 133
39 204
271 7
84 120
296 209
223 21
148 200
58 282
95 163
169 58
65 124
1 227
48 210
261 138
288 192
31 58
192 256
206 201
59 83
27 303
10 111
228 80
293 255
133 107
3 17
294 158
266 114
85 187
314 196
305 182
233 63
88 200
236 105
307 311
115 120
202 25
40 26
86 305
316 251
275 290
228 136
244 264
118 74
278 148
143 238
164 33
228 96
263 277
3 88
304 188
322 183
229 248
88 282
97 203
287 87
209 101
299 189
272 56
238 268
104 60
116 247
130 189
89 285
33 217
174 226
168 160
46 242
279 281
314 260
146 118
6 218
96 138
222 8
138 44
151 211
68 114
205 173
195 286
94 178
81 173
307 84
151 157
44 112
142 54
179 114
164 149
72 238
266 12
140 101
270 124
318 209
78 306
170 319
174 224
35 148
163 58
279 45
276 86
74 138
261 91
185 234
107 259
27 178
264 318
28 320
305 180
31 288
20 252
139 314
32 186
155 53
27 289
284 254
269 72
149 264
42 128
153 46
312 124
231 281
66 283
229 36
158 204
110 252
24 43
107 290
320 209
65 134
250 262
84 96
149 65
288 172
256 203
68 302
225 193
12 293
289 315
192 210
265 171
145 294
271 201
178 71
98 160
127 260
219 42
310 48
143 184
30 117
212 38
241 278
180 88
152 237
205 251
208 127
268 204
240 55
15 303
38 253
214 48
177 228
168 203
277 223
181 111
222 99
179 55
272 76
310 277
162 280
303 59
118 6
311 23
285 146
176 9
262 279
138 283
163 50
170 189
72 316
305 120
270 205
167 55
16 166
76 153
56 141
248 53
207 136
223 160
153 197
153 72
230 141
85 298
296 211
164 109
287 213
292 248
170 12
157 98
39 184
110 173
279 319
235 286
232 28
42 27
270 59
290 191
110 114
199 126
152 182
195 125
105 312
239 43
301 11
34 99
190 245
139 231
243 269
193 21
144 273
188 206
19 4
315 4
233 167
74 182
37 21
161 49
141 72
139 292
38 309
46 89
150 220
43 59
127 182
193 317
162 109
212 45
39 123
301 164
215 99
43 296
178 209
187 284
12 227
125 102
298 256
32 204
129 262
191 207
193 18
48 85
173 85
266 70
31 200
135 69
263 79
260 268
299 159
191 66
168 147
301 107
209 306
198 48
228 308
197 46
292 19
271 26
119 288
269 160
76 316
120 11
127 98
270 126
79 67
118 154
11 53
278 26
220 122
264 57
165 195
303 251
1 55
132 102
211 63
169 322
17 38
40 39
70 162
300 154
212 300
272 322
59 298
319 282
120 197
242 296
32 231
230 204
32 47
219 60
18 30
99 87
283 37
19 117
254 76
191 175
172 131
293 321
212 260
95 184
81 187
301 196
111 64
114 146
218 278
278 260
263 27
71 265
87 298
286 133
80 171
263 275
263 139
82 73
218 234
222 287
198 59
64 173
54 186
161 12
278 177
302 58
232 294
165 137
7 155
207 286
254 251
159 83
216 230
111 205
216 38
97 86
165 248
191 276
236 280
250 60
74 195
219 323
184 308
30 275
136 106
231 184
134 150
178 322
186 106
234 27
47 203
274 26
127 281
237 247
311 297
172 161
39 168
213 66
18 15
183 89
68 193
100 302
180 8
306 101
295 210
109 299
206 193
99 284
111 123
60 197
4 211
165 117
113 185
321 29
98 53
126 64
7 303
110 45
136 12
284 30
14 106
18 221
135 141
220 21
40 292
243 256
236 54
310 62
265 162
102 35
241 34
246 156
104 115
125 181
289 265
167 323
142 74
150 44
239 161
149 47
75 235
78 225
169 158
264 322
246 115
241 284
103 108
151 54
152 283
251 245
175 267
111 125
12 104
193 176
71 48
316 195
278 118
318 263
111 236
118 125
58 25
77 299
194 91
139 320
160 207
115 102
52 293
127 161
69 21
274 0
255 226
32 164
6 56
242 259
163 276
297 130
170 199
50 241
247 81
95 227
187 150
85 7
38 98
50 149
193 276
293 230
52 110
303 6
92 71
297 268
245 11
94 100
61 65
159 295
295 270
80 264
191 242
18 250
228 199
66 309
45 30
87 114
323 31
294 147
208 320
294 248
48 17
89 85
72 151
48 242
42 42
147 186
58 161
20 244
74 164
301 116
307 1
254 299
44 39
123 278
35 179
167 85
143 208
74 79
9 15
115 201
67 313
63 57
249 174
216 187
50 198
75 21
297 171
57 116
7 180
79 266
137 27
150 53
277 164
179 214
55 150
314 163
319 265
271 0
118 85
186 274
297 87
299 134
237 182
203 317
313 240
146 82
272 155
79 65
283 299
44 279
246 159
23 306
152 177
36 275
244 41
224 33
120 89
152 175
311 134
111 218
299 318
37 213
33 148
220 177
322 195
75 276
214 106
49 97
25 232
212 195
313 276
80 246
295 97
244 292
134 218
51 273
17 19
214 140
270 100
134 230
240 201
43 51
125 197
217 267
88 88
143 295
168 153
143 31
319 291
90 238
300 42
240 48
161 128
56 135
262 162
210 189
113 103
161 165
235 123
134 89
258 161
278 52
184 30
113 119
243 188
21 266
80 34
37 303
265 249
161 51
301 271
9 321
52 309
151 72
127 258
299 238
133 214
165 301
157 113
197 84
266 51
137 175
309 128
267 274
126 172
301 230
322 125
72 229
138 168
236 253
295 62
274 231
105 75
64 1
22 286
100 266
83 94
260 107
210 191
242 200
134 56
302 171
310 285
86 313
256 277
263 186
251 266
322 64
116 119
20 229
116 63
207 178
271 190
60 212
50 186
299 132
48 95
215 270
168 74
311 201
232 30
115 258
109 13
135 300
21 125
321 173
75 237
212 320
291 275
79 36
203 63
43 221
187 21
171 220
174 285
220 103
314 127
72 153
33 133
132 207
169 94
25 107
255 115
182 200
238 280
89 280
139 85
8 149
258 175
299 286
212 217
294 99
34 138
97 283
23 192
0 304
72 14
1 301
52 192
112 22
303 115
312 58
229 120
264 257
166 3
91 79
179 47
4 209
45 267
83 191
191 14
270 263
63 102
226 270
88 104
224 127
69 276
323 124
37 187
223 54
163 256
303 297
124 249
102 122
105 137
139 136
268 190
160 109
0 101
191 164
165 289
197 184
8 82
20 73
32 42
313 37
296 271
253 222
102 86
247 241
39 136
98 28
159 172
296 95
10 0
255 307
29 118
315 175
41 9
189 125
128 312
261 66
221 229
314 57
88 174
100 20
189 224
101 113
64 123
149 309
189 284
50 105
4 269
297 26
209 268
303 204
299 119
32 97
199 199
9 282
242 248
306 141
293 101
294 63
119 88
117 261
154 192
76 318
319 77
117 92
150 94
277 99
30 66
309 141
143 123
136 295
116 23
299 312
141 187
22 0
32 152
309 286
265 118
100 228
7 80
167 313
106 147
119 100
264 253
288 8
0 278
105 58
243 109
258 216
108 135
4 281
40 314
231 176
104 123
226 287
277 10
237 173
101 55
51 208
253 70
240 220
111 181
260 236
259 67
142 179
157 264
64 73
56 253
268 146
14 64
262 141
90 68
312 262
235 153
151 159
208 287
51 171
285 57
253 199
6 311
278 225
180 163
185 225
199 225
175 162
254 169
103 61
216 246
255 132
219 139
32 135
241 232
25 191
206 267
219 120
276 184
268 251
47 179
141 51
204 246
292 147
191 93
151 100
135 225
93 2
241 256
192 20
84 219
127 107
98 95
230 186
5 78
133 201
34 146
199 229
238 115
238 197
81 76
268 10
61 107
245 193
167 270
84 105
1 14
285 101
226 9
184 199
132 203
163 241
214 8
102 109
214 263
140 155
120 260
279 234
148 244
252 64
318 111
230 190
221 0
157 222
44 245
86 201
301 287
190 168
196 236
196 260
229 162
137 224
11 37
260 60
304 224
6 270
234 101
269 102
22 250
127 22
20 257
29 318
226 128
33 108
9 156
157 194
320 166
281 99
215 33
319 236
294 125
93 157
70 239
251 72
126 35
269 191
182 249
220 159
34 321
26 87
141 292
285 137
158 184
248 254
70 0
188 177
257 271
118 113
233 232
177 21
180 242
120 35
257 159
112 117
145 187
274 89
33 245
186 114
137 281
179 208
85 147
189 167
44 56
30 136
320 224
251 198
7 173
214 184
89 34
279 205
140 247
216 44
177 170
186 309
111 286
255 5
150 125
92 194
165 84
83 153
253 35
123 123
314 173
101 246
181 255
300 310
56 143
148 100
307 27
133 74
199 45
201 182
40 163
171 300
241 294
300 298
303 129
116 39
210 274
252 162
3 212
214 77
300 49
42 49
70 129
285 53
155 216
48 253
198 71
34 51
261 293
69 95
207 223
303 61
169 97
56 20
263 309
242 30
9 43
230 293
32 117
289 254
56 104
44 225
102 97
312 92
36 265
121 205
231 51
179 136
40 304
209 188
293 182
178 19
314 236
196 17
321 55
143 107
19 240
90 42
225 108
53 244
109 263
84 98
114 234
25 236
107 263
309 105
193 147
119 312
64 83
77 69
61 116
73 50
34 161
201 56
90 162
242 298
161 229
294 180
127 94
254 131
52 299
8 68
101 33
278 20
108 40
1 152
199 207
220 207
35 267
55 70
314 274
1 102
273 110
123 57
259 37
320 115
188 226
172 308
52 45
140 151
21 175
167 10
81 152
166 77
157 78
296 323
189 56
125 217
252 116
317 119
8 36
91 173
8 110
311 7
245 137
145 31
195 242
40 13
133 36
103 279
146 11
130 21
174 83
229 217
192 212
184 195
103 241
236 135
256 165
244 102
40 265
2 133
127 310
72 138
164 76
147 251
137 171
153 274
216 208
177 66
5 20
148 17
79 298
243 235
79 217
252 149
173 146
303 87
271 129
39 318
23 123
66 172
293 294
314 21
150 256
295 160
41 159
58 134
239 203
230 268
271 144
107 217
314 19
30 253
138 264
153 194
79 53
49 271
154 126
237 225
145 144
140 30
316 161
221 185
150 249
144 175
277 244
187 310
295 108
163 226
199 277
312 88
139 312
230 58
18 63
211 313
21 93
73 176
93 12
76 230
102 168
120 64
69 88
316 155
193 155
24 12
146 233
279 263
292 152
263 137
21 41
253 115
23 71
294 96
249 306
307 144
209 203
43 309
125 106
171 132
309 93
37 102
46 48
74 4
230 73
97 43
216 240
208 51
315 238
49 167
210 148
60 162
191 278
16 6
294 272
221 93
21 120
200 171
89 260
212 138
260 17
26 170
190 2
268 65
68 308
263 109
230 266
321 85
100 248
215 79
135 190
240 39
319 247
255 302
141 63
126 130
106 175
6 299
162 41
281 224
133 301
54 109
110 267
134 244
101 78
132 17
216 81
132 256
12 63
183 130
161 29
38 229
179 206
66 302
103 238
64 42
47 214
265 299
103 154
307 165
155 47
200 285
74 39
221 39
14 7
83 187
123 49
121 322
256 258
30 114
40 253
52 79
154 281
79 144
132 195
299 247
291 285
105 109
229 94
267 26
160 310
31 156
237 161
139 97
144 225
245 191
154 289
205 12
201 16
44 85
315 202
316 174
132 240
161 294
18 281
88 271
48 305
291 39
63 323
43 31
58 57
23 308
130 291
264 52
193 81
226 215
104 67
313 197
127 8
20 310
312 317
178 311
80 169
250 105
298 210
176 230
60 222
199 252
299 6
228 148
207 128
99 148
188 282
191 244
105 275
89 78
242 129
140 138
315 46
76 253
269 275
93 144
109 56
152 239
159 297
287 163
224 8
129 135
86 311
128 72
307 231
239 242
155 72
181 290
100 121
227 280
303 266
305 207
322 102
299 129
283 219
33 243
318 138
100 268
105 298
95 191
92 142
40 274
190 52
106 314
54 12
50 321
114 174
41 193
142 145
46 154
308 31
286 180
193 85
173 47
74 317
148 285
184 36
181 243
38 191
250 0
131 74
43 29
89 67
217 21
9 228
308 72
179 51
108 315
159 318
45 87
125 258
278 240
152 305
114 269
77 238
249 106
202 114
224 50
242 54
72 182
257 84
10 128
272 290
33 155
57 26
18 219
203 87
112 149
320 23
88 163
34 185
115 77
223 208
124 319
78 120
90 321
58 163
160 153
139 36
26 172
179 67
7 199
128 222
312 274
194 77
180 97
65 184
307 43
104 196
235 269
86 105
258 243
77 219
73 92
91 30
116 213
32 283
292 319
183 47
132 63
259 47
206 246
24 230
164 21
18 274
35 269
67 163
214 12
222 118
112 16
64 208
264 100
168 244
39 272
60 28
165 151
80 14
32 131
0 94
166 79
0 322
181 113
164 259
315 317
298 208
278 317
321 79
60 136
266 156
198 86
27 319
31 277
101 199
132 78
214 306
63 311
293 80
227 247
298 9
271 203
65 293
302 65
266 82
0 280
132 308
150 70
209 128
176 96
168 264
164 224
121 226
310 170
24 86
178 238
272 127
186 135
3 42
181 296
114 318
127 127
219 124
187 17
286 150
85 43
239 254
134 269
157 199
158 95
77 258
178 216
252 105
78 314
141 303
263 155
103 92
199 124
299 44
35 295
273 17
124 171
176 183
264 105
2 195
320 180
170 203
113 283
79 61
166 24
290 48
110 37
260 69
105 230
183 267
19 107
320 220
108 160
251 248
21 83
167 138
237 5
83 181
296 240
211 163
33 27
30 45
224 226
113 232
289 286
130 255
276 298
121 36
213 162
111 94
66 256
277 255
217 255
140 74
54 169
30 98
154 2
186 272
276 59
16 51
216 216
286 269
300 320
203 307
306 304
244 304
199 216
40 306
143 283
0 132
283 12
170 75
18 229
98 275
296 58
67 57
131 174
204 71
118 51
66 36
210 216
50 239
232 252
136 44
206 34
283 201
153 55
230 323
161 277
182 85
132 193
144 204
47 287
295 219
54 111
311 196
105 156
281 101
163 117
275 154
262 143
272 230
170 290
84 15
276 118
20 59
176 16
151 48
288 149
290 305
77 52
26 194
293 41
297 77
59 237
177 31
101 225
20 5
280 157
273 232
165 295
244 195
75 93
188 19
239 140
134 100
3 106
226 137
244 39
200 292
162 198
102 124
159 160
214 319
101 147
86 83
12 279
320 111
242 233
308 316
190 117
52 288
132 222
167 43
202 2
1 179
112 49
246 35
232 146
15 305
273 91
67 251
42 228
316 94
155 264
42 241
4 40
218 232
174 148
199 144
310 287
105 220
61 296
241 60
71 216
215 22
255 146
14 210
319 135
50 40
129 153
8 280
99 62
211 118
163 248
172 139
164 270
41 165
61 311
146 310
101 16
282 126
193 73
115 104
282 15
5 55
230 40
174 103
293 137
317 29
152 321
34 187
221 71
288 89
65 304
69 50
106 73
39 321
303 290
26 43
314 29
4 237
246 23
209 122
226 49
235 148
7 84
209 277
123 136
12 245
27 57
118 64
211 65
67 295
179 297
212 24
76 36
14 62
108 15
100 286
87 172
91 102
271 172
92 138
264 140
299 163
209 186
218 45
38 48
94 190
52 295
171 170
266 256
37 176
188 318
68 15
284 109
63 308
39 233
201 217
113 285
61 227
272 5
109 136
52 283
208 236
302 52
16 251
175 65
271 284
67 276
60 259
231 99
318 245
135 104
172 264
82 83
52 149
84 268
178 289
20 210
130 155
1 124
277 211
301 313
21 118
175 277
8 253
293 219
200 98
260 175
322 174
259 269
317 259
161 300
77 28
237 203
65 132
223 77
91 107
130 64
186 286
297 258
95 39
255 270
157 82
187 102
125 113
210 321
186 27
176 103
13 294
74 166
272 135
107 41
232 214
104 166
225 126
27 196
267 262
74 46
73 123
152 228
227 273
74 154
295 92
301 243
178 307
10 320
290 38
2 131
137 60
139 249
43 280
132 268
114 236
128 229
82 117
154 236
300 10
130 321
138 4
38 202
112 115
230 214
48 136
70 194
42 292
231 81
27 30
83 258
67 293
120 271
315 71
232 261
237 188
18 202
69 292
293 224
88 305
224 158
6 164
217 269
144 266
284 68
281 66
92 306
127 82
202 102
174 130
218 84
29 254
70 143
38 151
287 265
248 243
287 82
9 55
8 129
152 195
301 133
131 289
322 281
251 13
165 57
293 16
24 55
33 221
9 148
208 148
169 211
301 60
220 175
259 266
260 288
115 225
280 174
45 109
132 281
75 218
157 219
183 145
280 300
297 124
265 8
276 73
219 147
211 297
147 235
272 174
53 131
243 319
144 319
266 37
230 173
301 105
201 294
6 291
37 223
192 228
195 83
39 0
61 83
38 292
281 284
212 36
95 49
174 117
244 142
101 321
200 59
137 192
5 107
306 253
200 57
54 45
277 291
210 237
10 130
206 87
273 310
198 273
40 283
120 230
108 174
69 313
294 152
244 139
281 31
180 199
7 185
170 21
181 284
269 132
295 233
96 132
152 256
72 25
17 23
179 49
297 119
229 246
59 62
69 109
54 312
120 192
301 316
21 131
100 51
205 175
198 266
43 146
176 226
187 58
74 108
2 118
37 133
244 173
46 74
193 164
267 260
100 187
283 63
113 77
75 50
64 206
60 43
102 138
121 307
236 235
67 21
135 165
278 279
73 265
291 61
14 96
261 134
162 4
264 169
3 186
209 270
69 130
159 97
6 183
138 240
263 222
233 159
260 238
283 237
58 284
96 98
84 122
171 13
221 84
194 150
300 211
87 186
216 160
278 74
96 285
182 314
36 74
50 253
68 239
314 49
276 136
61 256
164 78
80 321
128 36
226 319
171 138
36 116
178 291
102 111
243 281
269 154
254 78
9 17
270 57
230 253
307 217
240 115
14 25
251 152
309 113
88 203
8 190
17 313
312 210
247 25
191 47
253 228
294 217
20 250
58 151
174 44
227 107
258 273
108 3
283 96
48 148
96 307
106 188
262 189
273 19
126 220
298 212
145 268
246 263
155 181
182 37
286 117
57 316
120 273
129 2
76 137
243 177
168 315
72 318
271 131
291 314
172 286
191 192
28 204
175 109
195 224
255 287
116 94
8 226
50 232
164 227
230 147
313 225
2 170
64 17
279 186
197 276
233 151
245 96
4 118
91 192
247 311
79 201
84 207
61 233
253 171
87 280
100 319
266 111
291 122
113 314
50 78
170 244
250 224
93 299
121 121
92 162
235 11
127 73
204 0
86 178
211 161
209 150
154 190
87 169
152 210
12 247
104 73
267 182
82 145
37 196
166 315
77 67
244 115
296 167
260 307
81 254
212 109
194 194
112 74
214 302
267 118
69 57
121 136
235 89
181 52
97 236
159 191
58 254
273 283
277 54
14 141
25 14
247 154
109 285
53 86
65 255
21 155
201 144
11 39
13 50
68 181
294 103
123 112
188 218
138 170
139 263
57 202
293 275
205 152
240 296
126 312
77 71
141 208
286 161
267 298
23 207
233 244
204 238
267 225
84 49
54 284
247 228
12 99
221 108
95 2
180 82
33 35
262 307
265 277
244 79
38 83
125 271
130 239
240 230
172 221
30 231
31 150
107 155
161 31
242 293
70 115
0 57
143 240
86 243
86 27
181 58
161 237
260 79
300 300
152 162
42 163
83 319
282 134
59 267
164 291
215 101
219 72
299 288
21 81
125 297
0 221
306 29
30 294
200 318
312 73
136 10
196 167
213 248
99 244
45 145
209 136
57 226
120 27
5 202
146 269
303 313
161 204
298 122
82 322
96 275
322 277
103 88
237 114
45 52
189 149
27 242
169 186
323 313
176 3
82 96
57 268
103 113
135 304
189 199
45 179
31 134
97 5
288 178
321 206
33 119
138 262
230 129
55 35
264 152
129 224
5 287
226 39
232 283
29 21
285 210
117 83
293 303
157 16
159 166
199 49
216 193
205 131
184 227
83 146
130 81
153 313
251 274
244 262
155 257
146 18
229 18
18 154
270 189
249 52
116 242
56 284
119 13
200 53
112 145
26 103
140 185
57 172
147 132
102 237
224 287
322 323
259 294
281 0
136 96
59 229
106 227
221 143
74 152
14 212
217 56
37 231
4 104
278 114
204 286
259 233
125 206
184 271
76 99
55 140
110 2
235 218
73 214
146 318
212 244
271 192
42 79
73 101
119 203
42 61
176 86
178 219
235 81
314 185
69 145
55 26
291 299
34 247
4 69
302 9
163 164
280 17
37 90
166 92
58 72
171 43
123 161
264 209
129 137
19 242
254 166
223 110
22 51
165 11
149 95
310 238
165 191
173 268
138 28
162 239
145 171
228 208
77 285
310 6
13 6
24 16
292 197
199 73
110 175
101 53
97 3
108 74
104 110
137 232
309 84
279 173
37 118
223 293
58 81
282 11
303 317
4 227
199 176
166 149
201 175
150 116
128 250
128 156
152 243
131 145
112 248
148 221
61 61
12 129
93 48
305 307
19 68
34 178
35 244
281 27
307 99
2 236
315 147
249 18
121 87
275 112
276 180
266 24
51 222
293 297
222 30
89 106
39 186
288 269
4 257
268 314
274 60
223 184
166 278
153 96
211 276
280 179
278 125
41 161
147 268
134 115
271 282
158 206
61 147
28 206
185 260
86 2
144 126
130 251
51 128
99 230
80 226
156 203
132 82
42 8
14 104
177 254
305 251
95 37
99 252
216 34
258 253
80 290
192 153
82 236
190 91
124 207
14 118
312 238
100 171
154 74
187 165
32 166
154 244
127 135
158 280
169 236
253 265
23 241
227 242
12 174
189 268
301 118
147 202
93 60
315 129
127 113
191 308
253 107
88 73
312 48
295 224
263 300
129 141
255 285
312 75
87 233
267 49
251 107
299 244
166 193
35 212
29 94
24 20
45 253
149 40
5 292
273 254
264 244
0 69
92 111
18 57
35 304
307 93
279 68
243 10
192 321
245 187
155 197
62 231
99 124
111 307
141 177
161 163
207 300
93 242
48 105
217 258
116 143
45 281
214 175
108 298
107 281
211 22
62 262
96 183
153 211
225 197
21 237
84 183
214 172
62 229
239 169
33 110
214 69
240 313
117 300
116 170
114 293
133 118
66 174
262 237
13 143
281 124
132 290
133 144
51 303
3 102
217 271
189 158
60 91
34 163
247 197
127 191
72 80
261 68
94 309
273 153
261 124
240 222
226 34
46 290
212 186
216 85
136 263
50 80
66 253
253 68
49 103
232 37
301 189
294 150
166 119
314 200
239 127
225 89
31 202
227 21
68 252
83 256
177 33
283 100
1 157
12 275
282 17
285 132
60 164
199 162
232 144
197 204
34 33
266 278
67 235
295 231
148 83
175 111
189 314
284 281
72 66
290 284
25 257
132 253
294 221
170 153
180 2
7 171
7 48
1 238
119 150
235 248
92 321
240 41
164 14
87 295
152 303
27 244
274 55
55 130
313 128
106 198
52 187
144 4
317 318
259 134
290 183
235 1
114 75
195 309
59 189
109 25
238 206
28 61
127 163
251 160
33 219
153 181
266 250
300 279
211 26
110 26
167 31
207 61
15 199
218 313
255 113
187 267
186 294
96 186
73 167
315 108
147 96
155 225
145 137
277 46
125 317
104 242
205 294
259 214
83 75
170 273
88 43
300 152
161 183
150 200
19 0
80 118
166 86
170 42
18 106
160 65
32 60
214 232
176 278
217 221
147 149
264 12
85 9
313 71
109 289
114 0
217 286
39 222
308 245
223 150
117 126
317 117
253 306
82 183
8 323
64 296
158 104
211 284
277 276
180 178
316 303
73 99
215 76
203 272
236 267
240 146
61 90
318 220
206 236
199 205
96 45
91 23
79 75
169 135
198 170
18 138
56 58
248 213
6 181
67 101
249 222
320 25
239 100
39 22
309 201
30 154
184 275
134 113
47 263
301 6
55 236
33 306
131 241
181 305
299 35
303 269
200 8
84 277
42 85
302 81
266 322
69 278
87 190
6 117
197 253
82 47
176 77
112 147
268 113
298 168
53 198
66 208
87 8
67 110
155 223
305 230
311 37
288 47
53 3
48 272
116 314
288 68
282 294
187 75
45 124
114 94
315 98
58 23
17 262
282 226
136 89
38 55
320 21
37 7
82 37
102 95
96 115
138 295
230 13
125 137
269 203
77 217
228 253
26 85
14 48
213 32
15 174
319 254
122 38
86 217
39 8
110 15
276 100
117 298
60 283
213 243
261 28
262 16
279 112
159 94
151 123
24 146
304 28
48 199
169 298
60 23
18 81
309 111
68 249
312 14
129 74
84 2
101 18
29 273
251 43
18 74
241 148
7 203
142 254
87 106
181 173
25 242
160 151
122 260
274 13
92 155
11 75
276 206
139 166
76 303
91 304
271 101
50 210
141 53
277 257
103 316
183 41
220 107
256 57
188 140
99 47
229 177
148 115
240 215
137 70
257 256
89 215
312 114
40 92
60 278
132 120
111 138
14 167
28 115
193 311
135 183
262 119
54 274
231 315
56 152
185 100
278 48
165 129
174 249
215 223
309 288
109 205
270 128
267 276
72 3
221 183
167 49
249 103
321 234
181 56
116 52
37 100
6 23
18 184
274 234
243 29
59 171
4 214
21 258
222 253
152 268
127 232
46 250
148 19
287 145
234 23
298 117
61 118
183 59
138 81
101 62
151 258
151 46
164 193
10 318
243 209
119 40
138 95
323 90
86 14
16 315
1 84
121 40
300 66
89 180
127 96
29 286
242 82
154 110
68 91
305 79
56 33
169 68
161 126
74 273
315 106
160 271
38 52
12 118
76 162
68 226
13 263
203 315
113 157
263 92
283 45
30 47
220 257
216 20
310 126
96 29
171 100
84 0
164 203
302 36
135 302
264 246
103 106
237 321
71 92
122 164
302 144
316 249
174 107
112 109
155 85
193 14
278 204
251 69
184 120
251 204
105 238
233 88
228 146
95 35
261 225
179 99
251 28
210 195
218 280
208 138
103 198
127 171
316 159
101 157
93 164
124 40
284 111
19 40
256 161
230 301
71 154
59 21
114 243
40 229
222 129
102 188
166 22
140 254
314 181
88 141
229 188
98 228
63 84
211 105
263 199
51 312
76 117
6 82
111 96
81 36
15 5
249 211
118 143
71 51
204 169
318 24
191 299
63 304
74 210
264 288
187 104
214 188
201 283
166 294
113 278
225 109
23 295
15 238
48 165
54 34
165 107
256 78
173 163
190 10
179 289
25 307
100 173
243 323
29 169
251 296
244 260
154 70
128 63
60 160
110 39
30 203
237 136
216 260
175 169
225 57
49 178
223 191
263 224
310 32
152 250
245 108
298 264
311 224
148 283
107 1
264 119
82 24
272 31
101 214
61 276
272 205
73 271
204 244
208 196
110 232
249 31
239 219
101 175
249 35
288 117
121 25
123 7
265 55
157 93
177 15
19 13
175 171
286 5
116 249
62 319
159 81
86 266
153 266
65 79
82 34
253 202
197 145
308 318
241 127
175 32
248 20
166 96
6 253
5 105
106 255
114 139
88 86
48 260
179 158
243 290
278 76
50 293
142 211
275 307
2 270
182 253
270 98
183 140
296 99
322 57
153 31
120 93
51 23
104 45
224 58
249 203
215 141
166 224
288 235
99 200
280 261
33 139
152 42
249 245
185 89
279 90
203 283
305 297
173 15
149 250
309 25
123 36
128 308
52 250
284 190
138 9
136 80
71 7
74 246
228 49
31 260
42 166
2 268
66 112
192 240
81 62
160 48
164 105
54 177
232 187
248 5
275 253
259 290
209 251
133 288
12 90
173 109
251 225
14 207
111 118
218 33
171 233
124 114
287 136
181 165
319 295
166 42
220 46
247 127
162 13
104 86
312 171
275 183
271 72
186 251
6 260
40 278
154 259
146 285
105 279
190 123
117 111
85 29
127 297
145 271
262 170
178 97
131 1
215 182
210 53
136 226
282 43
116 221
203 247
290 301
98 12
71 295
221 160
227 109
66 186
301 160
52 56
248 72
68 267
225 80
23 236
191 159
318 185
207 175
106 283
14 191
179 217
261 270
91 144
108 54
159 260
48 250
57 169
229 184
116 3
103 224
308 167
200 71
53 223
150 42
218 26
277 281
159 203
201 134
272 27
3 282
115 156
178 86
222 206
68 176
283 130
196 124
231 131
230 311
178 17
12 52
254 309
69 296
49 156
126 115
255 256
285 103
280 89
302 18
53 196
113 281
322 236
193 48
60 231
185 48
262 90
303 161
240 171
198 262
68 116
87 296
261 4
89 294
223 48
152 300
77 207
80 228
22 315
115 186
271 259
8 255
218 240
23 42
259 35
196 233
317 247
246 7
136 284
293 35
20 297
78 209
112 213
293 202
105 124
100 153
198 259
109 287
84 170
295 65
116 188
278 108
52 60
121 290
223 169
33 267
145 109
294 203
81 71
50 57
294 58
62 123
225 286
60 272
37 120
96 162
146 5
173 184
82 259
71 168
213 269
186 119
88 266
93 29
155 214
312 31
261 35
52 169
216 157
205 50
60 122
157 140
261 244
172 24
313 45
259 271
292 180
248 297
158 115
245 211
180 219
163 243
136 142
286 234
271 316
79 315
90 72
235 55
277 311
65 307
209 157
76 165
228 39
139 147
294 322
111 284
311 19
112 54
97 102
73 261
252 190
249 273
204 36
3 151
317 36
257 254
313 24
319 113
8 165
178 21
121 252
265 10
131 136
99 112
179 254
295 1
136 282
47 49
154 275
236 108
34 79
0 302
107 223
237 241
322 99
230 295
94 307
273 144
226 195
33 7
78 296
316 100
52 35
98 127
234 111
218 165
58 204
222 301
305 43
215 228
88 14
278 2
2 41
267 235
58 126
72 68
1 284
236 66
280 108
90 70
152 153
139 118
176 235
321 208
214 230
282 208
308 115
276 131
285 248
103 215
260 216
292 293
288 267
18 283
209 222
34 68
216 97
34 75
32 281
167 159
23 132
50 250
271 170
20 16
125 22
188 244
128 236
106 277
312 182
192 118
82 172
93 185
57 235
100 167
315 118
237 82
310 215
164 287
305 59
166 177
49 51
269 25
285 63
75 125
272 70
294 117
289 77
313 80
79 70
134 229
175 313
97 321
4 147
316 96
53 127
62 63
153 320
81 102
246 130
150 82
114 213
90 104
129 83
41 15
1 161
213 313
29 31
257 214
263 316
51 248
304 57
210 176
90 225
78 240
192 104
132 189
64 212
246 219
142 226
217 150
46 8
215 173
221 322
64 257
38 19
89 317
55 223
235 14
255 222
291 255
40 47
124 103
252 33
69 199
322 279
41 170
292 120
271 146
255 90
27 91
242 64
161 259
160 96
129 296
22 297
170 65
97 16
133 191
280 147
48 240
94 56
157 234
244 43
30 167
144 12
199 31
221 101
67 241
130 222
190 211
43 81
285 159
81 185
178 309
190 121
253 43
164 215
61 93
222 158
197 298
206 290
234 303
205 2
188 216
299 124
268 212
19 92
183 138
287 9
100 238
64 199
221 132
217 183
153 68
55 157
107 300
142 251
208 269
309 124
95 15
170 315
96 136
195 146
168 20
320 63
30 41
108 258
96 165
45 54
205 253
197 238
233 218
225 66
264 6
303 209
239 278
34 300
278 227
94 115
302 142
100 35
265 5
302 280
246 224
2 68
271 154
79 300
6 86
24 263
134 102
23 119
252 15
235 25
166 34
257 288
0 214
269 234
39 24
51 297
199 185
296 264
238 228
156 205
262 303
62 73
280 277
141 36
214 56
251 137
166 287
232 112
19 176
260 77
161 169
53 156
67 93
266 247
198 18
162 245
82 26
64 5
253 57
93 192
269 216
98 300
154 272
195 73
157 9
155 17
46 38
208 301
210 312
99 169
44 9
68 55
195 283
135 134
217 236
123 180
0 208
146 114
73 74
187 234
103 69
154 227
49 13
221 20
102 51
98 172
219 221
240 18
62 159
59 108
21 153
20 139
91 261
52 230
223 295
175 147
272 58
60 261
174 46
219 161
231 218
240 101
221 43
5 289
174 257
67 202
280 43
249 28
213 10
191 57
259 85
319 109
270 265
156 311
64 186
274 321
55 106
281 155
23 213
180 154
29 238
303 190
42 172
56 204
71 277
55 10
40 83
288 164
152 150
217 116
235 172
265 47
103 213
146 181
171 185
174 183
236 28
209 224
154 268
229 274
90 175
244 207
290 226
104 94
299 73
256 94
56 18
321 260
200 51
80 146
308 253
216 257
256 148
18 286
25 244
165 257
215 31
302 22
300 213
221 168
191 45
10 13
82 93
123 110
155 79
120 149
78 18
195 37
144 182
322 62
171 93
163 289
302 231
303 21
189 270
313 98
26 227
300 228
305 93
104 96
1 47
230 313
197 251
4 96
146 173
279 211
188 189
313 195
240 322
42 25
312 126
16 206
307 158
303 292
231 285
42 93
145 10
213 22
100 189
298 4
221 224
196 179
140 291
285 38
44 76
233 0
6 225
58 123
190 215
155 45
263 2
285 9
8 312
123 197
150 311
253 204
267 316
168 197
114 195
161 171
259 181
270 113
297 50
288 225
108 158
88 26
78 229
4 261
203 80
284 134
257 265
17 4
150 290
162 33
223 131
274 66
266 84
22 2
68 243
256 208
126 219
207 284
220 126
61 44
316 57
220 141
286 313
86 50
255 35
142 30
82 241
17 302
234 29
199 201
178 3
110 65
132 105
250 313
269 222
302 224
144 117
22 54
142 175
95 230
138 151
208 289
16 107
262 318
281 293
79 63
119 274
56 42
180 291
147 31
40 115
254 278
108 209
71 27
56 218
218 260
9 47
151 312
272 147
296 88
216 30
313 272
134 117
302 89
75 271
315 177
180 61
108 67
36 278
253 50
116 310
248 195
284 259
115 43
2 276
215 315
53 129
197 229
287 299
168 176
177 196
256 175
233 92
86 215
53 207
254 117
126 249
29 215
301 239
84 27
72 194
185 46
316 146
253 280
50 147
287 54
83 168
321 247
175 234
84 51
135 214
155 15
129 290
78 246
117 67
140 227
150 218
34 117
216 171
44 265
27 191
257 269
10 164
15 27
284 35
60 127
293 222
205 18
317 27
260 130
98 271
189 14
73 60
217 148
215 234
184 182
145 264
140 76
235 121
142 309
139 138
301 222
228 190
221 170
219 266
29 92
258 322
138 61
246 305
299 172
24 296
310 316
317 187
207 157
226 64
188 64
213 60
198 157
285 237
292 143
31 107
111 28
266 80
85 115
139 26
22 136
280 302
321 12
296 217
112 151
189 72
96 292
288 297
292 220
0 210
245 240
255 224
279 145
93 205
171 134
200 173
68 129
99 72
194 321
216 253
120 318
51 188
152 193
166 147
160 57
320 297
60 187
309 54
131 168
219 135
267 163
19 174
195 34
277 307
279 57
15 236
293 13
152 276
253 92
63 321
244 101
303 181
245 289
227 149
104 187
299 257
308 215
166 1
137 267
223 92
133 104
25 105
145 134
272 253
2 257
142 77
205 64
163 31
55 78
270 155
32 67
78 294
178 82
61 274
208 246
113 105
251 26
123 25
128 279
60 48
28 170
171 95
90 44
153 148
201 159
195 109
127 105
96 309
261 109
18 59
155 195
232 304
50 230
63 104
101 50
191 72
94 118
232 230
92 78
152 160
23 257
135 98
267 71
295 212
203 151
213 91
18 238
36 42
171 210
85 291
188 147
81 161
266 245
0 0
6 113
240 173
280 166
176 94
251 35
60 210
68 256
24 73
169 40
124 135
66 12
226 309
164 2
104 314
136 177
241 0
262 107
278 298
209 205
116 259
88 161
249 26
182 271
322 116
112 243
53 133
62 92
127 217
65 114
150 127
183 91
318 20
171 216
275 300
210 319
122 172
284 316
51 265
129 9
72 78
240 249
209 118
11 144
141 162
129 292
219 189
241 119
113 10
57 70
108 261
309 314
91 217
314 171
122 200
40 117
255 51
317 44
302 140
288 260
289 174
255 40
64 159
314 285
36 177
94 282
99 146
321 275
229 223
154 283
113 237
121 101
74 315
200 316
233 99
320 278
237 170
133 303
243 252
184 87
170 218
232 314
90 306
40 240
12 10
189 192
270 122
168 45
210 226
231 193
278 313
241 160
171 85
44 49
216 237
105 218
148 5
193 46
107 275
158 262
264 281
58 59
149 14
94 137
34 136
42 265
169 301
198 70
307 142
167 208
305 39
26 248
196 160
181 298
270 252
19 90
217 58
227 53
263 22
94 193
274 287
91 223
271 209
218 238
111 282
202 319
121 228
202 221
81 32
79 248
300 207
51 96
180 248
117 202
289 299
63 96
101 244
156 240
144 277
225 5
311 112
261 128
255 92
194 227
255 88
203 78
148 310
35 173
94 46
207 199
41 247
28 296
245 271
123 308
133 38
26 296
300 187
180 246
248 263
221 120
4 313
139 233
201 184
187 191
127 68
286 7
255 279
243 144
239 177
271 91
90 93
152 278
182 210
241 37
156 5
22 264
262 185
118 224
102 136
203 65
154 291
187 139
5 13
310 114
146 145
19 207
240 280
281 45
153 298
69 153
174 95
58 44
212 8
205 208
10 41
194 271
249 91
169 43
289 119
250 218
192 36
68 99
153 279
203 134
66 71
97 14
177 164
317 129
66 16
163 312
198 163
0 6
88 276
276 178
29 19
40 212
169 242
89 232
37 135
138 99
102 45
268 85
266 254
168 76
167 257
232 292
14 9
309 171
296 90
44 74
157 163
253 178
309 133
221 149
214 261
298 46
217 173
304 30
164 36
129 211
244 254
146 154
121 110
12 208
142 125
299 242
293 228
217 277
129 213
47 51
127 57
8 163
92 247
175 1
98 268
280 75
80 314
275 92
274 75
217 73
127 269
103 219
39 196
318 164
269 259
23 101
321 135
177 123
227 81
83 287
315 35
191 166
204 193
290 124
87 116
80 19
321 83
276 221
78 13
209 125
61 216
194 133
61 298
126 33
313 6
193 108
164 52
79 197
66 206
62 137
16 155
199 227
119 257
206 132
253 250
215 255
156 173
228 201
119 5
291 24
152 105
312 223
295 26
43 312
103 206
7 282
123 182
208 225
295 16
58 259
23 173
307 227
218 208
24 309
306 198
40 206
125 278
114 247
182 241
296 177
18 298
41 147
316 316
266 43
316 50
120 38
194 229
214 39
286 89
246 44
78 274
28 59
146 320
77 130
258 183
112 79
201 200
114 155
33 59
110 47
15 285
287 170
257 243
118 248
13 176
220 118
103 33
176 194
112 194
66 264
141 253
13 178
11 169
29 199
304 253
153 142
264 44
122 34
27 70
43 192
66 59
190 197
240 157
105 310
78 310
140 316
307 208
42 321
141 21
97 48
34 43
205 285
237 141
114 85
290 222
17 272
197 65
166 105
140 61
247 309
142 199
192 182
94 62
253 168
142 61
317 157
311 144
5 303
266 243
257 197
46 201
218 163
51 174
297 34
177 157
265 320
41 208
282 64
127 234
115 199
57 255
304 151
197 44
286 315
185 320
140 310
196 228
146 33
312 227
270 207
299 50
142 240
87 291
252 292
309 165
42 223
140 239
38 266
138 223
168 218
182 247
250 2
1 49
31 285
199 28
25 317
231 178
317 148
118 127
261 300
228 105
63 71
216 162
256 150
84 131
239 61
239 240
223 299
251 279
127 15
101 258
307 245
269 261
78 227
136 181
114 223
274 70
210 139
164 198
64 309
241 89
298 294
253 153
244 189
86 22
240 93
25 113
63 14
192 91
323 300
107 137
123 55
167 151
214 186
268 37
3 19
31 154
262 101
27 108
233 81
84 142
215 59
238 179
36 146
226 238
111 87
40 267
264 175
12 296
180 283
283 239
6 1
61 3
58 159
11 142
40 195
117 215
58 121
73 294
121 288
144 6
16 260
74 212
267 73
290 26
209 235
110 318
37 15
11 273
169 99
143 236
65 241
96 157
258 258
268 97
4 149
13 172
21 3
19 209
211 261
106 165
28 63
321 31
154 183
44 292
26 302
16 311
300 17
250 108
91 296
26 206
197 227
20 239
269 273
174 283
294 234
277 182
148 181
148 41
186 169
17 143
135 280
83 193
93 120
158 134
163 42
306 0
242 103
159 197
301 87
70 77
298 89
167 57
128 20
264 240
151 161
23 82
170 54
188 197
45 126
255 69
69 167
289 256
231 26
180 216
116 294
53 280
137 194
112 107
184 21
218 82
220 220
47 147
147 295
0 247
207 306
56 289
94 154
206 10
140 23
263 302
85 273
71 2
127 299
39 238
84 312
231 245
151 298
169 184
117 296
56 95
126 71
112 85
76 128
307 116
253 232
55 241
215 170
228 186
157 213
19 61
141 92
91 146
173 251
75 120
168 93
176 70
227 55
94 58
310 135
278 222
111 51
190 104
265 158
42 145
314 161
97 72
208 110
190 269
118 246
307 251
192 248
71 19
53 150
285 139
74 238
17 304
107 58
139 213
51 4
303 258
232 73
307 121
45 177
276 20
282 222
277 123
85 107
60 1
171 201
152 107
124 279
42 38
187 100
156 56
173 124
3 179
151 309
128 254
300 294
161 161
35 188
163 136
167 68
110 220
257 233
60 305
48 159
95 205
35 100
317 176
112 66
53 307
115 238
32 69
256 112
85 169
94 135
322 245
157 144
122 193
190 54
30 17
113 56
127 180
228 35
124 27
253 160
205 122
133 47
191 114
20 66
314 187
232 296
214 20
125 5
195 277
237 239
41 141
191 310
181 42
120 113
198 274
114 21
128 96
322 204
112 233
55 290
60 150
34 31
251 103
128 131
79 213
10 227
84 310
316 257
270 291
81 95
289 227
106 184
95 213
91 234
65 321
56 54
277 32
33 29
242 47
7 38
304 0
323 315
323 55
256 14
203 104
55 268
195 275
2 244
21 191
105 263
86 276
248 313
219 292
38 195
245 209
75 285
285 162
94 292
5 185
72 287
116 117
118 95
23 24
91 315
112 258
86 85
201 198
270 39
90 77
18 321
293 279
285 271
230 303
155 273
163 258
53 297
234 230
93 0
238 108
224 31
21 174
229 122
203 50
193 315
15 119
5 29
256 54
226 135
225 78
114 250
248 170
238 61
297 269
308 29
285 97
76 256
91 81
286 258
222 227
253 62
119 186
252 276
11 163
31 318
58 218
85 181
86 25
322 74
20 172
282 189
205 16
223 6
243 202
1 196
148 134
286 48
3 15
195 107
181 137
59 256
39 302
63 255
239 293
254 149
206 118
272 234
37 267
162 67
245 221
60 152
293 26
232 200
206 52
208 190
68 59
212 99
261 14
242 174
143 202
250 70
295 162
207 195
196 251
166 20
127 262
193 294
232 302
35 81
121 112
265 160
165 250
280 240
263 46
296 156
183 231
124 308
29 197
258 53
177 10
200 24
286 297
179 305
188 1
45 58
142 90
212 92
94 207
174 122
76 121
243 162
302 29
201 314
113 95
191 43
263 207
60 181
209 255
257 50
159 164
9 268
9 69
15 295
280 227
181 10
33 296
56 168
169 66
280 207
247 222
126 154
230 261
218 19
164 23
192 132
158 173
180 311
16 59
149 24
48 115
308 160
54 152
171 136
216 47
238 315
79 219
230 50
157 14
299 104
129 167
239 284
207 208
268 129
214 108
66 227
47 167
94 158
199 268
123 42
192 208
113 126
290 259
308 241
180 210
149 68
310 318
180 109
87 216
133 111
242 78
250 220
27 176
93 296
189 66
284 304
189 190
276 251
235 150
43 123
235 190
44 96
210 51
184 286
81 48
45 313
153 224
222 221
312 90
24 99
255 241
201 247
101 90
74 248
117 25
127 137
157 232
36 302
29 69
202 281
136 251
242 93
192 16
190 184
84 118
234 145
313 156
214 321
7 142
210 304
76 247
271 310
291 118
311 98
130 204
41 7
65 44
205 14
56 145
110 256
259 184
281 164
267 320
57 79
250 281
137 103
28 302
295 254
236 13
266 116
83 148
83 220
9 304
58 266
157 271
298 90
116 162
272 125
65 3
90 265
147 65
31 291
117 309
220 9
224 23
55 142
247 210
136 170
50 295
24 103
7 201
179 32
44 180
42 116
96 27
163 195
34 190
281 145
31 161
14 121
170 23
91 294
103 307
14 139
225 208
54 68
239 6
321 171
91 86
244 35
218 206
161 214
98 249
21 318
224 64
2 280
247 177
112 251
245 197
207 150
280 135
119 226
102 197
69 203
217 195
198 206
278 131
306 240
133 140
243 94
321 313
99 297
138 200
178 156
275 223
318 279
265 316
54 107
255 49
33 124
50 166
155 76
16 95
11 116
292 305
66 77
169 61
164 3
151 87
250 260
180 240
230 76
314 227
291 150
272 38
255 42
144 77
96 232
98 310
273 200
216 288
119 321
269 236
317 14
44 251
288 258
94 244
266 181
19 200
215 274
230 239
156 237
200 43
292 259
188 98
87 16
60 63
62 213
299 108
181 68
38 313
117 289
152 126
107 14
66 115
124 236
230 42
181 139
286 255
157 7
247 179
175 181
261 167
63 44
309 67
162 231
32 157
92 56
16 181
313 54
140 116
177 62
27 298
318 293
227 236
278 157
50 226
56 282
16 138
307 106
199 297
147 102
320 305
205 300
143 260
9 273
43 170
276 12
190 127
32 120
273 189
241 254
1 212
309 203
157 101
280 162
257 20
303 271
277 129
260 188
118 295
185 284
7 46
50 70
251 196
235 228
86 130
255 300
250 124
3 238
267 161
181 50
20 283
258 83
53 194
66 180
105 316
110 265
74 118
242 121
152 248
10 280
59 60
186 116
246 312
210 99
22 299
311 5
175 185
249 138
30 207
105 169
301 296
24 234
232 12
204 144
213 79
56 266
139 187
247 18
247 16
137 6
104 208
297 315
54 225
140 125
114 39
93 110
162 124
108 266
144 308
172 148
103 125
53 290
174 210
58 242
83 285
42 111
303 19
173 234
138 58
2 263
306 41
179 57
118 263
302 147
245 81
68 162
164 174
288 243
107 186
211 218
291 36
56 163
206 120
282 198
62 194
86 264
169 63
69 75
286 193
140 294
316 31
0 8
206 311
310 30
240 199
46 152
193 9
99 55
62 309
248 43
113 122
178 256
295 76
216 67
316 242
142 307
137 148
307 179
297 45
274 196
275 232
34 254
311 60
130 253
63 276
318 298
183 180
132 33
74 269
107 256
283 159
59 148
284 55
69 309
111 53
283 81
300 36
249 279
58 95
233 189
4 225
73 107
259 196
94 248
252 246
252 55
172 137
173 81
281 200
190 119
195 43
185 266
54 90
289 50
199 100
163 131
90 40
309 156
17 27
195 93
45 17
267 67
267 197
323 283
206 212
247 187
15 53
119 231
213 307
183 260
312 186
231 290
186 19
128 215
145 275
169 10
139 0
118 314
76 241
110 41
24 261
260 264
237 245
148 151
129 169
69 105
267 199
313 183
31 118
159 11
54 278
311 275
37 322
241 156
199 172
126 174
267 216
38 50
266 280
53 242
313 47
29 257
67 285
33 241
206 177
129 15
18 223
5 301
165 59
253 316
20 316
73 12
58 142
157 28
273 11
34 275
303 196
160 115
135 275
214 37
227 123
237 112
310 15
322 133
123 195
276 234
223 243
219 183
17 91
121 194
176 209
140 308
97 238
294 226
229 110
196 129
146 126
115 141
224 141
271 28
304 81
165 50
114 78
214 161
262 168
104 152
297 132
1 93
293 39
159 218
128 264
322 70
4 311
48 163
131 306
89 186
176 211
213 100
298 170
24 118
143 275
322 219
114 148
186 227
278 256
139 73
18 258
252 8
310 73
92 298
186 29
232 60
3 231
27 317
159 39
17 285
263 173
57 34
23 151
283 128
121 49
8 197
279 164
230 283
5 80
23 215
231 166
179 165
135 128
277 186
53 78
186 317
50 16
51 319
243 104
302 169
159 162
267 214
143 143
228 129
26 55
51 271
288 105
146 200
264 217
216 285
103 295
168 98
240 125
74 103
40 85
210 137
37 319
170 178
306 45
265 215
192 214
216 119
307 189
100 111
63 12
219 258
219 1
253 293
43 114
112 253
103 15
240 299
37 317
34 252
143 177
194 259
53 47
313 105
76 239
306 72
66 281
42 279
55 134
199 84
100 250
228 271
104 34
219 83
160 298
79 318
214 215
121 42
302 315
90 283
162 302
270 293
115 278
266 65
31 255
52 190
33 188
275 87
58 136
291 75
264 161
39 6
30 68
71 192
92 126
177 173
134 281
199 40
216 32
293 51
118 276
161 206
127 152
257 293
183 159
166 108
32 137
316 92
34 265
234 147
32 249
184 250
291 17
299 106
154 108
239 270
19 120
163 302
299 71
122 188
142 215
194 105
40 108
265 153
11 228
103 75
244 53
141 123
117 43
107 311
136 316
110 4
322 232
181 176
137 297
220 255
236 178
220 312
306 288
217 43
240 260
11 267
62 181
77 64
21 243
20 109
188 77
185 277
205 151
34 8
281 19
76 15
220 70
302 228
229 126
316 188
283 282
138 75
148 147
152 311
201 0
62 48
115 125
100 260
154 270
16 212
204 195
32 308
81 182
205 89
152 314
312 323
275 284
46 19
248 152
75 63
148 319
273 93
281 291
263 55
284 85
16 153
295 242
8 305
179 196
106 56
116 139
293 232
46 85
233 120
134 314
133 305
148 117
134 212
282 210
136 162
187 323
20 286
238 65
139 82
278 0
303 184
73 193
63 221
220 105
3 157
131 205
51 168
135 71
150 67
75 296
314 194
265 50
14 272
283 10
158 152
173 115
94 41
192 22
23 4
297 195
51 305
5 187
13 303
295 135
237 269
88 143
98 256
118 310
54 59
2 60
134 11
63 82
276 245
131 48
103 229
1 315
112 30
40 181
190 247
76 307
118 152
168 199
213 13
302 154
308 301
175 63
313 258
213 34
215 214
50 212
163 126
233 57
37 227
10 35
31 130
252 5
40 245
211 235
54 309
317 78
170 277
305 25
47 233
58 144
120 314
191 146
184 118
120 222
267 300
264 24
86 171
27 236
211 10
250 63
64 85
319 137
30 152
148 43
152 184
131 143
201 287
228 322
26 16
248 271
245 68
168 279
185 50
173 96
262 175
83 71
27 2
136 269
269 115
6 313
110 234
246 42
39 17
228 72
211 270
234 314
156 125
54 57
230 171
2 97
101 201
76 4
39 153
175 85
239 181
232 35
39 290
51 307
24 182
209 174
54 265
14 94
97 273
141 166
310 293
130 166
160 27
216 295
123 258
109 260
236 6
68 77
154 171
323 136
40 18
68 207
255 67
318 22
18 79
69 192
254 230
129 231
252 170
155 212
12 73
85 220
250 45
250 15
29 3
280 323
232 234
42 182
189 74
213 107
35 276
143 293
61 32
157 217
97 147
98 114
299 161
314 262
142 3
192 286
53 248
151 307
169 219
308 76
145 50
275 145
236 8
48 8
126 190
77 155
137 313
38 117
233 103
305 200
177 305
230 280
276 240
290 179
90 248
217 0
41 309
111 212
21 284
69 311
273 291
74 2
74 136
201 207
170 265
82 238
264 111
117 274
300 21
68 274
29 284
171 110
119 66
169 165
161 249
206 69
246 132
198 128
142 182
29 58
309 8
224 220
13 119
64 181
306 105
205 199
253 103
143 271
132 292
214 159
300 141
125 234
251 206
156 230
27 112
171 271
151 155
264 107
220 205
134 81
174 222
274 77
178 68
163 68
100 26
225 298
28 153
307 292
280 268
318 223
35 306
259 292
236 288
274 252
252 124
303 200
40 262
191 284
318 96
102 37
187 167
29 195
57 216
26 246
265 63
284 136
166 152
154 0
90 89
111 116
84 236
97 201
166 292
53 188
15 223
53 292
61 308
196 300
162 15
116 41
20 260
45 286
155 193
192 250
137 166
293 59
138 260
134 77
234 13
67 306
242 116
179 7
134 106
75 208
313 4
288 120
43 77
35 60
155 322
241 62
320 218
90 143
248 172
55 128
231 232
27 149
27 187
118 4
236 23
22 211
151 242
293 33
84 275
227 192
18 93
293 61
175 120
167 210
151 179
84 304
264 181
238 47
263 171
284 164
56 56
125 161
179 112
116 8
0 275
115 129
240 311
272 1
49 251
288 49
59 117
273 137
126 75
131 138
28 88
279 104
3 153
241 292
54 92
62 272
269 130
304 139
99 205
219 185
277 101
317 80
1 43
261 291
134 64
54 88
184 147
261 177
299 314
21 123
51 199
303 226
156 183
284 105
117 14
189 217
167 195
203 183
146 266
281 68
119 299
33 292
278 34
264 75
119 297
176 307
182 251
50 38
172 172
43 164
55 317
154 94
286 232
76 293
319 79
42 83
175 115
246 128
133 34
233 171
73 23
280 52
8 56
297 262
6 166
264 138
144 201
87 148
126 59
218 106
286 85
112 75
70 65
143 160
307 314
250 247
291 303
10 2
298 24
17 130
37 58
231 168
142 34
260 312
244 9
61 189
143 50
126 81
271 30
52 157
215 1
99 49
140 28
69 30
307 111
157 142
131 279
242 321
253 126
282 280
70 140
189 58
279 30
137 183
198 29
142 16
119 309
6 189
279 201
261 215
253 224
75 91
302 212
145 140
311 239
45 309
108 247
264 298
107 286
77 236
248 269
172 189
125 49
140 322
113 192
122 149
23 117
