252 306
242 95
127 33
226 0
25 184
286 148
235 112
84 240
95 61
275 315
34 101
134 217
143 186
3 28
39 99
253 277
141 13
2 53
268 218
74 105
92 207
42 293
145 19
206 153
150 209
7 261
27 17
34 291
86 142
55 179
1 282
97 307
229 263
159 280
278 231
304 198
262 206
146 13
320 186
185 311
40 101
108 277
47 270
142 127
226 90
127 154
303 10
105 97
32 40
48 20
114 108
5 256
265 198
61 47
72 47
249 242
28 113
215 303
153 238
290 193
181 48
161 68
69 107
169 209
138 107
312 259
51 25
75 150
195 194
241 65
276 241
203 194
142 289
148 33
42 1
218 108
311 116
41 238
203 42
47 262
137 299
239 195
119 91
14 51
157 58
67 18
59 196
243 176
277 155
122 184
38 206
30 198
190 278
190 78
248 305
237 208
316 34
243 147
277 111
280 223
227 269
240 129
111 89
193 322
60 104
203 130
128 221
51 310
244 206
322 303
2 104
322 233
66 238
118 62
305 266
122 196
177 84
0 205
262 4
208 311
60 125
60 158
97 260
65 57
181 180
264 54
183 306
82 143
278 174
146 116
6 17
218 176
186 322
306 123
12 192
276 208
308 123
98 266
15 90
59 78
290 75
98 174
134 176
25 229
105 9
284 297
319 232
165 185
200 287
131 302
254 33
226 198
36 5
66 38
280 190
161 136
17 281
146 113
84 185
0 5
36 273
300 209
143 19
273 306
277 116
283 162
306 206
231 11
293 64
0 13
34 5
155 232
250 264
190 228
246 53
307 104
89 52
151 116
318 234
214 316
313 188
194 319
266 74
280 181
282 136
232 1
24 260
283 132
195 177
67 173
231 109
115 45
145 282
68 135
297 100
190 132
165 17
98 285
194 238
123 177
131 140
135 174
2 40
24 134
291 174
149 177
261 191
242 118
305 268
168 78
26 277
70 218
68 283
104 281
51 233
12 222
133 48
274 136
278 292
256 113
88 94
287 167
18 5
102 166
230 143
167 290
192 106
137 90
263 102
273 6
200 27
95 283
184 240
207 229
141 114
202 145
156 171
265 6
220 166
271 305
317 253
76 196
110 203
10 45
149 248
107 171
17 61
239 196
1 126
287 199
155 261
288 79
267 154
294 91
200 158
308 295
241 138
129 161
179 124
167 95
198 147
275 255
251 91
82 169
84 322
286 102
304 61
196 126
319 256
91 256
264 215
141 49
236 79
49 155
53 71
241 123
291 223
296 26
142 305
128 86
124 283
65 295
275 110
86 44
321 14
135 148
285 83
195 32
188 30
3 86
28 65
198 61
129 192
265 46
288 66
78 130
88 74
297 179
16 270
133 241
293 241
5 216
5 239
155 19
15 20
323 128
301 62
55 8
29 96
262 239
73 288
293 122
269 26
299 281
263 183
169 276
203 295
166 51
313 263
236 25
283 207
250 297
322 5
61 166
48 213
63 274
299 8
81 83
79 138
294 139
169 195
27 130
266 252
132 100
52 301
208 81
100 322
100 206
28 193
57 48
42 110
307 239
96 228
168 2
154 33
35 224
82 253
124 294
13 212
241 101
14 311
36 218
222 132
12 247
69 138
47 107
6 305
269 67
106 7
85 126
172 299
308 91
53 310
299 241
231 288
80 263
276 84
215 241
179 10
70 28
189 79
45 204
291 94
36 66
295 260
73 227
218 127
200 221
221 296
117 312
228 310
323 295
319 36
199 306
139 126
229 200
265 242
231 75
164 293
66 14
321 237
92 166
300 128
144 269
254 4
1 219
307 25
180 147
317 98
152 319
177 237
199 19
6 180
68 109
124 47
153 302
17 237
189 87
181 81
315 241
211 201
155 104
152 281
55 172
214 44
31 70
14 277
56 24
76 313
46 26
36 233
173 102
96 125
22 261
28 253
200 244
201 79
249 226
215 29
109 55
307 303
220 281
84 201
137 198
33 175
299 142
203 13
198 140
201 219
125 281
236 295
189 144
207 37
106 177
64 320
70 117
253 308
241 162
161 282
0 50
115 215
154 205
76 295
129 249
158 161
291 2
26 88
112 2
117 28
107 167
21 130
105 61
12 126
312 170
78 128
269 162
92 209
94 166
266 227
46 117
297 109
147 282
243 96
140 262
298 181
102 305
56 315
51 77
222 143
137 204
63 125
295 78
237 15
70 30
297 143
273 172
73 88
43 243
319 127
86 234
1 158
197 92
140 182
294 250
238 141
314 34
285 256
294 77
271 235
152 70
263 320
318 217
177 88
218 194
51 251
131 92
320 262
287 268
8 3
213 160
63 214
254 38
30 43
119 68
175 42
237 71
74 294
149 72
183 262
129 139
54 55
80 207
218 257
5 189
233 149
283 279
73 77
2 95
131 50
39 14
55 115
170 147
246 272
97 205
303 222
297 260
312 22
43 42
121 275
142 160
150 91
156 243
220 253
79 284
168 24
159 23
115 93
242 261
8 127
233 90
11 61
107 229
1 248
238 295
30 120
94 219
235 89
304 104
230 175
220 251
179 199
74 286
9 40
204 221
216 275
155 302
206 221
168 263
16 82
192 309
116 85
122 55
174 105
11 49
302 114
205 282
219 133
95 211
192 54
182 147
268 246
123 205
108 309
278 300
83 103
172 183
44 72
77 16
251 205
311 68
280 221
158 136
3 292
195 45
311 156
266 119
71 219
241 91
193 284
35 77
293 18
190 258
191 185
189 150
22 40
308 290
84 81
23 206
56 93
75 106
77 312
241 158
127 254
241 2
201 215
139 20
155 31
302 188
205 272
8 1
216 313
162 228
292 253
51 224
54 43
309 312
82 84
20 299
234 7
12 181
157 18
39 107
144 174
108 317
157 149
103 153
138 315
310 246
60 82
258 38
294 201
76 287
221 54
159 34
203 111
290 306
31 6
317 164
141 273
254 86
9 109
116 75
313 36
315 171
160 279
15 276
261 26
318 259
104 304
32 215
170 25
286 120
286 135
228 320
182 311
255 160
231 56
258 94
95 290
97 193
185 145
55 66
191 199
113 143
162 2
131 23
109 186
176 149
96 24
157 111
86 124
227 197
300 38
170 57
159 113
233 188
305 117
292 273
195 301
75 6
274 187
132 80
219 115
28 231
76 272
129 125
136 218
169 197
168 216
139 2
278 137
236 279
173 235
250 30
264 196
162 275
25 181
21 138
130 17
192 94
195 23
233 270
90 203
238 236
43 94
161 117
117 184
69 177
188 28
15 166
291 60
235 246
295 294
34 66
215 276
118 204
169 167
167 11
11 0
40 201
113 296
81 154
87 67
16 145
275 310
246 186
216 207
265 260
169 175
84 191
137 42
121 309
273 198
42 142
113 19
304 300
8 113
294 186
219 94
155 146
34 61
238 320
156 51
33 76
249 127
122 116
296 168
84 7
192 282
80 91
86 285
167 154
10 63
232 180
243 120
15 62
72 20
262 140
249 16
78 33
322 98
121 183
51 194
55 28
188 205
42 168
32 34
260 162
42 245
148 144
232 120
272 113
210 8
320 61
262 281
30 88
286 178
163 279
176 24
301 242
254 124
88 147
232 289
113 153
31 163
243 91
24 223
140 225
172 94
271 280
314 0
267 99
15 49
293 184
171 146
63 4
206 72
19 24
177 193
89 173
169 289
62 196
155 278
196 149
203 185
29 90
56 277
150 195
289 183
84 117
281 261
54 263
243 157
25 24
57 319
220 63
271 40
146 16
279 20
58 250
93 244
67 266
250 6
246 178
298 102
95 156
198 308
260 319
251 302
7 256
156 102
90 25
193 38
128 75
138 149
101 114
268 220
90 65
67 304
232 182
38 264
71 175
96 109
23 190
137 164
252 109
231 269
249 136
232 100
199 299
129 22
180 175
44 311
49 12
172 317
254 295
273 285
279 162
232 322
62 198
242 77
299 197
209 209
113 266
16 151
284 260
8 272
155 93
125 42
242 140
253 197
72 86
314 305
147 9
99 79
117 128
171 241
76 228
71 198
167 136
32 48
46 214
45 137
58 257
1 62
136 137
259 125
179 63
21 142
103 200
223 245
107 279
207 98
304 272
16 25
237 56
35 110
153 145
211 188
24 278
183 69
282 140
312 107
113 294
198 63
135 291
153 128
37 255
161 134
207 227
73 215
245 82
86 42
254 54
230 124
37 76
94 229
179 221
290 257
50 19
113 89
26 134
194 166
211 101
103 252
316 166
46 29
210 249
103 230
264 22
310 173
82 321
105 122
41 243
234 182
70 109
143 53
192 223
300 170
188 120
280 210
105 294
302 283
277 210
293 242
240 234
119 259
159 67
164 229
230 133
13 171
13 163
244 130
228 239
108 148
16 224
166 99
238 243
90 167
243 38
297 294
22 157
298 284
172 111
154 242
305 151
88 278
36 253
60 80
104 218
301 172
195 254
45 116
52 243
226 240
216 69
90 90
291 281
294 110
295 256
194 15
34 241
176 104
133 9
161 296
220 11
185 139
218 117
26 166
97 212
247 67
38 12
271 275
48 71
153 173
20 151
75 44
181 300
293 111
45 134
301 281
238 19
254 148
316 191
189 311
255 294
276 311
58 212
299 100
252 263
155 143
202 317
37 277
300 168
148 94
226 223
292 198
315 215
90 148
71 23
175 228
262 188
18 152
15 213
13 130
217 213
56 44
308 174
176 122
19 130
306 242
282 220
199 295
146 84
5 270
282 34
126 117
88 264
185 68
203 147
124 270
313 67
317 192
255 122
246 242
39 230
78 118
301 226
151 142
88 32
98 3
61 0
61 180
194 231
108 230
279 103
28 211
270 246
138 116
225 310
320 144
299 4
108 184
182 245
243 267
58 49
189 181
233 2
95 3
159 13
37 225
25 195
18 197
72 22
3 22
262 216
111 103
73 185
248 221
110 297
86 290
311 142
246 94
229 41
309 52
151 23
189 89
78 56
263 26
208 118
20 124
16 97
184 312
158 230
228 126
272 77
154 301
32 65
65 211
246 308
248 187
39 251
235 233
115 160
154 229
250 4
105 200
237 7
75 263
206 17
217 86
15 262
322 226
46 59
127 141
257 146
218 188
270 144
300 165
226 79
68 66
117 215
54 80
287 201
135 9
250 196
316 137
283 312
101 295
233 284
197 296
60 30
53 105
142 291
312 39
180 208
220 230
91 314
277 162
318 34
110 148
121 68
303 250
20 149
115 299
302 162
69 295
193 292
3 313
65 291
154 246
212 107
65 15
203 11
37 92
223 196
134 142
273 72
37 299
35 220
158 319
36 174
214 16
28 233
126 230
139 236
286 239
22 271
41 36
237 49
259 176
115 164
41 134
278 128
246 310
202 192
204 30
144 141
254 248
295 87
168 274
18 144
66 84
234 235
212 246
128 123
267 101
100 23
85 53
254 210
255 152
40 193
201 62
281 42
261 298
21 216
273 16
224 62
193 44
173 256
157 79
237 217
76 194
273 168
141 2
139 169
104 136
210 256
315 80
156 270
32 28
252 294
154 231
28 34
34 218
173 182
182 75
20 82
77 255
290 172
139 124
129 241
16 222
270 312
99 77
231 59
69 89
217 2
259 13
31 109
167 33
260 133
235 322
30 64
115 127
152 297
172 230
192 258
136 40
103 17
212 69
14 98
132 176
27 132
237 254
77 201
40 223
315 307
115 240
293 141
124 5
41 205
307 200
319 205
38 315
25 110
117 12
198 94
261 127
212 90
222 107
47 144
271 37
96 154
27 180
224 134
211 109
134 119
273 40
28 134
210 300
199 33
57 77
75 198
207 209
203 91
164 300
207 254
322 181
230 71
126 271
220 116
65 243
247 95
22 72
212 175
258 313
60 257
121 169
83 62
112 256
108 188
153 170
154 56
124 117
140 63
16 47
279 278
190 270
287 68
77 197
233 51
279 116
41 126
205 81
150 134
200 62
208 154
243 231
226 307
112 20
93 80
105 186
193 239
288 181
149 132
242 203
233 153
61 164
113 195
227 92
175 14
305 302
37 279
314 100
89 235
176 111
241 136
205 210
224 56
207 60
221 95
189 142
128 239
72 161
248 22
134 109
147 249
53 139
242 280
24 276
197 141
128 300
319 207
167 108
319 108
176 256
251 61
16 141
314 27
210 217
30 206
304 169
182 157
35 196
52 232
4 62
193 82
16 197
219 149
293 148
20 33
99 35
310 162
234 79
156 147
279 42
297 47
65 240
76 243
308 170
62 34
44 293
155 149
235 170
306 91
145 169
303 265
150 254
217 223
223 225
114 41
101 252
64 264
55 177
299 296
67 131
176 162
302 20
219 84
133 98
276 313
276 226
20 91
58 103
187 51
303 24
30 262
13 105
267 63
61 211
44 19
74 36
213 315
67 79
222 152
59 45
135 267
17 105
222 10
282 107
102 120
188 122
236 205
250 295
161 39
43 193
286 260
205 288
8 55
189 316
173 232
227 88
10 275
309 98
145 202
140 304
230 97
6 237
93 36
52 209
194 130
202 143
287 236
146 63
137 8
322 113
1 312
172 239
156 74
123 150
135 115
53 282
161 47
57 244
276 18
313 118
177 283
28 42
200 156
317 135
70 257
201 111
241 310
308 205
41 230
293 37
198 268
151 32
136 271
110 74
159 21
49 228
13 293
156 263
59 252
253 192
191 177
304 291
218 282
74 25
195 127
242 81
218 157
274 68
177 64
56 103
29 209
196 105
186 0
263 245
128 17
67 255
238 204
57 8
251 309
119 17
198 9
202 132
147 14
275 75
134 45
76 46
243 303
257 176
6 96
42 180
5 68
174 259
231 212
140 199
242 99
274 138
3 261
73 165
67 167
227 150
207 302
51 156
320 34
190 157
275 47
288 193
93 14
107 204
277 247
91 245
111 265
219 168
125 140
251 101
175 306
77 305
140 235
302 50
27 229
2 63
73 10
147 136
24 266
200 101
298 266
245 143
191 245
282 301
161 197
59 10
78 169
282 85
248 281
190 230
47 156
317 133
286 100
128 190
140 240
108 176
26 198
221 134
119 289
248 24
14 221
84 25
320 98
29 213
255 176
167 191
2 71
13 210
13 90
0 182
228 78
176 98
28 44
112 318
193 232
281 51
46 177
27 168
23 225
292 79
294 155
185 93
228 134
313 143
147 264
185 28
189 248
68 205
21 322
262 136
71 184
76 125
88 83
193 23
228 312
152 245
101 145
40 41
153 49
118 162
248 69
204 132
129 281
84 127
240 99
42 11
110 150
179 65
167 59
179 84
212 318
320 255
214 247
99 299
6 169
13 245
0 71
145 296
116 236
221 141
236 180
14 100
8 270
88 6
123 59
35 135
97 70
134 62
285 4
125 76
203 15
191 38
296 137
168 178
240 262
291 247
247 137
78 319
141 276
20 89
112 270
200 50
185 305
12 310
105 13
135 272
243 82
185 103
265 73
131 15
119 206
41 219
6 116
314 114
243 128
247 9
97 62
43 117
117 203
321 7
253 287
257 76
181 39
308 243
140 148
126 295
289 313
209 227
47 251
210 247
86 279
92 218
185 191
277 113
317 255
148 312
18 205
73 51
263 177
280 28
255 162
261 1
129 51
261 225
85 256
243 137
100 123
264 188
170 187
178 173
314 219
294 258
190 282
53 171
48 121
3 30
232 58
189 12
248 14
82 36
140 320
44 111
315 157
4 98
12 206
225 149
293 93
176 322
221 73
203 17
5 235
51 281
131 162
201 18
229 270
134 252
12 8
244 250
169 56
23 74
100 320
117 225
42 308
70 67
206 89
13 272
287 206
305 190
131 10
101 27
119 111
189 127
307 322
247 62
113 87
303 86
292 66
106 154
198 159
185 293
157 321
129 308
233 213
307 293
87 30
13 224
251 319
46 72
1 136
66 204
14 238
246 68
35 222
120 52
236 110
14 200
199 43
150 215
114 158
92 46
124 203
284 145
316 219
12 114
192 269
45 200
230 2
159 193
0 153
52 211
136 154
309 117
178 77
81 220
289 271
35 51
188 114
195 76
188 242
310 0
57 107
289 302
239 163
122 198
125 99
138 141
12 190
259 127
284 211
229 46
205 69
317 215
78 257
237 81
182 131
222 223
12 101
221 2
283 83
131 224
112 174
21 56
89 224
205 197
39 86
191 293
228 120
255 272
155 272
309 143
188 105
293 257
137 36
55 319
136 203
190 323
322 151
21 273
38 85
103 9
98 149
229 131
165 197
162 173
135 163
294 268
124 34
82 222
96 226
183 273
282 147
320 245
304 1
188 103
218 186
84 242
6 3
200 135
217 294
223 79
168 42
183 252
230 36
2 246
291 322
153 124
51 245
174 156
73 86
18 142
142 241
131 52
263 222
171 66
253 226
296 181
106 126
7 53
316 305
182 155
321 109
317 231
13 52
190 76
18 252
33 159
305 121
117 164
239 90
68 201
257 287
228 90
272 123
313 316
222 49
133 71
257 36
181 182
269 28
109 43
299 63
169 272
212 15
148 216
43 204
229 272
105 146
140 306
13 165
80 235
315 55
302 248
184 295
109 27
264 255
100 257
293 305
183 163
160 124
248 1
163 205
114 24
214 18
155 58
21 241
296 154
22 310
13 116
260 39
249 68
7 5
36 264
183 85
150 244
295 50
187 90
203 253
232 172
77 109
193 119
109 23
72 308
113 140
12 35
302 311
79 146
252 52
166 247
133 43
8 42
196 309
90 217
188 265
236 219
38 276
315 217
185 59
79 308
62 36
90 236
124 199
191 312
229 75
189 146
46 181
247 315
131 191
156 95
244 145
101 80
51 98
18 311
183 148
165 225
203 44
79 110
292 124
13 26
46 143
251 227
84 287
295 100
209 253
323 11
131 304
169 201
227 311
141 237
297 43
311 149
309 50
310 164
113 37
218 71
187 318
40 309
265 182
116 65
141 215
48 287
28 226
186 193
203 196
295 179
186 225
160 182
60 195
194 123
38 56
192 79
316 20
113 221
192 184
85 133
57 92
190 64
106 231
252 159
312 81
105 168
113 138
283 314
102 307
55 144
250 33
106 260
195 240
320 182
93 76
46 265
294 145
297 134
260 323
39 311
86 118
90 86
227 206
292 32
269 168
268 293
252 211
304 143
274 241
316 108
215 323
258 92
292 296
136 34
306 181
195 225
40 50
118 42
218 296
285 46
122 5
254 6
222 197
228 222
193 93
118 148
191 56
168 47
22 252
153 291
195 299
131 208
120 66
214 117
194 94
165 44
2 69
80 312
251 114
190 226
319 290
213 80
176 320
32 272
310 158
295 18
217 232
303 8
115 22
229 206
199 182
62 149
302 198
129 298
320 322
115 295
241 142
161 308
237 169
268 291
114 162
179 5
2 278
229 104
28 32
173 254
39 121
36 12
317 127
87 180
225 55
243 89
98 214
272 28
146 111
215 57
113 48
101 240
301 4
221 294
202 100
148 218
275 249
178 321
102 219
114 312
130 323
218 29
162 183
53 11
154 257
113 181
1 245
284 147
76 276
16 200
271 293
202 245
288 77
167 80
94 249
33 304
64 35
165 67
167 236
323 173
310 154
176 68
268 198
80 256
287 304
115 97
178 125
21 193
36 83
264 184
302 153
92 248
195 85
52 39
119 164
226 61
154 311
239 137
201 71
298 206
12 69
278 92
109 182
55 243
32 162
157 281
174 307
62 306
216 211
210 207
64 81
309 82
123 288
163 129
203 284
243 107
176 155
20 153
321 146
125 299
38 301
237 227
86 149
302 210
34 27
226 321
257 266
46 198
282 98
171 174
136 314
137 105
196 94
225 271
12 54
246 195
24 101
250 171
69 207
308 0
74 126
32 5
169 151
18 38
232 72
156 259
160 239
55 186
19 237
275 292
297 70
265 26
56 123
212 40
316 259
204 209
36 56
23 19
149 101
279 26
50 301
24 166
140 161
136 150
159 236
75 52
164 24
265 115
29 150
239 135
61 214
19 284
214 195
259 83
184 197
297 214
152 33
228 142
54 203
12 141
235 270
278 207
60 265
100 169
102 93
132 243
91 184
306 27
26 18
56 158
173 171
98 137
73 307
108 288
29 243
245 302
14 45
120 224
184 23
49 259
13 263
130 202
176 313
144 209
245 176
118 316
268 223
217 284
280 148
23 53
208 134
280 126
319 299
9 38
73 163
222 298
283 143
77 137
155 49
186 295
130 288
187 88
193 313
14 18
86 275
55 184
88 24
132 25
123 234
320 77
94 294
192 0
303 78
121 150
94 133
13 189
301 149
155 248
156 7
60 236
84 83
312 100
53 81
77 119
177 109
172 211
224 11
18 261
239 282
120 254
216 205
218 220
275 39
303 281
137 77
200 146
80 121
221 309
57 65
74 48
243 124
77 297
230 260
120 162
258 56
293 118
98 183
264 113
323 206
152 241
305 231
253 146
225 242
74 8
318 243
172 187
30 319
289 200
254 8
168 292
191 321
123 247
210 89
72 277
105 86
233 104
201 103
245 251
232 26
20 80
287 314
321 311
234 266
291 50
305 209
163 65
80 158
187 320
278 321
20 143
98 298
9 283
301 268
23 21
278 59
249 7
215 272
117 76
77 7
183 127
76 36
150 121
23 14
216 175
28 246
103 146
120 29
91 89
29 15
55 132
263 249
312 58
281 53
48 119
220 138
107 313
168 22
300 248
94 102
197 266
210 323
50 59
150 99
162 119
198 208
150 175
85 203
296 40
121 262
137 196
42 41
142 4
103 243
250 89
223 108
185 91
248 33
280 188
185 141
55 73
219 35
218 69
126 279
80 253
67 292
113 124
54 206
174 116
136 261
37 291
235 224
313 2
221 191
309 293
320 184
63 294
30 316
306 143
183 67
46 122
85 61
5 226
105 224
100 127
75 245
30 33
157 191
185 233
55 280
49 146
212 88
112 179
101 78
52 70
91 243
133 14
31 3
208 274
223 215
227 286
178 9
249 189
229 215
14 178
176 124
165 131
87 293
57 105
45 95
126 252
182 136
171 160
92 109
53 37
106 226
68 100
163 287
5 151
33 78
193 102
1 134
293 3
6 156
132 323
122 283
193 260
317 266
229 241
96 47
268 278
239 113
282 259
152 140
112 27
165 314
116 276
171 98
18 228
292 144
248 131
313 73
223 310
219 192
78 236
290 120
321 296
47 188
107 157
2 182
74 229
21 15
118 26
318 145
71 76
104 308
84 91
202 109
199 17
221 243
0 180
41 5
320 280
245 266
54 276
242 154
301 318
310 100
152 67
154 151
80 117
169 77
110 17
221 292
78 253
126 236
114 241
25 22
258 235
322 59
278 90
278 242
256 92
29 288
277 275
190 152
271 99
128 70
191 195
214 58
14 180
81 245
294 205
231 191
197 169
59 65
224 91
14 102
120 256
144 83
168 86
75 274
68 241
230 296
251 189
68 143
156 3
154 175
152 172
53 141
7 16
230 111
311 83
255 292
169 82
94 125
229 56
209 130
91 32
87 10
5 15
45 128
15 187
75 255
103 19
55 217
161 59
84 272
17 322
144 29
273 60
84 9
257 125
8 132
276 0
183 129
49 312
93 22
279 181
312 277
189 8
260 314
170 298
308 75
149 202
94 98
140 99
235 304
26 106
102 208
15 164
183 161
210 123
14 274
279 51
39 134
61 304
142 72
197 32
41 251
20 58
299 48
217 93
205 116
177 217
222 63
214 66
37 251
315 13
249 198
29 229
127 168
18 299
142 249
35 152
265 211
18 17
64 115
323 194
53 173
314 82
318 300
232 161
228 1
233 169
172 26
61 95
21 309
148 266
89 76
4 169
26 26
18 33
105 202
13 236
172 199
283 26
277 51
181 145
300 89
304 211
37 204
157 31
135 193
177 181
226 300
279 296
84 222
100 236
264 307
126 127
69 198
306 21
81 26
137 136
162 214
174 12
210 22
136 74
165 15
6 149
220 290
283 66
136 58
321 128
177 185
278 179
23 158
140 278
263 116
63 188
3 158
213 98
243 265
175 3
82 120
310 122
171 83
212 92
133 129
113 35
69 48
255 232
255 87
71 227
294 14
313 116
280 122
308 133
20 275
133 141
182 175
157 196
202 154
150 318
194 36
107 139
116 10
114 277
315 48
151 128
106 92
144 54
318 166
244 132
216 28
219 3
23 269
204 206
255 44
312 200
165 207
71 12
285 65
224 151
7 321
10 197
52 322
290 181
280 282
250 13
224 198
99 201
285 87
196 241
201 42
219 92
228 255
19 65
285 317
260 20
220 223
262 305
230 19
175 269
264 225
301 19
58 228
70 14
181 59
225 308
317 296
202 243
269 31
89 30
218 125
200 113
236 27
226 23
20 66
287 118
278 289
90 249
136 265
159 56
33 263
229 314
272 68
57 252
9 170
61 71
288 4
186 121
88 63
7 150
76 104
302 127
182 198
77 284
90 74
108 159
225 191
49 319
164 86
159 51
35 57
178 175
138 234
265 109
284 81
245 230
132 90
286 66
217 48
218 60
199 56
93 82
144 17
305 270
180 286
160 206
153 225
7 14
109 211
313 286
77 210
218 145
142 257
166 286
287 3
208 303
197 234
141 185
150 123
16 99
134 27
125 57
43 75
203 288
107 249
47 158
323 155
271 135
60 93
304 40
61 138
197 34
56 128
146 29
123 281
145 185
50 68
140 257
8 115
315 199
109 139
205 212
82 207
134 79
217 291
287 311
147 40
145 124
190 44
118 229
198 122
221 47
219 13
315 70
40 242
138 162
175 282
171 235
282 309
200 29
62 29
229 88
216 117
90 208
239 48
74 185
154 155
156 245
73 1
254 14
96 63
43 120
293 126
97 101
253 212
31 189
53 320
125 169
303 322
163 207
104 296
311 60
151 174
302 37
244 248
230 113
231 24
143 110
163 137
188 295
135 72
281 204
82 50
96 255
197 106
129 19
31 100
145 284
279 32
314 189
100 155
192 274
22 144
307 218
178 195
43 44
280 34
71 94
93 290
245 287
206 303
73 38
197 302
38 101
124 189
170 264
17 80
214 14
296 249
260 302
11 112
68 226
279 230
235 300
228 264
47 258
57 237
189 169
313 69
242 249
42 176
23 171
33 81
208 121
30 29
94 115
133 91
20 141
226 121
82 189
279 213
156 109
230 145
77 301
73 263
266 294
264 305
217 181
88 214
228 204
138 153
80 142
181 214
195 168
239 256
87 176
184 234
11 91
240 204
109 218
135 184
183 269
42 73
243 159
33 290
9 199
56 6
21 107
200 164
104 254
105 249
230 162
322 144
212 116
21 293
178 240
214 64
17 121
249 240
255 168
269 215
317 49
165 0
14 297
253 244
294 182
254 56
15 293
5 213
261 186
282 157
282 248
37 221
266 273
23 217
248 294
229 95
316 301
127 77
236 313
220 40
106 316
206 95
276 33
150 320
247 303
39 53
81 261
293 154
242 146
273 166
115 19
156 85
32 79
267 212
49 233
15 286
173 258
234 294
282 246
40 236
202 293
211 52
103 186
41 80
46 288
180 85
249 46
110 209
295 60
141 56
106 76
214 46
79 198
164 119
100 38
130 93
18 174
287 208
148 97
269 156
14 205
126 264
283 109
93 58
265 258
313 13
41 183
134 26
120 305
279 166
25 164
105 274
132 309
323 92
165 270
2 57
93 305
315 2
103 85
34 243
268 69
0 237
21 218
318 267
288 245
27 185
138 279
297 107
74 192
289 23
89 293
47 55
172 223
91 318
70 112
158 223
2 259
35 6
239 217
37 153
120 258
205 91
288 210
61 108
196 147
275 61
228 151
81 108
32 255
128 182
268 83
115 323
316 299
84 37
191 7
85 10
173 169
287 55
310 222
223 217
285 241
233 246
10 74
208 285
48 69
151 54
295 118
236 160
251 169
74 161
61 224
153 110
211 305
89 23
223 36
1 293
78 317
91 35
210 173
314 32
99 63
280 0
183 304
243 36
107 169
26 231
49 162
141 228
185 129
268 272
71 63
246 253
192 133
304 308
172 123
165 121
162 292
229 202
148 25
88 41
282 28
119 227
285 304
145 7
300 182
64 13
1 299
126 69
69 285
213 184
196 28
135 36
1 86
0 171
212 303
57 72
270 69
299 315
178 80
89 126
38 212
191 141
323 239
277 61
320 204
235 102
56 12
293 281
19 217
198 161
97 270
285 235
183 165
301 183
112 235
250 20
88 262
57 10
24 227
140 152
84 129
99 176
249 64
322 306
70 182
106 107
89 303
292 279
121 185
23 126
143 8
289 220
231 247
323 103
133 174
51 228
60 41
111 78
255 234
150 74
91 323
13 199
30 284
272 248
135 131
201 306
7 301
301 250
270 84
264 159
47 135
280 295
238 110
301 147
273 147
229 285
306 103
31 293
167 272
196 259
85 193
285 208
311 21
121 206
190 213
107 135
275 185
6 152
47 109
279 276
133 76
292 225
13 265
4 259
218 276
280 203
44 202
319 221
49 224
261 30
0 42
49 95
253 175
202 175
185 278
182 141
313 149
244 11
71 278
220 279
280 280
112 38
267 159
137 97
238 312
304 229
150 235
229 282
18 182
115 308
112 192
64 302
121 48
134 13
135 42
295 184
156 29
102 267
321 264
85 96
259 198
3 209
8 7
207 80
182 239
252 134
119 261
228 76
279 124
36 235
36 137
137 101
259 320
213 233
268 262
11 12
70 156
146 303
308 154
138 155
104 278
210 258
280 226
301 91
132 274
210 245
222 12
192 217
4 87
53 288
30 19
41 221
8 79
134 274
45 104
172 277
189 165
221 181
255 198
243 149
211 106
40 111
47 267
10 163
281 230
234 72
237 282
319 258
214 70
232 61
70 229
90 125
72 217
101 229
152 199
241 202
96 268
123 100
166 268
245 226
308 278
228 266
285 6
111 67
150 156
141 212
232 170
40 167
249 66
260 312
271 133
259 45
8 319
260 305
182 216
49 200
136 173
186 198
259 61
98 70
81 265
273 170
0 285
290 176
107 3
70 142
124 152
198 173
247 65
84 74
40 289
209 10
39 316
205 79
30 39
226 30
96 43
195 323
198 201
297 254
268 297
290 4
191 116
92 136
306 289
159 79
42 322
183 49
184 137
236 207
42 201
116 61
279 155
81 209
233 272
258 75
58 63
12 304
99 157
167 30
46 268
78 144
315 68
119 143
185 268
192 220
6 21
23 98
32 262
169 169
69 216
88 65
223 289
55 146
230 38
266 186
138 322
291 227
173 319
200 202
52 58
189 176
38 274
321 221
296 296
75 101
188 26
26 72
186 196
290 272
58 93
18 123
44 144
2 228
128 252
287 241
193 298
1 155
175 34
206 134
204 166
104 7
271 167
247 219
214 119
191 260
4 21
264 251
249 316
33 308
203 177
118 320
173 209
245 291
237 249
64 209
240 63
173 305
79 17
78 195
156 319
91 87
235 226
99 272
17 198
312 20
177 26
322 72
150 238
126 93
173 275
173 3
125 179
304 306
260 15
63 184
253 282
129 48
313 147
65 76
158 151
86 128
151 289
215 163
22 172
211 302
55 113
277 82
276 49
272 90
156 224
139 198
106 69
199 262
310 75
139 318
172 44
309 13
107 133
58 42
21 0
122 245
95 26
314 92
165 317
277 41
119 131
14 169
176 18
169 145
87 273
210 108
196 64
198 7
270 296
161 35
177 7
163 197
92 316
165 139
143 48
282 191
206 262
2 196
133 272
33 276
3 13
248 3
217 273
28 97
35 322
31 296
154 76
306 57
129 219
31 122
107 284
30 196
43 174
34 157
321 32
191 148
267 7
164 100
94 28
187 73
322 212
162 247
314 44
73 34
155 218
157 1
8 195
29 129
111 187
93 162
125 238
299 303
244 271
156 83
226 227
246 33
245 37
256 38
158 220
196 36
84 238
62 114
285 299
167 120
173 266
0 53
311 315
215 10
2 214
148 12
322 312
114 118
139 114
184 193
40 279
292 97
107 40
242 172
222 209
10 311
221 14
195 47
133 307
111 267
223 153
245 47
26 114
11 292
180 158
24 268
62 222
198 5
69 255
245 45
151 69
321 0
59 47
255 253
42 211
47 86
73 156
160 241
156 175
148 67
103 320
278 270
290 297
184 76
115 251
171 168
123 162
136 26
265 213
244 105
76 26
316 267
96 134
292 283
94 131
293 75
87 52
141 251
43 125
195 234
157 323
240 320
209 238
59 105
18 110
116 1
79 107
177 5
48 186
194 103
52 305
237 106
127 310
69 174
21 140
241 282
59 58
3 235
144 33
289 14
97 26
163 0
304 283
212 226
193 157
253 45
52 264
31 44
96 102
282 292
73 93
107 68
183 39
43 226
70 136
28 136
142 210
37 311
62 116
200 64
70 92
308 229
143 227
166 259
276 10
281 202
46 103
40 323
311 106
300 246
322 210
278 258
179 288
108 301
116 238
156 317
310 28
122 191
294 167
119 102
19 181
218 166
146 280
295 35
101 25
44 121
222 187
108 236
304 141
200 160
32 274
118 273
140 127
131 213
152 190
313 270
171 275
176 108
234 180
322 124
190 16
101 89
56 264
242 125
151 106
290 66
229 287
266 103
35 176
211 286
248 125
152 45
262 204
269 147
32 32
282 313
296 117
71 88
307 135
143 206
252 26
297 242
280 106
253 88
144 111
15 312
221 36
122 51
53 24
181 261
216 75
138 225
252 188
86 94
78 234
173 33
193 116
194 148
137 72
129 163
278 18
125 8
23 145
84 216
275 282
233 11
250 187
22 223
239 70
107 196
250 152
118 93
83 254
100 90
284 209
29 131
87 126
88 168
207 264
174 198
36 0
318 147
44 25
125 103
282 175
143 35
165 312
96 257
97 290
264 279
206 122
121 277
149 31
90 263
85 135
31 233
55 170
62 2
279 101
303 299
0 96
293 24
240 155
111 295
304 258
25 125
70 294
257 205
141 206
88 178
95 13
258 14
312 284
58 128
92 320
180 313
38 138
161 130
200 7
268 295
59 27
121 28
222 183
114 3
40 281
235 146
172 309
174 255
61 237
294 238
259 59
305 77
173 285
208 152
20 51
171 237
4 287
62 263
211 272
284 149
176 281
8 268
11 47
305 222
95 116
74 13
209 262
113 94
168 137
173 42
75 216
95 22
111 36
120 152
118 307
182 41
135 91
6 201
170 317
39 140
162 290
209 240
253 90
213 228
144 310
26 291
216 17
251 126
22 210
238 221
83 166
240 257
277 317
206 270
235 154
94 24
179 180
124 296
175 232
259 18
161 14
201 298
15 93
63 292
181 149
265 97
63 277
136 232
15 154
193 76
39 20
254 109
247 47
322 185
199 273
234 9
1 198
71 153
21 53
225 244
126 315
76 135
38 119
319 75
159 135
110 257
139 91
276 322
257 231
186 282
128 128
255 205
219 43
109 64
88 69
147 151
41 225
125 308
23 156
286 190
166 203
86 113
268 227
6 280
188 116
32 247
222 104
303 118
254 41
297 286
174 196
41 27
49 188
167 302
284 99
30 4
208 192
137 56
262 287
301 302
193 300
116 223
262 289
184 18
163 140
16 274
124 221
215 217
302 39
209 287
81 288
195 63
289 243
281 187
318 38
76 211
16 288
208 234
28 167
226 225
106 296
29 299
29 122
98 155
85 180
139 59
162 64
296 287
318 159
314 94
89 145
125 219
227 263
148 63
207 198
225 228
98 258
251 150
80 58
97 230
24 154
189 115
206 97
182 8
64 37
21 206
137 272
21 295
237 0
292 176
78 63
212 54
49 303
9 201
105 216
41 122
281 13
144 62
300 23
212 262
92 125
74 27
20 122
262 48
107 182
24 25
180 197
244 234
159 149
27 110
60 284
216 283
51 241
272 88
197 177
123 172
223 297
261 266
255 125
114 197
142 213
22 148
234 121
26 309
30 60
304 201
77 199
13 305
110 22
248 307
68 28
179 193
86 185
93 217
236 319
15 81
180 156
119 15
245 79
157 53
187 269
222 37
186 217
265 42
117 142
173 35
19 72
43 36
104 267
263 90
87 12
122 161
243 164
319 32
67 298
55 46
45 50
159 277
286 168
246 211
192 218
22 267
122 114
71 132
273 191
260 139
149 179
23 85
146 260
179 1
96 234
204 114
234 288
167 156
4 117
111 127
48 202
93 292
291 34
280 271
21 208
205 179
265 142
158 165
274 182
27 178
259 304
43 127
81 227
0 157
238 54
207 252
56 133
39 205
272 7
84 121
296 210
222 23
148 200
57 282
95 164
169 58
65 124
1 226
48 211
262 138
289 191
31 58
192 256
206 201
58 83
27 302
9 111
228 80
293 255
132 108
4 17
295 157
266 113
85 187
315 195
305 182
231 63
89 201
235 104
307 312
114 120
201 25
40 25
86 304
317 251
275 290
227 135
244 264
118 74
278 147
143 238
162 33
228 96
263 277
2 88
304 188
322 183
229 248
90 281
98 203
287 87
209 102
299 188
271 57
238 268
104 59
116 246
130 190
88 285
33 217
174 226
169 159
46 243
278 281
314 260
145 117
5 218
96 138
222 8
138 44
151 211
68 113
205 173
194 286
93 178
80 172
307 83
152 156
44 113
142 55
177 113
164 148
71 239
267 11
139 101
270 124
318 209
77 307
171 319
173 224
34 149
163 58
279 46
275 86
73 136
260 92
186 235
107 259
25 179
264 318
27 319
304 180
31 289
20 252
140 314
32 187
155 53
28 290
286 254
269 72
149 264
41 128
152 47
311 124
231 281
66 283
229 37
158 205
111 252
24 43
108 290
320 209
67 133
250 262
84 95
149 65
288 172
256 203
68 302
226 193
12 294
289 315
192 210
266 170
145 294
271 201
179 70
97 161
128 260
219 41
309 48
143 184
30 116
212 38
240 278
179 87
152 237
205 251
208 127
268 204
240 55
15 302
38 253
215 48
177 228
168 202
277 224
181 111
222 100
179 56
272 75
310 278
162 280
303 59
118 7
310 23
286 146
176 9
262 279
137 283
163 50
169 189
72 315
306 119
270 205
167 55
15 168
77 153
57 141
248 53
207 136
222 161
154 198
153 72
230 141
86 299
297 212
164 109
286 212
293 248
169 12
157 98
40 185
110 173
280 319
235 286
232 28
42 26
271 60
291 191
111 114
198 126
152 183
195 125
105 312
241 41
301 11
33 99
189 244
139 231
244 269
194 21
143 273
190 206
18 3
314 4
233 167
74 183
37 20
161 49
140 73
139 292
38 309
46 88
150 219
44 58
126 182
193 317
162 109
212 46
39 123
302 164
214 99
43 295
177 210
187 284
11 226
126 101
297 256
31 204
129 262
191 207
193 17
48 85
173 85
266 69
30 200
136 68
262 79
260 268
300 159
190 66
168 147
301 107
209 305
197 48
228 308
197 46
292 19
271 25
118 287
269 160
76 316
118 11
126 98
270 126
80 68
119 154
11 53
277 27
220 122
264 57
164 195
302 252
1 55
132 102
213 62
169 0
17 37
40 39
71 162
300 153
212 300
272 322
59 297
319 282
120 198
241 296
32 231
230 204
31 47
219 61
19 31
99 88
283 36
20 117
255 78
191 175
173 132
293 320
212 259
95 184
81 187
301 196
111 64
114 146
218 278
278 260
262 28
72 265
88 299
286 133
80 170
264 275
264 139
82 73
218 234
223 287
197 59
63 173
53 185
160 12
278 177
301 58
232 293
165 136
7 154
206 286
254 251
158 83
216 230
111 204
215 37
98 86
164 247
191 276
236 281
253 59
74 196
219 322
185 307
30 273
136 106
231 184
134 150
177 0
186 106
234 27
47 204
274 25
127 281
237 247
310 295
173 161
40 168
213 65
19 15
183 90
69 193
98 301
180 9
307 102
295 211
109 299
206 193
99 284
111 123
60 197
4 211
165 117
113 187
321 29
99 53
126 63
8 303
111 46
136 12
284 28
15 106
17 220
134 140
219 20
40 292
243 255
236 54
309 60
265 162
102 35
241 35
245 157
103 115
124 181
289 265
167 0
142 74
150 44
239 161
149 48
74 235
78 225
169 157
264 321
244 113
240 284
104 108
150 56
152 283
251 244
175 267
111 125
13 103
193 176
71 49
317 194
278 118
319 264
110 236
118 125
58 25
77 299
194 91
138 320
160 208
115 102
53 294
127 161
68 20
274 323
255 225
32 164
7 57
242 258
163 277
299 130
170 199
50 242
246 81
94 227
187 149
86 6
38 97
50 149
193 276
293 229
52 111
303 6
91 70
296 267
245 10
95 101
61 65
160 295
294 270
79 264
190 241
19 251
228 199
66 309
45 27
87 114
322 30
294 147
209 320
295 248
48 18
90 84
73 151
48 243
41 43
147 186
58 161
20 245
75 163
302 116
306 1
252 300
44 40
123 277
34 179
167 84
142 208
74 79
9 14
114 201
69 313
63 56
249 173
216 187
48 198
74 21
297 170
57 116
8 181
79 266
137 28
149 54
278 164
179 214
56 149
315 163
319 266
271 0
118 85
185 274
297 88
299 134
238 181
204 316
313 240
145 82
273 155
80 66
283 298
44 279
245 159
23 306
152 177
36 275
246 41
224 34
121 90
152 175
311 135
110 219
299 317
37 214
33 148
220 176
322 196
74 276
216 106
49 97
24 232
212 195
313 276
79 247
294 97
244 293
134 219
50 272
17 19
213 140
269 100
134 232
239 200
43 51
126 198
218 267
88 87
143 295
168 152
143 31
317 292
91 238
299 42
241 47
161 128
56 135
262 162
211 190
113 102
161 165
236 121
134 89
259 161
277 52
185 30
112 120
243 189
20 267
79 34
37 303
265 249
161 51
301 270
9 321
52 309
151 72
126 260
299 239
133 213
166 300
157 113
197 84
266 51
137 175
309 126
268 274
125 171
302 229
322 126
72 229
137 168
235 254
296 62
274 230
105 75
64 2
21 287
100 267
83 93
260 106
210 192
241 200
135 56
302 170
311 285
85 313
255 277
264 186
251 266
323 63
116 119
20 228
116 63
207 178
272 189
60 212
50 187
300 132
47 96
215 270
168 74
311 202
231 30
115 258
109 14
135 300
22 125
321 173
75 237
213 320
290 274
78 36
203 62
43 221
187 21
171 219
174 286
220 103
315 126
73 154
32 133
133 206
169 96
24 107
255 115
183 200
238 280
90 279
140 85
8 148
258 175
299 286
213 217
294 99
34 138
97 283
23 192
0 304
72 14
2 301
51 192
112 22
304 116
311 56
230 119
263 257
165 3
91 79
180 47
5 209
45 267
82 191
191 14
270 261
62 103
226 269
88 104
225 127
68 276
0 125
36 186
223 54
163 256
303 297
124 249
102 122
106 137
138 137
269 188
160 110
0 100
191 164
165 290
197 183
8 83
21 73
32 42
314 37
296 271
253 222
102 87
248 241
39 136
98 27
159 171
295 95
9 0
255 308
29 118
314 175
40 9
190 125
126 312
259 66
221 229
313 56
88 174
101 20
188 224
101 112
64 123
149 309
189 284
49 106
5 268
296 24
210 268
303 203
299 119
32 98
200 198
10 281
242 247
306 140
293 101
295 64
119 89
117 261
154 191
76 318
318 77
117 92
150 93
277 100
30 66
310 141
143 123
137 295
116 24
300 311
141 187
23 0
32 152
309 286
265 117
100 227
8 81
167 314
107 146
121 100
264 253
288 8
0 278
106 59
243 109
258 215
109 135
4 281
40 314
232 177
104 123
227 288
278 10
237 173
102 55
50 208
253 70
240 221
111 181
260 236
257 66
142 179
158 263
64 73
56 253
269 145
14 64
263 141
90 68
312 261
235 152
151 158
207 287
51 171
286 57
253 199
6 311
278 226
181 164
184 226
199 225
175 161
254 170
103 61
214 245
254 133
221 139
32 135
240 232
24 191
206 268
219 120
277 184
268 251
47 179
141 51
204 246
292 146
191 93
151 100
135 224
93 2
241 255
194 19
84 219
128 106
101 96
230 186
6 78
132 202
35 147
199 229
238 115
241 196
81 75
268 9
61 106
245 194
168 270
84 104
1 14
284 101
225 10
184 199
132 204
162 241
213 9
102 109
214 263
140 154
121 260
279 233
149 245
251 63
318 112
229 190
221 0
157 222
44 245
86 201
301 287
190 168
196 236
196 261
230 164
137 224
11 37
261 60
304 224
6 269
234 101
268 102
23 250
127 22
20 258
29 318
227 128
33 109
8 156
157 194
320 165
281 99
215 33
320 236
294 124
93 157
69 239
250 72
126 35
270 190
181 249
219 159
35 320
27 87
141 292
285 137
158 183
246 255
71 0
189 178
257 270
118 112
234 232
177 20
179 241
120 35
258 159
112 117
145 187
274 89
33 246
186 115
137 281
178 208
85 147
189 167
45 56
30 136
320 223
251 198
7 171
215 183
90 34
280 205
140 248
216 44
177 170
186 309
111 286
256 5
151 125
93 194
165 84
83 155
253 35
123 123
314 173
102 246
180 254
300 309
57 143
148 99
308 27
133 73
199 45
201 182
40 163
170 300
240 294
299 299
304 129
116 39
210 274
253 162
3 212
214 77
301 48
42 49
70 130
286 53
155 216
48 253
197 70
34 49
261 292
69 94
207 223
302 61
169 98
54 20
263 309
242 31
10 43
230 292
32 116
290 254
55 104
43 225
103 97
312 93
36 266
121 204
231 51
179 137
40 304
209 188
292 182
178 19
314 237
195 17
320 55
143 108
19 241
89 42
225 108
53 244
108 263
83 97
114 233
25 235
106 262
309 105
193 147
119 313
64 83
78 69
61 115
73 49
34 161
201 57
89 162
241 298
162 230
294 180
128 94
253 132
53 299
7 68
101 34
277 20
109 41
1 151
200 207
220 207
35 267
55 71
314 274
1 102
273 111
123 57
260 37
320 114
188 226
172 307
52 45
140 150
22 176
167 9
82 153
166 77
158 78
295 0
189 56
125 218
251 116
315 120
8 37
91 173
7 111
310 7
245 137
145 31
194 241
40 12
134 34
103 280
146 11
130 20
173 83
230 217
192 212
184 195
103 241
237 134
255 166
243 103
40 265
2 133
125 310
71 138
164 76
148 251
136 171
153 275
216 209
178 66
6 19
148 16
78 298
242 235
79 216
252 150
173 146
303 88
271 129
38 318
23 124
65 172
294 296
314 21
150 256
295 159
41 159
58 134
239 202
229 268
272 145
107 217
314 19
30 254
138 264
154 193
79 54
49 270
154 126
237 225
145 143
140 30
317 161
220 185
151 248
145 176
277 243
187 311
295 108
163 226
197 276
311 89
140 312
230 58
17 63
212 313
21 93
72 174
93 12
76 230
102 168
120 64
70 87
316 155
192 155
24 12
147 233
279 261
293 152
264 137
20 41
253 114
24 71
293 95
250 306
307 144
208 203
43 310
126 105
170 132
310 92
36 101
45 48
74 4
230 73
98 43
215 239
208 51
314 239
48 167
210 148
60 162
192 278
16 6
294 272
220 93
21 121
200 170
89 260
211 139
260 17
25 169
190 1
268 65
67 307
263 109
229 266
320 85
102 248
215 78
136 191
241 39
319 247
253 304
142 62
126 129
106 175
6 299
162 41
282 225
133 301
53 109
109 267
134 243
102 79
132 16
216 80
133 255
12 63
184 131
161 29
37 229
179 206
66 302
103 239
65 42
47 212
265 299
104 154
308 166
154 47
201 285
75 38
220 38
14 7
83 187
123 49
119 322
256 257
30 114
40 253
52 79
154 282
80 144
134 194
298 247
291 285
106 109
227 94
267 25
159 309
31 156
237 162
139 97
144 225
245 192
154 289
205 12
201 16
43 85
314 201
316 174
132 239
162 294
19 281
88 272
48 305
292 39
63 0
44 29
57 57
23 308
131 291
264 52
191 81
225 217
105 68
313 196
127 7
20 311
312 317
178 311
80 168
250 105
298 210
176 230
60 222
199 252
298 6
228 148
208 129
99 148
188 282
190 243
105 276
89 78
242 129
139 139
314 46
76 253
269 276
93 144
109 57
151 239
159 297
287 163
224 9
128 135
86 312
129 71
307 231
240 242
155 72
182 290
100 121
227 280
303 267
305 207
322 102
301 130
281 219
33 244
318 137
100 269
106 298
96 191
91 142
40 274
190 52
106 314
54 12
50 321
114 175
42 194
141 144
45 155
309 31
286 180
193 84
172 46
74 317
149 285
182 35
181 243
39 192
250 0
131 74
43 28
89 67
217 21
8 228
308 73
180 51
108 315
158 316
45 87
124 259
278 240
152 306
113 268
77 237
249 106
202 113
224 48
242 54
72 182
256 85
10 128
271 290
33 155
57 26
19 219
203 88
112 149
320 23
88 163
33 185
115 77
224 208
124 319
78 120
91 321
58 163
161 153
139 35
25 171
180 67
7 200
127 223
311 274
194 78
179 97
65 185
307 43
105 197
234 268
86 104
259 244
78 218
74 92
91 30
115 212
32 283
290 320
183 47
132 62
260 47
206 245
23 230
164 20
18 274
35 269
66 163
214 12
222 118
112 17
63 207
265 99
169 244
39 272
60 28
165 150
79 15
31 132
0 94
166 79
0 322
179 113
164 259
314 318
298 208
278 319
321 79
59 137
267 156
197 86
27 317
31 275
102 199
132 78
214 305
63 311
294 79
228 247
298 9
271 203
65 293
300 64
266 82
0 280
131 308
150 70
210 128
175 96
168 265
163 224
121 226
310 171
24 87
178 238
272 127
185 135
3 43
182 296
114 318
127 126
220 124
186 17
286 150
84 43
240 254
135 269
157 198
158 95
78 258
178 216
252 105
78 314
142 303
265 154
104 91
198 124
299 44
33 294
275 16
123 170
176 183
264 105
1 194
321 180
170 203
112 282
80 61
166 23
290 48
110 38
257 69
105 230
183 267
19 108
320 219
110 159
251 248
22 84
167 138
237 5
84 182
295 240
211 163
33 29
29 45
225 226
113 231
289 285
131 255
277 299
121 36
213 162
111 95
66 256
277 255
216 255
140 75
54 169
30 98
155 2
185 272
276 59
16 50
216 215
287 270
300 319
201 308
305 304
245 304
199 216
40 307
143 284
0 132
283 12
169 75
18 230
97 274
296 58
67 57
131 174
205 71
119 50
66 36
211 216
49 240
231 253
136 44
207 35
283 201
152 55
230 0
161 277
182 87
133 193
144 204
47 286
295 218
54 111
311 195
106 156
281 101
163 117
275 154
263 143
272 231
169 291
85 16
276 118
20 60
175 16
151 48
288 149
289 304
77 53
27 194
294 41
297 77
59 237
176 30
104 226
20 5
280 157
274 232
165 295
244 196
75 93
188 19
238 139
134 100
2 105
226 137
245 39
200 293
162 198
102 124
160 160
214 318
101 147
86 82
12 279
319 110
242 233
308 316
190 117
51 287
131 222
167 43
202 1
2 180
112 50
247 35
232 146
15 304
274 91
67 251
42 228
316 95
156 265
42 241
4 41
219 232
174 148
198 145
311 287
106 220
61 296
241 60
71 216
216 22
255 146
14 209
319 134
50 40
128 152
8 280
99 61
212 118
163 249
172 139
164 269
41 165
61 311
146 311
101 15
282 126
192 74
115 104
280 14
6 55
230 40
174 103
294 137
316 29
152 321
34 187
221 71
288 89
65 304
69 50
106 74
39 321
304 289
26 43
314 30
4 237
246 23
208 123
226 49
235 148
7 84
208 277
123 137
11 245
27 57
118 64
212 63
67 296
181 298
212 23
75 35
13 62
109 16
100 285
87 172
92 103
271 171
92 138
265 140
300 163
209 186
218 45
38 48
94 190
53 296
171 170
265 256
37 176
189 318
68 15
284 111
63 307
38 232
200 217
113 284
60 227
271 5
110 137
52 283
208 236
301 52
17 251
176 66
271 284
66 275
61 259
231 98
318 245
135 104
172 264
82 82
52 149
84 268
178 289
20 210
129 154
2 125
279 211
301 313
21 119
174 277
7 252
293 218
201 98
260 175
322 175
258 269
317 257
162 300
77 27
237 203
65 132
223 76
91 107
130 62
186 285
296 258
94 40
255 270
156 81
187 102
125 113
211 321
187 27
177 106
14 295
75 165
273 134
107 42
231 214
104 167
226 126
26 196
266 261
74 46
75 122
153 228
227 273
75 155
295 93
300 244
178 308
10 320
291 38
2 131
137 60
139 250
42 280
133 268
114 235
127 229
82 118
154 236
299 10
131 321
139 4
39 203
112 115
229 213
47 137
70 194
42 291
232 80
28 30
84 258
67 294
120 271
315 72
232 260
236 189
17 202
69 293
293 224
88 304
224 159
6 165
217 269
144 266
284 68
281 66
91 306
129 80
202 102
175 131
217 83
29 255
69 144
38 152
287 266
247 243
286 82
10 55
9 129
152 194
301 133
132 289
322 281
252 13
165 56
292 16
24 54
33 221
10 147
208 149
170 211
301 60
219 174
259 266
261 288
115 225
280 174
45 109
132 281
76 218
156 219
183 145
280 299
297 123
265 8
275 73
219 147
211 297
149 234
271 174
53 130
242 320
145 319
267 36
230 173
301 105
201 295
6 290
37 223
192 228
195 83
38 0
60 84
38 293
281 284
212 36
95 49
175 115
243 142
102 321
199 60
137 192
3 107
306 253
199 58
54 45
277 291
210 236
11 130
205 87
274 312
197 273
38 281
120 229
108 174
71 312
295 152
243 139
281 30
181 199
7 185
169 21
181 284
269 132
295 232
96 131
152 255
72 25
17 23
180 49
297 118
229 246
58 61
69 110
55 311
121 192
301 316
21 132
100 51
204 175
199 266
43 146
176 226
187 59
75 109
2 118
37 133
243 174
46 74
192 165
267 259
100 187
284 63
113 77
75 50
63 205
60 43
104 137
120 307
236 235
66 20
135 165
278 279
74 265
292 62
14 96
262 133
161 4
264 169
4 188
209 270
69 132
159 97
5 184
138 240
261 222
234 160
260 238
284 236
58 284
96 99
85 123
171 12
221 83
194 150
300 211
88 187
216 160
277 73
96 285
182 313
37 74
50 253
67 239
313 49
276 137
61 255
164 78
80 322
128 35
226 319
170 138
36 116
179 291
102 111
243 281
269 154
255 80
9 16
270 58
230 255
307 216
240 115
14 25
252 152
309 113
87 203
6 191
17 312
311 210
246 25
191 47
253 228
294 216
21 250
59 152
174 44
227 107
257 272
108 2
282 96
49 148
95 307
106 188
262 190
274 18
126 221
298 212
145 267
246 262
155 181
183 37
286 117
58 317
120 273
128 1
75 137
244 178
169 315
72 318
271 131
291 314
172 286
190 193
28 205
175 109
193 225
255 288
117 94
7 227
50 231
164 227
230 147
313 223
1 169
65 18
279 186
196 274
233 151
245 96
4 119
92 193
248 311
79 200
83 208
62 233
253 172
88 280
101 319
266 111
291 122
113 314
50 79
171 243
249 224
95 299
122 121
91 162
235 11
127 73
204 1
86 178
211 161
209 150
154 189
87 170
152 209
10 247
105 73
267 182
82 145
37 196
167 316
78 67
243 115
296 166
259 307
81 254
213 109
193 194
112 74
213 301
268 117
69 57
121 136
234 88
182 52
98 235
159 190
58 253
273 283
277 55
14 142
25 14
248 153
109 285
54 86
65 255
22 154
200 144
11 39
13 49
69 183
295 102
123 112
188 218
137 170
139 264
56 203
292 275
204 153
239 296
124 312
78 71
140 208
286 161
267 298
23 208
233 244
204 236
267 225
84 49
54 283
246 228
12 99
221 109
95 1
180 82
33 35
261 307
265 277
243 79
38 83
124 272
130 239
238 231
172 221
30 231
31 150
108 155
160 31
242 294
70 115
0 57
143 240
86 241
87 28
182 58
161 237
261 78
299 301
153 161
42 163
84 320
282 134
59 267
164 291
214 101
219 72
298 287
22 82
125 297
0 221
306 29
29 295
201 319
311 72
136 10
196 167
212 248
101 244
45 145
209 136
56 227
119 28
5 203
146 269
303 312
161 204
298 122
82 323
95 273
322 277
103 89
237 114
45 52
189 148
27 242
169 185
323 314
177 2
82 95
58 267
103 113
135 304
189 198
45 179
30 134
96 4
288 179
321 206
33 118
138 262
231 129
54 36
264 151
129 224
6 288
227 40
232 283
29 21
286 210
117 83
293 303
157 16
160 166
198 49
216 193
206 130
184 228
82 147
131 81
153 313
251 273
244 262
156 257
146 18
228 19
18 154
271 188
250 52
116 241
56 284
119 13
199 53
112 145
26 103
140 186
57 172
147 132
101 237
225 288
322 322
259 293
281 323
136 95
59 229
105 228
220 143
75 152
14 211
217 56
37 231
4 104
278 114
204 286
259 233
125 206
184 271
76 99
55 140
110 1
235 218
75 214
147 318
212 244
271 191
42 78
73 101
118 202
44 60
176 86
178 219
235 81
315 185
68 145
55 26
291 299
34 248
3 68
301 9
163 164
279 16
36 91
166 93
59 71
171 43
124 160
264 210
129 137
19 243
253 166
223 110
22 51
165 11
149 95
310 238
165 191
173 268
138 29
162 239
145 172
228 207
78 286
309 6
13 5
23 16
293 200
199 72
110 175
101 53
96 2
108 75
104 110
138 232
309 84
279 172
36 118
223 293
58 81
281 11
303 316
3 226
198 175
167 149
200 175
149 117
127 250
128 156
152 243
131 144
113 248
148 220
61 61
12 128
94 47
306 306
20 68
33 177
35 245
281 26
308 100
2 237
315 148
249 18
121 88
275 112
277 180
266 24
51 222
292 297
224 30
89 106
38 185
289 269
6 257
269 316
274 59
222 185
167 276
152 96
210 276
280 179
278 126
41 161
147 268
133 115
271 282
158 207
62 147
28 207
185 261
83 3
144 126
129 251
51 127
99 229
80 226
156 204
132 82
43 9
15 104
176 254
304 252
94 38
100 251
217 34
256 251
81 290
192 153
83 236
190 91
123 207
14 118
312 238
98 171
154 74
187 166
32 166
154 244
127 136
158 279
169 236
252 265
23 241
227 241
12 175
188 267
301 118
147 202
93 60
315 128
127 114
190 308
253 107
89 72
311 49
295 224
263 300
129 142
255 286
312 74
88 233
266 49
251 107
299 245
166 193
36 212
28 94
25 20
46 253
149 40
4 291
273 254
265 244
0 68
92 111
18 57
35 303
308 93
280 68
244 9
193 320
245 188
155 197
63 231
98 124
110 308
141 177
161 163
206 300
93 242
47 105
217 259
115 143
44 281
214 175
108 297
106 281
212 21
63 262
96 183
153 211
225 196
21 237
85 183
214 172
62 229
239 169
33 111
214 68
240 313
116 300
114 170
115 293
133 117
65 175
262 237
12 143
281 124
133 290
133 143
51 303
3 102
217 271
189 159
61 91
34 163
248 197
127 192
72 80
259 68
94 309
273 153
261 125
239 223
226 34
47 289
213 186
216 84
136 263
51 81
66 253
253 68
48 104
232 37
301 189
294 150
166 119
313 199
239 127
225 89
31 202
225 21
68 253
83 256
176 33
282 100
2 156
13 276
281 16
285 132
59 164
200 162
232 144
198 203
33 33
266 278
67 236
295 230
147 82
174 111
189 313
284 281
72 66
290 283
25 258
132 253
294 220
170 153
180 3
8 169
7 48
1 239
119 150
235 248
93 322
239 40
164 13
88 295
151 304
28 244
273 57
55 129
313 128
106 198
52 187
144 4
316 318
260 135
291 183
235 1
114 75
194 309
60 189
109 25
238 206
28 61
127 163
252 161
33 219
153 181
266 250
301 279
210 24
111 26
168 32
205 61
15 198
218 312
254 113
186 267
187 293
97 185
74 167
314 109
147 96
155 225
146 137
277 47
125 317
105 242
204 293
260 214
83 75
170 274
88 43
301 151
160 184
150 200
19 323
80 119
166 86
170 41
19 106
160 65
32 60
215 232
176 279
217 221
148 148
265 11
86 8
313 71
110 289
114 1
217 286
39 222
309 245
223 150
117 126
317 118
254 306
83 183
7 323
63 296
157 104
210 285
277 277
180 178
316 303
74 99
214 75
203 273
236 267
240 146
62 89
318 219
206 235
200 204
96 45
91 23
79 76
169 135
199 169
18 140
56 58
248 212
6 182
66 101
249 222
319 25
238 99
39 22
308 202
29 154
183 274
134 113
45 263
300 6
56 236
33 306
131 241
182 305
299 36
303 269
200 9
84 278
42 84
302 80
266 321
68 278
86 192
6 118
197 253
82 48
176 77
112 147
268 113
298 167
52 198
65 207
87 8
67 110
155 222
306 229
312 37
289 47
53 1
48 272
115 314
289 68
282 294
188 75
45 123
115 95
315 98
58 23
17 262
282 227
136 89
38 54
320 20
37 6
82 38
103 95
97 115
139 296
230 13
125 138
269 203
77 216
228 253
25 85
13 47
213 32
14 175
318 254
122 38
86 217
39 8
111 15
275 101
117 298
59 283
214 243
260 28
262 15
278 112
160 93
152 123
22 146
304 28
47 200
168 298
60 23
18 81
309 111
69 250
311 13
129 73
81 1
101 17
30 271
251 43
19 74
241 148
7 204
143 255
87 106
180 173
25 242
160 151
123 260
275 12
93 155
11 75
276 206
139 167
77 303
91 304
270 101
50 210
141 53
277 257
102 315
184 41
220 108
256 57
189 140
99 47
230 178
149 116
240 215
137 70
257 255
90 215
312 114
39 92
61 278
132 119
111 139
13 167
28 115
193 311
134 182
262 118
56 275
231 315
57 151
185 101
278 49
164 129
175 251
215 222
309 288
109 205
270 128
267 276
72 3
220 183
167 49
250 103
320 234
181 56
117 51
37 99
5 23
19 183
275 234
242 29
59 171
4 214
22 259
222 253
152 269
128 232
45 249
148 18
285 144
233 24
298 117
61 117
183 59
138 80
101 62
152 257
150 46
163 193
10 318
243 209
119 40
138 95
1 91
86 14
16 314
0 84
121 40
298 65
89 180
126 96
31 287
241 82
155 110
68 91
305 79
55 34
169 67
160 126
74 272
314 107
159 272
37 52
12 118
76 162
69 227
15 264
202 315
113 156
262 92
283 45
29 47
220 257
216 20
311 126
96 29
172 100
83 1
164 203
302 35
135 302
265 246
104 106
237 321
72 92
122 163
302 144
318 249
174 108
112 106
154 85
193 13
278 205
251 68
184 120
252 203
105 237
232 88
228 146
95 36
262 226
178 99
251 28
210 195
218 280
208 138
104 198
127 170
316 159
101 157
93 164
123 40
284 113
20 39
257 161
230 301
71 155
59 21
115 243
40 229
223 129
102 187
166 21
141 255
314 182
88 142
229 188
98 228
62 84
213 105
263 197
52 312
76 117
6 82
111 97
80 36
15 5
248 210
117 144
71 51
205 168
318 23
192 298
63 304
75 210
264 288
186 104
214 188
201 283
166 294
114 279
225 110
23 294
16 238
48 165
53 35
165 107
257 78
174 163
189 10
180 290
25 308
99 172
242 0
29 169
252 296
244 259
154 70
128 62
60 160
110 40
29 204
237 136
216 261
175 169
226 56
48 177
223 190
263 224
311 32
153 249
245 107
298 264
311 224
148 284
106 1
264 118
82 25
273 30
101 215
62 276
272 205
73 270
204 244
209 196
110 232
249 32
238 219
100 174
249 35
288 117
120 26
124 7
265 56
158 93
177 15
19 13
175 171
286 5
116 248
62 320
158 81
85 267
152 267
65 80
81 34
253 201
196 145
308 318
241 127
175 32
248 20
167 97
6 254
5 106
106 254
115 139
88 85
47 260
178 157
243 291
277 75
51 293
143 211
274 308
3 270
181 253
269 98
183 140
296 98
321 57
153 31
120 92
51 23
104 43
225 58
249 203
215 139
165 223
289 234
100 199
280 259
32 139
151 43
249 244
185 89
280 91
203 282
305 298
172 14
149 250
309 24
123 36
127 308
52 249
284 190
138 9
136 80
72 8
74 246
228 49
31 260
43 166
3 268
66 112
192 241
81 62
159 48
164 105
53 178
231 188
249 5
275 253
259 289
209 251
134 288
13 92
173 109
251 225
14 207
111 118
219 33
171 232
124 115
287 137
181 166
319 295
166 42
220 45
247 127
162 12
104 87
312 172
275 183
271 72
185 251
7 259
40 277
154 259
147 285
105 279
190 123
117 110
85 29
127 297
144 271
262 170
177 97
131 1
215 181
209 52
136 226
282 43
115 221
202 247
290 301
97 12
71 296
220 161
227 109
65 187
302 160
52 56
248 71
67 268
224 80
23 236
191 159
318 185
206 175
105 283
14 191
179 218
260 270
91 144
107 55
159 260
48 249
57 170
229 185
116 3
103 224
309 168
199 70
53 223
149 42
218 27
276 281
159 204
201 134
273 26
3 282
115 156
178 86
222 206
67 176
283 130
196 123
231 131
230 311
177 17
12 51
253 310
69 297
49 157
126 115
255 255
284 103
280 89
302 18
53 196
112 280
322 235
193 48
61 231
185 47
261 90
303 161
240 171
197 262
68 116
87 297
261 3
90 295
223 47
152 301
78 208
80 228
24 315
115 185
270 257
8 254
217 240
22 42
259 36
195 232
317 247
247 7
135 284
293 35
20 297
79 209
111 213
293 203
106 124
101 153
198 260
109 287
84 170
294 66
117 186
279 108
52 60
121 289
223 169
33 267
145 109
295 203
81 72
50 57
293 58
62 124
225 286
59 272
37 120
95 162
146 5
173 185
83 260
72 166
213 270
186 119
87 266
94 29
153 215
312 31
261 35
52 169
216 157
204 50
60 123
157 140
261 245
172 24
312 45
259 271
292 180
248 296
158 115
245 210
180 219
163 243
136 141
287 234
271 315
79 316
91 72
235 56
278 313
65 307
208 156
77 164
229 39
138 147
293 322
111 284
311 19
111 54
98 103
74 261
253 190
249 272
205 37
3 151
317 36
257 253
312 24
320 112
8 166
179 20
119 252
266 9
130 136
99 111
178 253
293 1
135 282
47 49
155 276
236 108
34 80
0 302
107 224
238 241
321 100
230 294
93 307
274 145
226 195
33 6
78 296
316 100
51 36
98 126
234 111
219 164
58 205
222 300
305 42
215 228
88 13
278 1
2 42
268 233
58 126
72 68
1 284
237 64
281 108
89 70
154 153
140 118
175 235
321 208
214 230
282 208
308 115
276 131
284 247
103 216
260 216
293 294
289 267
18 283
208 221
34 68
214 97
35 75
31 282
167 158
23 133
50 249
271 169
20 17
125 22
187 244
128 236
106 277
312 182
191 118
82 171
93 184
58 235
100 167
315 118
236 83
308 215
165 287
305 59
166 178
49 50
269 24
286 63
74 124
272 70
294 117
290 77
313 80
80 70
135 230
174 314
98 320
4 147
316 96
53 126
62 63
154 320
80 102
246 130
149 83
113 213
90 104
129 82
42 14
2 160
214 313
30 31
258 213
263 316
50 247
303 57
210 176
91 223
77 239
192 104
132 189
63 211
246 220
142 226
216 149
45 8
215 174
221 321
64 256
38 18
89 318
55 224
235 15
255 221
291 255
40 48
124 102
252 33
70 200
322 279
41 170
292 120
271 146
255 91
27 90
242 64
160 258
160 95
129 296
22 296
170 64
97 16
134 191
280 146
48 241
95 57
157 234
245 43
30 167
144 11
199 31
222 102
66 241
129 222
191 211
43 80
284 161
82 185
177 309
190 121
253 43
164 214
62 93
222 159
197 298
205 289
234 302
203 3
188 216
299 123
269 213
19 92
183 138
286 9
100 238
64 198
220 132
217 183
153 68
54 158
107 299
143 251
208 269
309 124
95 15
171 315
96 136
194 146
168 20
321 63
30 41
108 257
96 165
45 54
205 253
197 238
233 217
226 65
263 6
303 209
238 279
35 299
279 228
95 114
302 142
100 36
264 4
303 279
246 224
1 67
271 153
79 300
5 85
24 264
134 102
23 120
252 15
234 25
164 33
257 289
0 214
270 233
40 23
52 297
199 185
296 265
237 229
156 206
261 303
63 72
281 276
141 35
214 56
250 136
167 288
232 111
20 177
259 77
162 171
53 156
68 93
266 247
197 17
163 245
83 27
64 5
252 57
94 192
270 217
97 300
153 273
194 74
159 9
155 17
44 38
208 300
210 312
98 169
44 10
68 55
194 282
137 133
217 236
123 179
0 208
148 114
73 75
187 234
104 69
154 227
50 13
221 21
102 51
97 172
219 222
240 18
61 159
59 108
22 152
20 139
90 261
51 230
223 295
175 147
272 59
61 261
174 46
218 160
231 216
239 101
221 42
4 289
174 257
66 202
280 44
249 28
213 11
191 58
258 85
318 109
270 263
155 313
63 186
274 321
55 106
281 155
22 214
180 154
29 237
303 190
42 172
55 205
70 276
55 10
40 82
287 165
153 149
217 115
235 172
264 48
103 214
145 182
171 185
174 183
235 29
209 223
154 269
229 274
90 175
243 207
290 225
104 93
297 72
256 94
55 19
320 260
199 51
80 146
308 253
215 257
256 148
17 286
26 244
164 257
215 31
302 22
300 213
221 168
192 45
11 13
82 91
123 110
156 78
120 148
77 18
195 38
143 182
322 61
170 94
163 289
303 231
304 22
189 270
313 98
26 227
301 228
306 93
104 95
323 48
230 313
197 251
4 96
146 174
281 212
188 189
313 194
239 321
42 24
313 126
16 206
308 158
302 290
231 285
41 93
145 9
214 22
100 189
297 4
221 225
196 179
140 290
285 37
45 76
233 0
6 225
58 124
190 215
154 45
263 2
285 8
8 311
124 197
150 311
254 203
267 317
167 197
115 195
161 172
257 181
270 114
298 50
288 225
109 157
88 26
78 229
5 261
203 80
284 134
258 264
16 4
151 291
160 33
222 130
273 66
266 84
22 2
67 243
254 208
127 219
207 284
220 126
61 45
315 57
219 141
285 313
86 50
255 35
142 29
82 241
17 301
233 29
200 200
178 3
110 65
132 106
249 314
267 222
302 224
144 115
22 54
142 175
95 230
138 151
207 289
17 107
262 318
280 293
80 63
119 275
56 42
181 292
147 31
40 115
253 279
108 209
72 27
56 218
218 260
9 47
151 313
271 148
296 89
217 30
312 272
135 117
302 90
75 270
314 177
180 61
109 67
35 279
253 51
116 310
248 195
284 258
115 43
1 276
215 315
53 128
197 228
287 299
168 176
176 196
256 175
235 91
86 215
52 207
253 116
125 250
31 213
301 240
85 27
72 195
185 45
316 146
254 281
51 147
288 53
84 168
321 247
174 233
84 51
135 215
155 15
130 290
77 246
117 67
140 227
150 217
34 116
216 172
44 265
27 192
257 268
10 165
16 27
284 35
60 127
292 222
205 18
316 27
260 131
98 270
189 14
70 59
217 147
215 234
184 182
145 264
139 77
235 119
142 309
137 139
301 222
227 189
221 170
220 267
28 92
261 321
139 61
246 305
299 171
24 295
310 316
318 187
207 158
226 63
188 63
214 60
198 157
286 237
293 143
32 107
111 28
265 80
86 115
138 27
23 136
280 301
321 12
296 217
112 151
189 72
97 292
288 297
292 220
0 210
246 240
255 223
280 144
93 206
171 134
200 172
68 130
98 72
195 321
215 253
119 318
51 189
152 192
166 147
160 58
319 297
61 187
308 54
130 168
220 135
267 163
20 175
195 34
276 308
277 57
15 236
293 12
153 277
253 92
63 322
243 101
303 182
245 289
226 148
104 187
298 258
306 214
166 2
137 266
222 92
133 104
25 105
146 134
272 253
4 257
141 76
205 63
162 31
56 78
271 155
32 67
78 293
177 82
60 274
208 246
113 104
250 26
122 26
128 279
60 49
27 170
171 96
90 44
154 147
202 159
197 108
127 104
96 309
261 108
18 60
155 195
233 303
49 230
62 105
101 49
191 72
94 117
232 230
93 78
152 158
23 258
135 97
267 71
295 213
203 152
214 89
18 239
35 44
171 209
85 292
187 147
81 160
266 245
323 0
6 114
240 173
281 166
176 95
251 35
59 210
68 257
24 73
168 40
125 136
66 12
226 309
164 2
104 313
136 176
240 0
262 107
278 298
208 205
117 259
87 161
248 26
182 271
322 115
113 243
53 133
63 91
128 217
64 113
150 127
183 92
318 19
170 216
276 301
211 319
121 171
283 316
50 264
129 9
72 78
240 249
210 118
11 144
142 162
129 292
219 190
241 120
115 9
57 70
108 261
309 314
91 216
314 171
123 200
40 118
256 51
316 45
302 140
288 259
289 174
256 40
64 160
314 284
35 178
93 282
99 146
321 275
228 224
154 284
112 237
122 102
74 314
200 317
233 99
320 278
237 171
133 303
243 251
184 88
169 217
232 314
90 305
40 240
12 10
188 193
271 122
168 45
210 225
233 192
277 315
241 160
171 85
43 49
215 237
106 218
147 7
193 46
107 276
157 261
264 281
57 59
149 14
94 137
34 136
42 265
168 300
198 68
307 142
167 208
305 39
27 248
196 160
183 298
270 251
18 90
217 58
227 53
262 23
95 193
275 286
93 224
270 209
217 238
110 282
203 318
121 228
202 220
80 32
78 248
300 207
51 96
180 247
116 201
289 299
63 96
103 245
155 240
143 276
225 6
311 113
260 129
254 93
193 227
255 89
203 78
148 310
34 174
94 45
208 200
42 247
28 296
246 270
123 308
133 36
26 296
301 187
180 245
248 263
221 120
5 313
140 233
201 184
187 191
127 68
286 7
255 279
243 144
239 177
272 92
89 92
153 279
181 210
241 37
157 5
22 265
262 185
118 224
102 136
203 64
155 291
187 139
5 13
310 115
146 145
19 207
240 280
281 45
153 299
69 154
174 95
58 44
211 9
206 208
10 41
194 269
249 91
169 43
289 118
249 218
192 36
66 98
154 280
203 134
66 72
97 14
178 164
317 129
67 16
163 313
198 163
323 7
88 276
276 178
28 18
40 212
169 242
90 233
37 135
138 99
103 45
268 85
266 254
168 76
166 257
232 291
14 9
308 172
297 91
44 74
158 163
253 177
309 134
221 149
214 261
299 46
217 174
305 30
163 35
130 212
244 253
147 153
121 110
12 208
143 125
299 243
293 227
216 277
129 213
47 51
127 58
8 164
92 246
175 1
98 268
279 74
81 314
276 91
273 74
217 73
126 269
104 220
39 197
319 164
268 258
22 101
321 134
178 123
226 81
82 286
315 36
190 166
204 193
290 124
87 117
79 19
322 84
276 222
78 14
208 125
62 216
194 133
61 298
125 33
312 6
195 109
164 51
79 196
65 205
61 136
16 155
199 227
118 257
207 132
252 250
214 255
155 173
227 201
119 5
291 23
153 106
312 222
294 25
42 312
102 205
8 281
122 181
208 225
294 16
59 259
23 173
307 227
218 208
24 310
306 198
40 207
125 277
115 247
182 241
297 177
18 297
41 146
315 316
266 44
315 50
120 38
194 229
214 39
286 89
247 44
77 274
28 59
146 320
76 129
259 182
113 79
201 199
114 154
33 59
111 48
14 284
287 170
258 242
118 247
13 177
220 118
103 33
176 194
114 193
66 264
142 253
12 179
11 171
28 199
303 253
153 142
264 44
122 35
27 70
41 192
66 59
190 197
240 157
105 310
79 310
139 316
307 208
41 321
141 20
97 48
33 44
205 284
236 140
114 85
290 222
17 272
198 65
166 106
141 61
248 309
142 200
191 182
94 62
253 168
143 60
317 157
311 144
5 303
266 243
257 198
46 202
218 162
51 173
297 35
176 157
265 320
42 207
282 65
127 234
115 199
57 255
303 151
197 44
285 315
185 320
141 310
195 227
146 33
312 225
270 207
300 50
141 239
88 291
251 292
310 166
42 223
139 238
38 266
138 223
167 218
182 247
250 2
1 48
32 285
198 28
26 316
233 178
317 148
119 127
261 300
229 106
64 71
217 162
257 150
84 131
240 61
240 240
224 299
252 280
126 15
100 258
306 244
268 260
78 227
135 180
114 223
274 70
209 139
164 198
64 309
241 89
299 294
254 153
245 190
87 22
240 93
25 112
63 15
192 91
0 300
108 137
124 55
167 151
215 185
269 37
4 19
31 154
265 101
26 108
233 81
84 142
215 59
237 177
36 148
226 238
111 87
40 267
264 175
12 296
179 284
284 239
6 1
61 3
58 159
11 142
40 195
117 213
58 122
72 294
121 288
144 6
16 260
74 212
267 73
290 25
210 234
110 317
37 14
12 274
170 99
142 235
64 241
97 156
258 257
267 97
4 149
13 173
20 2
19 209
210 260
105 166
28 63
320 30
154 183
44 291
27 300
16 311
301 17
250 108
91 296
26 206
197 226
20 239
270 274
175 284
293 233
277 182
147 181
147 42
187 170
16 143
136 280
83 193
93 120
158 134
164 42
305 323
241 103
159 197
301 88
70 78
298 89
167 57
128 20
263 241
151 160
24 83
170 55
188 196
45 126
255 69
70 167
289 255
230 26
180 216
117 294
53 280
136 194
114 106
185 21
217 81
220 220
47 147
146 295
0 247
207 305
55 289
94 154
205 10
140 22
262 301
85 274
71 2
127 299
39 238
84 311
231 245
151 299
170 183
117 296
57 95
127 71
112 85
76 127
307 117
253 232
55 241
216 170
228 187
155 215
19 62
141 91
90 146
174 252
75 120
168 94
177 70
227 55
95 59
309 136
278 222
110 51
190 104
265 158
42 144
315 161
96 73
209 110
190 268
118 245
307 252
191 247
70 20
54 150
284 139
73 238
17 303
108 59
140 213
52 3
302 259
232 74
307 121
44 177
275 20
282 222
277 124
85 106
60 1
171 201
152 108
124 279
42 38
187 100
157 56
174 124
4 181
151 309
129 254
301 295
161 161
35 188
163 135
167 67
108 219
257 233
60 306
48 160
95 206
35 99
316 176
112 66
53 307
114 237
33 69
256 111
86 169
94 135
322 245
157 144
123 193
190 54
29 17
113 55
126 180
228 35
123 28
253 160
205 120
132 46
191 113
19 67
315 187
232 295
214 20
125 6
195 276
238 239
40 141
191 310
182 43
120 113
198 274
114 20
128 96
322 204
112 233
54 290
60 150
33 31
252 103
128 130
78 212
9 226
85 310
315 257
270 292
81 93
289 227
106 184
96 213
91 234
65 322
56 54
277 31
32 30
243 47
7 39
303 0
323 316
322 55
256 14
203 104
56 268
194 274
2 244
21 191
104 262
86 277
247 313
219 292
38 195
244 208
76 285
285 163
95 292
5 186
72 287
116 117
118 95
24 23
90 316
113 258
86 84
201 197
270 39
91 77
19 321
294 279
287 272
231 303
155 274
162 258
54 298
234 230
93 0
238 108
225 32
22 174
230 121
202 51
194 315
16 119
5 29
256 55
225 136
224 78
115 249
249 169
238 60
296 269
308 29
284 97
76 257
91 81
286 258
223 227
253 61
119 184
251 275
12 164
31 318
58 219
86 182
86 26
321 74
20 173
282 189
205 16
223 7
243 201
0 196
148 134
287 47
3 15
195 107
181 137
59 255
39 303
63 254
238 293
255 150
206 117
273 234
37 268
161 66
246 222
61 151
292 25
231 202
206 51
209 190
68 59
211 99
261 13
241 174
143 202
250 70
295 162
207 195
195 252
166 19
127 262
192 294
232 301
35 82
121 112
265 160
165 249
280 240
263 46
296 156
184 232
123 310
28 197
257 54
177 11
199 26
286 297
180 306
188 1
46 57
140 89
214 91
94 208
174 122
77 121
243 162
303 30
200 315
113 96
192 43
264 207
61 183
209 255
256 49
160 164
10 267
9 69
16 295
281 228
181 10
33 297
56 168
169 65
280 208
247 223
125 154
231 262
218 19
164 22
192 131
157 173
180 311
16 59
150 24
47 116
309 160
55 151
170 136
216 46
238 314
80 218
229 51
157 14
299 104
129 167
238 284
208 207
268 128
215 109
67 228
46 167
95 158
200 268
123 42
191 209
113 126
290 259
307 241
179 210
149 69
310 318
180 109
88 216
133 111
241 79
249 220
25 177
93 296
188 65
283 303
189 191
276 251
235 150
43 123
234 190
43 96
210 51
184 285
80 49
44 313
153 223
222 221
312 91
23 100
256 241
201 247
102 91
74 248
116 26
127 139
157 232
36 301
29 69
202 281
135 250
242 93
192 15
190 183
84 119
233 145
313 156
215 320
6 142
210 303
76 247
272 311
291 118
311 98
130 204
41 7
65 44
205 14
57 145
110 255
260 184
282 164
267 319
58 79
251 282
137 103
29 301
295 254
236 13
267 115
83 149
83 220
10 303
58 265
157 271
299 91
116 162
272 125
65 4
89 265
147 65
31 291
117 309
220 9
224 24
55 142
246 209
136 169
51 295
24 103
7 202
178 31
44 181
42 116
96 27
162 195
35 190
282 145
31 161
15 121
170 23
92 294
104 306
14 140
226 208
54 69
239 6
321 171
91 85
245 35
218 206
160 214
100 249
22 317
224 64
2 280
247 177
113 250
246 197
207 151
280 137
119 226
103 197
68 203
216 195
198 206
278 130
305 240
132 139
244 94
321 313
99 296
138 200
178 155
275 224
318 280
265 316
54 107
254 49
30 124
50 166
156 76
15 95
11 116
291 305
66 78
169 60
163 4
152 89
251 261
180 239
230 77
314 225
292 150
272 39
255 42
143 77
97 232
98 309
272 200
217 289
117 322
269 235
317 14
45 251
288 257
95 243
266 180
18 200
215 274
230 239
155 238
201 44
292 259
186 98
87 15
60 63
62 212
299 108
181 68
39 313
117 289
152 126
107 15
66 114
124 236
230 42
181 139
287 256
158 7
248 179
175 182
261 166
63 44
311 66
163 231
32 157
93 56
16 181
313 54
140 116
177 62
27 298
317 294
227 236
278 157
50 226
55 282
16 139
307 106
199 297
147 101
320 305
205 302
144 260
10 274
43 170
277 12
191 127
32 120
274 189
242 253
1 212
309 203
157 100
281 162
258 20
303 271
276 129
260 189
119 295
185 283
8 46
50 71
252 195
235 228
86 131
253 302
250 125
3 239
267 161
181 50
20 283
257 83
53 193
67 182
104 315
109 265
75 118
242 122
153 247
10 279
59 60
186 117
246 312
209 100
22 298
310 5
175 185
249 138
30 208
106 170
301 297
23 234
232 13
204 145
213 78
56 266
139 188
247 18
247 16
137 6
104 207
297 314
53 225
141 125
114 39
94 110
162 125
107 266
144 308
172 148
104 125
52 290
174 211
57 242
84 285
42 112
304 20
172 233
138 58
2 262
306 41
180 58
118 263
302 146
244 81
69 163
164 174
287 243
107 186
211 218
291 36
56 162
206 119
283 199
62 194
86 265
170 62
69 76
287 192
139 294
316 31
322 9
206 313
310 30
240 198
45 153
191 9
100 55
62 309
249 44
113 122
178 255
295 76
216 67
317 242
142 307
137 148
306 179
297 45
272 196
276 232
34 255
310 58
130 253
64 275
317 298
183 180
133 31
74 268
108 255
283 159
60 148
285 55
68 309
110 53
282 81
300 36
250 280
59 95
232 190
4 224
73 107
258 196
94 247
252 246
252 55
172 137
172 81
281 200
190 119
195 43
185 266
55 90
289 50
200 99
163 131
90 40
309 156
18 26
195 92
45 18
267 67
266 197
323 283
207 211
247 188
15 52
119 231
213 307
183 260
313 186
231 290
186 19
128 215
144 275
169 10
139 0
117 314
76 241
111 42
24 262
260 264
237 245
149 150
129 169
71 107
266 199
313 184
31 118
158 11
54 278
310 276
37 322
242 156
199 171
125 173
268 216
37 50
266 280
53 242
313 47
29 257
67 285
33 242
205 177
129 15
18 222
5 301
165 59
251 317
22 315
73 12
59 142
158 29
274 10
34 274
303 196
160 115
136 274
214 37
228 122
237 112
310 15
322 133
123 195
277 233
223 242
219 182
17 91
121 194
175 210
140 308
98 237
294 225
229 109
195 129
146 125
115 141
223 142
271 27
304 80
165 49
115 79
215 161
263 168
105 152
298 132
1 93
294 39
158 218
128 264
322 70
4 311
49 164
131 306
88 185
176 212
212 100
298 169
25 119
142 274
323 219
114 148
186 227
278 256
138 73
18 259
252 7
310 73
93 298
186 29
233 59
2 230
28 316
159 38
16 284
263 173
56 36
22 150
283 128
121 50
8 198
280 164
230 283
6 80
23 215
231 166
179 165
135 129
277 186
54 78
187 316
49 16
51 320
242 104
302 168
160 162
267 214
143 143
229 128
26 56
51 270
288 108
146 200
264 217
215 285
103 295
168 99
240 125
74 103
40 84
210 138
36 318
170 177
305 44
266 215
192 215
216 119
306 189
101 110
63 13
219 258
219 1
253 293
43 115
113 252
103 15
239 298
37 316
33 253
143 177
194 259
53 47
313 105
75 239
306 74
67 281
42 278
54 134
199 84
102 250
227 271
104 35
219 82
160 298
79 318
214 215
120 42
302 314
88 283
162 302
270 294
116 278
266 65
31 256
52 190
33 189
273 87
58 136
292 76
263 161
39 6
31 68
72 193
91 127
176 173
134 281
197 42
217 32
293 50
118 276
161 206
126 152
257 292
182 159
166 109
32 137
315 92
34 265
233 147
32 249
183 250
291 17
299 106
154 108
238 270
20 120
165 302
299 71
122 189
144 215
194 105
41 109
266 152
10 228
103 74
244 53
141 123
117 43
107 311
136 316
110 3
321 232
181 176
137 297
221 255
235 178
219 310
307 288
217 43
240 260
11 265
63 181
78 65
21 243
20 109
188 77
184 276
205 151
34 8
280 18
76 15
220 70
303 228
230 126
316 188
282 282
138 75
148 146
152 311
204 323
62 48
115 125
99 260
154 271
16 212
205 195
31 307
82 182
204 89
152 315
312 323
275 284
46 19
248 151
76 64
148 319
274 93
280 290
263 55
284 85
16 153
295 242
8 305
179 197
106 57
117 140
293 231
45 85
233 119
134 314
133 305
147 117
135 213
282 210
137 162
188 322
19 286
239 65
139 82
278 323
304 184
74 194
62 220
220 106
4 156
131 206
50 168
135 70
150 67
75 296
315 193
264 50
15 272
283 9
159 153
174 114
94 42
192 21
22 4
298 195
50 305
6 187
14 303
296 135
236 269
87 144
98 256
118 311
54 59
2 61
134 11
62 82
277 245
131 47
103 228
1 314
113 29
41 181
189 246
75 307
118 152
168 199
212 13
301 155
306 301
175 64
314 258
213 34
215 213
50 212
162 127
233 56
37 227
10 36
31 129
252 5
40 245
212 234
54 309
317 78
170 277
305 25
48 231
58 144
119 315
191 145
184 118
119 222
267 301
264 24
86 171
27 236
211 11
250 62
64 85
319 136
30 152
148 44
153 185
131 142
202 286
228 322
25 16
248 271
245 66
168 278
185 50
173 96
262 175
83 72
29 1
137 268
269 115
7 313
110 234
247 42
38 16
229 73
211 270
234 312
155 124
54 57
230 171
2 97
101 201
76 5
39 153
175 84
238 179
232 34
38 290
51 307
24 182
208 174
54 265
13 94
97 272
141 168
308 292
130 166
160 27
216 296
122 258
109 259
236 6
68 77
154 171
323 135
40 18
67 206
255 67
318 21
19 79
71 192
254 230
128 230
252 170
154 213
12 73
85 220
251 45
250 15
29 3
280 322
233 234
43 182
189 74
214 107
35 276
143 293
61 32
156 217
97 147
98 113
300 161
314 262
143 2
192 286
53 247
151 307
169 219
308 77
145 50
275 147
236 8
46 9
126 190
79 154
138 313
38 117
232 102
305 200
178 306
229 280
276 239
290 179
90 247
217 0
41 310
111 211
21 285
69 311
273 291
74 2
74 135
202 207
170 266
82 238
264 111
117 274
300 21
67 274
29 286
171 109
118 66
170 166
161 249
206 70
246 132
197 128
142 183
29 58
309 8
222 219
14 119
65 182
305 105
206 199
254 103
142 271
133 292
214 159
300 141
125 234
253 205
156 230
27 112
171 272
152 154
264 107
220 205
134 81
174 222
274 76
178 68
163 67
99 25
225 298
28 153
306 291
280 269
318 223
35 305
259 291
236 287
274 252
252 124
303 200
39 263
191 284
319 97
102 37
187 168
28 195
57 217
26 246
265 63
284 136
166 152
155 0
90 88
111 116
85 236
97 201
166 292
53 189
14 223
52 292
61 307
197 300
163 14
116 41
20 260
45 286
156 192
191 249
137 166
293 60
138 260
134 77
234 13
66 305
241 116
179 7
134 106
76 208
312 4
288 120
43 77
35 59
155 321
242 62
320 217
89 143
248 171
55 127
231 232
28 148
29 184
117 5
235 23
22 212
150 242
294 33
85 276
227 191
17 93
294 62
174 120
168 210
151 179
84 303
264 181
239 46
264 171
284 164
55 56
125 162
178 111
117 8
323 276
115 129
240 311
272 0
49 251
288 49
59 116
272 136
126 75
130 138
28 88
279 105
2 153
240 292
54 92
61 272
269 130
304 139
99 205
218 184
277 102
317 80
1 44
261 290
133 64
54 88
184 146
261 176
299 313
22 123
50 198
304 226
156 183
283 105
117 14
190 217
166 195
203 183
146 266
282 68
118 300
33 292
278 33
264 74
118 297
176 307
181 251
51 38
172 172
43 164
56 317
154 95
286 232
76 293
319 79
42 82
175 113
245 128
135 32
233 171
73 23
279 53
9 57
297 263
6 167
265 138
144 200
88 149
125 59
218 106
286 85
112 76
70 65
143 161
307 314
250 246
291 303
10 2
298 23
20 128
37 58
231 168
142 33
261 314
245 8
62 189
143 50
127 82
271 29
52 158
215 1
99 49
140 28
68 30
307 112
157 142
130 279
241 322
253 126
282 280
70 140
189 58
279 30
136 182
198 30
142 15
119 309
7 189
279 201
262 214
253 224
76 91
302 212
145 139
311 240
45 309
107 247
264 298
107 286
76 235
247 269
171 189
125 49
140 322
114 191
122 148
23 117
