252 304
243 95
127 33
226 0
27 183
286 148
235 112
84 240
96 61
275 315
35 101
134 216
144 185
4 29
39 98
250 278
144 15
0 53
268 218
73 106
93 206
42 292
146 20
205 152
151 209
7 261
26 16
35 293
86 143
55 182
2 281
96 306
231 265
159 280
277 231
304 197
264 207
144 13
320 186
185 313
41 99
108 277
48 269
143 127
226 91
126 154
303 11
104 97
32 40
48 20
113 108
4 255
264 197
61 46
73 47
249 243
29 114
215 302
153 240
289 193
181 47
161 69
69 107
170 207
140 106
312 259
53 25
76 153
194 194
242 66
276 241
203 194
141 289
148 34
42 323
217 107
311 116
41 237
204 41
45 263
137 299
241 195
119 92
14 51
156 57
68 18
59 197
243 176
277 155
122 184
38 206
31 199
191 278
190 78
248 304
239 208
317 33
242 147
275 110
280 225
227 270
239 128
108 87
193 321
60 103
204 131
128 220
52 309
242 207
323 305
2 103
322 233
67 237
117 61
305 266
122 196
177 84
0 204
262 4
208 313
61 126
58 156
95 258
64 57
179 181
263 54
183 307
84 144
280 175
147 115
6 17
218 176
185 321
307 123
12 194
277 208
309 123
99 266
15 91
59 77
291 74
99 174
133 175
23 229
106 9
284 295
319 232
168 187
200 286
132 302
254 33
226 198
36 5
65 39
280 189
161 137
17 279
146 113
85 184
1 7
36 274
300 209
144 20
272 308
277 114
283 162
305 204
229 11
292 64
0 14
34 5
156 232
249 263
190 228
246 54
308 105
89 54
150 117
318 233
215 317
314 188
194 318
267 74
281 182
280 135
231 2
23 260
281 131
195 176
66 175
230 109
114 44
144 283
69 135
298 100
190 133
166 17
95 285
195 237
124 179
131 140
134 174
2 40
25 136
290 173
151 178
259 190
241 118
305 268
169 79
26 280
72 218
69 282
105 281
52 234
12 222
132 48
275 135
278 291
256 112
87 93
286 166
19 6
102 166
231 142
167 291
191 105
136 91
263 102
274 3
200 26
94 282
182 241
209 229
143 114
202 146
157 172
265 5
220 166
272 306
317 253
76 196
108 205
10 46
150 248
108 171
17 60
239 196
323 126
287 197
154 261
288 77
268 155
295 91
199 159
308 295
242 138
129 162
180 124
167 95
198 147
275 254
251 91
82 168
82 321
286 103
305 61
195 127
319 256
90 257
264 215
143 49
235 79
49 155
53 71
241 123
292 223
296 25
142 305
131 83
125 283
64 294
273 110
87 44
322 15
134 149
286 82
195 32
188 31
2 85
28 65
197 60
129 191
265 46
287 66
76 129
88 74
297 180
15 271
134 240
293 243
5 214
4 238
156 17
16 20
321 127
301 60
55 8
30 95
261 239
73 289
293 122
267 26
300 281
263 184
169 276
202 297
165 49
312 263
236 26
284 207
250 296
322 7
60 164
46 212
63 272
300 9
81 82
77 137
295 139
168 195
26 130
267 251
133 100
51 300
208 80
100 0
99 207
29 194
57 47
44 110
307 239
96 228
167 3
155 34
34 224
82 253
123 294
12 212
242 102
14 311
36 219
223 132
13 246
69 138
48 107
7 304
269 67
107 8
86 126
171 298
309 92
54 309
298 241
232 287
80 260
275 85
214 241
181 10
71 27
188 79
46 204
292 94
35 64
295 260
72 226
217 127
204 221
221 294
116 311
227 310
322 294
320 34
196 306
139 126
229 200
263 242
230 75
164 293
67 14
320 237
91 167
297 128
142 270
254 2
2 220
307 25
180 145
317 98
152 320
178 237
198 18
7 180
69 109
124 50
152 303
18 236
188 86
180 79
315 242
208 202
153 103
153 281
54 172
215 44
32 69
13 278
57 24
76 314
46 26
36 234
172 102
95 124
21 261
29 256
202 245
202 81
249 227
216 31
107 55
307 301
221 281
85 200
137 198
32 175
300 142
203 12
195 144
203 219
125 281
236 294
189 144
208 37
107 176
65 321
70 117
251 306
241 162
160 282
323 51
116 213
155 204
75 295
128 249
159 162
292 3
26 90
112 1
117 27
108 167
23 131
104 61
13 127
312 169
77 128
268 162
93 208
93 166
266 223
43 117
295 108
146 283
244 96
141 262
298 182
103 305
58 316
52 79
223 142
137 202
62 127
295 79
235 15
71 29
298 140
273 171
73 87
43 243
319 128
86 234
2 158
195 94
141 182
296 250
241 140
315 34
285 256
294 77
271 236
151 70
265 320
319 218
179 87
217 191
50 251
130 91
318 261
288 269
9 3
212 160
63 213
254 39
29 43
120 67
174 41
237 72
73 294
149 72
182 260
129 139
55 55
79 208
219 258
6 188
233 149
283 278
72 77
2 97
130 49
40 13
57 116
171 148
246 271
97 204
302 222
297 260
313 23
45 43
121 278
141 160
149 91
155 243
220 256
80 286
168 24
159 22
115 93
242 261
11 124
231 90
12 62
107 229
2 248
238 293
31 120
93 220
233 89
305 105
231 176
218 255
179 200
75 289
8 41
206 220
217 275
154 303
206 222
166 265
17 83
192 310
115 85
123 57
174 106
11 49
302 115
206 282
219 133
93 210
192 55
182 146
268 245
121 203
109 310
280 300
82 103
172 183
44 73
78 17
250 202
311 69
281 223
160 139
2 292
196 45
311 157
266 118
73 220
241 92
193 283
37 77
292 18
192 258
189 183
189 151
22 41
308 290
85 81
25 206
56 93
74 107
77 313
241 158
127 254
242 2
203 217
141 19
155 31
302 189
206 272
8 1
215 312
162 227
292 253
52 225
54 42
309 313
83 83
20 299
233 8
14 179
158 16
42 106
143 174
110 315
155 151
102 154
138 316
309 246
60 81
258 38
295 202
77 289
224 55
159 35
204 113
289 306
31 7
316 163
140 274
254 86
10 111
115 74
314 36
316 169
160 278
14 276
260 25
317 259
105 304
31 215
170 24
286 119
284 134
228 320
181 312
256 159
232 58
258 94
96 289
97 194
185 147
57 64
190 199
113 143
161 3
132 23
111 186
178 148
97 23
158 111
87 124
227 196
300 38
169 59
161 114
233 189
305 118
293 275
195 301
72 7
276 187
133 80
218 116
26 231
76 272
130 123
134 218
169 197
170 217
140 2
277 138
236 280
174 236
249 29
264 195
162 275
28 181
23 138
131 17
189 94
193 23
232 269
89 203
239 236
44 92
162 116
116 184
69 177
188 29
15 167
289 60
235 245
295 294
33 64
215 276
117 203
170 167
168 12
11 0
41 202
112 295
79 154
87 67
16 145
274 309
247 188
215 207
267 259
169 175
86 192
138 45
121 309
273 200
42 142
112 19
304 300
8 114
294 186
221 93
154 146
33 61
237 321
157 51
35 76
249 127
122 115
296 168
84 8
193 282
80 91
85 284
166 154
11 64
231 181
243 119
16 62
72 21
263 139
250 17
78 32
321 98
120 183
51 195
56 28
188 207
42 170
30 34
261 161
41 244
148 144
233 122
273 113
210 7
320 60
262 281
30 89
286 179
162 278
178 24
300 242
254 126
88 148
233 288
112 152
31 162
243 91
26 225
140 223
172 95
272 280
313 1
266 98
15 49
293 184
173 146
61 3
208 71
18 23
179 194
88 172
169 290
62 197
155 278
195 149
203 185
29 91
54 277
149 195
289 183
84 117
281 260
55 263
243 157
26 25
58 320
220 61
273 40
145 16
279 18
58 251
92 244
66 263
251 5
245 179
297 102
95 157
197 308
262 320
252 302
6 256
153 101
91 25
195 38
130 75
138 150
100 115
269 220
90 65
67 303
230 183
37 265
70 175
93 109
25 192
137 164
254 108
231 271
248 137
231 100
199 299
130 22
179 175
44 311
47 14
169 317
253 294
274 284
279 162
232 0
62 200
241 77
299 196
209 208
112 267
17 150
283 259
8 272
155 92
124 43
243 140
254 197
71 86
317 304
145 9
100 80
117 128
173 241
76 226
71 199
167 136
32 48
44 213
46 136
59 258
0 61
134 138
259 127
180 63
22 142
102 200
222 244
107 279
207 101
306 272
16 22
238 56
34 110
152 146
212 189
24 279
184 69
283 138
312 108
113 293
198 62
135 289
152 128
38 256
161 135
207 227
74 215
245 82
87 42
253 54
231 125
39 76
94 228
180 220
290 257
50 19
110 88
26 134
194 167
210 103
103 252
315 165
45 29
210 250
103 231
265 21
311 172
80 320
104 123
41 242
232 183
71 109
143 53
191 223
300 170
188 120
281 210
105 293
303 283
279 209
293 245
239 234
118 259
159 68
163 229
227 133
13 171
15 163
244 129
226 239
109 145
16 223
165 98
238 242
90 169
243 38
297 295
21 156
298 287
172 111
153 243
303 148
88 278
37 254
60 79
103 218
300 172
193 253
44 115
50 244
223 239
217 68
89 91
290 281
293 108
294 257
193 15
35 242
175 104
132 9
162 296
219 10
185 139
217 118
25 165
95 209
247 67
38 12
271 274
48 73
154 174
20 150
76 44
181 299
294 110
48 135
302 281
240 20
253 149
317 191
189 313
255 293
276 310
58 212
299 102
250 261
154 144
202 318
36 278
300 168
148 93
225 222
292 201
316 216
89 150
72 25
175 228
262 188
18 151
14 213
9 129
217 212
56 44
310 174
177 122
23 132
305 242
283 222
199 295
146 83
5 271
282 32
126 117
87 266
185 67
204 147
123 271
313 68
316 193
253 124
246 242
38 230
78 118
301 226
150 143
89 32
96 7
61 323
64 180
194 230
109 231
279 103
30 211
268 247
139 114
224 310
319 143
300 5
110 184
182 245
243 266
58 49
192 180
233 3
93 4
159 12
35 225
26 196
18 199
72 23
2 21
262 217
110 104
72 184
247 222
110 296
86 289
311 142
246 93
227 40
312 52
151 26
188 88
76 55
262 24
208 119
20 124
16 97
183 311
159 230
227 127
273 78
153 301
31 64
64 211
246 307
249 188
40 252
237 234
114 159
156 228
250 3
104 199
236 10
78 265
206 17
216 84
14 263
0 224
48 57
127 140
256 147
217 189
271 145
300 166
226 79
68 65
118 213
55 80
286 199
134 8
251 196
316 135
284 311
102 296
234 284
197 296
60 31
54 107
142 291
315 39
179 209
220 231
91 315
276 161
319 32
109 147
122 67
304 249
21 148
113 299
301 162
68 295
191 293
3 311
65 290
155 247
212 106
66 16
204 10
39 90
223 195
134 142
272 72
38 300
34 220
157 318
36 175
214 16
27 233
127 230
139 236
284 239
21 271
41 39
238 47
259 176
114 163
40 135
278 127
246 309
203 192
208 28
145 139
254 248
295 88
168 275
18 144
66 83
235 235
212 246
128 124
266 100
101 23
86 54
250 211
255 152
39 193
201 61
281 42
262 297
20 214
272 16
224 61
194 44
172 255
158 79
237 217
76 194
274 167
141 0
138 170
105 136
212 256
316 79
155 270
31 28
252 293
155 230
27 34
34 218
173 181
178 74
21 84
77 255
290 171
140 124
130 240
16 221
272 312
99 78
231 61
70 90
217 3
258 14
31 108
165 36
261 134
235 0
29 64
115 127
152 297
174 230
194 259
138 43
105 17
213 67
14 98
131 175
27 132
237 255
79 201
39 224
315 305
114 238
294 141
122 6
41 204
307 199
318 205
38 314
25 111
116 12
195 96
261 128
209 89
222 107
47 144
273 37
96 155
28 179
223 134
211 108
135 119
275 40
28 134
210 299
199 33
57 76
77 198
207 209
204 92
164 300
208 255
323 181
229 71
124 273
219 118
66 242
248 94
23 73
212 175
260 315
61 258
121 169
82 63
112 257
110 187
154 171
154 54
124 116
139 62
16 47
279 277
190 272
286 68
78 197
231 50
279 115
42 126
206 81
150 134
199 61
205 154
241 231
225 307
111 21
93 79
107 186
194 239
288 181
149 132
243 202
232 153
60 162
114 195
226 93
174 15
305 302
37 280
314 100
88 233
176 112
241 136
206 210
226 56
205 59
223 94
189 142
129 238
71 161
250 22
134 109
148 248
54 139
241 279
25 278
197 143
126 300
318 207
166 107
319 107
176 256
250 60
17 140
314 28
210 218
29 206
304 170
182 157
34 196
53 232
4 61
195 81
16 199
220 147
293 148
20 32
98 38
310 163
233 79
155 149
278 42
297 46
66 238
76 243
308 170
63 34
44 292
153 150
235 170
307 92
146 171
303 266
150 255
217 221
221 226
114 40
101 252
64 263
56 180
299 296
67 132
175 163
302 21
218 83
134 98
276 313
276 226
20 91
58 103
184 50
303 24
30 261
13 106
267 63
60 210
45 18
75 37
213 316
67 78
222 149
59 45
137 268
17 105
221 9
283 107
101 120
188 122
237 205
250 294
162 37
42 191
285 259
205 287
8 55
190 317
174 232
227 89
10 276
309 99
145 202
140 304
229 97
5 236
92 36
51 208
194 131
203 143
286 236
144 64
135 6
321 113
1 310
172 239
156 73
124 150
136 115
53 283
158 48
56 244
275 17
313 117
177 283
28 42
199 157
318 135
70 258
202 114
240 313
307 205
39 229
292 38
198 269
151 33
138 272
109 76
160 20
49 229
13 294
155 263
60 252
255 191
192 178
304 291
219 282
75 25
193 128
242 81
217 158
274 69
178 65
55 103
29 210
195 105
186 323
262 245
130 18
67 255
239 204
57 8
250 307
115 16
195 8
203 133
146 14
275 74
134 47
77 46
242 303
257 176
6 98
41 179
4 70
174 259
229 211
140 199
243 100
275 137
2 260
72 165
68 164
227 148
208 301
51 156
321 32
191 155
276 47
287 193
94 15
107 207
277 246
90 244
110 265
219 168
125 139
251 101
176 305
75 306
140 234
299 51
26 229
2 62
72 10
146 136
24 266
200 103
297 268
245 144
193 244
283 299
161 196
59 9
79 167
283 84
249 284
191 230
48 156
319 133
286 101
128 190
140 240
109 175
27 199
221 134
118 289
249 24
14 221
85 25
319 98
28 212
255 176
166 191
1 72
13 210
13 90
1 183
228 78
175 100
27 44
112 315
193 232
281 51
47 178
26 167
24 225
292 78
293 155
186 93
226 131
312 143
145 264
184 29
193 247
69 206
22 323
264 135
70 184
76 124
88 83
192 22
228 312
153 246
104 145
41 43
154 49
117 161
248 69
205 132
130 280
85 128
241 100
42 10
110 149
180 65
165 60
179 83
213 318
321 255
214 247
98 297
6 168
14 244
323 72
145 295
116 235
222 140
235 180
14 100
9 271
88 6
125 61
35 135
97 72
134 63
286 4
127 77
203 14
193 39
297 138
171 177
240 261
293 249
246 138
78 320
140 277
20 89
110 269
202 50
185 307
12 311
107 16
136 272
243 83
184 103
265 72
131 15
118 205
40 220
6 117
313 113
243 127
248 9
98 62
42 116
116 201
321 9
253 288
259 75
182 39
307 243
140 149
124 295
289 312
209 227
46 252
210 248
86 279
91 219
186 192
276 112
317 255
145 311
19 205
75 51
263 177
279 28
256 162
261 0
129 50
262 223
83 257
243 136
99 123
263 189
170 187
177 173
315 219
293 259
191 281
53 170
47 120
5 27
233 59
189 12
249 15
82 36
140 320
45 111
315 157
4 99
13 206
225 149
294 93
175 323
221 73
202 17
4 235
51 283
129 164
200 17
229 271
134 252
13 8
245 249
168 58
24 75
98 0
115 226
41 308
69 67
207 90
12 273
288 207
304 192
130 8
101 27
120 110
189 125
306 321
246 62
112 86
301 85
291 66
106 155
197 160
183 293
158 320
129 309
231 210
307 293
88 30
13 224
248 316
46 73
2 137
68 205
15 236
246 69
34 222
118 52
236 110
14 202
200 43
148 215
113 157
92 47
122 202
284 145
317 219
12 115
192 271
46 200
229 2
157 192
0 153
50 211
136 155
309 117
178 76
81 219
291 272
35 50
187 114
195 76
189 242
310 323
58 106
288 302
239 163
123 198
126 100
138 140
12 192
259 129
284 211
226 42
205 69
318 216
78 257
237 80
184 132
222 224
13 102
220 3
284 82
131 224
112 172
22 57
91 225
206 197
38 86
189 292
230 122
257 272
155 272
309 142
188 105
292 257
138 36
56 320
136 203
189 322
322 151
19 271
37 84
104 8
100 148
228 131
165 197
162 173
135 165
294 269
124 36
81 221
97 226
184 272
282 147
321 246
304 0
188 103
218 187
84 242
7 2
201 133
217 292
223 79
167 40
182 252
230 36
3 246
292 0
152 125
50 246
174 158
72 85
18 142
142 241
130 51
266 221
169 65
253 226
296 181
103 127
7 54
317 306
181 155
321 107
317 232
13 52
190 76
18 254
33 159
305 121
116 163
239 90
69 202
256 287
228 91
273 124
313 316
223 49
133 70
257 37
181 182
267 29
110 43
299 62
170 273
211 14
147 217
44 204
228 273
106 145
140 306
14 165
81 237
313 56
303 248
184 295
109 27
265 254
99 256
293 305
181 162
162 123
248 1
164 206
114 24
214 18
154 56
20 241
295 154
21 311
13 117
260 39
249 68
7 4
35 264
184 87
151 246
296 47
187 89
204 253
232 173
76 110
193 119
109 23
71 308
113 141
10 36
301 312
80 145
251 53
166 245
134 44
7 43
195 309
90 218
188 266
236 219
38 277
317 217
184 60
77 309
62 36
89 235
125 198
191 313
228 74
189 146
45 181
249 314
131 191
155 95
243 145
102 80
49 98
18 310
181 148
165 225
203 43
78 111
292 124
13 23
46 143
251 228
84 286
296 100
210 253
0 12
131 304
169 200
226 311
141 236
301 43
311 148
312 50
310 165
113 36
218 70
186 318
39 308
265 183
117 65
141 214
47 288
27 227
187 194
204 196
295 179
187 225
159 183
61 196
193 124
37 56
192 78
317 21
111 222
191 184
84 133
57 91
189 65
107 231
252 160
312 80
106 168
113 139
284 313
102 307
55 145
250 33
105 260
196 239
321 182
93 75
45 265
294 145
296 135
263 323
39 310
86 118
90 87
225 205
292 32
271 166
268 294
250 213
303 142
275 239
316 107
216 323
258 92
292 295
136 35
306 181
194 225
39 50
118 42
219 292
284 46
120 6
254 4
222 197
227 222
191 93
119 148
190 56
165 45
22 253
155 290
195 299
133 206
121 65
213 117
191 95
163 41
1 70
79 313
250 113
191 227
320 294
215 79
176 320
33 272
310 159
294 18
217 232
304 9
115 22
227 205
199 183
61 152
302 197
127 298
319 323
114 295
242 142
162 311
237 169
267 291
113 161
180 5
2 277
231 107
27 32
173 253
40 120
36 13
317 127
87 178
227 55
243 89
97 210
271 28
146 111
214 56
111 49
100 240
302 5
221 292
202 101
148 219
276 248
177 322
102 220
114 310
131 323
220 30
160 184
52 11
154 257
114 181
1 246
284 147
75 275
16 202
271 293
203 246
289 75
169 81
92 250
33 305
64 35
165 68
169 239
0 172
310 155
178 69
267 198
79 256
287 303
114 98
178 125
22 193
36 82
264 185
303 152
91 248
197 84
52 39
118 162
225 60
153 312
239 136
199 72
297 207
8 70
277 92
111 182
54 243
33 161
157 280
174 307
63 305
215 211
209 206
63 81
310 81
121 287
163 128
203 284
243 107
175 156
20 152
320 146
123 299
38 303
238 226
86 149
302 209
33 27
226 321
257 266
47 199
283 99
171 173
136 315
139 104
193 96
224 272
13 54
247 195
25 102
249 171
70 208
308 322
75 126
31 5
170 152
21 37
231 71
156 260
158 241
54 185
20 237
275 292
298 72
264 25
57 124
210 38
316 258
204 209
35 56
24 20
151 100
278 26
49 300
24 164
140 162
136 151
158 239
77 52
165 24
265 114
30 150
238 134
61 214
19 283
215 194
258 82
184 197
298 215
153 34
229 142
53 204
13 140
234 270
279 206
60 265
101 169
102 92
133 242
91 185
305 26
26 18
55 158
174 171
96 138
73 309
109 288
28 243
244 302
15 45
119 225
183 20
48 262
13 265
133 201
176 311
143 208
245 176
117 315
268 222
218 284
280 148
23 54
209 134
280 126
321 299
8 39
72 163
222 296
283 143
76 135
156 49
185 293
129 287
186 87
193 314
15 18
85 275
54 183
89 24
133 25
124 233
321 76
94 293
191 323
304 77
122 150
94 133
14 191
302 149
155 249
157 6
61 237
85 83
312 100
55 82
77 119
177 110
171 211
222 11
18 262
239 282
120 254
216 204
220 219
276 38
304 281
136 78
200 146
80 121
220 311
58 66
75 48
243 123
75 297
231 263
119 160
257 54
293 119
96 183
265 112
322 206
151 242
305 231
252 147
222 241
73 8
316 246
172 187
28 321
288 199
255 6
167 293
191 321
124 247
208 88
72 276
106 86
233 104
200 105
245 251
232 26
21 82
287 313
321 308
233 266
292 47
305 208
163 66
76 160
187 320
276 320
20 143
99 295
8 281
302 269
24 22
278 61
250 7
215 272
117 75
74 7
181 130
77 37
151 121
22 15
216 175
28 247
106 147
120 28
91 90
26 14
55 131
263 249
312 60
282 53
45 119
220 137
108 312
168 22
300 248
94 102
196 268
210 322
51 59
151 98
162 118
200 208
151 177
85 202
296 40
120 262
137 196
43 42
141 4
101 243
251 89
223 109
185 91
248 33
280 187
185 141
55 73
221 36
219 68
126 279
80 253
67 291
112 124
53 206
174 117
138 262
37 292
236 224
312 3
221 189
309 294
320 184
63 293
29 318
305 142
183 67
47 122
82 61
5 226
107 224
98 125
77 245
29 33
155 191
184 233
54 281
49 145
210 88
112 181
101 78
51 70
91 243
133 14
30 3
207 273
221 217
228 286
179 9
249 191
230 215
16 176
177 124
164 132
87 292
57 105
45 94
126 253
183 136
172 158
90 107
53 38
106 226
66 98
164 286
5 151
35 78
193 101
1 135
294 3
5 154
133 322
123 283
195 261
318 265
226 241
95 47
269 277
239 113
282 258
152 142
112 24
164 314
116 275
171 98
20 227
292 144
248 129
313 74
222 310
219 190
79 238
290 120
321 296
48 188
107 158
3 182
74 227
20 16
118 25
318 145
70 76
103 308
84 91
203 112
199 16
220 244
1 181
41 5
321 280
245 266
52 278
242 154
302 319
310 100
151 67
151 151
80 117
171 78
111 17
220 290
79 254
126 236
114 240
26 23
257 235
321 58
277 90
277 243
256 93
29 290
277 275
191 150
270 100
127 70
190 195
213 58
16 179
80 247
296 205
230 192
198 167
60 65
224 90
15 102
119 255
147 81
170 84
75 273
69 240
230 295
251 191
67 143
159 2
155 176
153 173
53 142
7 16
230 111
312 82
255 291
170 82
94 125
230 57
208 130
91 32
87 10
6 15
46 127
12 190
75 255
104 19
55 219
160 57
83 272
18 322
144 30
272 61
84 10
257 128
8 126
274 323
183 131
51 311
93 22
279 181
311 276
189 9
261 314
169 297
308 75
149 201
94 98
140 99
234 302
27 107
101 208
16 165
181 160
208 123
13 275
279 51
38 134
61 304
142 73
197 31
42 253
20 57
297 48
219 93
205 117
177 217
222 62
216 65
38 252
314 15
250 198
28 229
127 168
18 300
140 251
35 152
265 212
17 17
64 115
3 195
52 172
314 80
319 301
232 164
228 1
233 169
172 25
61 95
20 309
146 266
89 76
5 170
26 27
21 33
104 201
14 234
172 199
282 25
277 51
182 144
300 89
304 210
37 204
157 32
135 193
178 181
226 297
281 296
82 222
100 236
264 306
128 126
69 200
306 22
82 26
134 136
164 213
173 14
211 23
136 74
165 15
6 149
220 288
283 66
136 56
319 126
178 185
279 179
22 157
141 279
264 115
61 187
4 158
210 99
243 264
175 3
82 120
311 122
172 84
208 91
134 132
111 35
70 48
256 231
255 87
70 227
293 14
313 115
282 123
309 133
18 273
133 141
181 174
157 195
201 150
150 320
195 36
107 139
117 10
114 276
315 47
150 128
105 91
143 55
317 165
245 130
218 29
218 4
22 269
203 207
254 44
309 200
166 207
72 12
284 64
224 150
7 320
8 196
53 323
290 182
281 281
251 13
224 197
98 201
286 86
196 241
202 42
220 91
228 255
20 62
285 316
261 20
221 223
263 304
233 17
175 266
265 225
301 19
58 227
71 14
180 60
224 308
318 297
204 244
267 31
90 30
218 125
202 116
235 28
225 23
22 63
287 118
278 289
89 248
137 266
158 56
33 264
228 314
272 69
57 252
9 171
59 73
289 6
186 121
89 63
7 150
75 105
304 131
182 199
78 286
90 74
109 159
224 190
50 321
166 86
159 52
34 57
176 175
138 234
265 108
285 81
242 229
131 89
285 66
219 48
217 59
198 55
93 81
145 18
306 270
179 287
161 206
154 225
7 14
108 211
312 285
77 211
221 143
140 257
168 287
288 4
209 303
197 233
142 184
150 122
16 99
135 29
126 60
44 77
203 287
106 251
47 158
323 155
271 136
60 94
304 38
57 138
197 33
57 128
146 30
123 281
146 185
49 69
138 256
8 116
313 199
109 139
206 212
81 207
134 79
218 288
287 311
148 40
145 124
191 44
117 230
197 124
223 46
217 10
315 71
40 240
138 163
175 282
172 235
282 310
200 29
61 29
229 90
215 118
91 207
240 45
74 185
154 154
156 245
71 1
255 14
96 63
43 120
292 126
97 100
252 213
31 188
54 322
125 169
303 321
164 208
104 295
310 61
152 175
302 37
245 247
231 113
230 25
143 112
163 138
187 292
134 72
282 204
82 52
95 254
197 106
132 19
31 98
145 284
279 31
315 190
100 154
193 274
22 144
308 220
179 196
44 45
281 33
71 94
94 289
245 287
207 303
73 38
197 302
39 100
124 190
168 266
18 81
213 14
297 248
260 301
10 115
66 228
279 231
235 298
229 266
46 262
58 239
188 170
313 70
243 248
43 178
23 171
33 81
207 121
29 29
95 118
132 91
20 141
228 123
84 188
279 213
157 110
231 144
75 302
76 265
266 295
265 304
217 181
88 215
226 203
138 154
82 142
180 212
196 168
239 256
86 175
183 235
11 91
241 203
108 216
133 182
183 269
43 75
243 159
33 291
8 199
56 6
21 106
199 165
105 252
104 250
230 165
321 144
211 117
22 293
177 241
215 63
17 122
250 241
255 170
269 215
317 47
164 1
13 298
253 245
294 183
254 56
15 295
4 212
260 186
281 158
284 248
36 221
266 272
22 215
248 293
229 95
318 303
129 77
236 315
221 40
108 315
206 99
276 33
151 322
246 303
38 52
78 260
293 153
241 145
275 165
114 18
157 84
33 79
267 212
50 234
15 285
172 257
234 294
282 248
39 236
202 295
209 53
105 186
42 80
45 288
181 85
248 45
110 209
293 60
139 55
106 77
216 46
80 198
164 118
101 40
129 93
20 176
288 209
149 97
269 156
15 205
126 264
283 109
94 58
268 257
312 17
39 182
134 26
121 305
278 165
26 164
105 273
131 309
0 93
167 271
1 56
92 306
314 3
104 85
35 244
268 68
323 237
20 217
319 267
288 241
28 185
139 279
296 106
74 194
290 21
89 292
46 53
172 223
93 318
70 113
159 222
2 258
35 7
239 217
36 154
120 257
206 91
288 211
62 106
196 147
274 61
229 148
80 110
33 255
127 183
267 83
115 322
317 301
83 37
191 8
85 11
174 169
288 56
310 220
223 219
283 240
234 246
10 69
208 286
48 71
152 54
295 118
235 162
251 169
73 161
59 225
154 111
212 304
91 23
223 36
1 294
78 317
92 34
210 174
313 32
100 63
278 323
183 306
243 36
108 169
24 231
50 161
142 226
183 129
268 272
72 65
245 253
192 134
304 306
173 124
164 120
162 291
228 201
150 24
89 42
281 27
118 228
286 301
144 7
299 180
65 14
2 300
125 70
69 284
213 185
196 28
136 37
0 86
2 172
213 302
57 72
270 68
299 316
178 80
90 126
38 213
189 140
322 239
276 62
319 204
234 102
56 12
292 280
18 216
197 162
97 269
285 235
181 164
301 181
112 233
251 20
88 264
56 10
22 227
139 153
86 130
100 176
248 64
1 306
69 182
106 108
89 303
290 279
120 185
24 125
142 8
290 219
232 247
323 103
132 173
51 229
60 41
112 79
255 232
150 74
91 0
13 200
29 285
270 248
136 132
197 304
5 301
302 250
268 85
263 158
48 137
280 294
238 109
302 147
274 146
230 286
306 104
31 294
168 273
198 260
84 193
286 208
311 21
120 205
189 214
107 136
276 185
6 152
48 109
279 275
133 76
292 225
13 267
4 259
219 276
280 203
45 202
320 222
49 225
262 28
322 42
49 94
254 174
202 174
184 276
182 141
313 149
245 12
70 278
221 279
280 279
113 38
267 159
137 97
237 314
304 229
151 237
229 282
15 183
115 307
113 193
64 301
122 50
134 12
136 43
295 184
156 30
102 268
319 262
85 96
258 198
2 210
6 6
207 79
181 240
253 132
118 261
227 76
280 124
38 235
35 137
137 100
262 322
213 234
269 262
10 11
69 156
145 300
308 156
138 156
104 277
212 258
280 227
301 90
133 272
210 245
220 11
190 218
3 87
51 290
29 16
39 222
6 80
134 273
45 105
172 279
189 166
221 182
256 198
241 149
211 104
42 110
47 266
11 163
281 231
233 71
237 283
319 258
215 69
232 63
70 229
92 126
74 218
102 229
152 198
241 201
97 267
122 99
168 269
245 228
308 278
228 268
285 6
111 67
150 154
141 210
232 170
40 168
248 66
259 313
271 134
262 45
8 319
261 305
182 214
50 200
135 172
186 198
259 61
98 70
81 262
274 169
1 284
289 174
108 0
69 142
123 152
198 173
246 65
84 74
40 289
210 9
39 316
205 79
30 39
224 32
94 44
195 322
199 202
297 255
269 298
290 4
191 116
91 136
306 289
160 78
42 321
183 48
184 137
237 207
43 202
115 62
279 156
81 209
233 271
261 75
59 64
11 302
99 156
166 32
47 268
80 143
315 69
118 144
185 268
192 221
6 21
26 100
31 263
170 169
70 217
88 65
224 289
54 147
229 38
266 187
137 322
291 226
170 319
201 203
53 58
190 178
38 275
322 222
296 296
73 102
188 27
27 72
185 196
293 273
58 93
18 123
44 144
1 225
128 252
284 241
193 298
1 155
174 33
207 134
206 165
106 7
273 165
247 220
214 119
193 260
4 20
265 250
251 314
32 308
203 176
117 319
173 209
244 289
237 248
65 210
241 64
174 304
79 18
78 195
156 319
91 88
236 226
99 272
17 200
313 21
178 26
321 73
150 239
127 94
173 277
173 2
125 180
305 304
260 16
64 183
253 282
129 48
312 147
63 79
156 152
87 128
153 289
215 163
22 172
212 301
56 114
277 86
276 49
271 89
157 223
139 198
107 68
200 263
309 76
139 318
171 43
310 14
108 134
58 41
21 1
122 246
96 25
313 92
164 316
277 40
115 131
12 169
175 20
171 146
85 273
210 106
196 64
196 7
270 296
161 35
178 8
163 196
93 316
165 139
145 49
282 190
210 261
4 198
135 271
33 276
4 12
248 3
217 273
30 97
34 321
30 296
155 75
308 58
129 218
33 122
108 284
31 197
43 176
34 157
321 30
191 147
267 7
163 98
95 27
188 73
322 211
162 247
313 43
74 35
155 218
158 0
7 195
28 129
112 187
92 163
125 237
298 300
244 270
156 82
225 226
246 33
245 37
256 39
158 220
197 36
85 238
63 114
285 297
166 121
171 268
322 53
311 315
215 10
1 214
146 12
323 309
114 119
141 113
185 194
40 280
293 97
109 40
241 173
221 208
10 312
218 12
196 47
132 307
110 267
222 152
244 46
27 114
12 293
180 158
24 268
60 223
198 5
69 256
245 44
150 69
321 0
59 47
255 252
40 213
46 86
72 157
159 243
158 176
147 67
100 320
278 269
290 297
180 72
115 250
172 168
122 162
136 27
265 214
244 105
77 27
318 268
95 134
292 282
94 131
294 75
87 53
140 253
43 124
195 234
158 322
239 320
210 239
59 105
20 110
116 1
78 109
178 6
49 186
194 103
52 303
236 106
127 311
68 175
22 140
241 281
60 58
2 235
144 34
289 15
98 25
162 1
305 283
211 227
193 156
252 45
53 264
31 44
96 102
282 291
73 93
107 66
184 39
41 227
71 136
27 136
141 208
37 311
62 116
200 62
70 92
308 228
144 225
165 258
277 9
282 202
46 103
40 321
311 107
300 246
321 209
278 256
181 288
108 300
116 237
155 317
309 28
122 191
295 166
120 102
17 182
218 166
145 281
295 35
102 25
45 121
221 187
109 233
304 140
199 161
33 274
120 275
141 128
131 213
150 192
309 271
171 277
176 108
233 181
322 123
189 16
101 88
57 264
242 125
152 107
289 67
230 288
265 102
34 176
211 287
248 125
153 45
264 205
271 148
30 32
282 312
296 116
72 88
310 135
143 204
252 26
296 242
281 106
253 88
145 113
16 313
222 38
120 53
55 24
181 259
217 74
138 224
253 190
86 95
80 236
172 32
193 117
194 148
136 72
127 164
277 17
126 8
23 146
84 217
274 280
231 12
251 189
25 223
239 72
106 195
249 152
119 94
83 255
99 90
284 209
28 131
88 126
89 170
210 263
174 197
36 323
318 147
44 25
124 102
282 174
143 35
164 312
95 256
98 289
265 278
205 121
122 280
149 32
89 266
85 134
30 233
55 170
61 1
279 101
302 299
0 97
294 23
240 155
111 294
302 257
26 124
70 294
254 206
141 205
87 176
95 13
258 17
314 285
59 129
93 320
181 314
37 138
161 129
198 7
268 296
59 27
121 26
222 183
114 2
40 282
236 147
173 308
174 255
62 239
292 241
257 61
306 76
173 285
207 153
19 55
173 237
6 288
62 263
211 272
284 150
177 281
8 269
12 47
305 222
97 118
75 13
212 262
113 94
169 137
172 41
76 217
95 22
111 37
121 152
119 306
183 41
134 91
4 200
168 316
39 138
162 289
208 239
253 90
213 228
144 310
27 291
216 17
251 127
22 209
237 221
83 166
241 257
277 316
208 271
233 155
95 24
178 179
122 296
176 232
262 19
161 13
201 298
15 93
63 291
180 147
265 97
63 276
136 233
14 152
193 76
40 19
256 108
246 46
322 185
199 270
232 10
2 199
72 154
22 55
223 243
125 321
75 134
39 118
320 75
160 137
110 258
138 91
274 321
258 231
186 281
129 128
253 205
221 43
109 64
88 68
147 147
40 225
125 308
23 155
286 189
168 204
86 114
267 225
6 278
188 116
32 248
222 105
303 119
254 41
298 289
175 196
40 26
50 188
167 302
284 100
29 5
209 193
137 55
262 286
300 302
194 300
114 224
262 288
184 18
164 140
15 275
124 221
215 216
302 39
209 287
81 288
195 62
286 240
281 186
320 36
77 213
16 287
208 235
27 165
224 224
106 295
28 299
31 122
98 154
85 179
139 58
162 65
299 291
317 160
314 94
88 146
125 219
229 264
147 64
208 197
225 228
97 257
250 151
78 56
98 229
23 153
189 115
205 100
183 8
64 37
23 206
138 274
21 295
237 2
291 175
77 63
210 54
49 302
7 201
104 216
41 122
280 11
143 62
300 23
214 262
93 127
75 27
20 122
262 48
109 182
24 26
180 199
242 233
157 150
27 110
61 284
217 282
50 242
271 87
197 175
123 172
224 295
261 265
255 128
115 197
142 212
23 148
235 121
25 310
29 60
304 201
79 199
12 304
111 23
248 306
70 25
180 195
87 184
93 218
236 322
16 81
180 156
117 16
245 79
157 53
186 269
224 37
185 218
265 43
116 143
172 34
21 72
43 38
102 266
262 90
87 12
121 160
242 164
319 30
66 297
55 46
44 49
159 276
287 168
246 211
190 220
22 267
122 113
71 134
274 191
261 137
150 180
23 87
145 259
179 2
98 233
206 115
235 288
168 155
4 116
111 127
49 202
93 291
291 34
280 269
22 207
205 178
266 142
159 166
276 181
27 178
260 303
44 126
81 226
1 157
238 54
208 253
57 132
39 204
272 3
84 121
296 211
221 22
148 199
58 282
94 164
167 60
64 129
2 224
47 210
263 137
288 191
31 59
193 257
206 201
58 83
26 302
10 113
228 80
293 255
134 107
4 16
294 157
267 112
87 186
314 196
304 182
230 63
89 201
235 104
307 312
114 121
200 24
41 24
85 305
317 251
274 290
225 133
245 264
116 73
278 147
143 237
162 34
227 96
263 277
1 87
304 190
322 183
230 248
90 281
98 203
288 86
209 104
298 189
271 57
237 267
103 59
118 246
130 190
87 283
32 217
174 226
170 158
45 243
278 281
314 260
145 117
4 216
94 138
222 8
138 47
151 211
68 114
205 172
194 285
89 176
80 171
309 82
152 155
45 113
141 55
176 114
166 148
72 238
267 10
139 100
271 124
317 209
75 308
168 318
173 225
34 147
162 58
278 45
275 87
73 137
260 93
185 235
107 258
26 180
265 318
26 320
305 180
31 290
20 253
140 314
32 186
155 53
28 289
286 254
269 70
147 264
42 128
154 47
312 123
231 281
67 281
228 37
159 205
112 250
24 43
109 290
319 209
67 134
248 261
84 95
148 65
288 170
255 204
68 301
225 192
11 295
289 314
191 211
265 171
144 293
273 202
181 71
95 160
125 260
220 41
310 50
144 183
30 117
211 37
239 278
180 87
152 238
206 252
208 127
269 203
240 54
15 302
39 254
217 48
177 229
168 202
277 225
180 112
222 101
180 56
272 76
309 276
161 280
304 59
116 7
311 23
285 146
177 10
263 279
138 281
162 49
169 188
72 316
306 119
270 205
166 56
14 169
76 156
57 142
248 53
208 136
222 162
153 196
153 72
230 140
89 298
297 213
163 109
286 212
294 250
170 12
157 99
40 184
110 172
278 319
234 286
231 28
42 26
270 60
290 191
111 115
196 128
153 182
193 126
106 312
239 40
301 12
33 100
190 244
140 230
244 268
194 21
142 274
188 209
19 4
313 4
233 167
73 183
38 19
160 49
140 73
138 292
37 309
45 88
150 219
46 56
125 184
195 317
161 110
214 46
39 122
302 164
212 99
43 294
177 212
187 283
11 225
126 102
296 257
30 204
127 260
190 208
193 17
47 84
173 85
266 68
31 201
136 68
261 78
261 267
298 160
189 67
169 148
299 107
210 305
198 48
227 308
198 46
290 19
269 25
117 287
268 160
76 317
118 12
127 98
270 126
80 67
120 154
11 53
277 28
218 123
264 57
164 195
303 251
0 55
134 102
214 62
168 1
21 35
41 41
70 162
302 154
212 299
271 321
61 296
320 282
121 198
241 295
31 231
229 203
30 46
218 60
19 34
99 88
282 34
20 117
257 75
191 176
171 132
293 321
214 260
93 186
82 187
301 195
111 64
113 145
219 278
278 258
262 26
74 266
89 296
285 132
80 169
263 275
265 139
82 73
217 234
224 287
196 59
63 176
52 185
161 11
279 177
304 57
232 293
165 137
7 154
206 285
255 250
158 82
216 231
110 206
214 40
100 86
164 246
192 276
235 282
251 59
75 198
219 0
184 309
31 273
138 106
231 185
134 152
177 0
186 106
233 28
48 204
273 27
127 280
237 246
310 296
174 160
40 170
214 65
18 15
183 90
69 196
96 298
181 8
308 103
295 212
109 298
207 193
97 285
110 123
60 198
4 210
166 117
113 186
320 26
97 54
129 62
7 302
109 49
136 11
283 27
15 107
17 219
134 140
219 18
40 291
243 254
236 55
308 61
264 161
101 36
241 35
245 157
101 116
124 182
290 266
166 1
141 75
151 44
239 161
150 48
76 235
78 224
170 156
267 321
244 116
241 283
104 109
150 55
153 284
251 245
172 266
111 125
13 104
193 177
72 49
316 195
277 116
318 263
111 234
118 124
59 25
75 300
193 91
138 320
160 208
113 102
50 294
127 162
68 20
273 322
254 225
33 163
8 57
243 259
163 277
296 130
170 199
48 243
246 80
95 226
188 150
86 7
37 96
50 149
194 275
292 228
55 112
303 7
92 70
296 268
247 10
95 100
62 65
160 294
294 271
79 262
190 240
19 252
228 198
67 308
44 27
88 115
322 28
294 147
210 320
295 248
48 18
90 84
74 153
47 244
43 44
147 186
57 160
19 244
74 163
301 117
306 323
252 300
45 41
123 278
32 179
168 83
142 206
72 79
9 15
115 199
68 310
62 57
248 173
216 187
49 199
74 22
296 170
58 114
8 181
79 264
136 29
150 53
277 163
178 213
56 148
314 163
319 264
269 322
116 83
186 274
297 88
298 134
236 182
204 319
313 240
148 82
273 154
80 65
283 297
44 280
245 159
22 307
153 178
36 276
246 40
225 35
121 91
153 176
313 134
109 218
300 318
37 215
33 148
220 177
1 195
73 275
216 106
48 96
23 232
213 194
312 274
78 249
295 97
243 291
132 217
49 273
17 19
213 137
268 100
135 232
239 200
43 51
127 197
218 268
88 87
143 295
168 153
143 32
318 294
91 234
303 44
240 47
161 127
57 134
261 159
211 191
111 103
163 166
237 120
133 89
259 159
278 53
184 31
112 120
244 190
20 267
79 34
36 304
264 248
160 51
302 271
9 321
53 307
151 72
124 261
298 239
133 213
166 300
160 112
198 83
264 52
136 174
310 126
268 274
125 171
302 230
321 125
72 228
137 168
236 253
295 61
273 231
104 77
63 2
22 285
100 267
83 93
260 105
211 193
241 199
135 55
302 171
310 284
85 310
252 277
264 187
250 264
322 62
116 121
21 229
116 63
207 178
272 189
60 212
51 187
298 132
47 94
215 270
170 75
308 201
230 30
114 258
110 14
136 301
22 125
322 171
76 237
213 320
291 274
78 36
203 61
41 221
187 21
173 219
174 286
221 103
316 126
73 155
32 133
135 205
169 95
25 107
254 113
183 201
237 281
90 279
136 82
8 148
258 174
300 287
213 216
294 99
33 138
96 283
24 193
1 304
73 14
2 302
52 193
113 22
303 117
311 58
231 121
266 256
164 5
91 79
179 47
3 208
45 267
85 190
190 14
271 262
61 101
225 270
88 103
224 128
68 276
0 124
36 186
225 54
161 257
302 297
124 249
101 122
106 137
136 137
269 189
159 110
323 99
191 166
166 290
197 184
8 84
22 74
31 42
316 37
296 272
252 222
102 87
248 242
39 136
99 27
159 172
296 95
9 323
253 307
30 119
315 173
40 9
191 125
126 312
257 63
222 230
313 58
88 174
102 19
190 225
100 113
64 127
149 309
189 283
49 105
6 269
296 23
210 268
305 203
300 118
33 97
200 198
9 280
243 246
306 140
294 101
294 63
119 90
116 260
152 192
76 319
319 76
117 93
150 93
277 100
30 66
309 140
144 123
137 295
116 24
299 312
142 186
23 1
33 152
309 286
266 116
101 227
7 82
165 313
108 146
120 100
265 252
287 9
0 277
105 60
244 109
258 215
109 136
5 279
40 314
233 177
102 124
228 288
279 9
237 173
100 56
49 207
253 69
239 221
113 183
259 236
256 64
144 179
157 264
63 74
56 254
270 147
15 63
264 140
90 68
312 261
234 153
150 157
207 287
51 171
286 57
254 199
6 311
278 227
179 163
185 225
197 223
175 161
254 172
102 60
214 245
255 133
222 138
31 135
238 232
26 194
206 270
217 121
278 184
268 249
47 180
142 51
204 248
293 146
189 92
153 99
135 225
92 3
241 255
194 19
84 219
125 106
101 96
230 186
4 79
135 201
32 147
199 227
238 115
241 197
81 75
268 8
61 104
246 193
169 271
84 103
2 13
284 102
224 11
185 199
134 203
161 243
214 8
102 110
215 263
139 155
120 260
278 233
149 246
250 62
318 110
228 190
221 1
157 221
43 245
87 200
302 288
190 170
196 235
197 261
229 167
136 223
10 38
258 59
304 224
7 271
233 100
267 102
23 251
128 21
19 259
28 319
226 128
33 109
7 156
156 193
319 166
281 100
217 35
319 235
294 124
94 158
70 239
250 72
126 35
270 190
181 249
219 159
35 319
27 88
140 293
284 136
157 183
245 255
70 0
190 180
258 270
118 111
236 232
175 22
178 242
120 35
257 158
113 118
145 187
273 88
32 246
186 115
137 279
177 210
84 147
188 168
45 55
29 135
321 223
252 197
7 170
215 184
90 34
280 205
138 250
217 45
178 170
185 311
112 285
256 3
150 124
93 193
166 83
81 153
253 35
121 121
314 171
103 247
180 255
300 310
56 144
149 99
307 27
132 72
200 45
201 182
40 165
169 299
240 293
298 298
305 129
116 39
209 273
254 163
2 212
213 76
299 49
41 51
71 132
288 54
155 216
48 254
195 70
34 49
260 291
69 94
207 224
303 61
169 97
55 22
264 308
244 30
9 44
231 291
32 116
290 254
55 105
42 225
102 96
312 94
36 266
119 203
229 49
179 138
41 304
210 189
292 182
177 20
315 237
195 17
319 55
142 110
19 240
91 43
225 108
52 245
107 263
83 96
114 232
25 236
105 262
310 105
193 146
118 312
64 83
79 69
61 115
74 49
35 161
199 57
89 165
240 297
161 229
294 181
129 95
254 130
53 299
6 69
98 36
277 19
110 41
1 151
201 207
219 207
34 268
55 70
313 272
0 101
272 111
124 59
260 37
319 112
189 227
172 306
52 45
140 151
24 176
167 10
80 152
167 78
159 77
295 1
188 55
126 217
251 115
314 119
6 37
90 172
8 112
311 8
245 136
145 32
194 240
40 11
134 35
103 279
145 11
132 21
174 83
232 216
191 213
183 195
102 241
236 134
256 168
243 103
39 265
2 134
125 310
71 138
166 76
147 250
134 170
153 275
215 209
179 67
6 19
147 16
77 299
241 234
80 216
252 150
175 146
303 86
272 130
39 318
24 123
64 175
294 296
315 22
150 257
293 159
40 161
59 133
239 202
229 269
273 145
106 216
315 20
31 255
139 265
153 194
77 54
50 271
153 127
238 224
145 141
140 31
316 161
220 186
151 249
145 175
275 243
187 312
294 106
163 225
198 275
310 90
139 312
230 59
18 62
211 315
20 93
69 173
93 13
75 229
103 168
120 63
70 88
317 156
192 154
24 13
149 235
279 260
292 152
266 137
20 41
252 113
25 71
294 95
250 305
307 143
207 203
43 309
123 105
169 131
310 94
37 100
43 47
71 5
230 73
96 43
214 239
206 51
315 240
50 166
210 150
58 161
194 277
17 7
295 273
222 92
22 120
200 170
90 262
212 139
261 17
25 169
190 1
268 65
68 306
263 108
230 267
322 86
104 249
215 77
136 191
241 39
320 248
253 303
141 62
127 128
107 174
4 299
164 37
282 226
134 301
56 110
108 266
135 242
103 79
133 16
217 78
133 254
13 64
184 130
160 30
36 229
178 207
66 301
103 239
64 42
45 211
265 298
104 155
309 167
156 48
201 284
75 39
223 39
15 8
85 186
122 52
117 321
255 256
30 115
41 254
53 80
155 283
82 144
134 195
299 247
292 284
106 111
228 94
265 26
160 312
31 156
237 162
139 97
144 223
244 192
154 288
205 12
201 15
43 84
311 200
317 171
133 238
162 294
19 279
84 271
48 304
292 40
63 0
43 29
58 57
22 309
132 290
262 52
193 80
224 217
105 67
313 197
127 6
20 311
312 317
178 311
81 167
251 105
298 211
176 230
58 223
198 253
299 7
228 146
207 128
102 148
188 281
191 242
105 275
89 78
242 128
138 138
314 45
77 253
269 275
92 145
107 57
151 240
160 296
287 163
223 9
129 135
87 312
129 71
307 230
239 241
155 72
183 291
99 121
228 281
303 268
304 206
322 101
298 130
281 221
33 244
317 136
100 269
106 297
96 192
91 144
40 276
192 53
107 313
54 12
51 323
113 171
41 193
143 139
48 154
308 31
286 181
195 83
170 45
74 318
149 286
182 35
180 244
38 191
249 323
132 74
42 28
89 67
218 19
8 227
308 73
180 51
109 314
157 316
44 86
123 259
278 241
150 305
111 269
77 238
250 106
204 115
225 49
242 54
71 183
256 85
11 126
271 291
33 156
57 26
18 218
204 88
111 148
321 22
87 164
33 184
115 76
222 208
123 321
78 120
91 321
57 162
160 154
139 34
26 171
181 67
6 199
128 222
311 272
194 78
178 99
64 185
305 42
104 196
233 268
86 103
262 243
79 218
74 91
92 30
114 212
31 284
291 321
183 46
132 62
261 46
206 247
22 231
164 20
17 275
35 270
66 161
214 12
220 119
113 17
64 207
264 99
169 242
40 274
59 29
166 150
80 16
30 131
0 95
167 80
323 321
178 114
163 259
314 318
298 209
276 318
321 78
57 136
267 157
198 85
26 318
31 275
101 198
133 78
214 304
64 310
293 79
228 247
298 9
272 204
65 292
301 63
265 82
1 279
130 307
149 70
209 128
174 98
167 267
163 223
119 227
310 171
25 88
177 239
272 128
184 135
2 43
184 297
113 316
130 126
220 124
186 18
286 150
86 43
239 254
137 270
157 197
157 95
76 259
178 215
253 105
78 314
141 303
266 155
103 91
197 126
301 46
32 295
274 16
123 170
177 183
264 104
5 196
321 180
170 202
113 281
78 61
166 23
290 46
111 39
256 66
105 230
183 267
19 108
322 220
111 158
251 248
22 85
167 138
237 8
84 181
294 242
211 164
33 29
29 45
223 226
114 230
290 285
131 254
278 299
121 37
213 163
111 95
66 257
277 253
218 257
139 75
54 168
32 96
157 2
186 271
276 60
16 50
216 214
289 271
301 320
198 306
307 303
244 304
201 216
40 306
143 285
0 133
282 12
171 76
19 229
97 274
294 58
66 57
130 173
206 71
118 50
66 37
211 216
48 241
232 255
136 46
209 36
284 201
152 56
230 0
161 276
182 86
132 193
145 204
46 286
296 218
57 112
311 196
105 157
281 102
164 116
275 154
264 142
271 231
169 292
85 16
275 116
21 59
175 18
152 48
287 149
289 304
75 53
28 195
294 41
297 78
60 239
176 30
104 226
20 5
279 158
273 232
163 295
245 195
75 93
187 19
240 138
135 100
3 104
227 135
245 39
200 294
162 198
100 124
161 161
215 319
104 147
87 82
11 280
320 109
240 233
308 316
189 117
49 289
132 222
165 41
201 0
3 180
112 51
247 35
232 146
14 304
273 90
68 252
39 227
316 94
155 265
42 241
3 42
219 233
176 148
199 145
311 286
106 220
63 297
240 61
72 216
216 21
254 147
15 209
320 135
50 39
127 152
8 278
100 61
212 119
164 248
172 138
166 269
41 166
62 311
145 309
104 15
282 127
191 75
113 104
278 13
6 56
229 40
173 103
295 137
315 30
153 322
34 186
221 71
288 88
65 303
70 50
106 75
38 320
304 289
26 42
313 30
3 236
248 22
206 123
227 48
235 149
6 85
207 275
124 136
12 244
26 58
118 63
213 64
66 295
182 297
213 23
76 35
14 62
109 16
97 287
86 173
92 103
272 169
91 138
266 140
300 164
210 187
219 45
38 49
95 190
52 296
172 170
267 255
35 177
188 318
69 15
281 110
64 307
38 232
201 218
113 283
60 226
272 1
110 138
52 285
209 237
297 52
17 252
177 67
272 284
65 276
62 259
231 98
319 246
137 104
170 266
83 81
52 148
85 269
179 289
20 209
128 154
1 126
279 211
301 314
22 118
174 279
7 252
293 218
201 99
261 175
321 172
259 269
317 257
162 300
76 29
237 203
66 133
222 77
91 105
130 63
186 285
295 258
93 40
256 270
157 81
186 102
125 113
212 321
186 28
176 106
13 296
74 165
273 134
108 42
231 213
104 167
225 126
27 197
268 261
75 46
75 122
154 227
226 273
74 157
296 93
300 244
178 308
10 319
290 38
1 132
137 58
138 252
42 281
135 269
114 234
129 229
82 118
154 238
300 11
131 321
139 4
38 202
113 116
229 214
46 138
71 197
42 290
231 80
27 30
82 259
66 293
122 274
315 73
233 262
235 190
17 204
68 293
294 223
87 304
223 160
7 165
217 269
142 266
284 68
281 65
90 307
129 80
202 103
172 134
216 82
31 257
69 144
37 152
288 267
247 244
287 81
10 55
9 125
151 196
299 133
131 288
0 281
253 14
164 57
291 16
25 54
32 221
9 150
208 149
170 210
302 59
220 175
259 266
260 287
113 226
280 173
46 109
132 280
77 218
157 219
184 146
281 298
298 122
265 7
274 72
221 145
211 297
151 234
271 171
53 130
241 320
146 319
270 38
230 174
300 105
200 296
6 292
35 223
192 228
197 82
38 322
60 83
39 293
281 283
213 35
95 49
175 115
244 142
100 322
198 59
137 193
4 106
307 253
197 57
54 44
276 290
211 237
9 127
206 88
274 311
197 271
38 281
119 230
108 173
70 312
294 152
244 138
280 29
181 200
6 184
170 20
180 286
269 132
295 231
96 132
152 256
73 26
18 21
180 49
297 118
230 246
59 62
70 111
56 308
121 192
301 317
25 132
98 52
204 174
199 267
43 146
176 227
185 58
74 109
2 115
36 133
243 174
47 75
192 167
269 259
102 186
284 62
113 78
76 50
64 205
60 43
104 137
121 307
237 236
66 20
136 166
278 279
76 267
291 62
14 96
263 133
160 4
263 170
4 187
209 270
69 133
157 98
4 183
138 239
263 221
233 163
259 238
283 236
59 284
96 99
85 123
171 14
220 83
193 150
300 211
89 185
216 160
276 72
94 284
183 313
38 74
50 253
68 238
314 48
277 136
62 256
166 78
78 322
128 35
227 319
170 137
36 117
179 291
102 112
243 280
270 154
256 77
9 17
270 58
230 256
307 218
240 114
14 22
251 152
308 113
87 202
7 190
18 312
316 207
247 24
193 47
253 228
295 216
21 251
57 152
173 43
227 108
259 272
110 322
283 97
49 147
94 307
108 188
261 190
273 18
126 220
299 213
143 268
246 262
156 179
183 37
286 116
59 318
121 276
130 1
75 136
243 178
167 314
72 319
271 132
291 313
172 287
191 193
27 206
175 110
192 225
255 289
117 95
7 226
51 232
164 227
230 146
313 222
3 170
66 18
280 185
197 273
232 151
246 95
2 117
92 191
248 310
81 200
83 209
61 232
252 173
88 280
98 321
266 110
291 122
113 312
51 81
171 243
249 225
95 296
120 120
90 163
233 11
128 73
203 0
85 177
211 162
209 151
151 190
87 171
153 211
11 246
103 75
267 183
83 146
36 196
166 315
78 67
242 116
297 165
260 307
81 255
213 108
192 195
111 75
214 300
268 116
68 57
124 138
232 88
182 52
99 235
157 190
58 254
273 282
278 55
15 141
24 16
247 152
110 284
55 88
65 255
21 154
201 144
10 40
13 49
68 184
295 102
123 112
187 219
136 170
141 264
55 203
292 276
203 151
239 295
124 312
80 71
140 206
286 161
267 297
24 207
234 244
206 235
268 224
84 51
54 285
244 229
12 99
221 109
94 3
180 81
32 35
262 306
265 276
243 79
38 82
122 272
131 238
239 230
173 221
29 231
32 150
107 156
159 32
242 293
70 115
322 56
143 239
86 241
88 28
182 59
160 240
262 76
300 300
152 159
42 165
82 319
281 133
60 267
164 291
213 101
219 72
300 289
23 83
124 297
1 222
306 29
29 295
200 318
311 73
136 9
196 166
212 248
101 245
45 145
210 135
57 225
119 27
3 202
144 270
303 313
162 205
299 120
80 322
95 273
322 277
103 89
237 113
45 51
189 148
26 243
169 185
323 311
177 2
82 95
58 267
101 114
135 305
188 198
45 179
30 133
94 6
288 179
320 206
34 117
139 263
229 130
55 38
264 154
129 224
7 290
225 39
233 283
30 18
286 210
114 83
292 303
158 13
161 167
200 49
215 192
206 130
184 227
82 148
131 81
152 313
249 273
244 262
156 258
147 18
231 18
18 153
271 188
250 55
116 239
57 284
117 14
199 53
111 144
26 103
140 184
56 172
147 132
101 238
226 289
321 322
259 292
280 322
136 95
59 228
106 228
221 141
75 155
14 211
215 55
36 231
4 102
278 113
204 285
259 233
123 203
184 270
72 100
55 141
112 323
235 217
76 215
148 319
212 244
272 191
43 79
71 103
118 201
46 58
177 86
179 218
235 81
316 185
68 145
55 26
291 299
34 248
3 69
302 10
164 165
278 15
38 92
166 92
59 71
170 42
123 160
264 210
129 137
19 242
254 168
222 110
21 53
166 12
149 95
312 237
164 191
173 268
138 30
160 241
144 172
226 207
79 288
309 8
13 6
22 17
293 202
197 72
110 174
99 54
95 5
108 75
104 111
138 232
311 83
278 175
37 118
222 291
58 80
281 10
303 317
3 226
199 175
168 149
200 174
149 118
127 251
127 156
152 244
131 144
114 247
148 221
62 62
11 128
94 48
306 305
23 65
32 177
34 246
280 26
308 101
1 237
314 147
250 19
121 89
274 112
277 180
265 24
51 223
292 297
223 34
89 105
38 186
290 270
5 257
269 316
274 59
222 185
167 276
152 95
209 275
281 180
278 125
41 163
145 268
134 115
271 282
159 207
63 151
28 208
184 259
82 2
145 126
129 251
51 127
100 229
79 225
157 203
132 82
42 8
15 104
176 254
305 251
92 38
100 250
219 36
257 251
83 288
191 152
83 236
189 90
122 205
14 118
314 238
100 171
154 74
187 167
31 164
154 245
127 136
158 278
171 237
251 263
22 242
224 241
12 174
188 268
301 119
147 201
94 60
316 128
127 114
190 309
255 106
89 72
312 48
296 223
263 299
129 141
255 286
311 75
86 232
265 50
253 106
298 245
165 193
36 213
28 95
26 21
46 254
150 40
4 292
273 253
264 244
323 70
91 109
18 56
34 303
308 93
280 67
245 10
192 319
246 189
155 197
62 230
97 123
110 308
143 178
163 164
206 300
93 242
47 105
218 260
115 144
44 282
214 174
108 296
107 281
213 21
63 261
93 184
152 212
225 196
22 238
86 182
216 171
61 228
239 170
32 110
215 67
239 314
115 300
111 170
115 293
133 117
65 177
261 237
13 142
282 125
133 289
132 143
51 302
2 101
217 271
189 157
61 92
35 163
249 196
127 192
70 80
258 65
94 309
274 152
260 125
238 222
227 35
47 290
212 187
214 82
137 264
53 82
67 253
253 67
48 103
232 38
300 190
293 150
166 119
311 198
239 127
225 89
29 202
223 21
69 254
81 257
176 32
283 101
3 156
12 276
280 14
283 131
58 163
199 163
233 143
199 204
32 33
267 278
65 237
294 229
147 84
174 111
189 315
284 280
71 67
290 283
24 258
132 252
294 220
170 154
180 3
8 169
8 48
0 239
120 150
235 247
93 322
239 38
165 13
88 294
152 305
27 245
273 57
55 129
314 127
105 197
53 187
143 4
316 318
262 135
291 184
235 2
113 75
194 311
61 190
108 25
239 206
28 62
125 163
253 162
32 219
154 180
266 249
301 279
211 25
110 25
166 34
205 61
15 200
216 311
254 112
186 267
185 291
95 185
73 167
314 108
147 95
155 224
144 135
278 47
123 319
103 243
204 296
260 214
83 75
171 275
89 44
302 151
158 185
150 199
20 0
80 119
168 85
169 40
19 106
160 66
31 61
215 232
176 280
218 219
148 146
265 11
86 9
313 72
111 288
114 0
217 286
37 222
308 245
223 148
116 125
316 118
253 305
84 183
7 322
62 295
155 102
210 286
277 277
180 178
318 305
71 101
215 74
205 274
235 266
239 145
62 90
320 220
207 237
201 205
96 45
92 24
81 77
168 135
198 169
19 140
57 58
248 211
6 182
68 99
249 223
321 25
239 100
40 21
306 201
30 154
184 274
134 113
43 264
301 7
57 237
33 307
132 240
181 306
298 37
304 270
197 9
84 279
41 84
302 78
269 320
68 278
86 194
4 118
195 253
82 50
178 78
111 146
269 113
298 167
51 197
66 208
87 8
68 111
155 222
306 229
313 38
288 46
53 3
48 271
115 312
288 68
282 293
188 75
45 123
115 95
315 98
59 23
16 264
282 228
135 89
37 54
320 20
37 6
81 37
102 94
98 116
139 296
228 13
125 137
271 203
78 216
230 254
25 87
14 47
215 34
14 173
319 254
122 39
86 218
39 8
111 15
275 101
115 298
60 282
214 243
260 27
262 15
278 111
159 94
152 123
21 146
304 28
48 200
167 299
61 24
19 82
308 111
66 251
312 14
130 73
80 1
103 17
31 271
251 43
20 73
240 147
5 203
142 256
87 105
179 173
24 243
158 152
122 260
276 10
93 157
11 71
277 206
139 168
75 304
91 304
269 102
49 209
140 53
277 255
104 315
185 41
219 107
256 56
187 141
99 49
231 177
149 116
241 216
137 70
257 255
90 216
311 114
40 92
61 276
133 119
111 140
13 167
28 116
192 312
133 180
262 117
52 276
230 315
57 150
184 101
278 49
165 130
177 252
216 220
309 288
109 207
270 128
267 276
70 3
220 184
166 47
250 103
320 233
182 57
116 52
37 98
4 22
16 184
274 234
243 28
58 172
3 214
21 259
221 254
152 270
127 232
45 251
149 17
285 144
233 24
298 116
61 117
182 61
138 79
102 62
152 258
152 46
163 193
9 317
242 210
119 41
138 95
2 92
86 14
17 314
1 84
121 41
300 64
89 178
127 96
30 288
241 83
156 111
68 91
306 78
56 36
169 67
162 125
74 272
314 106
159 271
36 52
12 118
75 162
68 227
15 265
204 317
111 156
262 92
282 46
28 47
221 258
216 19
312 125
96 29
171 100
82 0
166 205
302 35
135 303
264 246
104 107
237 0
72 92
120 162
301 143
318 249
175 108
112 107
155 84
192 14
278 204
251 68
184 120
252 201
103 237
230 88
229 144
94 37
263 225
176 101
251 27
211 195
219 280
209 137
103 198
127 170
316 159
101 156
92 165
123 41
283 111
21 39
258 160
231 297
71 156
60 22
116 241
38 228
224 130
104 188
166 21
140 255
315 182
88 143
229 188
99 227
62 84
213 104
262 195
53 311
77 117
6 83
111 97
80 36
15 5
248 209
117 145
73 51
204 164
319 24
192 299
63 303
75 211
264 287
186 104
214 188
202 282
165 294
113 278
224 110
23 295
17 237
50 163
54 36
164 107
258 77
174 162
188 11
181 290
24 308
100 173
243 323
28 167
252 295
244 260
154 70
130 61
58 158
112 40
28 204
237 136
217 262
176 169
228 57
48 179
223 189
264 223
310 32
153 250
245 107
299 267
311 222
147 284
108 322
264 117
83 24
271 30
101 214
62 274
272 206
73 270
205 246
209 196
111 230
249 31
238 219
101 175
249 35
289 116
120 25
124 8
265 55
157 93
176 16
20 14
176 172
287 6
118 248
63 320
159 80
84 267
152 268
65 79
81 34
254 201
197 145
308 318
241 127
174 31
249 20
167 97
6 254
5 104
107 254
114 140
88 85
47 264
178 158
242 289
277 74
48 295
143 210
274 307
4 269
180 253
268 98
183 140
296 98
320 57
153 32
120 93
53 23
106 43
226 58
251 200
214 138
165 223
288 235
99 199
280 258
32 139
153 43
249 245
185 89
278 92
204 282
304 298
172 15
149 250
309 24
123 37
127 309
51 249
284 189
137 7
136 80
71 8
75 245
227 50
32 261
42 168
5 267
66 112
192 240
80 61
158 50
162 106
54 180
232 188
249 5
275 252
258 288
209 251
133 287
13 92
173 109
251 226
15 207
111 119
220 34
172 232
124 114
286 136
179 165
319 296
165 39
221 45
247 127
163 12
104 87
312 171
276 183
270 72
184 252
6 259
40 278
154 259
146 286
105 279
190 123
118 109
86 29
126 297
143 272
261 170
176 99
132 0
215 182
207 52
136 225
281 44
114 223
202 248
289 300
95 11
70 296
220 161
226 110
63 187
300 160
53 56
248 71
65 265
224 80
23 236
191 157
318 185
206 174
106 283
14 193
179 216
261 269
90 146
105 56
158 260
47 250
57 170
229 185
116 3
105 225
309 169
197 70
53 224
151 42
219 28
276 280
161 204
202 135
271 26
4 281
113 155
179 85
221 206
67 177
282 129
195 125
229 132
229 311
177 18
12 51
251 308
68 297
49 157
125 115
255 254
284 104
279 90
303 19
53 196
112 279
321 235
194 48
60 230
185 47
260 91
302 161
239 172
198 263
68 116
87 296
261 2
90 294
225 47
151 301
77 209
79 227
24 317
114 184
270 257
8 254
216 240
22 43
259 36
195 232
318 247
248 7
136 282
293 36
21 297
79 210
112 212
295 204
104 125
101 152
199 261
110 286
83 170
293 65
115 186
279 107
53 60
120 289
223 169
32 267
144 110
297 203
82 71
51 57
292 58
63 125
226 287
60 271
38 120
94 162
144 5
173 185
80 258
71 166
213 271
186 119
86 267
94 29
153 214
311 31
261 35
52 169
215 158
204 51
61 124
157 142
260 244
172 23
312 44
260 271
292 180
248 295
159 113
244 211
181 218
160 245
136 141
286 234
271 317
79 316
91 72
236 57
277 312
66 307
207 155
76 163
227 38
138 147
294 0
111 283
311 19
109 56
98 102
77 263
253 192
248 272
207 35
3 151
318 35
257 253
312 25
320 111
9 166
177 22
118 254
266 9
131 136
98 112
178 254
293 1
136 280
45 47
155 276
236 108
35 80
0 303
108 225
238 240
321 100
230 293
92 308
275 145
226 194
33 7
77 297
316 100
52 36
96 125
234 111
218 164
57 205
223 298
304 40
215 229
88 14
276 0
1 42
267 235
59 127
70 69
2 283
238 65
281 108
90 70
153 152
139 116
176 236
320 208
214 230
282 208
307 115
277 131
283 246
102 216
260 216
293 294
290 268
17 281
208 222
34 66
211 97
37 75
29 283
168 157
24 134
49 250
272 167
19 17
128 23
188 244
128 236
106 277
313 182
191 118
81 170
91 187
59 237
101 167
315 117
236 82
309 218
166 288
306 60
169 179
47 48
267 24
286 62
74 124
271 70
294 117
290 76
314 78
81 69
136 231
177 313
96 322
4 147
316 96
53 126
63 63
154 321
83 104
246 129
149 84
114 214
90 103
129 82
42 12
3 160
213 314
29 31
258 213
264 317
50 248
306 58
210 176
93 224
77 240
192 103
132 190
63 210
245 221
142 224
218 146
44 7
216 173
221 323
64 256
39 17
91 319
55 224
233 15
253 221
291 255
40 49
124 100
252 33
71 201
322 279
41 172
292 120
272 147
255 91
27 92
243 64
159 258
159 96
128 296
23 297
168 63
98 14
133 191
280 146
47 242
96 57
157 234
245 42
29 166
143 11
199 31
223 103
67 240
130 222
189 212
44 81
284 161
83 185
176 309
190 121
253 43
166 214
62 94
221 160
197 298
204 289
234 300
202 2
187 217
300 121
269 213
19 92
183 138
285 10
99 238
64 199
221 132
217 183
152 68
53 159
107 298
142 251
208 269
310 124
96 15
169 315
95 136
195 146
168 20
320 62
30 41
108 257
95 165
44 53
206 254
197 237
234 215
225 64
263 6
303 208
238 279
36 300
278 229
96 116
302 141
100 38
264 3
303 279
245 226
1 68
272 153
77 301
4 85
23 264
136 102
24 119
253 16
234 26
164 34
257 289
323 213
269 235
41 22
52 298
199 185
297 266
239 228
157 206
262 303
61 72
281 276
140 35
212 56
250 138
168 289
232 111
23 178
260 77
161 171
53 157
67 93
266 247
197 16
162 245
84 26
61 5
253 57
94 192
270 217
97 296
153 273
194 74
159 8
156 15
45 39
208 299
210 313
99 169
44 9
67 55
195 282
135 134
216 236
123 180
322 208
148 114
72 75
186 233
105 69
155 226
48 16
220 20
101 53
98 172
220 221
240 18
60 157
60 106
22 152
21 139
91 264
52 230
223 293
177 146
272 59
61 261
172 45
218 160
232 214
240 102
222 42
5 290
174 257
67 203
279 44
249 27
213 10
188 57
257 84
318 108
270 264
154 314
62 185
272 320
56 107
281 156
20 212
179 155
29 234
302 191
42 174
55 205
70 276
54 10
40 82
285 165
151 149
216 116
236 172
264 48
103 214
146 183
171 185
174 183
234 30
209 223
154 269
227 275
90 174
241 209
290 225
104 93
297 74
256 95
57 22
319 260
200 51
81 146
309 252
217 258
255 148
17 285
25 245
163 257
216 33
302 22
301 213
221 168
193 45
9 12
82 91
123 110
156 77
121 148
77 19
197 38
145 181
322 60
170 94
164 288
303 231
304 22
188 270
313 98
25 227
300 228
306 93
104 95
0 49
230 313
196 251
4 97
145 173
281 212
188 190
312 195
239 322
43 24
314 124
17 206
308 159
302 290
232 285
42 92
143 9
214 22
102 188
298 5
220 225
197 177
140 291
284 35
46 77
233 1
6 224
59 125
189 216
155 46
263 2
284 8
8 312
125 197
149 311
254 203
267 317
167 197
116 195
160 173
259 183
271 113
296 49
288 224
109 157
89 26
77 228
4 261
204 81
283 133
258 264
17 5
154 291
160 33
222 130
273 67
265 84
23 3
68 242
252 211
127 219
207 284
219 126
61 44
315 57
220 139
286 312
86 52
255 35
142 30
82 240
17 301
232 30
200 200
178 4
110 65
133 105
250 313
267 220
302 224
145 115
24 56
143 176
95 229
138 152
206 289
17 107
263 319
280 292
79 63
119 277
56 42
181 292
147 32
38 114
252 279
108 209
73 28
57 220
219 262
10 48
150 313
273 148
296 89
218 31
312 271
135 117
302 88
76 270
316 175
179 61
109 67
35 279
253 52
116 309
249 194
284 258
114 42
1 275
215 315
53 128
197 226
287 298
169 177
177 197
256 174
232 91
86 216
51 206
253 115
125 251
30 213
300 240
86 27
73 197
184 45
316 146
253 280
51 147
290 55
84 168
322 248
175 234
84 53
133 215
156 12
130 289
77 247
118 67
140 225
149 217
34 115
218 172
43 266
28 193
257 268
11 165
15 24
284 33
60 128
293 221
204 18
316 28
262 132
99 270
188 14
69 59
219 145
215 234
183 181
143 264
138 77
235 119
142 309
136 139
300 222
227 188
220 170
218 270
29 93
263 321
138 60
246 305
298 171
25 296
310 317
318 187
206 156
225 62
187 64
213 60
198 158
285 237
294 143
32 107
111 26
267 82
86 116
138 28
23 136
282 300
322 13
297 216
111 150
189 72
97 291
288 296
292 219
0 210
247 240
254 223
280 143
95 205
170 133
200 172
69 131
99 72
194 320
216 255
117 317
52 189
151 194
168 147
158 58
320 297
60 188
311 54
130 168
220 135
266 163
22 176
195 34
276 308
278 59
16 235
291 14
153 277
253 92
63 322
244 102
303 180
243 287
226 147
106 188
297 258
308 216
165 3
139 267
224 92
135 104
26 105
145 134
271 252
3 257
140 77
204 63
161 32
56 78
271 155
32 66
77 294
178 82
61 273
208 247
111 105
250 26
122 24
128 278
60 48
27 169
170 96
91 45
153 148
201 160
196 108
125 104
96 308
261 107
19 58
155 195
232 300
50 230
62 103
100 51
191 73
96 119
235 229
93 77
152 157
22 258
135 96
267 70
296 214
203 149
211 89
18 238
32 46
171 208
85 291
187 148
77 162
266 245
323 323
6 115
239 174
280 166
176 97
251 35
58 210
68 257
25 73
168 38
125 135
67 12
225 309
163 3
105 313
135 175
241 0
262 106
279 298
207 205
116 258
88 162
248 25
183 271
319 114
114 242
53 132
63 92
128 217
65 113
149 126
184 92
318 20
171 216
278 301
212 319
121 171
284 315
53 266
128 8
70 78
242 247
210 119
11 143
142 163
130 291
219 188
241 120
115 11
57 70
107 260
309 315
92 217
314 169
124 200
40 116
255 52
315 43
302 139
287 259
288 172
256 41
60 159
313 287
34 178
92 281
102 146
321 275
226 224
155 285
112 235
122 101
74 315
200 316
233 98
320 278
237 171
133 303
243 250
183 88
171 218
232 313
89 305
42 239
12 10
189 193
271 122
166 43
210 225
232 192
277 314
241 160
171 86
42 49
214 237
105 218
146 7
194 46
107 275
156 262
264 280
58 59
148 14
93 137
33 136
41 266
168 301
196 69
307 141
168 206
306 38
27 249
196 161
183 299
270 250
18 90
216 57
229 53
263 21
95 194
276 284
93 226
271 208
216 238
111 281
202 320
120 228
204 219
80 32
76 248
299 207
50 96
180 248
117 199
289 298
63 96
103 245
155 241
142 277
224 5
310 113
261 130
254 93
193 226
255 89
203 79
147 310
34 174
94 46
208 200
40 246
28 297
246 269
123 308
134 37
27 295
300 188
180 246
247 263
219 121
5 312
140 232
201 184
188 192
126 68
286 8
254 278
242 143
238 178
271 91
87 90
153 279
181 210
241 37
158 4
21 265
262 186
117 224
103 135
202 63
156 288
187 139
5 13
309 115
147 143
21 205
239 280
280 45
152 299
69 154
174 96
58 43
212 9
205 208
9 42
192 269
249 90
168 42
289 118
248 219
193 37
66 100
155 281
204 134
65 73
97 13
177 162
317 129
67 16
162 313
197 164
323 9
87 276
277 178
28 17
39 215
170 241
88 231
37 135
138 98
104 42
266 85
267 253
169 77
164 256
233 290
14 10
309 172
297 91
45 75
159 164
253 175
311 134
222 147
216 261
299 47
218 174
304 30
163 36
130 212
243 252
147 149
121 109
13 208
143 125
298 243
293 227
217 277
129 214
46 49
128 60
9 164
92 246
175 1
99 268
278 72
80 314
275 91
273 74
217 72
125 271
104 220
38 196
318 164
271 258
23 102
321 137
178 123
226 81
82 286
316 35
190 168
205 193
289 123
88 117
79 20
322 84
276 223
78 15
207 125
62 215
194 133
61 298
125 34
312 6
194 108
164 50
80 196
66 206
59 137
16 154
198 225
118 257
207 132
253 250
216 257
156 174
227 199
118 6
292 22
154 107
312 220
294 25
42 311
100 206
7 280
122 182
208 225
293 16
60 260
24 172
306 227
217 208
23 310
306 197
40 206
125 277
116 246
180 242
297 178
19 298
42 147
315 316
267 45
316 49
120 39
194 228
212 39
286 88
247 44
77 274
27 60
147 321
75 128
261 182
114 80
202 199
111 154
33 59
110 51
14 283
289 169
260 240
120 247
14 175
218 119
99 34
177 195
115 193
65 261
142 254
14 177
11 171
29 200
304 253
152 143
264 45
122 35
28 70
40 191
65 59
189 197
239 157
105 310
78 311
140 317
306 206
40 319
143 19
97 48
33 44
205 284
238 140
113 85
291 221
16 273
198 64
164 105
140 60
248 308
142 200
193 182
95 62
253 170
142 60
317 158
310 144
5 303
265 243
256 196
47 202
218 162
50 172
296 36
176 158
267 319
43 206
282 64
128 234
117 197
57 256
303 150
198 44
285 314
185 319
140 310
195 226
146 34
311 224
270 207
297 50
141 239
87 290
251 291
311 167
41 223
139 238
38 267
138 222
169 219
181 247
250 1
1 51
30 286
198 27
26 316
232 179
316 148
118 126
261 299
229 108
63 72
216 162
256 150
84 131
239 63
240 239
224 297
251 281
128 17
99 258
306 244
270 260
77 226
134 179
112 224
273 70
210 139
164 198
65 309
241 89
299 294
253 152
246 191
89 22
241 94
25 113
64 15
191 91
0 301
108 138
125 58
168 151
214 186
271 37
4 18
32 154
263 100
26 109
233 81
85 145
215 58
236 179
33 145
225 237
110 86
40 267
265 175
11 297
178 285
283 238
6 0
59 2
57 157
11 141
40 195
116 212
59 123
72 295
119 287
142 6
16 262
75 213
268 72
291 23
210 235
112 317
38 14
11 274
169 100
142 235
65 240
97 156
257 257
267 97
4 149
12 172
21 3
20 207
212 260
106 166
27 64
320 28
155 181
44 290
26 300
16 311
302 17
252 108
92 295
26 208
196 225
20 239
269 273
175 284
294 232
278 182
148 182
149 42
186 171
16 142
135 278
84 191
98 119
158 138
163 39
304 322
241 103
159 196
301 87
69 77
298 89
166 58
130 20
262 241
151 159
24 85
170 57
187 196
45 125
255 68
70 164
289 255
230 27
180 214
116 294
52 281
136 195
113 106
184 22
217 80
222 221
47 146
146 293
0 248
208 305
52 291
94 155
206 10
142 21
262 301
83 274
69 1
125 299
40 238
87 309
232 245
150 299
170 183
116 296
56 95
127 72
111 84
77 126
307 118
254 230
54 241
218 170
228 187
155 214
19 60
139 89
90 148
175 253
75 120
168 93
179 70
229 55
96 59
312 135
278 223
111 53
190 104
265 157
42 145
314 161
98 74
209 108
190 270
120 245
307 251
194 246
70 21
54 149
285 138
74 238
16 303
107 59
140 212
54 5
304 258
232 73
308 121
45 177
275 19
282 224
278 123
85 105
59 0
171 200
153 109
124 279
43 40
186 100
156 55
175 125
5 181
151 309
129 254
301 296
162 162
35 188
163 136
166 67
107 218
257 233
60 306
49 159
97 206
35 99
317 173
112 66
53 305
114 236
33 68
255 110
86 169
93 135
323 246
156 145
123 193
190 54
27 15
111 55
126 182
226 37
123 26
254 161
204 120
132 46
191 114
21 64
316 187
232 295
214 20
125 6
196 275
238 238
41 141
190 311
184 42
120 112
199 273
113 20
129 97
321 204
112 231
50 292
59 151
32 31
252 103
128 130
79 212
9 225
88 311
315 256
269 292
81 93
289 226
108 184
95 211
90 233
65 323
57 54
277 31
31 30
242 48
6 39
302 323
323 313
321 55
256 15
202 105
56 268
195 273
2 244
23 191
103 261
86 277
248 312
218 290
38 194
243 209
76 287
285 163
95 291
4 185
74 287
116 118
118 96
24 24
92 317
112 259
86 84
202 197
272 38
91 76
20 321
292 278
289 273
231 299
155 274
161 259
53 297
237 230
93 1
238 107
225 33
23 174
231 123
203 49
193 316
15 120
3 27
255 54
225 136
224 78
116 248
249 169
238 61
296 270
308 29
284 98
76 257
91 81
286 257
222 228
252 61
118 184
250 276
13 163
30 320
59 219
86 180
87 26
322 75
21 174
282 188
204 16
224 7
243 200
3 197
148 134
286 47
4 14
194 106
181 137
60 256
38 305
63 255
239 291
254 150
207 118
272 235
37 268
161 67
245 223
59 153
292 24
230 201
205 49
209 191
67 59
209 101
260 14
241 175
143 202
250 70
295 159
207 195
194 251
166 19
126 262
190 294
233 298
34 82
122 111
265 159
166 247
279 243
263 46
295 156
181 233
123 310
29 198
257 52
179 11
198 25
286 296
180 307
188 0
47 55
137 89
210 91
95 207
175 123
77 121
243 161
302 29
202 316
113 96
193 43
266 208
63 182
210 255
256 51
161 165
10 269
8 68
15 297
280 229
183 10
32 297
56 168
167 65
280 207
247 224
124 154
233 264
217 17
164 22
192 132
158 174
179 312
17 58
152 24
45 117
310 161
56 150
170 135
218 47
238 316
81 217
229 51
157 11
298 104
129 167
239 284
207 207
268 129
215 108
68 230
48 165
96 158
200 268
122 43
190 210
113 126
289 259
307 241
179 211
148 69
310 319
179 111
88 217
134 111
240 79
249 221
25 178
94 295
187 66
284 301
190 191
275 250
234 151
43 122
234 191
43 94
208 51
184 284
80 51
44 313
153 223
223 223
311 92
24 100
260 242
201 246
101 90
73 246
115 26
127 138
158 232
36 302
30 69
203 280
136 251
243 93
191 16
191 182
84 119
234 145
313 156
215 321
5 142
211 303
75 247
272 310
291 118
311 99
132 203
40 7
63 44
205 14
56 146
110 256
261 184
281 164
269 318
58 78
251 283
138 102
28 301
295 255
234 13
267 114
84 149
83 220
9 301
58 265
157 271
299 91
115 161
272 126
63 4
88 267
146 65
31 292
117 308
220 8
223 23
55 143
245 209
135 168
50 296
24 104
6 201
178 32
43 180
40 114
97 27
162 195
34 190
282 144
31 160
15 122
170 22
92 293
104 306
15 139
224 206
53 69
238 9
0 170
92 86
245 35
217 206
162 213
101 248
22 316
224 63
3 279
247 177
114 249
247 197
207 151
279 136
117 226
101 196
69 204
217 193
199 206
278 129
305 240
133 139
244 94
321 310
100 297
138 200
178 156
275 224
319 280
265 316
55 108
254 50
33 124
52 164
157 75
15 95
11 117
291 304
65 77
167 62
162 4
151 91
249 259
179 240
229 76
313 224
291 149
274 38
255 42
142 77
97 231
98 308
271 201
219 286
115 320
269 237
314 17
44 253
288 257
94 244
265 181
18 202
215 274
228 239
155 239
202 44
291 259
188 98
87 16
61 63
62 212
297 108
182 69
38 312
116 289
151 126
108 14
66 114
124 235
228 42
181 139
287 256
159 6
247 179
176 181
260 169
62 42
311 67
162 231
32 157
94 56
15 181
311 56
141 115
177 63
26 298
317 295
226 236
277 157
50 227
55 283
17 138
309 107
199 297
149 101
323 307
205 302
147 260
9 274
43 172
278 11
191 127
33 120
274 189
241 253
0 212
307 203
154 99
281 162
260 19
304 272
277 128
260 188
118 296
185 283
8 46
50 71
253 195
237 228
86 132
253 301
250 125
2 238
266 161
182 49
20 281
256 83
53 194
67 182
106 315
109 264
75 118
242 121
153 248
10 278
60 60
186 117
246 311
208 103
22 299
310 6
176 185
248 139
30 208
106 170
300 298
24 234
230 13
204 145
213 78
57 266
140 186
248 18
248 16
137 5
102 207
297 316
54 226
141 126
115 38
92 107
164 124
107 265
144 308
174 148
102 126
49 291
173 212
56 242
83 284
43 112
304 20
173 234
138 56
0 260
305 40
180 58
117 262
302 145
244 81
68 162
163 171
286 242
109 186
212 218
291 36
55 161
206 119
284 199
63 195
85 265
166 64
68 75
286 191
138 294
315 32
322 11
209 315
309 30
239 198
46 155
190 10
98 56
63 309
249 44
112 122
178 256
296 77
217 67
316 244
142 307
136 148
307 179
299 44
272 199
275 232
36 255
310 59
130 252
64 274
319 299
181 180
136 31
75 268
108 255
282 160
61 150
286 55
69 308
109 54
283 80
300 36
250 282
59 95
232 190
4 224
73 108
258 196
93 248
252 247
252 55
172 136
172 82
282 200
190 119
196 43
185 266
56 89
290 48
200 101
163 130
91 41
309 157
17 24
193 93
46 17
267 66
266 196
0 282
207 211
247 190
15 52
118 232
213 306
182 258
314 186
231 289
185 20
127 215
143 275
169 10
139 0
116 313
75 241
112 42
23 262
260 264
237 244
148 148
129 169
71 107
265 198
315 184
32 118
159 10
53 279
310 274
36 321
241 156
198 171
125 173
268 216
37 50
266 280
52 242
313 46
32 259
67 283
33 242
205 176
130 16
18 221
3 301
164 59
250 316
24 315
74 12
58 144
158 30
275 8
35 275
303 195
159 115
136 274
213 37
229 124
237 111
310 16
322 135
124 195
276 233
221 243
219 183
17 91
122 194
175 211
140 308
98 236
294 225
228 110
192 130
147 126
115 142
224 141
269 27
304 79
164 48
115 78
214 161
262 168
104 153
296 132
2 95
294 39
158 218
128 262
321 71
4 310
52 162
131 305
89 183
175 213
211 101
298 169
25 118
141 275
0 220
113 147
186 227
278 254
138 74
17 260
253 6
309 74
93 297
186 30
233 61
2 227
28 317
160 37
16 283
264 173
57 38
22 150
280 128
120 51
6 197
279 164
231 283
5 81
22 213
231 166
177 164
135 130
278 186
54 78
188 316
50 17
52 321
242 105
302 169
161 163
267 214
143 141
228 129
26 56
51 273
285 110
146 200
264 217
216 284
103 294
167 99
240 125
73 104
39 84
211 137
37 318
171 175
303 42
266 216
191 216
216 119
305 190
100 111
63 13
220 260
219 2
253 292
42 114
113 251
106 15
238 297
37 316
35 253
145 177
196 259
53 46
312 106
76 239
306 74
69 280
42 279
55 133
200 84
102 250
226 272
101 34
218 81
161 298
80 318
214 214
120 42
302 315
88 282
162 302
270 294
115 277
266 65
33 257
52 191
33 188
273 86
59 135
292 76
263 160
39 6
31 67
72 195
91 127
175 173
134 280
198 42
218 34
294 48
117 277
162 207
125 152
257 291
182 159
165 109
31 137
315 92
34 266
234 147
33 250
183 250
290 17
298 106
155 109
237 269
20 120
165 302
299 74
122 189
143 213
193 105
42 108
266 153
10 227
102 77
244 54
142 124
116 43
107 310
137 317
110 1
321 231
180 176
137 297
222 256
234 179
218 310
307 288
219 43
241 259
12 268
65 182
78 65
21 243
21 108
188 77
186 276
205 150
34 9
279 16
76 15
220 70
302 228
229 126
317 189
283 282
137 76
147 145
151 311
202 322
62 48
114 125
97 259
154 271
16 212
205 195
31 306
82 181
205 90
150 315
311 1
275 282
46 19
248 151
76 64
149 321
273 92
280 290
263 56
285 84
16 152
295 244
9 303
178 198
105 58
116 140
293 230
45 84
233 120
135 316
133 305
147 118
135 214
282 210
136 163
187 322
20 285
240 66
138 81
276 322
302 182
74 196
59 221
220 105
5 156
133 204
52 167
135 70
149 67
73 296
314 194
263 50
14 273
283 10
158 154
173 115
94 42
192 20
22 5
299 194
50 304
6 186
13 302
297 136
235 268
87 145
97 255
118 310
55 59
2 60
134 10
62 82
276 245
131 47
104 229
1 312
113 26
39 180
192 246
73 307
119 152
168 199
212 12
303 155
306 300
176 65
314 257
215 36
215 212
48 211
163 126
234 58
36 227
8 37
30 129
252 4
39 244
212 235
55 307
317 78
170 278
305 24
49 232
58 146
118 314
191 145
184 118
118 223
267 299
263 23
85 171
26 234
211 10
248 62
64 85
319 137
31 152
149 44
155 183
131 142
202 285
228 322
24 18
248 270
245 67
168 278
185 49
172 97
263 175
84 72
29 2
139 270
269 115
6 313
111 232
247 42
40 15
227 73
211 270
234 314
154 125
55 57
230 172
2 99
100 200
73 5
38 154
175 85
237 180
232 36
38 291
51 305
25 181
209 174
55 265
13 94
97 272
140 170
308 292
130 166
159 28
218 293
121 258
109 259
235 8
67 76
155 172
0 137
41 17
68 207
254 66
319 22
20 80
70 195
255 229
129 231
252 171
154 212
12 69
84 221
250 45
251 15
28 3
278 321
235 233
41 181
190 74
214 106
35 277
142 293
61 33
156 217
100 146
98 114
299 162
314 262
142 2
192 285
52 247
150 307
171 220
308 77
146 51
276 146
234 10
46 9
126 190
77 154
138 314
38 116
232 102
305 199
178 306
230 280
277 239
290 180
90 246
217 1
41 310
110 211
21 283
71 310
273 291
72 3
73 135
202 209
169 267
83 238
264 110
118 275
300 21
66 274
28 287
171 109
119 65
172 166
162 249
207 69
247 131
194 129
143 182
29 58
310 10
224 221
13 120
66 184
307 106
206 199
254 103
141 272
134 291
214 159
300 140
126 234
252 203
157 230
27 112
172 273
152 153
265 106
219 205
134 81
174 223
274 76
180 69
163 68
100 25
226 295
29 152
306 291
280 268
319 223
35 305
259 290
236 286
273 251
252 125
303 199
39 263
191 283
318 96
102 38
186 169
29 196
57 218
26 247
265 63
282 135
166 152
157 0
89 89
111 117
85 236
97 202
166 292
54 189
14 222
48 293
62 307
197 300
163 14
116 41
19 261
44 287
154 193
195 247
138 166
291 60
139 261
135 77
232 13
67 305
240 116
180 7
135 105
75 209
311 4
288 120
45 79
35 59
156 321
241 62
321 218
89 144
247 171
55 127
234 231
31 148
29 183
117 5
235 24
21 211
150 244
293 34
84 277
226 190
17 94
293 62
175 121
168 208
152 180
85 303
263 182
242 46
262 172
283 164
57 56
125 162
178 112
116 9
323 275
115 129
238 312
271 0
48 252
288 48
59 116
273 136
128 75
131 138
28 90
279 105
2 153
241 291
55 91
62 271
269 130
304 138
98 205
218 185
277 102
318 80
0 44
260 289
132 64
54 89
183 148
261 177
299 314
22 123
51 199
303 226
157 181
282 105
115 14
189 218
166 195
203 183
144 266
282 67
117 300
33 293
279 33
264 74
117 298
176 307
181 251
51 37
172 172
43 166
57 318
153 94
285 233
75 293
319 78
42 82
174 113
245 127
135 33
234 171
73 24
280 53
10 57
299 265
8 167
267 138
144 200
87 150
127 62
218 106
287 84
111 77
70 65
143 161
307 314
250 247
290 302
10 1
298 24
21 131
36 58
232 168
142 33
261 312
246 8
62 189
144 51
127 81
269 30
51 158
215 1
98 50
140 29
69 27
306 112
156 143
130 278
241 322
253 127
282 280
69 140
186 56
278 30
135 181
198 29
142 13
119 308
8 187
280 201
262 214
252 224
76 91
303 211
145 137
312 239
45 308
106 249
264 297
108 286
78 236
248 268
171 189
124 53
139 322
114 191
123 148
24 117
