251 305
242 95
126 33
226 0
27 182
285 148
235 112
85 239
96 61
275 315
34 102
132 216
144 185
5 29
39 99
250 278
144 15
0 52
268 218
73 105
93 206
42 291
146 20
205 152
151 209
7 261
26 16
35 292
86 143
55 182
2 281
96 307
232 265
158 280
276 232
304 197
263 208
144 13
320 187
185 312
40 101
108 277
49 269
143 126
226 91
126 154
303 10
105 97
32 41
48 20
113 107
5 255
264 198
61 46
74 47
250 243
29 114
215 301
154 239
289 192
181 47
161 69
69 107
170 208
139 106
312 259
54 25
75 153
193 193
241 65
275 241
204 193
142 290
148 33
42 323
218 107
311 116
41 236
203 41
44 263
136 299
240 195
119 92
14 51
157 57
68 19
59 198
243 175
277 156
122 185
39 206
31 200
192 278
190 78
248 305
240 208
316 33
243 147
276 110
280 225
228 269
240 128
109 86
192 322
60 102
204 130
129 220
52 308
244 206
0 304
1 102
322 233
69 236
117 61
303 266
123 197
178 84
322 204
262 3
209 312
61 126
59 157
96 258
63 57
180 180
262 54
182 308
84 144
280 175
147 116
6 17
216 175
185 321
306 123
13 193
277 208
308 123
99 266
15 91
59 77
290 75
98 174
133 176
23 229
107 9
284 295
319 231
168 186
199 286
131 302
254 34
226 197
36 4
65 39
280 189
162 138
16 280
147 114
85 184
1 9
37 274
299 209
144 20
271 309
277 114
282 163
305 204
229 12
292 65
0 14
34 4
156 232
249 263
191 229
246 54
308 105
88 55
151 117
318 233
215 317
314 189
194 318
267 74
281 182
280 135
231 2
22 260
281 131
195 176
67 175
231 109
113 44
143 283
69 135
298 100
190 133
165 18
94 285
195 237
122 179
131 140
134 174
3 40
25 137
291 173
150 179
258 190
241 118
304 268
169 79
26 279
72 218
68 281
104 281
51 234
12 222
132 48
275 135
278 291
255 112
86 92
286 167
18 6
102 166
230 142
167 290
192 105
137 91
263 102
274 2
200 27
93 282
182 241
209 229
143 114
202 146
157 172
266 5
220 166
272 307
317 253
76 197
109 205
10 46
150 248
108 171
18 60
239 196
323 126
286 197
154 261
288 78
267 155
295 91
200 159
308 294
242 138
128 163
179 126
167 94
198 147
275 254
251 91
82 168
82 321
286 104
306 62
195 127
319 256
87 258
263 216
143 49
236 78
50 155
53 72
241 123
292 223
296 26
141 305
131 83
125 283
65 294
274 110
88 45
322 16
133 149
286 81
196 33
188 31
3 85
28 65
197 60
129 193
266 47
287 65
76 129
89 74
297 180
15 271
135 239
293 243
5 214
4 238
155 16
15 20
321 127
302 61
55 8
31 95
260 239
74 290
293 122
267 27
301 280
262 184
169 277
202 297
166 49
313 263
236 26
284 207
251 297
322 8
60 164
46 211
63 272
300 9
81 81
76 139
294 139
168 195
26 131
267 250
133 100
52 299
208 81
100 323
99 207
29 195
57 47
44 110
307 239
97 228
168 4
154 33
33 224
83 254
124 292
14 213
241 101
14 311
35 219
223 132
14 247
69 137
49 107
7 303
269 66
108 8
85 126
171 297
309 92
54 308
298 242
232 287
81 261
276 86
212 240
181 10
71 26
188 79
46 203
292 93
35 63
294 260
72 226
217 127
204 221
222 294
116 311
228 310
322 293
320 34
196 306
139 126
229 199
263 242
230 75
163 292
67 14
320 236
92 167
297 129
142 269
253 2
2 220
307 25
181 145
317 97
152 320
178 237
197 17
6 180
69 109
124 50
151 304
18 236
188 86
180 79
315 242
208 202
153 102
153 282
53 171
216 45
32 68
13 278
57 24
76 314
46 26
36 233
172 102
94 123
21 262
30 256
202 245
202 83
249 227
216 31
107 55
307 301
221 281
86 199
137 197
32 174
299 142
202 13
195 144
202 219
126 281
236 293
189 144
208 39
106 176
65 321
70 116
251 307
240 162
159 282
322 51
115 213
155 204
75 296
127 249
159 162
291 3
26 90
112 2
117 27
108 167
24 131
103 61
14 128
311 169
77 128
267 162
93 208
94 166
267 224
43 117
295 108
145 283
243 96
141 262
298 182
103 306
57 317
51 78
223 142
137 201
62 128
295 78
235 15
70 28
298 140
274 171
73 87
43 242
319 128
85 233
1 159
196 93
141 182
296 250
241 140
314 34
284 256
293 77
272 238
151 71
265 320
319 218
179 87
217 191
51 252
130 91
318 262
289 269
9 4
212 160
64 213
255 39
29 43
119 67
173 40
236 69
74 294
148 73
182 261
129 139
54 54
79 207
219 258
5 189
233 149
283 278
72 77
1 96
130 49
40 13
57 115
172 148
246 271
97 204
303 222
296 260
311 22
44 43
121 278
142 161
149 92
156 243
219 256
79 286
169 24
161 18
115 94
243 261
12 124
232 90
13 60
107 229
2 249
238 293
32 120
93 221
233 89
304 105
232 175
218 254
179 200
76 290
8 41
206 220
216 276
153 305
205 222
167 265
17 83
192 310
116 85
124 58
173 105
10 49
302 115
206 282
220 134
93 210
190 56
182 146
267 245
121 204
109 310
280 300
82 103
172 183
45 74
77 16
251 202
312 68
281 223
160 139
2 292
196 46
311 157
267 117
73 219
240 91
193 283
37 76
291 18
193 259
189 183
189 150
22 40
308 289
85 81
25 206
56 94
74 106
77 312
241 158
126 255
242 1
203 217
140 19
155 31
302 188
205 273
8 2
215 313
161 227
291 253
52 225
54 42
308 314
82 83
21 299
233 8
13 178
157 15
44 107
143 174
110 315
155 150
102 154
137 316
307 247
60 81
259 38
296 202
78 289
224 55
159 35
205 112
289 305
31 7
315 163
140 273
253 86
9 111
114 75
314 36
316 170
159 278
14 276
260 25
318 260
105 304
31 214
171 24
286 119
284 134
228 320
181 312
255 159
232 57
258 94
95 288
96 193
185 148
56 65
190 199
113 144
162 3
132 22
111 185
178 146
97 24
158 111
86 124
228 195
300 38
169 59
160 114
233 189
305 118
293 275
195 302
72 6
276 187
133 80
219 116
27 230
76 272
129 123
132 218
169 197
171 216
140 2
277 138
236 279
174 235
250 30
264 195
162 274
28 181
23 138
131 16
190 94
194 23
232 270
89 203
240 236
45 92
161 116
116 184
70 177
187 29
14 167
289 62
235 245
295 294
33 63
214 277
116 203
170 166
168 12
11 0
41 202
112 296
78 154
87 67
16 144
273 310
247 188
216 206
267 258
168 173
86 190
137 44
121 309
273 199
42 143
112 19
303 300
8 115
294 186
221 93
154 146
33 61
237 321
157 51
35 76
249 127
122 115
296 168
84 7
192 281
80 91
84 283
167 155
11 61
231 181
243 119
16 62
72 20
262 139
250 17
77 34
321 97
120 184
52 194
56 28
189 207
41 170
29 34
260 160
42 244
149 144
232 122
273 113
211 6
321 60
262 282
30 89
286 179
162 278
179 24
300 243
255 126
89 148
234 289
110 152
30 161
242 91
26 225
140 223
172 95
272 280
312 0
266 98
14 49
293 184
172 146
61 3
206 71
18 23
178 194
89 172
169 289
62 198
154 278
195 149
202 185
30 91
53 277
149 195
289 183
84 117
280 260
54 264
243 157
27 25
58 320
220 61
274 39
145 16
280 17
59 250
92 245
66 263
251 5
245 179
297 102
95 157
197 308
262 320
251 303
7 256
153 100
91 25
195 39
129 75
137 149
100 115
269 220
89 64
68 302
230 183
37 265
71 175
92 110
25 193
137 165
253 109
231 271
248 138
232 101
198 300
130 22
178 175
44 310
47 14
170 317
254 294
274 283
279 161
231 0
63 200
240 78
300 197
209 208
111 267
16 150
283 260
7 273
154 93
123 43
243 140
255 197
71 87
316 303
146 9
100 80
117 128
171 240
75 226
71 199
167 136
31 48
43 212
45 134
59 257
1 61
135 138
259 127
179 63
22 142
102 200
222 245
107 279
206 101
306 271
16 22
237 57
32 110
152 145
212 190
24 280
184 69
283 138
312 108
113 294
198 62
135 290
151 128
38 256
161 136
208 227
74 215
245 82
88 43
253 53
230 125
39 75
95 227
181 220
290 257
50 19
110 87
26 135
194 166
210 103
104 252
313 164
45 28
210 249
104 231
265 22
311 172
80 320
104 123
41 242
232 182
71 108
143 53
190 224
300 170
188 120
280 210
105 294
304 282
279 209
293 245
239 234
118 258
160 68
162 229
228 131
12 171
15 164
244 129
225 239
110 146
17 223
165 96
238 242
90 169
243 38
297 294
20 156
297 287
171 111
154 242
305 148
87 278
37 254
59 79
103 218
300 172
192 255
44 115
51 244
223 239
217 69
88 91
289 281
293 108
294 257
194 16
35 241
174 104
132 8
162 295
219 10
185 138
217 118
23 165
95 209
247 67
38 11
270 275
49 74
154 174
20 150
78 45
181 299
294 110
46 133
303 280
240 19
253 148
318 191
189 313
256 293
275 311
58 212
299 102
250 261
154 144
201 317
36 278
299 168
148 94
224 223
295 201
316 216
90 149
71 24
176 228
261 188
18 151
16 214
10 130
216 213
56 43
309 174
176 122
23 133
305 242
283 223
198 295
146 83
4 271
282 32
126 117
87 266
185 67
203 148
125 272
314 67
316 193
254 124
247 242
38 230
79 118
301 226
150 143
89 32
95 5
61 323
64 179
194 230
109 231
279 103
31 210
268 247
140 115
224 311
318 143
299 5
109 184
182 245
243 266
58 48
192 180
233 3
92 3
159 12
35 225
25 197
17 199
72 22
2 21
262 217
110 103
72 183
247 222
110 296
86 289
311 141
245 93
227 40
312 52
147 25
189 88
75 56
261 24
208 119
20 124
16 97
183 311
159 231
226 126
273 77
153 303
31 63
64 211
246 308
249 189
41 253
237 233
114 159
156 228
250 4
104 200
236 10
78 266
204 18
216 84
14 263
0 224
48 56
127 140
256 146
217 189
270 145
299 165
226 79
68 68
117 213
55 80
284 199
134 7
251 196
316 133
284 311
103 296
235 285
197 296
61 31
54 106
142 292
314 39
179 209
219 231
90 314
277 160
318 33
110 148
121 68
303 250
20 148
113 299
300 162
68 294
189 295
3 311
66 290
155 246
212 106
66 16
203 11
40 90
224 194
134 142
272 72
38 300
33 220
157 318
36 176
214 15
27 232
126 232
138 235
283 239
22 272
43 38
238 48
259 176
114 162
41 134
278 127
246 310
204 191
211 29
146 140
254 248
295 88
168 275
18 143
66 83
236 235
211 246
127 124
266 100
101 24
87 54
250 211
257 151
39 194
201 60
281 42
262 297
20 214
273 17
223 61
194 45
173 256
158 79
238 217
76 194
274 167
141 0
138 171
106 135
211 257
316 79
155 270
31 28
252 293
155 230
26 33
33 218
174 181
179 74
21 84
78 256
290 171
140 124
131 240
16 221
271 313
99 78
231 61
70 90
217 3
259 14
31 106
165 35
261 134
235 0
29 63
115 127
153 299
174 230
195 259
137 42
105 16
213 68
14 98
131 177
27 133
238 256
79 201
38 224
315 304
114 238
296 141
123 6
42 204
307 199
317 205
38 315
25 111
117 13
196 95
261 128
209 90
222 107
48 145
274 36
96 155
29 179
224 134
211 108
134 118
276 40
28 135
210 299
200 33
57 76
77 199
207 209
204 92
164 300
209 255
322 182
228 71
124 274
219 118
67 241
247 94
24 72
211 173
259 315
61 257
122 170
81 63
113 258
110 187
153 171
154 54
124 116
139 62
15 47
279 277
190 272
287 67
78 197
231 50
279 115
42 126
206 82
149 133
199 60
206 154
242 231
225 308
111 21
93 80
107 186
194 239
288 181
147 132
243 202
232 153
60 162
114 195
226 94
175 16
305 302
36 280
314 99
87 233
175 111
241 137
206 210
226 56
204 59
223 94
189 142
129 239
71 161
250 23
133 109
148 248
53 140
242 279
24 278
197 143
127 299
318 207
165 106
318 107
176 256
250 60
17 140
314 28
210 218
29 207
303 170
182 157
36 196
52 232
5 59
195 80
15 199
220 146
293 148
21 32
98 38
312 163
234 79
154 148
279 41
297 45
68 237
76 242
308 170
63 34
44 292
153 150
236 170
307 93
144 171
301 266
149 256
217 221
220 227
114 39
102 252
64 263
54 180
299 296
68 132
176 163
302 21
218 84
134 98
275 313
276 226
20 91
58 103
184 49
303 25
30 262
14 106
267 63
61 210
45 17
75 37
213 316
67 78
221 150
59 44
136 268
17 105
220 9
283 106
101 120
188 123
238 206
251 295
162 37
43 192
285 260
205 287
8 55
189 317
175 232
228 90
10 276
308 98
145 201
139 304
230 98
5 236
93 36
50 208
194 131
203 144
286 236
145 64
136 6
322 111
1 310
171 238
156 74
124 151
135 114
53 283
158 48
56 246
277 17
313 118
177 283
28 42
200 157
318 134
70 257
203 112
240 313
307 204
40 229
294 38
198 269
151 32
138 271
109 77
163 19
49 228
13 294
155 263
60 252
255 192
191 178
304 290
219 283
75 25
193 128
241 82
218 158
274 68
178 65
56 103
29 210
195 103
185 323
262 245
129 18
67 255
240 204
56 6
249 308
115 16
196 9
203 132
146 14
275 74
134 46
78 47
242 304
257 176
5 98
40 178
5 69
174 259
230 211
140 199
242 100
275 137
3 261
72 165
68 164
227 148
208 301
52 156
320 32
192 155
276 47
287 193
94 14
108 206
277 246
90 245
110 265
219 168
125 139
251 101
177 305
75 305
140 234
299 50
26 229
3 61
72 10
147 136
24 266
200 102
298 269
245 144
192 244
283 299
161 196
58 7
79 167
283 81
249 284
192 231
48 156
319 132
287 101
128 191
138 240
108 175
28 200
222 134
118 289
249 24
14 221
86 25
319 97
29 212
255 176
167 191
2 73
14 211
13 90
0 183
228 78
174 101
27 44
112 315
193 232
282 51
46 178
25 166
23 225
292 78
294 155
186 93
226 130
312 142
145 264
184 30
192 248
69 204
21 323
264 135
70 183
76 124
88 84
192 22
228 312
153 246
105 146
41 41
154 49
117 160
247 69
205 132
130 280
85 128
240 99
42 10
110 150
180 65
165 60
180 83
213 318
321 255
213 246
99 297
7 169
16 246
0 72
146 294
116 235
223 140
235 180
15 100
8 271
88 6
125 62
35 134
97 73
135 62
285 4
126 77
202 15
194 40
296 139
169 176
241 261
292 250
246 138
78 319
140 277
20 89
109 269
202 50
184 307
12 311
108 16
136 272
243 83
184 102
266 72
131 14
117 205
39 219
7 118
313 114
243 127
248 9
98 62
42 116
116 201
321 10
253 288
258 75
182 38
306 243
139 147
125 294
289 312
210 226
47 253
210 247
85 280
91 220
186 192
277 112
317 255
145 311
19 205
75 51
263 177
278 27
256 161
261 0
129 50
262 224
84 258
243 137
98 123
262 189
170 186
177 173
316 219
293 259
190 281
52 169
47 120
5 27
233 59
189 13
249 15
82 35
141 320
45 112
315 156
3 99
14 206
225 149
294 93
176 323
221 73
201 16
4 234
51 283
128 165
199 17
229 271
134 252
13 9
244 249
168 58
24 74
98 0
115 227
40 307
70 69
207 90
12 273
287 207
304 190
130 8
101 28
120 110
190 126
306 320
247 62
112 86
302 85
291 67
106 155
198 160
183 293
157 320
129 310
232 210
307 292
89 30
13 224
249 316
47 74
1 136
67 204
14 236
245 68
33 222
119 52
236 110
14 203
200 44
148 215
113 157
92 46
122 202
283 145
318 220
12 115
192 271
46 200
229 2
158 192
322 154
50 210
136 154
309 117
180 76
81 218
291 272
35 51
188 114
194 76
189 242
310 322
58 106
288 301
238 162
123 199
126 100
138 140
14 191
259 129
284 211
227 42
203 71
318 216
78 258
238 79
183 133
221 225
13 102
220 4
285 80
131 224
112 173
22 57
92 225
206 197
38 86
188 293
229 121
256 273
154 272
309 142
188 105
292 257
139 36
56 321
136 203
189 322
321 152
20 272
37 84
105 8
100 148
228 129
165 197
162 173
135 165
294 269
124 36
80 220
98 226
184 272
282 146
321 246
304 0
188 103
218 187
85 241
7 3
201 133
217 291
223 79
167 39
182 252
230 36
3 247
291 323
152 124
50 246
174 157
73 85
18 141
140 241
131 51
266 222
169 64
253 227
296 182
103 127
7 53
316 305
181 155
319 106
317 231
13 53
189 76
18 254
33 159
305 122
116 162
238 90
68 200
256 287
228 92
272 124
313 317
224 48
133 71
257 37
181 182
267 29
110 43
300 62
170 273
212 14
147 216
44 203
227 273
107 145
140 306
13 165
81 237
313 56
302 248
183 295
109 26
266 254
99 256
293 305
181 162
162 122
247 2
164 206
114 24
215 18
155 56
20 241
295 154
21 311
13 117
260 39
249 67
8 5
35 265
185 86
151 245
295 47
187 89
205 254
232 172
76 109
193 119
109 23
71 307
113 142
11 36
300 311
80 145
252 53
167 245
134 44
7 43
195 309
90 218
189 267
237 218
38 278
317 218
184 59
77 308
62 36
88 235
125 199
190 314
228 75
189 146
44 180
249 314
131 192
154 95
244 146
102 80
50 97
18 310
181 148
164 225
203 43
77 111
292 123
12 22
46 143
251 228
83 285
295 100
211 253
0 12
131 304
169 201
226 311
140 236
300 42
312 147
313 51
310 165
113 36
218 70
186 318
39 308
264 184
116 65
142 213
47 288
27 227
187 194
204 195
295 180
188 226
158 183
60 197
193 124
37 56
192 78
316 23
112 222
191 184
83 132
57 92
189 65
107 231
252 160
312 79
106 168
112 140
284 313
104 308
54 146
250 34
105 259
196 239
321 182
94 76
44 266
295 145
295 135
263 323
39 311
86 118
89 87
225 204
293 32
270 167
268 293
250 213
303 142
274 239
315 107
215 0
258 92
292 295
138 34
306 181
194 225
39 50
117 42
219 292
285 47
121 6
254 4
222 196
226 223
192 92
119 148
188 57
165 45
22 253
156 289
195 300
135 207
120 66
213 117
192 94
163 41
1 71
79 312
249 114
191 227
320 293
214 79
176 320
33 272
311 159
292 19
216 232
303 8
115 22
227 204
199 183
61 152
302 197
127 297
320 323
114 295
242 142
162 311
237 169
267 291
113 161
180 5
2 277
231 107
26 31
173 254
40 120
36 12
317 127
87 178
227 55
242 89
97 210
271 29
146 112
214 57
111 49
100 240
301 5
221 292
202 102
147 218
277 248
178 322
103 220
114 310
131 323
219 30
159 185
53 11
153 257
114 181
1 247
283 147
76 276
16 203
271 292
203 247
288 76
169 81
92 250
33 304
64 36
165 68
169 238
0 173
309 156
178 69
267 198
80 257
287 303
114 98
177 126
22 193
36 82
264 185
304 152
90 248
195 83
51 39
119 162
225 60
153 312
239 136
198 72
296 207
8 71
276 93
110 182
54 245
32 161
156 280
175 306
63 305
216 211
209 205
63 80
310 80
121 287
163 128
203 284
242 107
176 156
19 153
319 145
123 298
38 302
239 226
87 148
301 209
33 27
226 321
256 267
47 198
283 99
170 172
135 315
139 104
194 95
224 271
12 55
248 195
25 102
249 171
70 206
308 321
74 126
32 5
170 152
20 37
230 71
156 260
158 242
54 185
20 237
274 292
297 73
263 25
58 124
210 39
316 259
204 209
35 56
25 20
151 100
277 26
50 299
22 163
140 163
135 150
157 240
77 52
165 25
266 113
30 150
238 135
62 213
19 283
215 195
256 82
184 197
298 215
152 33
228 142
53 204
13 139
234 270
278 207
59 263
101 170
103 92
134 241
90 185
305 26
26 19
55 159
174 170
97 138
73 309
108 288
28 243
244 302
14 45
119 226
184 20
48 263
12 264
133 201
176 311
143 207
245 176
117 315
268 222
218 284
280 147
22 53
208 133
280 126
321 298
8 39
71 163
222 296
284 143
77 137
156 49
185 293
129 288
187 87
192 314
15 18
85 275
53 183
89 24
133 24
124 233
321 77
94 292
191 323
305 77
122 150
94 134
16 191
303 148
155 248
157 5
61 236
84 83
312 100
54 82
77 119
177 109
171 211
222 10
17 262
239 282
119 253
216 204
220 220
277 38
305 281
137 78
200 146
80 121
220 310
58 66
76 48
243 123
75 298
232 263
119 160
257 55
293 118
96 184
265 111
321 206
151 242
305 230
252 147
222 241
73 8
317 246
172 186
27 321
287 199
255 6
167 292
190 321
123 248
208 88
72 276
107 86
233 105
199 104
244 251
232 26
21 82
287 313
321 307
233 266
292 48
305 208
164 67
76 160
186 320
276 320
20 143
99 295
8 282
301 269
25 22
277 62
250 7
214 272
116 75
74 6
181 130
77 38
150 120
22 15
215 174
28 247
106 147
120 28
90 91
26 14
55 131
263 249
312 60
283 53
45 119
220 137
108 312
168 22
300 249
93 102
197 267
210 323
50 58
150 98
162 118
200 207
151 177
86 201
297 40
120 261
138 195
43 41
142 4
102 244
251 89
223 108
186 91
248 34
280 187
185 140
55 73
221 36
219 68
126 279
81 253
67 291
113 124
53 206
174 116
137 262
37 292
236 224
312 2
221 190
309 293
320 184
63 292
29 318
305 142
183 67
47 122
82 62
5 226
106 224
98 125
77 244
28 32
156 191
183 233
54 281
49 146
210 88
112 181
101 78
51 71
91 243
133 13
30 3
207 274
221 218
229 286
180 9
249 191
231 214
16 176
175 124
164 131
87 293
57 104
46 93
125 253
183 135
173 159
90 107
53 37
106 226
66 99
164 286
4 151
36 78
192 101
0 134
293 3
4 154
133 322
123 283
196 261
318 266
226 241
95 46
268 278
239 113
281 258
151 141
112 24
164 314
116 276
170 98
20 227
293 144
248 129
313 73
222 311
219 191
79 238
290 120
321 295
47 188
107 158
2 182
73 227
20 16
118 25
317 145
71 76
106 308
84 90
204 110
198 15
220 244
1 181
41 5
322 281
245 266
51 278
242 154
302 318
310 100
151 67
151 151
80 117
171 78
111 17
220 290
79 255
126 236
114 240
27 23
258 234
322 58
276 90
276 242
256 93
29 290
276 274
191 149
270 99
128 69
191 195
212 58
15 178
80 246
298 206
230 191
198 167
60 65
224 90
15 102
119 255
147 81
170 84
75 274
70 240
230 295
251 192
68 143
159 2
155 176
152 173
53 142
7 15
230 111
312 81
255 291
171 82
94 125
230 57
208 129
91 33
87 10
6 15
46 127
15 189
76 255
105 18
55 220
160 56
83 273
17 322
144 30
272 61
84 9
257 128
9 127
274 0
182 132
51 310
94 22
279 181
310 276
190 9
261 315
169 297
308 74
150 201
93 99
140 99
233 302
27 107
100 207
16 166
181 160
209 122
13 274
280 51
39 133
61 303
142 73
198 32
43 254
20 57
297 47
219 92
206 116
178 218
221 62
216 65
39 252
313 15
251 198
28 229
127 168
19 300
139 252
34 154
264 212
17 17
65 115
4 195
51 171
314 80
319 300
232 164
227 1
234 169
173 24
61 96
20 309
146 266
90 76
5 171
27 27
22 34
104 202
14 234
172 199
281 25
278 51
183 144
300 89
304 210
38 204
157 31
135 193
178 181
226 297
281 296
82 222
99 237
264 306
128 126
69 199
306 22
82 26
135 136
166 213
174 14
212 22
136 74
164 16
4 149
220 288
283 66
137 56
319 126
178 185
279 179
22 157
141 278
264 115
62 187
3 158
209 99
243 264
175 3
82 120
310 122
172 84
208 92
133 132
111 35
71 48
256 231
255 88
70 227
293 15
313 116
282 123
308 134
18 273
133 141
180 175
157 196
201 151
150 320
196 37
107 139
118 11
114 276
315 47
149 127
106 91
144 55
315 165
245 131
217 30
219 4
23 270
204 207
254 45
309 199
166 207
71 12
284 64
223 150
6 322
9 197
54 0
290 182
280 281
250 14
224 196
98 200
285 84
197 241
201 43
221 91
228 254
20 62
285 316
261 21
220 223
263 304
232 17
175 267
265 225
301 19
57 227
70 13
181 61
223 309
318 296
204 245
267 31
91 31
217 125
202 114
235 28
225 23
22 63
287 118
278 289
88 249
137 266
158 56
33 264
229 314
272 68
58 252
9 172
59 72
289 5
186 121
88 63
6 150
74 104
304 128
183 199
77 286
91 74
109 159
224 190
50 323
166 86
159 52
34 57
176 175
138 233
266 108
286 79
243 229
131 89
285 66
220 49
216 59
199 55
93 82
144 18
305 270
178 287
161 206
153 226
7 13
109 210
311 284
76 210
222 143
142 257
167 286
287 4
209 303
197 234
143 184
149 122
16 99
135 27
127 60
44 77
203 287
107 251
48 158
322 156
271 136
60 94
303 38
57 138
198 34
57 128
146 30
124 281
146 184
49 71
140 257
8 117
312 199
109 140
206 212
80 206
135 79
218 288
287 311
147 41
145 123
191 45
116 231
197 125
224 46
217 11
315 70
40 240
138 164
175 282
172 235
282 309
200 29
61 29
230 91
215 117
91 207
240 46
74 184
154 154
156 245
70 1
255 14
96 63
43 120
293 125
96 100
251 211
32 187
54 321
125 170
302 320
164 208
105 296
311 61
152 175
302 37
244 247
231 112
231 24
143 112
164 138
186 292
134 72
282 204
83 52
96 254
197 104
131 18
31 98
144 285
279 31
316 190
100 154
193 274
21 144
308 219
178 196
44 45
280 33
72 94
93 289
244 287
207 303
73 38
197 303
38 101
125 190
169 266
18 81
214 13
296 248
260 301
10 115
66 229
278 231
234 298
230 266
46 262
59 239
188 170
313 69
242 248
42 177
23 170
33 80
207 121
29 28
95 117
132 91
20 141
227 122
83 188
279 213
157 109
230 144
74 302
76 265
266 294
265 304
216 182
88 215
226 202
137 153
82 142
180 213
196 168
240 257
86 175
182 235
11 92
241 203
108 216
132 183
183 269
43 75
243 159
33 291
8 199
54 6
21 106
198 165
106 252
105 251
230 165
320 143
211 116
21 293
177 241
214 64
16 122
251 241
254 170
269 215
317 47
165 1
13 298
253 245
294 183
254 55
15 295
4 212
259 186
280 160
283 247
35 221
265 273
22 215
249 294
230 96
318 302
128 77
234 314
222 40
108 315
207 99
276 33
151 322
246 303
38 52
79 260
293 153
242 146
274 165
114 18
157 84
34 78
266 212
49 233
16 285
172 258
234 294
280 248
39 236
202 295
209 53
104 186
42 80
45 289
181 84
248 45
110 209
293 61
140 55
106 77
217 47
80 197
164 118
101 39
130 93
20 176
288 209
148 97
269 156
15 205
126 264
283 108
94 58
268 257
312 17
38 181
135 25
120 305
277 164
24 163
106 273
131 309
323 93
167 271
1 56
92 307
314 2
105 85
34 243
268 68
323 236
20 216
320 267
287 242
28 184
139 279
295 106
74 194
291 20
89 292
46 52
173 224
92 317
70 112
158 222
2 259
35 6
240 217
35 155
119 257
206 92
288 211
62 106
196 147
274 62
229 148
79 110
34 255
127 183
267 83
116 322
317 300
84 36
192 10
85 11
174 168
286 56
309 221
222 219
281 240
233 246
9 69
208 285
48 72
152 54
295 118
235 161
250 170
73 161
58 225
154 110
213 304
91 23
223 36
1 293
78 317
92 35
210 172
313 32
99 63
278 0
183 306
243 36
108 169
24 230
51 161
142 226
183 130
267 272
72 65
245 253
192 134
304 306
172 123
165 120
162 291
228 201
149 23
89 42
280 27
118 229
286 301
144 7
299 181
65 14
2 299
126 70
67 283
212 186
196 29
137 36
1 86
2 172
213 302
57 71
270 68
299 316
178 80
89 125
38 212
189 140
322 238
276 63
318 204
234 104
57 11
291 280
18 215
197 162
97 269
284 235
181 165
301 182
113 233
252 21
88 264
56 9
22 227
139 152
86 130
99 176
249 63
1 306
69 182
106 108
88 305
289 279
120 186
24 126
142 7
290 219
231 247
322 103
132 175
51 228
60 40
112 80
255 232
150 74
92 322
13 201
29 285
270 248
135 132
198 305
6 300
301 251
267 85
263 158
46 135
281 294
238 110
304 146
274 146
231 286
306 104
31 294
168 273
199 260
85 192
286 208
311 20
119 205
189 214
108 136
276 185
5 152
47 108
278 275
133 76
293 225
12 266
4 259
218 277
280 203
45 202
321 222
50 224
262 28
0 41
50 94
254 174
202 175
183 276
182 141
313 149
246 12
71 278
220 279
280 279
112 38
266 159
137 97
236 313
304 229
151 236
230 282
14 182
115 307
114 193
64 301
122 49
134 11
136 43
295 185
156 29
103 268
320 263
87 95
258 198
1 210
6 5
206 80
181 239
253 131
118 261
227 76
280 124
38 234
36 136
137 100
262 322
213 233
268 262
11 13
68 156
146 300
308 157
138 155
104 277
213 257
280 228
301 90
133 272
209 245
220 11
190 218
5 87
51 290
30 16
39 221
5 79
134 273
46 107
172 279
189 166
220 182
256 199
242 149
211 104
42 110
46 266
10 163
280 232
232 71
237 282
319 258
215 69
232 63
70 229
92 125
74 217
102 230
152 198
241 201
97 267
123 99
169 269
244 227
306 278
229 267
285 6
111 68
150 154
141 209
232 170
40 168
249 65
260 313
271 134
263 45
8 320
261 304
182 214
50 200
134 173
186 198
258 61
98 71
81 263
274 169
2 285
289 175
108 0
69 141
123 152
198 173
247 64
84 73
40 289
210 8
40 316
205 80
30 39
224 32
94 43
194 322
200 201
297 255
269 297
289 3
192 116
92 136
305 288
160 79
42 321
183 47
185 136
238 208
43 202
115 61
278 157
80 208
233 272
260 75
58 64
11 302
99 156
165 32
47 268
80 143
315 68
118 144
185 268
191 222
6 21
26 100
31 263
170 168
70 216
87 65
224 290
54 148
230 38
265 187
138 323
291 227
170 319
202 202
52 57
189 178
39 276
323 222
296 296
72 101
187 27
27 71
186 196
293 272
58 94
18 123
44 144
1 226
127 253
283 241
193 298
0 156
175 34
206 133
205 165
106 7
272 166
247 220
214 119
193 261
4 20
265 250
251 313
32 307
203 176
116 319
173 210
244 289
237 247
65 209
240 63
175 304
78 17
78 195
156 319
90 89
237 226
99 272
17 201
313 21
180 26
322 73
150 238
128 94
173 278
173 2
124 180
304 304
260 16
64 183
253 282
129 48
314 147
63 78
156 152
87 128
154 289
215 163
22 172
212 300
56 114
278 87
277 49
271 88
156 223
139 197
107 67
200 263
310 75
139 319
171 43
309 14
110 135
58 41
21 1
122 246
96 26
313 92
165 316
278 40
115 131
11 169
175 20
170 147
85 273
210 106
196 63
197 7
270 296
161 35
178 8
163 196
92 315
166 139
145 50
282 190
210 259
5 198
134 271
33 276
4 11
248 3
216 274
30 97
35 321
30 296
155 76
308 59
129 218
33 122
107 284
31 198
43 175
34 157
321 30
191 147
267 6
163 96
95 27
187 73
322 211
163 246
314 43
75 35
154 218
159 0
7 195
27 129
112 187
93 163
124 237
298 300
244 270
156 83
225 227
246 33
244 37
257 39
158 220
197 36
84 237
63 114
285 297
167 120
172 268
322 53
311 316
216 10
1 213
146 12
323 308
115 119
141 114
185 194
40 281
293 97
108 40
241 173
221 208
10 310
219 12
197 48
131 307
109 267
222 152
244 46
27 115
11 294
180 158
25 268
59 224
197 5
69 255
245 44
150 69
322 0
59 46
255 252
39 214
47 86
72 157
160 243
157 175
147 67
97 320
280 268
290 296
180 72
116 250
172 167
123 161
137 26
265 214
243 105
76 27
318 268
96 135
291 282
94 132
293 75
88 53
140 253
43 124
195 234
158 322
239 320
211 239
59 104
20 110
116 1
78 109
178 6
49 187
194 102
53 303
237 106
127 311
69 175
22 140
241 281
59 58
2 234
144 34
289 15
98 26
163 1
306 283
212 226
194 155
252 45
53 266
30 45
95 102
282 291
74 93
108 66
184 38
42 226
71 137
27 137
141 207
37 312
63 116
200 62
70 93
308 228
144 225
165 257
278 8
281 202
46 104
40 322
310 107
300 247
321 209
278 257
180 288
109 300
116 237
155 317
309 28
124 191
294 167
120 102
15 181
218 166
144 281
296 35
102 26
45 121
221 188
109 233
303 140
199 161
33 274
120 275
141 127
130 213
150 192
308 271
171 277
176 108
233 181
321 122
189 16
102 88
56 264
242 125
153 106
289 65
230 288
265 102
34 176
211 287
248 125
153 45
265 207
271 148
30 32
282 311
296 116
72 89
310 135
142 203
252 26
296 243
281 105
253 88
145 113
15 313
222 38
121 52
56 23
182 259
217 74
138 224
253 191
87 93
80 236
173 34
193 117
194 148
136 72
127 164
279 16
126 7
23 146
84 217
274 280
231 12
251 190
25 223
238 71
106 196
251 153
119 94
83 256
100 90
284 209
28 131
87 126
89 170
210 261
174 198
36 323
318 147
45 25
124 103
281 173
143 36
164 312
96 256
97 288
264 279
205 122
122 280
149 31
89 266
84 133
30 232
55 170
61 1
279 100
302 299
323 97
294 22
240 154
111 294
305 260
25 125
70 294
256 206
140 204
87 176
95 12
258 16
313 284
59 129
93 319
181 314
38 137
161 128
199 6
268 295
59 27
121 27
222 183
114 2
39 283
235 146
173 307
175 255
63 238
293 241
256 60
306 76
173 283
207 153
19 55
172 237
6 289
61 263
211 272
283 149
177 281
8 269
11 48
305 221
97 117
74 13
212 261
114 94
169 137
171 41
76 216
96 22
111 37
121 152
119 306
183 40
134 91
4 200
168 316
40 138
162 289
209 239
253 90
213 227
143 310
27 291
216 16
251 127
22 209
237 220
83 166
242 257
277 316
207 272
234 154
95 24
178 179
123 294
177 232
262 19
161 13
200 298
15 93
64 290
180 147
265 97
64 276
136 233
14 152
192 76
41 18
255 109
246 46
322 186
200 270
232 10
3 199
71 154
21 55
223 243
124 320
75 135
39 118
320 75
160 137
111 259
139 90
274 321
258 231
186 280
130 127
254 205
221 43
109 64
88 69
147 148
40 225
125 308
22 155
286 189
168 204
86 114
268 226
7 278
188 116
30 247
222 105
303 118
254 41
298 289
175 196
41 25
49 189
167 302
285 100
30 5
210 195
138 54
261 285
299 301
193 301
115 225
262 287
184 18
164 140
15 274
125 221
213 215
302 39
209 287
81 287
196 62
285 240
282 186
319 36
76 212
18 287
208 236
25 164
223 225
107 295
28 298
31 122
98 155
85 179
139 58
162 65
299 291
317 159
314 94
89 146
125 219
230 264
147 64
208 198
224 228
97 257
251 151
77 56
98 230
23 153
190 115
205 100
183 8
63 38
23 206
138 273
21 295
236 1
291 175
76 63
210 55
49 301
8 201
104 216
41 121
280 11
143 63
299 23
214 260
92 127
74 27
20 122
263 48
108 182
25 26
181 198
242 233
157 150
27 110
61 284
217 282
51 242
272 86
196 174
124 173
224 295
260 266
255 128
115 197
142 211
22 148
234 121
25 309
29 60
303 201
79 199
12 303
111 23
248 307
69 25
180 194
87 184
93 219
235 322
16 82
180 156
117 16
243 78
157 53
186 269
224 37
185 218
267 44
116 143
173 36
22 71
45 37
103 266
262 90
87 12
121 160
242 163
319 31
66 297
55 45
44 48
159 276
287 169
246 211
190 220
23 268
122 113
71 135
274 190
261 137
150 181
23 87
145 261
179 2
98 233
207 114
236 288
168 156
5 117
112 128
49 202
93 291
293 34
278 269
22 207
204 178
265 143
159 166
276 181
28 177
260 303
44 126
80 224
0 157
239 55
209 253
57 132
40 204
272 3
84 121
296 211
221 22
149 199
57 283
94 164
167 60
64 129
2 224
46 209
263 137
287 191
30 58
194 257
206 201
58 82
25 301
9 113
228 80
293 255
134 107
4 16
294 157
267 112
86 186
314 196
304 182
230 63
89 201
235 106
306 313
114 121
200 25
42 23
85 305
317 251
274 290
226 133
245 264
116 73
278 146
142 237
162 33
228 97
263 278
3 87
304 188
322 184
230 248
89 281
98 202
287 85
209 105
298 189
272 57
237 268
103 59
119 246
130 191
86 282
32 217
175 226
170 159
45 242
278 280
314 260
145 117
4 216
95 139
220 7
137 46
150 211
68 113
204 172
194 284
89 176
80 171
308 81
152 155
45 113
142 55
176 113
166 149
71 237
267 10
139 101
270 124
317 209
76 307
168 318
175 224
34 146
162 57
279 45
276 88
73 138
260 93
184 235
107 258
27 179
266 318
25 320
304 180
31 289
20 254
139 315
32 185
155 53
28 289
285 254
269 70
147 264
42 128
154 47
312 123
232 282
68 279
228 36
159 204
112 249
24 42
108 290
319 209
68 134
248 261
85 94
148 66
288 171
256 204
68 300
226 192
11 296
289 314
191 212
264 171
144 293
272 201
181 71
95 160
125 259
221 42
311 50
145 183
30 117
212 38
240 278
181 86
152 238
207 252
207 126
268 202
240 53
15 301
39 254
218 49
178 229
167 202
277 224
179 112
222 101
179 57
272 75
308 277
160 280
305 60
117 7
309 22
285 146
178 10
262 280
138 280
162 49
169 188
72 316
306 120
270 204
166 56
13 169
76 156
56 142
248 54
208 135
222 162
153 196
153 72
229 140
89 297
297 213
163 110
286 212
294 251
170 12
156 100
38 183
110 172
278 320
234 287
231 28
43 25
270 60
289 190
112 114
196 129
153 182
193 126
106 312
239 40
302 12
33 100
190 244
140 230
244 268
194 21
142 273
188 209
19 4
313 3
234 167
73 182
39 19
160 48
140 73
139 292
37 309
46 88
149 219
46 56
126 184
195 317
161 111
215 47
39 122
301 164
211 99
43 293
177 212
187 282
11 225
126 102
296 256
30 205
127 260
190 208
193 18
47 84
174 85
266 68
31 202
136 68
260 79
260 268
298 159
190 67
170 149
299 107
211 304
198 49
227 308
198 47
289 19
269 26
117 287
268 160
76 316
119 13
128 99
270 126
80 67
119 154
11 53
276 28
217 123
265 56
164 195
303 252
0 54
134 102
213 62
169 2
21 36
42 40
69 162
302 152
212 298
271 321
61 295
320 282
121 198
241 294
31 231
228 203
30 47
218 59
20 34
100 87
282 34
21 118
256 75
191 176
172 132
293 321
215 259
92 184
82 187
301 195
111 64
113 146
218 279
277 258
261 26
74 266
89 295
285 132
80 169
263 276
265 139
82 73
217 234
225 288
196 58
64 176
52 185
161 11
279 177
304 58
232 293
165 137
6 154
206 285
255 250
158 83
216 230
111 205
214 40
101 86
165 246
193 276
236 281
252 59
75 198
219 0
184 309
31 273
137 106
231 184
134 151
177 0
186 106
233 28
48 203
272 28
128 280
237 245
310 295
174 159
39 170
214 66
19 15
184 90
69 197
97 297
182 8
307 102
295 213
109 298
208 194
96 284
111 123
61 199
3 210
165 116
113 185
320 27
96 53
129 63
7 301
109 50
136 10
282 27
16 106
17 219
135 140
220 18
40 291
243 254
237 55
309 61
264 161
101 36
241 35
245 157
102 116
124 182
290 265
167 2
141 75
151 45
239 160
150 48
76 235
77 222
170 157
267 321
243 117
241 283
104 109
151 56
153 284
251 245
173 266
111 125
14 104
193 177
73 49
316 195
278 116
318 264
111 234
118 124
59 25
75 300
193 91
138 321
161 208
113 101
50 294
127 162
68 21
273 322
254 225
31 163
7 57
243 259
163 276
296 131
170 199
49 243
245 80
96 226
187 150
86 7
38 97
51 149
195 275
292 229
55 112
302 6
92 70
296 268
247 10
94 100
62 64
160 294
294 271
79 262
190 241
18 252
228 197
67 308
44 27
88 115
321 28
295 147
210 321
294 249
49 18
89 85
73 153
47 243
42 43
148 186
57 160
19 244
73 163
302 117
306 322
251 300
45 41
123 278
31 178
169 83
142 205
72 79
9 14
115 199
69 309
61 57
248 173
216 188
49 198
74 22
296 170
58 114
8 182
79 264
136 28
150 54
277 162
178 213
56 149
313 162
320 265
269 322
117 83
186 274
297 87
297 135
236 182
203 319
313 241
148 83
273 155
79 65
283 297
43 281
245 159
22 306
152 178
37 276
246 40
225 35
121 92
153 176
312 131
109 217
299 318
36 213
33 148
218 177
2 195
74 276
216 105
49 96
23 232
213 195
311 274
79 248
295 97
243 291
130 217
48 272
17 19
213 136
268 100
134 232
239 200
43 50
127 198
218 269
87 88
144 295
168 154
143 32
318 293
90 236
302 43
241 48
161 126
57 134
261 158
212 192
111 102
163 166
236 120
133 89
259 159
279 53
184 32
113 120
244 191
21 267
79 35
37 304
264 248
160 50
302 271
9 322
53 307
151 72
124 261
298 240
132 213
166 300
160 112
197 83
264 52
136 174
310 127
267 274
126 172
302 229
321 125
72 228
137 169
237 254
295 63
273 232
104 77
63 2
22 284
101 267
83 92
261 105
212 194
241 199
136 54
301 171
309 284
85 310
252 277
263 187
251 264
0 62
116 121
21 229
116 63
206 178
272 189
60 211
51 187
298 133
48 94
215 270
169 75
308 201
230 30
114 259
110 13
135 301
22 125
322 171
75 237
213 320
291 274
79 37
203 61
41 221
187 20
173 220
174 285
221 103
315 125
72 155
32 133
135 205
169 95
25 107
254 114
183 201
238 280
89 279
136 82
6 148
258 174
299 288
211 214
294 99
34 138
95 283
23 194
2 303
72 13
2 301
53 193
113 22
304 116
312 58
231 120
266 256
164 5
91 79
179 46
3 208
45 268
86 188
190 14
270 263
61 100
225 269
88 104
223 127
68 276
323 124
36 184
225 54
161 257
302 297
125 249
100 122
107 137
136 137
269 188
159 110
322 99
191 166
165 289
197 184
8 83
22 73
31 43
315 37
296 272
252 222
103 87
249 242
39 136
99 27
159 172
296 95
9 0
253 308
30 119
315 173
40 9
191 125
126 312
257 62
219 229
314 58
88 174
103 19
190 226
100 113
64 127
149 309
189 282
50 105
6 269
296 23
209 269
304 202
299 117
33 98
201 198
10 280
242 246
305 139
293 101
294 65
120 90
116 260
152 192
76 318
319 76
117 93
150 94
278 99
30 65
309 140
143 122
137 295
116 24
298 312
142 186
23 0
33 152
308 285
266 115
101 228
7 81
166 313
108 147
121 100
265 252
288 9
0 277
105 60
243 109
258 216
110 137
5 280
40 314
233 177
102 124
228 288
280 9
238 173
98 56
49 207
253 69
239 221
112 183
258 237
255 64
146 179
157 263
61 73
57 253
270 147
15 63
264 141
90 68
312 261
234 152
150 156
207 287
50 169
285 58
254 199
6 311
278 226
179 163
186 227
196 222
176 161
253 172
101 60
213 244
256 131
222 138
32 135
238 232
25 195
206 271
217 121
278 184
268 249
46 180
142 51
204 248
293 146
190 92
152 98
135 225
92 1
241 255
194 19
84 219
125 106
101 96
230 186
3 79
135 201
32 146
199 226
238 115
241 197
80 74
268 8
61 104
246 194
169 271
84 103
2 13
285 102
224 9
185 199
134 203
162 243
214 8
102 110
215 262
139 154
120 259
278 233
149 246
250 62
319 110
229 190
221 1
156 221
44 244
87 200
301 288
190 170
196 236
198 261
230 167
137 223
10 38
257 59
304 223
6 271
234 102
267 102
22 251
128 21
19 259
27 319
225 127
32 108
6 156
156 193
317 166
281 100
217 35
319 235
294 124
94 159
72 239
249 71
126 35
270 190
182 249
220 159
35 319
27 88
140 293
284 136
156 183
245 255
68 323
190 180
258 271
118 111
236 231
175 22
179 242
120 35
257 158
113 118
146 186
273 88
31 245
186 115
137 278
177 210
85 147
188 168
45 54
30 136
322 224
253 198
7 172
214 185
90 34
280 206
137 251
218 45
177 170
185 310
111 286
256 2
150 124
92 192
167 84
80 155
253 36
118 122
314 171
103 247
180 255
299 310
56 145
149 99
307 27
132 73
200 46
201 182
39 164
170 299
240 293
298 298
306 129
116 39
209 273
254 163
2 212
213 75
299 48
41 50
72 133
286 54
154 216
49 254
197 69
33 50
261 290
70 95
207 224
304 61
169 97
56 21
264 308
243 31
8 44
231 291
32 116
289 254
55 105
42 224
103 96
312 94
35 267
119 203
230 49
180 138
40 305
210 191
292 182
177 21
316 238
195 17
319 55
142 110
18 240
91 42
225 108
52 245
107 262
85 96
115 232
25 236
105 261
310 105
193 146
118 312
64 82
78 68
61 115
74 49
34 161
199 57
89 164
240 296
160 229
294 181
130 95
254 129
54 298
6 71
99 36
279 18
110 41
0 152
202 206
219 207
34 268
55 70
312 272
323 101
273 111
125 60
260 37
320 111
189 228
173 305
52 45
139 150
24 175
167 11
80 153
167 78
158 77
294 1
187 56
126 217
250 115
314 119
7 37
91 172
7 113
312 7
245 137
145 32
195 241
40 11
136 34
103 279
145 11
132 20
174 83
232 216
191 214
184 195
102 242
236 134
256 169
242 103
39 266
2 132
125 310
71 139
165 77
148 250
134 171
153 275
215 208
179 67
6 19
147 16
77 299
241 234
79 215
253 150
174 145
303 87
271 130
39 318
24 124
65 175
294 295
314 22
150 258
295 159
40 160
59 133
239 202
230 269
272 144
106 216
315 21
32 255
139 265
153 194
77 54
49 271
153 126
238 224
145 142
140 31
315 161
220 186
152 249
145 175
274 242
187 312
293 106
162 225
199 274
310 91
139 312
230 59
18 62
211 315
21 93
70 173
93 13
75 228
102 168
120 64
70 88
316 155
193 153
24 14
149 237
278 260
293 151
266 137
20 41
251 114
25 71
294 95
249 306
307 143
206 203
42 308
124 105
170 131
310 94
36 101
43 47
70 5
229 73
96 42
213 238
205 53
315 240
51 165
210 150
58 161
194 277
16 7
294 273
223 92
22 121
199 170
89 262
212 138
261 17
24 168
189 1
268 65
68 306
264 107
231 268
323 87
104 249
215 77
135 191
241 39
319 248
253 304
141 62
128 128
106 174
4 299
164 37
281 226
133 301
56 110
108 266
136 241
103 78
133 15
216 78
133 254
13 62
184 132
160 29
36 229
177 208
66 301
102 240
64 41
44 210
265 298
104 155
309 166
156 47
200 284
75 39
224 39
15 8
84 186
122 51
117 321
256 256
30 115
41 255
53 80
154 283
82 144
134 195
298 248
291 284
106 110
228 95
265 26
161 312
31 155
237 161
139 97
144 223
244 193
155 287
205 12
200 15
43 84
311 200
316 171
133 238
162 293
18 279
84 271
48 303
293 40
63 0
43 29
57 56
21 309
132 291
262 52
193 80
223 218
106 66
312 197
127 5
19 311
311 318
178 311
81 167
251 105
298 211
176 230
57 223
196 254
298 7
227 146
206 128
102 147
188 280
191 242
105 275
90 78
242 129
138 138
314 45
77 254
268 276
93 145
107 57
151 240
160 296
286 165
222 8
129 135
87 311
129 71
307 230
240 241
155 72
182 291
99 121
228 281
302 268
304 206
321 101
298 131
282 221
32 243
316 135
101 269
106 297
95 191
91 143
40 277
191 54
107 314
55 12
52 0
113 171
42 194
144 138
48 154
307 31
286 181
194 81
171 45
74 317
148 286
183 34
180 243
38 192
248 0
131 75
42 27
89 66
219 19
9 228
308 72
180 50
109 314
156 316
45 86
123 259
277 240
150 305
111 269
77 238
250 107
204 114
226 49
242 54
71 182
255 85
12 127
271 290
33 155
58 27
18 217
204 88
112 149
320 23
87 163
32 183
115 77
223 207
123 322
79 120
91 320
57 162
160 153
140 34
25 170
181 67
6 199
128 222
309 273
194 78
177 101
65 185
305 41
104 196
234 268
86 103
261 243
79 217
74 90
93 31
114 212
31 284
291 321
183 45
133 62
262 46
207 248
22 230
164 21
17 275
35 270
65 161
215 12
220 120
113 17
64 207
264 99
168 241
40 275
59 30
166 151
79 16
30 132
323 95
167 80
323 320
178 113
164 259
313 319
297 209
276 318
321 79
57 136
267 157
196 85
26 318
31 275
101 198
133 78
215 303
64 310
294 79
228 247
298 10
272 203
65 292
302 63
266 81
1 279
129 308
149 71
208 128
174 98
168 267
163 223
119 228
310 170
25 89
177 239
272 128
185 134
2 44
184 296
114 316
129 125
219 125
185 17
285 151
86 45
239 255
136 270
157 198
156 96
77 260
178 215
253 105
78 314
141 303
265 155
104 91
197 127
300 44
32 295
275 16
124 171
177 183
265 104
5 196
321 180
169 203
112 282
78 61
167 24
290 47
110 39
256 66
106 230
183 267
20 108
322 220
111 158
252 249
22 86
167 138
237 8
84 181
295 242
211 164
32 29
28 45
222 227
115 230
289 285
131 254
278 299
121 37
213 162
112 95
66 256
277 253
217 256
139 75
54 168
32 96
157 2
186 271
276 61
16 50
215 214
289 271
300 320
198 307
306 303
244 305
201 216
39 306
142 285
323 132
282 12
171 76
19 229
97 273
294 59
65 57
130 176
205 72
118 50
65 37
209 216
49 241
231 255
136 45
210 37
283 201
153 56
229 0
161 276
183 86
133 194
145 203
45 286
296 218
57 112
311 196
106 157
281 102
163 116
275 154
263 143
271 233
169 291
83 14
276 116
21 59
175 18
152 49
287 150
289 303
75 53
27 196
295 41
297 77
61 238
176 30
104 227
20 5
278 159
273 234
163 294
246 196
76 91
187 18
240 138
135 100
2 104
228 133
244 39
200 294
162 198
100 124
161 161
215 319
104 147
86 82
12 280
319 108
240 232
307 317
190 117
49 289
132 222
165 41
201 322
3 180
112 51
247 35
231 145
14 303
273 90
68 251
40 227
316 94
156 265
42 240
4 42
218 232
176 147
199 145
310 285
107 220
63 296
239 60
72 216
217 20
254 146
16 209
320 134
49 38
127 152
9 278
100 61
212 118
164 248
173 138
167 269
40 166
62 310
145 309
104 15
281 127
191 74
113 103
278 12
6 55
229 40
172 104
295 137
315 30
153 322
34 184
222 71
287 87
66 303
71 50
106 75
39 320
303 288
26 42
313 30
3 236
248 22
207 123
228 48
235 148
7 84
207 276
124 136
14 245
26 57
118 63
212 64
66 295
182 297
214 23
77 36
14 61
110 15
96 286
87 173
92 104
272 170
91 139
266 141
299 163
210 188
220 45
38 49
95 189
52 295
172 169
268 255
35 178
188 318
69 15
281 110
64 307
38 232
201 218
113 284
59 227
272 1
110 139
52 285
209 237
298 51
16 253
177 67
272 283
66 276
62 259
231 99
319 246
136 104
171 266
83 81
52 148
84 269
178 289
20 209
128 154
1 125
279 211
300 313
22 119
174 280
7 252
294 218
203 100
260 174
322 173
259 269
318 257
162 299
76 29
238 203
66 133
223 77
91 106
131 63
185 284
295 258
92 40
256 271
157 81
186 102
125 113
212 322
185 28
175 106
13 296
74 165
273 135
108 42
231 212
104 167
224 126
27 198
267 260
76 46
75 122
154 228
225 273
74 157
296 93
300 245
178 309
10 320
292 38
1 131
137 58
138 253
41 282
135 269
114 234
126 230
82 118
154 237
300 11
132 320
140 4
39 202
114 116
229 213
45 136
71 197
42 289
232 80
27 29
82 259
67 293
122 274
315 72
234 262
235 189
17 204
69 292
294 224
87 306
223 160
8 166
216 269
142 266
284 67
281 66
90 308
129 80
201 104
172 134
216 82
31 257
70 143
36 154
289 267
248 244
288 80
10 55
10 126
151 196
299 134
131 288
0 281
252 14
164 56
291 16
25 53
31 221
8 150
208 150
169 210
303 59
218 175
258 266
260 286
113 226
279 173
46 110
132 279
77 218
156 219
184 146
281 298
298 121
265 7
274 72
222 145
211 297
149 235
272 172
53 130
241 319
146 318
271 37
230 173
300 105
200 296
6 292
35 223
193 229
196 81
38 322
60 83
39 292
281 283
213 36
95 48
175 115
244 142
98 321
198 58
137 193
3 105
306 253
197 56
54 44
276 291
211 237
10 128
206 88
273 312
198 271
38 282
118 231
108 173
70 311
295 152
244 138
279 29
181 200
6 185
169 20
180 286
269 133
295 231
96 133
151 257
73 26
17 21
180 48
297 117
230 246
58 62
70 110
56 308
122 192
301 316
25 133
98 51
204 174
199 267
44 146
177 227
183 57
74 108
3 117
37 133
243 173
48 76
192 167
269 259
102 187
283 62
113 78
76 50
64 205
60 42
105 136
121 307
238 235
66 20
136 167
278 278
76 267
290 63
14 96
263 134
160 4
262 170
4 187
209 271
70 133
156 98
4 183
137 239
264 222
233 162
258 239
282 236
59 284
95 99
86 122
172 13
219 83
193 150
300 211
88 185
216 160
276 72
93 284
183 313
38 73
51 254
70 238
314 49
277 136
62 256
165 79
78 321
128 34
227 319
171 137
36 117
179 291
102 112
243 281
269 154
255 77
9 16
270 58
229 255
309 217
240 114
14 21
253 152
308 114
87 202
7 190
17 312
316 207
247 24
193 48
253 229
295 216
20 252
58 152
173 42
227 108
258 273
110 323
284 97
49 148
94 308
108 188
260 189
275 18
127 221
299 213
143 268
246 262
156 180
183 36
286 116
59 318
121 276
130 1
75 137
243 178
168 314
73 318
271 132
291 313
172 285
191 193
27 206
175 109
192 225
255 289
117 95
7 226
50 232
163 227
229 146
312 222
3 170
66 18
280 185
197 273
233 151
245 95
3 119
91 190
248 311
81 199
82 208
60 233
252 174
87 280
96 322
266 110
291 122
112 312
51 81
170 242
249 225
95 296
118 120
91 164
233 11
128 73
203 323
85 177
211 162
209 152
152 190
87 171
152 211
12 247
104 75
267 183
84 146
37 197
166 315
78 66
242 116
296 165
260 306
81 255
213 108
193 195
111 76
214 300
268 116
67 56
124 138
232 88
182 51
98 235
158 190
59 254
273 281
279 54
15 140
24 16
249 154
109 285
55 88
65 254
21 154
201 144
10 40
12 49
68 183
295 102
124 112
186 219
136 171
140 264
55 203
291 276
203 152
239 295
124 312
79 70
140 206
286 163
267 296
24 208
233 244
206 237
269 224
85 51
54 285
245 229
13 100
221 108
94 1
180 81
31 35
262 306
264 277
241 79
38 82
123 272
131 238
240 230
172 222
29 231
32 150
107 156
159 31
242 292
70 114
323 56
142 239
87 240
88 28
182 59
159 240
261 77
300 299
153 159
41 164
82 318
281 133
60 265
164 290
213 101
220 71
300 290
23 84
124 296
1 222
305 28
29 294
199 318
312 72
136 8
196 166
212 248
101 246
46 145
210 135
56 225
119 27
4 202
144 269
302 313
163 205
299 119
80 322
95 272
322 277
104 89
237 114
45 50
189 148
26 243
169 185
323 310
177 2
83 94
59 266
102 114
134 305
188 198
44 178
30 134
93 5
288 179
319 206
34 117
139 263
229 128
55 38
264 154
129 224
7 290
226 39
233 283
30 18
286 210
115 84
292 303
158 13
161 167
201 49
215 192
206 130
185 229
83 148
131 81
152 313
248 274
244 262
155 258
146 18
231 15
17 153
270 187
250 54
116 239
57 284
118 15
199 53
111 145
26 104
141 185
55 172
146 132
101 238
226 289
321 322
259 292
280 323
137 95
58 229
106 228
221 141
74 155
16 211
215 55
36 231
3 102
279 113
204 286
259 233
123 204
184 270
71 99
55 141
112 0
236 216
76 214
148 319
211 244
272 191
43 79
71 103
118 201
47 57
177 86
180 219
236 80
316 186
69 145
56 26
291 298
32 247
3 70
302 10
165 165
279 14
39 91
167 92
59 70
169 42
123 159
263 210
129 137
19 242
254 168
222 110
20 53
166 13
149 95
312 237
165 191
174 268
138 30
160 241
143 172
225 206
79 288
309 8
13 7
22 17
294 203
197 71
110 174
98 54
94 3
108 76
104 111
138 231
310 82
278 175
37 118
222 291
58 80
282 10
303 317
3 226
198 175
168 150
200 174
149 119
126 251
127 156
152 244
131 144
115 247
148 220
60 61
12 129
93 47
306 305
22 66
32 176
33 245
279 25
308 100
1 236
315 149
251 19
122 90
275 112
278 180
265 24
51 223
292 297
223 34
89 106
38 185
291 270
5 257
269 316
274 60
221 186
167 276
151 96
209 275
281 180
278 125
40 162
145 267
133 115
271 281
159 206
63 152
28 208
184 262
82 1
145 125
128 251
51 127
100 230
79 223
157 203
133 82
42 8
16 104
176 254
305 251
91 38
101 250
219 36
257 251
83 287
192 151
83 236
189 90
121 206
14 119
314 239
99 171
154 74
187 167
29 163
154 244
127 136
157 278
170 236
252 262
22 242
224 241
13 175
188 269
301 119
148 201
94 60
315 127
127 114
190 309
254 107
89 72
312 49
296 224
263 298
129 141
254 287
312 74
86 231
265 51
252 107
298 246
165 193
36 211
29 95
27 21
47 255
149 41
4 293
273 253
263 244
0 70
90 109
18 56
35 303
308 94
280 68
245 10
192 320
246 189
155 197
61 231
96 123
110 312
144 178
163 164
206 300
93 243
48 106
218 260
115 144
43 283
213 172
108 297
107 280
213 21
63 261
94 183
151 213
226 195
22 237
85 182
216 170
60 229
239 170
30 108
215 67
238 314
114 301
111 170
115 293
132 117
66 176
260 237
13 141
281 125
133 289
133 143
51 301
1 100
216 272
191 156
61 92
33 163
249 196
127 193
71 80
257 64
94 310
273 153
261 126
238 222
227 35
47 290
212 188
214 83
137 264
52 82
67 253
252 67
48 104
232 38
300 189
294 150
166 118
311 198
239 127
226 89
30 203
223 21
69 253
82 257
176 32
283 101
2 157
12 276
280 13
283 130
58 163
199 163
232 143
200 203
31 33
266 278
68 235
294 229
147 84
173 111
189 315
284 280
72 67
289 283
24 259
132 252
295 220
170 155
180 3
8 170
7 48
0 238
120 150
235 247
93 321
239 38
165 14
88 294
152 306
27 245
274 58
55 129
313 126
105 198
53 187
144 3
315 319
262 136
291 184
235 2
113 76
194 311
62 190
108 25
240 206
28 61
125 163
252 162
31 219
154 180
266 248
302 278
212 24
110 24
166 34
205 61
15 201
217 313
253 112
187 267
184 291
94 185
73 167
314 109
147 95
155 224
145 136
278 47
122 320
104 243
204 296
259 215
82 75
170 275
90 43
303 150
157 185
151 199
19 0
80 119
168 85
169 40
19 106
160 66
31 60
214 231
176 280
218 220
149 146
265 10
86 9
313 71
109 289
114 0
217 286
37 222
306 245
223 148
117 126
316 118
253 306
83 183
7 0
63 294
155 101
210 285
277 276
180 178
318 304
70 101
215 75
205 275
235 267
240 145
63 91
320 220
207 238
202 204
95 44
93 24
81 76
169 135
197 169
19 139
55 57
248 212
6 183
68 99
249 223
321 25
238 99
41 20
306 201
30 153
184 274
133 113
42 265
300 7
57 237
33 306
133 240
181 306
298 37
303 269
198 8
84 279
41 84
303 78
269 320
69 278
87 192
5 119
194 255
83 50
179 78
111 147
269 112
298 167
50 196
66 207
88 8
69 111
154 222
306 228
313 38
289 46
54 2
47 270
114 312
289 67
282 293
188 75
45 123
115 96
315 98
59 23
16 264
282 228
135 89
37 54
319 21
37 6
82 37
103 94
98 116
139 296
228 14
125 137
270 202
77 216
230 253
25 87
13 47
215 35
14 173
319 254
122 39
86 218
39 7
112 15
276 100
115 299
59 282
212 242
260 27
262 15
278 111
158 94
151 122
21 146
303 28
48 200
168 298
61 24
19 83
308 112
66 251
311 15
130 73
80 0
103 17
32 271
251 43
20 73
241 147
5 203
143 256
87 105
179 173
24 243
158 151
122 260
277 9
93 157
10 71
276 206
139 169
76 303
90 306
269 101
48 209
141 53
276 255
104 316
185 40
220 107
256 56
187 141
99 48
231 177
149 117
240 215
137 70
258 255
90 216
311 114
41 92
62 276
132 119
111 141
12 167
29 116
192 312
131 181
263 117
51 276
231 314
58 150
185 100
279 49
164 129
177 252
216 220
309 287
110 207
270 129
266 276
69 3
220 184
165 47
250 103
320 233
181 57
117 51
37 99
4 22
15 183
274 235
242 29
57 172
3 214
20 260
220 254
151 270
128 233
45 252
148 17
285 144
233 24
298 115
61 117
183 61
138 79
101 62
152 259
152 47
163 193
9 318
242 209
118 41
139 95
1 92
85 13
17 314
1 84
120 41
301 64
89 178
128 96
30 288
241 84
156 111
69 91
306 78
57 37
169 66
162 124
74 272
313 107
158 270
36 52
12 119
75 161
68 228
14 265
203 316
111 156
262 92
283 46
28 47
221 257
217 18
312 125
96 29
170 100
82 323
166 205
301 35
135 303
264 246
104 107
237 323
72 92
121 162
301 143
318 249
174 107
111 106
155 85
192 14
278 205
251 68
184 121
254 201
103 237
230 89
228 144
93 38
263 225
175 102
251 28
211 196
219 281
209 137
103 198
127 171
315 159
101 156
92 165
123 41
283 110
20 39
257 160
231 297
70 156
61 22
116 241
38 228
224 129
104 188
166 22
141 255
317 184
88 142
229 188
99 228
62 84
213 104
262 196
53 310
77 117
6 83
111 97
80 36
15 6
248 210
117 145
73 51
204 163
319 25
191 299
63 303
74 211
263 285
186 104
214 189
201 282
165 293
113 279
224 110
23 294
16 237
51 163
55 36
163 108
257 77
174 161
188 11
180 290
23 308
100 173
242 323
27 166
252 295
245 260
154 70
131 61
59 159
112 40
28 205
237 136
217 262
175 169
228 57
48 179
223 189
265 224
309 32
153 250
244 107
299 268
310 223
146 285
108 322
265 117
84 25
271 31
101 215
63 274
271 205
74 270
205 247
210 197
111 230
249 32
238 219
100 175
249 35
288 116
120 25
124 8
265 54
156 94
177 16
20 14
175 171
287 6
118 248
63 319
159 81
83 267
151 268
65 79
81 34
255 201
197 145
308 319
241 127
174 32
250 21
167 96
6 254
4 103
108 254
114 140
87 86
46 264
178 158
242 289
277 74
49 295
143 209
273 308
4 269
180 253
268 98
183 140
296 98
321 57
153 31
121 94
54 22
106 40
226 58
252 200
215 137
165 223
287 235
99 198
279 258
33 139
152 43
249 245
185 88
278 92
204 282
304 298
173 15
150 250
308 24
123 37
127 309
51 249
283 190
138 7
137 80
71 8
75 244
228 50
32 261
42 168
5 267
67 112
193 241
80 61
158 50
161 107
53 181
232 188
249 5
275 252
258 288
210 251
133 287
13 92
172 109
251 226
15 207
111 119
220 34
173 231
124 114
286 135
179 165
319 295
165 39
222 45
247 127
163 13
105 88
312 171
276 183
270 72
184 252
6 259
40 279
154 259
146 287
105 279
190 123
118 109
87 29
126 296
143 271
260 170
175 100
133 0
214 183
207 54
137 225
282 44
114 223
202 248
289 300
95 10
70 296
220 161
226 109
64 187
300 160
52 55
248 71
65 265
224 80
23 236
193 156
318 185
206 174
106 282
15 193
180 217
261 270
91 145
105 56
158 260
47 251
57 170
229 184
116 3
104 225
309 168
199 70
53 223
150 43
219 28
276 280
161 204
202 134
271 27
4 281
113 155
179 85
221 206
68 176
281 129
195 125
229 130
230 310
177 19
12 51
251 309
68 296
50 157
126 115
256 254
284 104
278 90
303 19
53 196
112 280
321 235
195 49
59 231
185 46
260 91
302 160
239 172
198 263
68 115
87 296
260 2
90 294
226 47
151 302
77 208
79 226
24 316
114 183
270 257
8 254
214 240
22 43
259 36
196 232
317 248
248 7
137 282
294 36
21 297
78 209
112 212
296 204
103 125
101 153
200 261
109 287
84 170
293 67
115 185
279 107
52 59
120 289
222 170
32 268
144 111
298 204
81 71
50 56
292 59
63 126
227 287
60 271
38 120
95 162
145 5
173 185
80 259
71 166
213 271
186 119
85 268
94 29
153 214
311 31
261 35
52 168
216 158
204 52
61 124
157 141
260 245
172 22
312 45
260 271
292 180
249 296
158 113
244 210
182 218
161 245
136 141
286 234
271 317
80 316
91 72
235 56
277 312
66 306
208 155
75 163
228 38
137 147
293 0
111 284
312 19
109 56
97 102
77 264
253 194
248 272
208 37
2 151
318 35
257 253
310 24
321 109
10 167
177 23
117 254
266 8
131 136
98 112
178 253
292 1
136 280
45 47
154 276
236 108
35 80
0 302
107 225
238 239
320 99
230 293
92 309
274 144
227 193
33 6
77 297
316 99
53 35
96 125
234 111
220 164
57 204
223 298
303 40
215 228
87 14
276 1
2 42
268 236
59 127
72 69
3 283
238 63
281 107
90 70
153 152
140 117
176 236
320 207
214 229
282 208
307 116
276 130
281 246
102 217
260 217
293 293
290 267
18 281
207 222
34 65
210 97
37 75
29 283
169 158
24 135
49 250
272 168
19 17
128 23
188 244
128 237
106 277
315 183
192 118
82 170
92 186
59 237
100 167
314 117
237 81
310 219
166 287
307 60
168 177
47 47
267 25
285 62
74 124
271 70
294 116
290 77
314 78
80 69
136 231
177 313
96 0
3 147
315 96
53 126
62 62
154 321
83 105
246 129
149 84
113 214
90 104
129 82
42 12
3 160
213 314
28 30
257 214
264 317
50 248
306 58
210 175
94 223
76 240
192 103
132 190
63 209
245 221
142 224
218 145
44 7
215 172
221 323
64 256
39 17
91 318
55 223
233 15
254 221
290 255
40 49
124 100
252 34
70 201
323 279
41 172
292 120
272 146
255 92
28 92
242 63
160 259
158 97
128 295
23 296
167 63
98 14
133 192
280 145
47 241
95 57
156 234
245 42
28 164
143 11
200 31
223 103
68 239
130 222
189 212
44 81
284 162
83 185
176 309
190 121
253 43
164 214
62 94
221 160
197 299
204 289
234 300
201 0
187 217
300 121
268 213
19 92
183 138
286 10
99 239
64 198
221 132
216 184
152 69
53 160
107 299
141 252
207 270
310 124
96 14
170 315
95 137
195 146
167 20
321 62
30 41
109 257
96 166
44 52
207 254
197 237
234 215
225 64
263 5
303 208
238 278
36 299
278 229
96 115
301 141
100 38
264 3
304 279
245 226
1 69
271 154
76 301
5 85
24 264
136 102
24 120
253 16
234 26
164 34
257 289
322 213
271 236
42 21
52 297
198 185
298 267
239 228
157 205
262 302
60 71
281 275
141 36
211 56
250 139
167 288
232 110
24 177
259 77
161 171
53 158
69 94
266 246
196 15
163 244
84 27
61 5
252 57
93 191
269 217
97 295
153 273
193 74
159 8
156 14
46 39
208 299
211 313
99 169
44 9
66 55
194 281
134 134
215 235
122 181
322 208
148 115
72 75
185 233
105 67
156 226
49 16
221 20
100 52
98 172
219 221
239 17
61 158
60 106
21 152
21 139
90 264
52 230
223 293
176 145
272 59
61 261
173 44
218 160
233 214
239 101
223 42
5 291
174 257
66 202
280 43
249 28
213 10
187 58
257 84
317 109
268 264
154 314
63 185
273 320
56 106
280 158
19 212
179 155
28 234
302 190
42 173
55 205
70 276
55 10
40 82
284 166
151 149
217 116
236 172
265 49
103 215
147 182
171 185
175 183
234 29
209 223
153 269
226 275
90 174
242 207
291 225
104 93
297 75
256 95
57 22
319 261
200 51
82 146
308 252
217 258
255 148
18 285
25 245
163 257
216 33
301 23
301 213
221 168
193 46
9 12
82 91
124 110
156 77
121 149
76 17
197 38
145 181
323 60
171 94
164 288
303 231
303 23
188 271
313 98
24 227
300 228
306 94
105 95
323 49
230 312
195 253
3 97
144 173
281 212
189 190
312 195
239 322
44 23
313 124
17 206
310 160
302 290
233 285
43 92
144 9
215 22
102 189
297 6
219 225
197 177
140 291
284 35
46 77
233 1
6 224
59 125
188 216
155 46
263 1
284 9
8 312
125 197
149 311
255 203
267 317
167 197
116 195
160 173
259 182
271 113
296 49
289 224
109 157
90 27
77 227
5 261
204 83
283 132
257 265
17 5
155 291
160 33
222 130
273 66
265 82
22 3
69 241
251 209
127 219
207 284
218 127
61 44
315 57
221 139
285 312
87 52
255 36
142 30
83 240
17 301
232 30
202 200
179 4
110 66
133 105
249 312
267 220
302 224
145 115
23 55
143 176
96 229
137 151
206 289
18 107
264 319
280 292
78 63
119 277
56 41
181 292
147 32
39 114
251 279
108 208
72 28
57 221
219 261
9 48
150 313
273 148
296 89
218 32
310 271
134 116
302 88
76 270
315 175
179 61
109 68
34 279
253 51
116 309
250 194
283 258
114 42
1 275
215 315
53 128
197 226
287 298
168 175
177 197
256 174
233 91
86 216
51 206
252 116
124 251
32 212
300 241
86 27
73 198
184 44
316 147
253 280
51 147
288 54
85 168
321 248
175 234
85 53
131 215
156 12
130 290
78 246
117 67
140 225
149 217
34 115
217 171
43 267
27 194
257 269
11 165
14 23
284 33
60 129
293 222
202 18
316 28
262 132
99 270
188 15
69 58
220 144
215 233
183 181
142 264
139 77
235 119
142 309
136 139
301 222
227 188
220 170
218 271
29 93
264 321
138 60
246 306
298 171
25 296
309 318
318 187
206 156
225 62
187 65
213 60
198 157
284 237
295 143
33 106
111 26
268 81
86 116
138 28
23 136
282 300
322 14
297 216
112 151
189 71
97 290
288 296
292 220
323 210
247 240
254 223
280 143
95 205
170 133
199 172
70 131
99 73
194 320
216 255
116 317
52 189
151 194
168 147
159 57
320 296
61 189
313 54
131 168
221 136
265 163
22 176
196 35
275 309
277 60
16 235
291 14
153 277
253 93
63 322
244 101
302 181
242 287
225 147
106 188
297 258
311 217
166 3
138 267
224 93
134 104
25 106
145 134
272 251
3 257
141 77
204 63
161 31
55 78
271 156
32 65
77 295
178 82
61 273
208 247
111 104
250 26
122 25
128 278
60 48
26 168
171 96
92 44
153 147
201 160
197 107
126 104
96 309
262 107
19 58
155 195
232 300
50 230
62 102
99 50
191 72
95 119
236 229
93 78
152 157
22 258
135 96
267 70
296 215
203 150
211 90
18 238
32 46
171 209
85 291
187 147
77 162
265 244
0 322
6 116
240 174
279 165
176 98
251 36
59 210
68 257
26 73
168 38
125 135
67 12
226 309
164 3
105 314
135 176
240 0
263 106
279 298
207 205
116 258
89 162
248 26
182 271
322 113
114 242
54 132
63 92
128 217
65 113
149 126
184 92
317 21
173 216
279 301
211 319
122 172
283 315
54 268
128 7
71 78
240 247
210 118
11 141
142 163
130 292
219 188
241 120
116 11
57 69
107 260
309 316
92 217
313 169
123 201
40 116
255 52
316 44
302 139
287 259
288 173
256 41
60 160
312 286
33 178
91 282
103 146
321 275
225 225
154 285
113 235
122 101
74 315
199 316
233 100
321 279
237 171
133 303
243 250
183 88
172 218
232 313
88 307
42 238
12 11
189 193
271 122
166 43
210 224
232 192
277 314
241 160
172 86
42 48
213 236
105 218
146 7
195 47
107 275
157 261
264 281
57 58
148 14
93 138
34 136
41 266
168 300
199 68
307 141
168 206
305 37
26 249
196 160
184 298
270 250
18 90
216 57
229 53
263 21
94 193
276 284
94 225
271 207
215 238
110 281
201 320
120 230
204 219
79 33
77 248
298 207
51 96
180 248
117 199
289 298
63 96
103 245
155 241
142 277
224 7
309 113
261 130
254 94
193 227
255 90
203 81
147 310
35 174
93 45
208 200
41 245
28 296
246 269
123 308
135 36
27 295
300 187
180 246
247 263
219 122
4 312
140 232
200 184
188 192
127 68
286 8
253 278
243 144
238 178
271 90
86 90
153 280
180 210
241 37
158 4
22 266
262 186
117 225
104 134
202 62
157 287
187 139
5 12
309 115
147 143
21 205
240 280
281 45
153 301
69 154
174 96
58 43
212 8
205 208
9 42
192 269
249 90
167 41
289 118
248 219
194 38
67 101
154 281
204 134
62 74
97 12
178 162
317 129
68 17
162 313
197 164
323 10
87 276
277 178
28 17
37 214
169 240
88 232
37 135
138 99
106 42
265 84
267 253
169 77
164 255
233 291
14 10
309 172
297 91
45 76
159 164
253 175
310 133
221 148
216 260
299 46
217 173
304 30
163 35
128 213
243 252
147 150
122 109
14 208
143 124
298 244
294 227
216 278
129 215
46 48
129 61
9 165
91 247
175 1
99 268
278 72
81 314
274 92
273 74
218 72
126 273
105 220
40 197
317 164
271 259
23 102
321 136
177 124
226 81
81 285
316 35
190 168
206 192
290 123
88 117
77 19
323 85
277 222
78 14
208 124
63 215
194 134
61 297
125 34
312 5
195 107
164 50
80 195
66 205
59 137
15 154
198 224
117 256
207 132
253 250
215 257
156 174
227 199
119 6
292 21
155 107
311 221
294 24
42 311
100 205
7 280
122 183
208 225
292 17
60 259
24 172
306 226
217 208
23 310
306 197
41 206
125 277
117 246
180 241
297 178
19 298
42 147
315 317
267 46
316 49
120 39
195 228
212 40
285 86
247 44
77 274
27 59
147 320
75 127
261 182
114 80
203 198
111 154
32 59
110 51
15 284
289 169
259 241
120 247
15 174
218 120
99 34
176 195
116 193
65 261
142 254
14 176
10 171
29 201
304 253
152 143
265 45
122 36
29 70
40 192
65 59
190 197
240 156
105 310
78 310
139 317
306 206
41 320
142 19
97 47
32 44
205 284
239 140
114 86
291 221
16 273
199 64
163 105
140 60
248 309
142 200
193 182
94 62
252 170
142 61
317 157
310 143
5 302
265 242
257 197
47 202
218 163
49 171
296 37
176 158
267 319
43 205
282 64
128 235
117 197
58 255
305 150
198 45
285 314
184 319
140 311
195 226
146 33
312 224
269 206
297 49
140 238
87 291
252 291
311 167
40 223
138 238
37 267
138 222
170 218
182 247
249 2
1 50
30 286
198 28
26 316
232 179
317 149
119 126
261 299
229 107
62 72
216 162
257 149
84 130
239 61
240 239
224 297
251 281
127 17
99 258
304 244
269 261
77 225
133 180
113 224
273 70
210 138
164 198
65 308
240 89
299 294
255 152
246 191
89 22
240 94
25 113
64 15
191 90
0 300
108 138
126 58
168 152
214 187
272 35
4 18
32 154
264 101
26 109
234 81
85 145
214 59
236 179
33 145
225 238
111 85
39 268
264 175
11 298
178 285
282 238
6 2
59 2
57 158
11 139
41 196
116 211
60 123
72 295
119 287
143 5
15 262
74 213
268 72
290 22
210 235
112 317
38 13
11 274
168 99
142 235
66 239
97 157
258 257
267 96
2 149
12 173
21 3
20 207
213 259
106 166
27 63
319 29
155 182
44 290
26 299
16 311
301 18
251 109
92 295
26 208
196 224
20 239
269 273
175 284
294 233
278 182
149 182
148 43
186 171
16 142
135 278
84 190
97 119
158 138
162 39
304 321
240 103
159 196
301 87
69 77
298 89
165 58
130 20
261 241
151 158
24 85
170 57
188 196
45 125
254 67
70 164
288 255
230 26
180 215
116 295
52 281
136 195
113 105
185 21
216 80
221 221
47 147
146 292
0 249
209 305
52 291
94 155
205 10
142 20
262 300
83 275
68 1
125 298
39 238
87 309
231 245
151 300
170 183
116 297
57 96
127 71
113 84
77 126
307 118
254 230
54 243
218 169
228 186
155 214
20 60
139 89
91 147
175 253
75 120
169 93
179 70
229 55
96 59
312 134
279 223
111 53
190 104
265 157
42 145
313 160
98 75
209 108
190 270
121 245
307 251
193 246
70 21
54 150
285 137
73 237
16 303
107 59
140 211
54 4
306 259
231 73
307 122
44 176
277 19
282 224
278 123
85 105
59 0
171 201
153 108
124 279
44 39
186 99
156 55
173 124
4 181
151 309
129 254
301 295
163 162
36 186
163 136
167 67
107 218
257 233
61 305
50 159
97 206
35 100
317 173
112 66
54 305
114 236
33 66
254 111
86 169
94 136
323 247
156 145
124 193
189 55
28 15
111 55
126 181
226 37
123 26
254 161
204 120
132 45
192 114
20 64
316 188
232 295
215 20
125 6
197 275
238 237
42 141
190 312
184 42
120 112
199 272
114 20
130 97
320 204
113 231
50 292
59 151
32 31
252 103
130 129
78 211
9 226
89 310
316 257
269 292
82 93
289 226
107 184
95 211
89 234
65 323
56 53
277 31
30 30
243 48
6 39
302 322
322 313
321 55
257 14
200 106
58 268
195 273
2 245
23 192
103 260
85 278
248 313
218 290
38 196
244 208
76 288
284 164
95 290
4 185
74 288
117 119
119 96
25 24
90 316
112 260
86 84
202 196
273 37
92 77
19 322
291 278
289 273
230 299
154 274
162 259
54 296
238 230
94 323
238 108
225 33
23 174
230 122
204 49
193 316
15 120
3 28
255 54
226 135
225 78
116 248
248 169
237 60
296 270
307 29
285 98
76 257
91 81
285 258
221 228
252 61
118 185
250 276
12 164
29 320
58 220
86 180
88 26
322 75
21 174
282 188
203 16
222 6
243 200
3 197
147 134
287 46
4 14
195 105
181 137
60 255
39 304
63 254
239 291
255 150
207 118
273 236
36 269
162 67
245 223
59 153
292 23
230 201
205 51
210 193
67 58
208 101
261 14
241 175
143 201
249 69
296 158
208 196
193 253
165 20
126 261
187 294
232 299
34 82
122 111
264 159
166 247
279 242
264 47
296 156
181 233
123 310
29 199
257 53
179 11
198 26
286 296
180 308
187 0
47 54
137 89
210 92
95 207
174 122
77 121
242 161
302 29
201 315
113 96
193 44
265 209
63 181
211 255
257 51
161 165
10 270
7 69
15 297
280 230
183 10
32 297
56 168
167 65
280 208
247 224
124 154
234 264
218 17
165 23
192 132
158 173
179 312
17 58
149 25
45 117
311 161
56 151
171 135
219 47
236 315
81 216
230 51
158 11
298 104
129 167
238 284
207 207
268 129
216 107
68 230
49 164
96 158
200 268
121 43
189 210
113 126
289 259
307 241
178 211
148 69
310 320
179 110
88 217
132 111
239 80
249 221
26 177
93 294
188 67
284 301
190 192
276 250
234 150
43 122
234 191
44 94
207 52
183 284
81 51
44 312
153 224
222 223
311 92
23 101
259 243
201 247
102 90
74 246
115 25
127 138
158 232
36 301
30 68
202 280
136 253
242 93
192 16
191 182
84 119
233 144
313 158
215 321
4 146
211 302
76 246
271 311
291 118
311 98
132 203
41 7
63 43
204 14
56 147
111 257
260 184
280 164
269 318
57 78
251 283
138 102
27 300
295 255
234 13
268 114
85 149
82 220
9 300
58 265
156 271
299 91
115 160
272 126
63 4
87 268
146 66
31 292
117 308
219 8
222 23
55 143
246 209
135 169
50 296
24 104
6 201
178 31
42 179
41 114
97 27
162 194
36 188
282 144
31 159
14 122
170 22
92 293
105 306
16 138
223 205
53 70
238 9
1 171
91 87
245 35
218 206
164 212
102 249
22 315
223 63
3 279
247 177
114 249
247 197
207 151
279 136
117 227
102 196
69 202
217 193
200 205
278 129
305 239
133 139
243 94
321 309
101 296
138 199
178 156
275 224
319 281
266 316
55 108
255 50
33 124
53 164
157 75
15 95
11 117
291 304
65 77
166 61
162 5
151 92
249 259
179 240
229 76
314 224
292 149
275 38
255 43
143 76
97 231
98 308
271 200
219 286
115 320
270 238
313 17
45 254
288 257
94 244
265 182
18 202
214 275
227 240
156 239
202 45
291 259
186 97
85 15
60 63
62 211
297 107
182 69
39 313
116 289
151 126
108 14
67 114
124 235
229 42
182 139
286 256
159 6
247 179
176 181
259 169
62 42
312 66
161 231
32 157
93 56
14 180
311 56
141 116
177 63
26 297
317 294
226 236
277 158
51 226
55 283
18 138
308 107
198 297
149 101
323 306
206 302
147 260
9 274
43 171
278 10
191 127
33 119
274 188
241 253
0 211
306 203
154 99
280 162
260 19
304 271
276 128
259 188
118 296
184 282
7 46
50 72
253 196
237 228
85 131
253 301
250 125
2 238
266 161
182 49
20 281
255 83
54 195
67 181
106 316
108 264
75 118
242 121
153 248
11 278
59 60
186 117
246 312
208 103
23 298
310 6
176 185
248 140
30 208
106 170
300 297
24 234
230 13
204 146
213 77
57 266
140 187
249 19
248 17
138 5
102 206
297 316
54 225
141 125
114 37
92 108
164 124
106 264
143 308
174 147
101 126
49 291
173 212
56 244
82 283
43 112
304 21
173 233
139 56
1 260
305 39
180 59
117 262
303 144
243 81
67 162
163 171
285 242
109 186
211 217
292 36
55 161
206 119
282 199
62 196
85 266
166 64
69 75
285 191
139 294
315 32
321 12
209 314
309 30
239 198
46 155
190 11
96 55
63 308
249 43
112 122
178 255
295 76
217 66
315 244
141 307
135 148
306 179
298 44
271 198
274 233
36 255
310 59
130 253
65 274
319 298
182 180
136 30
75 268
109 255
282 161
61 150
284 56
69 308
109 54
284 78
300 36
249 282
59 96
232 190
4 224
72 107
259 196
93 248
252 247
252 55
172 136
173 82
281 200
190 119
196 44
185 266
56 90
290 49
201 100
162 130
90 40
309 158
16 24
194 93
47 16
267 66
266 197
1 283
207 211
248 190
15 52
116 233
214 305
184 260
315 187
231 289
185 19
127 215
143 275
169 10
139 1
116 313
74 241
112 42
23 262
259 264
237 243
149 149
129 169
71 106
266 199
315 185
32 118
160 10
53 279
309 275
37 321
242 156
197 171
126 174
267 216
37 51
266 280
53 243
313 47
33 259
66 281
33 241
205 176
129 15
18 221
4 301
163 58
251 315
24 314
73 12
58 144
158 29
276 7
35 275
303 195
159 116
136 274
214 38
229 123
237 112
310 16
322 134
124 195
276 234
221 243
218 183
17 91
122 195
175 211
140 309
97 237
295 226
228 109
192 130
147 124
115 142
225 140
269 28
305 79
164 48
115 79
214 161
261 168
104 153
296 133
1 94
295 39
158 217
128 262
321 71
4 310
53 162
130 306
89 183
175 213
211 101
298 169
26 119
141 275
0 220
113 148
187 228
278 255
138 74
17 260
253 6
310 73
93 296
186 30
233 61
2 227
28 317
160 37
17 283
263 173
57 39
22 150
280 128
120 50
7 197
279 163
231 284
5 81
21 213
232 166
177 164
134 130
278 186
53 78
187 316
50 17
52 322
241 105
301 169
161 163
267 214
144 140
227 127
25 55
50 273
285 109
146 199
264 218
216 284
103 294
167 98
240 125
73 103
39 84
211 136
37 319
170 174
304 42
265 216
190 216
216 119
306 189
100 111
63 13
220 259
219 2
254 292
43 114
114 251
106 14
238 296
38 317
35 253
145 177
197 259
53 46
312 106
75 239
306 74
70 279
42 280
55 133
199 85
103 251
226 271
101 34
218 81
162 297
80 318
213 213
119 42
302 315
88 282
163 301
270 294
115 278
266 65
33 257
52 191
34 186
274 86
59 135
292 76
262 160
39 5
31 66
72 196
90 127
175 173
134 280
198 43
218 34
294 48
117 277
162 207
125 152
257 291
182 159
165 108
32 137
315 92
33 266
233 146
31 249
183 250
289 17
298 106
155 109
238 270
20 120
165 301
299 73
123 189
144 212
193 104
43 108
266 153
11 227
102 76
244 54
142 123
115 43
107 310
135 317
110 1
321 231
179 177
137 297
221 255
234 179
218 312
307 287
219 43
241 259
11 268
65 181
77 64
20 243
22 108
188 77
185 276
205 150
34 8
280 15
76 14
220 69
302 227
228 125
318 189
282 281
137 76
147 146
151 311
203 321
62 47
115 125
97 259
153 271
17 213
206 195
31 305
82 181
205 90
150 315
310 0
275 282
47 18
249 152
75 64
149 321
272 92
280 290
263 56
285 82
16 152
295 244
9 302
179 198
105 58
116 141
293 231
45 84
233 120
134 316
132 305
147 118
133 214
282 211
136 164
187 322
20 284
239 65
138 81
276 323
303 183
74 196
59 222
220 105
4 156
133 205
53 166
135 70
149 67
73 297
314 194
263 50
14 273
284 11
158 153
173 114
94 40
192 20
22 5
299 195
50 303
5 187
13 302
297 137
236 269
87 144
97 255
118 310
54 58
3 59
134 9
62 82
275 244
130 47
104 229
1 312
113 26
39 179
191 246
73 307
119 152
168 199
213 12
303 154
305 299
176 65
314 258
215 37
214 212
48 211
163 126
234 58
36 227
9 37
29 130
252 4
40 244
212 235
55 306
317 78
170 279
305 24
48 231
58 146
118 314
191 145
184 118
119 224
267 299
263 23
85 171
26 234
211 10
248 61
64 84
319 136
31 152
149 44
154 184
131 142
202 286
228 323
24 18
248 270
245 66
168 278
185 48
172 97
262 175
83 71
29 1
138 269
270 114
6 313
111 232
247 42
39 15
227 73
211 270
234 312
154 125
54 56
230 171
1 98
100 200
72 4
37 156
176 84
237 180
233 36
38 290
52 305
26 181
208 174
55 266
13 94
97 271
140 171
308 291
130 166
159 28
218 293
121 258
109 259
235 8
67 76
154 172
323 136
41 16
68 206
254 65
318 23
20 81
70 195
255 229
128 231
251 172
153 212
11 69
84 221
250 45
251 15
28 3
278 322
235 233
40 180
189 74
214 106
35 277
142 294
61 33
156 217
100 146
98 114
298 161
314 262
142 2
192 284
52 247
150 307
171 220
308 77
146 51
276 145
234 10
46 8
126 192
76 154
137 314
38 116
232 103
305 199
179 307
230 280
276 239
290 180
89 247
217 1
41 310
111 211
21 282
71 309
273 291
71 3
73 136
202 208
170 268
83 238
264 110
118 275
300 21
67 274
28 287
170 109
118 65
172 165
162 248
205 70
247 131
194 129
143 182
28 58
311 9
223 221
13 120
66 183
306 106
206 199
255 103
141 271
134 291
214 159
300 140
126 234
253 203
157 230
27 113
172 274
152 153
265 106
220 205
135 81
174 222
274 76
180 69
163 69
100 26
226 295
29 152
306 290
280 270
320 223
35 305
259 290
236 286
274 250
253 126
303 199
38 264
191 282
318 95
102 37
186 169
29 197
57 219
26 247
265 63
282 134
166 153
157 0
88 89
112 117
84 235
96 201
165 291
54 189
14 223
49 293
62 307
197 301
163 15
116 41
19 261
43 288
154 193
194 248
138 167
291 61
139 261
135 77
232 13
67 304
240 117
180 7
135 106
75 209
311 4
288 120
45 79
35 59
156 322
241 61
321 218
89 144
247 171
55 127
234 231
31 148
29 182
117 5
235 24
21 211
150 243
295 34
83 277
227 190
17 93
292 63
175 121
168 209
152 180
86 304
263 182
242 46
262 172
282 165
56 55
125 161
177 111
117 9
323 275
115 129
238 312
271 0
49 252
288 48
59 115
273 137
127 75
131 138
28 90
279 105
1 154
241 291
55 92
62 271
270 131
304 138
98 204
218 185
277 101
318 80
0 43
260 288
133 64
54 90
183 148
261 176
298 314
22 123
51 198
303 225
157 181
282 104
116 15
188 219
166 195
202 183
144 266
282 68
116 300
33 293
278 33
265 74
117 298
177 307
181 251
51 37
172 171
43 166
57 319
152 94
284 233
76 294
319 78
42 82
174 113
245 127
137 33
234 171
73 24
281 53
9 57
299 266
8 168
267 139
144 200
88 150
127 62
218 105
286 83
111 78
70 66
144 162
307 315
250 247
290 302
10 2
298 25
22 131
36 58
232 168
142 34
262 314
246 8
63 189
144 51
127 80
269 30
51 159
215 2
97 49
140 29
69 27
306 113
155 143
130 278
240 321
253 128
282 279
69 139
185 56
277 29
133 182
198 30
142 13
119 308
7 188
279 201
261 215
252 224
76 89
302 211
146 138
312 239
44 307
106 249
264 296
107 286
77 236
248 268
171 188
124 52
140 322
115 191
123 149
24 118
