250 304
242 95
125 32
225 322
27 182
285 148
235 113
85 238
96 60
275 315
35 102
132 216
145 184
6 32
40 99
250 278
143 14
1 52
268 219
73 105
93 206
42 291
145 19
206 153
150 211
6 261
26 17
35 292
86 143
56 184
2 281
95 306
232 265
158 279
277 232
304 197
265 209
144 12
320 186
185 313
41 100
108 277
48 269
144 126
226 91
126 154
303 10
107 97
32 41
48 20
113 107
4 255
264 198
60 46
75 46
250 243
29 114
215 301
154 239
288 193
182 46
161 68
69 107
170 208
140 106
313 259
54 25
75 152
193 192
239 65
275 240
205 194
142 290
148 33
41 0
217 107
311 117
40 237
204 42
44 263
136 298
241 195
120 93
13 51
157 57
68 18
58 197
243 175
276 156
121 186
39 205
31 200
192 278
190 77
247 305
241 208
316 33
242 147
277 111
280 225
228 269
240 129
108 85
192 322
60 103
203 130
128 220
52 308
244 206
0 305
0 102
323 233
70 236
118 61
303 266
123 197
178 84
322 204
262 3
210 312
61 127
59 157
98 259
63 57
179 180
263 54
182 308
84 144
280 175
147 116
5 16
217 175
185 321
306 124
13 193
277 208
308 124
99 267
14 90
59 76
290 75
97 174
133 177
23 229
107 8
284 295
320 231
168 185
200 286
131 301
254 34
227 197
35 5
63 39
280 189
162 137
17 280
146 114
85 184
323 9
37 274
300 209
143 20
272 309
277 115
282 163
306 205
229 12
291 65
0 15
33 5
156 232
249 263
190 228
246 55
308 105
88 55
151 117
318 233
215 317
314 189
193 318
267 74
281 182
280 135
230 1
22 261
281 131
195 175
67 175
230 108
114 43
143 284
70 135
297 100
191 134
166 18
93 285
194 237
120 181
131 140
134 175
5 41
25 137
290 172
150 179
258 190
241 118
304 268
169 79
25 279
72 218
70 281
105 282
51 234
13 223
132 48
274 135
278 292
256 113
85 91
286 166
18 7
102 166
230 142
167 290
192 104
137 90
263 103
274 2
200 26
91 281
183 242
209 229
143 115
202 147
156 172
266 4
220 166
272 307
317 253
76 196
109 205
9 46
150 247
109 170
17 60
239 196
323 125
286 198
154 260
288 78
268 154
295 92
199 159
308 295
242 138
128 163
179 126
167 93
198 148
275 254
252 91
83 168
81 321
286 104
306 61
195 128
319 256
86 261
263 216
143 49
235 79
50 155
53 72
241 123
292 223
296 25
142 305
130 82
126 283
65 294
275 110
88 45
322 16
134 149
286 81
196 32
188 30
3 84
27 64
197 59
129 193
266 47
287 65
76 129
89 74
298 180
16 271
134 239
292 243
4 214
4 239
156 15
15 20
321 126
302 61
55 7
31 95
260 239
75 292
293 121
267 27
300 280
262 184
169 277
202 297
166 49
313 263
236 25
284 208
251 297
321 9
59 165
46 211
64 273
299 9
81 81
77 138
294 139
168 195
25 131
267 251
133 100
52 299
207 80
100 1
98 206
29 195
56 47
44 110
307 238
97 228
168 4
155 33
34 224
83 254
126 291
14 213
241 102
13 311
35 219
223 132
15 246
69 137
50 107
8 302
269 66
109 9
86 126
172 297
309 93
54 308
298 242
232 287
80 261
276 86
213 241
181 10
71 27
188 78
46 204
292 94
35 63
294 260
71 226
217 127
204 221
222 294
116 311
228 310
322 293
320 34
195 306
140 126
229 200
263 242
230 75
164 292
68 14
320 236
93 167
297 129
142 269
253 2
2 220
307 25
181 145
317 97
152 321
177 237
196 17
6 181
69 109
124 51
151 304
18 236
188 86
181 79
315 243
208 203
152 103
153 282
53 171
217 46
31 68
13 278
57 25
75 314
46 26
35 234
172 101
94 123
21 262
30 255
203 244
203 85
249 227
216 31
108 55
307 301
221 282
85 199
137 197
33 174
299 142
202 12
195 144
202 219
126 281
236 294
189 145
208 38
107 175
65 321
70 116
251 306
239 161
159 281
0 50
115 213
156 203
76 296
127 249
160 161
290 2
27 91
113 2
116 27
107 166
23 132
103 61
14 128
312 169
78 128
267 162
93 208
94 166
266 225
43 117
295 109
145 284
244 96
141 262
298 182
103 307
58 317
52 79
224 141
136 199
63 129
295 78
236 14
71 29
297 140
273 171
73 88
43 243
319 127
85 234
3 159
196 93
141 182
295 249
241 140
314 34
284 256
293 77
272 238
152 70
265 320
318 219
179 87
217 192
51 251
131 92
318 261
289 269
9 4
212 160
64 213
255 39
29 44
119 68
172 38
237 68
74 294
149 73
182 258
129 138
53 55
78 207
219 258
5 189
232 148
283 279
72 77
1 96
130 50
38 13
57 116
172 148
246 271
96 204
303 221
296 260
312 22
44 43
121 279
142 162
149 92
155 243
220 256
80 286
168 24
160 19
115 94
242 261
12 125
232 91
12 60
108 229
1 248
237 292
32 120
93 219
233 90
304 105
232 175
218 254
179 200
77 291
8 40
206 220
217 276
153 305
205 222
166 266
18 84
193 310
116 86
124 58
173 105
9 49
302 115
206 283
220 134
94 210
190 56
182 146
268 245
121 203
109 310
280 300
82 103
173 182
45 74
77 14
252 201
310 68
281 223
160 138
2 292
197 47
312 157
267 117
74 219
240 92
193 281
37 76
291 18
192 258
189 183
189 151
23 40
308 290
85 80
25 206
56 94
74 106
76 312
240 157
126 254
241 1
203 217
140 19
155 31
302 188
206 274
8 2
215 313
161 227
291 253
52 225
53 43
308 314
83 83
22 300
233 8
12 179
158 14
44 107
143 174
111 315
155 150
102 154
137 315
308 244
60 80
259 38
296 203
79 290
224 56
159 35
205 112
289 306
31 7
315 163
140 273
254 86
9 112
114 73
314 36
316 170
159 278
14 276
259 26
318 259
103 305
32 215
171 24
286 120
284 133
228 320
182 312
255 159
232 58
259 94
94 288
96 193
185 148
56 64
190 199
113 144
162 3
133 22
111 186
178 145
97 24
158 111
86 124
228 195
300 38
169 59
160 114
234 189
305 119
293 275
194 301
72 7
276 188
133 79
218 116
26 231
76 272
128 122
131 218
169 197
172 216
140 2
277 137
237 279
174 235
250 30
264 196
161 274
28 180
25 139
131 16
191 94
195 23
232 270
88 204
240 236
45 91
161 116
116 185
70 178
187 28
14 168
289 61
235 244
295 294
33 63
215 277
116 203
171 166
169 12
12 0
41 202
111 296
78 155
87 67
17 143
273 310
248 189
216 206
267 258
168 173
87 189
137 44
121 309
273 199
42 143
112 19
303 300
8 115
294 186
221 92
155 146
33 61
237 321
157 51
35 76
250 127
121 115
296 168
84 7
191 280
80 91
83 282
167 155
11 62
231 181
243 120
16 61
72 21
263 140
251 17
77 34
321 97
120 184
51 194
56 28
190 206
40 170
29 34
260 160
41 244
149 145
232 121
273 114
212 7
321 59
262 283
31 89
286 179
161 278
178 25
299 243
255 125
88 148
233 289
110 153
30 160
241 91
25 225
140 224
173 95
272 280
313 0
266 98
14 49
293 184
173 146
60 3
207 71
18 23
178 194
89 172
169 289
61 198
155 278
195 150
202 185
31 91
53 278
149 194
289 183
84 117
280 260
54 264
242 157
27 25
58 321
220 61
273 40
144 16
281 18
59 250
92 244
66 263
250 5
245 178
297 102
96 157
196 308
261 319
250 302
6 256
152 100
91 25
195 39
129 75
138 149
101 115
269 221
89 65
67 303
231 183
37 264
71 176
92 110
25 194
138 166
254 109
231 271
249 139
231 101
198 299
131 21
176 175
45 309
49 15
170 317
254 294
274 283
278 161
231 323
61 200
239 79
300 197
209 208
111 266
17 149
282 260
7 273
154 93
124 43
243 140
255 197
72 87
316 303
145 8
99 79
117 127
171 240
75 225
71 199
167 135
31 49
44 211
45 136
59 258
1 60
134 138
259 128
179 63
23 143
102 200
221 245
107 279
206 102
305 272
16 22
236 57
31 111
153 145
212 190
26 280
185 68
283 138
312 109
112 294
197 61
136 290
150 128
39 256
162 135
207 227
74 215
244 82
88 43
254 53
230 124
38 74
95 228
182 220
289 257
50 20
109 87
26 135
195 167
209 103
104 252
313 164
45 28
210 249
104 231
264 22
311 172
79 320
103 123
41 242
233 182
70 108
143 53
191 223
300 170
188 121
280 210
104 295
302 283
279 209
292 245
239 234
118 258
160 67
163 229
227 131
12 171
15 164
245 129
225 240
109 147
17 223
165 96
237 241
91 169
243 38
297 295
20 156
297 288
171 110
153 242
303 147
86 278
38 254
59 78
104 218
300 172
193 255
44 115
50 244
223 240
217 69
87 91
289 281
293 109
294 257
193 15
35 241
174 104
131 8
162 295
219 10
185 139
217 118
24 164
95 209
247 66
37 12
270 275
49 74
154 174
20 151
78 44
181 299
295 111
47 134
301 280
243 18
254 148
317 191
189 313
255 292
275 311
59 212
299 102
250 261
154 144
201 318
36 278
300 168
148 93
224 224
294 203
315 217
90 149
72 25
176 228
261 188
18 151
16 214
11 130
217 212
55 44
309 174
177 122
23 134
305 242
283 222
198 295
146 84
5 271
282 32
124 117
86 266
186 66
203 148
125 272
312 67
315 192
254 123
247 241
37 230
79 118
301 225
150 143
89 32
95 5
61 322
64 179
193 230
109 230
279 103
31 211
268 247
139 115
225 311
318 143
298 6
109 184
182 245
243 267
58 49
193 181
232 2
93 2
160 12
36 225
26 198
17 199
72 23
3 21
262 217
109 103
72 183
246 222
109 297
85 290
310 141
245 93
227 41
312 52
148 26
189 88
75 55
261 25
208 119
19 123
15 96
184 311
160 231
226 125
273 77
153 303
31 63
65 212
245 308
250 189
41 253
237 233
114 159
157 229
250 3
104 200
236 9
77 266
204 17
216 84
13 263
0 224
49 56
127 139
256 145
217 190
271 145
300 166
226 79
69 67
117 213
56 79
286 200
133 7
251 196
316 133
282 310
102 297
234 285
196 296
60 31
54 107
142 292
315 39
179 210
218 230
90 314
276 161
318 33
110 149
121 68
303 250
21 149
112 300
300 162
69 294
187 296
3 311
66 290
154 246
212 106
66 15
203 10
41 90
224 194
134 142
272 72
38 300
33 220
157 319
36 177
215 16
27 233
128 233
138 235
284 240
20 270
43 38
239 49
259 176
115 163
41 134
277 127
246 310
205 192
212 28
146 140
254 248
295 88
168 275
19 143
65 82
236 235
211 246
127 124
265 100
101 23
86 54
250 210
257 151
39 194
201 59
281 41
260 297
19 214
274 18
223 61
195 46
173 255
158 79
237 217
75 194
273 166
140 0
138 171
107 135
211 257
316 79
154 270
31 28
252 294
156 230
26 33
33 218
174 181
180 74
21 85
78 256
289 170
140 124
130 241
16 221
272 313
99 77
232 62
70 91
216 3
259 15
32 107
165 36
261 134
234 0
28 63
115 127
152 299
174 229
194 259
136 42
105 16
213 68
14 98
131 177
27 133
238 256
79 201
39 224
314 304
114 238
295 141
123 5
42 204
307 199
317 205
39 314
25 112
117 13
197 94
261 129
209 89
221 107
47 144
274 36
96 155
28 178
224 134
211 108
134 118
275 40
28 135
210 298
200 33
57 75
76 198
207 209
204 92
165 297
210 255
322 181
228 71
124 274
219 118
67 241
247 94
25 72
211 173
259 315
61 258
122 171
82 63
112 257
110 188
153 171
155 55
122 116
140 62
14 47
279 277
190 273
286 67
78 197
231 51
279 116
42 125
206 82
150 133
199 59
207 155
242 230
225 308
111 21
94 80
106 186
193 239
289 181
148 132
243 202
232 152
60 162
114 195
226 94
175 16
305 301
35 280
314 99
87 234
175 111
241 136
205 210
226 57
204 58
222 93
189 143
129 240
71 160
251 23
133 109
148 248
54 140
243 280
24 281
197 144
124 299
317 207
164 108
317 107
177 256
251 60
18 140
314 28
211 219
29 207
304 170
181 157
36 195
52 233
4 58
195 79
15 199
220 146
294 148
22 33
97 37
311 163
233 80
155 148
279 41
296 45
68 238
76 243
308 170
63 33
44 292
153 149
235 170
307 93
143 171
301 266
148 256
217 221
220 227
114 39
102 253
64 263
57 182
299 296
68 132
176 162
302 22
217 83
134 98
275 313
276 226
20 90
58 103
184 49
303 25
30 261
14 105
267 63
62 210
46 17
75 37
213 316
67 78
222 149
58 45
137 268
17 105
221 9
283 106
101 120
188 123
238 205
251 295
162 37
43 193
285 260
205 288
7 55
190 317
175 231
228 91
10 276
309 99
145 201
140 304
229 98
5 237
93 36
51 209
195 132
203 145
285 236
144 64
135 6
323 110
1 310
170 238
156 73
124 151
135 114
53 283
158 48
55 246
278 18
312 118
177 283
28 42
200 157
318 134
70 255
203 112
239 315
308 205
39 229
294 38
198 269
151 32
138 271
110 77
162 20
50 228
12 294
155 262
60 252
255 192
193 179
304 291
220 283
75 25
193 129
241 82
217 159
274 68
178 65
56 103
29 211
196 102
185 323
262 245
129 17
67 254
240 204
57 6
249 308
115 16
195 8
203 132
145 14
275 74
134 47
78 46
241 304
257 176
5 100
40 178
5 69
174 259
229 211
140 199
242 100
275 137
2 261
72 164
68 163
227 149
208 301
51 156
320 32
193 155
276 46
286 193
93 14
108 207
275 246
90 245
110 265
218 167
125 138
252 102
177 306
75 305
140 234
300 49
25 229
4 60
73 10
147 136
24 267
200 102
298 269
245 144
192 244
283 299
161 197
59 7
79 166
283 81
249 284
191 230
48 156
320 132
286 102
128 192
138 239
109 174
28 201
222 134
117 289
250 25
14 221
86 25
319 96
29 213
255 176
166 191
1 73
14 211
12 90
0 183
227 78
174 101
27 44
113 314
192 232
281 50
46 177
25 166
23 225
292 78
294 156
186 93
225 130
312 142
145 264
184 29
192 248
69 204
20 323
265 136
70 183
76 124
88 83
193 23
229 312
152 246
105 146
41 42
155 49
118 160
247 68
205 131
130 279
85 128
240 100
41 11
110 151
181 65
165 60
180 83
213 318
321 255
213 247
98 298
7 169
16 244
0 72
145 295
116 235
223 139
236 181
14 100
9 272
88 5
125 62
35 134
98 74
135 62
284 5
126 76
201 14
193 39
296 139
169 176
240 261
292 249
247 138
77 319
139 276
19 88
109 269
202 50
185 307
12 309
108 16
136 272
242 83
185 102
266 72
130 14
117 205
40 220
7 119
313 114
243 127
248 8
98 61
42 116
116 200
320 11
252 288
259 75
184 38
307 243
139 148
126 293
288 310
209 227
47 253
209 247
85 279
91 219
186 192
277 113
317 255
145 311
19 205
75 50
263 176
279 27
256 161
261 0
129 51
262 224
83 258
243 136
98 122
262 190
170 186
175 173
316 221
293 259
189 280
52 169
47 120
5 29
233 60
188 13
250 16
82 35
140 320
46 111
316 157
3 100
14 207
225 149
294 93
176 322
222 73
200 16
4 235
51 284
127 165
198 16
228 271
134 252
12 10
243 248
168 57
25 74
98 0
115 227
41 307
71 68
207 90
12 272
288 208
304 190
129 7
102 27
120 109
190 126
305 320
247 62
112 86
302 85
291 67
106 154
197 160
181 293
158 321
129 309
231 210
307 293
89 30
14 225
250 316
47 74
2 137
67 204
14 236
245 67
34 222
118 52
235 111
14 203
200 44
149 215
112 158
91 45
122 202
283 144
318 220
11 115
192 272
46 200
228 2
158 192
323 154
50 211
135 155
309 118
180 76
81 218
291 272
35 51
188 115
195 76
189 242
309 322
58 106
288 302
237 162
123 199
127 100
138 140
14 191
259 130
284 212
226 43
203 70
317 217
78 258
237 80
183 134
221 225
13 101
219 5
285 80
131 224
112 172
22 57
92 226
206 197
38 85
187 294
228 121
258 273
154 272
308 142
188 104
292 257
139 36
56 321
136 201
189 322
321 153
19 271
37 83
107 6
99 148
227 129
165 197
162 173
136 166
294 269
125 35
80 220
98 226
184 272
282 145
320 246
304 0
188 102
218 188
87 240
7 3
201 133
217 292
222 80
166 39
183 253
230 36
2 247
291 322
151 124
50 246
174 157
73 86
20 141
139 241
131 52
265 223
170 64
253 227
296 181
102 127
6 54
316 305
181 155
319 106
318 231
12 53
190 75
18 255
33 158
305 122
117 162
238 91
67 200
256 287
228 93
272 124
312 317
224 49
133 71
257 37
182 180
267 29
110 43
300 62
169 274
212 14
148 216
44 204
227 273
107 146
140 306
14 166
81 239
313 56
301 248
181 295
109 26
266 254
101 256
292 305
181 162
162 122
247 1
165 206
114 24
215 18
155 57
20 241
296 154
20 311
13 116
260 40
249 67
8 5
34 264
185 87
150 245
295 46
187 89
206 255
232 173
74 110
194 120
108 23
71 307
113 142
11 36
300 312
80 145
252 53
167 246
133 45
7 42
194 309
89 218
190 267
236 218
38 278
316 219
184 59
75 310
62 35
88 236
125 199
191 314
228 75
189 147
44 180
250 314
131 193
154 95
244 145
101 80
50 98
17 310
181 148
164 225
204 44
76 111
292 123
12 23
46 143
251 228
83 284
295 101
211 253
323 13
131 303
169 201
227 311
140 236
299 42
312 147
313 50
311 165
113 36
218 70
186 317
39 308
264 184
117 65
142 213
47 287
26 227
187 194
204 196
296 179
188 225
159 183
60 196
194 125
37 57
192 78
316 23
111 223
191 184
84 132
57 92
189 64
108 231
252 160
313 78
106 167
113 140
283 312
104 309
55 145
250 34
105 259
195 239
320 182
94 76
44 265
295 145
295 135
263 323
39 310
86 118
89 87
225 204
293 33
270 166
267 293
250 212
302 142
274 239
315 108
216 323
259 92
292 295
138 34
306 181
194 224
39 51
118 42
219 292
284 46
121 6
254 4
223 196
226 224
192 92
118 149
188 57
167 45
22 254
156 288
194 299
135 205
120 66
213 117
193 94
163 41
1 71
78 312
250 114
191 226
320 293
214 78
176 320
34 271
312 159
292 19
216 232
303 8
115 22
227 204
199 182
61 153
302 197
126 297
320 2
114 296
242 141
163 311
237 169
267 291
114 161
180 5
2 277
231 106
27 31
174 253
40 119
35 12
317 126
87 178
228 55
241 89
97 210
271 28
145 112
214 57
112 50
101 240
300 5
221 292
202 102
148 218
276 248
178 321
103 219
114 310
131 321
219 30
160 184
54 10
152 256
114 182
0 246
283 146
76 276
16 203
271 293
203 246
288 76
169 81
93 250
33 304
64 35
165 67
169 237
0 173
310 155
179 68
267 200
79 257
286 303
114 98
177 126
22 194
37 81
263 186
304 151
91 248
196 83
50 40
119 161
224 60
152 313
239 136
197 72
297 207
8 71
276 92
110 182
53 244
32 160
156 279
175 307
63 306
216 210
209 206
63 80
311 79
120 289
163 127
203 284
242 107
175 155
19 153
319 145
122 296
39 302
239 226
86 149
302 210
33 28
226 320
257 267
47 198
283 99
170 172
136 314
139 104
195 94
224 270
11 55
248 195
24 103
249 172
70 206
307 321
75 125
31 5
171 153
20 37
230 71
155 258
158 242
54 186
20 237
274 293
299 74
263 25
58 124
210 38
316 259
204 209
35 56
25 20
150 100
277 25
50 299
23 162
140 162
136 150
157 241
76 51
165 25
266 114
30 149
238 134
62 214
19 283
214 193
256 82
184 198
298 214
153 33
228 142
53 203
15 138
234 270
279 207
60 263
101 170
103 93
134 241
90 185
305 26
26 19
55 159
174 170
96 139
73 309
108 289
27 243
243 303
13 45
118 226
185 21
48 263
12 264
132 201
176 312
143 207
245 176
117 315
268 223
218 285
280 146
22 53
209 132
279 126
320 299
8 39
71 162
223 296
284 142
77 136
157 50
183 294
130 287
187 87
193 314
15 18
84 275
53 184
89 25
134 23
125 233
321 77
94 292
190 323
304 78
122 151
94 134
16 191
302 148
155 249
157 6
62 237
85 82
312 100
56 81
77 119
176 110
172 211
223 10
17 263
240 282
119 253
216 204
221 220
276 38
303 281
137 78
200 147
81 121
221 312
57 66
76 47
243 123
75 298
232 263
119 159
258 55
293 118
95 184
265 112
321 206
151 242
305 230
252 146
222 241
74 8
316 245
172 186
27 321
287 199
254 6
167 292
190 321
123 249
208 88
71 275
107 87
232 105
199 104
244 250
232 26
22 83
286 311
322 307
233 266
291 48
305 208
164 66
76 159
186 319
276 320
21 143
99 296
9 281
300 269
25 22
277 63
249 7
215 273
116 74
74 6
182 130
77 38
150 120
22 15
215 174
28 246
106 148
120 29
89 90
25 15
55 131
263 250
313 59
282 52
45 119
220 137
109 312
168 22
299 249
93 103
197 267
210 322
50 59
150 97
162 118
200 207
151 177
85 201
297 41
120 261
138 195
43 42
141 4
102 244
252 89
223 108
185 91
248 34
280 187
185 141
55 74
221 37
219 68
126 279
81 253
67 291
112 125
53 205
173 116
137 262
37 292
236 224
312 2
221 191
309 293
320 184
63 292
30 318
305 141
184 66
47 122
83 62
6 225
106 224
97 124
77 245
28 32
156 192
183 233
54 281
49 145
210 87
112 181
101 78
52 71
90 243
132 12
30 3
208 275
222 218
228 286
180 9
250 192
230 214
15 176
176 124
164 131
86 293
57 105
46 93
125 253
183 136
172 158
89 107
52 39
106 226
66 102
164 286
3 151
36 78
192 100
1 135
292 2
5 154
132 322
124 283
195 261
319 266
226 242
95 46
268 278
238 113
281 258
151 141
112 24
164 314
116 276
170 98
20 227
293 144
249 129
313 73
223 312
219 191
79 239
290 120
321 295
48 189
107 158
2 182
73 227
20 16
117 25
317 145
71 76
106 309
84 90
204 111
197 15
219 244
1 181
41 5
322 281
245 266
51 278
242 153
301 319
310 100
151 67
152 150
81 117
171 78
111 17
221 291
79 255
126 237
114 240
27 23
257 235
322 58
276 90
276 242
257 93
30 290
277 274
191 150
269 98
129 69
190 195
212 58
14 178
80 247
298 205
230 191
198 167
59 65
224 90
15 102
119 255
147 82
170 84
75 274
71 240
230 295
252 192
69 141
160 3
155 176
152 173
54 142
7 15
230 110
312 80
255 290
171 82
93 125
230 59
208 129
91 32
88 9
5 14
45 127
14 189
76 256
105 18
54 221
161 56
82 272
16 323
144 30
271 61
84 9
257 129
9 127
274 0
182 132
51 310
94 22
279 181
309 277
191 10
261 316
171 296
308 75
149 201
92 99
141 99
233 302
26 108
100 207
16 166
180 160
209 123
13 274
279 50
39 133
61 304
142 73
198 31
43 253
20 56
297 47
219 91
205 116
178 218
221 63
216 65
39 253
314 15
251 198
27 229
127 168
20 301
139 251
34 153
264 212
17 17
65 115
3 195
51 171
314 80
319 300
231 164
227 0
234 169
173 24
61 96
19 309
146 266
91 76
5 169
28 27
23 35
103 202
14 234
172 199
282 25
277 49
183 145
300 89
304 210
38 204
157 31
134 194
178 181
227 297
281 296
81 221
100 237
264 305
128 126
69 199
305 22
82 26
135 136
165 214
174 14
212 22
136 74
165 16
3 148
220 289
283 66
137 56
319 125
178 185
279 179
21 158
140 278
265 115
62 186
4 158
209 99
243 265
175 3
83 120
310 123
172 83
208 91
132 132
111 35
71 46
256 231
255 88
70 227
293 15
313 116
281 123
309 133
19 273
132 141
178 176
157 196
202 152
151 320
196 36
107 139
118 11
114 277
315 47
148 127
107 91
144 55
315 165
246 131
217 30
217 5
22 271
204 207
254 45
309 199
167 207
72 12
284 64
223 150
7 321
8 197
54 323
291 182
280 281
251 14
225 196
98 200
284 84
196 240
202 43
221 90
229 254
20 62
285 314
260 20
220 223
263 304
233 17
174 267
265 226
300 21
57 227
70 13
180 61
224 310
317 296
205 244
267 31
91 30
217 125
202 114
236 27
224 23
21 64
287 118
277 290
89 249
137 266
159 55
32 263
230 313
272 68
58 252
8 172
58 74
288 5
186 122
88 63
5 150
75 104
303 132
183 199
78 287
91 74
108 159
225 191
51 0
166 85
159 52
34 57
174 175
138 233
266 108
286 79
243 229
131 90
285 65
222 49
216 59
198 54
94 82
144 18
305 270
178 286
161 205
155 226
7 13
110 210
311 285
76 210
222 143
141 257
168 286
286 4
209 302
196 233
143 183
149 122
16 98
135 27
127 60
45 77
203 288
107 251
48 158
323 156
271 136
60 94
303 38
56 139
198 34
57 128
146 30
124 281
146 183
50 71
139 256
8 117
313 199
109 140
205 212
80 206
135 78
218 288
286 309
148 41
145 122
191 46
117 231
197 125
224 47
217 11
314 70
40 240
139 164
175 281
172 234
281 309
200 28
61 29
230 92
215 117
91 207
240 47
74 184
154 153
156 245
70 2
255 15
96 62
43 120
293 125
96 100
252 211
32 187
54 321
125 170
302 321
165 208
104 297
311 61
152 175
301 37
242 246
231 112
230 25
142 113
164 138
185 293
134 73
282 205
82 53
97 255
197 103
131 18
32 99
145 286
279 31
316 190
100 154
193 274
22 145
308 221
178 196
44 45
280 32
72 94
92 289
243 285
207 303
73 38
196 302
39 101
125 190
168 266
18 82
214 14
296 247
260 301
10 116
66 230
279 231
235 298
230 265
46 262
60 241
188 170
312 69
241 248
42 177
23 169
33 80
207 121
29 28
95 116
133 91
22 141
226 122
83 188
279 213
157 109
230 144
74 302
75 265
266 294
265 303
217 183
87 215
226 202
137 154
83 142
180 213
197 168
240 257
86 174
182 235
11 91
242 203
109 216
130 181
183 268
44 75
241 159
33 291
7 199
55 5
21 106
199 165
106 253
105 251
230 165
320 143
211 117
21 294
177 241
214 64
18 120
251 241
255 171
269 216
317 47
165 2
12 298
253 244
295 183
254 55
14 295
4 212
259 186
280 160
282 247
35 221
264 274
21 215
249 295
229 96
318 302
128 77
234 313
222 40
109 315
207 100
276 33
151 322
245 304
38 53
78 260
294 154
241 145
273 164
114 18
158 84
34 78
266 213
49 233
16 285
172 257
234 294
282 249
38 236
202 295
208 54
104 186
42 80
45 288
181 84
248 45
111 208
293 61
140 55
106 78
218 48
80 197
164 118
100 39
131 94
20 175
288 210
147 97
269 156
16 206
126 264
284 108
93 58
269 257
312 17
38 181
135 25
120 305
277 165
25 162
106 274
131 309
322 93
167 272
2 55
91 307
314 2
105 86
34 243
268 68
322 237
19 216
321 266
288 241
28 183
138 278
296 107
73 194
291 20
88 293
46 52
172 224
93 316
70 112
159 222
1 259
35 6
239 217
35 155
119 257
206 92
288 212
62 106
196 148
273 62
229 148
78 110
34 256
127 181
266 82
116 322
317 300
84 36
192 12
86 10
174 168
287 56
309 222
223 220
282 241
233 245
9 69
208 286
48 72
153 54
295 118
235 162
251 170
73 160
58 225
154 110
213 303
91 23
223 36
1 293
77 317
92 34
209 172
313 32
99 62
278 0
183 306
243 36
108 168
24 231
51 160
142 227
184 131
266 273
72 65
244 252
193 135
304 306
172 123
165 120
162 291
228 201
148 24
89 41
281 27
118 229
286 301
144 7
300 180
66 13
2 299
126 69
69 283
212 186
196 28
137 36
1 85
2 172
213 301
57 73
270 68
298 316
179 80
89 127
35 212
189 141
321 238
275 64
318 204
234 103
58 10
291 280
18 215
197 162
97 269
283 236
181 164
301 182
113 233
252 21
87 264
57 8
22 227
139 153
87 129
97 176
249 63
2 306
69 181
107 108
87 306
289 279
119 186
23 126
142 7
290 219
231 247
322 103
132 175
52 229
59 40
113 79
254 233
150 74
92 322
13 202
29 285
270 248
135 132
197 304
6 299
301 250
267 84
263 157
47 136
281 294
237 110
302 146
274 147
230 286
306 104
31 294
167 273
198 260
86 191
286 209
311 20
119 205
189 213
109 136
276 186
5 152
48 108
279 275
134 75
292 224
12 266
3 259
218 277
280 204
45 202
321 222
50 225
262 29
1 42
49 94
254 174
202 176
183 276
181 141
313 149
245 11
71 277
220 280
280 279
112 38
266 158
138 97
236 313
304 229
151 236
230 282
13 182
115 307
113 193
64 302
122 50
133 11
135 43
295 185
156 29
102 269
320 262
86 95
258 197
1 210
6 5
205 80
181 240
253 129
118 260
226 76
279 124
37 235
36 136
137 100
261 322
213 233
268 262
10 13
69 156
145 303
308 156
137 156
104 278
213 256
280 228
301 91
133 272
209 245
221 11
191 217
5 85
51 290
29 16
39 222
6 78
134 273
46 107
172 280
190 167
220 183
256 198
241 149
211 105
42 110
46 266
11 163
280 232
233 72
238 283
320 258
215 69
234 63
70 229
91 126
74 217
102 230
152 197
242 201
97 267
123 99
168 270
243 227
305 278
229 267
284 7
110 68
150 154
141 210
232 171
39 168
249 65
261 314
270 134
263 45
8 320
261 304
182 214
50 200
135 173
186 198
257 60
100 73
81 263
273 168
2 285
289 174
109 0
71 140
123 152
198 173
247 64
84 74
40 289
211 8
40 316
204 81
31 40
224 32
94 43
194 322
200 200
296 254
268 297
288 3
192 117
91 136
306 289
160 78
42 321
184 47
185 137
239 207
43 202
116 61
278 157
80 208
233 272
261 76
58 64
12 300
100 156
166 32
46 268
81 143
314 68
118 144
185 268
190 221
6 20
24 101
30 263
170 168
70 217
87 65
224 289
55 147
230 38
265 188
137 322
291 226
170 320
202 201
52 58
191 178
38 276
323 222
296 296
71 102
187 26
28 72
186 196
293 272
58 94
18 122
44 144
2 225
127 253
284 242
192 298
1 155
176 34
207 133
205 165
109 7
271 165
246 220
214 119
193 260
4 20
265 250
251 313
32 307
203 177
115 319
173 210
243 287
237 247
66 210
238 63
176 305
79 16
77 195
156 320
90 89
237 226
98 273
17 201
313 21
180 24
321 73
150 238
129 95
173 278
173 1
122 181
305 303
260 16
64 183
253 282
128 49
314 147
63 78
157 151
87 127
155 290
214 163
22 171
212 300
56 114
278 87
276 47
271 89
158 223
139 197
106 68
200 264
310 76
138 319
171 42
310 14
111 135
57 41
20 1
123 247
96 26
313 92
164 316
277 40
114 130
11 170
175 20
171 147
84 273
210 107
196 63
196 6
269 296
161 35
178 7
163 197
92 314
166 139
145 49
282 190
210 259
4 198
135 271
33 275
3 12
248 3
217 274
31 97
34 320
31 296
156 75
309 58
129 218
34 121
107 284
31 198
42 175
34 157
321 30
191 148
267 6
164 94
95 28
188 72
321 211
162 247
314 43
75 35
155 219
159 1
6 196
26 129
112 187
93 163
124 237
298 300
244 270
157 82
224 227
246 33
245 37
257 39
159 220
198 36
84 236
63 114
285 297
167 120
171 268
323 52
310 317
216 10
0 214
146 12
0 309
114 120
141 114
185 194
39 281
293 97
109 40
241 172
221 208
10 309
219 12
197 49
132 307
109 267
222 151
244 46
27 115
10 293
180 158
24 269
59 223
197 4
69 254
245 44
150 69
323 2
58 47
255 252
35 214
47 86
73 157
160 244
157 176
147 67
99 320
278 268
290 297
181 72
116 250
172 167
123 160
137 26
265 214
243 105
77 27
319 268
95 135
291 282
94 132
293 75
88 53
140 253
43 124
194 233
158 322
239 320
211 239
59 105
20 109
116 1
76 109
178 5
49 187
194 101
52 303
236 107
127 311
69 176
24 141
242 282
59 58
2 235
144 33
289 15
98 25
163 1
304 283
211 226
195 155
252 45
53 266
30 45
95 102
281 291
74 92
107 66
186 38
41 227
71 136
27 137
141 208
38 312
63 116
199 61
70 93
308 228
143 226
165 258
279 9
282 202
46 105
39 322
310 108
299 247
320 210
278 257
180 288
108 301
116 237
155 318
309 28
123 191
295 167
121 102
15 182
218 165
144 282
296 36
102 25
45 121
221 188
109 232
303 140
199 161
33 273
120 275
142 127
130 213
151 191
307 271
171 278
176 108
234 181
321 122
189 16
102 89
56 265
242 125
153 106
289 65
230 288
265 102
34 176
211 288
249 125
153 45
267 209
271 148
30 32
281 311
296 116
72 89
310 134
142 204
253 27
296 243
281 106
254 89
144 113
14 313
222 38
120 53
55 24
184 258
217 74
138 225
253 191
87 93
80 237
174 34
193 118
194 148
136 72
126 163
280 17
126 8
23 146
84 218
274 280
231 12
251 190
24 224
238 70
106 197
251 153
119 95
83 256
101 90
284 210
27 131
88 125
90 170
210 260
173 197
35 322
318 147
45 25
124 103
281 173
143 35
164 312
98 257
96 287
264 280
205 122
122 280
149 31
88 266
86 133
29 233
54 169
61 1
279 101
302 299
323 97
294 22
239 154
110 295
306 263
25 125
70 293
257 205
140 204
88 176
94 13
259 17
313 285
58 130
93 318
182 314
37 137
161 128
198 6
267 295
59 28
121 27
222 184
115 2
38 283
235 146
173 308
175 255
64 238
292 240
255 60
306 77
173 284
208 153
19 55
172 236
4 289
62 263
212 273
283 149
177 281
8 270
10 48
306 221
97 117
74 14
212 260
113 94
169 136
171 40
76 216
96 22
111 37
121 153
119 306
185 40
135 91
3 200
168 316
39 137
162 289
210 240
253 91
213 228
143 310
28 291
217 16
252 127
23 210
237 220
84 166
242 257
277 316
208 273
234 154
95 24
177 179
124 292
177 232
262 19
162 13
200 298
15 92
64 290
180 146
264 96
63 276
136 232
14 152
193 76
40 18
256 109
246 46
322 186
200 271
232 10
2 199
71 153
21 55
222 243
127 322
75 135
39 118
320 75
160 136
110 258
139 90
274 321
258 231
185 281
130 126
255 204
222 44
108 64
89 69
147 148
40 225
125 308
22 156
286 189
169 204
86 113
267 226
7 278
188 117
30 246
222 105
303 119
254 41
298 290
175 197
41 25
50 189
167 301
285 100
29 5
210 195
138 55
260 284
299 302
192 300
114 225
261 286
184 19
164 140
15 275
124 221
214 215
302 39
209 288
81 287
195 61
286 241
282 186
319 36
76 212
17 287
208 237
26 164
223 226
106 296
27 299
32 122
98 155
85 178
140 58
162 64
299 292
317 160
314 94
89 146
125 219
230 263
147 64
208 198
223 229
99 257
251 150
76 56
98 230
23 154
190 116
205 100
184 7
62 37
23 206
138 273
21 296
236 1
291 174
78 62
210 56
49 301
6 201
105 216
41 121
281 11
144 62
300 25
214 260
93 127
75 27
20 121
263 49
108 183
26 26
181 199
243 232
157 149
27 111
60 283
217 283
50 242
272 87
196 174
124 173
224 295
261 265
256 127
115 196
142 211
23 148
234 121
24 309
29 60
304 201
78 199
12 302
111 23
247 307
70 26
180 195
87 183
93 217
235 321
16 82
179 156
117 16
243 79
158 53
187 270
224 38
185 217
266 44
116 144
175 36
23 71
45 38
103 267
263 90
88 11
121 159
240 163
319 31
66 297
55 46
44 49
158 276
287 168
246 211
190 219
22 268
121 113
72 134
275 189
262 138
150 181
24 88
146 262
179 1
97 233
206 114
235 288
169 156
5 118
112 128
49 202
92 291
293 35
278 270
22 208
205 178
265 143
160 165
276 181
27 176
259 303
43 126
79 223
1 158
238 56
209 253
57 133
40 204
272 3
84 121
297 211
221 22
148 199
57 282
95 164
167 59
64 130
3 223
47 209
264 138
287 191
31 58
194 257
206 201
58 82
24 301
9 114
228 80
292 255
135 107
3 16
295 158
267 112
86 185
314 195
304 182
232 64
88 202
235 105
306 313
114 122
200 24
42 23
84 306
317 251
274 291
226 132
245 264
116 72
278 145
142 238
162 33
227 97
262 279
3 86
304 188
322 183
230 248
89 280
98 202
286 85
209 105
298 188
272 57
237 267
104 59
119 246
130 191
85 281
31 217
175 226
170 159
45 243
278 280
314 260
145 117
3 216
94 139
221 7
137 46
149 213
68 113
204 173
194 283
90 176
80 170
308 79
152 155
45 113
142 55
176 113
167 149
72 237
268 9
139 101
270 125
316 209
75 307
168 319
174 224
34 146
163 56
279 44
276 88
73 137
260 93
184 235
107 258
26 178
265 318
26 319
305 180
32 290
20 255
139 315
33 185
156 53
28 289
285 254
269 70
147 264
42 127
154 47
312 124
232 282
68 280
228 37
160 204
113 249
25 41
109 291
318 209
68 134
248 261
85 93
148 65
287 170
257 203
68 301
226 192
11 295
288 312
192 210
263 171
143 293
273 201
182 70
96 161
125 259
221 42
311 50
145 182
30 117
211 37
241 278
181 86
152 238
207 253
207 125
269 202
240 56
16 301
40 255
220 49
178 229
168 202
278 225
179 112
222 101
178 57
272 75
307 277
160 279
305 60
117 7
310 22
285 146
178 9
262 281
137 280
162 49
169 187
72 316
306 120
270 203
167 56
13 170
76 155
57 142
248 54
208 134
221 163
153 196
153 72
228 140
89 298
297 212
161 109
286 213
294 250
171 12
156 100
39 183
111 171
278 319
234 287
232 28
43 25
270 60
289 191
111 115
197 129
153 182
193 127
106 312
239 40
302 12
34 100
190 244
140 230
244 268
194 21
142 273
189 207
18 5
313 3
233 167
73 182
39 19
160 48
140 73
138 291
37 309
46 88
150 219
47 56
125 183
195 318
161 111
216 48
39 121
301 164
211 99
43 293
177 213
186 282
12 225
126 102
296 256
31 206
127 260
191 207
192 17
48 84
174 85
266 68
32 202
135 69
260 79
261 267
297 160
190 66
171 149
299 107
211 304
199 50
227 308
199 48
289 19
269 25
116 287
268 160
75 316
119 13
129 99
269 127
81 67
120 154
10 53
276 27
217 123
266 56
164 195
303 252
0 54
134 102
213 62
170 2
22 37
42 40
69 161
302 152
212 298
270 321
61 294
321 283
121 198
241 293
30 231
228 203
30 47
218 60
21 35
100 88
282 34
20 117
257 74
193 177
172 131
292 320
215 258
92 184
82 186
301 195
110 64
113 146
218 279
277 259
261 27
74 266
89 296
284 131
81 168
262 277
265 139
82 73
217 234
224 287
196 57
64 175
52 185
162 11
279 177
304 57
232 293
166 136
7 153
206 286
255 250
159 82
216 230
111 205
214 40
101 87
165 246
192 276
237 281
253 59
74 198
219 1
184 309
32 272
138 106
232 184
134 151
177 0
187 105
234 27
48 204
272 27
128 280
237 245
310 295
174 159
38 170
214 66
18 16
183 90
68 197
96 297
182 8
308 103
295 212
109 299
208 194
94 284
110 124
60 199
3 210
165 116
112 185
320 27
96 52
129 63
8 300
111 49
135 10
283 27
16 106
17 219
134 140
221 18
40 291
243 254
237 55
309 60
264 161
100 35
241 35
244 157
102 116
123 183
290 265
167 2
141 75
151 45
237 160
150 48
77 236
75 222
170 157
267 321
243 118
242 284
105 109
151 56
153 284
251 244
172 267
111 126
13 103
195 178
73 47
316 194
278 117
318 264
111 234
118 124
59 26
74 300
193 90
138 321
161 207
113 101
51 294
126 161
69 20
272 322
254 225
31 162
6 57
243 259
163 276
297 131
170 199
48 243
244 80
96 226
187 150
86 6
38 97
51 149
194 275
292 228
55 112
302 7
92 69
296 268
246 10
94 101
61 65
160 294
294 271
79 262
190 241
19 253
229 197
67 308
44 26
88 115
321 28
295 147
210 320
294 248
49 19
89 85
73 153
46 244
42 44
148 184
56 160
18 244
73 162
301 117
305 323
250 300
45 41
123 278
30 177
169 83
142 206
72 80
9 14
115 198
69 310
61 56
248 173
216 189
49 198
74 22
296 170
58 114
8 182
79 264
136 28
150 54
277 163
179 214
56 148
313 162
320 264
269 322
116 84
186 274
297 88
297 135
237 182
203 319
314 242
148 84
273 155
80 65
283 297
42 282
244 159
21 307
152 178
36 276
247 40
225 36
122 93
153 176
312 130
110 218
299 318
33 212
33 148
219 175
1 195
74 276
216 106
49 96
23 233
214 196
310 275
78 249
295 97
242 289
130 216
47 272
17 19
214 134
267 99
135 231
240 200
43 51
127 198
219 269
87 87
143 295
169 154
143 32
318 293
90 235
301 42
241 48
161 126
56 135
261 158
212 192
111 102
163 165
236 120
133 89
259 159
278 51
185 31
112 121
244 191
20 268
79 35
37 303
265 248
161 50
301 271
9 322
53 306
151 72
123 261
298 240
132 213
167 299
160 112
198 82
264 52
136 174
310 127
266 275
126 172
301 229
321 124
71 228
137 170
237 254
294 63
273 232
104 77
62 2
22 285
101 268
83 92
261 105
212 194
241 199
136 55
302 171
309 284
85 310
252 277
263 188
251 264
0 62
116 121
21 229
116 63
207 178
273 188
61 212
51 187
298 133
47 94
215 271
168 75
308 201
231 30
114 259
110 14
135 300
21 125
322 171
76 237
213 320
291 274
79 37
203 60
41 221
188 19
173 220
174 285
221 103
315 126
73 155
31 132
136 203
169 95
24 108
254 114
183 201
239 281
88 278
136 82
5 148
258 174
299 288
212 215
294 99
34 137
93 283
24 195
2 304
72 14
2 302
52 193
113 22
304 117
312 57
230 120
267 256
165 5
92 79
180 45
2 209
44 267
85 187
189 14
270 263
61 101
226 269
88 104
223 127
67 277
323 123
37 183
226 54
161 256
302 297
125 249
100 122
107 137
136 137
269 188
159 110
322 99
192 166
166 289
197 183
8 81
23 73
31 43
315 37
296 272
252 223
103 87
249 241
39 135
99 27
158 172
296 95
10 0
253 307
30 119
315 174
40 9
192 125
126 312
256 62
219 229
314 57
88 174
103 19
190 225
101 113
65 128
149 309
188 282
50 105
6 269
296 23
210 269
305 203
299 117
34 98
201 197
10 280
240 246
305 139
293 101
294 65
120 91
116 259
153 192
75 318
319 76
118 94
150 94
278 100
29 65
308 140
143 122
136 294
116 24
298 312
143 186
22 1
33 151
308 286
267 116
101 228
7 80
166 313
108 148
121 100
266 252
288 9
0 277
105 60
243 109
258 217
111 137
5 279
41 314
233 177
101 123
228 288
281 9
238 173
98 55
50 207
253 69
239 221
112 183
258 237
255 63
146 179
157 262
60 75
57 254
270 147
15 63
264 141
91 68
313 261
234 152
151 156
207 288
50 169
286 57
254 199
6 310
278 227
179 162
186 225
197 222
176 160
253 172
102 60
213 245
254 131
222 137
32 134
239 232
25 196
206 272
216 121
278 184
269 249
46 179
142 51
204 248
294 146
190 92
152 98
135 224
92 0
241 255
193 19
84 220
125 106
102 96
231 186
4 78
134 200
32 146
199 226
238 116
241 197
80 74
269 7
61 104
246 194
169 272
84 103
1 13
284 102
225 9
185 199
134 202
162 243
215 8
103 110
215 262
139 155
120 259
279 233
148 246
251 62
319 110
229 190
220 3
157 221
44 244
87 200
301 289
190 170
195 235
197 261
230 168
136 223
10 38
256 58
305 223
7 271
233 102
267 101
23 253
129 21
18 259
28 319
225 127
33 109
7 155
157 194
316 167
281 100
217 35
319 234
294 123
95 159
72 239
249 71
126 34
271 189
181 249
219 160
35 318
27 89
140 293
284 136
157 183
245 254
68 0
191 180
259 271
118 110
237 231
176 22
178 242
121 35
257 158
112 119
147 185
273 88
31 245
186 116
136 278
177 211
85 147
189 168
45 54
30 135
322 224
253 197
6 171
214 185
90 34
280 206
137 250
219 46
177 170
186 311
111 286
255 3
149 124
92 192
167 83
80 154
253 36
117 122
314 172
103 247
181 255
299 310
57 144
148 99
307 27
132 74
200 46
201 181
39 165
171 299
239 292
298 298
306 133
116 38
210 274
254 163
1 212
213 75
299 47
41 51
72 132
287 54
154 217
49 254
198 68
33 50
260 290
70 95
207 223
304 61
169 97
55 22
264 307
245 31
8 44
231 291
32 116
289 254
55 105
42 225
105 97
312 94
35 266
118 203
229 50
179 138
41 305
210 191
293 182
177 21
316 239
194 17
320 54
142 111
18 240
91 41
225 108
52 245
106 262
84 95
115 232
25 236
105 261
310 106
192 147
118 312
63 82
79 68
61 115
74 48
34 160
199 56
89 163
240 295
161 229
294 181
131 96
255 129
54 298
6 71
98 35
280 19
110 41
323 152
202 206
220 207
34 267
55 72
311 273
322 101
273 111
125 60
261 38
321 111
189 226
174 306
51 45
139 151
24 175
167 11
79 153
167 78
159 76
293 1
186 56
126 217
251 116
314 119
7 37
91 172
7 113
311 7
246 136
145 32
194 241
39 11
136 34
103 280
144 10
132 20
174 83
232 215
191 213
183 196
102 242
236 134
256 169
242 103
39 265
2 133
125 310
71 138
165 77
147 250
134 171
153 275
216 209
180 66
6 18
146 15
76 299
241 234
80 214
253 150
174 145
303 87
271 130
39 318
23 124
65 174
294 296
314 22
149 258
295 160
40 161
58 134
240 202
230 269
273 145
107 216
315 21
32 256
139 265
153 194
76 54
48 271
152 126
238 224
146 142
140 31
315 161
220 187
151 249
145 175
274 242
187 312
294 107
162 225
198 274
309 91
140 312
231 60
18 62
212 315
20 92
71 174
92 12
75 227
102 168
120 64
70 88
318 156
193 153
23 14
149 237
278 260
293 152
266 138
21 41
252 114
27 71
294 95
249 306
306 143
206 203
43 308
124 105
170 131
310 95
37 101
43 47
71 5
229 73
96 42
213 238
205 53
316 241
50 164
211 150
58 161
194 277
16 8
294 273
223 91
22 121
200 170
88 262
213 136
262 17
24 168
189 1
268 65
68 306
264 108
231 267
323 86
104 249
214 76
135 192
241 39
319 247
252 303
142 62
129 127
107 173
4 298
164 37
282 226
133 301
55 110
108 265
136 240
103 78
132 14
216 78
133 254
13 62
184 133
160 30
35 229
177 209
66 301
103 240
63 41
45 209
264 298
104 155
309 166
156 48
201 284
75 39
224 40
14 9
84 186
122 52
117 320
255 256
30 115
42 255
54 80
154 283
82 144
134 196
297 248
291 284
106 110
228 95
265 26
161 312
31 155
235 160
140 97
144 224
244 193
154 288
204 12
199 14
44 84
311 200
316 172
132 238
162 293
19 280
83 271
48 303
293 40
63 0
43 28
57 57
21 309
132 290
262 52
193 79
224 218
105 66
312 197
127 7
18 311
310 319
178 312
82 166
252 105
299 211
176 230
57 223
197 254
298 8
227 147
206 127
101 148
187 281
191 242
105 276
90 78
242 129
138 138
314 45
77 254
268 276
93 145
108 57
152 240
160 296
286 164
223 8
129 134
87 311
129 71
307 230
239 241
155 72
181 291
99 120
228 281
302 267
304 206
320 100
299 131
282 221
32 243
317 135
101 270
105 298
95 191
92 143
40 277
190 54
108 314
56 11
53 1
114 171
41 195
145 139
48 154
308 31
287 181
194 81
172 44
74 317
148 287
184 34
180 244
39 192
248 323
131 75
42 26
89 67
219 19
9 227
307 73
180 49
110 313
156 317
45 86
123 259
277 240
150 306
111 268
77 239
251 107
204 114
226 50
242 54
71 182
255 85
13 127
271 291
33 155
57 27
17 217
204 88
111 149
320 23
90 161
33 183
115 75
223 207
125 323
79 120
92 320
56 162
160 153
140 34
25 169
182 66
5 200
127 222
308 273
194 78
177 101
65 185
305 41
104 197
233 268
86 103
262 243
79 217
74 90
93 31
114 212
31 284
290 320
184 45
133 62
262 47
206 248
22 231
163 22
17 275
34 269
66 163
215 12
220 120
113 17
65 208
264 99
167 240
40 275
59 30
167 151
79 14
29 131
323 95
167 80
323 322
178 114
163 259
312 319
298 209
276 318
321 79
56 137
267 156
197 84
26 317
31 274
101 198
133 77
215 303
65 311
293 79
228 247
298 11
272 203
65 292
302 63
266 80
1 279
129 307
150 71
208 127
174 98
167 268
163 224
119 228
310 170
25 89
178 239
271 128
185 135
3 45
183 296
115 315
129 124
219 125
185 17
285 150
86 44
239 255
136 270
157 198
155 96
76 260
178 216
254 105
78 314
141 303
266 155
105 91
197 127
300 44
33 295
276 17
124 171
177 183
265 104
4 196
321 180
170 202
112 282
79 61
166 24
290 46
111 39
255 65
106 230
184 266
20 107
322 220
110 159
251 248
22 86
168 137
237 7
84 180
294 242
211 164
33 30
28 46
222 227
115 230
289 285
131 254
278 299
122 37
212 162
111 95
66 256
276 253
218 256
139 75
53 168
33 97
158 2
186 272
275 61
15 51
216 214
289 271
300 320
197 306
307 303
243 305
201 215
39 306
142 286
0 133
283 12
170 75
19 229
96 274
294 59
65 57
130 176
205 72
118 50
64 37
211 217
48 241
233 255
135 46
210 36
284 201
153 56
229 0
160 276
183 86
132 194
144 203
45 286
295 218
57 112
310 196
105 157
281 102
163 116
275 154
263 143
271 234
169 291
84 13
276 116
21 58
175 18
153 49
287 149
288 304
75 53
27 197
295 42
297 77
62 240
175 30
104 227
19 6
278 159
273 234
164 294
246 196
75 91
187 17
240 138
135 100
2 104
228 133
245 39
200 294
162 198
99 124
161 160
215 319
104 148
87 82
12 280
319 108
241 232
307 317
190 118
49 289
132 222
165 41
202 322
3 180
113 52
247 35
231 145
14 302
273 90
67 250
39 227
316 93
156 264
42 241
5 44
218 232
176 146
198 146
310 286
107 220
62 296
239 59
72 216
217 21
254 146
16 210
321 134
48 40
127 152
9 278
100 60
212 119
164 248
173 137
166 270
40 166
63 311
145 309
104 15
281 127
191 74
113 103
279 13
5 56
229 40
172 103
295 137
315 30
152 323
35 184
222 71
286 87
65 303
71 48
106 76
38 320
303 289
26 42
313 30
3 237
249 23
207 123
227 49
234 148
7 83
208 277
124 135
14 244
27 57
118 63
212 64
67 295
181 297
214 23
77 36
14 61
110 16
94 286
87 172
92 104
271 170
91 138
266 141
299 164
210 189
221 45
38 49
95 189
52 295
172 169
268 255
34 178
188 318
70 15
282 110
64 307
37 232
201 217
113 284
59 227
272 1
111 139
52 285
210 238
298 51
17 253
178 66
272 283
65 276
62 260
231 99
318 245
137 104
170 266
83 81
53 148
85 270
178 288
21 209
128 154
1 124
279 211
300 314
22 119
174 280
6 252
293 217
203 100
260 175
322 173
260 269
318 257
163 296
77 29
238 203
66 132
222 78
91 106
131 63
186 284
295 258
92 40
257 271
158 80
186 101
125 113
212 321
185 28
175 106
12 296
74 164
272 135
108 42
231 212
104 167
224 125
28 199
268 260
76 45
75 122
155 228
225 272
74 156
296 93
299 245
179 310
10 320
292 39
1 131
138 58
138 252
40 283
135 269
115 234
128 231
83 118
154 237
300 11
132 320
139 4
39 202
112 116
229 213
46 138
70 197
42 289
232 81
27 29
82 260
67 293
122 274
314 72
234 262
235 190
17 205
69 292
294 223
86 307
223 161
8 166
217 270
142 266
284 67
281 66
90 308
129 78
201 104
173 133
215 82
31 257
70 142
36 153
288 267
248 243
288 80
9 55
11 126
151 195
300 134
132 288
0 281
253 14
165 56
291 16
24 53
32 221
7 149
209 150
170 210
303 59
219 173
259 266
259 286
113 227
279 173
46 110
132 279
78 217
157 219
184 146
281 298
298 121
265 6
274 72
222 145
211 296
149 235
272 172
53 130
241 319
147 318
270 37
231 174
300 105
200 296
6 292
35 223
192 228
196 81
37 322
60 82
39 292
280 283
213 36
95 48
174 115
244 142
99 322
198 57
136 194
3 105
306 252
197 55
53 45
276 292
212 237
11 128
206 88
274 312
198 271
37 282
119 231
109 172
70 312
295 152
244 138
280 29
181 201
5 185
169 20
180 285
268 133
295 230
96 133
150 256
73 26
17 21
180 47
297 118
229 246
58 62
70 110
56 308
122 193
300 317
25 133
97 51
204 175
199 267
44 146
177 226
182 57
74 108
3 118
37 132
243 173
48 76
193 168
269 259
102 187
283 62
114 77
76 49
64 206
59 43
105 136
121 307
238 235
67 20
136 168
278 278
76 267
290 63
14 96
263 134
161 5
262 170
3 188
210 271
70 133
155 98
4 183
136 238
263 223
233 163
258 239
282 237
58 284
94 99
86 122
172 13
219 82
193 150
301 211
88 185
216 160
276 72
91 284
184 313
37 72
51 254
70 238
314 48
276 135
62 256
165 79
78 321
127 32
226 318
171 137
36 116
178 291
103 112
244 281
270 154
255 76
9 16
270 58
231 256
308 218
240 115
14 22
253 152
307 114
87 203
6 190
16 312
315 207
248 24
193 49
253 229
295 216
21 253
57 152
173 40
227 107
260 272
111 323
283 97
49 147
93 308
108 188
260 190
276 19
126 220
299 213
143 267
246 262
156 180
185 36
286 116
59 319
121 276
129 322
75 137
243 177
168 314
72 319
270 132
290 311
172 285
191 193
27 207
174 109
192 224
254 289
117 95
8 225
50 232
163 227
229 146
313 222
3 170
66 17
280 185
197 273
232 150
245 95
3 120
91 190
248 311
80 199
82 207
60 232
252 174
87 280
97 322
267 110
291 121
113 312
52 81
169 241
249 225
95 296
117 120
91 164
233 11
128 73
204 323
86 176
210 162
210 152
152 190
88 170
151 212
13 246
104 75
266 184
84 146
36 197
166 315
79 66
242 116
297 166
260 306
81 256
213 108
192 194
111 75
214 299
269 116
67 57
124 137
232 89
182 50
98 235
158 190
59 254
273 282
279 53
16 140
24 16
249 153
109 285
55 89
65 254
21 154
201 145
10 40
11 49
68 183
295 103
123 112
187 218
136 171
141 264
55 202
291 276
204 152
239 294
124 312
80 70
140 206
286 162
266 296
24 208
233 243
206 238
268 225
84 51
54 285
245 228
12 99
221 109
94 1
180 81
31 35
262 306
264 278
241 80
39 82
123 272
130 239
240 230
172 222
28 231
32 149
107 156
159 31
241 291
70 114
0 56
141 240
88 238
88 28
181 59
159 240
261 78
300 300
153 159
41 165
81 319
280 133
60 265
164 290
212 101
220 71
300 290
23 84
124 294
1 222
305 28
29 294
199 320
311 73
135 8
197 166
211 248
101 246
46 145
210 134
56 225
118 27
2 202
144 269
302 313
163 205
299 119
80 322
95 272
322 277
104 89
236 114
45 51
189 149
25 243
169 184
323 311
177 2
83 94
59 267
103 114
134 304
188 198
44 178
30 133
93 4
288 179
319 206
34 117
139 263
229 128
54 39
264 153
129 224
6 290
226 39
233 283
30 18
286 211
114 84
292 303
158 12
162 166
200 49
215 192
206 129
185 227
83 148
131 80
151 314
248 274
244 263
154 256
146 17
232 15
17 153
271 187
250 54
116 239
56 284
118 14
199 52
111 145
25 104
141 185
55 171
146 132
101 238
226 289
322 0
259 291
279 322
137 95
58 228
106 228
222 141
75 154
16 212
215 55
35 231
2 102
279 114
204 286
258 233
123 204
185 270
70 100
56 141
113 0
235 216
76 214
149 319
211 244
273 190
43 79
71 104
118 201
48 58
177 86
180 219
235 81
316 186
68 143
55 26
291 299
32 246
3 70
301 10
165 164
279 15
40 91
168 91
59 72
169 42
124 158
263 210
129 136
18 242
254 169
222 110
20 53
167 13
149 95
313 238
164 191
173 269
138 30
160 242
142 172
225 206
79 288
309 7
12 8
22 17
294 205
196 70
111 173
97 53
95 3
108 76
104 111
138 231
310 81
278 175
37 118
223 291
58 80
283 10
302 317
4 225
198 176
169 150
200 174
149 119
126 251
127 156
152 244
130 144
115 247
149 220
60 61
13 129
93 47
306 305
20 66
32 176
33 245
280 25
308 101
1 237
315 149
251 19
122 91
275 112
277 180
265 24
51 223
292 297
223 34
89 105
38 185
290 270
4 257
269 316
273 60
221 186
167 277
151 95
210 276
281 180
277 125
40 163
145 267
133 114
271 282
159 206
63 152
28 209
181 260
82 1
146 124
128 251
52 127
100 230
77 222
158 203
132 81
42 9
15 104
177 254
304 251
92 38
101 251
219 36
257 251
83 286
192 152
82 237
189 90
121 205
15 117
314 240
99 171
154 74
188 167
29 162
154 244
127 135
157 278
170 235
252 262
21 242
224 242
12 175
189 269
301 119
147 201
94 60
316 128
126 115
191 309
255 107
90 72
312 48
296 223
262 298
129 140
253 287
311 75
86 232
265 51
253 107
297 246
165 193
34 210
29 95
27 21
47 255
150 41
4 293
273 253
264 244
0 70
90 109
18 56
35 303
308 95
280 68
244 9
192 319
246 190
155 197
61 230
96 122
111 311
144 178
163 163
206 299
92 242
48 106
218 260
115 145
42 284
213 173
107 297
107 281
214 21
63 261
94 183
151 214
226 195
21 238
85 182
215 170
60 228
239 169
31 109
215 67
237 315
114 302
112 170
114 294
132 116
66 176
260 237
14 140
281 125
134 289
132 143
51 301
1 100
217 272
192 157
61 93
33 162
249 197
127 194
70 80
257 64
94 310
274 153
261 127
237 222
227 35
47 290
212 188
214 83
137 264
54 82
66 252
252 67
48 104
232 38
300 189
294 150
166 118
311 198
239 127
226 89
30 204
223 21
68 252
81 258
176 32
283 101
3 157
12 276
281 14
283 130
58 163
199 163
232 143
200 202
31 33
266 279
68 235
294 228
148 86
173 111
189 315
283 281
72 67
289 283
24 260
132 252
294 219
170 155
181 2
8 170
6 48
323 238
119 151
235 246
93 320
239 38
165 14
88 295
152 306
26 245
273 58
55 129
314 127
105 198
53 187
143 3
314 320
263 136
291 184
234 2
113 75
194 311
61 190
108 25
240 206
27 61
124 162
252 162
32 219
154 180
267 248
301 278
212 24
110 25
166 34
205 60
15 201
217 314
254 113
187 268
183 292
94 185
73 166
314 109
146 95
156 225
145 136
278 46
125 321
104 243
203 296
259 215
82 75
170 276
90 43
302 150
158 185
150 199
18 0
81 119
168 85
169 40
19 105
160 65
31 60
214 232
176 279
218 220
149 147
266 10
86 8
312 71
110 289
114 0
217 286
37 222
307 245
224 148
117 125
316 119
252 305
83 182
8 0
63 294
154 101
210 286
277 276
179 178
318 304
69 102
215 74
206 276
235 267
239 145
62 91
320 220
208 239
202 203
95 44
93 24
81 76
169 134
198 169
20 139
55 58
248 211
6 183
68 101
248 223
321 25
238 100
41 20
306 201
30 153
184 274
134 113
42 264
300 7
59 240
34 306
132 240
181 307
298 37
303 269
197 8
83 278
41 84
303 79
269 320
69 278
88 191
5 120
195 255
82 51
179 78
111 147
269 112
298 167
50 196
67 208
88 7
68 111
156 223
306 228
313 38
288 45
55 1
46 270
115 313
288 67
282 292
188 74
45 123
115 96
315 97
59 24
15 264
282 228
135 89
37 55
319 21
37 6
82 37
104 95
99 116
138 295
228 14
125 136
271 201
78 215
231 254
26 87
12 47
215 35
13 173
319 254
122 39
86 218
38 8
112 15
276 101
114 299
59 282
213 243
260 28
262 15
279 112
157 95
151 122
21 147
304 27
48 200
169 298
61 24
20 83
308 112
65 250
312 14
130 73
80 0
103 17
32 270
251 43
21 72
240 147
4 204
142 255
86 105
177 174
23 243
159 151
121 260
277 10
94 158
10 70
277 206
139 170
75 303
89 306
269 100
49 209
141 53
276 255
105 316
187 40
219 107
256 56
187 142
99 48
231 177
149 116
239 215
137 70
257 255
89 216
311 115
42 92
61 276
132 118
111 141
12 168
29 116
193 312
131 179
263 117
52 276
232 313
58 150
185 100
278 48
164 129
178 252
216 220
309 288
110 207
269 129
266 277
69 4
220 185
166 47
251 103
321 233
180 57
117 51
38 99
5 22
15 184
275 235
245 29
57 171
2 214
20 260
220 254
151 270
129 234
46 252
148 17
285 144
232 24
298 116
61 117
183 61
138 79
101 62
151 258
152 47
163 193
9 318
242 209
119 40
139 95
0 92
86 12
16 314
2 83
121 40
301 64
89 178
129 97
30 288
241 84
156 111
68 92
306 79
55 38
169 66
161 124
74 272
313 107
158 272
36 53
13 118
75 161
68 229
14 265
202 317
111 157
262 92
283 45
28 48
221 257
217 19
312 126
97 29
170 100
82 323
167 205
301 35
135 302
264 246
105 107
236 323
72 91
121 161
301 143
317 249
174 107
111 106
156 84
191 14
279 205
251 68
185 121
254 201
103 238
230 90
228 144
94 38
263 226
175 102
252 28
212 196
219 281
210 136
103 198
127 170
315 159
102 156
93 165
123 41
284 110
21 39
257 160
231 297
71 155
60 22
116 241
37 228
224 129
103 188
166 22
140 255
316 184
88 142
230 188
99 228
62 83
213 104
262 197
53 310
77 117
6 81
111 97
81 36
14 7
248 209
117 146
73 49
203 164
319 25
191 299
63 304
75 211
262 285
187 103
214 189
202 282
165 293
113 279
224 110
23 295
16 237
51 162
53 37
162 107
257 76
174 161
189 11
180 290
23 308
99 173
242 323
27 166
253 296
245 261
154 70
131 61
58 159
112 40
29 205
237 136
217 261
176 169
228 58
47 178
223 190
264 224
310 32
153 250
244 107
299 267
311 223
147 285
109 322
265 117
84 25
271 30
102 214
62 274
272 205
73 270
205 246
210 197
111 230
249 32
238 219
99 175
249 36
288 116
119 25
124 7
265 54
156 94
177 17
20 14
176 171
286 6
119 248
64 320
160 80
84 269
151 268
65 79
80 34
256 200
196 146
307 319
241 127
174 32
250 21
167 96
5 254
4 103
108 253
114 141
87 85
46 264
178 158
241 288
277 74
49 295
143 209
273 308
4 269
181 253
268 97
183 140
296 99
321 56
153 31
121 95
53 23
107 41
226 59
252 199
215 136
165 223
287 235
99 198
279 258
32 138
152 43
249 245
185 89
278 91
204 282
304 298
173 15
149 249
308 24
124 37
127 309
51 249
284 189
137 7
136 80
72 9
75 245
227 51
32 261
41 168
6 267
66 112
192 241
81 61
159 50
162 105
55 182
232 188
248 5
275 252
258 287
210 251
134 287
13 92
172 109
251 226
16 208
110 119
220 35
173 231
123 114
286 135
179 164
319 295
164 39
223 45
248 127
164 13
105 88
312 171
276 184
270 72
185 252
5 259
39 279
153 258
146 287
105 280
190 124
119 108
86 30
126 295
143 271
260 171
176 100
131 323
215 183
206 54
136 226
282 43
113 223
202 247
289 300
96 11
70 296
220 162
226 109
64 186
299 160
52 56
247 70
65 265
224 81
23 236
194 157
318 185
206 174
106 283
15 193
180 217
262 269
91 145
106 56
158 259
47 251
56 169
230 184
117 3
104 225
310 168
198 70
53 223
150 43
219 28
276 280
162 203
203 134
271 26
4 281
113 156
179 85
221 206
68 177
281 129
195 126
229 130
230 310
177 19
11 51
251 309
68 296
49 157
124 115
255 254
284 104
277 89
301 20
52 196
112 280
321 235
195 50
59 230
185 46
261 91
302 160
239 172
198 263
68 115
88 297
260 2
90 294
226 48
151 302
77 208
78 224
25 316
114 184
271 257
7 254
215 240
23 42
259 36
194 231
316 247
247 6
137 282
294 36
22 298
78 209
112 212
296 205
103 125
101 152
199 262
110 287
84 169
293 67
114 186
280 107
52 60
119 290
220 170
32 267
144 111
298 203
82 71
50 57
292 59
63 127
226 287
61 271
38 120
95 162
144 5
173 184
80 259
71 165
214 271
186 120
86 268
94 30
153 215
311 31
261 36
51 168
216 158
203 51
62 125
158 142
260 245
172 22
312 45
261 271
292 180
249 297
158 114
244 210
182 218
161 245
136 141
285 234
271 317
79 316
92 72
235 56
277 312
66 307
209 155
75 163
228 39
138 147
293 322
111 284
312 19
109 56
97 101
77 264
254 193
248 272
208 36
1 151
318 35
257 253
311 24
321 109
10 167
178 23
117 254
266 8
131 135
99 112
179 254
291 0
135 280
45 47
155 276
236 109
35 80
0 302
108 225
238 239
320 98
230 293
92 309
275 145
228 193
33 7
77 297
316 99
51 37
95 124
233 111
220 164
57 203
224 298
303 40
215 228
88 14
276 1
3 43
270 235
59 128
72 69
3 283
236 62
282 108
90 70
153 151
139 117
176 235
319 208
214 230
282 209
307 116
276 130
280 248
103 216
260 217
293 294
290 267
18 281
207 222
34 65
210 98
36 74
29 283
169 158
24 135
49 250
271 167
19 18
129 23
188 244
128 238
106 278
315 183
192 119
82 169
92 186
60 239
100 168
314 117
237 82
310 220
166 287
307 60
167 177
47 47
267 25
285 62
74 123
271 70
294 116
290 77
315 78
81 69
137 230
178 314
96 0
2 147
315 95
54 126
62 63
154 322
82 105
247 129
150 85
113 214
90 104
129 80
40 13
4 160
213 314
29 30
257 215
263 316
49 248
306 58
210 174
93 224
77 241
192 102
132 191
64 210
245 222
142 225
219 144
44 8
215 172
221 1
64 256
38 17
91 318
55 223
234 15
254 221
290 255
40 49
125 101
252 34
70 201
323 279
39 172
292 120
272 147
255 92
29 92
240 64
159 257
157 97
128 296
23 297
168 63
97 15
133 192
280 144
47 242
95 56
157 234
246 42
28 164
142 11
200 30
223 103
69 240
130 222
190 211
44 81
284 162
83 184
177 310
190 122
253 43
163 214
62 94
221 161
196 298
204 290
234 300
203 1
187 216
300 121
268 214
18 92
183 138
286 10
99 239
63 199
221 132
216 185
152 68
53 160
107 299
141 251
208 270
310 125
95 15
170 315
95 137
194 146
167 20
322 61
30 42
109 257
96 165
44 52
208 255
196 237
234 215
225 64
264 5
303 208
239 279
36 299
278 229
97 115
301 141
99 37
264 3
303 279
245 226
1 69
272 153
76 301
5 83
23 265
136 102
24 120
254 16
234 25
164 34
256 289
322 213
272 236
43 21
52 297
199 184
297 267
239 228
158 205
261 302
61 73
281 276
141 36
212 56
249 140
167 288
232 110
23 177
259 77
160 171
53 157
68 94
266 247
195 15
163 245
84 27
59 5
252 57
93 191
269 218
97 296
153 273
193 74
159 8
156 13
46 39
208 299
212 313
99 169
43 10
66 55
193 279
134 134
215 236
121 183
322 208
148 114
73 75
185 233
104 68
157 227
50 17
221 20
99 52
97 172
219 221
241 17
60 158
60 106
21 152
23 139
89 264
52 231
223 293
176 144
272 59
61 261
174 42
218 161
232 213
239 102
223 42
4 291
175 257
66 202
280 42
249 28
214 10
186 58
257 84
317 109
268 264
152 315
63 185
272 320
56 106
279 158
19 212
179 154
28 235
302 190
40 174
55 204
69 276
56 9
41 82
284 166
151 148
216 116
236 172
265 49
104 214
146 181
171 184
175 183
235 29
209 223
153 269
226 274
90 174
242 207
290 224
105 93
297 75
257 95
57 23
320 260
200 51
82 146
308 251
217 258
256 147
18 285
24 245
163 257
216 33
302 24
301 213
220 168
193 47
8 12
82 90
124 110
157 77
120 149
77 16
197 38
145 180
323 60
171 94
164 288
303 230
303 23
188 271
313 98
24 227
300 227
306 95
106 95
1 48
231 312
195 253
3 98
144 173
280 212
188 190
312 195
238 322
44 23
314 125
18 207
310 160
302 291
232 285
43 91
143 9
215 22
101 188
296 6
219 225
196 176
140 291
283 35
47 77
232 0
7 223
60 126
189 215
155 46
263 1
284 9
8 310
125 197
149 311
256 202
267 317
167 197
116 195
160 173
259 183
271 113
296 48
288 224
109 157
90 27
77 226
4 261
204 83
282 132
257 265
16 6
157 290
160 33
222 130
273 66
264 82
21 3
69 242
252 209
127 218
207 284
219 127
60 44
315 56
221 139
284 310
86 52
255 36
142 30
85 240
18 301
233 30
202 199
179 3
109 66
134 105
250 312
267 221
303 223
144 115
23 55
143 176
96 229
137 151
206 290
18 107
263 319
280 292
80 63
119 277
55 42
180 292
147 31
39 114
251 279
109 209
73 28
56 221
219 261
8 48
149 313
273 148
296 90
218 32
309 271
134 116
302 89
75 270
315 176
178 61
108 68
34 279
253 51
116 309
250 195
283 258
114 41
1 276
215 315
53 128
197 226
287 298
168 175
177 197
256 174
233 92
85 216
52 207
253 116
124 251
31 213
300 241
86 27
72 198
185 44
316 147
253 280
51 147
289 54
85 167
321 248
175 233
84 53
131 214
157 11
130 289
78 247
117 67
140 226
150 217
34 115
217 170
42 266
27 195
258 269
12 165
14 24
284 33
61 129
293 221
201 18
316 28
262 132
99 271
187 14
68 58
220 144
215 234
183 178
143 264
139 77
234 119
142 309
136 139
301 221
228 188
218 169
219 271
30 93
263 321
139 60
245 306
298 171
25 296
308 318
318 187
208 157
225 62
187 64
213 60
198 158
284 238
295 143
34 108
111 26
268 81
86 116
138 28
23 137
282 300
321 14
297 216
112 151
190 71
96 289
288 296
292 219
322 210
248 239
254 223
280 142
95 205
171 133
200 172
70 131
99 75
194 320
216 254
115 317
52 189
151 193
169 148
159 57
319 297
60 188
313 54
130 167
221 136
265 162
22 175
196 34
275 309
277 61
16 235
291 14
153 277
253 93
63 322
243 101
303 181
241 286
226 147
105 188
297 258
310 218
166 3
139 267
224 92
135 104
25 106
146 134
271 252
2 257
141 77
204 62
161 32
55 77
271 155
32 65
78 295
178 82
62 272
208 246
111 104
251 27
121 25
128 278
60 48
26 168
171 96
92 43
153 147
201 160
197 105
126 104
95 308
262 107
19 58
155 195
232 300
50 230
62 103
99 50
191 72
95 118
236 229
94 78
153 157
22 259
136 97
267 70
296 214
203 150
211 89
18 238
32 47
172 209
84 292
187 148
77 161
266 245
0 0
6 117
240 174
279 165
176 98
251 36
60 210
68 256
27 73
168 38
126 134
67 12
226 310
164 3
106 314
135 176
240 0
263 106
279 298
208 205
116 257
91 162
249 26
183 270
323 112
114 242
53 132
63 93
128 217
65 113
148 125
184 92
317 21
174 217
278 301
212 319
122 173
283 314
54 268
128 9
71 78
239 247
210 118
12 140
141 164
130 291
219 189
241 120
116 11
57 71
107 260
308 316
91 217
314 170
124 201
40 116
255 52
316 43
301 139
287 259
288 172
256 41
60 160
312 286
32 178
89 282
102 146
321 276
225 226
154 285
113 235
123 101
73 315
199 318
233 100
321 279
237 171
133 303
242 250
183 88
172 218
233 311
88 308
41 239
12 12
189 193
270 123
166 43
210 225
232 192
277 314
239 159
172 85
42 49
214 236
106 218
146 6
195 48
107 276
156 260
264 282
57 59
147 13
93 138
34 135
41 265
169 300
200 68
306 141
168 206
305 37
27 248
196 160
183 298
271 250
18 90
216 57
230 54
262 21
94 193
276 283
94 226
271 207
215 238
110 282
201 320
120 229
204 219
79 33
76 248
299 207
51 96
180 248
117 199
289 298
63 96
103 245
155 241
141 276
224 7
309 114
260 131
255 94
193 226
255 90
202 83
147 310
35 175
93 45
208 200
40 246
29 296
246 269
123 308
135 36
27 295
300 187
180 246
247 263
218 122
5 312
140 232
201 183
188 192
128 67
286 8
253 278
243 143
239 179
271 91
86 89
153 279
181 211
241 37
159 4
22 266
261 186
116 225
105 134
202 61
156 286
187 140
5 12
309 116
147 144
21 206
241 280
281 44
152 301
69 154
174 96
57 43
213 8
206 208
9 42
192 270
250 90
167 41
289 118
248 219
194 37
67 103
154 281
205 133
62 76
96 13
178 161
318 128
68 16
163 313
197 164
322 11
86 275
277 178
28 17
33 214
169 239
88 232
37 134
139 99
107 43
265 84
268 253
169 77
164 255
233 291
14 11
309 172
297 91
46 75
160 163
253 176
310 132
222 147
216 260
298 45
217 172
304 29
163 35
128 213
242 252
148 150
122 109
14 209
144 124
298 244
293 226
216 278
129 215
46 49
129 61
10 165
92 246
175 1
99 269
278 72
80 314
274 92
273 74
218 72
126 274
105 220
38 198
317 164
271 259
22 104
321 136
178 124
226 81
81 285
316 35
191 168
206 193
290 123
88 117
78 18
0 83
277 223
78 12
209 125
63 215
195 134
60 296
124 34
312 5
195 106
164 50
79 195
66 206
58 138
15 153
198 224
117 256
207 131
253 250
215 256
156 174
227 199
119 6
292 21
155 107
311 221
294 24
43 310
100 205
8 279
122 185
208 225
293 17
60 259
24 171
307 227
218 208
22 310
306 197
41 205
125 277
117 246
181 242
297 178
20 299
42 147
314 318
267 45
316 49
120 38
194 228
212 39
284 86
247 44
77 274
27 59
147 320
76 127
261 182
115 79
203 198
111 155
33 59
111 51
15 283
289 169
259 241
121 248
14 175
218 120
99 33
176 195
115 193
65 262
142 253
13 177
10 171
30 202
304 253
152 143
265 45
123 35
28 70
41 193
64 59
190 197
239 156
105 310
77 310
139 317
307 206
40 320
142 18
97 47
32 45
205 284
239 139
114 86
291 221
17 273
198 63
164 106
141 60
247 309
142 200
193 183
94 62
253 170
143 60
317 158
310 143
6 301
265 243
257 196
47 202
218 163
49 171
296 38
176 157
267 319
43 205
282 64
129 236
117 197
58 256
304 149
198 45
285 312
184 318
140 310
195 226
146 33
312 224
269 205
298 49
140 239
86 291
251 292
311 167
41 223
138 237
37 266
138 223
170 218
182 247
249 1
2 50
31 286
198 27
27 315
232 179
317 149
119 126
260 299
229 107
62 74
216 162
257 149
85 130
238 61
240 239
225 297
251 281
127 17
101 258
305 244
270 261
76 224
133 179
112 225
273 70
211 137
164 199
65 309
240 90
299 294
255 151
246 192
89 23
240 94
25 114
64 15
191 90
1 300
109 138
126 58
169 152
214 187
271 36
4 18
32 153
263 101
25 110
234 82
86 145
214 59
237 179
33 144
224 238
110 85
39 267
264 175
11 297
178 284
282 239
6 2
59 1
57 158
13 138
40 196
116 212
60 124
72 295
118 288
142 5
15 262
74 213
268 72
291 22
210 236
113 316
36 14
11 274
169 99
142 236
67 239
98 157
257 257
266 96
2 149
11 173
20 4
20 207
212 258
105 165
26 63
319 29
155 182
44 290
25 299
15 311
300 19
252 109
91 295
26 208
196 224
20 239
268 274
175 283
294 232
278 182
148 182
148 43
186 171
17 141
134 278
85 189
97 119
159 138
162 39
303 322
240 103
159 197
301 87
69 77
298 89
166 58
130 19
261 241
151 158
24 86
170 57
188 196
45 125
254 67
70 163
288 255
230 27
180 215
116 295
52 282
136 196
113 105
187 21
215 80
222 222
47 146
145 293
323 248
209 304
52 291
94 156
205 10
141 20
262 300
82 274
68 2
124 296
39 238
86 309
231 245
150 300
171 182
115 297
57 96
127 71
112 84
77 126
307 118
254 231
54 242
216 168
229 186
155 215
19 60
139 88
90 147
176 253
75 120
169 93
180 70
230 57
95 58
312 132
279 223
112 53
190 103
265 157
42 145
313 160
97 76
209 109
190 271
121 246
306 250
193 246
70 22
54 149
285 137
74 238
16 303
107 59
140 212
55 3
307 261
231 73
307 122
44 176
278 20
282 224
277 123
84 105
59 323
171 201
153 108
124 279
44 40
186 99
157 55
173 124
4 181
151 310
129 254
301 295
163 161
36 185
164 136
167 67
108 218
256 233
61 306
49 159
97 206
36 100
317 174
111 66
54 304
114 236
33 66
255 111
86 169
93 136
322 246
156 145
124 193
188 55
27 15
111 55
125 181
226 37
123 27
254 161
204 121
132 46
192 115
19 64
316 188
232 295
215 20
125 6
196 275
239 237
43 141
191 312
185 42
120 111
199 272
113 20
131 98
320 204
113 231
51 292
59 151
32 31
253 104
131 127
78 211
10 225
88 310
316 256
269 292
81 92
289 226
107 184
95 211
89 234
65 0
55 54
277 31
31 30
243 48
6 39
302 323
323 313
322 54
257 16
200 106
58 268
195 273
2 245
23 193
103 260
84 277
248 313
219 290
38 196
244 208
77 289
284 164
94 290
3 185
76 290
116 119
118 97
25 24
91 316
112 260
86 84
202 196
272 38
92 77
18 322
291 278
289 273
230 299
155 274
161 258
54 296
238 230
94 322
238 108
225 34
23 173
230 122
204 49
194 316
16 119
4 31
256 54
226 134
224 79
117 248
249 170
238 59
296 270
307 29
285 98
76 258
92 81
285 258
221 229
252 61
118 184
250 275
13 164
29 320
57 219
86 180
88 26
322 75
21 173
282 188
202 16
223 6
243 200
2 197
148 134
286 46
3 14
195 104
181 137
60 256
39 304
63 254
238 290
255 149
206 118
274 236
36 268
162 66
245 224
59 153
292 23
230 202
205 51
210 193
66 58
208 101
261 14
242 174
143 202
249 69
297 158
208 196
193 253
165 20
125 262
185 295
233 298
34 81
122 111
264 159
166 248
278 242
264 47
296 156
181 233
123 310
30 200
257 53
179 11
198 25
286 296
181 309
187 0
47 54
137 88
210 91
95 207
174 123
77 121
241 161
302 29
200 316
113 96
193 45
266 211
63 181
212 255
257 51
162 164
10 270
7 69
14 297
280 230
183 9
32 297
55 167
168 65
280 208
247 224
124 154
234 264
219 17
164 23
193 133
158 174
180 313
17 58
150 26
45 117
312 161
56 150
171 135
221 47
235 315
81 216
229 52
159 10
298 104
128 167
240 284
207 207
267 129
215 108
68 231
49 163
97 159
201 269
122 42
190 209
113 127
289 259
307 241
179 212
148 69
309 320
178 110
87 217
134 110
239 81
248 221
25 177
93 294
188 66
284 301
190 191
275 250
234 150
43 122
234 191
44 93
207 53
184 285
80 52
45 311
154 224
222 224
311 93
22 102
260 243
201 245
103 91
73 246
115 26
127 137
158 233
37 301
29 68
203 281
136 252
242 93
191 16
191 182
84 119
233 144
314 158
215 321
4 146
211 302
75 246
272 311
291 118
311 98
132 203
40 7
62 43
203 14
57 146
111 256
260 184
280 164
269 318
57 77
251 283
138 102
26 301
294 255
235 13
268 114
84 149
82 220
10 299
58 265
156 271
299 91
115 161
271 126
62 4
88 268
146 66
31 292
117 308
219 8
223 23
55 143
246 209
135 169
50 296
23 105
4 202
177 30
42 179
41 114
97 27
162 195
36 188
282 143
31 158
16 121
170 22
92 293
105 307
17 138
223 205
54 70
238 9
1 171
91 87
245 35
218 206
163 212
102 249
23 314
223 63
3 279
247 177
115 249
247 197
208 151
278 135
117 227
102 197
68 202
216 194
200 205
277 129
305 239
133 139
243 94
321 309
100 298
138 199
177 156
276 224
320 281
265 316
55 108
255 50
34 123
52 164
158 75
15 94
11 117
290 304
65 77
166 61
163 5
151 92
249 259
179 240
229 77
314 224
292 150
274 38
255 43
143 76
97 231
97 307
271 199
219 287
115 321
270 237
314 17
45 254
287 257
94 243
265 182
18 203
215 275
227 240
156 239
202 45
291 259
186 97
86 14
60 63
63 212
297 108
183 68
39 312
115 288
150 126
108 14
66 114
125 235
228 42
181 139
286 256
159 6
247 179
176 181
258 170
61 42
310 66
162 231
32 157
93 56
14 180
311 55
141 116
177 63
27 297
317 294
226 238
276 158
51 227
55 283
19 138
308 107
198 297
148 101
0 307
206 301
148 262
9 274
41 172
279 11
192 128
34 119
274 187
241 253
323 212
307 203
154 99
280 162
260 18
303 271
276 128
258 188
117 297
184 283
7 46
50 73
253 195
237 228
86 131
252 301
251 125
2 239
266 160
182 48
20 281
255 84
53 194
67 181
107 316
108 263
75 118
243 122
153 248
11 278
59 60
186 118
246 312
207 103
23 299
310 5
175 185
247 140
30 209
107 169
300 297
24 234
230 14
204 146
212 77
57 266
141 187
249 19
249 17
137 5
102 206
296 315
54 225
142 125
114 37
91 108
163 123
106 264
143 308
174 147
100 125
49 291
173 212
55 244
81 283
44 112
303 21
173 233
139 56
0 260
305 39
179 59
116 262
302 144
242 81
67 161
162 171
286 243
108 186
213 217
292 37
54 161
206 120
284 199
62 196
84 267
166 63
69 75
285 191
138 293
315 32
320 13
210 314
309 30
239 198
46 154
190 12
96 55
63 309
249 44
112 123
179 256
295 76
217 67
317 243
142 307
136 148
306 179
298 43
272 197
275 233
37 256
311 59
130 253
65 274
318 298
181 178
136 30
74 268
109 255
282 161
61 150
285 55
69 308
110 54
284 78
300 36
249 282
59 96
232 190
5 223
72 107
259 195
93 248
252 246
252 55
173 135
173 81
282 200
190 120
197 44
186 266
56 90
290 49
201 101
162 130
90 39
310 157
16 25
194 92
48 17
267 66
266 198
1 283
207 211
248 191
14 53
116 233
214 305
183 260
314 187
231 289
186 19
127 215
143 275
169 10
138 0
116 313
74 241
112 42
22 263
259 264
236 243
149 149
129 169
71 106
265 200
314 185
32 118
161 10
52 280
308 275
36 320
241 155
198 171
126 174
267 217
37 51
266 281
52 243
313 46
32 259
68 282
33 241
205 176
129 15
18 221
4 301
164 58
252 315
25 314
74 12
59 144
158 29
277 8
35 275
303 195
159 116
136 274
213 38
228 123
237 112
310 16
323 134
124 195
277 234
220 243
218 184
16 91
122 195
175 211
140 308
98 237
294 225
228 109
193 131
147 123
114 143
225 139
269 27
305 80
164 48
116 77
214 161
260 169
104 153
296 133
1 94
295 40
158 218
127 262
321 71
4 310
52 162
130 305
89 183
175 213
210 101
298 169
25 119
141 274
0 220
113 148
187 226
278 255
138 74
17 261
252 6
309 74
93 296
186 30
235 61
3 227
28 317
160 37
17 283
263 173
56 40
22 150
279 128
120 51
6 198
278 163
231 284
5 80
21 213
231 166
177 163
134 130
278 186
54 78
188 316
51 19
52 322
241 105
302 169
161 162
267 215
144 141
227 127
25 55
49 273
286 108
146 199
264 218
216 284
102 295
167 98
240 125
73 103
39 84
212 135
37 318
170 174
303 42
265 217
191 215
216 119
306 189
101 111
64 13
220 259
218 3
253 292
43 114
114 251
106 14
238 296
38 316
36 254
145 177
196 259
53 47
312 106
75 239
306 75
70 279
41 281
55 134
199 84
103 251
226 271
101 34
217 81
162 297
79 318
213 213
120 42
301 315
87 282
163 298
269 294
115 278
266 64
33 258
53 191
34 186
274 86
58 136
292 76
262 159
39 6
30 66
72 196
91 128
174 172
133 280
198 43
218 34
294 48
117 278
163 207
125 152
257 291
182 159
163 109
32 136
315 92
33 265
233 146
31 248
183 250
289 17
298 106
155 109
238 269
20 119
165 299
299 76
123 189
144 213
194 103
43 108
266 153
11 227
102 76
244 55
142 123
116 42
107 310
135 316
111 1
322 231
177 177
137 296
222 256
234 179
219 313
307 288
220 44
241 259
11 268
65 181
78 64
20 243
22 108
188 76
185 275
206 151
34 8
281 16
76 13
220 69
303 227
228 125
317 189
282 282
137 76
147 146
151 312
204 321
62 47
114 125
100 259
153 271
18 213
206 195
32 305
82 181
205 90
149 315
311 0
275 282
47 19
249 151
76 64
149 321
272 92
279 290
264 56
284 82
16 151
294 244
10 301
179 198
106 58
116 142
293 230
46 84
232 119
134 314
132 305
147 118
133 214
282 211
137 164
187 321
20 285
237 64
138 81
276 322
302 183
74 196
58 221
220 105
5 156
134 204
52 166
135 71
149 67
74 296
314 193
263 51
15 273
284 11
158 153
172 114
94 40
192 21
21 5
299 195
50 303
5 187
14 301
297 137
235 269
88 144
99 255
118 310
54 59
2 58
133 9
62 81
275 244
130 48
104 229
1 312
113 26
38 179
191 246
73 307
119 153
168 199
213 12
304 153
305 299
176 65
314 258
215 37
215 212
48 211
163 125
234 58
35 227
9 37
28 129
252 4
39 244
212 235
55 306
317 78
170 279
305 24
48 231
58 146
118 314
191 146
184 119
117 224
266 298
263 23
86 171
26 234
212 10
249 61
64 84
319 136
31 151
149 45
155 184
131 142
202 286
227 322
24 18
248 270
245 65
168 279
185 48
172 97
262 175
84 72
29 2
138 269
270 114
7 312
111 232
248 42
38 15
227 73
212 270
235 312
153 125
54 57
230 172
1 98
100 200
73 5
37 155
176 84
238 181
232 36
38 290
52 304
26 180
208 174
55 266
13 94
97 272
140 172
308 291
130 165
160 28
218 294
121 258
108 259
235 7
67 76
154 172
0 136
40 16
68 206
253 65
318 23
20 81
69 195
255 229
130 232
251 172
153 213
11 69
83 222
250 45
252 16
28 4
278 321
235 233
40 180
190 73
214 106
34 277
141 294
61 33
156 217
100 146
99 114
298 162
315 262
142 2
192 283
51 247
151 308
171 220
308 77
146 51
276 146
234 9
45 10
125 192
77 153
138 313
38 116
232 103
305 199
179 308
230 280
276 238
290 180
90 247
217 1
41 309
112 210
21 283
71 310
272 291
71 3
73 135
202 208
169 268
83 238
265 110
118 276
300 23
67 275
29 287
170 108
118 66
172 165
162 249
205 70
248 131
195 130
143 181
29 58
310 9
224 222
15 119
66 183
306 106
206 199
255 104
141 271
134 291
214 159
299 139
127 235
254 203
158 231
27 113
172 274
152 152
265 106
220 205
134 80
174 222
274 76
181 68
163 68
100 25
226 295
29 151
306 291
280 270
320 224
35 305
258 289
236 286
273 251
253 125
303 199
38 263
191 282
318 95
101 37
187 169
29 197
55 219
26 246
265 63
282 134
167 153
157 0
88 89
111 117
83 235
96 201
166 291
54 189
15 223
49 293
62 308
196 300
163 15
116 40
19 262
43 288
155 193
194 248
138 168
291 61
139 261
135 76
232 13
67 305
240 117
180 7
136 106
75 209
311 3
288 120
45 79
35 59
156 322
240 62
321 218
90 144
247 171
55 127
235 231
31 147
29 182
117 5
234 23
21 211
150 243
295 34
82 276
227 190
17 93
292 63
175 121
168 208
152 180
85 305
263 182
242 46
262 172
282 165
55 56
125 160
177 112
117 9
323 276
116 129
238 314
270 0
49 252
288 47
59 115
273 137
127 75
131 138
29 90
279 105
1 153
240 290
55 92
63 271
269 131
303 138
98 204
218 186
277 102
318 80
1 44
260 288
133 64
54 90
183 148
261 176
298 314
21 123
51 198
304 225
157 181
282 104
116 15
189 217
166 195
203 183
144 266
282 67
116 301
33 293
278 33
265 74
116 299
177 308
181 251
50 38
172 171
42 167
57 319
152 94
283 234
76 294
319 78
43 82
174 113
246 127
137 32
234 171
73 24
280 52
8 57
299 265
9 168
267 139
144 200
88 150
127 62
218 105
286 83
112 77
71 66
143 164
306 315
250 246
290 302
11 2
298 24
21 132
36 58
232 168
142 34
263 314
246 8
63 188
144 51
127 79
269 30
51 158
215 1
97 49
140 29
69 28
306 113
156 142
130 277
240 321
254 127
281 280
69 139
184 57
278 29
132 181
198 29
142 13
119 308
7 188
280 201
261 215
252 225
75 89
303 211
147 138
312 240
45 307
106 249
262 296
108 287
78 237
248 268
171 187
124 53
139 322
115 191
123 149
24 118
