250 303
241 95
128 33
225 321
30 181
284 150
235 112
86 237
95 60
275 315
34 102
134 217
144 185
7 31
39 101
248 278
143 15
3 52
267 219
71 105
93 205
41 291
146 19
206 153
148 213
4 260
26 16
36 291
85 143
55 183
3 280
94 305
231 263
159 280
277 233
304 197
264 209
144 13
319 186
185 315
41 102
109 277
46 268
144 126
227 92
127 154
303 12
108 97
34 44
48 20
119 101
0 255
262 197
61 45
75 46
250 242
28 114
214 300
154 239
286 194
181 46
162 67
68 107
170 207
141 106
312 258
55 27
76 150
191 190
239 65
276 240
205 194
141 292
148 33
39 1
217 108
310 115
40 237
201 43
44 263
136 300
239 193
118 92
13 51
157 56
70 17
62 200
243 177
274 155
122 188
39 205
33 202
192 277
189 77
246 304
238 206
316 34
243 146
276 110
281 225
228 268
240 128
107 85
193 321
61 103
203 131
129 220
51 309
241 204
2 305
323 101
322 231
70 235
117 61
302 268
123 197
178 84
323 203
265 4
213 313
60 129
58 157
99 259
61 59
179 179
259 54
183 310
82 144
278 175
146 117
5 17
214 174
185 321
306 121
16 190
277 207
307 123
102 266
16 90
59 76
290 77
96 171
132 177
24 230
106 10
285 294
319 230
169 188
199 286
130 301
253 34
226 196
36 4
61 39
280 189
161 139
15 281
145 115
86 183
323 9
38 275
300 209
144 20
270 309
277 115
280 162
305 204
231 13
291 65
2 14
34 4
157 232
250 263
191 227
246 55
308 107
88 54
150 118
318 231
215 320
313 186
194 318
268 73
281 182
279 136
229 1
22 261
280 132
195 175
69 176
231 108
114 43
144 285
69 134
298 101
188 132
163 17
93 285
195 236
120 183
130 139
134 175
5 43
25 136
290 170
150 180
255 189
241 118
303 270
170 78
22 279
71 218
71 281
104 280
53 233
11 222
133 49
274 137
277 292
255 111
85 92
283 166
17 7
102 165
229 142
167 290
193 104
136 92
263 102
274 1
202 24
90 282
181 244
210 228
142 116
202 149
156 172
268 3
220 167
270 307
317 252
75 196
107 206
10 46
148 246
108 170
18 60
238 194
322 125
285 197
154 259
290 80
267 154
296 92
201 158
307 296
242 138
126 164
181 121
168 93
197 149
276 252
252 92
82 167
83 318
285 103
305 61
194 128
319 255
84 263
262 216
146 50
235 78
49 155
54 72
241 123
293 223
297 25
138 306
132 82
126 282
66 294
274 110
89 45
2 16
135 149
287 82
198 31
189 28
3 83
27 65
194 59
128 193
264 48
287 67
77 129
90 75
299 180
17 271
135 239
291 241
6 213
3 237
156 13
16 22
320 126
301 59
56 6
32 95
262 238
76 292
293 120
267 27
299 282
262 186
170 277
202 298
165 47
312 262
236 24
284 206
252 298
321 10
59 164
46 209
65 272
299 11
81 81
75 139
294 140
167 194
25 131
268 250
133 102
52 300
205 81
99 2
98 205
31 197
57 47
44 109
306 242
97 227
169 6
153 33
35 225
82 255
125 293
14 213
240 105
12 310
36 219
225 132
16 245
68 136
50 106
9 303
270 66
108 10
86 125
173 297
307 95
53 309
295 242
233 287
81 262
276 85
212 240
178 11
70 27
188 79
46 203
293 95
35 64
295 259
72 226
213 125
204 221
224 295
116 310
226 311
2 295
319 35
195 307
141 127
229 198
265 241
230 75
164 292
69 13
320 235
89 165
299 131
141 269
251 3
2 219
308 26
181 145
316 97
154 321
175 239
197 16
7 184
68 109
123 51
152 304
19 236
188 88
181 79
314 244
208 203
149 101
153 283
53 171
216 47
31 69
13 278
58 26
75 314
45 23
37 234
172 101
94 122
20 263
31 257
202 244
206 87
249 229
215 32
107 55
308 300
220 282
86 199
136 197
35 176
300 143
203 12
195 145
202 220
126 280
235 293
188 145
207 38
107 176
64 319
70 116
250 305
239 163
160 282
2 50
115 213
156 202
77 296
128 248
161 162
288 3
28 91
114 323
115 27
108 166
23 131
103 61
13 129
312 169
78 127
268 162
93 207
91 166
266 224
43 116
297 109
146 286
242 95
141 261
299 182
102 308
58 318
52 77
223 142
135 199
61 131
296 77
237 16
69 29
298 142
271 171
73 87
44 242
318 127
86 233
3 159
195 91
140 183
295 250
241 139
314 35
285 255
294 77
272 238
151 70
265 320
319 217
179 87
218 192
50 252
130 92
318 261
288 269
9 2
214 159
62 212
253 38
31 46
114 67
172 39
236 65
75 295
148 72
180 257
128 138
55 56
76 207
218 257
4 191
232 148
283 278
72 78
323 95
131 50
37 13
57 117
173 149
244 271
97 202
305 221
297 259
312 22
44 43
121 278
142 163
150 90
155 243
219 256
81 287
166 22
161 17
114 93
243 261
12 125
232 91
13 59
108 228
0 250
236 291
32 120
92 220
234 90
305 108
232 174
218 254
180 201
78 292
8 41
206 220
216 277
154 306
206 222
170 266
17 86
192 310
115 85
125 59
173 105
10 49
302 114
205 282
221 134
93 209
188 58
183 146
269 244
121 202
109 310
280 299
80 103
173 184
45 73
77 14
253 201
311 69
282 224
160 141
3 291
195 50
312 157
266 117
73 219
238 92
193 281
35 75
292 17
194 259
191 183
189 151
27 42
308 291
85 80
26 207
57 94
73 106
76 312
241 159
126 253
240 4
203 218
141 20
155 31
303 186
208 276
8 1
217 316
163 228
292 252
53 224
54 42
309 314
82 83
22 299
235 9
12 178
158 13
44 106
142 175
112 315
154 151
101 154
137 317
304 247
59 80
257 37
295 203
80 291
224 56
158 35
204 115
287 305
31 6
314 164
139 273
254 87
10 111
114 72
313 37
316 169
159 278
14 276
260 25
318 259
103 306
31 217
168 22
286 118
283 135
228 319
182 314
256 158
233 57
258 95
95 287
95 191
186 146
55 68
190 197
112 146
163 4
134 22
111 188
179 147
96 23
159 110
86 123
227 194
299 39
168 58
162 113
233 188
305 118
292 275
195 302
72 6
276 188
134 79
218 116
27 232
76 274
128 124
133 219
168 196
169 219
138 3
276 139
239 278
173 236
249 30
263 196
159 274
29 179
24 138
132 17
191 94
193 22
232 268
85 205
239 235
43 89
162 115
117 187
72 177
187 26
14 168
288 62
235 243
296 294
33 64
214 277
117 202
172 165
168 15
11 322
41 202
112 297
78 153
87 68
16 143
272 310
248 189
217 209
267 257
168 173
88 188
139 48
121 308
272 199
41 143
112 18
305 300
8 114
294 186
221 92
155 147
34 62
237 322
157 51
33 76
249 127
121 114
297 166
82 9
191 279
80 91
85 284
167 155
11 61
231 179
243 119
17 61
72 21
261 141
251 18
76 33
320 96
121 186
51 194
57 30
190 207
41 168
28 33
261 161
43 244
150 143
231 120
273 113
209 10
321 58
262 283
31 89
287 177
161 278
180 24
297 243
255 125
87 148
235 288
108 154
30 161
240 91
26 227
141 224
173 95
272 278
313 322
265 97
14 49
294 184
174 147
60 2
209 68
19 24
180 196
89 171
169 289
64 197
155 280
194 150
201 184
31 91
54 279
150 196
290 182
83 116
281 259
53 263
243 159
29 24
56 321
220 60
273 40
145 16
281 20
60 250
91 245
65 264
248 5
244 180
298 103
94 158
196 309
261 321
249 301
3 254
150 99
90 25
198 37
130 76
139 149
101 116
268 220
89 65
67 301
230 181
36 264
73 175
92 108
27 195
139 168
254 108
231 270
247 139
231 101
198 300
132 22
174 176
44 310
49 15
169 318
255 294
273 282
276 160
230 323
66 198
238 78
300 196
210 208
111 267
16 149
283 259
8 273
154 93
124 43
243 139
255 196
72 85
317 301
144 9
99 77
118 127
170 241
74 225
71 199
166 137
33 51
43 209
44 140
59 257
2 58
134 138
258 130
179 64
22 142
102 201
223 242
108 279
206 103
303 274
17 24
237 57
32 113
153 145
213 191
22 281
185 68
282 139
314 108
114 296
195 61
133 292
150 127
39 256
161 137
209 227
73 215
244 81
88 43
253 53
231 124
35 73
95 227
179 221
290 256
50 20
109 86
26 134
195 165
209 104
103 251
312 164
45 25
209 247
104 230
265 21
312 172
81 318
103 123
42 242
232 181
70 108
145 53
191 222
300 169
189 121
280 209
105 295
301 285
278 208
290 242
239 233
117 257
160 66
164 229
229 131
13 171
14 164
244 129
226 236
108 148
15 221
166 96
239 241
88 167
243 38
298 295
20 155
298 288
170 110
153 242
303 147
86 278
38 254
59 78
104 218
299 171
194 257
44 114
51 244
224 236
217 69
87 91
290 281
295 110
295 256
193 15
32 239
174 104
131 8
162 295
218 11
186 140
216 118
26 164
95 208
249 66
36 11
270 275
50 74
153 175
19 150
78 43
182 299
297 111
42 139
301 283
244 12
253 148
315 190
189 313
256 293
274 311
57 210
300 102
251 261
155 145
199 317
36 279
300 167
149 91
224 224
293 203
316 215
89 150
70 25
176 229
259 189
17 150
15 214
9 130
216 212
55 43
310 174
176 120
22 133
303 242
284 223
198 296
149 84
5 270
280 31
124 116
86 267
186 66
203 150
125 273
313 67
313 190
254 123
247 241
39 231
78 118
302 223
151 144
89 33
97 4
60 321
67 179
194 229
110 230
278 104
30 213
270 246
138 116
223 313
319 144
298 7
110 186
180 245
244 266
59 48
194 180
230 3
94 2
162 12
37 226
27 199
16 199
71 23
1 20
261 217
114 100
76 183
246 224
110 297
85 290
310 140
244 92
225 42
313 52
149 28
188 90
76 54
262 24
208 120
19 123
17 97
184 313
160 231
227 126
274 77
154 304
31 63
63 211
245 307
250 189
40 252
237 233
113 159
158 229
248 3
104 202
238 10
80 267
204 17
216 84
13 265
0 223
49 55
127 139
254 145
218 190
274 141
301 165
227 80
72 63
117 212
55 77
285 199
132 8
252 196
314 135
283 311
103 298
235 284
196 297
60 32
57 109
142 294
315 40
179 210
217 230
89 314
274 159
318 34
108 150
116 68
302 248
20 148
112 301
300 161
70 295
187 296
4 312
67 290
153 247
212 107
68 14
203 10
39 90
223 194
134 142
273 71
39 301
35 221
158 320
37 179
215 17
27 234
128 233
139 235
283 239
18 270
44 38
239 43
259 173
113 162
40 134
277 127
246 309
205 192
213 26
146 139
253 248
295 89
169 275
18 142
64 84
235 234
211 245
127 126
265 99
100 22
85 54
247 209
257 150
40 194
198 60
279 42
262 295
19 214
274 20
223 59
193 49
173 255
157 79
238 216
75 194
269 168
139 1
138 173
108 137
211 255
317 80
156 272
32 28
252 294
156 230
26 31
35 219
174 182
181 75
21 86
78 258
289 168
140 125
131 241
14 220
271 313
99 75
233 61
69 88
215 4
258 15
33 110
165 36
258 136
234 1
29 63
116 126
154 299
174 230
196 259
140 46
106 14
213 68
15 98
130 177
27 133
238 257
79 200
40 224
316 303
114 237
296 142
125 6
42 204
307 199
318 205
38 316
24 112
118 13
197 92
259 132
210 89
222 106
46 143
274 37
95 156
29 177
226 134
211 109
130 115
275 41
28 134
210 297
202 31
57 75
76 198
208 209
206 93
166 297
210 253
323 183
227 73
124 275
218 118
68 241
246 93
26 72
210 173
259 316
61 257
122 173
81 64
111 256
110 190
152 172
154 54
123 115
139 61
15 47
279 277
189 274
287 69
78 197
229 51
279 115
41 124
206 83
148 131
196 59
207 155
242 230
223 310
111 20
95 80
107 188
194 237
290 180
146 130
241 200
231 153
59 162
113 195
227 94
175 16
306 301
35 281
314 100
88 233
174 111
240 136
206 210
226 56
202 59
223 94
190 143
130 240
71 158
251 23
134 109
146 246
56 138
245 280
20 280
197 145
122 300
319 207
165 106
319 106
177 256
251 59
18 139
313 29
210 218
30 209
303 170
180 158
38 196
54 231
5 58
195 77
14 200
219 146
293 148
21 37
94 36
311 163
233 80
154 149
278 43
295 45
69 237
76 241
309 170
64 34
43 292
152 149
236 170
305 96
143 171
300 267
150 253
217 221
219 227
114 39
101 250
63 263
56 182
299 296
69 130
175 163
303 22
217 82
134 100
275 313
277 227
21 90
59 104
184 48
304 25
32 261
15 105
269 62
61 208
46 16
75 37
214 318
66 79
221 149
59 44
138 268
18 105
220 10
282 105
101 119
189 122
236 203
251 296
161 37
42 191
285 258
204 288
8 56
190 317
174 232
229 91
10 275
308 101
145 200
136 306
228 99
4 235
92 36
51 207
192 132
203 147
285 236
145 63
134 7
322 112
3 311
170 239
155 74
124 151
134 114
52 283
157 47
55 247
278 20
311 117
177 283
30 45
201 156
316 135
70 256
202 115
238 315
307 204
40 230
294 38
199 268
151 30
138 271
110 75
160 19
51 228
13 295
155 261
60 252
255 191
194 178
304 292
219 284
74 26
192 129
240 81
219 159
275 68
178 66
57 105
28 212
197 102
186 323
264 244
131 18
67 254
238 202
58 5
249 306
115 16
197 11
203 133
145 14
276 73
135 49
79 45
241 305
257 173
4 98
40 177
4 70
174 258
228 216
139 198
241 103
275 139
0 260
72 162
68 161
226 149
207 298
51 156
320 33
191 154
276 45
284 193
90 14
107 208
277 244
89 247
109 265
218 167
125 138
250 102
178 308
75 304
141 234
299 49
26 230
3 59
74 9
146 135
21 267
200 103
297 270
245 143
193 243
284 298
160 197
60 6
79 166
284 80
251 283
192 229
47 156
317 133
285 101
126 192
139 239
108 174
29 202
224 134
119 287
250 25
12 220
85 26
318 97
28 214
255 174
164 191
323 73
14 211
14 90
0 184
229 79
174 101
29 47
113 313
193 231
281 50
45 176
26 166
24 226
293 78
294 156
184 93
227 131
312 141
145 264
185 29
194 246
69 204
19 0
262 136
74 183
76 124
87 84
191 21
227 313
151 246
105 146
41 41
154 49
116 160
250 68
205 132
130 278
85 128
239 104
40 11
108 152
180 66
164 60
180 83
213 320
321 254
213 246
99 296
7 170
16 243
322 72
146 294
116 234
223 140
235 179
16 100
9 271
82 5
127 63
35 134
101 72
136 62
284 7
127 78
202 14
197 38
296 140
170 176
241 261
292 250
246 137
79 318
139 277
21 88
108 269
201 51
185 309
10 311
108 14
136 271
242 82
187 99
267 71
132 15
118 204
41 220
5 117
313 114
243 127
245 8
97 61
42 115
116 200
321 12
252 289
258 74
183 39
303 244
141 148
125 295
288 312
211 226
46 253
209 245
84 280
90 219
184 191
276 113
317 254
145 309
20 206
75 50
264 173
278 28
255 160
262 2
129 50
262 224
84 258
242 136
98 121
259 191
171 188
173 174
315 218
294 258
189 279
52 169
46 119
5 31
234 59
189 12
251 16
82 33
138 321
45 111
316 157
2 98
14 207
224 150
295 94
176 322
221 74
201 16
3 233
50 283
125 166
199 16
229 270
134 251
12 11
242 248
167 57
25 74
98 0
115 227
40 309
71 65
208 90
13 272
287 206
305 189
130 10
100 26
120 108
190 124
306 321
248 62
111 86
302 86
291 67
104 155
199 159
182 293
159 322
129 309
229 214
307 294
89 31
13 224
252 314
47 73
0 135
67 204
16 235
248 68
35 223
118 49
235 110
14 205
198 46
149 217
111 159
92 45
122 201
283 146
317 219
11 115
192 274
46 200
227 1
159 195
0 154
50 209
138 154
308 115
181 77
81 217
290 272
35 52
187 115
193 74
190 242
310 322
61 107
288 301
237 163
124 199
128 100
137 140
14 191
257 131
284 210
225 44
206 68
318 215
79 260
236 79
184 135
221 225
14 101
219 5
286 80
131 224
112 172
23 57
93 223
207 197
38 85
187 294
227 122
254 269
156 274
308 141
189 102
293 256
139 35
54 320
136 201
189 322
321 153
19 272
37 83
106 8
100 145
229 129
164 197
161 173
137 167
293 270
126 36
79 218
98 225
184 273
281 146
319 247
305 0
190 101
218 188
88 238
7 3
201 134
218 293
224 79
166 40
183 252
229 37
1 249
290 0
151 124
50 246
173 158
74 85
19 140
140 240
130 52
265 222
170 63
252 228
297 181
101 127
6 54
318 303
180 156
321 106
316 230
12 53
189 75
17 254
33 159
306 119
115 162
236 91
67 200
256 287
229 93
274 126
313 318
223 50
133 72
255 36
181 179
267 29
111 43
300 61
171 274
213 16
150 219
44 203
228 272
107 147
137 308
13 166
82 237
313 56
300 247
182 295
107 25
267 253
102 256
290 306
180 163
160 123
245 0
165 204
113 23
216 19
155 56
20 242
295 154
20 310
13 116
259 38
251 67
8 4
34 264
185 87
150 245
294 47
186 90
206 253
232 172
73 110
194 118
108 21
72 306
112 144
12 36
302 312
79 145
251 52
167 246
135 47
7 42
193 308
88 218
190 268
237 218
38 279
316 217
182 60
75 308
62 35
89 234
126 199
191 313
228 76
188 147
44 179
251 312
130 193
154 95
244 145
101 78
46 96
16 309
183 148
166 226
201 45
75 111
292 122
14 25
44 142
251 229
85 286
296 101
211 251
1 13
130 303
169 200
225 313
141 236
298 42
312 143
313 50
310 165
113 35
218 70
186 318
38 310
264 187
114 63
143 212
47 288
27 228
185 193
205 196
297 179
188 224
159 183
63 198
194 125
39 57
191 77
316 23
111 223
192 184
85 132
59 93
189 68
108 230
253 156
313 79
106 167
112 142
283 313
104 309
55 144
248 34
105 259
196 238
321 183
95 76
43 265
296 146
296 137
263 0
39 312
85 117
88 87
225 203
294 33
266 170
267 292
247 211
303 143
274 239
317 106
215 0
259 93
292 295
137 34
306 181
194 223
39 51
118 41
220 293
285 43
123 7
252 5
222 195
226 224
191 92
119 149
186 59
167 46
20 256
154 288
194 300
136 205
116 67
212 117
193 94
163 41
0 71
78 311
250 109
191 225
0 293
214 78
177 320
35 272
312 159
294 18
215 232
302 10
114 22
227 203
198 181
59 153
302 197
124 299
2 2
114 298
242 141
167 309
238 169
266 290
112 161
179 6
2 276
231 106
27 29
174 253
40 119
34 12
316 126
87 177
228 55
239 89
97 209
271 29
145 113
213 57
114 51
100 239
300 7
223 293
202 102
152 219
277 246
179 322
102 218
114 310
133 320
219 31
160 184
54 9
154 255
115 184
323 248
282 148
74 277
16 203
271 291
204 246
289 78
170 80
94 250
33 303
64 36
166 65
168 238
1 171
310 155
179 70
265 199
80 258
286 301
113 97
179 122
23 195
37 81
262 188
304 151
92 249
196 81
50 39
118 161
225 58
149 313
238 136
195 65
297 207
7 69
274 91
111 184
54 246
32 161
157 281
176 308
62 305
216 210
210 205
62 80
311 79
121 285
163 128
202 284
243 110
174 156
19 152
319 146
121 297
38 304
239 226
85 149
302 209
35 29
226 319
258 265
47 198
281 99
170 172
135 315
140 105
195 93
225 270
12 55
248 195
24 104
249 169
70 206
308 321
75 126
32 4
171 154
23 40
229 72
156 258
158 243
54 185
21 238
273 291
297 71
263 25
60 125
209 39
316 258
204 209
37 57
25 20
149 98
276 26
50 300
25 163
140 164
137 150
157 241
77 51
163 25
265 113
30 150
236 136
60 212
18 283
214 194
255 83
184 197
298 214
151 32
227 143
52 201
14 137
235 269
278 206
59 262
101 169
104 94
135 241
91 183
306 26
27 18
54 158
173 171
98 140
73 307
106 286
26 240
242 303
14 46
118 225
186 20
48 264
12 266
132 201
176 314
143 206
244 178
117 314
267 222
218 286
279 146
24 54
208 133
279 126
321 298
9 39
72 160
225 297
284 144
76 138
156 49
184 294
131 286
187 88
193 314
16 20
84 276
53 183
88 25
137 22
126 234
320 76
95 291
191 323
305 78
122 151
96 134
12 190
302 148
153 249
158 7
66 238
84 82
312 101
55 80
76 119
176 110
171 210
222 12
17 264
241 282
119 252
216 207
220 220
277 39
303 284
138 78
199 148
80 120
221 316
56 69
77 46
243 123
77 298
232 261
118 159
257 54
293 117
97 181
265 110
322 205
151 241
303 230
251 148
223 238
74 7
315 246
173 187
30 320
286 197
252 7
167 292
191 321
123 247
208 88
70 275
106 87
233 105
200 105
243 250
232 25
21 84
287 313
0 308
233 265
292 46
305 208
164 64
77 158
187 320
276 319
20 142
100 294
8 280
299 271
26 22
276 63
247 7
216 273
116 72
74 5
183 130
77 37
150 120
22 16
212 172
27 243
105 148
118 29
89 91
25 14
55 131
264 248
312 59
281 52
45 118
221 137
109 312
165 21
299 249
93 103
197 267
208 322
50 58
149 96
163 117
201 207
151 178
84 201
296 42
118 261
137 195
43 41
140 4
102 243
252 90
223 108
184 91
246 33
280 187
186 142
56 73
219 37
219 69
126 278
80 254
69 291
113 124
51 203
172 116
138 261
36 289
236 223
312 0
222 190
309 295
320 185
65 293
32 318
305 141
184 67
46 121
83 63
5 225
107 223
97 123
77 243
28 31
157 194
180 233
53 281
48 144
210 87
113 183
101 76
52 71
89 245
133 13
31 2
210 276
222 218
229 287
177 9
250 192
232 217
15 177
177 122
166 130
87 293
59 106
45 91
125 251
184 137
171 159
89 107
52 38
107 225
64 103
164 286
3 150
35 77
194 100
322 133
289 4
5 154
134 322
124 283
197 262
318 265
227 238
96 45
268 278
238 113
282 257
152 142
111 23
166 313
116 277
171 98
21 228
295 144
248 129
314 73
221 314
220 191
80 237
290 118
0 296
47 189
105 159
3 184
74 227
20 17
116 26
318 144
70 77
106 309
84 90
203 113
198 14
221 242
1 182
41 6
322 280
246 266
52 278
243 155
302 319
310 102
151 67
151 150
80 116
171 77
111 16
221 291
79 256
128 237
114 239
28 22
258 236
322 57
274 89
278 241
257 94
30 289
277 274
190 150
268 96
129 70
189 193
213 59
14 179
80 245
298 205
229 190
199 167
58 68
225 91
16 102
119 254
151 85
171 84
74 275
72 239
230 294
252 192
66 139
161 4
155 176
152 174
55 140
7 16
230 110
313 81
255 291
171 82
93 124
230 57
207 130
91 32
86 8
6 15
45 126
12 192
76 258
105 15
56 221
161 55
81 273
15 0
144 30
272 60
83 11
256 129
8 127
274 322
183 132
50 311
92 22
279 181
304 278
192 10
261 317
171 296
309 75
149 200
90 101
140 99
232 302
26 109
100 206
15 166
178 162
209 124
14 274
279 50
39 133
61 303
142 72
200 30
43 251
21 57
296 47
220 91
204 119
177 218
222 61
216 65
38 252
314 16
252 198
28 230
126 169
20 300
138 252
34 154
263 212
17 19
64 115
1 198
51 171
315 80
319 299
233 163
226 323
234 169
171 22
61 98
18 309
146 266
91 76
6 172
30 26
23 37
102 203
16 233
171 197
281 25
277 49
183 144
300 90
304 209
38 204
157 31
133 194
178 181
229 296
281 295
79 220
99 236
262 304
129 128
69 199
307 22
82 28
134 136
163 207
172 16
214 24
136 75
165 17
3 148
220 289
283 68
138 55
318 125
178 185
279 179
21 157
140 278
264 114
66 187
5 158
208 100
244 264
174 2
82 119
309 122
173 84
210 91
131 133
111 34
71 46
256 232
256 88
70 228
294 14
312 115
282 124
312 130
19 274
132 141
176 176
157 198
202 154
153 320
198 35
107 141
119 11
114 278
314 46
148 127
107 92
145 55
314 166
245 130
217 30
216 5
20 270
204 207
254 44
309 199
167 206
73 11
284 66
222 150
5 321
6 199
54 322
292 181
280 281
252 14
224 195
98 199
284 84
197 239
199 45
222 90
235 256
21 62
285 317
261 20
220 224
262 302
234 18
178 269
265 226
301 21
58 227
71 12
180 62
222 312
320 295
204 244
267 31
91 30
215 124
201 117
235 26
223 23
21 64
287 116
276 290
91 251
138 266
159 55
32 265
229 314
273 68
58 251
10 172
59 74
287 7
187 122
88 64
5 149
73 104
301 135
183 199
79 288
92 74
107 160
225 191
52 2
167 85
159 51
35 59
172 176
139 233
266 107
288 80
241 228
130 90
285 67
221 50
217 58
197 54
95 82
145 18
303 272
177 287
162 204
155 226
8 14
110 211
312 286
75 210
221 143
141 258
167 286
285 6
208 300
197 232
142 184
149 121
17 99
135 26
128 61
45 77
202 288
106 251
47 158
323 157
271 137
61 96
303 40
58 138
200 32
56 128
146 30
124 281
146 183
50 70
139 257
7 116
312 197
109 142
207 212
78 205
136 79
218 289
287 311
147 40
145 122
190 50
117 230
197 126
222 48
216 11
315 70
41 240
141 166
175 282
171 235
281 310
202 27
61 31
231 92
214 118
91 206
241 43
78 183
152 154
155 245
68 3
256 15
95 62
43 119
292 124
93 99
249 210
33 185
53 321
125 171
302 321
165 206
105 297
311 61
151 176
301 39
241 247
231 111
231 23
141 114
163 140
185 293
135 73
282 203
81 54
99 255
198 104
133 18
32 99
144 287
278 31
314 188
99 155
194 273
21 144
309 221
179 197
43 45
279 33
70 91
93 288
243 285
206 300
74 38
196 303
38 102
123 190
172 267
18 84
215 15
295 247
260 298
9 115
67 230
279 231
234 298
230 264
46 263
62 239
190 171
313 69
240 248
42 176
24 170
33 80
207 122
30 28
96 116
132 92
21 140
226 124
85 187
279 212
158 108
229 144
76 302
78 267
266 293
264 302
217 183
86 215
226 201
139 153
81 143
180 214
197 167
240 257
86 173
178 234
12 91
240 201
109 220
127 180
184 269
44 75
242 161
34 290
6 201
56 4
22 107
199 164
105 252
105 250
231 164
321 145
210 117
22 292
175 242
215 64
18 120
251 241
254 168
268 215
317 45
166 3
13 300
253 244
295 183
254 55
15 296
5 211
258 187
278 159
279 245
37 222
264 274
21 216
249 295
229 97
317 299
129 78
233 314
220 41
110 315
206 101
275 33
152 322
244 303
38 53
79 262
293 154
242 145
268 166
114 18
157 85
33 78
265 213
51 233
16 286
172 257
234 294
281 245
38 237
201 296
208 55
105 188
42 80
45 289
182 84
248 45
110 209
292 61
141 54
106 77
217 49
80 197
165 117
98 37
131 94
21 175
288 208
147 95
269 156
16 206
123 264
283 107
94 56
269 256
313 17
39 180
136 24
121 304
274 163
27 163
108 274
131 308
320 92
169 271
2 56
91 306
315 0
104 87
32 240
269 67
322 235
19 216
320 266
287 241
31 182
138 278
297 107
73 194
292 19
89 292
46 51
171 226
92 316
70 112
160 222
322 258
35 6
240 216
35 156
119 256
208 92
288 210
64 105
195 149
273 62
228 148
77 110
35 257
126 182
263 82
117 320
318 297
84 33
193 12
85 10
174 169
287 55
311 222
222 220
282 240
233 244
7 67
207 286
49 72
152 54
295 116
235 162
251 167
73 159
59 226
155 110
211 302
90 23
221 37
2 293
78 316
93 34
209 171
312 34
99 62
278 322
183 308
242 36
108 168
24 232
50 160
140 228
185 131
266 273
74 66
244 252
189 134
306 305
174 124
166 119
162 291
227 200
148 30
89 42
280 27
118 229
286 299
143 7
301 181
68 12
4 300
127 70
71 283
213 186
198 27
136 35
1 84
4 171
212 300
58 72
271 68
299 316
179 80
89 126
34 214
190 141
321 237
274 63
319 203
234 103
58 9
292 280
17 215
198 161
100 269
283 235
180 165
301 183
113 232
252 22
86 265
58 7
23 228
141 152
87 129
94 172
250 63
4 306
73 181
108 111
87 305
290 279
120 188
23 125
141 8
291 219
232 245
321 101
131 175
53 228
59 40
113 77
255 234
149 74
93 321
12 203
30 283
272 247
133 132
196 305
8 300
301 249
264 84
263 158
44 138
279 295
237 110
302 146
277 143
231 286
306 107
32 292
169 273
200 261
88 190
286 207
311 20
120 204
188 214
109 138
276 186
5 152
48 108
279 275
135 75
294 225
12 268
1 258
218 279
280 202
45 202
320 221
51 224
262 28
2 45
46 93
254 172
202 174
182 277
182 142
312 145
242 11
71 277
219 280
280 279
113 38
267 159
137 98
235 313
303 227
152 236
229 283
14 182
115 306
112 193
63 301
122 49
132 12
137 46
296 185
156 29
105 268
320 261
86 95
259 196
2 209
6 5
204 82
180 242
252 129
117 259
228 78
280 124
39 235
35 136
137 101
262 323
212 233
268 262
11 15
69 154
150 303
308 156
139 155
105 277
213 255
280 228
302 91
133 269
210 243
220 12
189 217
4 84
50 291
29 15
41 222
9 79
134 271
46 107
172 280
191 166
221 183
257 197
243 148
211 106
42 109
45 267
10 163
281 232
231 71
239 282
319 257
214 69
234 62
71 230
91 125
73 217
102 228
152 199
240 199
100 267
125 98
171 270
243 227
302 280
229 266
284 9
111 69
148 153
141 209
232 170
40 166
251 65
260 315
270 135
261 46
6 319
259 302
181 215
50 200
135 174
186 197
256 57
103 73
82 264
270 169
3 284
289 172
110 322
69 139
123 153
198 173
249 64
85 71
40 287
209 12
39 318
204 84
32 42
223 33
94 42
195 322
201 201
298 254
269 296
287 5
191 115
93 137
306 290
159 79
40 323
183 46
186 138
236 205
43 202
116 60
276 156
78 208
233 270
260 74
56 67
13 302
98 157
165 32
44 269
79 143
315 68
117 148
186 269
191 220
5 21
24 102
31 263
171 167
70 217
87 66
226 291
54 145
228 39
263 190
135 323
292 227
167 320
203 202
52 58
192 178
39 277
322 221
296 296
70 102
186 25
29 72
185 195
292 273
59 95
18 122
43 144
0 225
127 251
283 241
193 299
1 156
178 32
206 134
204 160
108 8
267 168
245 222
213 119
195 261
3 19
266 249
252 310
31 306
204 176
114 317
173 210
242 287
237 246
65 209
238 62
176 306
77 16
77 195
157 321
90 88
237 225
102 272
16 201
313 21
180 22
320 72
151 238
129 94
173 279
173 0
122 182
306 303
260 16
67 183
253 280
129 48
314 144
62 78
154 153
87 127
153 290
215 163
23 172
211 299
57 115
277 86
276 47
271 87
158 223
138 197
107 69
201 265
311 76
137 319
171 42
311 14
111 137
57 40
19 2
122 246
95 25
311 94
165 314
277 41
115 128
10 169
176 20
172 147
83 274
210 108
194 62
196 9
270 294
161 36
176 8
162 197
91 314
165 141
148 51
282 190
210 257
3 201
135 270
33 275
5 11
246 3
217 275
31 97
33 321
31 294
155 76
308 58
130 218
34 121
107 283
33 200
42 174
34 157
320 31
190 148
270 3
165 98
95 28
186 73
323 211
163 247
312 43
75 35
155 218
160 2
4 198
26 129
113 189
91 162
126 238
299 300
244 269
155 83
223 228
244 33
244 37
255 38
159 220
200 34
85 235
62 114
285 296
168 119
174 270
1 52
311 317
214 11
2 213
146 12
1 309
114 119
140 115
183 194
38 282
294 98
109 39
241 173
222 208
11 308
218 13
196 52
131 306
109 267
221 151
244 46
26 115
11 294
179 160
22 269
61 224
195 7
69 254
244 44
150 69
4 2
59 46
254 252
34 217
44 87
72 155
160 244
157 176
147 67
101 322
281 274
291 296
182 73
116 251
173 167
122 161
137 26
264 214
243 108
75 27
318 267
97 136
291 282
97 133
293 75
87 52
139 254
43 123
195 232
159 0
239 322
210 239
61 105
20 110
117 322
75 109
177 6
48 187
195 101
52 304
236 106
127 310
71 176
23 140
243 282
58 61
1 233
144 33
290 14
97 25
164 3
303 286
212 226
193 155
252 44
52 265
33 48
94 101
280 291
72 91
108 67
185 39
43 227
70 136
27 136
142 207
37 313
62 116
197 61
68 90
307 229
142 228
163 257
278 10
281 201
46 105
38 323
312 108
298 247
322 209
279 255
179 288
110 301
116 236
156 319
309 29
122 192
296 164
122 100
15 181
218 165
145 284
297 36
101 24
45 120
222 188
109 232
303 141
200 160
34 273
120 275
143 127
132 213
151 193
305 273
172 278
175 108
233 179
320 122
189 16
102 90
55 264
242 125
154 106
289 66
231 288
265 101
35 178
211 287
248 125
152 45
266 209
274 145
30 32
281 312
296 115
71 87
311 132
142 202
252 27
294 243
280 105
254 89
143 114
14 312
221 39
119 51
56 26
182 256
219 74
139 224
253 191
87 93
81 236
177 34
193 116
193 149
137 73
124 164
279 19
127 10
23 145
82 218
274 279
233 13
252 190
25 225
238 66
107 200
253 154
118 94
83 256
101 92
284 208
27 131
88 125
89 169
209 258
173 198
34 0
317 146
43 22
125 102
278 173
143 35
168 311
99 257
97 286
264 280
205 123
123 280
149 32
88 266
87 133
30 234
54 169
60 0
278 102
303 299
322 96
296 21
241 155
112 295
304 267
25 124
72 294
258 205
140 203
88 175
92 13
259 17
314 286
57 130
93 318
181 316
37 137
162 129
197 7
268 294
61 29
119 28
222 184
116 0
37 284
234 146
174 309
175 254
66 240
293 239
255 59
307 77
174 285
208 152
21 55
171 237
5 288
61 263
213 273
282 150
177 281
9 269
11 48
307 221
97 117
75 13
211 259
112 93
168 138
171 40
75 216
95 22
111 36
121 153
119 306
184 40
134 92
3 203
168 316
39 138
162 289
209 240
254 91
212 228
143 310
28 290
217 17
251 127
23 210
237 220
83 165
242 257
277 315
210 274
233 154
94 23
177 180
123 294
176 233
263 19
163 14
200 299
16 92
65 291
181 147
263 96
63 275
137 232
13 151
191 75
40 17
256 107
246 46
321 186
200 270
234 11
1 202
72 151
23 55
224 240
129 321
75 136
39 117
319 74
159 139
110 257
138 91
274 320
258 232
185 280
131 128
256 204
221 44
109 65
89 70
148 146
41 226
125 308
22 155
286 190
169 203
85 113
267 226
7 276
187 117
28 245
222 104
303 118
253 40
298 290
175 197
40 25
50 188
167 300
283 100
30 4
210 196
139 53
260 284
301 302
193 301
114 225
261 286
185 18
164 142
16 275
125 220
213 215
301 41
209 287
82 289
193 60
285 240
282 186
319 37
75 212
18 287
207 236
28 164
223 226
107 296
28 297
32 122
97 156
85 177
140 57
162 63
299 292
317 161
312 95
88 146
126 218
230 262
147 63
208 198
222 229
101 258
252 152
78 55
98 228
22 153
189 115
204 101
181 10
62 37
24 207
137 273
22 294
235 2
291 172
77 63
209 56
49 302
6 203
106 217
41 120
281 13
143 62
301 25
213 259
93 126
73 28
20 121
260 49
109 184
28 26
181 199
242 232
156 152
26 111
60 284
217 284
51 242
272 85
197 174
125 175
226 295
262 267
256 127
114 197
143 210
22 147
231 118
24 309
30 60
304 200
78 199
15 303
110 22
247 306
68 25
181 197
88 182
91 218
235 322
16 84
178 158
117 17
242 78
158 53
187 271
223 39
184 217
265 45
116 147
180 34
24 71
46 38
105 266
263 92
87 9
120 159
240 164
318 32
68 297
55 45
43 48
157 277
285 167
244 209
189 219
20 268
121 112
72 134
275 189
260 139
150 182
24 88
147 263
179 2
98 232
205 117
236 287
168 157
4 116
113 128
49 201
93 290
293 35
281 271
22 208
205 178
264 143
160 166
275 182
28 176
259 300
43 125
77 220
1 158
239 57
209 251
57 132
40 204
273 2
84 120
297 211
221 21
148 198
56 283
92 164
166 59
61 134
2 223
47 207
262 138
286 192
32 60
196 257
206 201
57 81
25 299
9 113
229 81
293 254
136 109
4 15
294 158
267 111
87 184
312 194
304 182
232 63
87 204
235 105
307 313
114 121
202 22
40 22
83 306
318 251
274 290
227 133
246 264
116 71
278 145
142 237
162 34
227 97
262 279
2 85
305 187
322 184
230 246
88 281
98 201
285 86
208 106
299 186
273 56
237 265
103 59
118 246
128 191
85 282
33 218
175 227
169 160
46 241
278 280
314 259
144 118
5 215
96 140
221 8
138 50
149 215
68 113
205 172
194 282
90 174
80 169
309 79
150 154
45 113
143 55
175 113
168 149
73 236
273 6
139 101
272 126
318 209
75 306
167 318
173 226
35 147
161 57
280 46
275 86
72 137
260 94
180 235
106 258
28 178
265 318
28 319
304 180
32 288
19 255
139 316
33 183
156 53
29 288
286 253
270 69
147 265
41 126
153 47
311 123
231 282
69 280
227 38
160 202
112 252
28 43
105 288
320 209
68 132
249 261
85 94
148 65
286 169
258 203
67 299
227 190
11 296
288 314
190 211
262 168
144 294
271 201
182 71
95 162
124 260
219 43
311 50
144 183
30 117
211 38
244 278
181 86
153 238
207 251
206 126
267 201
240 55
17 300
40 254
218 50
178 230
168 202
278 225
178 112
221 101
177 59
273 75
302 278
161 280
305 59
120 10
310 22
285 148
174 9
262 281
137 280
161 48
171 190
73 317
307 117
268 202
165 56
12 169
76 154
58 142
248 55
208 135
222 164
153 198
152 72
227 141
90 297
297 212
162 107
286 211
294 251
169 17
154 100
39 182
110 171
277 318
235 286
231 27
42 23
270 58
288 192
110 115
195 130
153 182
193 127
107 312
240 41
301 14
33 101
191 243
141 230
245 268
194 20
141 273
188 207
17 5
314 2
234 167
77 181
39 19
159 48
140 73
139 295
37 311
42 88
153 218
47 55
126 184
194 316
162 109
215 49
39 121
302 163
210 100
41 293
176 213
187 282
11 224
127 102
297 256
31 207
126 261
190 209
193 17
46 87
174 85
267 67
33 204
136 69
260 77
260 268
297 160
188 70
171 150
301 107
209 302
198 52
225 310
197 50
290 18
269 26
117 286
268 160
76 316
120 13
127 98
271 128
80 68
120 155
10 53
276 28
217 123
262 57
163 195
303 250
1 54
134 103
213 62
170 4
24 38
43 39
70 160
302 152
212 297
270 321
64 297
321 282
122 199
239 293
31 232
228 202
32 50
218 59
22 39
100 90
281 33
20 117
256 74
193 176
171 133
292 323
214 257
93 182
83 185
301 195
111 65
112 148
217 281
278 257
262 26
77 268
91 295
283 133
80 167
262 276
263 140
83 72
216 234
226 289
194 57
66 178
52 185
164 12
279 177
304 57
233 293
165 138
7 153
205 286
254 250
157 83
215 230
109 205
213 40
101 88
165 247
193 275
238 280
253 58
74 198
218 2
184 311
33 272
139 107
231 183
136 151
178 0
187 102
233 26
48 203
273 28
128 279
237 244
309 297
173 160
39 168
214 66
18 17
183 90
68 197
97 296
179 10
307 105
295 212
110 299
209 194
94 283
111 124
64 199
4 209
166 115
113 187
319 28
96 51
131 63
9 301
112 50
134 11
282 27
17 106
15 218
134 140
221 18
40 290
243 254
238 55
309 60
265 162
96 33
240 36
245 159
103 117
123 184
290 266
168 4
142 74
150 45
238 161
150 48
78 234
73 221
170 158
267 321
243 117
242 284
106 111
151 56
152 285
251 244
176 268
112 126
15 103
195 177
73 47
314 192
277 117
318 263
111 233
118 123
60 27
76 300
192 90
136 321
161 206
115 96
50 295
125 162
70 19
272 321
254 227
31 163
7 58
244 259
161 276
298 133
169 198
49 243
244 79
96 225
187 150
82 7
38 99
50 147
195 275
293 228
56 113
302 8
92 70
295 269
243 9
92 101
60 68
160 294
294 272
80 263
190 240
19 253
228 196
68 307
43 24
87 114
321 29
296 148
209 320
293 249
49 18
89 85
74 151
47 243
42 43
148 184
56 160
18 244
74 161
301 116
306 323
248 299
45 42
123 278
31 178
169 82
142 205
71 80
9 15
115 198
69 308
59 59
248 170
216 189
49 198
73 22
296 168
59 115
8 185
81 265
137 28
150 54
274 161
178 214
55 147
313 162
320 263
269 322
115 83
185 274
297 88
298 137
236 181
201 319
314 242
149 86
272 154
80 66
283 296
42 284
244 161
21 306
152 179
37 277
246 40
224 37
120 92
153 177
315 133
109 222
300 318
32 214
33 148
215 175
322 199
72 275
216 106
45 94
23 234
214 196
305 277
79 247
296 98
241 289
132 217
46 272
18 21
213 135
266 98
136 231
238 198
43 50
127 197
221 271
86 88
145 296
169 154
143 32
322 292
91 234
300 43
240 45
161 127
57 134
261 159
213 193
114 98
164 167
232 116
133 90
259 160
277 51
186 30
112 120
244 191
18 268
78 34
36 304
266 247
160 50
299 273
7 321
52 307
150 72
122 261
295 240
134 214
167 298
161 111
198 80
261 53
136 176
309 126
266 275
126 173
301 227
320 124
72 228
138 171
237 256
294 63
273 233
104 76
61 1
22 284
104 267
83 92
262 104
212 195
240 197
137 53
301 171
310 285
85 310
250 276
261 189
252 264
1 60
116 120
22 230
115 61
207 177
273 188
59 210
51 187
299 135
44 93
217 271
170 74
308 201
231 29
113 257
111 12
134 299
21 124
1 169
77 236
212 322
290 275
79 36
200 60
43 222
189 18
171 223
176 286
220 103
315 125
73 153
31 132
136 203
170 94
24 108
253 112
184 201
240 280
88 279
137 82
5 147
258 172
300 289
211 215
295 100
33 137
92 282
25 196
4 304
73 13
4 302
52 192
112 22
303 116
312 57
228 120
267 255
166 7
93 79
178 46
3 207
43 267
87 186
190 14
270 262
61 101
226 268
87 103
224 127
67 277
322 123
37 182
226 54
159 255
303 296
126 248
100 121
107 139
136 137
269 189
160 109
319 98
193 166
165 289
196 181
8 83
24 73
33 46
315 38
295 273
252 224
103 88
249 241
39 136
98 26
158 172
296 96
9 322
252 305
30 119
316 173
39 9
192 125
126 312
256 59
218 229
314 58
88 173
103 15
190 224
102 114
63 132
148 307
189 281
49 104
7 269
297 22
211 271
305 202
299 116
34 99
202 198
10 279
239 246
305 139
294 102
293 65
119 90
115 258
153 194
77 318
318 76
116 92
150 92
276 101
30 65
308 139
143 122
137 297
115 24
300 312
143 186
20 1
33 152
309 287
266 115
101 227
8 81
168 313
107 149
123 98
267 251
288 11
0 276
105 60
245 111
257 216
111 139
5 278
40 316
233 176
101 123
229 289
280 11
237 173
98 54
50 205
255 67
239 220
113 185
260 236
256 61
145 179
157 262
61 75
57 253
273 143
15 62
263 142
91 69
312 260
233 152
148 155
206 288
50 169
285 55
255 198
7 310
279 227
178 164
186 224
197 221
175 161
253 170
101 59
213 244
253 130
223 138
31 134
238 231
27 197
208 274
216 121
278 184
270 248
46 178
145 51
206 247
294 146
189 93
151 97
136 222
94 0
241 256
194 19
83 220
126 105
104 97
230 185
7 77
134 200
32 146
200 224
238 115
239 195
84 74
272 4
62 104
247 194
171 272
83 103
3 12
283 102
224 11
185 199
134 202
162 244
212 10
104 111
214 261
141 154
119 258
279 233
147 245
251 61
319 110
228 188
220 4
158 221
45 243
86 201
302 289
192 170
196 234
199 262
231 166
138 222
11 38
254 57
305 223
7 271
233 101
267 100
22 255
130 22
18 260
30 318
226 127
34 112
7 155
157 196
315 167
280 100
216 36
319 233
294 122
94 160
73 238
252 71
128 35
271 190
183 249
221 160
34 320
28 89
141 295
282 137
157 183
245 254
66 2
192 180
256 269
118 109
236 231
176 22
177 244
122 35
258 158
112 118
146 185
273 87
29 243
185 116
136 278
177 211
84 147
191 168
46 53
30 135
321 223
253 197
8 172
215 186
90 34
280 204
136 252
218 47
176 173
186 313
110 286
253 3
149 123
91 192
167 83
81 153
251 36
117 121
315 171
104 246
181 255
301 310
57 144
147 97
308 28
133 74
199 48
200 180
40 163
171 298
238 291
299 298
302 136
116 38
212 275
253 160
3 211
214 74
298 47
41 51
73 132
288 53
155 216
47 254
199 65
35 50
261 290
68 92
207 224
303 60
169 96
56 24
261 305
244 31
8 44
232 291
32 116
290 253
57 107
43 225
106 97
310 96
35 266
119 202
228 49
180 139
40 306
211 191
293 182
178 21
317 241
195 17
321 53
141 111
18 240
91 41
225 107
52 246
107 262
84 96
115 231
25 237
105 261
310 106
192 147
118 311
62 83
79 69
61 115
75 48
34 161
197 56
88 160
238 294
162 229
295 180
130 96
254 129
53 299
6 70
95 34
279 21
111 41
0 152
203 206
220 208
34 268
56 71
307 276
321 99
272 111
126 61
259 36
320 112
189 226
174 307
52 45
141 150
25 175
169 14
79 151
168 77
158 77
291 3
185 57
128 216
249 111
312 119
8 37
91 170
8 112
311 6
244 135
145 32
194 239
38 11
135 34
104 278
144 11
134 20
175 83
234 216
190 213
182 195
101 241
235 138
256 167
242 106
38 264
0 131
125 310
69 137
166 76
145 248
134 172
154 277
218 211
180 68
5 19
147 15
78 299
241 234
79 214
254 150
176 146
303 87
272 131
38 319
23 123
67 176
294 296
314 23
150 255
295 160
44 161
59 133
238 200
230 268
276 141
108 219
315 21
33 257
140 264
153 196
77 53
47 270
152 126
238 224
146 141
140 30
315 162
220 187
150 248
144 175
276 242
187 314
295 108
164 226
199 274
307 93
139 314
232 59
19 62
213 317
22 92
72 174
91 11
76 226
103 167
117 65
69 86
318 157
192 153
23 14
150 236
279 259
293 152
264 138
25 42
251 111
28 71
294 96
248 304
307 142
206 203
42 309
125 104
169 132
309 97
36 102
42 47
70 6
228 74
96 41
212 238
204 54
316 243
50 164
209 148
57 161
194 277
15 9
294 274
223 92
21 120
200 169
86 263
213 137
262 16
25 168
190 1
269 64
68 305
264 106
231 265
322 85
104 248
215 76
134 192
241 40
318 249
251 301
141 62
130 130
106 174
6 299
163 38
282 227
132 300
57 111
107 266
137 240
102 77
134 15
216 78
133 253
13 62
185 133
160 30
37 230
177 209
65 300
102 239
63 40
44 207
265 297
102 156
309 167
155 47
200 284
76 39
222 40
13 10
85 185
121 51
116 318
255 256
30 115
42 253
53 78
154 284
81 145
133 196
297 248
291 284
108 112
228 95
265 26
165 309
31 155
236 161
139 98
143 227
245 193
152 289
205 12
200 14
43 84
311 199
317 171
133 238
162 293
17 280
83 271
48 304
293 40
62 323
44 26
57 59
20 308
130 290
259 52
193 78
224 219
106 67
311 195
128 9
18 311
311 319
178 313
81 165
251 105
299 211
176 231
59 224
197 254
298 9
227 147
206 128
101 146
187 280
192 241
106 275
92 78
242 128
138 138
313 44
77 256
268 276
91 145
107 57
152 239
160 296
283 164
222 10
129 134
87 310
130 72
305 230
240 239
154 72
181 291
99 119
227 282
301 269
304 206
319 100
300 133
283 222
30 241
316 137
103 269
106 298
93 189
90 144
40 278
189 56
108 314
56 10
54 1
113 171
42 193
144 138
47 154
307 32
288 179
195 80
172 44
75 317
146 290
182 37
178 246
38 192
247 323
132 76
42 25
89 67
220 19
8 227
308 73
180 49
110 313
158 318
43 86
122 259
278 239
150 305
110 269
78 238
251 107
203 117
225 51
242 56
75 181
256 86
11 128
270 289
33 155
59 28
17 217
204 90
110 151
320 24
91 158
33 181
115 74
224 206
130 323
78 120
92 320
56 162
155 156
140 33
26 170
182 67
5 202
128 222
305 275
193 76
177 102
69 185
304 43
105 199
234 267
85 103
263 242
79 216
72 89
93 31
114 212
32 283
290 321
182 44
134 62
260 47
208 246
22 232
161 21
18 275
36 270
66 161
215 13
219 120
113 16
64 207
263 98
166 241
41 276
59 30
168 151
79 15
30 131
321 94
168 80
3 322
177 114
162 258
313 320
298 209
275 317
322 77
58 136
267 156
198 82
29 317
32 274
102 199
134 77
213 302
65 310
295 78
228 244
297 12
270 202
67 292
302 61
263 80
1 278
129 307
149 70
208 128
174 99
170 268
165 224
119 227
311 170
26 90
176 241
272 129
185 135
6 46
184 296
115 314
129 126
217 125
185 16
283 151
87 45
239 255
137 269
157 200
155 97
77 261
177 216
253 104
77 313
137 305
265 155
105 92
196 128
299 44
33 294
276 19
124 173
177 183
265 103
2 199
322 181
170 201
113 284
79 62
164 23
290 45
111 39
257 63
106 229
184 267
20 108
321 219
109 160
251 248
23 87
167 139
239 9
85 179
293 241
211 162
33 30
31 48
221 227
115 229
289 285
131 253
278 298
123 37
213 161
110 94
66 256
278 252
217 255
140 75
53 167
33 97
159 4
186 273
275 61
15 51
215 214
288 271
300 320
197 307
308 302
243 305
201 217
38 308
142 286
321 132
282 14
171 75
19 229
100 273
293 59
63 57
129 175
208 69
119 47
63 38
210 216
50 241
235 259
137 48
209 37
283 200
153 56
228 323
159 276
183 86
131 194
144 202
45 287
296 218
58 113
309 195
104 157
280 103
164 115
274 153
263 144
272 234
169 291
87 13
275 116
22 59
175 18
152 49
285 151
287 303
76 52
29 198
294 42
297 75
64 240
175 30
105 226
19 6
276 158
274 235
164 294
246 196
74 90
187 16
239 138
135 101
0 102
229 133
245 39
200 295
161 199
99 123
163 161
214 322
103 147
86 82
12 279
320 108
240 232
308 317
189 117
49 289
132 223
165 42
199 321
3 182
113 53
245 35
230 145
17 302
272 88
67 250
41 228
314 94
155 263
43 240
6 44
217 232
177 147
198 147
311 287
105 221
66 296
239 59
71 216
219 21
253 146
16 210
318 134
48 39
126 152
9 277
99 60
211 119
164 249
172 139
169 269
41 165
63 310
143 308
105 12
281 128
190 74
116 98
279 15
6 56
228 41
172 103
295 139
315 31
153 0
35 183
221 72
284 88
65 302
72 48
106 75
37 321
304 290
28 45
313 31
2 235
249 23
207 124
226 49
234 148
6 83
211 278
123 135
14 244
29 57
116 63
213 64
68 295
182 297
216 24
77 35
15 60
110 14
95 285
87 171
91 103
269 171
92 139
265 141
300 163
211 189
220 46
37 50
92 188
52 296
172 169
269 254
35 180
188 318
71 14
281 109
64 306
39 233
201 219
112 286
60 228
273 0
111 141
51 285
209 238
297 51
17 251
178 68
271 282
65 276
61 259
230 99
317 247
138 105
174 267
83 81
52 146
85 271
178 289
21 210
128 152
0 124
279 210
301 314
22 118
174 281
2 251
294 218
203 100
260 172
323 171
258 268
317 256
164 296
75 29
236 201
67 130
224 77
90 105
133 64
186 283
296 258
92 40
255 267
156 81
189 99
125 112
210 322
185 27
175 106
13 297
74 163
272 136
109 42
230 215
104 166
225 126
29 200
268 259
77 44
75 122
156 228
226 272
74 154
297 94
298 245
179 311
8 319
292 39
322 130
138 57
137 253
39 284
136 268
115 233
128 231
82 117
155 238
299 13
135 320
138 4
39 202
112 116
229 217
46 139
70 197
41 289
231 81
28 28
83 260
68 293
121 274
315 72
234 260
234 188
18 205
70 292
295 223
86 306
224 163
8 167
219 271
142 265
285 69
281 68
90 307
130 79
202 104
171 135
215 82
32 259
67 141
36 154
288 267
248 242
289 82
10 55
10 126
151 197
300 137
132 288
0 280
254 14
163 56
292 15
26 54
33 222
7 148
207 149
170 209
303 58
216 173
260 266
259 286
113 227
276 174
46 109
132 277
77 217
157 219
184 145
282 297
297 120
269 5
275 71
221 145
211 295
151 234
271 173
53 131
241 322
150 317
271 38
230 173
301 105
200 297
6 292
37 224
193 227
196 79
36 0
58 82
38 290
280 283
212 36
96 47
174 115
244 141
100 0
196 57
135 194
2 104
306 249
195 55
54 44
275 291
211 237
9 128
206 89
273 312
198 270
36 282
119 230
108 172
71 310
295 152
244 137
279 29
182 201
5 187
166 19
179 286
269 134
296 230
98 134
152 254
72 26
19 23
179 47
297 116
230 243
57 65
70 110
56 309
121 193
301 317
25 133
98 50
204 174
199 266
43 146
177 228
181 58
73 108
2 115
37 133
243 174
48 75
195 167
269 258
103 188
282 64
114 76
77 49
63 205
59 42
106 137
121 306
237 235
68 18
138 169
278 278
79 269
290 64
15 96
260 135
162 6
260 168
2 190
211 273
70 132
154 98
4 186
137 238
263 222
234 165
260 238
281 236
57 284
91 99
84 122
171 18
219 80
192 151
301 211
89 184
217 160
277 72
91 284
183 315
33 72
49 254
71 237
314 48
276 137
62 256
166 79
80 320
129 33
227 317
170 139
35 115
178 291
104 113
246 282
269 153
254 75
9 18
271 56
234 258
308 219
240 115
15 24
254 152
307 112
85 203
5 193
16 311
317 207
248 24
192 53
252 230
295 216
21 254
55 151
173 41
227 107
255 271
111 320
281 97
49 146
93 306
108 190
257 190
276 21
127 220
299 213
142 267
247 262
156 180
184 37
286 114
58 320
121 276
131 321
74 137
242 179
169 315
73 319
271 133
290 313
174 287
189 191
28 208
174 109
192 224
254 289
116 94
7 225
52 231
165 228
228 146
314 220
5 170
68 16
280 185
198 272
231 151
244 94
2 117
90 191
248 310
80 199
80 206
60 233
252 172
86 280
99 322
266 109
291 120
113 311
51 79
168 242
248 227
96 295
117 119
89 162
235 12
129 74
200 323
86 175
212 160
208 150
153 192
87 169
150 213
14 246
104 74
266 187
82 146
39 198
167 315
78 67
241 116
298 164
258 303
81 256
213 109
191 192
111 74
213 299
268 115
64 56
123 137
233 89
182 49
98 234
159 192
59 253
273 280
278 53
16 139
24 16
251 155
109 284
58 89
65 254
20 153
200 147
10 40
12 49
72 183
296 103
123 111
185 219
136 172
141 263
54 201
290 277
204 154
237 293
124 311
79 71
140 205
283 162
267 295
24 209
234 242
205 237
268 224
83 52
53 285
243 229
14 99
221 108
96 0
180 81
29 35
260 304
264 278
240 79
39 81
123 273
132 239
240 230
170 225
29 232
32 150
106 157
159 32
240 291
70 114
0 55
142 239
88 236
88 29
180 60
159 241
261 76
301 299
150 159
42 163
82 316
279 134
59 264
164 290
212 102
219 72
300 291
23 85
123 296
1 221
306 28
30 293
197 318
312 73
134 9
197 165
211 247
102 245
45 144
210 135
57 225
117 27
3 205
143 269
303 313
164 203
298 118
82 320
98 272
322 277
104 90
236 114
45 50
188 149
24 240
170 186
1 311
177 2
82 94
58 266
103 115
133 303
188 197
44 177
29 133
95 4
289 178
320 205
34 117
139 262
230 128
54 39
263 154
129 224
7 290
224 40
233 283
30 17
286 209
113 83
291 303
160 11
162 167
199 50
216 191
205 130
185 226
82 148
132 80
147 313
246 274
245 262
156 256
147 17
233 16
17 152
271 188
250 53
116 239
55 285
118 15
199 54
110 147
26 105
141 185
55 171
144 132
101 237
227 290
2 0
259 291
279 320
136 96
59 229
106 227
221 141
75 152
16 212
214 55
37 232
1 100
278 113
203 286
259 234
123 202
185 271
68 101
57 140
113 321
236 216
75 214
151 318
212 243
273 190
43 78
70 104
118 200
48 56
178 86
178 220
235 80
316 185
65 141
57 28
291 298
30 244
2 71
301 11
166 166
279 17
39 92
169 91
60 72
169 42
122 159
262 210
129 136
18 242
254 166
222 110
22 53
167 14
149 93
314 239
162 191
176 270
138 29
160 242
142 172
225 205
80 289
309 6
11 9
23 18
294 205
197 64
110 173
98 52
96 2
108 76
106 113
139 231
311 81
277 176
37 117
224 291
57 79
282 12
303 317
3 225
199 175
169 150
200 174
148 119
126 249
129 154
151 243
130 144
114 248
154 220
59 64
11 130
94 46
308 304
20 66
33 177
31 242
279 26
308 103
0 235
314 146
252 20
121 90
274 112
277 180
265 24
53 222
293 297
222 35
88 105
39 184
290 270
2 256
268 316
274 60
222 186
168 277
151 94
212 277
281 180
278 125
41 161
144 268
133 113
271 280
160 204
61 152
28 210
179 259
86 321
146 124
129 249
51 128
100 228
75 221
159 201
134 81
41 9
17 104
177 254
304 249
91 38
101 248
218 36
256 251
84 288
190 152
83 235
188 92
122 204
15 117
315 241
99 170
153 74
189 167
29 163
153 244
127 135
157 279
169 236
252 262
22 243
225 238
13 175
189 270
300 118
147 200
94 58
315 127
127 113
190 309
254 106
90 73
312 48
297 223
263 297
128 140
254 287
312 75
87 231
262 52
252 107
296 246
164 193
34 212
30 95
28 20
45 255
149 41
4 292
275 250
265 243
322 70
90 108
19 56
35 303
307 97
281 70
241 9
192 319
246 190
155 199
62 231
96 121
111 311
143 179
164 164
205 297
90 243
48 105
217 259
114 147
41 286
211 171
108 298
106 281
215 22
62 261
95 180
151 215
225 194
22 239
86 181
214 168
61 230
239 170
32 111
215 67
236 315
112 303
111 170
116 296
131 113
68 178
262 236
13 139
281 126
133 290
132 143
51 302
0 99
218 273
189 155
62 95
33 163
250 197
125 194
69 81
258 61
94 308
272 152
260 130
238 222
226 36
47 290
213 188
214 83
138 264
53 80
66 252
254 65
48 103
230 39
301 187
294 150
167 117
310 197
239 127
227 90
31 205
223 22
68 252
82 258
177 30
282 101
3 157
12 276
281 16
282 131
57 163
200 162
231 143
201 203
30 34
266 279
68 235
295 229
147 85
172 111
189 315
283 281
72 67
289 283
23 260
132 251
295 219
170 156
180 4
9 171
7 48
323 237
120 151
235 245
94 320
239 39
166 15
89 294
152 306
26 242
274 58
55 129
313 126
105 201
53 187
142 4
315 321
260 137
292 183
233 2
113 74
194 310
66 191
106 23
238 204
28 61
123 162
252 158
33 220
154 180
268 248
301 281
215 26
109 23
166 34
202 61
14 202
218 318
253 110
188 269
183 292
95 183
73 164
316 108
147 92
157 225
144 136
278 45
128 0
103 242
203 297
258 215
85 73
171 276
90 43
302 150
158 185
150 198
17 1
80 118
169 84
168 40
20 106
160 64
32 62
213 232
175 280
218 220
150 145
271 7
84 9
313 71
107 288
115 321
217 288
39 222
302 246
223 148
117 125
314 119
252 303
84 181
6 323
64 295
152 101
209 286
277 276
177 178
318 301
68 103
216 74
209 278
235 265
240 145
64 94
319 219
207 239
203 204
96 43
92 24
86 75
168 136
198 169
20 139
55 59
246 210
6 186
66 102
248 225
321 26
237 104
41 19
306 200
30 154
183 275
135 113
42 263
300 9
62 237
33 306
133 240
181 309
298 38
301 271
198 9
82 279
41 83
304 79
268 320
69 278
90 189
3 118
195 255
80 52
179 78
110 149
269 112
299 165
50 196
66 207
84 6
68 111
156 223
305 228
313 39
289 44
56 0
45 270
115 312
289 68
281 293
186 75
45 122
114 95
314 98
60 25
15 265
282 229
135 90
38 55
319 22
37 6
82 35
105 96
99 116
138 299
230 14
125 136
269 201
77 215
236 257
26 88
13 47
214 35
14 173
319 253
123 39
84 219
38 8
112 14
274 102
114 301
58 282
214 242
260 27
262 14
278 111
157 96
151 122
21 146
304 27
48 200
169 297
62 25
19 85
308 110
65 250
313 15
131 74
84 321
104 14
34 270
250 43
22 72
241 147
5 206
142 256
86 105
175 174
22 241
156 154
120 260
277 12
92 159
9 67
276 205
140 172
77 303
89 305
268 98
49 207
143 53
278 254
106 316
186 41
219 107
256 55
188 143
100 47
231 176
148 117
239 214
137 70
257 255
88 216
311 114
41 92
61 274
129 113
111 143
12 167
28 116
192 312
129 178
262 115
55 277
231 314
56 149
188 97
278 47
165 128
178 252
216 219
309 289
109 207
270 130
266 277
68 5
220 185
164 45
249 104
320 231
179 59
117 47
37 101
3 22
16 182
276 236
242 33
58 171
4 213
20 261
220 254
153 271
130 234
45 251
149 16
285 146
233 23
298 115
61 118
182 62
139 79
101 61
152 256
151 47
162 193
7 317
240 207
120 40
138 96
322 91
87 11
15 313
1 82
122 40
300 63
89 176
128 96
31 287
240 83
157 110
67 88
307 79
55 37
169 65
160 125
75 273
315 106
158 275
36 54
13 118
75 159
69 229
14 267
201 317
109 158
262 94
283 43
30 50
220 258
218 19
311 125
96 29
170 100
85 319
167 204
302 36
134 301
266 245
107 109
236 1
70 89
120 161
301 144
316 250
173 107
117 102
155 85
192 13
278 204
253 67
185 122
255 200
103 237
231 90
227 145
93 38
263 226
175 102
251 29
212 197
218 282
209 137
104 200
127 171
315 160
100 156
90 164
123 41
283 109
25 40
257 160
231 296
71 153
61 23
116 241
39 229
226 129
104 190
163 21
140 256
317 183
86 143
229 186
99 227
60 83
213 105
261 196
53 311
76 117
7 81
110 96
80 34
13 7
245 208
116 149
73 49
203 158
318 26
191 300
63 303
73 211
262 285
188 100
215 190
201 282
166 293
113 280
224 109
24 293
17 237
50 162
53 36
163 106
257 76
173 162
189 10
180 290
22 308
98 172
241 2
29 166
253 296
245 260
153 70
132 62
58 159
112 40
29 207
237 138
216 261
175 171
228 57
47 177
224 189
264 224
309 33
151 250
245 109
299 268
313 222
146 288
109 320
264 116
83 26
271 31
105 214
63 273
269 204
75 271
206 245
210 198
111 229
248 32
239 218
96 173
247 35
288 114
118 26
125 8
261 55
156 95
177 17
20 15
174 172
286 8
118 248
62 318
158 81
83 269
153 269
64 80
80 32
257 199
196 147
308 319
241 127
176 32
250 21
168 95
1 253
2 102
107 253
114 143
87 86
45 265
177 159
240 287
278 73
48 296
143 208
272 308
5 268
181 253
266 96
184 141
297 99
321 55
153 31
120 94
54 25
107 41
227 58
253 199
215 136
167 224
286 235
100 198
280 257
32 138
152 43
249 244
185 89
276 90
203 282
305 298
173 18
147 248
308 24
125 37
127 308
51 250
284 189
136 8
137 80
73 9
75 243
227 51
33 263
42 167
6 267
66 112
192 239
81 62
158 49
163 104
54 181
231 187
246 5
277 250
258 288
208 249
134 289
14 92
172 109
250 227
16 208
110 119
219 35
172 232
123 113
284 136
178 166
322 294
164 40
222 46
247 127
165 14
105 88
313 170
276 184
271 71
185 252
3 258
39 280
154 257
144 289
106 279
191 123
118 107
87 30
124 297
142 271
259 169
176 100
132 322
215 184
206 55
137 224
281 43
113 223
204 248
290 300
94 12
72 296
220 163
226 109
68 187
299 160
53 56
250 70
63 265
226 81
23 237
191 156
318 185
206 174
105 282
14 189
179 218
259 270
90 146
106 56
158 258
47 251
56 169
229 183
118 0
105 223
310 168
197 66
55 223
150 43
218 29
276 279
162 202
202 135
271 27
5 280
111 157
180 85
222 206
70 177
280 130
195 127
231 130
228 311
177 19
11 51
251 307
70 297
49 157
125 114
255 254
284 104
276 88
303 20
52 196
113 282
321 233
194 53
60 231
184 44
261 92
301 159
239 172
199 264
68 115
89 296
263 4
91 293
224 49
152 302
75 208
76 222
27 315
115 186
271 257
3 252
214 240
26 44
257 35
195 230
316 248
245 6
135 282
295 36
22 297
77 209
112 212
296 205
102 125
99 153
201 263
108 286
84 168
293 67
115 188
279 106
51 60
120 287
219 171
32 268
143 112
297 203
81 72
50 56
291 60
62 130
227 288
62 269
38 119
93 162
143 5
174 185
81 260
71 164
215 272
187 120
85 269
95 30
153 216
311 32
259 34
51 167
218 158
203 52
62 128
159 145
262 244
169 21
311 45
257 270
293 180
250 297
160 112
242 208
180 219
161 246
135 141
285 234
270 317
79 314
92 72
236 55
276 311
66 306
209 154
76 161
226 40
139 147
291 1
111 284
312 19
109 57
95 99
79 265
254 193
244 273
207 36
2 151
317 36
256 253
310 24
321 110
10 167
178 23
117 253
271 5
130 135
100 112
179 253
290 2
135 280
44 46
155 278
236 108
35 79
2 303
109 224
238 239
317 99
231 293
92 308
278 141
227 192
33 6
79 297
315 99
51 36
95 123
233 111
220 165
55 203
226 298
302 42
214 228
89 10
276 323
4 45
270 235
58 129
70 67
4 282
236 62
281 107
90 71
152 152
139 118
175 237
321 207
213 230
282 207
306 114
274 129
279 247
105 216
259 217
294 294
290 268
17 282
208 222
34 66
209 99
33 74
30 281
168 159
24 135
49 250
268 169
19 19
131 24
189 244
130 238
107 277
316 181
191 117
82 169
93 184
64 238
101 167
313 117
237 81
310 220
165 287
307 59
168 178
46 46
267 25
284 64
74 124
272 69
294 115
291 78
315 79
81 70
137 230
178 315
97 322
2 147
314 96
52 127
60 65
155 323
82 105
246 129
147 87
113 214
89 103
130 81
40 13
5 160
215 316
29 30
256 215
263 318
49 248
306 57
208 173
95 223
77 240
193 102
130 191
63 209
244 223
141 226
218 145
44 9
213 170
221 2
64 256
38 17
91 318
57 223
235 16
253 223
291 254
39 49
126 100
251 34
69 201
323 278
40 170
292 118
275 143
255 92
29 92
240 63
158 256
156 98
126 299
24 295
168 62
94 16
132 193
280 144
48 241
96 55
157 234
245 42
30 164
142 11
202 29
223 102
70 239
130 222
188 212
44 80
281 161
84 183
177 312
191 121
252 42
164 208
62 97
222 162
196 299
203 289
233 300
198 0
185 217
299 120
267 213
20 92
184 139
286 12
99 238
66 196
223 132
217 185
152 69
52 159
108 300
140 252
209 272
309 124
92 15
170 317
96 138
194 147
164 19
323 60
32 44
108 257
93 166
44 52
208 253
197 236
234 214
226 62
267 5
303 207
242 278
37 300
279 229
98 115
301 142
96 36
266 3
303 282
245 228
1 69
270 153
78 301
5 82
21 265
137 103
23 119
255 17
234 24
164 34
256 289
0 213
272 236
40 20
52 298
197 183
297 268
239 228
158 203
261 300
61 73
281 276
141 35
211 57
246 141
167 288
232 109
24 177
259 76
160 171
52 157
66 90
268 246
196 15
163 245
84 28
60 4
252 56
92 190
268 217
98 294
154 275
192 73
162 8
158 11
47 40
208 297
214 315
99 168
43 11
62 55
193 279
132 135
215 236
121 184
323 207
147 115
72 76
182 234
105 69
157 227
50 16
222 20
100 51
98 170
219 222
244 13
59 158
62 106
21 151
22 138
88 264
54 230
225 293
178 145
272 58
60 261
173 43
219 161
232 215
238 106
221 42
5 290
175 256
66 202
280 44
249 28
213 12
184 59
256 84
318 108
268 264
148 315
66 185
272 319
59 108
278 157
19 212
178 156
28 236
303 188
41 172
53 203
69 276
56 8
41 81
281 165
151 148
215 116
236 172
262 50
107 215
146 181
172 186
175 183
235 28
209 223
155 270
227 273
90 172
240 205
291 225
106 94
296 73
256 96
58 24
319 259
200 52
80 147
308 248
216 257
255 147
18 285
24 242
161 256
215 34
303 24
302 213
219 169
192 51
10 13
82 91
123 109
156 78
121 149
75 15
200 36
144 181
0 58
172 94
164 288
301 229
305 23
188 272
312 99
25 228
300 225
305 98
107 96
4 49
229 312
195 253
2 96
144 173
281 211
186 188
310 193
238 0
42 21
313 124
18 207
310 159
302 291
233 285
41 90
142 9
217 23
102 189
296 7
219 225
197 176
140 293
283 32
47 77
231 1
6 224
60 127
187 216
155 45
264 2
284 11
9 309
125 197
147 309
257 201
266 317
166 196
115 195
159 173
259 183
271 112
295 49
289 224
107 158
89 27
76 224
2 260
206 85
281 133
260 264
15 6
155 289
160 34
224 130
274 66
261 81
20 3
70 241
249 208
128 218
206 284
215 126
61 43
315 56
221 139
285 312
85 52
253 36
142 30
85 239
19 299
233 28
203 200
178 4
110 67
135 107
250 310
266 220
303 222
144 116
25 56
143 177
96 229
139 151
205 289
19 107
263 320
279 293
79 64
119 277
56 41
180 292
147 32
38 113
250 278
108 209
71 28
58 222
218 261
9 48
146 311
276 145
296 90
217 32
307 274
132 115
302 89
77 272
317 175
178 63
109 69
34 279
253 50
116 308
250 195
284 257
114 41
1 275
216 318
53 129
198 225
287 297
168 175
177 198
256 172
234 92
84 217
52 205
251 113
124 249
30 215
297 241
86 28
72 198
183 42
316 145
252 278
50 145
289 55
85 166
320 249
175 235
83 54
133 215
159 9
130 288
78 245
113 65
139 226
151 217
34 114
215 170
41 265
29 196
257 267
11 165
16 26
282 31
59 131
294 221
202 17
315 29
259 134
102 270
188 14
66 57
220 144
214 234
182 177
143 264
140 77
230 116
140 310
136 139
303 220
227 186
217 169
220 273
31 94
263 322
139 59
245 305
298 169
26 294
309 318
317 186
209 156
226 60
188 66
214 60
199 157
283 237
297 144
35 111
110 25
265 81
85 115
139 27
23 136
282 299
0 15
297 216
110 153
187 71
97 288
289 296
293 219
0 209
248 239
254 225
281 143
95 204
169 134
200 171
72 130
101 74
194 320
216 254
116 316
52 189
151 195
170 148
159 57
321 296
65 189
313 54
129 167
222 135
266 163
23 175
198 33
274 308
277 61
18 235
292 13
153 279
253 93
62 320
242 104
302 182
241 285
225 148
106 190
298 257
309 218
167 5
140 267
225 93
136 105
26 107
144 134
274 249
0 256
142 76
201 62
161 32
56 75
270 155
32 65
79 295
178 82
63 271
208 244
116 100
250 27
120 26
128 277
60 47
27 168
171 96
92 43
153 147
202 160
198 106
127 103
95 307
262 106
20 58
155 197
231 300
51 229
62 102
100 49
189 72
95 118
236 229
95 78
150 157
21 259
135 98
268 69
296 214
202 152
212 88
19 238
34 49
172 208
85 292
187 148
77 160
267 244
4 0
6 115
239 174
276 164
176 98
249 36
59 208
68 256
27 73
168 38
125 134
69 11
224 312
165 5
106 314
134 177
239 2
264 104
280 297
208 205
115 256
91 160
248 26
183 271
321 113
114 242
53 133
64 96
130 217
64 113
148 125
182 92
317 22
171 219
278 300
211 320
123 175
283 315
53 267
128 11
70 79
238 248
209 119
11 140
142 165
128 290
220 189
241 120
117 11
58 70
107 260
309 316
90 217
314 169
124 201
40 115
255 51
314 42
301 140
287 258
288 170
255 40
59 160
313 288
33 179
89 283
103 145
320 275
225 226
154 286
113 234
124 100
74 316
198 316
233 99
321 279
238 171
132 302
241 250
183 88
170 221
232 312
88 307
41 238
12 13
187 192
272 124
166 44
211 224
231 191
277 313
240 161
172 86
41 49
213 236
106 219
145 6
194 51
108 275
156 260
264 282
56 61
147 13
94 138
33 135
40 264
169 299
199 67
307 140
169 205
305 39
26 245
197 160
184 298
272 249
19 90
215 56
229 53
263 21
93 191
275 283
94 225
268 206
214 238
111 282
199 319
120 228
204 219
78 32
77 247
299 207
47 94
181 249
117 199
289 298
62 100
104 244
155 241
141 277
224 9
310 112
257 133
255 94
194 225
256 90
204 86
145 307
37 177
94 44
208 201
42 245
29 295
245 270
123 307
134 35
28 294
301 185
179 247
248 263
218 122
6 312
141 232
199 182
185 191
128 68
286 10
252 276
243 143
238 178
269 88
86 90
153 281
180 212
240 38
159 6
19 266
260 187
116 225
106 135
199 62
152 287
188 140
6 13
309 114
148 141
22 206
243 280
282 45
154 302
69 152
175 97
57 42
211 11
206 208
9 42
192 272
250 90
167 42
289 116
247 221
197 36
66 104
155 282
204 134
63 76
94 14
176 162
316 128
70 15
165 311
198 163
323 11
86 276
277 178
28 17
32 216
168 240
89 231
37 135
138 99
107 43
262 83
269 252
170 76
163 255
234 291
13 12
310 172
298 92
46 75
160 164
253 174
313 132
221 147
215 259
298 46
214 172
304 29
163 36
130 213
242 252
147 148
122 108
14 209
144 124
296 244
294 227
215 279
131 215
46 48
130 61
9 165
91 247
176 0
102 268
279 72
79 312
272 90
274 73
217 72
126 275
104 220
41 197
316 165
271 259
22 105
320 136
179 121
227 82
83 287
315 36
193 168
207 193
290 122
87 116
76 18
323 83
278 223
79 13
208 126
61 214
191 134
66 298
126 34
313 4
196 106
164 48
79 195
65 205
60 137
15 153
198 223
117 255
207 132
252 250
215 255
155 174
227 198
122 8
294 20
156 106
312 220
296 24
42 312
100 204
7 278
123 186
209 225
294 16
59 259
25 172
306 227
219 209
22 310
306 197
41 205
125 277
116 247
179 244
298 178
20 298
41 147
315 319
265 47
316 47
121 38
195 227
211 40
283 86
246 44
76 276
28 59
149 319
76 127
261 184
115 78
204 198
110 156
34 60
112 52
15 285
287 167
261 240
120 248
15 175
217 120
95 32
178 196
114 193
64 262
141 254
13 177
11 171
31 203
305 251
153 143
263 46
124 35
29 70
40 192
63 59
189 195
240 157
105 311
76 310
139 318
306 206
39 321
143 19
98 46
35 47
204 284
239 140
113 85
292 221
17 273
196 63
165 104
141 60
248 308
141 199
194 182
94 60
253 168
143 60
317 159
310 142
7 302
267 242
257 195
47 202
218 163
49 171
296 38
175 158
266 319
43 205
282 66
130 236
116 197
58 255
304 149
197 48
285 314
185 319
140 312
196 225
146 33
315 222
267 204
297 49
141 238
87 291
252 292
311 167
42 224
139 237
37 266
140 223
168 221
181 247
247 1
4 51
31 285
200 26
29 315
232 177
315 147
119 125
261 296
229 106
63 74
217 162
257 148
85 130
238 61
240 237
227 296
251 280
129 18
103 258
301 244
270 260
74 223
131 179
112 225
274 70
211 138
163 198
66 308
238 90
300 294
256 151
246 192
88 23
239 94
24 114
66 14
190 91
2 301
109 140
127 59
169 152
215 188
272 36
3 17
32 154
263 100
24 110
233 82
84 145
215 58
236 178
34 145
225 235
109 84
39 265
264 171
11 298
177 285
281 238
6 1
58 1
56 158
12 138
42 195
116 211
62 126
73 295
119 285
141 6
15 263
73 213
269 71
292 21
209 236
114 315
35 13
12 274
169 99
143 235
68 239
96 158
257 257
264 95
2 149
12 173
19 4
20 208
212 257
106 165
27 63
319 30
155 182
43 290
26 297
14 310
301 19
252 109
92 294
26 209
196 223
20 240
268 274
176 284
295 232
277 182
148 182
148 42
188 171
17 141
134 278
86 188
97 119
158 140
162 39
304 322
240 107
159 199
301 88
68 78
298 90
165 58
132 20
263 240
148 157
24 86
169 56
187 195
45 124
256 65
70 162
289 255
230 25
179 216
117 298
51 281
135 196
118 100
188 20
215 80
221 222
47 145
145 292
322 250
207 302
52 292
93 157
205 10
142 21
262 298
82 275
67 4
122 298
39 239
86 308
232 243
152 300
171 184
115 300
57 96
128 72
111 84
77 126
305 116
254 232
55 244
216 168
228 185
154 214
20 60
139 90
89 148
176 252
75 120
170 92
180 71
230 55
96 57
313 134
280 224
111 54
191 102
265 157
41 145
313 160
99 72
209 110
190 272
120 245
306 247
195 244
70 21
53 147
284 138
75 236
18 301
107 59
141 211
56 2
304 269
230 73
308 120
44 175
278 22
283 225
278 123
84 105
58 323
171 199
154 108
125 279
45 40
190 97
156 55
176 124
5 184
149 309
129 253
301 295
164 162
37 184
163 138
167 66
107 221
257 234
60 305
49 159
97 205
35 101
318 173
112 67
53 305
114 235
32 67
255 109
86 168
95 136
321 248
157 146
123 193
187 57
27 15
111 56
124 182
225 38
121 28
254 158
204 121
133 47
190 114
19 64
315 186
232 294
216 21
127 8
197 274
238 237
43 142
190 311
185 42
119 110
200 272
113 20
129 98
321 203
113 230
50 293
57 151
32 32
251 103
132 129
77 211
9 225
88 309
315 256
268 290
81 93
290 226
108 186
95 210
90 232
63 322
57 56
276 31
31 30
242 47
7 39
303 323
0 313
323 53
257 17
202 106
57 268
196 273
1 247
25 194
103 261
84 278
249 312
219 291
40 196
242 206
78 290
281 163
95 289
3 188
76 290
116 118
117 96
27 24
90 316
112 258
85 84
203 196
273 38
93 77
17 323
292 278
288 274
230 298
156 276
160 257
54 297
238 229
95 322
238 108
224 35
24 173
230 122
203 50
192 317
16 118
6 33
255 53
228 135
226 79
116 249
249 167
237 59
295 271
307 30
283 98
76 260
93 81
286 257
220 229
253 60
119 186
248 276
12 164
32 320
59 220
87 179
87 27
321 74
22 173
282 188
203 15
223 8
241 198
1 200
146 133
287 44
4 13
196 104
182 138
60 255
38 306
63 254
237 289
255 149
206 119
274 237
36 268
162 65
244 225
56 153
294 22
229 200
205 52
211 193
65 58
208 102
260 14
241 175
143 201
252 69
296 158
208 196
194 255
162 19
124 262
185 295
232 298
35 82
121 110
265 159
166 248
280 239
262 48
296 156
178 232
123 309
31 201
257 52
176 11
200 23
287 295
181 311
188 0
48 53
137 90
212 90
95 206
175 122
76 121
241 163
302 28
200 315
112 95
191 49
264 211
66 181
212 253
256 50
162 165
11 270
5 68
15 299
281 230
180 11
33 296
55 167
168 64
280 207
246 226
124 155
233 263
219 17
162 23
190 132
157 174
180 315
18 58
147 28
45 116
311 161
54 149
170 136
219 48
234 315
80 215
227 53
161 10
299 104
127 167
240 283
208 207
268 130
215 108
69 231
48 163
96 160
201 268
122 42
188 210
114 126
290 258
305 243
178 212
148 69
310 320
178 110
86 217
135 111
238 80
247 223
26 177
94 293
187 68
284 300
187 190
278 248
233 150
43 121
233 190
43 91
206 53
184 284
79 54
44 312
155 224
222 224
309 94
22 103
261 242
202 246
103 92
74 245
114 25
127 137
159 233
37 302
29 68
202 280
135 253
240 93
191 15
192 182
83 118
232 144
314 158
213 0
3 146
210 300
76 245
271 311
291 116
310 100
132 204
40 8
63 42
204 13
56 145
109 255
260 185
278 163
268 318
57 77
252 282
139 103
27 299
295 254
236 14
267 113
83 150
81 219
11 300
57 264
158 273
300 91
114 160
273 128
61 3
87 268
146 65
32 290
117 307
219 9
221 23
56 142
244 207
136 170
50 297
24 106
5 204
176 28
42 178
40 113
96 27
161 195
36 186
282 144
31 159
16 120
167 21
93 292
104 307
16 137
223 204
54 70
240 10
3 169
90 87
243 35
218 207
162 209
102 247
25 314
224 61
3 278
246 179
114 250
248 197
206 151
278 138
117 227
103 198
68 202
216 193
201 205
276 129
304 241
132 139
242 93
323 310
101 296
137 199
176 157
276 224
320 281
264 316
59 110
254 49
34 123
52 163
157 76
17 94
11 117
289 304
64 78
166 61
164 6
152 91
249 259
177 242
230 77
316 220
292 150
275 39
254 42
144 76
97 230
96 305
270 199
219 288
115 319
270 237
314 18
44 253
288 256
92 244
265 185
18 202
215 275
228 236
156 239
200 47
292 258
189 95
89 12
58 66
61 210
299 108
183 69
39 314
117 288
150 125
109 12
66 114
126 236
227 43
182 140
287 255
160 8
246 181
176 182
257 169
61 41
311 67
163 231
32 157
94 54
13 180
311 55
140 117
177 65
27 296
320 293
227 234
274 157
52 226
54 283
18 137
309 108
198 298
147 99
2 307
204 299
149 263
10 273
42 170
279 13
191 127
34 119
274 187
240 254
1 211
307 202
152 99
278 161
261 18
301 273
275 127
257 188
117 300
184 282
8 46
51 72
254 195
237 227
87 131
250 299
250 125
1 237
266 161
182 47
18 281
254 85
53 194
70 181
108 316
108 264
74 118
242 121
151 248
11 277
57 63
186 118
247 311
207 104
24 297
310 4
176 185
245 139
30 211
106 169
301 297
24 235
232 14
204 148
213 76
56 266
141 187
250 19
249 17
136 6
102 205
298 315
55 225
142 125
114 37
91 107
162 124
106 264
141 308
175 148
100 125
48 292
173 212
56 245
83 285
43 111
305 21
173 234
140 55
321 260
304 41
178 61
115 260
303 145
242 80
68 159
162 171
285 242
109 188
212 217
292 37
54 161
206 121
283 198
63 196
84 267
166 63
68 76
284 191
139 297
314 33
322 13
212 315
309 31
238 196
45 155
191 12
96 53
64 308
248 43
112 122
179 255
295 75
217 67
316 245
139 308
137 148
306 179
297 44
271 197
275 234
37 256
310 59
130 251
65 274
320 297
179 177
136 30
77 270
107 255
280 160
59 151
286 53
70 306
109 55
287 78
300 37
250 282
59 97
231 189
4 223
71 107
259 194
93 248
252 246
252 54
172 137
173 82
281 199
190 119
195 48
186 267
59 91
290 47
201 101
164 130
90 40
310 157
18 26
193 91
48 16
268 66
264 197
2 282
208 211
248 191
15 53
116 232
212 304
181 258
314 185
233 289
187 18
129 215
142 275
170 16
137 1
117 312
75 240
112 42
22 263
262 265
237 242
149 147
128 169
70 106
263 199
315 183
32 118
163 10
52 279
304 276
35 321
242 157
198 171
127 175
266 217
37 52
266 281
53 244
312 46
34 261
69 282
30 239
206 176
130 16
16 219
6 301
163 58
253 312
27 313
75 11
59 144
158 30
277 10
35 275
303 195
160 114
135 273
213 38
228 124
237 112
311 16
320 134
124 195
277 235
222 240
219 184
18 91
122 195
175 211
138 310
97 236
296 225
229 108
191 130
147 123
114 145
225 141
269 28
306 80
163 46
116 76
215 161
258 167
103 154
297 135
322 93
295 40
159 218
125 263
320 70
5 310
52 161
129 305
90 182
174 213
210 102
298 167
25 118
140 275
0 219
112 151
187 226
280 253
138 74
16 262
250 6
310 74
94 295
187 28
235 60
1 227
31 316
159 37
16 284
263 169
56 39
21 149
279 128
120 49
4 200
276 162
231 284
7 79
21 214
232 166
176 165
131 131
278 186
54 76
188 316
51 18
52 0
241 108
302 169
162 163
266 215
144 140
229 127
27 56
48 272
285 108
146 199
263 218
216 286
103 295
167 97
240 125
71 103
39 83
211 136
36 320
170 174
302 44
264 216
189 215
215 120
307 188
102 112
66 11
219 259
217 4
254 292
42 113
114 253
107 12
236 294
37 318
36 255
145 177
198 260
53 46
313 106
76 238
307 75
71 279
40 282
55 133
200 81
103 249
227 270
96 31
217 80
162 297
80 316
213 213
120 42
303 315
87 282
164 298
269 292
115 279
267 64
34 259
53 190
35 185
274 85
59 135
292 77
263 160
39 6
30 67
71 196
91 127
172 172
133 279
196 46
217 34
293 48
117 278
163 205
125 153
257 291
180 161
164 108
32 136
313 93
33 266
232 146
30 246
184 250
290 16
299 106
156 108
238 267
20 119
166 299
298 73
121 190
145 211
195 103
43 107
265 153
10 226
103 75
244 56
142 123
116 42
107 310
135 318
112 322
321 230
175 178
136 298
221 256
234 177
219 316
307 289
219 45
242 259
13 270
68 181
78 65
20 244
22 109
187 77
184 276
204 152
34 8
281 18
77 12
220 70
302 225
230 125
316 188
282 282
138 76
148 144
148 311
201 321
62 46
115 125
101 260
154 272
17 213
207 195
31 304
83 180
206 91
145 313
312 321
275 281
47 18
251 153
76 65
150 320
270 90
278 291
260 57
285 82
15 151
292 243
11 303
178 199
105 58
116 145
294 230
45 85
229 118
133 316
131 304
146 119
135 216
282 209
139 166
187 322
20 285
237 64
139 81
276 321
303 184
73 196
60 222
220 105
5 156
134 204
52 166
135 71
149 67
75 297
311 192
260 51
15 273
284 13
154 155
172 114
94 40
192 19
20 5
299 195
50 304
4 189
15 301
297 138
236 267
86 145
100 256
118 309
53 60
4 57
132 10
60 81
278 243
131 48
104 228
2 313
112 25
38 178
193 245
73 305
119 153
167 198
213 14
304 153
307 299
176 67
314 257
214 37
214 212
48 209
162 126
235 57
37 228
10 37
28 129
250 4
41 244
211 235
54 307
318 78
170 280
306 24
50 231
58 145
119 313
190 145
185 120
117 223
267 297
263 23
85 170
26 236
211 13
249 61
62 85
318 136
31 152
148 44
155 184
130 142
201 286
227 321
25 18
246 272
247 66
168 279
185 46
173 97
262 171
83 70
30 0
139 269
269 114
8 311
111 231
247 42
36 15
227 75
213 271
234 312
153 124
54 58
230 171
0 97
100 200
72 4
37 156
176 85
237 179
231 37
38 288
51 306
28 180
207 172
54 265
15 94
100 271
140 174
308 293
127 165
159 28
219 295
121 258
108 259
237 9
66 77
154 173
322 135
39 15
67 206
255 63
318 24
19 83
69 195
255 230
130 232
251 169
152 214
8 65
81 221
250 45
253 16
29 2
277 320
235 232
40 179
188 73
214 107
35 277
143 296
62 33
157 217
101 144
100 114
298 162
314 261
140 2
192 283
51 248
150 307
169 223
309 77
149 53
279 143
236 11
45 11
124 192
77 152
137 315
38 115
232 103
305 199
179 309
229 281
276 238
291 179
90 249
216 2
40 311
112 210
20 282
71 308
272 289
70 4
73 136
203 208
172 269
84 237
264 108
118 276
301 23
67 275
29 286
170 108
115 65
174 165
162 249
208 67
247 130
193 130
142 182
30 58
310 7
223 222
14 119
69 183
307 108
206 199
253 102
140 271
131 292
216 158
299 141
128 235
255 202
158 231
26 113
173 275
150 152
266 105
220 205
136 81
172 225
275 75
181 69
164 66
99 24
228 295
29 152
306 292
279 273
319 222
35 305
258 290
236 285
276 248
252 125
303 198
37 262
191 281
316 95
98 35
189 169
31 199
57 220
25 244
267 62
281 135
167 153
158 2
88 89
110 117
84 233
96 200
165 291
54 189
13 222
48 294
62 307
196 301
164 15
116 40
18 262
43 288
155 195
196 246
140 170
290 62
139 260
136 77
234 14
66 303
239 117
178 8
137 107
73 209
311 2
288 118
45 79
36 61
157 0
240 61
321 217
88 144
247 168
54 127
234 230
31 148
31 180
120 8
235 22
21 212
149 242
295 34
82 277
226 189
18 93
292 63
174 120
168 207
152 181
85 304
263 185
242 45
261 170
280 164
56 58
124 160
176 112
118 9
322 275
117 128
237 313
271 323
48 252
289 46
59 117
273 138
128 76
130 137
29 90
277 105
1 154
239 289
57 92
64 270
269 132
303 139
98 203
219 186
276 103
319 80
4 46
260 288
135 64
57 90
185 147
261 173
299 314
21 122
51 198
304 224
157 181
282 103
116 15
187 218
165 195
201 182
144 266
283 70
114 303
34 292
277 33
266 73
116 302
177 310
182 251
50 37
171 171
43 165
56 319
152 93
283 233
77 294
320 78
43 82
173 113
245 127
136 32
234 171
72 24
279 52
9 57
298 266
8 169
265 139
143 199
87 150
129 63
218 106
286 84
112 76
73 65
144 164
307 315
250 246
289 302
10 1
299 24
21 131
37 59
232 168
142 33
262 315
243 7
67 189
147 52
128 80
269 30
50 158
214 2
98 48
140 28
68 27
306 110
157 144
130 276
240 0
253 127
282 280
67 138
183 58
277 29
130 180
200 28
142 13
119 308
6 191
280 200
260 215
252 226
74 88
303 211
146 137
313 240
44 308
106 249
264 295
106 284
79 236
247 271
173 189
122 53
138 323
113 191
123 150
24 117
