153 133
73 234
206 191
299 77
193 292
151 284
261 162
234 177
169 36
40 226
35 23
84 72
272 214
3 242
249 156
194 10
227 216
240 143
47 19
200 9
248 120
70 262
48 114
32 86
271 176
115 75
151 251
169 66
114 154
177 77
8 172
74 110
132 19
128 195
222 166
28 115
272 48
146 123
179 2
160 290
295 42
292 83
123 254
193 175
188 133
257 24
174 105
134 141
202 278
58 30
173 218
50 285
196 97
236 62
194 100
167 107
199 104
297 170
85 201
19 91
10 45
61 7
302 213
173 256
298 274
204 174
163 79
234 103
91 99
115 257
163 172
167 19
169 140
27 136
182 131
267 279
305 111
267 130
271 304
40 12
165 115
244 73
17 22
257 298
249 259
22 255
49 126
29 83
223 124
107 111
288 11
84 190
207 118
38 237
247 43
299 45
240 194
266 100
175 127
25 221
186 127
212 113
121 188
89 108
110 50
69 129
77 172
163 15
260 189
246 277
76 156
80 109
284 240
170 185
172 48
252 282
103 165
299 33
238 188
101 153
203 284
235 154
181 292
28 189
49 179
293 164
110 261
206 217
56 225
97 253
209 83
255 120
102 34
36 134
273 72
6 213
53 298
139 5
13 222
77 270
232 254
218 86
197 240
132 129
15 32
204 237
0 64
149 256
89 283
12 296
286 202
125 49
254 92
306 74
5 187
81 302
283 270
127 42
3 173
135 28
181 270
123 293
61 124
10 246
124 209
200 129
141 211
289 1
26 300
58 44
288 295
86 24
263 11
160 186
87 184
290 230
224 220
66 83
140 124
59 196
116 19
243 37
298 137
229 26
182 261
66 154
241 146
296 269
63 251
227 1
179 51
9 98
56 68
105 285
267 218
287 53
163 205
91 155
270 58
171 130
182 145
143 16
71 305
252 74
9 65
140 156
227 158
168 99
48 6
46 75
127 169
240 4
259 66
305 72
122 65
84 267
230 114
69 285
197 24
91 297
14 92
248 152
199 294
220 245
293 32
291 134
100 22
204 209
304 74
233 18
298 265
99 189
114 280
42 148
160 151
28 49
6 76
21 203
241 188
269 139
260 109
75 143
249 300
155 113
154 141
128 96
203 249
134 301
114 94
163 182
151 173
131 178
89 92
1 74
149 92
41 84
223 295
184 10
207 194
146 109
11 231
302 130
294 175
59 82
206 95
269 268
165 161
217 38
63 174
205 273
96 128
41 284
113 233
122 169
121 263
25 76
69 60
245 100
283 0
100 229
253 183
15 83
8 12
96 14
185 3
88 27
165 28
291 50
69 225
219 261
208 152
34 46
290 140
87 296
108 19
45 26
167 139
158 23
56 187
15 107
95 156
13 110
39 295
173 280
224 277
207 157
207 109
151 88
223 57
262 0
181 192
28 198
7 129
235 150
212 300
78 289
85 102
237 208
92 127
226 250
117 36
36 92
150 9
48 86
114 44
175 35
54 231
22 11
15 8
282 79
223 297
272 115
3 216
190 220
207 298
251 129
114 244
57 142
304 147
301 276
100 187
75 300
35 129
154 161
58 273
255 220
156 2
84 153
56 120
299 298
122 179
124 211
21 147
305 1
221 205
268 43
64 243
27 306
202 255
120 133
104 11
269 222
274 114
242 228
114 59
289 304
263 245
31 210
148 23
110 245
71 71
229 106
79 163
284 102
123 115
149 43
108 143
72 218
227 67
69 8
256 149
267 109
43 55
266 179
294 228
40 303
21 65
127 305
211 76
85 91
157 218
299 191
177 191
301 216
225 286
79 220
17 64
257 215
10 306
217 268
108 191
10 130
164 13
62 247
196 10
198 73
127 302
2 181
207 213
104 85
19 123
221 182
84 75
139 53
70 229
60 0
167 275
23 198
298 54
206 174
111 203
19 166
35 285
83 162
254 41
190 97
256 190
147 113
199 54
256 196
231 88
84 169
17 77
3 53
49 181
263 51
241 141
263 211
115 167
56 129
182 247
254 136
244 126
55 102
185 242
131 133
263 240
228 263
63 104
157 188
147 118
13 160
191 114
109 13
47 213
218 50
286 254
106 76
56 218
143 280
201 95
38 79
3 90
177 254
285 108
66 223
193 195
21 238
274 96
234 24
227 187
181 99
182 231
159 304
262 43
124 82
284 145
120 288
50 166
26 58
4 25
107 263
69 141
280 79
261 79
156 54
144 178
87 257
146 187
225 206
256 147
44 14
67 164
125 261
130 268
252 155
33 75
274 250
161 155
123 108
289 125
280 233
95 207
143 91
156 126
52 43
120 11
262 276
122 198
134 109
248 32
256 86
257 54
78 268
162 275
139 101
289 262
93 271
34 60
36 87
106 259
170 167
298 16
92 270
160 227
139 270
71 94
262 279
285 90
168 134
260 53
247 270
151 2
128 163
303 171
100 86
274 228
87 14
253 132
39 8
279 152
59 86
159 212
164 106
291 169
81 50
242 251
252 176
41 143
238 45
37 167
103 186
14 133
129 64
147 111
62 31
243 155
60 2
154 221
67 177
21 46
86 239
216 89
243 253
197 109
196 279
132 290
261 249
129 51
152 40
253 72
297 19
150 16
156 92
212 263
267 304
159 102
108 281
29 293
53 252
273 142
187 45
200 288
235 272
241 41
185 16
227 53
219 276
221 263
18 72
81 137
1 37
287 10
86 281
252 30
111 22
116 31
277 260
158 251
148 204
215 153
75 99
6 156
206 16
295 187
225 164
152 123
122 269
272 12
297 251
253 178
284 1
105 97
262 27
130 54
142 94
276 164
196 113
59 254
141 182
130 305
171 298
51 133
92 114
172 181
146 221
163 256
149 61
207 207
290 39
286 120
142 104
181 199
181 134
15 103
102 290
133 122
303 268
297 188
211 178
26 26
168 269
272 288
189 262
243 173
245 210
272 178
275 81
9 36
105 196
5 289
196 145
72 180
185 64
10 297
33 292
79 209
6 40
171 302
64 252
304 306
244 162
4 294
177 14
278 5
44 210
22 121
18 269
301 262
212 106
225 22
94 141
177 240
272 55
54 279
77 121
94 162
67 26
208 102
275 19
203 262
197 182
33 288
83 43
65 122
85 266
248 140
127 258
100 46
143 298
27 278
55 108
102 182
175 160
141 293
91 275
60 186
102 214
185 162
233 160
298 225
254 160
30 244
297 206
301 8
163 162
140 54
299 270
82 99
60 160
245 148
47 142
124 168
63 219
217 109
147 269
102 29
64 185
170 238
154 248
252 58
208 6
29 230
163 92
268 62
0 271
288 267
72 139
139 23
301 258
278 254
124 241
306 178
286 157
66 284
119 36
25 51
9 223
115 46
146 293
10 189
126 304
215 285
273 256
21 3
289 76
294 276
137 153
26 20
102 105
96 294
117 127
117 288
120 180
188 219
88 53
133 52
277 210
278 158
304 6
114 185
9 215
34 214
261 123
296 184
255 289
150 45
295 16
215 130
23 203
47 96
306 93
249 131
195 200
162 52
20 20
224 54
4 70
37 48
242 213
62 299
36 43
256 262
44 201
61 196
21 108
230 237
111 39
58 132
145 152
40 124
11 85
300 156
85 120
1 205
256 186
163 268
3 175
42 152
22 123
46 250
98 210
94 174
70 203
1 8
209 287
245 18
230 130
151 80
2 279
206 44
255 214
175 275
260 139
117 268
239 14
3 210
125 280
303 144
259 57
152 292
15 241
101 70
165 213
204 104
285 15
45 208
76 249
205 163
237 106
267 239
277 10
69 297
5 62
278 39
170 163
254 74
90 113
281 236
54 219
296 210
189 95
65 277
172 92
138 183
159 100
91 62
109 192
170 17
283 279
96 223
296 89
209 18
87 165
54 173
302 164
229 301
302 303
52 246
289 139
48 165
52 37
46 43
283 262
263 230
138 95
127 50
68 279
31 252
215 267
75 291
69 113
158 154
276 173
298 112
280 111
120 96
70 136
258 160
116 202
209 230
249 228
160 303
103 177
158 18
276 138
148 274
275 101
24 81
36 268
88 217
194 106
192 137
264 93
18 104
288 200
79 78
136 210
65 207
143 60
233 45
287 176
78 276
28 243
220 100
241 19
95 28
99 125
139 272
3 190
192 37
143 240
7 232
94 193
99 96
283 72
190 211
196 252
298 119
303 150
254 258
173 58
29 154
258 245
221 168
58 26
299 234
196 101
66 115
101 223
66 188
107 128
285 175
252 252
141 9
249 52
140 67
168 244
231 28
5 221
224 72
176 10
139 266
30 199
157 49
84 202
114 291
148 39
76 268
222 271
110 264
20 302
153 67
31 69
247 181
210 123
100 138
177 228
71 44
253 23
123 150
112 167
155 26
280 221
171 4
32 279
107 99
29 258
132 261
169 27
247 117
254 168
88 289
44 300
144 131
127 124
151 93
291 301
305 105
275 152
184 53
2 21
306 52
126 83
33 8
69 124
120 25
95 284
241 81
182 128
281 171
83 181
246 303
116 233
300 283
129 46
188 111
123 119
144 138
193 27
43 283
131 120
23 39
225 53
61 284
71 5
278 173
102 281
228 116
248 4
234 264
304 12
281 27
188 10
78 237
72 102
270 144
147 7
238 216
263 296
90 277
162 200
10 112
195 205
72 241
100 296
123 152
250 231
272 279
265 284
175 221
274 154
118 298
48 270
148 3
85 62
90 5
228 299
71 173
231 143
162 261
229 16
236 11
1 142
30 257
65 21
287 278
101 233
39 281
132 156
83 246
34 276
5 291
6 275
134 258
261 39
232 62
48 60
91 227
32 53
125 224
199 166
79 26
59 110
194 91
90 26
184 224
247 185
5 286
222 29
63 25
192 56
139 219
173 205
197 162
59 205
142 45
210 209
157 103
218 114
273 193
129 150
216 119
133 128
218 288
270 150
9 219
27 216
170 179
115 196
29 193
11 106
185 143
157 300
118 10
101 110
34 151
238 206
114 284
94 200
149 25
185 167
141 77
220 64
91 183
138 70
45 270
286 135
275 7
49 218
192 181
113 226
267 209
299 211
74 112
278 169
244 230
271 260
271 17
119 204
160 124
107 200
41 95
44 275
128 59
194 154
213 128
30 98
146 101
129 8
296 282
96 273
24 61
49 248
213 25
209 28
146 45
178 121
172 268
263 78
136 168
179 80
279 227
110 78
135 253
271 138
201 298
108 195
156 79
290 129
34 27
241 253
263 115
207 91
144 140
233 133
184 68
209 11
42 173
55 264
178 266
237 283
105 119
150 285
90 256
188 60
255 280
238 91
231 6
16 306
133 103
95 24
217 31
133 117
296 293
260 305
302 94
187 156
37 153
100 168
178 173
36 59
159 64
107 238
287 248
218 217
278 121
190 177
84 210
150 121
237 35
215 18
281 58
130 270
30 163
95 195
79 41
124 78
139 254
127 158
195 246
219 139
131 160
211 54
10 133
57 247
237 296
223 282
278 280
134 14
61 231
32 182
224 46
225 41
9 178
9 10
17 127
301 291
11 274
162 291
134 266
148 28
293 75
226 224
181 35
110 103
162 294
10 166
116 207
212 209
114 72
31 63
198 306
257 198
276 304
247 29
123 19
47 34
274 284
250 26
238 6
101 77
75 233
23 277
137 238
133 89
306 119
129 157
81 13
161 100
281 257
10 8
31 261
199 261
66 300
299 108
111 99
74 192
60 45
55 222
233 261
23 219
103 306
119 160
19 246
164 180
110 164
67 97
11 152
14 146
151 218
98 178
9 139
117 96
235 82
179 104
225 59
305 122
172 59
111 129
241 115
271 232
212 151
137 22
181 207
35 209
139 210
141 40
251 293
152 52
254 152
302 32
299 223
66 1
95 94
106 19
174 136
261 102
69 183
178 235
81 43
239 240
219 105
134 304
158 256
236 72
180 232
116 16
38 294
244 183
144 58
208 187
252 3
103 91
296 166
7 56
84 135
226 221
41 288
243 1
55 294
53 146
172 211
147 266
204 152
20 32
300 260
220 39
90 10
280 174
143 204
230 90
275 116
210 40
286 63
204 125
62 287
152 118
225 180
258 70
123 103
93 50
287 139
60 221
136 6
282 98
100 276
114 27
234 100
60 99
98 6
287 182
200 45
220 203
165 154
36 98
17 157
8 144
16 299
283 32
272 188
64 62
200 182
180 91
70 191
133 297
181 122
111 306
200 74
279 84
77 160
106 36
233 50
282 286
100 196
288 0
231 284
55 52
284 63
65 291
199 100
280 44
123 67
243 106
112 266
139 298
139 171
285 26
127 295
202 93
108 81
90 233
74 225
80 86
206 106
267 32
50 187
173 63
258 194
18 182
113 222
245 173
278 16
283 143
125 278
209 290
112 98
241 202
252 117
75 114
44 44
131 35
238 181
65 171
71 38
181 112
150 219
137 50
64 267
302 25
12 283
65 125
49 170
134 181
124 5
93 104
163 167
304 250
217 173
16 53
294 112
209 306
13 185
276 184
93 34
224 137
57 105
13 69
239 256
269 75
209 162
61 151
155 143
167 299
64 144
274 38
118 229
298 94
42 238
281 188
247 77
248 101
160 78
267 1
235 43
21 236
11 43
70 240
265 88
185 262
46 47
1 35
5 200
50 233
217 14
300 199
115 114
272 86
67 30
108 134
115 183
158 5
58 203
23 105
246 79
229 89
134 111
155 238
104 89
261 210
125 174
261 265
136 227
266 132
28 128
17 14
10 82
261 127
275 166
83 27
292 222
43 263
9 126
92 53
257 29
40 2
159 173
77 153
78 146
72 156
95 98
17 42
70 193
88 252
212 97
79 259
250 239
206 226
3 187
82 47
267 269
219 109
110 278
267 302
1 124
96 40
274 215
116 58
82 146
38 205
28 29
96 259
298 259
53 284
154 32
305 39
186 226
43 159
64 233
102 4
147 190
251 72
50 242
181 263
148 240
224 66
236 250
128 215
270 273
53 304
209 133
178 102
117 6
72 185
258 196
29 170
21 195
167 258
265 119
84 10
129 55
97 207
43 199
27 285
238 288
25 256
276 222
65 225
256 276
215 22
153 107
178 146
301 105
103 127
21 155
166 185
269 142
143 119
275 150
119 232
29 282
150 241
246 165
124 273
146 207
81 271
108 241
250 76
283 298
185 223
110 287
151 278
80 157
279 50
150 144
38 123
258 94
159 300
292 126
240 170
103 231
244 44
175 113
298 14
281 138
278 54
116 200
47 197
8 69
205 72
30 9
163 33
81 155
215 170
258 125
35 249
159 233
302 86
108 35
129 121
267 246
58 90
304 257
247 259
171 72
287 16
185 109
134 126
100 242
221 199
14 97
16 186
273 97
65 9
259 40
276 241
213 243
180 203
249 285
217 123
28 175
168 264
68 46
118 59
297 240
35 38
305 32
262 140
62 295
268 84
1 246
230 152
262 5
23 35
118 105
220 284
195 151
232 219
108 63
44 246
279 241
25 90
161 135
100 106
304 14
162 55
265 186
236 156
229 213
136 216
149 191
60 11
115 253
69 41
305 229
161 172
133 83
48 30
293 96
247 216
61 213
133 285
47 89
140 205
272 170
304 130
7 262
70 293
221 125
203 145
12 259
81 16
229 122
166 183
173 133
250 261
43 276
97 109
63 36
281 306
281 184
237 93
260 26
253 40
58 295
223 213
242 302
219 189
21 153
179 284
167 192
248 205
88 90
226 197
113 196
34 297
53 250
252 104
99 272
219 290
98 192
116 262
241 155
91 46
168 52
187 207
124 117
258 130
196 15
53 240
297 46
284 215
214 296
305 65
96 289
69 299
21 157
283 277
127 115
78 6
271 92
91 160
217 305
214 49
51 301
158 31
245 194
184 90
146 14
120 158
218 278
165 91
174 236
263 98
182 10
53 188
187 296
94 113
131 150
97 61
108 44
127 276
131 9
228 146
91 262
184 170
282 159
120 65
165 236
13 262
170 45
203 299
203 118
197 229
116 271
267 262
101 62
257 287
88 121
1 153
267 127
258 48
266 168
145 240
36 200
256 241
220 146
67 204
214 225
167 38
167 3
247 103
214 159
165 20
200 36
260 193
22 186
98 159
137 64
281 133
97 172
279 236
111 162
145 26
0 180
174 162
113 236
162 128
297 114
5 30
142 254
270 79
287 271
145 100
268 163
109 105
296 305
57 74
258 250
239 279
62 202
152 304
237 266
79 263
27 105
31 157
165 120
227 190
33 33
231 22
242 93
67 306
84 20
195 264
100 132
130 252
208 85
246 127
229 41
155 168
90 194
233 294
176 115
73 149
192 119
230 72
292 283
200 70
205 242
164 40
188 275
29 291
80 23
150 305
60 210
74 223
31 268
4 11
94 119
296 244
228 2
283 129
103 288
75 203
151 126
21 63
74 151
139 303
246 112
123 88
5 58
250 57
113 242
197 40
46 132
260 220
86 26
243 178
265 289
270 64
204 256
186 14
167 263
109 49
1 224
282 119
232 156
238 277
260 160
146 137
263 111
144 254
58 163
96 83
264 72
101 102
298 103
285 267
145 42
51 235
82 82
142 137
226 101
52 117
0 211
157 141
133 105
50 272
62 191
289 274
174 274
144 276
51 76
167 212
130 141
45 166
123 234
177 252
30 174
217 222
290 258
64 117
245 275
58 243
75 94
252 191
109 86
114 62
180 62
283 293
133 72
48 12
31 19
142 11
236 5
211 83
241 164
230 263
284 51
50 261
261 17
177 223
184 93
201 219
213 31
119 19
227 273
281 247
6 74
67 16
288 157
235 286
226 48
260 260
188 117
235 174
130 198
200 235
101 38
196 293
102 79
179 107
38 146
230 250
183 2
232 64
55 137
286 229
155 104
132 174
86 245
234 5
114 213
58 297
292 233
36 31
173 99
66 286
175 193
292 109
190 234
269 119
281 85
69 275
294 11
82 23
44 217
158 205
57 155
195 176
113 129
21 263
242 131
161 84
79 227
232 264
73 50
151 223
71 164
135 78
207 15
190 188
176 53
111 186
133 8
3 1
185 175
192 140
176 181
262 85
110 54
303 49
193 70
239 198
61 181
11 193
120 258
225 288
213 281
72 124
119 214
51 294
50 65
112 228
34 11
119 2
263 138
15 126
93 159
203 222
110 113
136 220
102 238
234 129
44 69
225 70
212 236
49 276
84 234
198 67
7 299
49 50
122 176
17 89
94 239
95 58
22 74
291 155
280 22
212 273
219 62
45 49
125 201
277 284
301 234
261 229
151 179
197 215
23 100
22 0
224 250
84 293
203 76
289 105
124 140
67 70
291 177
199 132
97 168
301 151
69 96
254 266
181 236
301 77
215 45
155 110
286 85
35 277
189 30
1 186
16 112
186 279
21 223
4 195
166 294
143 246
15 200
235 55
148 63
73 59
192 102
304 143
33 39
128 100
267 89
84 67
22 19
295 20
274 298
172 42
80 186
294 194
228 149
123 72
236 293
115 278
186 116
56 235
140 117
23 227
162 251
298 141
65 237
292 115
110 152
83 125
281 49
160 95
12 210
28 187
94 70
279 26
198 217
122 132
304 207
268 198
183 30
87 141
172 31
30 120
92 1
233 122
268 201
2 110
297 122
74 243
235 132
50 11
272 290
129 264
298 196
25 7
61 200
78 234
65 92
42 138
79 67
201 173
257 36
299 133
189 91
152 302
214 165
201 241
119 84
48 242
118 303
239 158
205 26
121 84
123 90
175 199
76 96
75 66
73 287
200 27
94 211
293 294
116 11
91 265
289 289
227 35
247 206
265 33
49 23
10 250
105 26
115 150
300 40
63 227
122 56
187 22
60 114
104 143
250 81
30 81
110 6
204 191
288 146
154 285
59 270
84 47
282 44
299 294
300 48
53 140
26 18
78 239
14 204
268 123
290 12
249 274
236 273
199 284
155 266
124 126
18 226
117 191
83 189
12 239
242 189
217 198
151 73
146 155
186 107
274 34
209 55
153 122
206 296
187 196
73 164
154 11
135 16
235 193
39 17
3 218
270 3
87 215
36 105
260 287
74 14
156 229
62 162
226 42
249 22
298 153
76 125
294 200
253 89
238 65
143 116
118 243
34 183
280 182
193 72
84 251
56 229
38 259
110 33
14 224
267 58
70 271
134 200
305 37
105 17
166 133
30 248
289 24
262 75
37 160
79 31
131 60
14 75
58 299
249 234
159 167
298 125
45 11
262 178
294 178
8 204
296 66
139 181
230 60
92 185
257 6
174 79
20 102
53 17
178 257
169 10
236 110
162 77
111 14
90 126
186 164
148 265
163 210
211 71
228 286
21 215
33 167
126 177
115 143
23 52
170 202
206 259
24 69
111 193
3 254
223 141
188 47
300 86
77 206
292 92
250 120
123 278
48 202
195 220
14 248
107 222
18 210
191 304
1 20
289 269
211 215
178 246
256 306
194 84
192 177
184 32
274 248
58 267
113 250
81 242
251 14
101 253
93 154
109 238
256 18
105 178
88 88
285 245
10 159
17 221
19 83
205 131
109 200
182 164
224 300
284 260
297 146
216 264
240 269
251 161
114 304
171 110
246 191
43 256
295 58
268 286
201 229
185 266
289 64
272 103
210 181
253 10
303 33
224 148
191 122
76 85
93 81
20 97
182 201
286 40
260 134
202 292
170 253
163 130
162 45
17 286
257 234
191 148
147 24
203 226
213 260
157 144
187 271
300 193
157 76
56 200
136 145
276 63
286 2
107 267
79 74
135 193
12 252
289 45
99 31
124 44
168 202
34 53
189 173
9 86
3 140
230 196
41 76
119 270
92 232
232 97
82 194
208 285
268 132
196 80
28 41
201 117
114 84
136 297
253 20
129 219
172 305
155 187
88 300
295 121
46 24
211 211
223 22
274 189
153 204
33 209
240 71
21 292
5 100
113 299
134 60
175 50
275 177
189 0
290 44
239 26
74 61
238 224
130 236
102 160
278 78
26 137
296 80
77 103
21 181
114 90
43 176
230 33
227 289
199 299
98 93
240 54
282 11
110 138
22 98
152 90
22 23
295 261
111 270
21 258
197 26
198 37
142 96
291 53
252 223
48 188
44 33
57 36
41 66
19 51
193 259
275 136
146 28
134 67
131 109
194 226
198 79
251 43
178 184
181 153
29 107
235 302
71 231
39 290
236 70
137 58
219 157
132 232
287 155
179 207
88 152
201 270
277 237
239 265
42 204
135 275
246 226
249 169
210 226
24 292
223 85
44 42
236 141
200 19
138 245
90 19
45 31
229 288
148 120
48 261
77 229
211 93
141 98
302 265
260 171
239 135
6 1
218 221
186 233
81 119
77 150
211 10
302 99
263 250
63 6
54 38
209 67
222 254
246 93
165 109
306 124
154 253
226 143
291 87
116 173
291 286
245 120
109 223
171 10
192 161
158 219
280 223
74 28
234 42
282 36
217 91
93 148
168 223
172 171
153 200
78 24
159 17
122 121
31 88
290 33
11 224
168 33
264 143
131 137
206 288
185 38
56 96
175 68
252 18
177 74
225 228
23 273
33 185
136 38
261 199
88 98
172 196
149 169
106 273
40 10
151 290
107 172
113 253
74 78
143 219
6 78
303 232
295 221
252 181
180 15
193 133
37 212
118 117
127 225
150 56
165 85
197 94
58 239
236 129
107 46
121 131
7 272
23 141
7 104
29 67
149 133
251 152
227 264
5 49
103 278
239 18
202 42
65 109
77 278
169 21
215 71
186 172
139 85
235 243
87 43
34 301
153 213
98 148
54 210
208 129
156 170
117 261
119 108
7 19
259 7
124 189
231 277
267 53
145 167
105 169
110 227
176 147
244 214
259 296
23 258
108 149
24 190
223 198
293 70
139 32
30 271
42 246
210 74
294 203
117 237
219 183
304 181
228 84
296 247
128 154
291 35
281 302
138 109
73 4
276 189
163 144
76 104
22 253
181 275
287 143
186 216
285 148
73 121
153 48
140 247
147 182
265 97
78 70
261 176
266 26
199 138
124 0
34 101
143 0
152 75
280 77
177 199
62 233
146 162
77 253
289 209
51 111
255 231
144 249
102 132
298 235
0 81
14 305
181 81
111 140
271 32
119 44
269 38
119 27
180 223
179 237
109 38
178 298
174 48
235 109
301 247
236 278
276 258
122 5
286 212
222 1
196 36
280 55
82 197
122 92
101 180
250 299
58 4
63 79
39 94
26 298
29 36
246 292
71 84
250 67
93 83
143 29
72 22
241 77
31 76
284 68
103 96
289 189
156 296
0 59
72 20
179 251
16 303
234 9
191 281
211 60
143 156
67 298
126 6
140 7
268 216
188 216
32 297
68 195
256 270
170 242
1 151
145 298
298 210
224 35
155 94
306 274
214 88
17 193
110 168
220 209
154 144
225 152
300 75
232 234
81 278
305 3
166 273
274 27
148 143
171 142
179 34
171 37
157 68
288 220
156 210
56 244
95 213
35 196
189 26
170 55
47 253
289 116
19 203
5 129
144 5
18 195
223 5
67 246
124 264
264 216
254 275
170 213
186 258
91 29
282 66
202 62
54 254
204 122
245 98
240 235
42 89
235 34
191 159
116 229
54 48
15 254
146 288
27 222
71 202
148 78
173 82
92 230
182 183
153 164
138 177
27 255
130 238
225 50
91 42
91 22
176 245
293 27
203 64
68 65
305 116
41 230
111 233
141 15
233 181
302 301
86 39
11 136
225 14
76 275
77 0
281 289
99 26
256 73
86 140
280 114
242 86
211 247
251 97
82 6
167 260
258 138
1 149
174 115
40 59
227 19
260 35
210 255
270 130
105 101
82 250
246 20
12 195
227 135
226 173
212 14
104 228
14 38
113 143
111 160
60 182
280 189
51 115
86 30
104 6
175 176
58 185
0 25
1 47
201 1
155 198
53 282
241 304
157 288
45 256
295 142
262 46
300 225
177 56
284 170
225 119
53 229
104 236
17 32
36 17
172 246
1 285
119 277
188 20
21 273
174 140
189 89
274 290
270 169
18 232
98 165
152 222
180 170
65 85
169 83
66 127
62 149
154 257
266 164
28 109
280 199
95 103
36 194
92 40
220 278
265 82
297 60
78 180
32 111
87 277
24 181
36 250
275 198
99 84
257 232
220 19
292 263
82 9
218 228
297 215
288 132
38 225
7 191
195 14
261 21
152 234
177 290
49 32
260 269
131 47
306 200
186 194
58 281
218 56
116 273
113 212
306 290
14 158
40 282
224 114
14 284
181 97
201 35
263 204
109 15
190 60
245 186
105 300
180 256
146 233
191 169
136 188
191 245
60 191
45 128
19 255
40 181
234 169
232 32
287 137
215 134
185 36
80 234
235 123
304 52
277 191
0 122
232 203
17 117
253 149
107 217
299 164
181 157
175 45
216 290
123 58
169 207
188 280
217 208
22 221
157 201
305 272
285 99
56 103
4 43
84 188
143 289
71 29
97 161
153 267
265 135
162 62
224 195
13 61
94 299
226 186
71 127
185 211
39 27
18 205
81 160
303 277
42 184
223 69
216 181
225 107
127 148
252 287
105 128
78 87
125 19
161 219
103 141
29 269
303 121
232 104
214 264
156 17
88 102
263 301
183 6
178 144
143 145
302 113
291 297
40 204
125 219
266 189
305 294
258 4
82 254
306 219
239 168
103 115
138 235
67 48
303 27
198 12
78 59
207 72
198 191
239 151
180 125
197 96
60 170
13 84
272 243
240 51
290 112
303 270
165 204
232 240
64 273
47 152
207 265
93 292
81 105
129 223
125 178
74 170
243 281
54 273
68 214
19 132
119 223
278 68
219 78
238 177
97 241
275 156
166 37
294 158
280 275
235 239
277 292
74 179
152 230
277 70
194 234
77 292
245 169
115 226
265 156
126 161
242 63
161 247
179 227
87 205
30 70
254 302
60 71
38 229
96 35
89 227
36 130
182 290
262 194
162 271
159 54
15 152
41 110
284 221
165 288
216 155
129 245
34 121
69 266
114 128
0 303
40 154
164 237
48 21
165 175
112 208
301 88
50 106
277 4
284 191
39 230
21 279
173 71
269 218
168 13
247 225
196 133
87 186
69 306
140 133
240 220
167 214
164 293
135 298
261 57
35 293
82 2
35 44
278 96
110 170
112 2
183 162
22 170
287 147
216 239
135 117
84 141
53 111
130 196
240 272
149 262
218 40
205 195
251 111
177 152
246 250
232 196
20 137
117 47
149 247
197 46
270 146
16 73
201 60
260 154
135 290
272 277
33 35
143 226
81 150
21 129
207 282
190 180
35 19
269 68
53 198
288 215
115 107
188 190
82 260
158 127
38 162
32 117
44 137
68 242
49 25
196 8
189 179
193 31
210 198
28 173
14 23
73 173
161 18
249 306
208 267
132 280
220 24
245 206
191 133
226 85
288 150
207 177
276 180
25 5
65 306
42 249
185 178
177 5
253 51
216 249
69 34
207 276
194 66
180 116
49 123
298 64
263 37
94 32
216 1
169 120
148 33
271 256
303 202
248 291
31 106
211 290
259 89
246 10
90 162
291 274
234 140
176 110
73 23
244 199
227 82
147 94
135 151
191 224
147 299
177 197
216 16
35 241
272 159
0 292
139 191
190 194
25 207
304 167
223 128
285 264
251 183
113 0
265 78
87 273
10 163
120 41
248 239
221 267
302 286
279 31
232 266
216 149
97 220
216 43
306 58
288 104
116 132
185 75
244 115
195 95
55 237
235 186
111 179
185 297
218 93
67 248
205 141
42 195
72 10
98 104
305 165
85 232
192 279
134 218
132 284
306 19
68 149
35 126
223 190
149 27
186 137
268 45
292 211
235 97
7 145
19 289
37 165
56 89
190 146
257 101
302 186
269 106
192 287
254 7
211 88
85 12
25 100
123 37
91 131
69 281
247 86
161 87
136 30
36 100
227 238
21 57
242 271
39 53
6 94
205 61
257 79
248 295
83 79
157 267
53 171
281 92
133 57
213 5
18 228
98 246
123 130
275 196
288 198
67 118
270 164
64 221
52 226
274 121
301 191
146 278
124 21
172 61
50 246
226 256
64 132
51 126
39 273
60 56
182 190
290 179
109 214
130 96
29 300
55 24
306 23
54 121
104 122
266 54
106 212
93 102
220 172
123 191
291 117
38 173
244 286
153 172
142 49
200 171
277 144
97 288
77 194
112 206
127 80
285 128
27 38
82 244
6 143
82 224
235 160
166 220
149 95
304 45
184 200
229 166
73 210
47 84
294 247
246 64
236 146
271 94
180 174
193 262
52 64
247 246
140 280
198 288
88 211
276 75
138 89
299 252
0 233
68 233
258 252
249 271
244 65
57 54
91 238
127 132
289 69
88 279
235 69
185 104
296 238
8 150
45 282
195 18
187 236
18 0
269 279
196 147
198 198
181 18
179 0
211 19
244 219
183 239
194 240
257 239
141 252
13 173
170 287
294 71
153 99
150 161
211 3
166 11
177 283
175 92
234 299
96 130
27 146
290 8
274 226
181 64
302 167
291 251
299 179
257 224
153 85
260 292
1 266
50 145
110 81
58 37
239 99
98 16
146 77
274 239
112 134
20 39
150 102
119 279
1 281
196 272
139 262
54 277
231 210
123 28
228 130
270 21
40 236
139 59
213 114
15 259
226 60
116 40
245 53
229 68
166 81
209 98
178 117
274 86
141 30
75 252
188 50
301 292
10 60
116 87
245 26
37 196
283 166
80 216
150 71
140 38
259 117
283 234
73 298
45 170
252 243
231 1
260 15
36 122
187 247
139 26
294 134
244 16
82 287
239 196
164 212
34 190
216 185
274 112
5 98
154 97
171 78
80 166
152 193
245 282
132 3
15 280
205 135
218 48
123 39
16 24
248 95
283 20
137 10
67 198
98 73
36 222
142 175
106 182
237 81
195 116
69 288
298 184
268 111
257 168
93 196
246 84
286 188
82 298
35 34
284 31
178 67
74 237
256 32
141 154
66 61
236 285
233 291
211 187
74 175
78 104
228 282
8 51
161 110
71 198
58 217
244 47
176 215
122 163
209 96
93 59
58 291
89 235
27 281
43 162
208 139
83 200
227 133
182 282
241 295
48 296
63 263
163 222
104 262
143 31
185 238
239 252
236 165
1 69
169 255
179 56
178 305
41 126
305 297
223 230
297 201
241 34
196 241
175 87
285 24
81 37
221 288
104 245
193 214
270 244
25 16
1 244
91 196
201 54
121 302
72 178
210 202
178 164
264 25
289 162
256 49
261 2
157 303
176 97
165 73
231 172
172 16
282 38
208 89
299 158
112 124
91 80
222 176
209 62
159 13
73 33
34 256
185 246
291 293
54 169
216 112
259 290
185 97
238 61
280 87
146 284
24 284
15 39
68 209
45 196
60 16
156 241
103 43
209 302
62 108
89 169
63 66
7 111
189 183
195 244
251 209
242 306
257 22
150 225
81 79
104 19
39 194
213 182
60 280
105 3
203 154
148 18
52 205
4 117
14 265
102 201
154 229
123 227
162 90
112 120
109 266
99 113
159 1
159 266
45 82
300 138
46 4
104 256
74 10
205 12
152 247
134 3
171 197
61 76
144 170
206 290
149 272
17 155
297 24
105 55
48 104
302 173
64 102
237 240
259 34
105 302
184 260
80 36
198 140
9 117
226 46
32 224
128 141
143 6
55 180
224 247
114 169
30 217
216 259
164 174
34 114
24 186
120 137
224 166
75 215
89 248
90 288
295 105
247 107
162 116
157 176
38 50
179 152
265 195
46 147
226 112
51 192
22 244
89 145
54 259
202 181
84 213
216 48
126 226
91 289
280 6
137 200
285 47
176 44
118 115
50 40
252 66
290 281
149 41
196 281
125 17
92 150
107 56
71 267
54 196
112 79
2 70
140 105
87 150
91 140
267 277
194 185
21 143
148 260
175 223
73 118
144 19
246 159
184 139
213 284
95 73
121 142
134 137
36 178
305 244
1 273
105 154
193 269
160 42
109 207
279 126
112 28
274 264
213 82
271 38
136 234
246 257
257 77
199 161
203 40
284 178
85 130
130 44
254 245
11 215
68 262
189 33
120 119
109 285
289 92
266 226
113 183
80 64
227 166
81 139
230 209
183 300
280 61
125 158
211 189
50 137
252 299
55 77
71 143
23 108
245 247
15 13
27 113
252 265
241 56
98 39
140 110
119 210
288 223
257 172
217 230
50 172
250 4
280 75
122 139
230 293
226 267
83 22
139 69
272 247
62 129
167 172
161 132
126 90
106 295
54 3
280 66
84 306
225 68
99 48
208 161
236 169
163 104
190 230
35 77
82 202
130 289
112 30
276 208
160 62
29 234
168 50
306 13
294 44
235 213
190 167
105 163
284 27
16 203
207 107
278 110
14 47
258 97
82 240
63 14
148 201
194 278
101 265
212 123
98 146
274 74
129 190
154 57
203 306
11 35
209 246
25 265
82 258
268 115
288 257
194 268
154 70
95 11
86 37
186 154
157 55
141 59
230 228
132 169
71 169
260 60
40 305
216 151
289 82
256 227
260 246
19 295
131 242
204 199
180 241
39 186
291 246
21 281
39 71
164 243
83 172
59 252
28 150
288 164
275 14
290 299
282 255
89 223
102 122
234 198
29 139
197 250
9 122
45 212
292 252
288 99
159 278
46 233
89 206
271 211
249 161
276 214
38 170
301 56
173 73
127 142
42 63
82 87
65 94
138 281
187 253
140 112
276 254
24 86
93 77
18 24
280 225
11 257
11 200
88 22
157 270
128 0
122 50
262 270
203 246
97 152
80 30
47 136
146 185
199 225
137 207
71 260
243 13
173 186
5 120
283 105
237 264
249 215
123 224
1 78
178 20
217 21
35 207
70 227
3 305
177 114
221 72
59 141
44 303
76 176
201 163
203 269
124 247
92 106
225 132
95 110
130 20
28 121
58 80
287 27
213 80
236 198
10 236
53 9
188 299
30 280
217 11
233 110
5 301
27 205
104 159
278 215
134 96
46 276
133 193
71 187
208 66
90 241
205 246
36 225
115 164
211 185
55 246
115 283
8 153
287 227
24 234
296 301
71 249
221 106
106 63
13 171
59 139
233 114
301 202
228 233
25 85
287 47
139 226
245 242
155 75
124 2
186 283
58 19
75 206
10 234
173 221
127 21
260 257
20 5
83 167
223 119
167 73
124 194
211 172
86 19
149 82
39 150
289 102
108 193
293 193
168 62
6 42
296 55
141 123
196 187
1 14
196 257
79 207
230 14
137 278
11 123
76 134
18 10
259 183
305 154
166 111
136 68
136 286
119 67
200 213
103 260
156 181
294 76
197 57
25 57
157 37
148 213
301 244
85 96
117 245
161 7
10 91
139 283
14 141
55 33
24 199
4 272
255 163
100 13
132 16
158 216
37 65
255 150
134 248
143 40
291 29
251 173
272 69
166 170
274 43
202 108
250 7
8 221
290 127
46 188
8 195
106 250
70 258
77 75
176 167
64 248
213 59
85 151
196 300
135 214
47 55
239 184
47 298
248 231
218 136
7 140
147 175
268 172
34 263
262 67
215 136
52 190
15 293
88 82
108 230
236 216
126 270
266 140
150 68
185 207
67 107
7 202
206 182
298 305
11 148
97 134
48 167
271 186
224 2
139 141
120 52
287 190
277 160
204 265
121 226
224 74
78 187
100 204
197 138
119 182
282 204
236 256
116 189
112 293
87 32
129 21
213 268
113 176
31 51
9 244
86 114
279 187
245 128
89 242
172 191
3 15
212 104
106 93
97 77
246 199
110 146
79 113
224 118
97 262
162 141
127 136
300 28
231 303
303 238
135 55
192 235
92 12
201 84
175 244
190 82
98 230
143 65
272 271
246 73
4 219
82 156
24 162
1 203
188 122
256 171
275 17
296 174
268 13
68 24
100 149
297 175
65 198
113 151
88 298
198 195
285 57
34 25
182 67
124 166
102 258
217 281
242 204
225 190
196 28
20 28
24 239
272 225
54 244
96 136
55 114
296 71
154 104
41 7
206 210
134 254
116 290
213 270
209 261
79 92
123 157
3 153
98 0
34 271
203 135
188 24
243 243
208 236
186 197
248 67
221 162
29 125
32 142
136 155
260 67
166 194
192 126
76 247
127 18
136 225
266 9
109 173
77 17
283 245
45 145
289 265
280 140
212 253
81 222
84 176
58 130
277 19
64 149
260 285
70 64
157 20
104 28
180 59
106 32
143 10
162 237
106 144
71 54
166 232
26 164
70 256
252 199
100 155
168 286
66 270
221 62
240 132
125 51
285 209
78 196
182 181
13 72
264 269
84 289
46 107
247 288
214 248
253 268
24 116
257 213
51 67
297 96
302 281
252 206
10 28
155 28
276 280
271 124
73 190
295 132
209 167
89 21
205 167
242 102
99 221
295 289
181 212
87 94
118 150
256 44
264 220
1 144
291 97
0 236
193 257
192 274
100 10
49 47
269 7
96 280
283 195
265 181
216 34
54 291
132 180
229 172
115 49
113 274
241 278
275 31
63 168
289 306
157 284
86 118
127 102
97 272
67 28
128 284
110 202
136 132
22 158
272 282
187 288
238 292
61 293
233 278
288 63
62 159
245 215
144 264
88 68
161 279
123 134
297 164
218 8
247 36
6 159
66 174
272 25
47 240
123 93
53 2
298 261
104 200
218 240
173 250
91 58
146 52
179 148
42 180
146 69
5 296
104 202
26 246
230 257
220 227
304 43
34 240
50 117
108 27
290 184
150 100
17 258
207 149
134 210
264 91
70 185
195 127
126 211
158 276
171 293
228 75
266 207
142 222
222 158
113 12
66 40
304 57
280 169
16 136
243 31
185 6
268 294
288 67
261 71
136 178
206 125
141 43
178 194
207 36
5 265
141 167
125 115
176 273
213 46
128 235
88 125
80 127
190 120
170 291
175 129
105 187
257 83
165 163
173 7
169 92
159 142
109 162
263 56
15 261
215 20
198 58
270 297
215 63
208 294
222 36
259 152
236 227
159 85
22 231
87 271
198 19
240 69
167 282
226 28
7 163
119 247
204 215
7 4
149 146
151 295
302 37
43 16
224 134
29 20
56 257
224 9
99 174
27 140
24 112
270 95
62 303
237 12
65 219
116 3
241 282
143 282
99 64
142 161
190 283
199 200
45 21
218 193
193 159
181 57
182 87
31 1
257 208
193 289
268 28
12 121
239 77
265 104
109 253
92 221
184 202
105 194
203 166
119 285
290 283
60 39
200 149
130 75
225 233
154 208
116 300
215 102
229 245
169 89
262 62
142 215
49 240
250 304
165 210
37 255
150 52
178 211
35 71
210 253
12 143
267 157
174 268
73 40
222 173
271 128
56 133
95 268
122 52
128 271
54 296
279 281
89 120
152 69
27 6
135 271
14 57
212 277
127 37
109 112
16 189
18 66
90 188
141 70
206 89
102 218
115 116
277 296
106 106
30 238
67 53
106 291
192 109
164 24
212 205
292 215
224 172
267 119
189 228
256 221
299 10
40 29
2 112
301 177
207 132
37 67
169 106
210 132
189 99
233 248
254 15
52 13
219 243
228 108
236 218
5 56
50 168
16 219
291 6
137 191
197 1
243 11
87 10
293 132
55 154
47 265
253 271
210 217
247 38
35 0
174 207
153 157
295 38
150 239
4 125
89 292
31 3
277 242
257 136
82 59
92 18
92 4
56 282
272 2
241 111
97 300
157 121
292 59
129 146
12 97
230 138
145 219
240 38
112 169
14 190
180 31
19 193
31 127
280 123
300 110
7 251
199 4
254 110
85 252
46 226
133 195
292 186
276 105
204 114
56 93
270 83
221 26
267 272
100 268
97 138
108 156
8 284
116 238
267 7
294 226
83 45
161 3
301 117
2 25
100 214
71 225
304 138
53 72
156 236
173 165
41 39
217 102
274 300
96 96
243 275
45 279
251 189
129 84
213 166
59 28
244 177
126 31
284 116
126 166
179 188
228 202
191 63
72 69
217 266
282 76
60 265
126 24
14 166
279 91
182 70
11 184
38 265
90 179
58 190
5 257
240 192
161 71
40 234
172 153
142 275
221 296
242 143
296 91
276 203
75 287
35 109
58 41
79 18
303 101
134 273
274 141
66 282
228 183
115 218
66 102
66 217
34 105
287 21
253 83
39 115
84 229
59 289
132 81
110 175
217 81
89 73
2 2
147 215
198 150
26 34
97 255
89 191
71 244
13 214
240 21
303 300
101 287
7 244
80 47
283 82
195 178
12 158
113 54
289 73
80 135
214 28
214 147
95 292
10 183
89 137
214 302
157 243
49 287
128 106
270 274
223 51
58 192
182 303
292 173
119 71
52 150
228 268
276 103
61 172
80 62
272 206
94 54
273 231
178 273
26 98
168 69
210 278
77 144
258 10
137 99
225 93
254 57
165 2
294 208
288 172
225 213
32 71
202 79
205 8
278 229
277 89
261 118
56 126
225 281
31 94
132 30
33 177
218 96
131 164
68 145
104 81
303 220
1 146
43 7
155 282
43 21
154 24
126 110
300 236
95 64
2 106
46 40
174 52
10 144
102 270
275 132
140 13
201 202
213 211
39 67
202 81
240 233
91 214
44 71
26 32
63 260
256 255
172 286
31 161
104 293
208 34
122 287
146 148
98 52
3 29
166 290
182 32
205 172
155 83
271 239
151 186
70 160
49 229
15 236
83 128
151 259
115 293
44 180
205 267
19 161
183 148
280 146
29 261
141 81
47 175
190 16
172 24
262 233
165 87
164 45
187 70
73 66
306 238
13 93
211 231
295 79
115 241
163 219
11 208
183 218
121 54
277 300
135 230
226 242
174 304
258 179
142 173
259 216
5 260
94 180
187 228
169 279
77 43
60 52
134 50
57 148
212 306
19 65
135 162
166 143
217 88
177 264
228 217
306 44
306 192
209 24
155 224
80 218
215 111
233 137
41 251
300 63
132 24
54 43
57 223
128 181
306 276
104 216
186 184
156 151
164 264
261 141
241 169
158 214
72 195
190 1
257 123
137 261
5 231
178 139
306 208
304 85
96 166
78 139
201 24
218 265
152 6
43 106
151 114
269 247
267 149
43 1
269 82
5 169
131 294
155 260
225 255
286 218
214 24
149 139
240 247
215 76
218 242
245 196
179 269
61 235
296 236
208 42
263 289
51 100
22 295
64 287
185 47
2 138
227 141
172 231
55 143
31 78
226 201
18 19
265 59
263 126
82 33
10 107
183 304
259 113
34 17
49 112
233 55
292 111
189 140
243 291
67 112
65 167
276 235
131 224
2 211
216 235
154 193
209 79
65 7
218 34
161 269
63 76
76 57
63 68
221 234
74 266
208 114
65 259
225 30
226 137
30 278
140 93
129 70
174 175
194 190
90 164
282 295
55 72
84 224
251 268
67 289
259 107
237 254
282 229
264 31
306 258
18 57
98 46
256 238
101 84
205 303
226 182
38 40
136 263
164 136
86 304
240 46
119 170
23 291
110 73
58 2
97 218
198 107
255 94
192 18
112 115
220 112
227 7
117 255
40 232
170 204
303 217
51 32
167 230
253 98
58 176
151 166
172 126
202 19
238 233
153 265
7 29
75 51
299 21
195 256
118 77
294 29
229 230
36 216
155 232
100 3
199 157
4 81
25 125
269 237
131 37
25 74
69 139
141 197
157 164
19 266
112 147
52 214
56 280
220 13
291 200
264 265
171 147
111 90
83 294
189 259
102 305
303 47
69 48
172 263
189 148
255 36
21 199
122 216
271 90
160 224
116 298
0 29
78 12
218 256
140 215
123 280
299 272
73 153
37 266
91 50
174 290
282 60
128 207
54 302
267 41
81 133
165 241
9 19
13 39
97 58
46 113
219 73
241 123
30 197
138 248
235 167
203 22
13 51
191 288
184 76
59 259
79 278
129 68
2 6
92 63
222 71
109 89
214 273
210 153
196 235
296 160
240 306
148 85
200 215
86 251
158 115
119 122
186 298
50 159
87 162
117 176
75 35
19 95
177 72
9 13
38 257
121 205
32 202
184 132
115 29
43 78
70 214
138 293
96 302
263 15
175 102
139 197
303 68
120 220
169 219
202 12
268 125
117 215
68 157
1 174
11 101
45 155
126 9
120 185
57 167
11 10
206 252
44 258
95 225
22 60
71 154
210 112
154 134
220 231
291 124
214 56
149 270
296 177
62 167
206 229
153 242
84 6
92 179
214 220
120 23
145 214
242 83
141 267
193 1
189 44
287 51
295 219
183 120
153 278
64 195
163 300
195 62
260 41
91 104
204 53
144 114
232 145
47 49
80 54
38 239
196 286
206 99
256 68
26 96
94 247
111 254
63 51
202 50
118 283
28 181
253 119
277 45
167 40
52 127
36 303
26 212
91 118
270 81
51 237
197 167
41 72
191 12
61 138
210 248
177 285
195 78
250 188
220 33
106 118
190 50
286 79
196 44
42 156
36 25
278 36
192 164
174 253
204 185
242 259
255 99
106 21
266 256
242 209
35 205
27 90
304 132
7 276
66 272
235 21
218 209
11 202
210 151
232 175
218 29
57 304
112 72
165 187
147 153
88 306
185 292
62 65
180 282
82 289
32 129
232 297
177 42
50 292
24 217
296 149
85 222
284 296
137 306
34 81
298 26
274 56
152 148
51 161
48 131
261 201
79 222
28 10
139 260
185 290
62 44
245 232
227 99
152 182
115 65
134 175
244 20
200 29
31 184
98 87
99 91
298 83
240 117
99 280
275 65
111 11
65 37
260 144
250 263
170 211
291 163
229 54
8 101
155 132
270 192
94 184
126 284
153 13
35 67
119 40
218 69
107 302
250 223
117 222
247 2
251 106
241 240
39 140
40 104
20 172
246 279
9 246
152 59
222 266
38 138
8 304
175 203
111 221
87 247
152 111
87 261
151 132
120 77
65 57
166 277
37 214
248 179
221 115
2 157
289 32
129 228
170 51
149 106
197 277
148 249
157 231
228 77
286 305
102 193
267 194
44 237
125 33
287 168
31 211
26 10
258 111
64 289
218 100
96 81
89 3
273 198
292 85
151 130
191 198
114 33
174 211
49 253
293 265
294 183
121 190
188 201
277 0
106 297
42 214
225 74
1 83
273 211
68 52
91 102
237 192
266 294
92 136
12 21
183 122
155 300
250 218
34 287
22 154
4 261
259 249
279 184
16 49
45 241
150 216
2 103
211 265
12 270
202 170
144 303
126 35
151 272
222 88
165 6
236 191
222 300
67 185
190 162
296 7
238 210
74 85
109 107
197 86
266 114
112 77
225 90
233 276
85 272
16 239
204 112
88 39
180 216
42 102
17 197
167 124
167 29
76 180
211 299
288 123
1 132
271 1
164 97
58 198
294 55
285 160
183 113
119 61
251 234
178 16
77 210
62 59
272 237
156 90
129 73
238 119
6 134
113 49
291 102
245 108
147 211
156 11
77 294
134 206
180 83
166 202
245 201
66 139
133 252
54 257
132 146
32 148
1 301
53 148
47 77
167 150
135 83
117 279
198 2
105 99
268 94
163 58
51 270
190 152
220 221
92 119
156 149
257 280
28 277
55 31
4 41
261 12
287 134
45 290
140 294
85 77
15 95
83 74
13 79
188 136
63 22
102 59
43 76
194 77
300 254
126 300
204 202
287 186
277 129
214 196
232 164
122 105
32 249
80 2
180 278
57 83
283 267
161 37
278 147
54 190
219 5
213 44
238 199
207 199
26 1
200 209
280 164
146 259
25 55
285 155
151 18
159 286
28 158
220 280
147 26
251 95
182 48
176 201
257 295
58 119
16 179
46 118
121 107
295 62
264 159
71 281
12 228
68 220
85 193
184 180
136 161
134 26
73 46
257 230
113 19
81 280
263 200
2 188
175 95
164 257
45 298
91 122
108 3
80 115
99 260
208 145
265 53
200 206
20 275
271 74
110 121
191 296
57 124
265 297
121 178
89 58
43 38
170 234
4 135
97 196
195 262
246 68
254 88
155 38
172 18
111 299
237 14
294 6
80 96
240 163
108 126
111 197
18 146
235 283
172 167
23 126
50 139
41 47
67 89
250 206
21 164
170 112
293 50
200 126
110 234
183 78
253 25
22 47
92 259
19 134
136 134
248 56
185 264
168 304
148 238
301 20
16 62
65 249
241 25
241 276
286 183
10 195
45 168
146 81
39 69
73 197
0 251
206 47
2 268
79 200
255 117
306 224
118 136
11 55
193 208
241 100
202 45
201 175
278 18
304 174
145 195
68 68
2 133
177 135
299 221
227 126
132 248
127 98
1 184
259 266
197 175
264 189
266 270
272 150
249 280
120 9
255 61
270 266
19 149
27 241
291 25
184 73
14 73
281 113
160 190
94 40
104 133
274 205
172 229
129 188
83 218
43 296
137 85
5 182
62 74
163 9
69 231
292 280
242 133
141 255
63 280
204 96
53 26
213 125
229 95
250 42
105 306
50 197
232 59
161 245
303 187
177 81
37 81
252 143
115 122
196 202
75 302
279 268
157 8
280 288
75 228
38 197
27 80
189 301
79 282
173 50
4 39
67 163
56 26
176 238
51 140
80 248
104 156
41 61
264 74
98 14
238 101
129 117
10 255
57 258
243 123
130 78
2 283
99 293
166 251
103 70
285 235
49 266
9 4
223 302
139 169
199 219
84 99
221 90
266 197
127 218
41 130
169 2
171 187
123 142
303 64
130 27
305 194
181 41
34 127
76 5
222 148
220 8
181 220
47 287
108 40
243 218
182 152
107 123
296 30
128 69
209 241
40 19
243 304
41 86
33 245
198 75
288 243
263 177
111 215
88 47
29 178
215 92
14 299
123 275
175 217
173 87
221 46
192 107
9 290
284 238
103 15
86 299
258 300
211 23
272 300
177 1
30 137
31 236
114 262
139 115
296 182
140 240
128 91
263 149
257 183
252 0
304 162
171 122
55 82
35 116
252 80
298 35
268 260
162 198
120 238
276 68
33 220
6 198
94 23
117 149
256 179
281 151
293 240
234 217
78 8
283 126
100 130
250 139
250 108
99 142
176 16
25 286
217 52
54 156
131 282
220 229
157 114
224 239
287 196
209 59
34 4
50 201
83 108
160 158
126 229
25 273
161 212
130 13
31 234
54 28
279 154
122 201
58 61
176 120
177 276
66 268
109 71
35 147
244 256
286 287
231 190
286 249
121 232
95 218
204 16
137 284
95 266
150 181
131 170
201 63
195 283
163 134
89 267
127 200
211 243
157 258
110 189
78 248
159 156
296 290
259 104
212 147
32 257
32 274
214 97
56 265
218 187
252 127
269 245
212 250
141 65
52 20
191 129
78 53
79 257
159 262
257 272
303 160
178 293
132 74
47 280
90 154
130 175
289 6
185 215
48 14
147 47
205 59
40 293
128 300
108 59
202 195
283 216
282 7
102 250
184 41
158 138
214 42
163 68
70 86
171 0
7 15
278 222
241 180
129 170
142 180
117 122
11 51
228 154
299 147
221 110
150 153
282 14
34 137
121 43
115 161
154 210
229 83
99 41
104 230
253 256
201 147
95 176
123 271
21 241
67 256
148 35
198 128
119 153
170 118
229 91
38 261
13 257
227 212
7 23
137 166
132 107
39 48
31 6
138 269
165 260
10 64
80 121
29 55
105 267
17 256
302 82
222 195
217 143
24 79
174 190
279 266
295 3
298 301
148 109
86 159
51 80
186 186
57 101
290 19
79 299
189 255
97 233
92 6
119 99
97 37
251 228
68 252
173 26
228 242
231 149
142 248
114 199
234 120
107 138
199 49
265 278
89 221
245 208
17 217
45 223
96 117
168 216
255 205
214 105
116 51
283 122
228 168
253 161
109 257
200 80
201 65
52 7
7 266
84 283
45 124
233 2
200 276
191 203
123 183
265 106
289 10
108 51
175 259
183 25
88 57
226 105
247 52
5 127
9 34
53 97
275 273
203 110
159 206
107 65
0 220
299 201
259 205
187 85
262 247
269 108
278 114
286 299
274 60
203 186
195 231
59 43
210 48
182 294
295 250
40 213
221 302
193 42
239 231
58 226
154 185
1 165
5 152
224 259
214 163
188 107
42 136
149 197
297 43
182 223
195 210
192 179
198 286
9 41
222 273
87 110
251 39
127 29
43 174
234 301
7 93
70 106
159 74
75 38
12 1
70 219
270 24
40 299
42 188
211 155
161 296
85 156
196 189
134 44
23 58
273 245
252 41
231 109
183 206
54 104
193 142
183 20
40 45
188 58
62 122
224 78
199 88
168 237
292 170
7 229
125 135
30 302
153 176
163 165
55 40
158 178
93 14
228 226
273 0
238 162
183 298
109 221
127 273
48 171
79 178
37 282
11 254
199 119
2 10
17 1
145 252
86 86
238 20
222 180
130 80
280 98
161 181
305 126
97 19
63 17
80 118
239 304
230 155
53 263
170 170
181 143
61 82
49 210
298 285
204 217
32 155
199 249
51 252
16 6
141 207
219 250
164 0
281 197
256 14
263 49
149 254
287 75
28 32
76 243
139 232
31 178
44 225
18 142
84 70
204 3
197 115
143 186
304 94
251 264
73 280
122 300
41 9
72 270
98 163
102 145
237 244
157 57
65 213
101 57
204 33
276 21
50 91
286 292
166 50
26 44
77 137
148 5
155 59
31 266
137 171
174 170
18 80
298 98
144 189
130 106
277 91
126 250
96 248
166 145
159 25
289 260
54 177
268 9
219 204
230 272
247 144
168 97
18 173
12 183
279 156
10 77
248 241
148 87
247 263
0 120
64 202
134 91
32 229
236 57
26 167
72 301
186 59
6 227
23 241
46 186
189 264
54 13
145 193
233 208
264 193
189 22
189 65
70 57
44 132
277 266
37 270
226 293
162 282
189 62
185 270
166 297
3 95
127 283
71 77
30 92
20 37
135 166
215 216
131 123
87 54
237 27
243 147
126 248
217 296
261 104
145 54
110 97
14 295
185 27
61 97
67 302
203 242
265 236
117 68
239 31
66 191
29 28
46 204
262 130
43 244
272 154
265 36
201 119
74 296
177 178
224 161
202 10
104 95
38 144
196 92
183 250
180 71
57 234
103 49
173 128
116 125
163 196
187 159
267 296
154 16
166 267
8 253
175 108
151 286
270 201
82 116
153 238
77 168
6 154
253 248
147 12
107 30
281 39
208 271
178 182
39 188
177 272
137 55
24 245
231 35
295 224
29 135
305 107
101 273
221 104
166 1
182 288
293 21
14 5
152 152
137 107
87 170
9 113
24 175
28 225
23 216
95 261
129 168
21 89
114 206
222 130
117 55
270 51
184 164
196 233
35 96
253 204
297 190
52 166
174 23
265 144
236 252
190 171
172 273
219 292
293 86
160 120
43 270
2 42
293 40
60 248
279 24
154 30
12 28
155 275
242 110
131 276
290 196
141 201
165 156
248 92
111 95
180 93
199 144
195 167
171 140
67 278
121 240
140 34
98 131
121 203
25 236
167 156
127 205
141 195
93 168
29 205
297 58
181 188
187 87
195 158
87 63
50 279
264 153
33 51
185 115
162 195
52 95
246 136
183 104
25 149
124 284
285 133
153 170
104 182
23 133
34 200
63 85
128 144
56 56
55 152
214 203
20 211
122 30
194 43
124 74
244 41
167 7
110 247
9 111
173 293
8 63
177 7
167 119
179 38
17 234
223 99
112 41
50 176
285 227
212 120
95 108
23 143
22 33
303 285
262 30
51 180
30 57
166 75
146 226
146 130
52 289
155 284
64 156
194 271
210 128
166 48
266 19
55 95
181 55
25 184
266 228
269 73
272 208
90 67
61 63
170 249
289 100
245 154
24 92
140 180
47 10
179 36
72 16
204 84
253 63
22 303
39 113
286 113
85 158
160 199
299 206
82 85
45 97
139 257
284 59
9 200
248 142
247 26
216 187
124 100
148 10
91 34
144 191
116 82
106 261
96 191
265 174
69 22
70 68
197 178
39 247
211 170
106 156
58 271
77 227
59 113
26 210
218 251
119 242
239 24
69 76
98 123
3 145
183 296
137 156
250 35
124 299
251 253
61 157
65 229
204 88
231 179
3 99
102 137
230 78
272 258
212 142
47 144
161 82
294 290
191 290
72 159
61 67
66 136
50 185
65 47
135 86
200 267
104 67
303 21
214 107
229 56
67 85
158 95
176 84
40 122
59 93
12 180
44 59
244 89
237 275
49 156
283 78
37 276
252 125
247 60
235 137
246 266
242 175
89 229
155 273
192 277
247 90
110 297
135 264
77 189
64 53
197 141
104 221
119 265
75 171
207 32
283 23
55 14
161 165
86 230
101 112
305 160
83 57
217 238
153 117
209 1
189 49
9 26
96 205
291 27
128 255
214 7
144 228
224 293
155 115
42 33
250 160
204 221
255 141
123 196
267 248
213 140
229 159
114 136
190 154
20 60
13 86
100 240
183 228
105 39
265 282
29 76
232 101
124 297
39 109
242 30
52 87
45 77
235 26
26 249
168 227
156 157
132 211
277 12
7 249
146 98
55 212
144 93
44 280
265 245
138 111
266 205
188 261
187 249
259 301
177 156
89 301
17 281
160 183
91 153
223 138
75 40
178 29
91 209
221 216
50 61
296 195
19 170
20 15
215 160
184 80
222 146
157 195
23 230
54 62
286 4
132 222
101 301
106 112
284 249
110 59
142 237
87 156
61 189
213 286
128 185
143 230
176 277
20 69
261 241
86 147
290 239
278 106
304 23
103 27
165 192
248 83
302 5
189 5
60 261
28 144
77 148
50 203
84 52
29 45
147 197
259 51
31 21
30 90
57 9
259 136
252 107
276 34
36 89
304 79
153 274
233 108
15 233
59 144
153 3
39 127
53 200
214 250
67 114
17 254
103 51
7 117
55 287
167 21
286 283
105 252
108 76
286 206
13 237
113 21
221 43
111 110
37 75
79 250
131 72
42 51
283 172
254 55
20 110
111 252
38 249
214 294
76 187
14 243
162 126
34 84
3 57
31 201
10 206
169 230
35 236
201 281
220 191
234 228
287 276
24 41
31 135
249 54
94 171
225 263
195 250
9 162
295 69
4 88
83 137
265 252
114 201
25 223
124 24
237 212
184 256
199 304
28 9
250 102
203 286
240 119
213 190
261 112
157 116
4 143
98 203
27 235
245 6
140 233
277 31
57 183
215 280
195 215
75 53
8 133
125 147
193 250
17 140
236 235
286 153
21 189
247 0
270 101
272 292
49 205
286 8
302 239
89 253
156 254
116 212
287 286
209 22
209 9
74 140
48 71
268 22
225 123
152 306
286 38
55 206
88 197
95 124
153 198
80 298
190 107
86 143
17 109
97 85
72 75
2 287
81 228
286 96
194 303
76 119
275 293
155 124
292 146
183 111
75 161
223 17
214 1
58 21
133 98
263 157
300 125
264 27
98 250
272 251
167 181
28 117
247 214
30 213
28 43
93 182
47 190
136 40
138 144
145 79
187 38
219 82
157 106
74 263
82 184
37 106
7 183
229 151
180 20
141 304
3 247
266 254
216 202
280 109
213 169
32 150
292 66
285 33
288 55
134 132
261 24
76 109
16 205
196 296
74 16
287 303
47 160
7 123
27 78
90 281
114 228
232 224
64 211
145 147
212 230
131 15
20 71
216 302
284 287
46 247
291 122
193 58
90 251
24 155
75 4
255 229
282 70
153 191
150 187
76 74
277 127
140 158
288 211
23 212
215 74
63 269
217 200
263 122
242 139
74 0
304 192
198 171
241 125
42 122
95 297
73 206
56 214
212 206
205 235
294 116
292 238
131 279
246 152
235 37
160 210
167 201
249 6
227 244
179 88
77 183
45 52
185 272
155 264
196 83
26 287
48 53
5 86
117 182
44 99
172 159
21 178
31 186
14 116
77 282
212 136
27 47
151 210
69 108
31 170
141 145
66 38
8 33
130 3
169 125
70 150
1 134
246 123
65 73
35 57
275 148
22 112
55 60
182 85
128 23
293 220
173 232
208 288
190 250
184 176
19 300
95 282
274 58
299 276
82 77
152 30
40 99
16 211
203 193
264 223
55 194
45 66
229 259
21 34
36 232
208 202
68 283
225 171
136 127
109 292
45 89
70 111
239 156
90 174
301 294
247 13
142 88
29 14
102 241
139 81
233 179
3 67
204 260
258 154
295 299
222 206
266 263
148 149
46 103
178 133
18 100
138 18
136 19
99 161
194 297
188 230
142 20
6 239
140 286
190 27
249 112
141 269
65 104
240 97
302 218
30 87
92 69
149 245
226 295
97 21
73 100
48 232
189 127
15 124
17 134
68 132
216 215
153 276
135 122
108 84
279 249
164 113
215 297
36 15
194 38
184 99
45 176
207 19
187 292
139 162
80 9
152 236
162 221
80 254
193 224
168 158
80 290
27 161
42 104
249 254
106 202
254 210
48 36
248 273
294 101
58 88
46 68
196 185
10 295
223 37
299 267
73 278
49 222
208 251
228 43
32 163
182 21
274 146
202 88
243 241
73 275
123 219
291 58
181 268
303 169
190 158
113 104
188 14
86 196
163 149
210 66
5 197
48 99
245 58
133 224
273 30
125 55
229 30
232 10
80 198
275 48
235 291
160 8
76 289
230 76
116 90
241 264
43 153
302 90
3 250
221 159
178 105
37 176
69 179
201 253
273 90
268 134
291 235
207 201
259 17
171 27
264 70
194 196
110 66
180 159
12 281
253 123
248 182
236 41
139 241
97 282
60 36
303 152
67 258
7 181
266 260
20 228
259 218
261 47
123 125
267 221
205 193
159 106
278 132
115 171
288 253
96 49
42 261
228 303
168 210
113 153
247 281
164 272
135 66
131 42
213 195
231 73
120 145
159 59
268 165
306 80
18 180
31 172
8 91
302 39
100 117
178 131
69 99
272 183
299 145
147 156
49 269
102 227
0 128
26 130
119 155
230 216
43 26
21 290
240 257
110 44
289 202
153 79
237 77
100 100
60 14
169 302
198 186
252 68
51 39
238 226
233 80
246 48
174 150
234 205
127 117
252 167
273 135
164 35
27 17
44 91
93 88
30 26
231 274
225 39
49 183
121 292
200 259
89 75
107 90
25 64
98 275
25 251
194 136
18 97
264 294
275 213
260 187
288 233
105 204
113 148
166 68
199 124
119 168
124 198
154 171
255 128
39 38
10 68
201 156
116 98
17 87
182 197
59 172
189 54
156 291
278 283
200 93
256 304
220 184
295 22
162 213
167 65
129 28
243 84
247 169
187 304
96 275
276 58
236 223
278 275
234 92
78 62
218 300
205 117
19 156
201 40
119 206
41 21
73 12
164 298
87 180
192 50
235 87
264 85
279 273
217 58
137 122
142 4
208 220
0 89
0 228
138 123
197 143
83 272
302 201
202 251
36 287
271 148
119 112
231 117
112 68
195 160
291 95
76 92
122 298
101 216
103 56
201 25
153 280
52 22
28 59
150 249
257 174
238 83
18 29
114 255
9 175
274 277
94 147
18 119
226 227
38 136
37 77
171 49
203 129
26 49
160 192
59 54
157 41
7 207
224 3
299 166
28 232
186 135
265 232
136 149
20 113
63 240
172 79
160 240
276 194
138 221
202 15
84 122
121 272
136 103
118 305
262 160
150 227
36 143
205 181
233 27
253 225
64 106
123 260
204 38
301 71
93 236
144 35
253 279
176 295
62 115
13 122
256 236
56 131
22 249
240 302
279 297
10 96
196 238
245 163
141 265
89 13
175 261
203 184
259 21
133 42
198 114
10 74
266 35
303 183
18 21
105 30
50 104
161 33
39 6
202 4
45 0
237 135
200 91
203 232
161 162
46 238
158 297
81 101
184 21
28 239
293 16
174 184
172 32
152 105
21 75
128 187
46 62
172 151
153 82
155 179
77 174
253 79
303 185
182 139
299 227
230 233
247 222
244 136
106 275
240 242
142 139
167 105
137 120
7 37
44 108
157 290
118 248
148 304
132 246
306 98
147 126
96 112
255 34
295 46
210 271
242 286
267 177
274 221
159 110
148 132
155 222
4 14
267 234
80 100
21 267
0 256
6 295
124 239
216 100
43 192
116 64
230 48
51 299
282 212
303 165
12 164
170 94
70 125
2 233
35 188
185 152
62 95
41 220
300 241
205 281
154 136
79 181
160 249
221 236
228 247
9 49
277 201
210 36
11 114
272 168
157 47
54 131
277 218
134 202
305 252
223 151
140 89
60 296
274 234
138 137
189 69
249 144
140 75
230 200
110 290
247 54
143 21
24 194
39 134
293 155
100 147
56 168
110 304
238 294
48 238
217 118
202 158
46 221
96 2
88 70
166 180
138 76
205 76
155 64
269 66
250 18
100 98
75 128
140 91
170 226
6 235
39 61
126 70
235 51
12 266
11 26
277 152
214 175
249 252
196 68
170 269
201 138
9 56
111 88
230 298
60 145
3 171
181 243
173 202
80 224
128 241
143 83
23 205
145 110
264 286
124 237
102 229
193 306
144 149
264 67
118 88
116 100
280 215
268 180
217 276
118 142
90 76
164 122
124 53
260 106
188 241
140 103
207 273
16 181
280 131
124 245
51 254
250 250
215 87
278 205
218 134
144 261
153 147
240 151
12 217
283 169
145 33
219 36
26 266
140 242
263 94
269 194
298 282
254 112
54 161
142 117
106 11
238 41
149 73
230 120
255 132
127 220
289 152
204 301
187 126
1 306
26 203
116 243
44 293
290 86
108 275
146 43
56 178
74 258
14 216
304 201
159 247
170 109
167 23
190 253
214 84
142 63
112 172
46 192
157 278
16 30
217 141
124 149
106 241
205 148
250 195
45 126
79 38
206 208
254 306
17 4
222 155
95 182
146 290
240 287
174 125
142 75
189 169
100 208
174 266
109 23
285 241
285 74
61 259
120 82
280 219
230 39
97 236
245 8
291 45
119 94
117 23
231 66
297 295
241 196
159 269
283 109
103 18
183 252
69 31
16 275
170 67
225 57
274 25
189 35
121 265
234 47
151 46
279 197
228 277
260 227
227 177
177 22
68 3
136 255
281 234
207 155
87 12
168 115
283 281
242 59
91 207
255 175
52 242
65 17
28 272
220 304
254 97
249 129
213 262
88 178
178 98
120 166
182 185
277 50
69 202
71 27
222 244
162 288
87 137
202 189
69 169
285 142
220 201
190 84
127 8
42 70
15 273
234 163
172 132
270 173
241 290
222 261
48 39
260 147
80 294
216 164
9 38
302 57
306 222
279 48
117 293
163 2
78 108
215 304
156 43
17 9
304 213
10 280
99 153
34 254
33 253
152 22
190 205
161 145
148 233
51 135
261 206
102 75
200 223
272 263
251 132
221 298
144 237
41 269
280 205
291 69
63 12
260 91
239 300
245 300
276 15
52 59
41 265
144 72
237 130
132 167
40 211
273 163
305 75
173 239
130 255
117 49
85 32
84 240
213 222
168 80
289 170
4 226
80 214
127 56
58 210
191 208
96 107
96 26
228 208
117 281
192 9
216 121
49 259
78 129
69 119
191 271
278 302
282 84
237 31
154 217
209 46
105 116
185 244
13 288
57 66
241 246
164 171
139 201
139 150
232 186
169 288
169 101
89 246
145 176
97 291
271 119
111 289
278 141
104 60
299 288
100 53
156 134
222 121
230 116
279 224
140 193
77 19
108 227
246 89
65 181
220 212
83 170
34 290
218 12
244 139
63 27
30 165
22 297
180 95
5 80
95 48
136 3
27 304
146 264
90 1
9 148
199 142
132 7
233 116
161 119
124 223
204 290
85 215
152 101
54 150
30 262
8 189
23 128
3 92
239 49
252 56
136 236
145 210
237 75
190 135
190 294
281 96
83 278
267 300
242 135
284 87
232 243
107 9
83 276
214 78
219 117
161 286
68 14
11 178
184 210
167 188
120 13
137 96
145 90
74 5
173 302
49 4
132 240
111 177
117 263
36 163
136 43
135 80
61 208
63 177
283 180
165 56
187 223
238 218
129 200
11 118
211 221
301 50
265 239
137 36
57 153
218 181
300 129
57 112
189 303
174 42
91 138
232 222
228 222
297 287
169 285
182 155
140 222
96 16
65 79
272 10
94 44
139 252
200 195
176 125
231 184
3 8
53 163
113 157
94 166
260 181
219 26
149 190
82 20
112 17
240 104
35 119
305 279
260 69
76 285
162 29
285 53
166 41
70 295
227 119
293 269
50 81
297 143
226 79
268 225
193 148
51 274
139 45
125 292
176 29
202 276
55 145
243 94
107 170
110 35
151 153
231 37
104 188
133 134
189 129
204 68
30 102
124 13
301 264
34 305
196 124
262 228
242 288
25 133
149 58
282 152
224 223
69 147
267 237
274 63
133 186
103 286
63 209
133 159
214 276
143 300
123 7
290 210
273 32
37 248
260 279
193 128
174 194
265 160
146 243
161 206
118 252
203 272
238 228
40 40
100 182
264 263
56 302
293 61
203 297
284 255
13 17
6 106
57 238
211 257
49 54
175 118
139 16
121 128
99 265
67 218
113 305
154 159
239 12
102 297
244 70
164 231
87 84
268 128
141 108
194 266
257 99
111 145
114 297
277 199
90 111
36 239
66 236
37 90
0 253
143 200
252 194
298 110
255 143
86 208
132 32
114 112
240 10
140 238
91 253
192 210
13 101
87 191
266 142
206 50
292 303
175 135
85 206
8 198
130 194
187 96
135 11
65 165
101 184
245 290
93 65
172 120
38 63
175 169
101 221
173 282
149 84
34 50
119 128
35 107
177 188
225 81
161 97
293 152
192 243
3 23
163 283
100 255
217 128
85 94
106 246
245 4
158 192
276 95
215 32
36 243
36 275
170 272
4 238
264 161
73 305
12 155
75 195
263 185
22 28
17 85
157 16
270 56
289 168
243 262
50 154
252 85
220 98
258 60
189 203
122 1
296 228
295 273
32 233
278 175
65 175
33 63
75 256
220 133
165 150
231 207
60 120
205 222
196 59
155 85
287 160
72 133
108 175
120 29
21 43
8 282
53 30
18 178
172 300
173 145
295 123
146 132
292 144
53 85
23 135
100 245
72 89
37 119
259 256
290 237
260 168
86 275
200 251
204 1
24 171
138 188
68 42
257 90
65 231
26 199
68 151
123 11
281 211
69 205
112 5
239 133
269 78
197 205
219 17
47 222
252 202
99 135
99 191
239 93
270 285
282 206
198 223
57 144
256 88
33 172
255 16
169 129
94 231
90 57
150 50
282 214
249 173
66 145
56 278
303 246
19 259
186 79
136 280
278 52
19 174
30 53
61 93
165 127
32 15
89 130
16 11
42 216
242 224
305 292
179 157
22 70
279 11
217 62
145 223
185 148
87 201
48 304
198 101
87 120
39 171
89 94
128 260
245 262
92 161
35 220
236 64
64 1
200 217
291 192
291 150
288 205
20 82
170 159
176 90
88 250
245 140
228 136
127 112
92 26
182 195
163 66
201 49
51 96
301 10
12 46
24 295
286 273
26 296
271 46
284 70
169 153
89 262
251 63
120 252
29 39
174 60
178 128
203 127
185 1
223 63
137 148
191 249
92 210
300 84
104 37
241 158
46 274
47 57
250 225
187 36
292 226
219 80
95 256
293 137
1 102
248 41
281 19
21 13
101 289
2 299
45 84
111 24
20 226
102 6
302 275
123 200
167 199
239 106
262 169
45 142
81 236
105 180
293 262
276 109
188 257
184 62
155 73
123 69
126 152
163 53
196 88
95 236
294 259
110 236
36 170
133 28
228 46
297 257
59 201
14 226
1 231
200 233
207 258
110 61
167 218
79 195
283 300
293 107
219 142
199 62
64 11
136 208
236 59
218 152
263 238
72 238
9 187
41 117
139 277
193 171
12 306
205 14
245 167
75 235
261 284
51 51
204 106
12 279
32 290
179 46
225 37
15 43
173 223
304 262
5 203
256 108
238 3
133 138
183 51
186 158
183 286
76 83
194 49
167 166
213 51
222 27
195 81
27 159
22 301
238 140
216 196
210 245
234 240
126 123
86 16
58 241
255 102
211 275
196 217
242 54
190 77
44 251
18 70
300 5
45 120
96 33
69 251
112 297
71 18
151 255
257 118
270 287
129 250
44 273
281 245
131 287
280 255
183 100
244 63
124 215
177 27
271 251
298 249
145 257
60 133
228 28
225 178
61 27
73 247
177 46
134 1
295 53
233 124
147 297
190 55
88 146
153 187
128 86
244 60
55 163
98 186
2 161
299 102
67 79
222 3
3 163
180 165
11 89
211 145
300 58
152 109
118 159
122 173
38 220
273 219
283 53
102 235
92 242
90 85
147 159
199 245
4 278
105 264
9 273
31 289
2 220
84 304
73 71
54 78
276 289
296 147
87 72
100 5
175 298
281 274
101 40
117 81
131 31
287 106
107 88
300 93
298 177
259 200
20 168
127 62
133 161
154 36
5 167
257 293
6 288
113 164
249 78
105 223
79 16
111 70
275 45
84 295
103 158
260 0
200 255
200 134
143 273
271 132
104 35
248 213
36 102
38 46
78 170
215 65
238 52
289 252
55 112
229 19
146 205
48 211
63 30
46 300
41 164
214 177
302 134
181 210
6 91
194 59
107 289
78 156
102 47
89 123
39 35
38 201
159 280
61 241
20 146
227 15
260 131
172 204
196 291
49 306
196 33
114 40
90 97
254 287
219 52
286 125
250 202
148 177
84 185
124 92
242 211
155 128
280 286
0 197
215 132
186 68
71 79
150 205
64 81
288 39
281 280
164 252
139 77
238 95
226 21
218 112
196 154
236 18
63 172
224 130
243 246
197 203
205 176
220 2
76 31
254 191
152 11
253 105
72 116
247 235
274 271
0 264
294 31
47 37
252 146
148 206
90 167
191 34
2 82
121 254
192 116
115 152
201 305
122 256
281 157
144 103
53 180
41 186
282 21
120 98
73 240
259 274
249 24
286 170
242 269
83 241
191 273
25 98
266 46
292 190
273 84
51 189
121 260
243 98
38 158
153 299
47 26
130 206
80 303
306 158
275 84
251 284
276 77
294 244
135 73
46 93
247 167
159 171
117 66
275 270
305 169
142 125
209 53
285 110
46 292
36 155
301 73
288 107
55 66
272 191
71 275
206 243
160 44
40 260
102 210
196 192
55 48
268 20
11 272
258 260
199 15
141 163
126 254
238 130
123 161
13 117
77 72
205 31
80 265
29 303
144 288
28 21
137 173
222 55
83 221
52 202
233 171
227 106
9 23
152 232
63 8
248 127
302 84
156 36
184 191
61 110
156 294
74 217
152 161
271 106
109 9
7 280
38 25
286 59
108 236
217 291
289 148
248 147
34 181
196 55
117 224
302 41
18 6
274 108
113 52
174 241
41 273
250 255
75 49
279 137
96 74
51 82
22 272
288 97
297 68
156 216
178 256
81 256
2 196
237 113
211 34
236 181
175 8
198 193
32 272
50 258
122 148
4 306
37 23
173 97
82 12
297 299
1 258
93 19
83 115
210 273
298 169
262 9
182 256
8 137
78 91
299 0
301 62
142 305
96 202
2 51
245 181
282 198
305 63
216 256
232 301
132 39
171 85
123 110
190 24
65 204
109 140
34 139
247 99
269 231
143 258
169 282
227 23
290 161
97 23
94 204
26 42
202 28
195 71
107 108
223 299
31 193
254 249
123 306
183 44
74 208
81 300
298 129
177 175
98 68
211 95
19 163
102 55
251 248
279 210
220 224
184 117
183 262
46 255
149 291
280 116
159 187
90 44
111 105
56 118
152 298
199 112
184 128
195 229
124 87
79 232
107 210
163 175
228 280
117 196
12 264
65 34
181 25
255 173
4 32
220 260
83 111
74 132
229 100
73 81
180 105
96 142
180 261
261 214
247 125
30 124
28 71
165 77
304 283
258 87
268 147
122 76
273 161
128 65
8 193
272 275
178 301
237 123
259 214
77 200
116 259
67 125
102 65
262 167
223 65
281 291
108 115
82 71
99 78
105 232
231 256
42 202
152 20
111 296
219 180
104 247
3 114
11 78
204 159
224 64
264 288
90 71
300 15
168 15
54 54
305 17
285 42
76 273
7 278
211 1
108 273
261 150
206 250
147 134
182 39
77 216
9 248
85 138
158 98
50 221
39 148
80 7
249 30
53 77
190 103
270 43
43 83
151 66
198 209
202 224
166 35
203 264
211 21
85 181
85 220
98 195
201 77
42 116
119 48
1 199
50 21
124 60
83 211
177 220
54 269
62 261
236 211
8 270
34 148
79 305
232 250
102 220
232 95
159 51
139 128
255 51
132 70
266 216
135 244
224 268
93 228
135 180
62 37
130 243
57 109
42 91
164 49
22 107
11 62
252 5
283 118
150 65
189 13
109 25
263 277
196 298
228 64
165 64
69 104
152 50
244 236
217 131
168 239
164 282
27 19
100 270
4 189
29 132
126 145
134 155
268 102
128 289
231 15
188 40
78 33
145 157
293 231
96 306
213 258
198 266
243 157
175 27
62 285
156 146
23 102
238 71
20 268
178 6
219 222
154 158
201 111
38 164
172 44
20 118
67 93
52 291
191 15
31 190
97 181
74 231
264 256
146 235
260 129
62 48
297 213
206 55
76 129
262 173
0 50
254 45
210 282
131 190
219 46
211 101
205 201
75 68
12 83
302 124
25 46
282 2
221 290
11 128
218 158
30 37
300 278
294 292
176 174
272 196
193 29
186 20
34 218
115 177
167 126
37 111
144 95
192 111
57 87
6 18
64 135
114 138
165 30
265 247
83 284
148 53
71 34
7 174
43 4
230 267
262 151
51 263
146 125
288 129
212 16
40 64
118 259
109 187
135 295
250 243
155 118
103 179
184 14
196 248
52 296
89 42
177 60
200 204
81 162
100 159
279 257
162 137
261 136
76 158
233 22
63 97
278 56
59 100
64 39
230 102
255 183
11 22
90 202
19 116
68 301
142 188
199 231
288 185
36 94
136 62
243 187
239 145
265 221
213 67
148 185
204 140
105 91
132 198
27 45
285 13
62 301
177 203
36 180
119 106
5 206
24 59
208 165
63 181
149 0
41 222
199 271
142 234
168 296
179 73
244 132
159 284
245 160
237 269
202 206
16 133
41 162
91 82
210 141
62 132
160 90
10 260
238 85
55 16
193 198
240 292
131 188
141 32
21 114
227 246
46 138
69 249
182 170
96 99
131 263
26 102
97 31
249 221
273 54
104 13
247 81
122 78
259 281
135 49
256 284
146 86
198 44
115 88
98 201
272 57
251 197
302 182
162 114
267 241
30 225
123 187
206 234
80 143
0 282
118 194
283 156
82 36
91 304
43 141
137 214
0 6
98 89
124 64
191 99
59 63
289 246
159 83
166 98
199 282
82 135
231 192
126 43
40 291
129 283
270 11
134 64
258 202
60 168
20 297
263 274
176 139
177 38
152 294
236 270
36 306
297 139
187 144
235 74
166 265
105 161
21 77
100 93
41 193
155 9
192 153
252 32
93 52
235 230
266 219
247 290
86 178
156 204
296 156
277 179
147 203
201 160
201 72
247 173
261 10
117 231
155 96
69 13
282 139
43 118
234 296
76 240
