153 133
73 235
206 190
298 77
192 292
151 284
260 163
234 178
169 36
40 226
35 23
84 72
272 215
3 242
249 156
194 10
226 216
240 143
48 18
200 9
249 120
70 262
47 114
32 86
271 177
115 75
152 251
168 66
114 154
178 77
7 172
74 110
132 20
128 195
222 166
28 116
272 48
145 123
179 2
160 290
295 42
293 83
122 253
193 174
188 132
256 25
174 104
135 141
202 278
58 31
173 217
50 285
195 98
236 63
194 101
167 107
199 104
297 170
85 201
19 91
10 45
61 8
302 213
173 256
298 274
204 174
163 80
234 102
91 99
114 257
163 172
166 19
169 140
27 135
182 132
267 278
306 111
267 130
271 304
39 12
166 115
244 73
17 22
256 298
249 259
21 255
48 127
29 83
223 124
108 110
288 12
84 190
208 118
38 237
247 43
298 45
241 194
266 100
175 127
25 221
186 128
212 112
121 188
89 108
110 51
69 128
79 172
163 15
260 189
246 277
76 156
79 109
284 240
171 184
172 48
252 282
103 165
298 32
238 188
101 154
203 284
235 154
181 291
29 189
48 179
293 164
110 261
207 217
56 226
97 253
209 82
255 120
102 33
36 134
272 72
6 212
54 298
139 5
13 221
77 270
232 254
218 86
197 240
131 129
15 32
204 237
1 64
149 256
89 283
12 296
286 203
124 49
254 92
306 74
5 187
81 302
284 270
127 42
2 172
135 28
181 271
123 293
60 124
11 246
124 209
199 130
141 211
290 1
26 300
57 44
289 295
86 24
263 11
161 186
87 184
290 230
224 220
66 83
140 125
58 196
116 19
243 37
299 137
229 26
182 260
66 155
241 146
296 269
63 251
228 0
179 51
8 98
56 68
105 284
267 217
288 53
163 205
91 155
270 58
171 130
181 145
143 16
71 305
252 74
9 65
141 156
227 158
168 98
48 6
46 76
127 169
240 5
259 66
305 72
122 65
82 268
230 114
70 286
197 24
91 297
14 91
249 152
200 295
220 245
293 32
291 134
100 22
204 210
304 74
233 17
297 265
99 189
114 281
42 147
160 150
28 49
5 76
21 202
241 187
270 139
259 109
75 143
249 301
154 113
153 141
127 95
203 250
134 301
114 94
163 182
150 173
131 178
89 92
1 74
149 92
41 84
222 294
185 10
207 195
146 108
12 231
302 130
293 175
59 82
206 95
269 268
164 160
217 38
63 174
204 274
96 128
40 283
113 233
122 169
122 263
25 76
69 60
245 99
283 306
99 229
253 183
16 83
8 11
95 14
186 3
87 28
165 28
291 51
69 226
219 261
209 152
34 46
291 140
88 296
109 19
44 26
167 138
158 22
56 187
15 106
95 157
13 109
40 296
173 279
224 276
206 157
207 109
152 88
223 57
263 306
181 193
28 198
7 130
235 150
212 300
78 289
85 102
237 208
93 127
226 250
117 37
35 92
150 9
49 86
114 44
175 35
54 231
22 11
15 8
282 79
222 297
272 115
3 215
191 220
207 298
251 129
114 244
56 141
305 147
301 276
100 187
76 300
35 130
155 162
59 274
255 219
156 2
84 153
56 120
299 297
122 179
124 212
22 148
305 1
221 205
268 43
64 243
28 0
203 256
120 134
103 11
269 222
274 114
242 228
113 59
289 304
263 245
31 209
148 23
110 245
71 71
229 105
79 163
283 102
122 115
149 43
108 143
72 219
227 68
69 7
257 150
267 109
42 56
266 180
294 228
41 303
21 65
127 305
210 76
84 91
156 218
298 192
177 191
301 217
225 286
79 220
15 64
257 215
10 305
217 268
108 190
10 130
165 13
62 246
196 9
197 74
127 302
2 181
207 213
104 85
19 124
221 182
84 75
139 52
70 229
61 0
167 275
23 198
298 54
206 173
111 203
19 166
35 285
83 161
254 41
190 97
256 190
147 114
199 53
255 196
232 87
85 169
17 77
3 52
48 181
262 50
241 141
263 211
116 167
56 129
182 246
253 136
244 126
54 102
186 242
131 134
263 241
228 262
63 104
157 188
148 117
13 160
191 114
110 12
47 214
218 50
286 254
106 76
55 218
143 280
202 95
37 80
3 90
177 255
285 109
66 223
194 194
21 239
274 96
233 24
228 186
181 99
182 231
159 304
263 43
124 83
284 146
120 288
49 166
26 59
4 26
107 264
69 141
280 80
261 80
155 53
144 178
88 257
147 187
226 206
255 146
44 14
67 165
125 261
131 267
253 156
33 75
275 251
161 154
123 108
289 125
281 233
95 207
143 90
156 126
51 42
120 11
262 275
122 197
134 109
247 32
256 87
256 54
78 268
162 275
139 101
289 262
92 271
33 60
36 87
106 259
170 167
298 15
92 269
160 227
139 270
71 94
262 279
285 91
168 135
260 53
247 270
151 2
128 163
304 171
102 86
274 228
87 14
253 132
39 8
279 152
59 87
159 212
164 106
291 169
81 50
243 250
251 177
41 143
238 46
37 167
104 186
14 133
129 64
147 111
62 31
243 155
61 2
154 220
67 177
19 46
86 239
216 89
243 253
197 109
196 279
131 291
262 248
129 51
152 40
253 72
297 18
150 16
156 92
211 262
267 304
159 102
107 281
29 294
53 252
273 142
187 45
199 288
234 271
241 42
184 15
228 52
220 275
221 263
19 72
81 137
2 36
287 10
85 281
252 31
111 22
116 30
277 260
158 251
148 204
215 153
75 98
7 155
206 17
295 187
224 164
152 124
122 269
271 12
297 251
253 178
284 2
105 96
263 28
130 54
142 94
276 164
195 113
60 255
141 183
129 304
171 298
51 133
92 114
172 180
146 221
162 256
149 61
207 207
290 39
286 120
142 105
180 198
181 135
15 103
102 291
133 123
303 269
297 188
211 178
25 26
168 269
272 288
189 262
243 173
245 210
271 179
276 81
8 36
105 197
4 289
195 145
72 181
185 64
10 297
33 293
79 210
6 40
171 303
63 253
304 306
244 162
4 295
178 13
278 4
44 210
23 121
18 269
302 262
211 106
224 23
94 140
177 240
271 55
54 279
76 122
94 163
66 26
208 102
274 20
203 262
196 181
33 288
83 43
65 122
86 266
248 140
127 259
100 46
143 297
26 278
55 108
101 182
176 160
142 292
91 275
60 187
102 214
185 162
233 160
299 226
254 160
30 244
297 206
301 9
163 162
139 55
300 271
82 100
60 160
245 148
47 141
124 168
63 218
218 108
147 270
102 29
64 184
170 238
154 248
252 58
208 6
29 230
164 93
268 62
0 271
288 267
72 140
139 22
301 259
278 253
124 242
0 178
286 157
66 284
119 36
25 51
9 223
116 46
146 293
10 189
125 303
215 285
273 256
21 3
289 76
294 276
138 153
26 20
102 105
96 294
117 127
117 288
120 180
188 220
89 53
133 52
276 210
278 158
304 6
114 186
9 215
34 214
261 123
296 184
255 290
149 46
295 16
214 131
23 203
47 96
306 93
248 131
195 200
162 51
20 20
223 54
5 70
37 49
241 213
63 299
36 42
256 261
44 200
60 196
21 108
230 237
111 39
58 133
144 152
41 124
11 85
300 157
85 120
2 205
256 186
163 267
3 176
42 151
22 123
46 250
98 210
94 175
70 204
1 8
209 286
245 18
230 131
151 79
2 279
206 44
254 214
176 276
259 139
117 267
239 14
3 209
125 280
302 144
258 57
152 291
15 241
101 70
165 213
204 103
284 15
45 207
76 249
205 163
237 106
267 239
276 9
69 296
4 62
278 39
171 162
254 74
90 113
281 236
54 219
295 210
189 94
64 277
171 91
138 184
159 100
90 62
109 191
169 17
283 279
97 223
296 89
209 18
86 165
55 173
301 163
228 301
302 303
52 246
288 139
47 164
52 37
46 44
282 262
263 229
138 94
126 49
68 279
31 253
215 267
74 292
69 113
159 153
276 174
299 112
279 111
121 95
71 136
257 160
115 202
209 231
250 228
161 303
103 176
158 18
277 138
148 274
275 101
24 81
36 268
88 217
194 106
193 137
264 93
18 104
288 200
79 79
135 210
65 207
143 60
232 45
287 175
78 276
28 243
220 100
241 19
94 29
99 125
139 273
3 191
193 37
143 240
8 232
94 192
100 96
283 72
189 211
196 252
297 119
303 151
254 258
173 58
28 154
259 244
221 167
58 26
300 233
196 102
66 116
101 224
66 188
107 128
285 175
253 252
141 9
249 52
139 67
167 244
231 28
5 222
224 71
176 10
139 266
31 199
157 49
84 202
114 292
148 39
75 269
222 272
110 264
20 302
153 67
30 68
246 181
209 123
101 139
177 228
72 45
253 23
122 150
112 166
154 26
280 221
172 3
32 280
107 100
28 259
132 261
170 26
247 116
254 167
88 289
43 300
144 131
127 125
150 94
291 301
305 104
275 153
184 53
3 21
0 52
127 82
33 7
68 124
120 25
95 284
241 81
181 128
280 170
83 181
247 303
116 233
300 283
129 47
188 111
123 119
145 138
194 26
42 284
131 121
23 39
225 54
61 283
71 4
278 174
102 282
227 117
247 4
234 263
304 12
281 28
188 9
77 238
71 102
270 144
147 7
238 217
264 295
90 277
162 201
11 112
195 205
71 242
100 295
123 152
250 231
272 279
265 284
176 221
273 154
119 298
48 271
147 2
85 61
90 5
228 299
71 173
231 143
163 261
230 17
236 10
0 141
30 257
65 21
287 279
101 232
38 281
132 156
83 246
33 276
4 291
5 274
134 258
261 40
231 62
48 60
90 227
32 53
125 225
199 166
79 26
59 109
194 90
90 26
184 225
247 185
5 285
221 29
63 25
192 56
139 219
173 206
197 162
59 205
143 46
210 209
157 103
218 114
273 193
129 150
216 120
133 128
218 288
270 151
9 218
28 216
170 179
115 195
29 193
11 106
185 143
157 300
118 10
102 110
34 150
239 206
113 285
94 199
148 25
185 167
142 77
219 64
91 183
138 69
44 270
286 136
274 6
49 218
192 182
113 226
268 208
300 211
74 112
278 169
244 230
271 260
271 16
119 204
159 124
106 200
42 94
44 275
127 59
194 154
213 128
30 98
147 101
130 8
296 282
96 273
25 61
50 248
212 26
209 28
146 45
178 122
171 269
263 79
136 167
179 80
278 227
110 79
136 253
271 138
201 298
108 196
157 79
291 129
35 28
241 253
263 115
207 91
144 140
233 133
184 68
209 11
42 173
55 263
178 266
237 283
106 119
149 285
91 256
188 59
254 280
238 90
232 6
17 305
132 103
94 24
218 31
133 116
296 293
259 304
302 94
187 156
37 154
101 169
178 174
36 59
159 64
107 238
287 249
218 217
277 121
189 177
84 210
149 121
237 35
215 17
281 58
130 269
29 163
96 195
78 42
124 78
139 254
127 158
194 247
219 140
131 160
211 54
10 133
57 248
237 297
223 282
277 279
134 14
61 231
31 182
224 45
224 41
8 179
9 10
17 126
302 290
11 274
162 291
133 265
148 29
292 75
226 223
182 35
109 102
163 295
10 166
116 207
212 208
114 72
30 63
197 306
256 199
276 304
248 28
122 18
47 34
274 284
250 26
239 6
101 77
75 232
23 277
137 238
134 89
306 119
129 157
81 13
162 100
282 257
11 8
31 260
199 262
66 301
299 108
111 99
74 192
59 45
54 222
234 260
22 219
103 306
119 161
19 247
164 180
109 164
67 97
11 151
15 145
151 218
98 178
10 139
117 96
234 82
180 104
224 60
306 121
172 59
110 130
241 115
271 232
212 151
136 22
181 208
36 209
139 211
141 39
251 294
151 52
253 152
301 31
299 223
66 1
95 94
106 19
174 136
261 102
69 184
177 235
80 42
239 240
219 105
134 303
158 255
236 72
180 231
116 15
38 295
243 183
145 58
209 186
253 3
103 91
295 166
8 56
85 134
226 221
41 288
243 2
55 294
53 146
172 211
147 266
205 151
21 32
300 260
220 39
91 9
280 174
143 204
231 91
275 116
210 40
286 64
204 125
62 287
152 119
225 180
258 70
123 103
93 50
286 139
60 221
136 6
282 97
99 277
115 26
235 101
60 99
97 7
287 182
200 45
220 203
165 154
35 98
17 157
8 144
15 299
283 33
272 188
64 62
200 182
180 91
70 191
132 298
182 122
110 306
200 73
279 84
76 160
106 36
233 49
283 285
100 196
287 1
232 283
56 52
284 63
65 291
199 100
280 44
124 67
243 106
113 266
139 299
139 172
286 26
127 295
202 92
107 81
90 234
73 225
80 86
205 105
267 32
50 186
172 64
258 194
18 182
114 222
245 173
278 15
283 143
125 277
209 291
112 98
240 202
252 117
76 114
44 44
130 35
237 181
66 170
71 38
181 112
150 219
137 50
64 267
301 24
12 283
65 125
49 170
134 182
125 5
93 105
163 167
304 250
217 174
16 53
294 111
210 305
13 184
276 185
93 34
224 137
58 104
13 69
239 255
269 75
210 161
60 152
156 143
167 299
64 145
274 38
118 229
297 94
41 239
281 188
247 76
247 101
160 78
267 1
235 44
21 236
11 43
69 240
265 87
185 262
46 47
1 34
5 200
49 233
217 14
301 199
116 114
271 87
67 30
107 134
115 184
158 5
58 204
23 105
246 79
229 89
134 112
155 238
105 89
260 210
126 173
261 265
136 227
266 132
28 129
16 15
10 82
261 127
276 166
83 27
292 222
44 263
8 126
92 53
257 29
39 2
159 173
78 153
78 145
72 156
95 98
18 41
69 193
88 252
213 97
79 260
250 238
207 225
3 187
82 47
267 268
220 108
110 278
268 302
1 124
97 40
274 216
115 58
82 146
38 205
28 29
96 259
298 259
53 284
154 32
305 40
186 226
44 159
63 234
101 4
147 189
251 72
51 242
181 263
148 240
225 66
236 249
128 215
270 272
53 305
208 133
179 102
117 7
73 186
259 196
29 170
21 196
168 257
265 119
84 11
129 56
97 207
41 198
27 285
238 288
24 255
276 221
65 225
256 276
214 22
153 107
178 146
301 105
102 127
21 155
167 185
270 142
143 119
275 151
120 232
29 282
150 241
248 166
124 273
146 207
81 272
109 241
250 76
283 298
185 223
110 287
151 278
80 156
279 50
150 144
38 124
258 94
159 300
292 126
240 171
103 231
244 44
175 113
297 14
280 139
278 54
116 200
48 197
8 69
205 72
30 9
163 33
81 155
215 170
259 125
35 249
159 233
303 86
108 36
128 121
267 246
58 91
304 257
247 259
171 72
287 17
186 109
134 126
101 242
221 199
14 97
16 186
272 97
65 9
259 40
276 241
213 242
181 203
248 285
217 124
27 175
168 265
68 46
118 59
297 239
35 38
305 32
262 140
63 295
268 85
1 246
230 153
262 5
23 35
117 105
220 284
195 151
231 220
108 63
44 246
279 241
24 90
161 135
100 107
304 14
162 56
266 186
236 155
229 213
135 216
149 192
60 11
115 252
69 41
306 230
161 171
133 83
48 30
294 95
247 217
61 214
133 286
47 89
140 206
273 170
304 130
7 262
70 292
221 125
204 145
12 259
81 17
230 122
166 183
173 133
251 261
42 276
97 109
63 35
280 306
282 184
237 92
260 25
252 40
58 295
223 212
243 302
219 189
21 153
180 284
167 192
248 204
87 90
226 197
113 196
35 297
54 250
253 103
99 272
219 290
97 192
116 263
241 154
92 46
169 52
187 207
124 117
258 129
195 15
53 240
296 46
284 215
214 296
306 65
95 289
69 298
21 157
283 277
127 115
78 6
271 92
91 160
217 305
214 49
51 301
159 30
244 194
185 90
146 13
120 159
218 277
165 91
174 236
263 98
182 9
52 188
187 296
94 113
131 149
97 61
108 44
127 277
131 8
229 146
91 262
184 170
281 159
120 66
165 235
12 262
169 46
203 299
204 118
197 228
115 271
268 261
101 62
257 287
88 122
1 153
267 126
257 48
266 168
145 240
36 199
256 242
220 146
67 205
214 226
167 38
167 4
246 104
214 158
165 21
200 36
261 193
21 186
98 159
138 63
281 134
97 173
279 236
111 163
144 25
0 180
175 162
113 237
162 128
296 114
5 30
143 254
271 79
287 271
145 99
268 163
110 105
296 306
57 74
257 250
239 278
62 202
154 305
238 266
79 263
27 105
31 156
165 120
228 190
33 32
230 21
242 92
67 306
84 20
194 264
101 132
129 253
208 84
246 127
230 41
155 167
90 194
232 293
175 115
73 148
193 119
229 72
293 282
200 70
205 242
164 40
187 275
29 292
80 22
149 304
60 210
73 223
31 269
4 12
95 119
295 244
229 3
283 129
103 288
75 203
151 126
21 63
74 150
139 303
245 112
122 88
5 58
250 57
113 242
197 40
46 131
259 220
86 26
243 179
265 289
270 64
205 255
185 13
167 263
109 49
1 224
281 120
233 156
238 276
260 160
145 136
263 110
145 255
59 163
95 84
265 72
101 102
298 104
285 267
145 42
51 234
82 82
142 137
226 101
52 117
0 211
157 141
133 106
50 273
62 192
290 274
174 274
144 275
50 75
167 212
130 142
45 166
122 234
176 252
30 174
217 223
290 257
64 116
244 274
58 243
75 94
252 191
110 86
114 62
180 62
283 292
133 72
47 11
31 19
142 12
237 5
211 83
241 165
230 263
283 51
50 261
262 17
176 224
185 93
201 219
212 31
119 19
227 274
281 248
6 73
67 17
288 158
234 287
227 49
260 260
188 117
236 174
129 199
201 236
101 37
196 293
102 80
179 108
38 146
229 251
183 1
233 64
55 138
286 230
156 104
131 174
86 245
235 5
114 213
58 297
292 233
37 31
173 100
66 286
176 192
292 108
191 234
269 120
282 86
69 276
294 11
82 23
44 217
158 204
57 156
196 176
112 130
21 263
242 131
161 83
79 227
233 264
73 49
151 223
71 164
135 78
208 15
191 187
176 53
110 185
134 9
3 0
185 175
193 140
176 181
262 86
110 55
302 49
193 69
239 198
62 181
11 192
120 257
225 288
213 281
72 124
119 214
51 295
49 65
111 228
34 11
118 1
263 138
15 127
93 159
203 222
110 113
136 220
101 238
233 129
45 69
226 70
211 236
49 276
83 235
198 67
7 299
50 50
122 176
17 90
94 239
95 58
22 74
291 155
280 22
213 273
219 61
45 49
124 201
277 283
302 235
260 229
150 178
196 215
23 99
22 0
223 250
85 293
203 75
289 105
124 140
66 69
291 177
200 132
97 169
301 152
69 95
255 266
181 235
301 78
215 45
156 110
286 85
35 277
189 30
1 186
16 113
185 280
21 222
3 195
166 294
142 246
15 199
234 55
147 63
73 58
191 103
304 142
33 40
129 101
267 89
84 67
22 19
295 20
273 298
172 43
80 186
294 195
228 149
123 71
236 293
114 278
186 117
56 235
140 117
23 227
162 251
298 141
65 237
292 116
110 152
84 125
281 49
160 94
12 210
28 187
95 69
279 26
197 217
122 133
304 206
269 198
183 30
88 142
172 30
30 120
92 0
233 122
268 202
2 110
297 123
74 243
235 132
50 10
271 290
129 264
298 197
25 7
61 201
78 233
65 92
41 138
79 67
201 173
257 36
299 133
189 91
152 302
215 165
202 240
119 83
49 242
118 303
239 158
205 27
121 84
124 90
175 198
76 95
75 65
73 287
200 28
94 212
293 294
116 11
91 265
289 289
228 36
247 206
264 33
49 24
11 250
105 26
115 149
299 40
62 227
122 57
187 21
60 115
103 143
250 81
30 82
111 5
204 190
288 146
155 285
60 270
85 47
282 45
299 294
300 48
53 139
26 18
78 240
14 205
268 123
291 13
249 275
235 273
199 284
155 267
125 127
18 226
116 191
82 189
12 239
243 190
216 198
151 73
146 154
185 107
274 34
208 55
153 121
206 295
188 196
73 164
154 11
135 16
235 194
39 16
3 218
270 4
87 216
35 105
260 287
75 14
156 229
63 162
226 43
249 22
298 153
76 125
295 199
252 90
238 65
143 116
119 244
33 183
280 182
192 72
84 251
56 229
39 259
110 34
14 224
266 58
70 271
134 200
306 38
105 17
166 133
31 247
290 25
262 75
38 160
78 31
131 60
14 76
58 299
249 234
159 168
298 126
45 10
262 179
294 179
8 204
296 66
139 181
230 60
92 185
257 7
174 79
20 103
53 16
177 258
170 9
237 110
162 78
111 14
90 126
186 164
148 265
163 209
211 71
229 286
21 215
33 167
127 177
115 143
23 52
170 202
206 260
24 69
111 193
3 253
223 141
187 47
300 86
77 206
293 92
250 121
124 278
48 202
194 220
14 248
108 221
18 210
191 304
0 20
290 269
211 214
178 246
256 306
194 84
192 176
185 31
275 248
57 267
113 250
80 242
251 14
101 253
93 154
109 238
256 18
104 177
88 88
286 245
10 159
17 222
19 83
205 131
109 199
181 165
225 301
284 260
297 146
216 264
239 269
251 161
114 303
172 110
246 191
42 256
294 58
268 286
201 230
184 266
289 64
271 103
210 182
254 10
304 33
225 148
191 122
76 85
93 80
20 96
182 201
287 40
261 134
202 292
170 253
163 130
161 45
16 286
258 235
191 148
146 24
204 226
212 259
157 144
187 271
300 193
157 76
56 201
136 145
277 63
285 2
106 267
80 74
136 193
11 252
288 45
98 31
124 44
168 203
34 54
189 173
9 86
4 139
229 196
41 76
119 269
92 233
232 97
82 193
209 284
268 132
196 79
27 41
201 117
114 84
137 296
253 19
128 219
173 306
156 187
88 300
295 121
46 24
211 211
222 22
274 189
153 204
34 209
240 71
21 292
5 100
113 299
133 60
175 50
274 177
188 0
289 43
239 27
74 62
239 224
130 235
102 160
278 78
25 137
296 81
76 102
21 181
115 91
43 176
230 34
228 290
199 299
98 93
240 54
283 11
110 137
22 97
152 90
22 23
295 260
110 270
21 258
197 27
198 37
142 96
292 54
252 223
48 187
45 33
56 35
41 66
19 52
193 259
275 136
146 28
133 67
132 109
194 226
198 79
251 44
178 183
180 154
30 108
236 302
71 231
39 290
236 70
137 58
219 156
131 231
287 155
179 207
88 152
201 270
277 237
239 265
42 204
135 275
245 226
249 170
210 227
24 292
223 85
43 42
236 141
200 19
138 245
90 19
45 31
229 288
147 119
48 261
77 229
211 93
141 98
304 265
260 171
239 136
6 2
217 221
185 233
81 120
78 149
211 10
302 99
263 250
63 5
54 38
209 67
222 254
246 93
164 109
306 124
154 253
226 143
291 87
117 173
291 286
244 120
108 223
172 10
192 161
158 219
280 223
74 27
233 42
282 36
217 90
92 148
169 223
171 171
154 200
78 24
160 17
122 121
31 88
290 34
12 225
168 32
263 143
131 137
206 289
186 38
57 97
174 67
252 17
176 74
225 228
22 273
33 185
136 38
261 199
88 98
172 195
149 169
106 273
39 10
151 290
107 172
112 254
75 78
142 219
6 78
303 231
295 221
251 181
180 14
192 133
36 212
118 117
127 225
149 56
166 85
197 93
59 239
236 128
107 46
121 130
7 272
23 141
6 104
29 67
149 133
251 153
227 265
5 49
103 279
239 19
202 42
65 110
77 279
170 21
216 71
186 171
139 84
236 243
86 44
34 301
153 213
97 148
54 209
208 129
156 170
117 260
119 109
8 20
259 7
124 189
231 277
267 53
145 167
104 169
110 227
176 147
243 214
259 296
23 258
108 149
24 189
223 198
293 70
139 32
29 271
42 246
211 74
294 203
117 236
219 183
304 181
228 85
296 248
128 154
291 35
281 303
138 109
73 3
277 189
163 144
75 104
21 253
181 274
288 143
187 217
285 149
73 120
153 47
140 248
147 181
265 97
78 70
261 177
266 26
199 137
125 0
34 101
143 0
152 75
281 78
177 199
61 233
146 163
77 253
288 209
51 111
255 231
145 249
103 132
298 235
306 82
14 306
180 82
112 140
271 32
119 44
269 38
119 27
180 224
180 237
109 39
179 298
174 48
235 109
301 247
237 278
276 258
122 5
286 212
221 1
196 36
280 56
82 197
122 91
102 180
250 298
58 5
63 79
40 94
25 298
29 36
246 292
70 83
251 67
92 83
143 29
72 22
242 76
31 76
284 69
103 96
288 188
156 296
0 60
72 20
179 252
16 302
234 10
190 281
210 59
143 156
67 297
127 6
140 7
268 215
189 216
33 297
69 195
256 271
170 242
2 151
145 298
297 209
223 35
154 93
305 274
214 88
16 193
110 167
220 209
154 143
225 152
300 76
232 235
81 278
304 2
166 273
274 26
148 142
171 143
179 34
171 37
158 67
289 220
156 210
57 245
95 213
34 196
189 26
169 55
47 253
289 115
19 204
5 129
144 5
18 195
223 5
67 246
124 264
264 216
254 275
171 213
186 258
91 29
282 66
202 61
55 254
205 122
246 98
240 236
42 89
236 34
191 159
116 228
54 47
15 254
146 288
27 222
71 202
148 78
173 83
93 230
182 183
153 165
138 177
28 254
129 238
225 50
91 41
91 22
175 246
294 27
202 64
69 65
306 115
43 230
111 232
141 15
233 181
301 300
86 38
12 136
225 14
76 275
77 0
281 289
99 26
256 73
85 140
279 115
241 86
211 247
251 98
82 5
167 259
257 138
0 150
173 115
41 58
227 18
260 35
209 255
270 129
106 101
82 251
246 21
12 195
227 135
226 174
212 14
104 228
14 37
113 143
112 160
59 182
280 189
51 115
85 29
105 7
175 176
59 185
306 26
1 47
201 1
155 198
52 282
241 305
157 288
46 256
295 142
261 46
301 225
176 56
285 171
225 120
53 229
104 236
17 32
36 17
171 246
1 286
119 277
188 20
21 274
175 141
189 88
275 289
270 169
19 233
98 166
152 221
180 169
65 86
169 83
66 128
62 148
155 257
266 164
28 108
281 199
96 103
36 194
92 39
221 278
264 82
297 60
79 179
31 112
87 277
24 181
36 250
275 198
99 84
257 232
220 19
292 263
83 9
218 228
297 216
288 132
38 225
6 191
195 13
262 21
152 234
177 290
49 32
260 269
131 47
306 201
185 194
57 281
218 56
116 273
112 212
306 289
13 158
40 281
225 114
13 284
181 96
201 34
263 205
109 15
190 60
246 187
104 300
180 256
145 233
192 169
136 188
191 245
60 190
45 128
18 255
40 181
233 169
233 31
287 137
215 134
185 36
80 234
235 123
304 52
277 191
1 122
233 203
17 117
253 149
107 217
298 163
182 157
175 45
216 290
124 58
169 207
188 280
217 208
21 220
157 200
305 272
284 100
57 103
4 43
84 188
143 289
71 29
96 161
153 267
265 135
163 62
224 195
14 62
93 300
225 186
71 127
186 211
38 27
18 206
81 159
303 276
43 184
223 69
216 180
224 107
127 148
251 287
105 128
78 87
125 19
161 219
104 140
28 269
304 121
231 104
214 263
155 17
88 102
263 301
182 6
178 143
143 145
302 113
291 297
40 204
124 219
266 189
304 294
258 3
82 254
306 219
239 169
104 114
137 235
67 48
303 28
198 11
78 58
207 72
198 191
239 152
180 125
198 96
59 171
13 84
273 243
241 50
290 113
303 271
165 205
232 240
63 273
47 152
207 264
93 292
81 106
128 223
125 178
74 169
244 282
54 273
68 214
19 132
119 223
278 69
218 77
238 177
96 242
275 155
165 37
294 158
280 275
235 239
277 292
74 179
152 230
277 71
194 235
76 292
245 169
115 226
266 156
126 162
242 64
161 247
179 227
87 205
30 70
254 302
60 71
38 229
96 35
88 227
37 129
181 289
262 195
161 272
158 54
15 152
41 110
284 221
165 288
216 155
129 245
34 121
69 266
113 128
0 303
40 155
164 237
48 21
166 176
112 209
301 89
50 106
276 4
284 191
39 230
22 279
174 71
270 217
170 13
248 226
197 133
88 186
69 306
140 133
240 220
166 215
164 294
134 298
260 57
35 293
81 1
35 44
278 95
111 170
111 2
183 162
23 170
287 147
215 239
135 117
84 141
53 110
129 197
240 272
150 262
218 40
205 195
250 111
177 153
246 250
231 195
19 137
117 48
149 247
197 46
270 146
16 73
202 59
260 154
135 290
271 277
33 35
143 226
81 150
21 129
206 282
191 180
34 19
269 68
54 198
288 216
115 108
187 190
82 260
159 128
39 162
32 118
44 138
68 243
49 26
197 7
188 179
193 31
210 198
28 173
13 23
73 173
161 18
249 306
208 267
133 279
220 24
245 206
190 133
226 85
287 151
208 177
276 181
25 5
65 0
42 249
184 179
177 5
253 51
216 249
69 34
207 276
195 66
180 115
49 122
298 64
264 38
93 32
216 1
169 121
148 33
271 256
303 202
248 292
30 105
211 291
260 89
247 10
90 161
291 273
234 140
176 109
74 23
244 199
227 81
147 94
135 151
192 223
148 300
177 197
217 16
35 241
272 158
0 292
139 191
190 194
25 207
305 166
224 128
285 265
251 184
113 0
266 78
87 273
10 162
121 42
248 239
221 267
301 286
279 32
232 266
216 149
96 220
216 43
306 58
287 103
116 132
186 75
244 115
194 96
55 237
236 185
111 179
185 296
218 93
67 248
205 142
42 195
72 10
98 104
305 164
86 231
192 279
133 218
132 284
306 19
68 149
35 125
223 190
150 27
185 137
268 45
292 212
235 97
6 146
18 289
36 165
56 89
190 147
257 100
301 186
269 106
192 286
254 6
211 88
85 13
25 101
122 37
91 131
69 281
247 86
162 87
136 31
36 100
227 238
21 56
242 271
39 54
5 95
206 62
257 79
247 296
83 79
157 267
53 172
281 92
133 57
213 5
18 228
98 246
123 130
275 196
288 198
67 118
270 163
64 220
52 225
273 122
301 191
146 278
123 21
173 62
50 246
226 257
64 132
51 126
39 273
60 56
181 191
290 179
109 214
130 95
30 299
55 23
306 23
53 121
104 123
266 55
106 211
93 101
220 172
124 191
291 118
37 173
244 286
152 172
143 49
200 170
277 144
97 287
77 193
112 207
127 79
285 128
27 39
82 244
6 144
82 224
235 159
166 221
149 95
304 45
184 200
230 167
72 210
47 84
295 246
246 64
236 146
272 94
180 173
193 263
51 64
247 245
141 279
198 287
88 211
276 74
137 89
299 252
306 234
68 233
259 252
249 271
244 65
57 55
91 238
127 132
288 69
88 279
234 69
185 103
295 238
8 150
46 283
195 19
186 236
19 0
269 280
196 147
198 198
181 18
179 0
211 19
244 221
183 239
194 239
258 238
141 252
14 174
170 287
295 72
153 99
150 162
211 3
166 10
176 284
176 92
234 299
96 130
28 146
291 8
274 226
182 64
302 168
291 250
298 179
258 224
153 85
260 292
0 266
50 145
109 82
57 37
239 99
98 16
145 76
274 239
112 134
19 39
150 102
119 279
1 281
196 273
139 263
54 276
231 211
123 28
228 130
270 20
40 237
139 60
212 115
15 259
226 61
116 40
245 52
229 68
166 80
209 98
178 116
274 86
141 30
74 252
188 50
300 291
10 60
116 86
245 26
36 196
283 166
80 216
149 71
139 38
259 117
284 234
73 298
45 170
252 243
232 1
260 15
37 122
188 246
139 26
295 134
243 16
81 286
238 196
164 211
35 190
216 185
273 112
4 98
154 98
171 78
79 166
152 193
245 283
132 3
16 281
206 136
219 48
123 39
16 25
247 96
283 19
137 10
67 198
99 73
36 222
142 175
107 183
237 81
195 116
69 288
298 183
268 112
258 167
93 197
246 84
285 187
82 298
35 34
284 31
177 66
74 237
255 32
141 154
66 61
236 285
232 290
212 187
74 175
78 105
228 281
8 51
161 110
70 198
59 217
244 47
176 215
121 163
210 95
93 60
57 291
88 235
27 282
44 162
208 139
83 200
227 133
182 281
242 296
48 296
64 263
163 223
103 262
144 31
185 239
239 252
236 165
0 68
169 254
179 55
179 304
40 126
306 297
223 229
297 202
241 34
196 241
174 86
285 23
82 38
222 288
104 245
193 213
271 244
25 16
1 244
91 196
201 54
121 302
72 178
210 202
179 164
264 25
289 162
255 49
262 2
157 303
176 96
164 74
231 171
172 16
282 38
208 89
299 158
112 124
90 80
221 176
209 63
159 13
73 33
34 256
184 246
291 294
54 169
216 113
260 290
185 97
237 61
281 88
146 284
23 284
15 39
68 210
46 197
60 16
157 241
104 43
209 302
61 108
89 169
64 67
6 111
189 183
196 244
251 209
241 0
257 22
150 225
81 79
104 19
39 194
213 182
60 279
104 3
203 153
148 18
52 205
4 117
14 265
101 200
154 228
123 228
162 90
113 120
109 266
99 113
159 0
158 265
46 82
300 138
47 5
104 256
74 10
205 11
152 246
134 2
171 198
60 76
144 170
206 291
149 273
17 155
296 24
105 54
48 105
301 173
63 101
237 240
259 33
104 302
184 261
80 35
199 140
9 117
226 46
33 224
128 140
143 6
55 180
225 247
114 169
31 216
216 259
164 174
34 114
23 186
120 137
224 166
74 215
90 247
89 288
295 105
247 107
162 116
157 176
39 50
179 152
266 195
46 147
226 111
51 192
22 245
89 145
54 259
202 180
85 213
216 48
126 227
91 289
281 6
137 200
285 47
177 43
118 115
49 40
253 66
290 280
150 41
195 281
125 17
92 150
107 56
71 267
54 196
113 79
2 70
140 105
87 150
91 140
267 276
194 185
22 142
147 260
174 223
73 118
145 19
246 158
184 140
213 284
94 73
121 143
135 137
36 178
305 243
2 273
106 153
193 269
160 42
108 207
278 125
112 28
275 263
213 83
271 38
135 235
246 257
258 76
199 161
203 40
284 178
86 130
130 44
253 245
11 215
68 262
188 34
119 119
109 285
289 92
266 226
112 182
80 63
228 166
81 139
230 209
184 300
281 62
125 157
210 189
50 137
252 299
55 77
72 143
23 109
245 247
15 13
27 113
252 265
241 57
98 39
141 110
119 210
289 223
257 171
216 230
50 173
249 4
281 75
122 139
229 293
226 269
83 22
140 69
272 247
62 129
168 172
160 132
126 90
107 294
55 3
280 66
85 306
224 68
99 48
207 161
236 169
163 104
191 230
35 78
82 203
130 290
112 30
276 208
161 62
28 233
168 50
305 13
294 44
235 212
190 167
106 163
284 27
16 202
207 107
278 110
14 47
258 97
82 239
63 15
148 200
194 278
101 265
213 123
98 147
274 74
129 190
155 57
203 306
12 35
208 245
25 265
83 257
268 115
289 257
194 268
155 70
96 11
87 37
186 154
157 55
141 59
230 228
133 169
71 169
261 61
40 305
215 151
289 81
255 227
259 246
19 295
131 242
204 199
180 241
39 186
291 245
21 281
39 71
164 243
83 172
58 252
28 150
288 165
275 14
291 299
281 254
89 223
101 122
234 198
31 139
197 250
8 122
45 212
293 253
288 99
159 278
46 233
89 206
271 212
249 161
276 214
38 170
301 55
173 73
127 142
43 63
83 88
65 94
138 281
187 252
140 111
275 254
24 86
93 77
18 25
281 225
11 257
12 199
88 23
156 270
127 0
122 49
262 270
203 245
96 153
80 30
47 136
145 185
199 225
137 206
70 260
243 13
173 186
5 120
283 105
237 263
249 215
123 224
1 78
177 20
217 21
35 206
71 227
3 304
177 114
221 73
59 141
45 303
76 176
201 163
204 270
124 247
92 106
224 132
95 110
129 19
27 122
58 80
288 27
213 81
236 198
10 236
53 8
188 300
30 280
217 11
233 110
5 301
27 206
105 159
279 214
134 95
46 275
134 192
71 187
207 66
90 241
205 246
36 226
116 164
211 185
55 246
115 283
9 153
287 227
24 234
295 302
72 249
222 106
106 63
13 171
59 139
233 113
301 203
228 233
25 84
288 47
140 226
245 242
155 76
124 2
186 283
58 19
75 206
10 234
172 221
127 22
260 257
20 5
83 167
222 118
167 74
124 195
211 172
86 19
149 82
38 151
289 102
107 192
293 193
169 62
6 42
297 55
142 123
197 187
1 13
197 256
79 206
230 13
137 278
11 124
75 134
19 10
260 183
305 154
166 111
136 68
135 286
118 66
200 213
102 260
156 181
294 76
197 57
25 57
157 38
148 213
301 244
85 96
117 245
161 8
10 91
139 283
14 141
55 33
25 199
5 271
255 163
100 13
133 16
158 216
36 64
254 150
134 248
143 39
291 29
252 173
272 68
167 169
274 42
202 108
251 8
8 220
290 127
46 188
8 194
106 250
70 258
77 76
176 167
64 247
212 59
85 150
196 300
134 213
48 55
239 184
48 298
248 231
218 137
7 140
147 175
268 172
34 264
263 67
215 136
52 191
15 293
87 81
108 231
236 217
126 269
266 141
150 68
185 207
68 108
7 202
206 183
298 305
12 148
97 134
48 167
271 186
223 1
139 141
119 52
287 190
276 161
204 266
121 226
224 73
78 187
100 204
197 137
118 183
282 204
236 257
117 189
112 293
88 31
129 21
213 268
114 175
31 51
9 243
87 113
279 188
246 129
88 242
171 191
3 16
212 104
107 93
97 77
247 199
110 146
78 113
224 118
97 263
162 141
127 136
299 28
231 303
303 238
135 55
192 236
93 12
201 84
175 244
190 82
97 229
144 66
272 271
246 72
4 219
82 156
24 162
1 203
188 122
255 171
275 17
295 174
268 14
68 24
99 149
297 175
64 198
113 151
88 298
198 195
285 57
34 26
182 68
124 166
102 258
216 282
242 204
225 189
196 29
20 27
24 240
272 225
55 244
97 136
56 114
297 72
154 104
41 7
207 210
133 254
116 290
213 270
209 260
79 92
123 157
3 152
98 306
34 271
203 134
188 24
243 242
209 236
186 197
248 67
221 163
28 124
32 142
135 155
260 68
165 194
192 126
76 247
127 18
137 225
267 9
109 173
77 17
282 244
45 145
290 266
280 141
213 253
82 222
84 176
57 130
277 18
64 149
260 285
70 64
156 20
104 28
179 59
106 33
144 9
162 238
106 143
71 54
166 232
25 164
70 256
252 199
100 156
167 285
66 270
221 62
240 132
126 51
284 208
78 197
182 181
13 71
264 268
84 289
46 107
247 287
214 248
253 269
24 116
257 213
52 68
298 96
303 281
253 206
11 28
156 28
276 280
271 124
73 190
296 132
210 168
89 21
205 168
242 102
98 221
295 289
181 213
86 94
119 149
256 45
263 220
1 144
292 97
0 236
193 257
193 274
100 9
50 47
270 7
96 280
282 195
265 181
215 35
54 290
131 180
229 172
116 50
113 274
242 278
275 31
63 168
290 305
158 284
86 117
127 102
97 272
67 28
129 285
109 202
137 131
23 158
272 283
188 288
237 292
62 293
233 278
288 63
62 159
245 215
145 264
88 68
161 279
124 133
296 164
218 8
247 37
6 159
67 174
272 24
47 240
124 93
52 2
297 262
103 201
218 240
173 249
91 58
145 52
178 148
42 181
145 69
4 297
104 203
27 246
230 257
220 227
304 43
34 239
50 117
108 27
291 184
150 100
17 258
207 148
133 210
264 90
70 186
196 127
126 211
158 277
172 293
227 74
265 207
142 222
223 158
113 13
66 40
304 57
280 169
15 136
244 32
186 6
268 294
288 67
261 71
136 178
206 125
140 43
178 194
206 36
4 265
141 167
125 115
175 273
213 46
128 235
87 125
79 127
190 120
169 291
175 129
106 187
257 82
165 163
173 6
169 91
159 142
109 161
262 55
15 261
215 20
198 59
270 297
214 63
209 294
222 36
258 153
236 227
159 86
22 231
88 270
198 19
240 69
168 281
226 28
6 163
119 247
204 215
7 4
149 145
150 295
302 37
43 17
223 134
29 20
56 256
223 9
100 174
27 140
25 112
270 96
61 303
237 12
65 218
115 3
241 283
143 282
99 64
143 161
190 283
199 200
45 20
218 193
193 159
181 57
182 87
31 1
256 208
193 289
269 29
11 122
240 77
264 103
108 254
93 221
184 202
105 195
203 166
119 285
289 283
60 39
201 149
130 75
225 233
154 207
116 300
215 102
229 246
169 89
261 62
142 215
50 240
250 304
165 210
38 255
149 52
179 210
35 71
210 253
11 142
267 157
174 268
73 41
222 173
271 128
55 134
95 268
121 52
128 270
54 295
280 281
89 120
152 69
27 6
135 271
14 57
212 277
128 37
108 112
16 189
18 67
90 188
141 70
206 89
102 218
115 116
276 296
105 105
30 239
68 54
106 290
191 110
164 24
212 205
292 215
223 172
267 119
189 227
256 221
299 10
40 29
1 112
301 177
207 132
37 67
170 106
210 132
189 99
233 248
254 14
52 13
220 243
227 109
236 219
4 56
50 167
16 219
291 6
137 191
197 1
243 11
88 10
292 132
55 154
47 265
253 271
210 216
246 38
35 1
174 207
153 157
295 38
150 239
4 125
89 292
30 3
277 243
257 136
82 59
91 17
91 4
57 283
273 2
240 111
97 300
156 122
291 59
129 146
12 97
230 138
145 219
240 37
112 168
14 189
180 31
18 193
31 127
281 123
300 109
6 251
199 4
254 110
85 253
46 225
134 195
292 186
276 106
204 114
56 92
270 83
221 25
266 273
100 268
98 138
108 156
8 285
116 238
267 6
294 225
83 45
161 3
301 117
2 25
99 214
71 225
304 138
52 72
156 236
173 165
42 39
217 102
274 300
96 96
243 275
45 279
252 189
130 84
212 166
59 29
245 177
126 31
283 116
127 166
179 188
228 202
192 62
72 69
217 266
282 76
60 265
126 25
14 167
279 91
182 70
11 185
38 265
90 180
58 190
5 257
240 192
161 71
41 234
172 153
142 274
221 295
242 143
296 91
276 202
75 286
35 109
59 41
79 18
303 100
133 273
275 140
66 282
228 182
115 219
67 103
65 216
34 104
287 22
254 83
38 115
84 229
59 289
132 81
110 175
217 81
89 73
2 2
147 216
198 150
26 35
97 255
90 191
71 245
14 214
240 21
303 300
101 286
7 243
80 46
283 82
196 178
12 159
113 55
289 72
79 135
214 28
214 147
95 292
10 182
90 137
214 302
157 243
49 287
128 106
270 274
222 51
58 192
182 303
292 173
119 72
52 151
230 269
276 103
61 172
80 61
271 206
94 54
273 231
178 273
26 97
168 70
210 278
77 143
258 10
136 100
225 93
253 57
164 3
294 208
288 172
225 212
32 70
202 79
205 7
278 229
277 89
261 118
56 126
225 281
31 94
132 29
33 176
218 95
131 164
68 145
104 81
303 221
1 146
43 7
155 281
43 21
155 24
126 110
300 235
96 65
2 107
46 40
174 52
10 144
102 269
274 132
140 13
201 201
213 211
39 67
203 81
241 233
90 214
45 72
27 31
63 261
256 255
173 286
31 161
105 293
208 35
122 287
146 149
98 52
3 29
165 290
182 32
205 172
155 84
271 239
151 185
69 160
48 229
15 236
83 129
152 259
114 294
44 181
206 266
19 161
182 149
281 147
29 260
142 81
46 175
190 16
172 23
262 234
166 87
163 44
187 70
73 66
0 238
12 93
211 232
294 79
115 241
163 219
11 208
183 218
121 54
277 300
135 230
226 243
174 304
259 180
143 173
260 216
6 260
94 181
187 229
170 279
77 43
60 51
133 50
57 148
212 306
19 65
135 162
167 143
218 88
177 264
229 217
306 44
306 192
209 24
155 225
80 218
215 111
233 137
41 251
299 62
132 24
54 43
56 223
128 180
0 276
104 217
186 184
156 151
164 264
261 141
241 169
158 214
73 196
190 1
256 123
137 262
6 230
178 139
305 208
305 86
96 166
78 139
201 24
218 265
152 6
42 107
150 114
268 248
267 149
44 1
269 83
5 169
131 294
154 261
226 254
286 218
214 24
149 139
240 247
214 75
217 242
245 196
179 269
60 236
296 236
208 42
263 289
51 100
22 295
64 287
184 47
2 139
227 141
173 231
55 143
32 78
226 202
18 19
265 59
263 126
82 33
9 107
183 304
259 113
34 17
49 112
232 55
293 110
190 141
243 291
67 112
66 167
276 235
131 225
2 211
217 235
154 193
208 79
66 7
219 35
161 269
63 76
76 57
63 69
221 235
74 266
209 115
65 258
226 30
226 137
31 278
140 93
129 70
173 175
194 191
90 163
282 295
55 71
84 224
250 268
68 289
259 107
237 254
283 229
264 31
0 259
18 57
98 46
256 237
101 84
204 303
226 182
38 40
136 263
163 136
86 303
241 45
119 170
23 290
109 74
59 3
96 218
198 108
255 94
191 18
113 114
220 112
227 6
118 255
39 232
170 204
303 217
52 32
167 230
252 99
58 176
151 165
172 126
202 19
239 233
152 265
6 29
75 51
299 22
194 256
118 77
294 29
228 230
36 216
155 232
99 3
199 156
4 83
25 125
269 237
131 36
25 74
69 139
141 197
157 164
19 266
112 147
51 214
55 280
221 13
290 200
264 265
171 146
111 91
83 294
189 258
102 305
303 47
69 48
172 263
188 148
254 36
21 199
122 216
271 90
160 225
117 297
0 29
78 12
219 257
140 216
122 280
300 273
74 153
38 267
91 50
175 291
282 60
129 208
54 303
267 40
81 133
165 242
9 18
13 39
97 57
45 113
219 74
241 123
30 197
137 248
235 167
204 23
13 51
191 288
184 76
60 259
79 279
130 68
3 7
92 63
222 71
110 90
214 272
210 153
196 235
296 160
239 306
148 85
200 215
86 251
158 114
119 123
186 298
50 159
87 162
117 177
75 35
19 95
177 72
9 14
38 257
121 206
32 202
185 133
115 29
43 78
70 214
138 292
96 303
262 15
175 101
139 197
303 68
119 219
170 218
202 12
269 125
117 216
67 157
1 174
10 101
46 156
126 9
120 186
58 167
11 10
206 252
45 259
95 225
22 60
71 154
210 111
154 135
220 231
291 124
214 56
149 269
296 178
61 167
207 229
153 242
84 6
92 178
214 219
120 22
145 214
242 83
142 267
192 1
190 44
287 51
295 219
182 119
153 278
64 195
164 301
195 63
259 42
90 104
204 53
144 114
232 145
47 49
81 54
39 240
196 287
206 100
255 67
26 95
94 247
110 254
64 51
202 50
119 283
28 183
253 119
277 45
168 40
53 127
37 303
26 213
90 118
270 81
51 236
197 167
41 73
191 13
61 138
209 248
177 286
195 77
249 188
220 33
107 118
191 51
286 79
196 43
42 156
36 25
278 36
193 164
174 253
205 186
241 259
254 98
105 21
267 256
242 208
35 204
26 90
304 132
7 276
66 273
235 22
218 210
11 202
210 150
232 175
217 29
57 304
112 72
166 187
147 153
88 306
185 292
62 65
179 282
82 289
31 130
231 296
179 42
50 292
24 217
296 149
85 222
284 296
137 306
34 81
298 27
273 55
151 149
51 162
48 131
261 201
78 222
28 11
139 261
186 290
62 44
245 232
227 99
152 182
115 65
134 175
244 21
201 30
31 184
98 87
99 90
298 83
240 118
99 280
275 66
111 11
65 37
260 144
250 263
170 211
291 163
229 54
8 101
156 132
270 191
94 184
126 285
153 13
34 67
120 40
218 69
106 302
250 223
117 222
246 2
251 105
242 239
38 141
39 104
19 172
246 279
9 245
152 59
222 266
37 137
7 304
175 203
112 220
88 247
152 111
86 261
151 132
120 77
65 57
165 278
37 214
248 178
221 115
2 157
289 32
129 228
171 52
149 106
196 276
149 249
157 231
229 77
285 305
103 193
267 194
44 236
125 33
287 168
31 212
26 10
258 111
63 289
218 100
97 81
88 2
273 199
292 85
151 130
190 198
115 33
174 211
49 253
293 265
295 182
121 190
188 201
277 1
106 297
41 214
225 74
1 83
272 211
68 52
91 102
237 193
266 293
92 136
13 21
184 122
155 300
251 218
34 286
23 153
3 261
260 249
279 184
17 49
45 241
150 216
1 104
211 266
11 270
202 170
144 304
126 35
152 271
223 88
165 7
236 191
223 300
67 184
190 162
296 8
238 210
74 85
109 107
197 86
266 115
113 77
225 90
233 276
85 272
16 239
205 112
88 39
179 217
41 102
17 197
166 124
167 29
75 180
211 299
287 123
0 132
271 1
163 97
59 198
294 55
285 160
183 113
120 62
252 235
178 16
76 210
62 59
272 237
156 90
129 73
238 119
7 134
113 48
291 103
246 109
147 210
156 11
78 295
133 206
180 84
166 203
245 201
66 140
133 252
54 257
133 146
31 147
1 301
52 148
48 77
167 150
135 83
116 279
198 2
105 99
268 95
162 58
51 271
190 151
219 220
92 119
156 149
257 280
28 277
55 31
4 41
261 12
286 134
46 290
140 294
85 77
15 95
82 74
14 79
188 137
63 21
102 59
43 76
193 76
299 254
126 300
204 203
287 186
277 129
214 196
232 164
122 105
32 249
80 3
180 278
58 83
283 267
161 37
279 147
54 190
219 5
212 43
238 200
207 199
26 1
201 209
280 164
145 260
25 55
285 155
151 18
159 286
28 158
220 280
148 27
251 94
181 48
176 201
257 295
58 118
16 178
46 119
121 107
294 62
264 159
71 280
12 228
69 220
84 194
185 181
136 160
134 25
74 45
258 230
113 19
82 280
264 200
1 189
175 95
164 256
44 299
91 123
107 4
80 114
99 261
207 145
265 52
200 205
19 276
271 74
110 121
191 297
57 124
266 297
121 177
89 58
44 37
170 234
4 135
97 197
196 262
246 67
254 88
155 38
172 18
111 300
236 14
294 6
81 95
240 163
108 126
111 196
18 146
235 283
172 167
23 126
49 139
41 47
67 89
250 206
21 164
170 113
293 50
199 126
109 234
182 78
253 25
22 47
92 259
20 135
136 133
248 56
186 265
168 305
148 238
300 19
17 62
65 250
241 25
241 276
285 183
10 195
45 168
146 82
38 69
74 198
0 251
205 47
2 268
79 200
255 117
306 224
118 136
12 55
193 208
241 100
202 45
201 176
279 17
305 175
145 195
68 68
2 133
178 135
298 221
227 127
132 249
127 97
1 184
259 265
198 175
264 189
266 270
272 150
249 279
120 9
255 61
270 266
19 149
27 242
292 24
184 73
14 74
280 113
160 191
95 40
104 134
274 205
172 228
128 188
83 217
43 295
137 86
5 182
63 74
163 9
68 231
292 279
242 133
141 255
63 280
204 96
53 26
213 125
229 94
250 42
105 306
50 197
231 59
161 244
304 188
177 81
37 82
252 143
114 122
196 202
75 304
279 268
156 8
279 289
75 228
38 197
27 80
190 301
79 282
173 50
4 39
66 162
56 25
176 238
51 140
81 249
105 156
42 61
264 75
98 14
238 101
129 118
10 255
56 258
243 122
130 78
2 283
99 292
167 250
104 70
285 235
49 266
9 4
223 302
138 169
199 219
84 99
221 90
266 197
126 218
41 130
168 2
171 186
124 142
303 64
130 27
304 195
181 41
33 127
76 5
223 148
220 8
181 219
46 286
108 40
244 218
182 152
107 123
296 30
127 69
208 240
39 18
243 304
41 86
33 246
198 76
288 243
264 177
112 215
88 47
29 179
215 93
13 299
123 275
175 217
172 87
220 46
192 107
10 290
284 238
102 15
86 298
258 300
211 23
272 300
176 0
30 137
31 237
114 261
139 115
297 182
140 240
129 91
263 149
258 183
252 0
304 162
171 122
55 83
35 116
252 80
298 35
269 260
162 199
121 238
276 69
32 219
6 198
94 22
117 148
257 179
281 150
293 240
234 217
78 8
283 126
100 130
250 139
251 108
99 142
176 16
25 286
216 52
53 157
132 282
220 229
156 114
224 239
287 196
208 58
35 4
50 200
83 108
159 159
126 231
25 273
161 211
130 13
30 234
54 28
279 154
121 201
58 61
176 120
178 276
66 268
109 70
35 147
244 256
286 288
231 190
285 250
122 232
94 217
204 16
137 284
95 266
151 180
131 171
200 63
195 284
162 134
89 267
126 201
211 242
157 258
111 188
78 247
159 155
296 290
258 104
212 147
32 257
31 274
215 96
56 266
218 187
252 127
269 245
212 250
141 65
53 20
192 130
78 53
79 257
159 262
257 272
303 160
179 294
133 74
47 280
90 154
129 175
289 5
184 215
49 14
147 48
205 59
40 293
128 300
109 60
202 195
283 217
282 7
101 249
184 41
158 138
214 42
163 68
70 85
171 0
7 16
278 223
241 181
128 171
142 180
117 122
11 51
228 154
299 147
221 110
150 152
282 13
34 136
121 45
115 161
154 210
229 83
100 41
104 230
253 257
200 147
95 176
123 271
21 241
67 256
148 35
198 128
119 153
170 118
229 91
38 261
13 257
227 211
7 24
137 165
132 108
39 48
31 6
137 268
165 260
11 64
80 122
29 55
104 268
16 256
302 82
222 195
217 143
24 79
174 190
280 266
294 3
297 301
148 109
86 160
52 81
186 186
57 101
290 18
78 299
189 255
97 233
92 6
119 100
96 37
252 229
67 251
174 25
227 241
232 150
143 248
115 199
235 119
107 137
198 49
265 278
89 221
246 207
17 217
45 222
96 117
168 216
256 204
214 105
116 52
284 122
228 169
253 162
110 257
201 81
201 65
52 7
6 266
84 283
45 124
234 1
200 275
192 203
123 183
265 106
289 10
108 52
174 259
183 25
88 57
225 105
247 52
5 127
9 34
53 97
275 273
203 110
159 206
107 65
306 221
298 200
259 206
187 85
261 246
269 108
278 114
287 299
275 60
202 186
194 231
59 43
210 48
182 294
295 250
40 213
221 302
192 42
239 231
59 226
154 185
1 166
5 152
224 259
214 163
188 108
42 136
150 197
297 42
182 223
195 211
193 180
197 285
9 41
222 274
87 110
251 39
127 29
44 174
234 301
7 93
70 106
159 74
75 37
13 1
70 219
270 24
40 299
42 188
211 155
161 296
85 156
195 188
134 44
23 58
274 246
252 42
231 108
183 206
54 104
193 143
183 20
40 45
188 57
62 122
224 78
198 88
168 237
293 170
8 230
125 136
31 302
154 176
163 165
55 41
159 178
93 14
229 226
273 0
238 162
183 298
109 221
128 272
47 171
79 177
37 282
11 254
199 119
1 10
17 1
145 253
85 86
238 20
222 180
130 81
280 98
161 181
304 126
98 19
63 17
80 118
239 304
230 155
53 264
170 170
181 143
61 82
50 210
298 285
205 217
32 155
199 249
51 252
16 5
141 208
219 250
163 0
281 197
257 14
264 49
149 254
287 76
29 31
76 244
139 232
31 178
43 225
18 142
83 70
205 3
197 115
142 186
304 94
250 265
73 280
122 300
41 9
72 270
99 164
101 145
237 244
158 58
64 213
101 58
204 33
276 21
50 91
286 292
166 50
26 44
77 137
148 5
155 59
32 266
137 171
174 171
18 80
298 98
144 188
130 106
277 91
126 250
97 247
167 145
158 25
289 260
54 177
268 10
218 205
230 272
246 144
167 96
17 173
12 182
278 156
10 77
248 241
148 88
248 263
0 120
65 202
135 91
32 230
236 57
26 167
72 301
186 58
6 227
23 241
45 186
189 264
54 13
145 193
233 208
264 193
190 21
189 65
70 57
44 132
276 266
38 270
226 293
162 282
190 62
185 270
167 297
2 95
127 283
71 77
31 91
19 37
135 165
215 216
130 123
87 53
236 27
244 147
126 248
217 296
261 104
145 55
110 98
14 295
184 27
61 97
67 302
203 242
265 236
117 68
238 31
66 191
30 28
47 205
262 131
42 244
271 154
265 36
202 119
75 297
177 178
225 160
202 10
104 94
38 144
196 91
183 250
180 70
57 233
104 49
173 128
116 125
163 197
187 160
267 295
154 16
166 268
8 252
175 108
151 286
272 202
81 116
153 238
77 168
6 153
253 249
148 12
108 30
281 40
207 271
178 181
39 188
176 271
137 54
24 244
231 35
296 224
30 135
305 108
101 274
221 104
167 1
182 288
293 21
14 4
153 152
136 108
87 171
8 113
24 174
29 225
23 216
95 261
129 168
20 88
115 205
222 130
117 56
269 51
184 164
196 233
34 96
254 204
297 190
52 166
174 22
266 145
236 252
189 171
173 272
219 292
293 86
159 120
42 270
2 42
293 40
61 248
278 24
154 29
13 27
154 275
242 110
131 276
290 195
140 200
165 156
248 92
110 94
180 93
199 144
195 167
171 141
66 278
122 240
139 34
98 131
121 203
25 236
168 156
127 205
141 195
92 169
29 205
297 58
181 188
187 87
195 158
88 63
50 279
264 153
33 51
185 115
162 195
52 94
246 136
183 104
25 149
124 284
284 133
153 170
105 182
23 132
34 199
63 85
128 144
55 56
55 152
215 203
20 211
122 30
194 45
124 73
243 41
167 8
110 248
9 110
173 294
8 63
177 7
166 118
179 38
17 234
223 99
112 41
50 176
285 226
212 120
95 108
24 143
23 33
304 285
262 31
50 180
31 57
166 76
145 226
146 130
53 288
155 283
63 156
194 272
209 127
167 48
266 19
55 94
181 55
24 184
266 229
269 73
272 208
90 67
61 62
170 249
289 100
245 154
24 92
140 180
47 9
179 36
71 16
205 83
254 63
21 304
40 113
286 113
85 158
160 198
299 207
82 85
45 97
139 257
284 59
9 200
248 142
247 25
216 187
124 100
148 10
91 34
143 192
116 82
106 261
96 191
266 173
69 21
70 67
198 178
39 247
212 170
107 155
57 272
77 227
60 113
26 210
217 252
120 241
240 24
68 75
98 123
3 145
182 296
138 157
250 34
125 298
251 253
61 156
64 229
204 88
231 179
3 99
103 138
230 79
272 258
212 143
47 143
161 81
293 290
190 290
72 159
62 67
66 136
51 184
65 47
135 86
199 267
104 66
303 21
214 107
229 56
67 85
158 95
176 84
40 123
59 94
11 180
45 59
244 87
238 274
49 156
283 78
37 277
252 125
248 60
235 137
246 266
242 175
89 229
155 273
191 277
247 90
109 297
135 265
78 190
65 53
196 141
104 222
119 265
76 171
207 32
283 23
56 14
161 165
86 229
100 112
305 160
83 57
217 238
153 118
208 1
190 48
9 26
96 205
291 27
127 254
215 8
144 229
224 292
154 116
42 32
251 159
204 221
255 141
122 195
266 248
212 139
229 159
113 135
190 154
20 59
13 86
100 240
183 228
105 39
266 282
29 76
232 101
124 297
39 110
242 29
52 87
45 77
235 26
26 249
168 227
156 157
132 211
277 12
7 249
146 98
54 213
144 93
43 280
265 244
138 111
266 205
188 260
186 249
260 301
176 156
90 301
18 281
160 183
91 153
222 138
74 40
178 29
91 209
222 216
50 61
296 195
19 170
21 15
215 160
185 80
222 145
157 195
24 230
54 62
286 4
133 222
102 301
105 112
284 249
110 58
142 237
87 156
62 190
213 286
128 184
143 230
176 278
21 68
260 241
86 147
289 239
278 107
304 23
102 26
165 191
248 83
301 5
189 4
60 261
27 144
77 148
49 203
84 51
29 45
148 197
259 51
31 21
30 90
57 10
259 137
253 108
276 34
36 89
304 79
153 274
233 107
15 233
60 143
152 4
38 127
53 200
214 250
68 115
17 253
103 51
7 116
56 287
168 22
285 283
105 252
108 76
286 205
13 237
114 21
221 43
111 110
37 74
78 249
131 73
42 52
282 172
253 55
19 110
111 252
38 250
214 293
76 187
15 243
162 126
34 84
3 58
30 201
11 205
169 230
34 236
202 281
220 191
233 228
287 276
23 41
31 134
249 54
94 171
225 263
195 250
9 161
295 70
4 88
83 136
266 252
113 200
26 223
124 24
237 213
185 256
200 304
28 9
250 101
203 286
241 119
213 190
261 113
157 116
5 143
99 203
27 235
244 7
140 233
277 31
56 183
216 280
194 215
75 53
8 133
125 147
193 251
18 140
235 235
285 153
20 189
247 0
270 101
272 292
50 205
286 8
302 240
88 254
156 255
115 211
287 286
209 22
209 9
74 140
49 71
268 22
225 122
153 0
286 37
55 206
89 197
94 124
153 197
80 298
190 107
86 144
17 108
97 85
72 75
2 288
81 228
286 95
194 303
77 120
276 294
155 124
292 146
183 111
76 161
224 17
214 1
58 22
133 98
263 157
300 125
264 27
98 251
273 250
168 181
27 117
247 215
29 213
29 43
93 182
47 190
136 40
138 144
144 79
188 39
219 81
157 106
74 263
82 184
37 106
6 183
229 151
181 20
141 304
3 247
267 254
215 201
280 109
214 169
32 150
292 66
285 33
288 55
135 132
261 24
76 110
16 205
196 296
73 16
286 302
46 161
7 123
27 78
91 281
114 230
231 224
65 211
145 146
212 229
130 15
20 70
215 301
284 288
46 247
291 122
193 58
90 252
24 155
75 4
255 229
282 70
154 191
150 188
76 74
277 127
140 158
288 211
23 212
216 74
63 269
218 200
263 122
242 139
73 0
304 193
198 172
241 125
42 122
95 297
73 206
57 214
213 206
205 235
294 117
292 238
131 278
246 152
234 37
159 210
167 201
249 7
228 244
179 88
76 183
44 53
185 272
155 264
197 82
27 287
48 53
5 86
117 181
44 99
172 159
22 178
32 186
14 115
77 282
211 136
26 48
151 210
69 109
31 170
141 144
66 38
7 33
130 2
169 125
70 150
1 135
246 123
66 73
35 58
275 148
22 112
55 60
182 85
128 23
293 219
174 233
208 288
190 250
184 177
19 300
95 281
274 58
298 276
82 77
151 30
39 99
17 211
203 193
263 223
55 194
46 66
229 259
21 34
36 232
208 202
68 283
225 171
136 127
109 292
45 88
71 111
239 156
90 174
301 294
247 13
141 87
29 14
103 241
139 81
233 179
4 67
203 259
258 155
294 299
222 206
267 263
148 148
46 102
179 133
18 100
139 18
136 18
99 161
194 297
188 230
142 20
6 239
140 286
191 27
248 113
141 269
66 105
240 97
302 219
30 87
93 69
149 245
227 295
97 21
73 99
47 232
189 127
14 125
17 134
69 133
217 216
152 276
135 122
108 84
279 248
164 114
215 298
36 14
193 39
184 99
45 176
207 19
187 292
139 162
81 9
152 236
162 221
79 254
194 224
168 158
80 289
27 161
43 105
248 253
106 203
254 210
48 36
248 273
294 101
58 89
47 68
196 185
10 294
223 38
299 267
72 277
49 222
208 251
228 43
32 163
181 22
273 146
202 88
244 240
72 274
123 220
291 57
181 268
303 169
190 158
114 104
187 14
86 197
163 148
210 66
5 196
48 99
245 58
133 224
273 29
125 55
230 30
232 9
81 199
275 47
234 291
159 8
76 289
231 77
117 90
240 263
44 153
302 90
3 250
221 159
178 106
38 176
69 179
201 253
274 90
268 135
291 235
207 201
259 17
172 27
264 70
194 196
110 66
180 160
12 280
253 123
248 182
235 40
138 241
97 282
60 36
303 153
67 258
6 181
266 260
20 229
259 217
261 48
123 125
267 222
205 192
159 107
278 132
115 172
289 253
96 49
42 262
228 303
168 210
112 153
248 281
164 272
135 65
131 42
212 194
231 74
120 145
158 60
268 165
306 79
18 180
31 172
8 90
303 40
99 118
177 131
69 99
272 183
299 144
147 156
49 269
102 227
0 128
26 130
120 155
230 216
42 26
21 289
241 257
110 44
288 202
153 79
237 77
100 100
59 14
168 302
199 186
252 68
51 39
239 226
233 80
246 47
174 150
234 205
127 118
251 167
273 136
164 35
27 17
44 91
93 88
29 26
230 274
226 39
49 183
120 291
199 260
88 75
107 90
26 65
98 275
24 251
194 135
18 97
263 294
275 213
260 187
288 233
105 205
113 148
167 68
199 123
119 167
125 198
155 172
256 127
40 38
10 68
201 156
116 98
17 88
182 197
59 173
190 53
155 292
279 283
200 94
256 304
220 185
295 22
162 213
167 64
128 28
244 84
247 170
187 304
96 275
277 58
237 223
278 275
234 93
78 63
218 301
206 117
19 157
201 40
119 206
41 21
73 12
164 298
87 180
193 49
235 86
264 85
279 272
217 58
137 123
142 4
209 221
0 89
1 228
139 123
197 143
83 273
302 201
202 252
36 287
271 148
119 112
231 117
112 67
195 160
291 95
76 92
122 298
101 215
103 57
200 26
153 281
52 21
28 59
151 249
257 175
238 83
19 29
115 255
9 175
274 277
95 147
19 119
227 227
38 135
37 78
171 49
202 128
26 50
160 193
60 54
157 41
8 207
225 4
299 166
28 231
186 136
265 232
136 150
20 112
63 239
172 79
160 241
276 194
138 221
201 15
84 122
121 272
136 103
119 305
262 160
150 227
36 143
205 181
233 28
253 224
64 106
123 259
205 39
301 71
92 236
144 35
253 279
177 295
62 115
14 122
256 235
56 131
22 249
241 302
279 297
10 97
196 238
244 164
141 265
89 13
174 261
203 184
259 20
133 42
199 114
9 74
267 35
303 182
18 21
105 29
50 104
161 32
39 6
202 4
45 0
237 135
199 91
203 232
161 163
46 238
158 297
82 102
183 22
28 239
292 16
174 184
172 32
152 105
21 76
127 186
46 62
172 151
153 81
155 179
78 174
254 79
303 185
182 139
299 228
231 232
248 222
244 136
106 275
240 242
143 139
167 105
138 120
6 37
43 108
157 290
117 248
148 303
132 247
305 98
148 127
96 112
256 34
294 47
210 271
242 286
268 177
273 221
159 111
148 132
155 222
5 13
267 234
80 99
21 267
0 256
6 294
124 238
216 100
42 192
116 63
230 48
50 299
282 212
303 165
12 165
171 94
70 125
2 233
36 188
186 152
62 95
41 220
299 241
206 280
154 137
79 181
160 248
221 237
228 247
9 49
277 201
210 35
10 114
272 168
157 46
53 131
277 217
134 202
305 252
223 151
140 89
60 296
274 234
138 138
190 70
249 144
139 75
230 199
110 290
246 53
143 22
24 194
38 134
293 155
100 147
56 169
110 304
238 295
48 239
217 117
202 158
45 220
96 3
88 70
166 179
137 75
205 76
154 64
269 66
250 18
99 98
74 128
139 91
170 226
6 235
40 60
125 70
235 51
12 266
12 26
277 152
214 175
249 252
197 68
169 268
201 138
10 55
111 89
230 298
60 145
2 170
181 243
173 201
80 224
128 241
142 84
22 205
144 111
263 286
124 236
102 229
193 306
143 148
265 66
118 88
116 101
280 216
268 181
217 275
118 141
90 76
162 122
124 54
260 106
189 240
140 103
206 273
16 180
280 131
125 245
51 254
251 250
216 86
278 205
218 134
143 261
152 147
240 150
12 217
283 168
145 33
219 37
26 266
140 243
263 95
269 195
299 282
254 112
54 161
142 117
107 10
238 40
149 74
230 120
256 132
126 221
289 153
205 300
187 125
2 306
27 203
116 243
44 292
289 85
109 275
147 43
56 178
74 258
14 216
304 200
158 247
169 110
167 24
190 254
214 84
142 63
112 171
46 192
157 278
16 30
217 141
124 149
106 241
205 148
250 195
45 126
80 38
206 208
254 306
18 4
224 155
95 183
146 290
240 287
173 125
141 75
189 169
100 208
174 266
109 22
286 241
285 75
62 259
121 82
280 219
230 39
98 236
245 9
290 45
119 94
117 23
231 65
297 295
241 197
158 270
283 109
102 18
184 252
69 31
16 275
170 67
226 58
274 24
189 35
121 265
235 47
152 46
279 198
227 277
261 226
227 177
177 23
69 2
136 255
282 234
207 155
87 12
168 115
283 281
243 60
91 206
255 175
53 242
65 17
28 273
221 304
253 96
249 129
213 261
88 177
178 99
121 166
182 185
277 50
69 202
71 27
222 245
161 289
87 137
202 189
69 170
284 141
220 200
190 84
127 8
43 70
16 273
234 163
171 132
270 173
241 290
222 261
48 39
260 147
80 293
217 164
9 38
302 59
305 222
279 48
117 293
162 2
77 108
215 304
155 43
17 9
304 214
10 280
99 153
34 254
33 252
152 22
190 205
161 145
147 233
51 135
261 205
103 75
200 223
273 263
251 132
221 298
144 237
41 268
280 206
290 68
62 13
260 91
239 300
245 300
276 15
51 59
40 265
144 72
237 131
132 167
40 210
273 163
305 75
173 239
130 256
118 49
85 31
84 241
214 222
168 80
289 170
4 226
81 213
127 56
58 210
191 208
97 107
96 27
229 207
118 281
193 9
216 122
49 259
78 129
69 119
191 270
277 302
282 84
236 30
154 216
210 46
104 116
185 244
13 288
57 66
242 246
164 171
139 202
139 149
232 186
168 287
168 100
89 245
145 176
97 291
271 119
111 288
278 140
104 60
299 289
100 53
156 134
222 120
229 116
278 225
140 193
77 19
108 228
245 89
66 181
220 212
82 170
35 290
219 13
244 139
63 27
30 165
22 297
179 95
5 80
95 48
137 3
27 304
147 263
90 1
10 149
199 142
133 7
233 116
161 119
124 223
204 290
85 215
152 101
54 150
29 262
8 189
23 128
2 92
239 49
252 56
135 237
145 210
237 75
190 135
190 295
281 96
83 278
268 300
242 135
284 87
232 243
107 8
83 276
214 77
219 117
162 287
67 15
10 178
184 210
167 188
121 14
137 96
145 90
74 6
173 302
48 3
133 239
110 177
118 263
36 163
136 44
135 80
61 208
63 177
283 179
165 56
187 223
239 219
130 201
12 118
211 222
302 51
265 239
136 36
57 153
217 182
300 130
56 112
188 303
173 41
91 138
233 223
228 222
297 287
169 285
183 155
139 223
95 16
66 80
272 9
95 43
138 252
200 196
175 125
232 184
3 9
54 163
113 157
94 166
260 181
220 26
149 190
82 20
112 17
240 104
35 119
305 279
260 70
76 285
162 28
286 53
166 41
71 295
227 119
293 270
50 81
297 143
226 79
268 226
193 148
51 274
139 46
125 293
176 29
203 276
55 145
243 94
107 170
111 36
151 154
231 37
104 188
133 134
189 129
205 69
30 102
123 13
301 264
34 305
196 123
262 227
242 288
25 133
149 58
282 153
224 223
69 147
267 237
274 64
133 186
104 286
63 209
133 159
215 277
143 300
123 7
290 210
274 32
37 248
260 279
193 128
173 194
266 160
146 244
161 206
118 251
203 271
237 228
40 40
100 181
264 263
56 302
292 61
203 297
284 255
12 17
6 106
57 238
211 256
50 54
175 118
139 15
121 128
98 265
67 219
113 305
154 160
239 12
102 296
244 70
163 230
87 83
268 128
142 108
194 266
256 98
111 145
114 297
276 200
90 111
36 240
67 236
37 90
0 253
143 199
252 194
298 110
256 143
86 208
132 33
114 111
241 9
140 238
92 252
192 210
12 101
87 190
265 142
206 50
292 303
175 134
84 207
8 198
130 193
187 96
135 11
65 165
100 184
245 290
93 65
173 121
38 63
175 169
100 222
173 282
150 84
33 49
119 126
34 107
177 187
225 81
161 97
293 152
192 242
3 23
163 284
100 255
217 128
84 94
107 245
245 4
158 191
276 95
216 32
37 244
35 275
171 272
3 237
264 161
73 304
12 155
75 194
263 185
22 28
17 85
158 16
270 56
289 168
244 262
50 154
252 85
220 98
259 60
188 203
122 1
296 228
295 272
32 233
278 176
64 175
32 64
75 256
220 134
165 150
232 207
60 120
206 222
196 59
155 86
287 160
72 134
106 175
120 29
21 43
8 283
53 30
18 178
172 300
173 146
295 123
146 133
292 144
53 86
23 135
100 245
72 88
37 119
259 255
290 237
260 168
86 275
200 252
203 1
24 171
138 188
68 43
257 90
64 231
27 199
68 151
123 11
280 211
69 205
113 5
239 134
269 78
197 206
219 17
47 222
252 202
99 136
99 191
239 92
270 286
283 206
197 222
57 143
256 89
33 172
255 16
169 130
94 232
90 57
150 50
282 214
249 173
66 145
56 278
303 246
19 259
187 79
136 280
278 52
20 174
30 53
62 93
165 127
32 14
89 130
17 11
42 216
243 224
305 292
178 157
22 70
279 10
216 62
145 223
184 148
87 201
48 304
199 102
87 119
39 171
88 94
128 260
246 262
92 161
34 220
236 65
64 1
199 217
290 192
291 150
289 205
20 81
169 160
176 90
89 250
245 141
228 137
127 111
92 26
182 195
163 65
201 48
50 95
301 11
11 47
24 295
286 274
26 296
271 46
284 71
169 152
89 262
250 63
120 252
29 39
174 60
178 128
203 126
185 1
223 63
138 148
192 249
92 210
300 83
105 37
241 158
46 273
48 57
251 224
187 37
292 226
219 79
95 256
293 137
0 101
248 41
281 19
22 14
100 289
2 299
44 83
111 24
20 227
102 7
303 274
123 200
168 198
239 106
262 169
45 142
81 236
106 181
293 261
276 110
188 257
183 61
156 73
122 68
126 153
163 53
196 88
94 236
294 258
110 236
36 170
133 27
229 46
297 257
59 201
14 226
2 231
200 234
207 258
110 61
166 219
79 195
283 301
294 107
219 143
199 62
64 12
135 208
235 59
219 152
262 239
71 238
9 187
40 117
139 277
193 171
12 305
205 13
244 167
75 236
261 283
52 51
203 106
11 278
33 291
179 45
225 37
15 43
172 223
304 262
5 203
256 108
238 3
133 138
183 51
186 158
183 286
76 83
195 50
167 165
213 51
222 28
194 81
26 159
22 301
237 140
216 196
210 245
234 240
125 122
86 16
57 241
255 101
211 275
195 217
242 55
190 77
44 250
18 70
299 5
45 120
96 33
70 252
111 297
71 18
151 255
257 119
270 287
130 251
44 273
281 246
131 287
280 256
183 100
243 63
124 215
177 27
270 252
298 248
145 257
60 132
228 29
225 177
61 27
73 247
176 46
133 0
295 53
233 124
146 297
190 55
88 147
154 187
128 86
245 60
56 162
98 186
3 161
299 102
67 78
221 3
3 163
180 166
11 89
211 146
300 58
153 109
118 159
122 173
38 220
273 219
282 54
102 234
93 242
90 85
147 159
200 244
4 278
105 264
9 272
31 289
3 220
84 305
73 71
54 78
276 288
296 147
87 72
100 5
175 298
282 274
102 40
117 80
130 32
287 106
107 87
300 93
298 178
259 200
20 167
128 62
132 161
153 36
5 167
257 292
6 288
114 164
249 78
105 224
79 16
112 69
275 45
85 296
103 158
260 1
200 255
200 134
142 272
272 133
104 35
248 213
36 102
38 47
79 170
215 65
238 52
289 251
54 111
230 19
147 205
48 212
63 29
47 300
41 165
214 177
302 135
182 210
6 91
194 60
106 288
78 156
102 46
89 123
39 35
37 201
159 281
61 241
20 147
227 15
260 131
172 203
197 291
49 306
196 33
114 40
90 97
255 287
219 53
286 125
250 202
148 177
84 184
125 92
241 210
154 127
281 286
306 198
216 132
187 68
71 79
150 206
63 81
288 38
281 280
164 252
140 77
238 94
226 21
218 112
197 152
236 19
63 172
224 130
244 245
197 203
206 176
219 2
76 31
255 191
152 12
254 106
72 116
247 236
274 271
306 264
294 31
47 37
252 145
148 206
89 167
191 34
2 82
121 254
192 116
115 153
201 305
123 255
281 157
144 103
52 180
40 185
282 21
121 98
73 241
258 274
249 24
287 170
243 269
82 241
191 272
25 98
266 45
292 190
273 85
50 189
121 260
242 97
38 158
153 299
47 26
130 206
79 303
306 158
275 84
251 284
276 78
293 243
135 73
46 93
246 167
159 171
116 67
275 269
306 168
142 125
209 53
284 111
46 293
36 156
301 74
288 107
55 66
272 191
70 275
206 243
160 44
41 260
103 210
196 192
56 48
268 20
11 272
258 260
198 15
141 163
125 254
239 129
122 160
13 117
76 71
205 31
81 264
29 303
144 287
28 22
136 173
221 55
83 221
52 202
233 171
227 106
9 24
152 232
63 8
248 128
302 84
155 35
184 190
61 110
156 294
74 217
152 161
271 106
109 8
7 280
38 25
286 58
108 236
217 292
289 148
249 147
34 181
195 54
117 225
302 42
18 6
274 108
113 52
175 241
41 273
250 256
75 48
279 136
95 75
51 82
22 271
288 97
297 69
156 216
178 256
81 256
1 196
237 113
212 33
235 181
175 8
199 193
33 272
50 258
122 148
4 306
38 22
172 97
83 12
297 299
1 258
93 19
83 114
209 273
298 169
262 9
182 256
9 137
77 91
299 0
301 62
142 305
97 202
2 50
244 182
283 198
305 63
216 255
232 301
132 39
171 84
123 110
190 24
65 204
108 140
34 139
247 99
270 230
143 257
170 282
226 24
291 161
98 23
94 204
25 41
202 28
194 71
107 107
225 299
31 193
255 250
123 306
182 44
74 208
80 300
298 129
177 176
98 68
212 95
19 163
102 55
250 248
278 210
221 224
183 117
183 263
47 255
149 291
280 117
159 187
90 43
112 105
56 117
151 298
199 111
184 128
195 229
125 86
79 232
106 210
162 176
228 279
117 196
12 264
65 35
181 25
256 173
4 32
220 260
84 111
73 132
229 100
73 81
180 106
96 142
180 261
261 214
247 125
30 124
28 71
165 77
303 283
258 86
268 147
122 77
273 161
127 65
8 192
272 275
179 302
237 122
259 214
77 200
116 259
67 126
102 65
262 167
223 65
281 292
109 115
81 70
99 78
104 232
232 256
43 203
153 20
110 295
219 179
104 247
3 114
12 78
204 159
225 64
264 287
91 71
301 15
168 15
54 53
304 17
285 42
76 273
6 278
210 0
108 273
261 149
206 249
148 135
182 39
77 216
8 248
86 138
158 99
50 221
39 147
80 7
248 30
53 77
189 103
270 43
43 83
151 66
199 209
202 224
166 35
202 264
210 21
85 181
85 220
99 195
202 77
42 116
119 48
1 199
50 20
124 60
83 211
177 220
54 269
62 262
236 210
8 270
33 149
79 305
231 250
102 220
232 95
158 51
139 129
255 51
133 70
266 215
135 244
224 267
94 228
135 180
62 37
131 244
57 109
42 91
164 49
23 107
12 61
252 5
282 118
150 65
189 13
109 25
263 276
195 298
228 63
164 65
69 105
152 50
244 236
217 131
168 239
164 281
28 19
100 270
4 189
28 132
126 145
133 154
268 102
127 288
231 15
188 41
78 33
145 156
293 231
96 306
214 258
197 266
243 157
174 27
63 285
156 145
23 102
238 71
19 268
179 6
219 223
154 158
201 111
38 164
171 45
20 118
67 93
52 291
192 16
30 190
96 181
74 231
265 257
146 235
260 129
61 48
297 214
206 54
76 129
262 173
0 50
254 45
210 281
131 189
218 46
211 100
205 202
75 67
12 83
302 123
25 46
282 2
221 290
12 128
218 159
31 37
300 278
294 292
176 174
272 197
193 29
186 19
34 218
115 177
167 126
37 111
144 95
193 111
56 87
6 18
64 135
115 138
165 31
265 246
83 284
148 53
71 34
7 174
43 4
230 267
262 151
52 262
146 125
287 130
212 15
41 64
118 259
109 187
135 295
251 244
155 119
103 179
183 14
196 248
52 297
88 43
177 61
201 203
81 162
100 159
280 258
161 137
261 136
75 158
233 22
63 97
278 56
59 101
64 39
230 102
254 184
11 22
90 202
19 116
68 300
142 188
199 231
289 185
35 94
136 62
243 186
239 145
265 222
213 67
147 185
204 140
106 91
131 198
27 45
285 13
62 301
177 202
36 180
119 106
5 206
24 59
209 165
64 181
149 0
41 222
199 271
142 234
169 296
180 72
244 132
160 284
245 160
237 269
203 206
15 132
41 163
91 82
210 142
62 132
159 89
9 260
238 85
55 16
193 198
240 293
131 187
141 34
21 114
227 246
46 138
69 249
182 170
96 99
131 263
27 102
96 31
248 220
273 53
104 13
247 81
122 79
258 281
135 50
256 283
146 86
199 43
114 89
98 200
272 57
251 197
301 181
162 114
267 241
31 224
123 187
206 233
80 143
0 282
119 194
283 156
82 35
92 303
43 141
137 214
1 5
97 89
124 63
190 100
59 63
289 246
159 83
166 98
199 281
81 135
231 192
126 44
40 291
130 282
270 10
134 63
259 202
59 168
18 297
263 273
176 140
177 39
152 293
235 269
36 306
297 138
187 144
235 75
166 265
105 161
20 78
100 92
41 194
155 9
192 153
253 33
94 52
235 230
265 220
247 289
86 178
156 204
296 155
278 179
146 202
201 159
201 72
247 174
260 10
118 232
155 95
69 13
282 139
43 117
233 296
76 241
