153 132
73 234
205 191
299 77
193 292
151 283
261 162
234 177
169 36
40 226
35 24
84 72
272 214
3 242
249 156
194 10
227 216
240 143
47 18
200 10
249 120
70 262
48 113
32 86
271 177
115 75
151 251
169 65
115 154
177 77
8 173
74 110
132 19
128 196
222 166
28 115
272 48
146 123
179 2
160 290
295 43
292 83
123 254
193 175
189 133
256 25
174 105
134 141
202 278
57 30
173 218
51 285
196 97
236 62
194 101
168 107
199 103
297 170
85 201
20 92
10 45
61 7
303 214
174 256
297 274
203 173
164 79
234 103
91 99
114 257
163 172
167 19
169 140
27 135
182 132
267 278
305 111
267 130
271 304
40 12
165 115
244 73
17 23
256 299
248 259
22 255
49 125
28 82
222 123
107 110
288 11
85 190
207 119
38 238
247 43
299 45
240 194
266 100
175 127
24 221
186 127
212 113
122 189
89 109
111 51
70 129
77 172
162 15
260 189
246 277
76 156
80 109
284 240
170 185
172 48
251 283
103 165
299 33
238 188
101 153
203 284
235 154
181 292
28 189
49 179
292 164
110 262
207 216
56 225
97 252
209 84
255 120
102 34
36 134
273 72
6 213
53 298
138 6
13 222
77 270
232 253
219 86
197 239
132 129
16 32
204 237
0 65
149 257
89 283
12 296
286 202
124 49
254 92
306 74
5 187
81 301
284 270
126 41
3 173
135 28
181 270
123 293
60 124
10 247
124 210
199 129
142 211
289 1
26 300
58 44
288 295
87 24
263 10
160 186
87 183
291 231
224 221
65 83
140 124
58 196
116 18
242 37
298 137
229 25
182 261
66 154
241 146
296 269
63 251
227 1
179 51
9 97
56 68
105 285
267 217
288 52
163 205
91 155
271 58
171 131
181 145
142 16
71 305
252 74
9 65
140 156
227 158
168 99
48 6
47 76
127 169
240 5
259 66
305 72
122 65
84 267
230 114
69 284
198 25
90 298
14 91
248 153
199 294
220 245
293 32
291 132
100 22
203 208
304 73
233 18
297 265
100 189
115 280
41 148
160 151
28 49
6 76
21 203
241 188
269 139
260 109
76 144
249 301
155 114
153 142
128 96
203 250
134 302
114 93
163 182
151 172
132 178
88 92
1 74
149 93
41 84
223 295
184 10
207 194
146 109
12 231
302 130
294 175
59 81
206 95
269 267
165 162
218 38
63 174
204 273
96 127
40 284
113 233
123 170
121 263
25 76
69 60
244 100
283 0
100 229
252 183
15 83
8 12
96 14
185 3
88 28
165 28
291 50
70 225
219 261
209 152
34 45
290 139
87 297
108 19
45 26
167 139
159 23
57 186
15 107
94 156
13 110
39 295
173 280
224 277
207 157
207 109
152 88
223 56
263 0
181 192
28 198
7 129
235 150
213 300
78 289
85 102
238 208
93 127
226 250
117 36
37 92
149 9
48 86
114 44
175 35
54 231
22 12
15 8
282 79
222 297
273 115
3 216
190 221
208 298
251 129
114 244
57 142
305 147
301 276
99 187
74 301
34 129
154 161
58 274
255 220
156 3
84 153
56 120
299 299
122 180
124 212
21 147
305 1
221 205
269 43
65 242
27 306
202 255
120 132
104 12
269 223
274 113
242 229
114 60
289 304
263 245
31 210
148 23
110 245
71 71
229 106
79 163
283 102
123 115
149 44
107 144
72 218
227 67
69 8
256 149
267 109
43 55
265 179
294 228
40 303
21 65
128 304
211 76
85 91
156 218
299 191
177 191
302 216
225 286
79 220
17 64
257 215
10 306
218 267
108 190
10 130
164 14
62 246
196 10
198 74
127 302
2 181
207 213
104 85
19 123
221 182
85 75
139 53
70 229
61 0
167 274
23 198
299 54
205 174
111 203
19 166
35 285
83 162
254 41
190 97
256 190
147 113
199 54
256 196
231 88
84 169
17 78
3 53
49 181
263 51
241 141
263 211
115 167
56 129
182 246
253 136
245 126
55 102
186 242
131 133
263 240
228 263
63 103
157 188
147 118
13 160
191 114
109 13
47 213
218 50
286 254
106 76
55 219
143 280
202 94
37 79
2 90
177 254
285 108
65 223
193 195
21 238
274 96
234 24
228 187
181 99
181 231
159 303
262 43
124 82
284 145
120 288
49 166
26 58
3 25
106 264
69 141
280 79
261 79
156 54
144 177
87 257
146 187
225 206
256 147
45 15
67 164
125 260
130 268
252 155
33 75
275 250
160 155
123 107
289 125
280 233
95 207
143 91
156 126
51 43
120 11
262 275
122 198
133 109
247 32
256 86
257 54
77 268
162 275
140 101
289 262
94 271
33 60
37 87
106 259
170 167
298 16
92 270
159 227
139 271
71 94
262 279
285 91
167 134
260 53
247 270
150 3
127 162
303 171
100 86
274 228
87 14
253 132
40 8
279 152
59 86
159 212
164 106
290 169
81 50
242 252
251 176
41 143
238 45
37 167
103 186
15 134
129 64
147 111
62 31
243 155
61 2
154 221
68 177
20 46
86 239
216 89
243 254
198 109
196 279
132 290
261 249
129 50
151 40
253 72
297 19
151 16
157 92
212 263
268 304
159 102
107 281
30 293
53 253
272 142
187 45
200 287
235 272
242 41
185 16
227 53
219 276
221 262
18 72
81 137
1 37
286 10
86 282
252 30
111 22
115 31
276 260
158 251
148 204
216 153
75 99
5 156
206 17
294 187
224 164
152 124
122 269
271 12
297 251
253 178
284 2
105 97
262 27
130 54
142 94
277 165
196 113
59 254
140 181
130 305
171 298
51 133
92 114
173 181
145 222
163 256
149 61
207 207
290 39
287 120
142 105
181 199
181 134
15 103
103 290
133 121
303 268
296 188
212 178
26 26
168 268
271 288
189 263
243 173
245 210
272 179
275 80
8 36
105 197
5 289
197 145
72 180
185 64
10 296
33 293
79 209
6 40
171 302
64 253
303 0
244 162
4 294
177 14
278 5
43 211
21 121
18 270
301 261
211 106
225 22
93 141
177 241
272 55
54 280
77 121
94 162
67 26
208 102
275 19
204 262
197 182
33 289
83 43
65 123
86 266
248 140
126 259
100 46
143 298
26 278
55 108
102 182
175 160
141 292
91 275
59 187
101 214
185 162
233 160
298 225
254 159
30 244
297 205
300 8
163 162
140 54
299 271
82 100
61 161
245 148
47 141
124 168
63 219
217 109
146 269
102 29
64 184
170 238
154 248
252 58
208 5
29 230
163 93
269 62
0 271
288 267
73 140
139 23
300 258
278 254
124 241
0 178
286 157
66 284
120 36
25 51
10 223
115 45
146 293
10 190
126 304
215 285
273 256
21 3
289 76
295 276
137 153
26 20
102 105
96 294
118 127
117 287
120 181
189 219
88 53
132 52
277 210
279 159
304 6
115 186
9 216
34 214
261 122
296 184
256 288
150 46
294 16
215 130
23 203
46 96
306 94
249 132
195 200
161 52
20 20
224 54
4 70
37 48
242 213
62 299
37 42
256 262
44 201
61 196
21 108
230 237
112 39
58 132
144 152
40 124
11 84
301 156
85 120
2 205
255 186
163 269
3 175
41 152
21 123
45 249
98 210
94 175
70 204
0 8
210 287
245 18
230 131
152 80
2 279
207 44
255 215
176 276
260 139
117 268
239 14
3 210
124 280
303 144
259 57
152 292
15 241
102 70
166 212
204 104
285 15
45 207
77 249
205 163
237 106
267 239
277 10
69 297
5 62
278 39
170 162
254 74
90 113
281 237
53 220
295 210
189 95
64 278
171 92
137 183
159 100
91 61
110 191
169 17
283 279
96 223
297 89
209 18
88 165
54 173
301 164
228 301
302 303
52 246
288 139
48 165
52 37
46 44
283 262
263 230
139 95
127 50
68 279
32 253
215 266
75 291
69 113
157 154
276 174
298 112
280 111
120 96
70 136
258 160
115 202
209 231
249 228
161 303
103 176
158 18
276 138
148 274
275 102
23 81
36 268
88 217
194 106
192 138
264 93
19 104
289 200
79 78
136 211
64 207
143 60
232 45
286 175
77 276
29 243
221 100
241 20
95 28
99 125
139 273
3 190
192 37
142 241
7 232
94 193
99 96
283 72
190 210
196 252
298 118
303 150
254 257
173 58
29 155
258 245
221 168
58 26
299 234
196 101
66 115
101 223
66 187
108 128
284 176
252 252
141 9
248 52
140 67
168 244
231 28
5 221
224 71
176 10
139 266
30 199
157 49
84 202
113 292
148 40
75 268
222 271
110 265
20 301
153 67
31 69
247 181
210 123
100 138
176 228
71 44
253 23
123 150
111 167
155 26
280 221
172 3
32 280
107 100
29 259
131 261
170 27
247 117
255 167
88 290
44 300
144 131
127 124
151 93
291 301
305 105
275 152
184 53
2 21
306 52
126 84
33 8
69 124
120 25
94 283
241 81
182 128
281 171
83 181
246 303
116 233
300 283
129 47
189 111
123 119
144 138
193 27
42 283
131 120
22 40
225 53
60 285
71 5
278 173
102 282
228 117
248 4
234 264
304 12
281 27
188 11
78 237
72 102
270 144
148 7
238 216
264 296
90 277
162 200
10 112
195 205
71 242
100 296
124 152
250 232
273 280
265 284
175 221
274 154
118 298
48 270
148 3
85 62
90 5
228 299
71 174
232 143
163 261
230 16
235 11
1 142
30 257
65 20
287 278
101 233
39 281
132 156
82 246
34 275
5 291
5 275
134 258
261 39
232 62
48 61
91 228
32 53
125 224
199 166
79 26
59 110
194 91
90 27
184 224
247 185
4 286
222 29
62 26
192 56
139 219
173 206
197 162
59 205
141 45
210 210
157 103
218 113
273 193
129 151
216 119
133 127
218 288
269 149
9 219
28 216
171 181
115 195
28 193
12 106
185 143
157 299
118 10
102 110
34 150
239 206
114 285
94 199
148 25
185 166
141 77
220 63
92 183
137 70
45 271
286 135
275 7
49 218
192 181
113 226
268 209
299 211
75 112
278 170
244 230
271 259
270 15
119 204
160 124
107 200
40 94
44 275
128 59
194 153
213 128
30 98
146 101
129 8
297 282
96 273
24 61
49 248
213 25
208 29
145 45
177 122
171 268
263 78
137 168
179 80
278 226
111 78
135 253
271 139
201 298
107 194
156 79
290 128
35 28
241 253
264 115
207 91
144 140
233 133
184 68
210 11
41 173
55 264
179 266
237 283
105 119
150 285
90 256
188 59
255 280
238 91
231 7
17 306
133 103
95 24
217 31
133 117
296 292
259 305
302 94
187 156
38 154
101 168
178 173
37 59
159 64
107 238
287 248
218 217
278 121
190 177
85 210
150 120
237 34
215 18
281 59
130 270
30 163
95 194
79 41
124 77
139 254
127 158
195 246
219 140
131 160
211 54
10 134
57 247
237 296
223 282
278 280
133 14
61 231
31 182
224 45
225 41
9 178
9 10
17 127
301 290
11 274
163 290
133 266
147 28
293 75
226 223
181 35
110 103
162 294
11 166
115 208
212 209
114 71
31 63
197 306
256 198
277 304
247 29
123 19
48 34
275 283
249 27
239 6
101 77
75 233
23 277
137 238
133 90
306 118
129 157
81 13
161 101
281 257
10 8
31 261
199 261
66 301
299 108
111 99
74 192
60 45
55 222
234 260
22 218
103 0
120 161
19 246
164 180
110 164
68 97
10 153
13 146
152 217
98 178
8 139
117 96
235 81
179 104
225 60
306 122
172 59
110 130
240 115
271 232
212 152
137 22
181 207
35 209
140 210
141 40
252 293
152 52
255 152
302 32
300 224
66 1
94 95
106 19
174 136
260 102
70 184
177 235
81 43
239 239
219 104
134 304
158 255
236 73
179 232
116 16
38 294
243 182
144 58
208 187
252 4
103 91
296 166
7 57
84 135
226 221
41 288
243 0
54 294
54 146
172 211
147 266
204 152
20 33
300 260
220 39
89 10
279 174
143 205
230 90
275 115
210 40
285 63
204 125
62 287
152 118
225 180
258 70
122 103
93 50
286 139
60 221
136 6
282 98
100 277
114 27
235 101
60 98
99 6
287 182
200 46
220 203
165 153
35 98
17 157
8 144
16 299
283 32
272 188
64 62
201 183
179 91
70 191
132 298
181 121
111 306
200 74
279 85
77 160
105 36
233 50
282 286
100 195
287 0
232 284
55 52
283 63
65 291
200 100
280 44
123 67
243 106
112 265
140 299
139 172
285 25
127 295
202 92
107 81
90 233
74 225
80 87
206 105
267 31
49 187
172 63
258 194
18 182
113 222
245 174
278 16
284 143
125 278
209 290
112 97
240 203
252 117
75 114
44 44
130 35
238 181
65 170
71 37
181 112
151 219
137 50
64 267
302 25
12 282
65 125
50 170
134 181
124 5
93 104
163 167
304 251
216 174
16 53
294 112
209 306
13 185
276 184
92 33
224 136
57 105
14 70
239 256
269 75
209 162
62 151
155 143
166 299
64 144
273 38
118 229
298 94
42 238
281 188
248 77
248 101
160 78
267 1
235 43
21 236
10 43
70 240
265 89
185 262
46 47
1 35
5 200
50 233
217 14
300 199
114 114
272 86
67 30
108 134
115 184
158 5
58 203
22 105
246 78
228 89
134 111
155 237
104 89
261 209
125 173
261 265
137 227
266 132
28 129
17 15
10 82
261 127
275 165
83 27
292 222
43 263
9 126
92 53
257 29
39 2
159 172
77 154
78 146
71 156
94 98
17 42
69 193
88 252
213 97
80 258
250 239
206 225
3 187
82 47
267 269
219 109
110 278
267 302
2 124
96 41
274 215
116 58
81 146
38 204
27 29
96 259
298 259
52 284
153 32
304 39
186 226
44 159
64 233
102 4
148 190
251 72
51 241
181 263
148 240
225 66
237 250
129 215
270 272
53 304
208 133
178 102
117 7
72 185
258 196
29 170
21 195
168 257
265 119
84 10
129 56
97 207
42 199
27 285
238 288
24 256
276 221
65 225
256 276
214 22
153 107
178 146
301 105
103 126
21 155
166 185
269 142
143 119
276 150
120 231
29 282
150 241
246 165
125 272
146 207
81 271
109 241
251 77
283 297
186 223
110 287
151 278
80 157
279 50
150 144
38 124
259 93
159 299
292 125
240 171
103 231
244 44
175 114
298 14
281 138
278 54
116 200
47 198
9 70
205 72
30 9
163 34
80 155
215 170
258 125
35 249
159 232
303 86
107 35
129 122
267 246
57 90
305 257
246 258
171 72
286 16
185 109
134 126
100 242
221 199
14 97
17 185
272 97
65 9
259 40
276 241
213 243
180 203
249 285
217 123
28 175
168 265
68 46
118 59
297 240
35 38
305 32
262 139
62 295
268 84
1 246
230 152
262 6
22 35
118 105
220 284
195 152
231 219
108 63
44 246
279 241
25 90
160 134
100 106
304 14
163 55
265 186
236 156
228 213
136 216
149 191
61 12
115 253
70 41
306 229
161 171
134 83
49 30
293 96
247 216
61 213
134 286
46 90
141 205
272 170
304 130
7 262
70 293
221 125
203 145
11 259
81 16
229 122
166 183
173 134
250 261
43 276
97 109
63 35
281 306
281 184
237 93
261 26
253 40
58 295
222 212
242 303
218 189
20 152
178 283
167 192
248 205
87 90
226 197
114 197
34 297
53 251
252 104
99 272
219 290
98 193
116 262
241 156
91 46
168 52
187 207
124 117
258 130
196 15
53 241
297 46
284 215
213 296
305 65
95 289
69 299
21 157
284 277
127 115
78 6
271 92
90 160
217 305
214 49
51 301
158 31
245 194
184 91
146 13
120 158
218 278
164 91
174 236
263 97
183 9
53 188
186 296
94 113
130 149
97 61
109 44
126 276
131 9
230 147
91 263
184 170
282 159
120 65
164 235
13 262
171 46
202 299
203 118
198 229
115 271
267 261
101 61
256 286
89 121
1 153
267 127
258 49
266 168
144 240
36 200
256 241
220 146
68 204
214 225
168 38
168 3
247 103
214 160
165 20
200 36
260 194
22 186
98 160
136 64
281 133
97 172
279 236
112 163
145 26
0 180
174 162
112 235
163 128
297 113
5 30
142 254
271 79
287 271
145 99
268 163
110 105
297 306
56 74
258 250
238 279
62 202
152 304
238 266
79 263
26 105
30 157
165 120
228 189
34 32
231 22
242 92
67 306
84 20
195 264
100 131
130 252
208 85
247 127
229 41
155 168
90 194
233 294
176 115
73 149
192 119
230 72
293 283
200 71
205 241
165 40
188 275
30 291
80 22
150 305
60 210
74 223
31 268
4 12
95 119
296 244
228 2
284 129
103 288
76 203
151 126
21 63
74 151
139 303
246 112
123 88
5 58
250 57
112 242
197 40
46 132
259 219
86 26
243 179
265 289
270 64
205 255
186 14
167 263
109 49
1 225
282 119
232 156
238 277
260 161
146 137
263 111
144 254
57 163
96 84
265 71
102 101
298 103
285 267
145 42
51 235
82 81
142 137
226 102
52 117
306 211
157 141
133 105
50 273
62 191
289 274
174 274
144 276
51 76
168 212
130 141
46 166
122 234
177 252
29 173
217 223
290 258
64 116
245 275
58 244
76 94
252 192
109 86
115 63
180 62
283 293
133 73
48 11
31 19
142 11
237 5
211 83
240 165
230 263
284 51
50 261
261 17
177 222
185 93
201 219
213 32
120 18
226 274
281 248
6 74
66 16
288 157
234 286
226 48
260 260
188 116
234 174
130 198
200 234
102 38
196 293
102 79
179 107
38 146
230 250
183 1
231 64
56 137
285 229
155 104
132 174
85 246
235 4
114 213
58 297
292 233
37 31
173 98
66 286
175 192
292 109
190 235
269 120
281 85
69 276
294 11
82 23
44 217
158 205
57 155
195 176
113 129
22 263
242 131
161 84
78 227
232 264
73 50
151 223
71 164
135 78
207 15
190 188
176 53
111 187
133 8
3 1
185 175
192 140
176 181
262 85
110 54
303 49
193 70
240 197
61 182
11 193
120 258
225 288
213 280
71 124
119 214
51 294
50 66
112 227
33 11
118 1
263 137
15 126
92 160
203 222
111 113
136 220
102 238
234 129
44 69
225 70
210 237
49 275
84 234
198 67
7 299
49 49
122 176
17 89
94 239
95 58
23 73
291 155
279 22
212 273
219 62
45 49
124 201
277 283
301 234
261 229
151 178
197 215
23 100
22 306
224 250
85 293
203 76
289 106
124 141
67 69
290 177
200 131
97 168
301 151
69 96
254 266
181 236
301 77
215 45
155 110
286 85
35 277
189 30
1 187
16 112
186 279
21 222
4 195
166 294
143 246
15 201
235 55
148 63
74 59
192 102
303 142
33 39
128 100
267 89
83 67
22 19
295 20
273 298
172 42
79 186
295 194
228 149
123 72
236 293
115 278
186 116
55 235
139 118
23 227
163 251
298 141
65 236
292 115
110 153
83 125
281 49
161 95
12 210
28 187
95 70
279 26
198 218
122 132
304 207
268 197
183 30
86 141
172 30
30 120
92 0
233 122
268 201
2 110
297 122
75 243
235 132
50 12
271 291
129 263
298 196
25 7
61 201
77 234
65 92
42 138
79 67
201 173
257 36
299 133
189 90
151 302
214 165
201 241
119 83
49 242
118 303
239 158
204 26
121 83
124 90
175 199
76 96
75 66
73 287
199 27
95 212
293 294
116 11
92 265
288 289
227 36
247 207
265 33
49 23
10 251
104 26
115 149
299 41
62 227
122 56
187 21
60 114
103 143
249 81
30 81
110 5
203 191
288 146
154 285
59 270
84 47
282 44
299 293
301 49
54 139
25 18
78 239
14 205
268 123
290 11
249 274
235 274
199 284
155 266
125 127
17 226
117 191
83 189
12 240
243 189
216 199
151 73
146 155
186 107
274 34
209 55
153 122
206 296
186 196
73 164
154 11
135 16
235 193
39 16
3 218
271 4
88 215
36 104
260 287
74 14
156 229
62 162
226 42
249 23
298 152
76 125
295 200
253 89
238 65
143 117
118 243
33 183
281 182
192 72
84 250
56 229
38 259
109 34
14 224
267 57
70 271
134 200
305 37
105 18
166 133
30 247
290 25
263 75
37 160
78 31
131 60
14 75
58 299
249 234
159 167
299 125
45 11
262 178
294 178
9 203
296 66
138 181
230 60
93 185
258 6
174 78
19 102
52 17
178 258
169 10
236 110
162 78
110 14
91 126
186 164
148 265
162 210
212 71
228 286
21 215
34 167
125 177
114 142
24 53
171 202
206 259
24 69
112 193
2 254
223 140
187 47
301 86
77 206
292 91
251 120
123 278
48 202
195 220
14 248
108 221
18 210
191 304
1 20
290 268
211 214
178 246
257 0
194 84
191 176
183 32
274 248
58 266
113 250
81 242
252 14
101 252
93 154
109 238
256 18
105 177
88 88
284 245
9 159
17 221
18 83
205 130
109 200
182 164
224 301
283 260
297 145
216 264
239 269
251 161
114 304
172 111
246 191
43 257
294 58
268 286
201 229
185 266
289 64
271 103
210 182
253 9
303 34
225 148
191 122
76 85
93 81
20 97
182 201
286 39
260 135
202 291
171 253
164 130
162 45
17 286
257 234
191 148
146 24
204 225
213 260
157 144
187 271
300 193
157 75
55 199
136 144
276 63
286 2
107 267
79 74
135 193
12 252
288 46
99 31
124 45
168 202
34 53
188 173
9 85
3 140
229 196
41 75
119 270
92 232
231 97
83 194
209 286
268 132
197 79
28 41
201 117
114 83
136 297
252 20
128 219
172 305
155 187
87 300
295 121
46 24
211 212
223 22
274 189
154 204
33 208
240 72
21 292
5 100
113 299
133 60
175 50
275 177
189 0
290 44
239 27
74 61
238 224
130 236
102 159
278 78
26 137
296 80
77 102
22 181
114 90
43 176
231 33
227 289
199 299
98 93
240 54
283 11
110 138
22 98
152 91
22 23
295 260
111 271
21 258
197 26
198 37
142 96
291 54
251 223
48 188
43 33
57 36
40 65
19 50
193 259
274 137
145 28
134 67
131 109
194 226
199 80
251 43
178 184
181 154
30 108
236 302
71 230
39 291
236 70
137 58
219 157
131 232
287 155
179 207
89 151
201 270
277 237
239 264
42 204
134 275
245 226
250 170
210 226
25 292
224 85
45 42
236 141
200 18
138 246
90 19
44 31
228 288
148 120
48 261
77 229
211 94
141 98
302 265
260 170
240 135
6 1
218 221
186 233
82 120
77 150
212 10
302 99
263 250
63 6
54 38
209 67
222 254
247 92
165 109
306 124
154 253
226 143
291 87
116 172
291 286
245 119
108 223
171 10
191 161
158 219
280 223
74 28
233 42
282 37
217 91
93 149
168 223
172 171
154 200
79 24
159 17
122 121
31 88
290 33
12 224
169 33
264 143
131 137
206 288
186 38
56 96
175 67
253 18
177 74
224 228
22 273
33 185
136 38
261 200
88 99
172 195
148 169
105 272
40 10
151 290
108 172
113 253
74 77
143 219
7 78
302 232
294 221
251 181
179 15
193 132
37 211
118 117
127 224
150 56
165 84
197 93
59 240
236 129
107 45
121 131
8 272
22 141
7 105
29 68
149 133
250 153
227 264
5 49
103 278
239 19
202 42
65 109
77 278
169 20
215 71
186 171
139 85
235 243
87 43
34 302
154 213
97 149
55 210
208 128
155 170
117 260
119 108
7 19
260 6
124 189
232 277
267 53
146 166
105 170
110 227
177 147
244 214
259 295
23 258
107 150
23 190
223 198
293 69
140 32
29 271
42 246
209 75
294 202
117 237
219 182
304 181
228 84
297 247
127 154
291 35
281 302
138 109
73 3
276 189
163 144
76 104
22 253
181 275
287 143
187 216
285 148
74 121
153 48
140 247
147 182
265 97
78 70
262 176
266 26
199 138
124 1
34 101
143 0
152 75
281 77
177 200
62 233
146 162
77 253
288 209
51 111
255 231
144 249
103 131
298 235
0 82
15 306
180 81
111 139
271 32
119 45
269 38
119 27
180 223
179 237
110 39
178 298
174 48
235 109
302 247
236 278
276 258
122 5
286 211
222 1
196 36
279 56
83 198
122 92
102 180
250 299
58 4
63 79
38 94
26 298
30 36
247 292
71 84
250 67
93 83
143 29
72 22
241 76
31 76
284 68
103 96
289 188
156 296
0 59
72 20
179 251
17 302
233 10
191 281
211 60
143 156
67 297
126 6
139 8
268 216
188 217
32 297
68 195
256 271
171 241
2 151
145 299
297 210
224 36
155 94
306 273
214 89
17 194
110 168
220 210
154 144
225 152
300 75
232 235
81 278
305 3
165 273
274 27
149 142
171 142
179 34
171 36
157 68
288 220
155 210
56 244
94 214
35 196
189 26
170 55
47 252
290 115
19 203
5 129
144 5
18 195
223 5
66 246
123 263
264 215
254 275
170 213
186 257
90 29
282 66
202 62
54 254
204 123
245 98
240 235
42 89
235 34
191 159
116 228
54 48
15 254
147 288
26 222
71 202
147 78
174 82
92 230
182 183
153 164
139 178
27 255
130 238
225 50
91 41
90 22
176 246
293 26
203 64
68 66
306 116
41 230
111 233
141 15
233 181
301 301
86 39
11 136
226 15
75 275
78 0
281 289
99 26
255 73
86 139
280 115
242 86
211 246
252 97
82 7
167 259
258 138
1 149
174 115
40 59
227 19
260 35
209 255
269 130
105 101
82 250
246 20
12 195
227 135
226 173
212 14
103 228
14 37
112 143
112 160
60 183
280 189
51 115
86 30
105 6
176 176
58 185
306 25
1 46
201 0
155 199
52 282
241 304
157 288
45 256
295 142
261 45
300 226
177 56
284 170
225 120
54 229
103 237
18 32
36 17
172 246
1 285
119 278
188 20
20 273
174 139
189 88
275 290
270 170
19 232
97 165
152 221
180 170
65 85
169 83
66 127
62 149
153 258
266 165
28 109
281 198
95 103
35 194
92 40
220 278
265 82
297 61
77 179
31 111
87 277
24 180
37 250
275 198
98 84
257 232
220 19
292 263
83 9
218 229
297 215
289 133
39 225
7 191
195 14
261 21
152 234
178 290
49 32
260 269
131 47
306 201
186 194
58 281
218 56
115 273
113 212
306 290
14 158
40 282
224 114
13 284
181 97
201 35
263 204
108 15
190 60
245 187
105 300
180 256
146 232
191 169
137 188
191 245
60 192
44 128
19 255
40 181
234 169
232 32
287 137
215 134
185 36
79 234
235 124
304 53
277 191
1 122
232 203
16 117
253 148
108 217
300 165
181 157
175 45
216 290
123 58
169 208
188 280
217 208
22 220
157 200
305 272
284 99
56 103
4 43
84 188
143 288
71 29
97 162
153 267
265 135
163 61
224 194
14 61
94 299
226 186
72 127
186 211
38 27
18 205
81 160
302 277
43 185
223 69
216 181
225 107
127 148
252 288
106 128
78 87
125 19
162 219
104 141
29 269
303 122
232 103
214 264
156 17
87 101
263 301
184 6
178 144
143 145
301 113
290 297
40 203
125 220
266 189
305 294
259 4
81 254
0 219
240 168
103 115
138 234
67 48
302 27
198 11
78 59
207 73
198 191
238 151
180 125
197 95
60 171
13 84
272 243
240 50
290 112
303 270
165 204
232 240
63 273
46 151
207 265
94 293
81 105
129 224
124 179
74 170
243 281
54 273
68 213
19 131
119 223
278 68
219 78
238 177
96 241
275 155
166 36
296 158
280 275
235 239
277 292
74 179
152 230
277 70
194 234
77 292
245 169
115 226
265 156
126 161
242 64
161 247
178 227
87 205
30 70
253 301
60 71
38 229
96 35
89 227
36 130
181 290
263 195
162 270
159 54
15 152
41 110
284 222
166 288
216 155
128 245
34 122
69 266
114 128
0 302
40 153
164 237
49 21
165 176
112 208
301 88
50 105
277 4
284 190
39 230
22 279
173 71
269 218
168 13
247 225
197 134
88 185
69 306
140 133
240 219
167 214
164 294
134 298
261 58
34 294
82 2
35 43
278 96
110 170
112 2
183 162
22 171
287 147
216 239
135 117
84 140
53 111
130 196
241 272
149 262
218 40
205 195
250 112
178 152
245 250
231 196
20 136
117 47
150 247
198 46
270 146
17 73
202 60
260 154
135 290
273 277
33 34
143 226
81 150
20 129
207 282
191 179
35 19
269 68
53 198
289 215
115 106
188 190
81 260
157 127
38 162
32 118
44 138
69 242
49 25
195 8
189 179
194 31
210 197
27 174
14 23
73 174
161 18
249 306
208 267
132 280
219 25
245 206
191 133
226 84
289 150
207 177
276 180
25 5
65 306
43 249
184 178
177 5
253 51
216 248
68 34
207 276
194 66
180 116
49 123
298 64
263 37
94 32
216 1
169 120
148 33
271 256
302 203
249 291
31 106
211 290
259 89
246 10
90 162
291 274
234 139
176 110
73 23
244 200
227 82
147 94
135 151
192 225
147 299
177 198
216 16
36 241
272 159
0 292
139 191
189 193
26 206
304 167
223 128
285 265
250 183
113 0
265 78
87 273
10 163
120 42
248 239
221 267
302 285
279 32
232 266
215 149
97 220
216 43
306 57
288 104
116 132
186 75
244 114
195 95
56 237
236 186
111 179
184 297
218 94
67 248
205 142
42 195
72 10
99 104
305 165
85 231
192 279
134 218
132 284
306 19
68 149
35 125
224 190
149 27
186 138
269 46
292 211
235 97
7 145
19 290
37 165
56 88
190 146
257 101
301 186
269 106
192 287
253 7
212 89
85 12
25 101
123 37
90 131
69 281
247 86
161 87
137 29
36 100
226 239
21 57
243 271
39 53
5 94
205 61
257 79
248 295
83 79
156 267
53 171
281 92
133 57
213 5
19 228
97 246
123 130
275 196
289 198
67 118
270 163
64 220
52 226
273 121
301 191
146 277
124 21
173 61
50 246
226 257
64 132
51 126
39 273
60 55
181 190
289 178
109 214
129 96
29 300
56 24
306 23
54 122
103 122
266 55
106 211
93 102
220 172
123 191
291 117
38 173
244 285
153 172
142 50
200 171
277 145
97 289
77 193
112 206
127 80
286 129
27 38
82 244
7 143
82 225
235 160
165 220
149 95
304 45
183 200
229 166
74 210
47 84
295 246
246 64
236 147
270 94
180 174
193 263
52 65
247 246
141 280
198 288
88 211
275 75
138 89
298 252
0 233
68 232
259 252
249 271
244 65
57 54
92 238
127 132
289 69
87 279
235 69
185 105
296 238
8 149
45 282
194 18
187 236
19 0
269 280
196 147
198 198
181 18
179 0
211 19
244 219
184 239
194 239
257 239
141 252
13 173
171 287
294 71
153 99
150 161
211 2
167 10
176 284
176 91
234 299
97 129
27 146
290 8
275 226
181 64
302 167
291 251
299 179
257 224
152 85
260 292
1 265
50 145
110 81
58 38
239 99
98 16
146 77
274 239
112 135
20 39
150 102
119 280
1 281
196 272
139 262
53 278
231 210
122 28
228 131
270 21
40 236
139 59
213 115
15 259
227 61
115 40
245 53
229 69
166 81
209 97
178 117
274 86
141 30
75 252
188 51
300 292
10 60
116 86
245 26
37 195
283 167
80 216
150 71
139 38
259 117
283 235
73 298
44 170
252 243
232 1
260 15
36 122
187 246
139 26
295 134
244 16
82 287
239 195
164 212
34 189
216 185
275 111
5 98
154 97
170 78
79 167
152 193
244 283
132 3
16 280
206 134
218 48
123 40
15 24
248 95
283 20
137 10
67 198
98 74
36 223
142 175
106 182
237 81
195 116
70 289
298 183
269 111
256 169
94 195
247 84
286 188
82 298
35 34
285 31
177 66
74 237
256 32
140 154
66 61
236 285
233 291
210 187
74 175
78 104
228 282
8 51
161 110
71 199
59 216
245 48
177 215
122 163
209 95
93 59
58 292
89 234
27 282
42 163
209 139
83 200
226 133
181 281
241 295
48 296
63 263
163 223
104 262
143 31
186 238
239 252
235 165
1 69
170 255
179 56
179 305
40 126
305 296
223 230
297 200
241 34
195 241
175 88
285 23
81 37
220 288
105 245
193 215
270 244
25 16
1 244
91 196
201 54
121 302
72 178
210 203
178 164
265 25
288 162
256 49
261 1
157 303
176 97
165 72
231 172
171 17
283 39
208 89
299 158
112 123
91 80
221 177
209 62
159 13
72 33
33 256
184 246
292 293
54 169
217 112
259 290
186 97
237 60
281 87
146 285
23 284
15 39
68 209
46 196
61 16
157 241
103 43
208 301
61 108
89 169
64 66
6 111
189 183
194 244
250 210
242 306
258 23
150 224
81 80
104 19
39 195
214 182
60 280
105 2
203 153
148 17
51 204
4 117
14 264
103 201
154 229
123 227
162 91
112 120
108 265
99 114
159 1
158 266
46 82
300 138
46 4
103 256
74 10
204 12
152 247
134 2
171 196
61 76
144 170
207 290
149 272
17 155
297 23
105 55
48 104
302 173
64 102
237 240
259 34
104 302
184 260
80 36
199 140
9 118
226 46
33 224
128 142
142 6
55 180
223 248
114 168
30 217
216 259
164 174
34 114
24 186
119 136
224 166
75 215
89 248
89 288
295 105
247 107
162 116
157 176
39 50
180 152
265 195
46 147
226 111
52 192
22 244
89 145
54 259
201 181
84 213
215 47
126 226
91 289
280 6
137 200
285 47
176 43
118 115
49 41
252 65
290 281
148 42
195 281
125 17
92 151
106 57
71 267
53 196
113 78
2 70
140 105
87 150
91 140
267 276
194 185
22 143
148 260
175 223
73 117
143 19
246 159
184 139
213 284
94 73
121 143
134 137
36 178
305 244
1 273
106 153
193 269
160 42
109 206
279 126
112 29
274 263
213 82
271 38
136 234
246 256
256 77
199 160
203 40
284 178
85 130
131 44
253 245
10 215
68 263
188 33
120 119
109 285
290 92
266 226
113 184
80 64
227 166
81 139
229 209
183 300
280 62
124 158
211 189
50 137
252 300
55 77
72 142
23 108
245 248
16 13
28 113
252 265
241 56
98 39
140 109
120 210
289 222
257 172
217 230
50 172
250 4
280 75
123 139
230 292
226 268
83 22
139 69
272 247
62 129
166 172
162 132
126 91
106 294
55 3
280 65
85 306
225 68
100 48
208 161
236 169
163 104
190 229
35 77
82 202
130 290
113 31
275 208
161 62
28 234
168 50
306 13
294 45
235 212
190 167
105 163
284 27
15 203
207 107
278 110
13 47
258 98
82 240
63 15
149 202
194 278
100 264
212 124
98 147
273 74
129 190
155 57
203 306
11 35
209 246
25 265
82 258
268 115
288 257
195 268
154 70
95 11
87 37
186 154
157 55
141 59
230 228
132 169
71 169
260 60
40 305
216 151
289 82
256 227
260 246
18 295
131 242
204 199
180 241
39 186
290 245
21 281
39 71
163 242
83 172
59 252
28 151
288 164
274 15
290 299
282 255
89 223
101 122
235 197
29 138
197 250
8 121
45 213
291 252
288 99
159 278
46 233
89 206
271 211
249 162
276 214
38 169
300 56
173 73
126 143
42 63
82 88
65 94
139 281
188 253
140 112
276 254
24 85
93 77
18 25
280 225
11 257
11 200
88 23
157 269
127 306
122 50
262 270
203 246
97 152
80 30
47 136
146 185
198 225
136 207
71 260
243 13
172 185
6 119
283 104
236 265
249 215
123 225
1 78
178 20
216 21
34 207
71 227
2 305
177 114
221 73
59 141
43 303
76 176
201 163
203 270
124 247
92 106
224 132
95 110
130 19
28 122
58 80
287 27
214 80
236 199
10 236
53 9
187 299
30 280
217 12
233 110
5 300
27 205
104 160
278 215
134 95
46 276
133 193
71 187
207 66
90 241
205 246
37 225
115 165
211 185
55 246
116 283
8 153
287 227
24 234
296 301
71 249
221 106
106 63
13 171
60 140
232 114
300 202
228 233
26 84
287 47
139 227
245 242
155 76
124 3
187 282
58 19
75 206
10 234
173 221
127 21
260 257
20 5
83 167
223 119
167 73
124 194
211 172
86 18
148 82
39 150
289 102
108 192
293 193
168 62
6 42
297 54
142 123
196 187
1 14
197 256
79 207
229 14
137 278
10 123
76 134
18 11
259 182
304 154
166 110
136 68
136 286
119 66
200 213
103 260
156 181
294 77
197 57
24 57
157 37
148 213
301 245
85 95
117 245
162 7
10 91
139 283
14 141
55 33
24 199
4 272
255 162
99 13
133 16
158 216
37 65
254 150
134 248
143 40
290 29
252 173
271 69
166 170
274 43
202 109
250 7
9 221
290 126
46 188
8 195
106 250
70 258
77 75
176 167
64 248
213 59
85 151
196 299
134 214
47 54
239 184
47 298
248 232
218 136
7 140
146 176
269 172
34 264
263 67
214 136
52 190
15 294
87 82
108 230
235 216
126 271
265 140
150 68
185 207
67 108
7 202
206 182
298 304
11 149
97 134
48 167
271 187
224 1
138 141
120 53
287 189
278 160
204 266
121 226
223 73
78 187
101 203
197 138
119 183
282 204
237 256
116 190
112 294
87 32
129 21
213 267
113 176
31 52
10 244
86 113
278 188
245 129
88 242
171 190
3 16
212 104
106 92
97 78
246 199
110 146
79 113
224 118
97 262
162 141
127 136
300 27
232 303
303 238
135 55
192 236
92 12
202 84
175 244
190 82
98 229
143 65
272 271
246 73
4 219
82 156
24 163
1 203
187 123
256 171
276 17
296 174
269 14
68 24
100 148
297 175
65 197
113 151
88 298
198 195
284 57
34 26
182 68
124 166
102 258
217 281
242 204
226 190
195 27
20 28
24 239
272 225
54 244
96 136
56 114
296 71
153 104
41 7
206 210
134 254
117 289
213 269
209 262
78 93
123 157
3 152
97 0
34 271
203 135
188 24
243 242
208 236
185 197
248 67
221 162
29 124
32 142
136 155
260 67
166 194
193 126
76 247
127 18
136 225
266 9
108 174
77 17
282 244
44 146
290 266
280 139
212 253
81 223
85 176
58 130
277 19
63 150
260 285
69 64
158 20
104 28
179 59
105 32
143 9
162 237
105 144
71 54
166 232
25 164
70 256
251 199
100 155
167 286
66 270
221 61
240 132
125 51
285 209
77 195
182 181
13 72
264 269
83 288
46 107
248 288
214 248
254 268
24 116
256 213
52 67
297 96
303 282
252 206
11 28
156 28
276 281
271 124
74 190
294 132
209 168
89 21
206 166
243 101
99 221
295 289
181 213
87 94
119 149
256 44
264 220
1 144
291 97
306 236
193 257
192 275
99 11
49 47
269 7
96 280
283 195
265 181
216 35
53 290
132 180
229 172
115 49
114 274
240 278
275 31
63 169
289 306
157 283
86 118
127 102
97 272
67 28
128 285
110 202
136 131
22 158
273 282
187 289
238 292
61 293
233 278
287 63
61 158
245 215
144 263
89 68
161 279
124 134
297 165
218 8
246 36
7 158
66 174
272 24
47 240
123 94
53 2
297 261
105 200
218 240
172 250
91 58
146 53
179 147
42 180
145 69
5 296
104 202
25 246
230 256
219 227
304 43
34 239
50 117
108 27
290 184
150 100
17 258
207 149
134 210
264 91
70 186
194 127
126 211
158 276
171 293
227 75
266 207
142 222
223 158
113 12
65 40
304 57
280 169
16 137
243 31
186 6
267 294
287 67
261 71
137 178
206 125
140 43
178 195
207 36
5 265
140 166
125 115
176 274
213 46
128 235
89 125
80 127
191 120
170 292
175 129
105 187
257 82
164 164
174 7
169 92
159 142
110 161
262 56
14 261
215 20
198 58
269 296
215 63
209 294
222 37
259 152
236 227
159 85
22 232
87 271
198 18
240 70
167 281
226 29
7 163
119 247
204 215
6 3
149 145
150 295
302 38
43 16
224 134
29 20
55 257
224 10
99 174
27 138
24 112
270 96
62 303
237 12
65 219
116 3
241 282
144 282
98 64
141 161
190 283
199 200
45 20
217 193
193 160
180 57
182 87
31 1
256 207
193 290
268 28
11 122
239 77
265 104
109 254
92 221
184 202
105 195
204 166
119 284
291 283
60 40
200 150
130 75
225 233
154 207
116 300
215 101
229 245
169 89
262 62
142 215
49 240
250 305
164 209
37 255
150 52
179 211
36 72
210 253
11 143
267 157
173 269
73 41
222 173
270 129
56 133
95 268
122 52
128 271
54 296
280 281
89 119
152 69
27 6
134 271
14 57
212 277
127 36
109 112
16 189
18 66
90 189
141 70
206 89
102 218
115 116
277 296
106 106
30 238
66 53
106 291
192 109
164 24
212 205
292 215
224 173
267 119
189 228
257 221
299 10
40 28
2 112
301 177
206 132
37 67
169 106
210 132
189 99
232 248
253 15
52 12
220 243
227 108
236 218
5 56
50 168
16 220
291 6
137 192
197 1
243 11
87 10
293 133
55 154
47 265
254 270
211 216
247 38
34 0
174 207
153 157
295 38
150 239
5 125
88 293
32 3
278 243
257 136
82 59
91 17
92 4
57 282
272 3
241 112
97 300
157 121
292 59
129 145
12 98
230 137
144 220
240 38
112 169
14 190
180 31
18 193
31 127
281 123
300 110
8 251
200 3
253 109
85 252
45 225
132 195
292 185
275 106
204 114
55 93
271 84
221 25
266 272
100 269
98 137
108 157
8 285
117 239
267 7
294 225
83 45
161 3
301 116
1 24
99 214
72 225
304 138
53 72
156 236
174 165
41 39
217 102
274 300
95 96
243 275
45 279
252 190
129 84
213 166
59 29
245 177
126 31
284 116
126 166
179 188
229 202
191 62
72 69
217 266
282 75
60 266
126 24
14 167
279 91
182 70
11 185
38 265
89 179
59 190
6 256
239 192
161 72
40 234
172 153
143 275
221 295
242 143
296 91
276 203
75 287
35 108
58 41
79 18
303 101
134 273
274 140
66 281
228 183
116 218
66 102
66 217
34 105
288 20
253 83
39 116
84 229
59 290
132 81
110 175
217 81
89 72
1 2
147 215
198 149
26 34
98 255
89 191
70 245
14 215
239 21
303 300
101 287
8 244
80 47
283 82
195 178
12 158
113 54
289 73
80 135
215 28
214 148
96 292
10 183
89 137
214 302
158 243
50 287
128 107
270 274
223 51
58 192
182 302
292 173
120 71
52 150
228 268
276 104
62 172
80 62
272 207
94 54
273 232
178 274
26 98
168 69
210 278
78 143
258 10
137 100
225 93
254 57
164 3
294 208
288 172
224 212
32 71
201 79
204 8
278 228
277 89
261 119
56 126
225 281
31 94
132 29
33 177
219 96
131 165
68 145
103 81
303 220
1 146
43 6
154 282
43 20
154 24
127 111
300 236
94 64
3 106
46 39
174 52
10 145
102 270
275 132
141 13
201 201
212 211
39 67
203 81
241 233
91 214
44 71
26 32
63 260
255 254
173 286
31 161
105 293
209 35
122 288
146 149
98 51
3 30
166 290
182 31
205 172
154 83
271 238
152 187
70 160
48 228
15 237
82 127
151 259
114 294
44 180
206 267
19 161
183 148
280 146
29 261
142 81
47 175
189 15
173 24
262 234
165 87
164 45
187 70
73 66
306 238
12 93
211 231
295 79
114 242
164 219
11 208
183 219
122 54
277 300
134 230
226 242
173 304
258 180
142 173
259 215
5 260
95 180
187 228
169 280
78 42
61 52
134 50
57 149
211 306
19 64
135 162
167 143
217 88
178 264
229 217
306 44
306 192
209 24
154 224
80 218
215 111
232 137
42 251
300 63
131 24
53 43
57 223
127 181
305 275
103 216
186 184
156 151
164 264
261 140
242 169
159 214
74 195
190 2
258 123
137 261
5 230
177 138
306 207
304 85
96 166
78 139
201 24
218 264
152 5
44 106
151 113
268 247
267 149
43 1
269 83
5 169
131 293
154 260
225 255
286 218
214 24
149 139
240 247
214 76
219 242
245 196
179 270
61 235
296 236
208 42
263 289
51 100
22 295
64 286
186 47
2 138
227 141
172 231
55 142
31 78
227 202
18 19
265 59
262 126
82 34
10 107
183 304
259 112
34 17
49 112
233 54
292 111
190 140
243 292
67 112
64 167
276 235
131 224
2 211
217 234
154 193
209 79
65 7
218 34
161 269
63 76
77 57
63 68
220 234
73 265
209 114
65 259
225 30
226 136
30 278
140 93
129 70
174 174
194 190
90 164
283 295
55 72
84 224
252 268
68 289
258 108
237 254
282 229
265 31
306 258
18 57
98 47
256 238
100 84
205 302
226 182
38 41
136 263
163 136
86 304
240 45
119 170
23 291
110 73
59 2
96 218
198 107
255 94
192 18
112 114
220 113
227 7
116 254
40 232
170 204
304 216
51 32
167 230
253 99
58 177
151 166
172 126
202 19
239 232
153 265
6 29
75 51
297 22
195 256
118 76
294 28
229 230
36 215
155 231
100 4
199 156
4 81
25 125
269 237
132 37
26 74
69 139
140 196
157 164
19 266
112 147
52 215
56 280
221 12
290 199
264 265
172 146
111 90
82 293
188 259
102 305
303 47
69 48
172 264
189 148
255 36
21 199
122 216
272 90
160 225
116 297
1 29
78 12
218 256
140 215
122 280
299 273
73 152
37 266
91 49
175 290
282 61
128 207
54 302
269 41
82 133
165 242
9 19
13 39
97 58
46 113
219 73
241 123
30 197
138 248
235 167
203 23
13 51
191 289
184 76
59 259
79 278
129 68
2 6
93 62
222 71
109 89
214 273
210 153
196 235
296 160
240 306
148 85
200 215
86 251
159 115
119 122
186 298
50 159
87 161
117 177
75 36
19 95
177 72
10 12
38 257
120 205
32 203
184 133
115 29
43 78
69 214
138 294
96 302
263 15
174 101
139 198
302 68
120 220
169 219
202 12
268 125
117 215
68 157
1 174
10 101
45 155
126 9
120 186
57 167
11 10
207 252
44 258
95 225
22 60
72 154
210 113
154 134
221 231
291 123
214 55
148 270
296 177
62 167
206 229
152 242
84 6
91 179
214 220
120 23
145 214
243 82
141 267
192 1
189 45
287 51
295 219
182 120
153 278
65 195
164 301
195 63
261 41
91 104
205 53
144 115
232 145
47 49
80 54
38 240
196 287
206 99
256 68
26 96
95 247
111 254
62 51
203 51
118 282
29 182
253 119
277 45
167 40
52 127
36 304
26 212
91 118
271 81
52 237
197 167
41 72
191 13
61 138
210 248
177 285
196 77
250 189
220 34
107 118
190 50
286 79
197 44
41 155
36 25
278 36
192 163
174 253
205 185
242 258
255 99
105 21
266 256
242 209
36 205
27 90
304 132
6 277
65 272
235 22
218 210
12 202
211 151
232 174
217 29
57 304
112 72
165 187
146 153
88 0
185 292
62 65
180 283
82 289
32 129
232 297
177 42
50 292
24 217
296 149
85 222
285 295
137 306
34 81
298 26
274 56
152 148
51 161
48 131
260 202
79 222
29 10
139 260
185 290
61 43
244 232
227 100
152 182
114 65
134 175
244 20
200 30
31 184
98 87
99 91
298 83
240 117
98 280
275 65
110 12
65 37
260 144
249 263
170 211
290 163
229 54
8 100
155 132
270 191
94 184
126 284
153 13
35 68
119 40
218 68
107 302
249 223
117 222
247 2
251 106
241 240
39 141
39 104
19 172
246 279
9 246
152 59
222 266
38 137
8 304
175 203
112 221
87 247
151 111
87 262
151 132
120 77
65 57
167 276
37 213
248 179
221 116
2 158
289 31
129 229
170 51
149 106
197 277
148 249
157 231
228 77
287 305
103 194
267 194
44 237
125 33
287 168
31 212
27 10
258 111
63 288
219 100
96 81
89 3
273 198
291 85
150 130
191 199
115 33
174 211
49 253
292 265
294 182
121 190
188 201
277 1
106 296
42 214
225 75
1 84
273 212
68 52
91 102
237 192
265 295
92 137
12 21
183 122
155 300
249 219
34 287
22 153
3 261
259 249
279 183
15 48
45 241
150 216
2 103
210 265
11 270
201 170
144 304
125 35
151 273
222 88
165 7
236 191
222 300
68 185
190 162
296 8
238 210
74 85
109 107
198 86
266 115
112 76
225 91
234 277
85 272
16 239
204 112
88 38
180 216
42 102
16 196
167 124
167 29
76 180
211 299
287 123
1 132
271 1
164 96
58 198
295 55
285 161
183 113
118 61
251 234
178 16
77 210
62 59
273 237
156 90
129 73
238 119
6 134
113 49
291 102
245 108
147 210
156 11
77 294
134 206
181 83
166 202
245 201
65 139
134 252
53 257
131 146
31 148
1 301
53 148
47 78
167 151
135 84
117 279
198 3
105 99
269 95
163 59
50 270
191 152
220 221
93 119
156 149
257 280
29 278
55 31
4 41
261 12
287 133
45 290
140 294
85 77
16 95
83 74
13 79
188 135
64 22
102 59
43 76
194 77
300 253
126 300
203 202
287 186
277 128
214 195
233 164
122 105
32 249
80 2
179 277
57 82
283 267
161 37
278 147
54 190
219 6
214 44
238 199
206 199
26 1
200 209
281 164
146 259
25 55
285 155
152 18
159 286
28 158
219 279
147 26
251 94
181 47
176 201
257 295
58 119
16 179
46 118
121 107
295 62
264 159
71 281
12 227
68 220
85 194
184 180
137 161
135 26
73 45
257 230
114 19
80 280
263 199
2 189
175 95
165 257
45 298
91 122
108 3
80 114
99 260
208 145
265 53
201 205
20 275
271 74
111 121
191 296
57 124
265 297
121 178
89 59
43 38
170 235
4 135
96 196
195 262
246 67
254 87
155 37
172 19
111 299
237 14
294 6
79 96
240 163
109 126
112 197
17 146
235 283
172 167
23 126
50 139
41 47
66 89
250 206
21 165
170 112
293 50
200 126
110 234
183 78
253 24
22 47
93 258
19 134
137 133
248 56
184 264
168 304
148 237
301 20
16 63
65 249
241 26
241 276
286 183
10 195
44 168
146 81
39 69
72 197
0 251
206 47
2 269
79 200
255 117
306 224
117 136
11 55
193 208
241 100
201 44
201 175
279 18
304 173
145 195
69 68
3 133
177 135
299 222
227 126
132 248
128 98
2 185
259 266
197 176
264 189
266 270
271 150
250 280
120 9
255 62
270 266
19 150
27 241
292 25
185 73
15 73
281 113
160 190
94 40
103 133
273 205
172 229
130 188
83 217
43 295
137 85
5 182
62 74
163 9
69 231
292 281
242 133
141 255
63 280
204 96
54 26
213 126
228 94
250 41
105 0
50 197
232 59
160 245
303 187
177 81
37 81
252 143
115 123
195 202
76 303
279 268
156 8
280 288
75 228
38 197
27 80
189 301
79 282
173 50
4 39
67 162
56 26
176 239
52 140
80 248
104 156
41 61
265 75
98 14
239 101
129 118
9 255
57 257
243 123
130 77
2 283
98 293
167 251
104 70
285 236
49 265
9 4
223 302
138 170
199 219
84 99
221 90
266 197
126 218
42 130
168 1
171 187
123 143
302 64
130 27
305 194
180 40
34 127
76 5
223 148
220 8
181 219
48 286
108 40
243 217
183 152
107 124
296 29
127 68
209 240
40 19
243 304
41 86
32 245
199 76
288 243
264 177
111 215
89 47
29 178
215 92
13 299
124 274
175 217
173 87
221 46
193 107
10 290
284 237
103 16
86 298
258 300
211 22
272 300
177 1
30 137
31 236
114 262
139 116
296 182
141 240
128 91
263 150
257 183
253 0
304 162
171 122
55 82
35 116
251 80
298 35
269 260
162 198
120 239
276 68
32 220
6 199
93 24
117 148
256 179
281 151
292 240
234 218
79 8
284 125
100 129
249 138
251 108
99 143
176 15
25 285
217 52
53 157
131 282
220 229
157 114
224 239
287 197
209 60
34 4
50 201
83 107
159 160
127 229
24 274
161 211
131 14
30 234
55 28
279 155
122 202
58 61
176 119
178 276
65 269
109 71
35 148
244 255
286 288
232 189
285 249
122 232
94 218
205 16
137 284
96 266
151 180
131 171
201 63
195 283
163 134
88 267
126 200
211 243
157 258
110 189
78 248
159 156
296 290
259 104
212 148
32 258
32 274
214 96
56 266
218 187
252 127
269 245
213 250
141 65
52 20
191 129
78 54
79 257
159 262
257 272
304 160
178 294
132 74
47 280
90 154
130 176
289 6
185 216
48 13
147 47
205 60
40 293
128 300
108 59
202 195
283 216
282 7
102 250
184 42
158 138
214 42
163 67
69 86
171 0
7 15
278 222
241 180
129 170
142 180
117 122
11 51
228 154
299 147
221 111
150 152
283 14
34 136
121 44
116 161
154 209
229 82
100 40
104 230
253 256
199 147
96 176
123 271
21 240
68 257
149 35
199 127
119 153
169 118
229 91
38 261
13 257
226 213
7 23
138 166
133 107
39 48
31 5
138 269
165 260
11 64
80 121
30 56
105 267
17 256
302 82
222 195
218 143
24 79
173 189
279 266
295 3
298 301
148 109
86 159
51 80
186 186
57 101
289 20
79 299
189 255
98 233
92 6
119 99
97 37
251 228
68 252
173 26
228 242
232 150
142 248
114 199
234 120
108 137
199 49
265 278
90 221
245 208
17 217
44 222
95 117
169 215
254 205
213 106
116 51
284 123
228 168
253 161
110 257
200 81
201 65
52 8
7 266
84 283
44 124
233 3
201 275
191 203
122 182
265 106
289 10
109 51
175 259
183 24
88 57
226 105
246 51
5 127
10 34
53 97
274 273
203 111
159 206
107 65
0 221
299 200
260 205
188 85
262 247
269 108
278 114
287 299
274 60
203 186
196 231
59 43
210 48
182 294
295 250
40 213
221 302
193 42
240 230
58 225
153 186
0 166
5 152
224 259
215 163
188 107
42 136
150 197
297 43
182 224
195 211
193 179
198 286
10 41
223 273
87 110
251 40
127 29
43 174
234 301
7 93
70 106
159 74
75 38
12 1
70 219
270 24
40 300
43 188
211 155
162 296
85 155
195 189
134 44
22 58
272 245
252 41
231 108
183 207
54 104
193 141
182 20
40 46
188 57
61 122
224 78
199 88
168 237
292 170
7 229
125 135
30 302
154 175
163 165
55 40
159 177
94 14
228 226
272 0
239 161
182 298
110 222
127 272
48 171
79 178
37 282
11 254
199 119
2 11
17 1
145 252
86 85
238 20
222 180
130 80
280 98
161 181
305 125
97 19
62 17
80 119
239 304
230 155
53 263
171 169
182 143
61 83
50 210
298 286
205 217
31 155
199 249
51 252
16 6
141 207
219 250
164 0
281 196
255 14
263 49
149 255
287 75
28 33
76 243
139 232
31 178
43 225
19 142
84 70
204 3
197 115
142 186
304 94
250 264
73 280
122 300
42 9
72 270
98 163
102 145
237 244
157 57
65 213
101 57
204 33
276 21
51 91
286 291
166 50
26 44
78 137
148 5
156 59
32 266
137 171
174 170
18 80
298 98
144 189
130 107
277 91
125 250
97 248
166 144
158 25
289 260
54 178
268 9
219 205
231 272
247 144
168 97
18 173
12 183
279 157
9 77
249 241
148 87
247 263
0 120
64 203
135 91
32 228
235 57
27 167
71 301
187 59
6 227
23 241
47 187
190 265
54 12
145 193
233 208
264 194
188 22
189 65
70 57
44 132
277 266
37 270
226 292
162 282
189 61
186 269
166 297
3 95
127 283
71 77
31 92
21 37
136 166
214 216
131 123
86 54
236 27
243 147
126 248
217 296
261 104
145 55
110 98
14 296
185 26
61 97
67 302
203 242
265 236
118 68
238 30
66 191
29 28
46 204
262 131
42 244
271 153
265 36
201 119
74 296
177 177
224 161
202 10
104 95
37 144
196 91
182 250
180 70
57 234
104 48
173 127
116 125
163 196
187 158
267 296
154 16
166 267
8 253
175 108
152 285
270 201
81 116
153 238
78 168
6 154
253 248
147 12
107 31
280 39
208 271
178 182
38 188
177 272
137 55
24 245
231 35
294 223
29 135
305 107
101 273
222 104
166 1
181 288
293 21
14 5
152 152
137 107
87 170
9 113
24 175
29 225
22 216
95 261
129 168
21 89
114 206
222 130
117 56
270 51
184 164
196 233
35 96
253 204
297 190
51 167
174 23
266 144
237 252
189 171
172 274
220 292
293 86
160 120
43 270
2 42
293 40
60 247
278 24
154 30
13 28
155 275
242 110
131 277
290 195
141 201
165 156
249 92
111 94
180 93
199 144
195 166
171 140
66 278
122 241
140 34
98 131
121 203
25 236
167 156
127 206
141 195
92 168
29 204
296 59
181 188
188 87
195 158
87 62
50 279
264 153
33 51
184 115
161 195
52 95
246 136
183 104
25 149
124 284
285 134
153 170
104 182
22 133
34 200
63 85
128 144
56 56
55 152
214 203
20 210
122 30
195 43
123 74
244 41
167 6
110 247
8 111
173 293
9 63
177 7
167 119
179 38
17 234
223 100
111 41
50 176
285 227
213 120
95 108
24 143
22 33
304 284
262 31
51 180
31 57
166 74
145 227
146 130
51 290
155 284
64 156
194 271
210 128
167 49
266 19
54 95
181 55
25 184
265 228
269 73
271 209
90 67
61 63
170 250
289 100
245 154
23 92
140 179
46 10
179 36
72 16
204 84
253 63
22 303
39 114
287 111
85 157
160 199
299 207
82 86
44 98
139 257
283 59
9 201
248 142
247 26
216 187
124 99
148 10
90 33
144 191
116 82
106 261
96 192
264 175
70 23
71 67
197 178
39 247
211 170
106 155
58 272
76 227
59 113
25 210
217 252
120 242
239 25
69 76
98 123
3 145
182 296
137 156
250 36
124 299
251 254
62 156
65 229
204 88
231 179
3 98
102 137
229 78
272 258
212 142
47 144
161 82
294 290
191 291
71 159
62 67
66 137
50 185
65 47
135 86
199 266
104 67
303 21
214 108
229 56
67 84
159 95
176 84
39 122
59 93
12 180
45 58
244 88
237 275
49 156
283 77
37 277
252 125
247 60
234 137
246 266
242 175
90 229
155 273
192 277
247 90
110 297
135 265
77 189
64 53
197 141
103 221
119 264
76 170
207 32
283 22
55 14
161 164
86 230
101 112
306 160
83 58
218 238
153 117
209 2
189 49
10 25
96 205
291 27
127 255
214 7
144 228
224 293
155 116
42 32
250 160
204 220
255 141
123 196
266 248
212 140
229 159
113 136
190 154
20 59
12 86
100 240
183 227
106 39
265 282
29 75
233 101
124 297
39 110
242 30
52 87
45 77
234 26
26 249
167 227
157 156
132 210
278 12
7 249
146 98
55 212
143 93
44 280
265 244
139 111
266 205
188 261
186 248
259 301
177 156
89 300
17 281
160 183
91 153
223 138
75 40
178 30
91 209
221 217
50 61
296 195
19 170
20 15
215 161
185 81
222 146
158 196
22 229
54 62
286 4
132 222
101 301
106 112
283 248
110 58
141 238
87 156
61 190
213 286
128 185
143 230
176 278
20 69
261 241
86 147
290 239
277 105
304 23
102 27
165 192
248 82
302 5
190 4
59 261
27 144
77 148
50 203
85 52
29 45
148 197
259 51
31 21
30 90
57 9
259 137
253 107
276 34
36 89
304 79
153 274
233 108
15 233
58 143
152 3
40 128
53 200
215 250
68 114
17 254
103 52
7 117
56 286
167 21
284 283
105 252
108 77
286 206
13 238
113 21
220 43
111 111
36 75
79 250
131 72
42 51
283 172
254 55
20 110
111 252
39 249
213 294
76 188
14 243
161 126
34 85
3 57
31 201
10 205
169 230
35 236
201 281
219 191
234 228
286 276
24 41
31 135
249 54
94 171
225 264
195 250
9 162
295 69
4 88
83 137
265 252
114 201
25 223
124 23
237 212
184 256
199 304
28 8
250 101
203 286
240 119
213 190
261 113
157 116
5 142
98 203
27 236
245 6
140 233
277 31
57 183
215 280
195 215
76 53
8 133
125 147
193 251
17 141
236 235
286 154
21 189
247 0
270 101
273 292
49 205
286 8
302 240
89 253
156 254
115 212
287 286
209 22
210 9
74 141
49 71
268 22
224 123
153 306
286 37
55 206
88 197
96 124
154 198
80 297
191 107
86 143
17 108
97 85
72 75
2 287
80 228
287 96
195 303
77 119
276 294
154 124
291 146
183 111
75 161
224 16
214 1
58 21
134 98
264 157
301 125
264 27
98 251
273 250
167 181
27 117
247 214
30 213
28 43
94 182
47 190
137 40
138 144
145 79
188 38
219 81
157 105
74 263
82 184
37 106
7 183
230 151
180 20
141 304
3 247
266 254
216 202
279 109
213 169
32 150
292 66
285 33
288 54
135 133
261 24
76 109
16 205
196 295
74 16
287 303
47 159
7 123
27 77
90 281
114 228
231 224
64 211
144 147
213 231
131 16
20 71
216 302
284 287
46 247
290 121
193 58
90 251
24 155
75 3
255 229
283 70
153 191
150 187
76 74
277 126
140 158
288 211
24 212
215 75
63 269
217 200
263 122
243 139
74 0
304 192
198 172
240 125
41 122
95 297
73 206
56 214
212 207
205 235
293 116
292 238
131 279
246 153
234 37
159 210
167 201
249 6
227 244
179 89
76 184
45 53
185 271
155 264
196 83
26 287
48 52
4 86
116 182
44 100
172 159
21 177
31 186
15 116
77 282
212 137
27 47
152 210
69 108
32 170
141 144
66 38
7 34
130 3
168 125
70 150
1 134
247 123
65 72
35 57
275 148
22 112
54 60
182 85
128 23
293 220
174 232
208 288
191 251
183 177
19 299
95 281
274 58
299 276
81 78
152 30
39 99
16 211
202 193
264 223
54 194
45 66
229 258
20 35
37 232
208 203
68 283
225 171
135 127
109 292
44 89
70 111
239 156
90 173
301 294
248 13
142 88
30 15
102 242
140 81
233 179
3 68
204 260
258 154
295 300
222 206
266 263
148 149
46 103
178 133
19 100
138 18
137 20
99 161
194 297
189 230
141 20
6 239
140 286
191 27
248 112
140 269
65 104
241 98
302 218
30 86
92 70
149 245
227 294
97 21
73 100
48 233
190 127
15 124
17 135
68 132
216 216
153 276
135 122
107 85
279 248
164 113
215 297
36 15
194 38
185 99
45 176
207 19
187 291
139 162
81 8
152 236
163 221
79 255
194 224
168 158
80 290
27 161
43 105
248 254
106 202
255 210
48 36
247 272
294 100
58 88
46 68
196 185
10 294
223 38
299 266
72 278
48 222
209 250
228 43
32 162
182 22
274 146
202 88
243 240
73 274
123 219
291 58
180 268
303 169
190 157
114 105
188 14
86 196
163 149
209 65
5 197
48 99
246 59
133 224
273 30
125 54
230 30
231 10
81 198
277 48
235 292
160 8
76 289
230 76
116 90
241 264
42 153
302 90
4 250
222 160
178 106
37 176
69 179
201 253
274 90
269 134
292 235
207 201
259 16
171 26
265 69
194 196
111 66
180 158
12 281
254 124
248 183
235 41
139 240
97 281
59 36
303 152
67 259
7 181
267 259
21 228
260 217
260 47
124 124
267 221
204 193
159 106
279 133
115 170
288 253
97 49
42 261
228 303
168 210
113 153
248 280
164 272
135 65
131 42
213 194
231 73
121 145
158 59
268 165
0 80
18 180
31 172
8 91
302 40
100 118
178 131
69 98
272 183
299 145
147 156
49 269
101 227
1 129
26 129
120 155
231 216
43 27
21 290
240 257
110 44
288 202
153 79
237 77
100 100
59 14
168 302
198 186
252 68
50 39
238 226
234 80
247 48
174 150
233 205
127 117
253 166
273 135
164 35
27 17
44 91
94 88
31 26
231 274
225 39
49 183
121 293
200 259
89 74
107 90
26 65
98 274
25 251
193 136
18 97
264 294
274 213
260 187
288 233
105 204
113 149
167 67
200 124
119 168
124 198
155 172
256 128
39 38
10 68
201 156
116 98
17 87
182 197
60 173
189 54
156 292
278 282
200 93
257 304
221 184
295 22
162 213
167 64
129 28
243 85
248 169
187 304
96 275
276 58
236 223
278 274
234 92
78 62
218 300
205 118
19 156
201 40
118 205
40 20
73 12
164 299
87 179
192 49
234 87
264 84
280 273
217 58
137 122
142 4
208 220
0 90
0 227
138 123
197 143
83 272
302 201
202 251
36 287
271 148
119 112
231 118
112 68
195 160
291 95
76 92
122 298
101 216
103 57
200 26
153 280
53 22
28 58
150 249
257 174
239 82
18 29
114 255
9 175
274 276
95 148
18 118
226 227
38 135
37 77
171 49
203 129
26 49
160 193
59 54
158 42
7 208
224 3
299 167
28 232
186 136
265 233
136 150
20 112
63 239
172 79
160 240
276 195
138 221
201 16
85 122
121 272
136 103
119 305
262 160
150 227
36 142
205 181
232 27
252 224
64 105
123 260
204 38
302 71
93 237
144 35
253 279
177 296
62 115
13 122
255 236
56 131
22 250
240 302
279 297
10 96
196 238
245 164
141 265
89 13
175 261
203 184
259 22
133 42
198 113
10 73
266 35
304 183
18 21
105 30
50 103
161 33
39 6
203 5
45 0
238 135
199 91
203 233
161 162
46 239
157 297
81 102
184 21
28 239
292 16
174 184
173 32
152 105
22 75
128 187
46 61
172 151
153 82
155 179
77 174
253 79
303 185
182 140
299 227
230 233
247 222
244 135
106 274
240 241
142 139
167 105
138 120
6 36
44 108
157 290
117 247
148 304
132 246
0 98
147 126
96 112
255 34
295 47
210 271
242 286
267 178
274 220
159 111
148 132
155 222
4 14
267 235
80 100
21 267
0 256
6 294
124 239
217 100
42 192
116 64
230 48
51 299
282 212
303 165
12 164
170 94
71 126
2 233
35 188
186 152
62 95
40 220
300 241
205 281
153 136
79 180
160 249
221 236
228 247
10 49
277 201
211 35
11 114
272 168
157 47
54 132
276 219
134 202
306 252
223 151
140 89
60 296
274 234
137 138
189 69
249 143
140 75
230 201
110 290
247 53
143 21
24 194
38 133
293 156
101 147
56 169
110 304
238 294
48 238
218 118
202 158
45 220
96 2
89 70
166 180
138 75
205 77
154 64
269 66
251 18
100 98
75 128
140 91
169 226
6 235
39 62
126 70
234 51
12 266
11 26
277 152
214 175
249 252
196 67
170 269
201 137
9 56
111 88
230 298
60 145
4 171
181 243
173 202
80 224
127 241
143 83
22 205
144 111
264 285
124 237
102 229
193 306
144 149
264 66
117 88
116 100
280 215
267 180
217 276
119 142
91 76
164 122
124 53
259 106
189 241
141 103
206 273
16 181
280 131
125 246
51 254
250 250
215 87
279 206
218 134
144 260
153 147
240 151
12 217
283 169
145 33
219 36
26 266
140 242
263 95
269 194
298 282
254 111
54 161
141 118
106 10
237 41
149 73
229 120
255 133
126 220
289 152
204 301
187 126
1 0
27 203
116 243
44 293
289 86
108 275
147 43
56 178
74 258
14 217
304 201
159 247
170 110
168 23
190 253
215 84
142 63
111 172
46 192
157 278
17 30
217 141
124 148
107 241
205 148
250 195
45 126
79 37
205 208
255 306
17 4
223 156
96 182
146 290
240 287
174 125
142 75
189 169
100 209
174 266
109 23
286 241
285 74
61 259
120 82
280 219
231 39
97 236
246 8
290 46
119 94
118 23
231 66
297 294
241 196
159 270
283 109
103 18
183 252
69 31
15 275
171 66
225 58
274 25
190 35
121 265
234 46
152 46
279 197
228 277
260 227
228 177
177 22
67 3
135 255
281 235
206 155
87 12
167 115
283 281
242 59
91 207
255 175
53 243
65 18
27 272
219 303
254 97
249 130
213 262
88 177
178 98
120 166
183 185
277 50
69 202
72 27
222 244
162 288
87 136
202 189
69 169
285 142
220 201
190 84
127 7
42 70
15 273
235 163
172 133
270 173
242 290
222 260
48 39
260 148
80 293
216 164
9 38
302 57
306 222
279 48
117 293
162 2
78 109
215 303
156 43
17 9
304 213
10 280
99 153
35 254
34 252
152 22
190 205
162 145
147 233
50 135
262 205
102 75
200 223
272 263
251 132
221 298
143 237
41 269
281 205
291 68
63 13
260 91
240 299
245 300
276 15
52 59
40 265
145 72
236 131
132 167
40 211
273 163
304 75
173 240
129 256
118 49
85 32
84 240
213 222
168 81
288 170
4 226
80 214
127 56
58 211
191 208
97 107
96 26
228 208
117 281
192 9
216 121
49 259
78 128
69 119
192 271
278 302
283 85
236 31
154 217
209 46
105 116
186 245
11 288
56 66
241 246
164 171
139 201
138 150
232 186
168 287
169 101
89 246
144 175
97 291
271 120
111 288
278 140
103 61
299 288
100 54
156 134
223 121
230 116
278 224
140 193
77 19
108 228
246 89
65 182
220 212
82 170
34 290
219 12
244 138
62 28
30 165
22 297
180 95
5 80
95 48
136 3
27 304
146 264
90 1
9 148
199 142
132 7
232 116
161 119
124 223
204 290
86 214
152 101
54 150
30 263
8 189
22 128
3 92
239 48
252 56
137 236
145 210
238 75
190 135
190 294
281 96
83 279
267 300
242 135
284 87
231 244
107 9
83 277
214 78
219 117
161 286
67 14
11 178
184 210
167 188
121 12
137 96
145 90
74 5
173 302
48 4
132 240
111 177
117 264
37 163
136 43
135 80
61 208
64 177
283 180
165 56
188 223
238 218
130 200
11 118
211 221
301 51
265 239
138 37
57 153
218 181
300 130
57 112
189 303
174 41
90 139
232 222
228 222
297 287
169 285
183 155
140 222
96 16
65 80
272 10
94 45
139 252
200 194
176 125
231 184
2 8
53 163
113 158
94 166
260 180
220 27
150 189
82 20
113 17
238 104
35 120
305 279
260 69
76 285
162 28
286 52
166 42
70 295
226 118
293 269
49 81
297 142
226 79
268 225
193 148
51 275
138 46
125 292
176 29
202 276
54 144
243 94
107 170
110 36
151 154
232 38
104 188
133 134
189 129
205 69
30 103
123 13
301 263
34 305
195 124
262 228
242 288
24 133
149 58
282 152
224 223
69 147
267 237
274 63
133 186
103 286
63 209
133 159
214 276
143 300
123 7
290 210
273 32
37 248
260 279
193 128
174 194
265 160
146 243
161 206
118 252
203 272
238 228
40 40
100 182
264 263
56 302
293 61
203 297
284 254
12 17
6 106
57 238
211 257
49 54
175 117
139 16
121 129
99 265
67 218
113 305
154 159
239 12
102 297
243 71
164 231
87 84
268 128
142 108
194 266
257 99
111 145
114 298
277 199
90 111
36 239
67 236
37 90
0 253
143 200
252 194
298 110
255 143
85 208
132 32
115 112
239 9
139 238
91 252
192 210
12 102
87 190
266 142
206 49
292 302
175 135
85 206
8 199
130 194
187 96
135 11
65 165
101 184
245 290
92 64
172 120
38 63
175 169
101 221
173 282
150 84
34 50
119 128
35 106
177 188
225 81
162 97
292 151
192 243
3 23
164 284
102 254
216 129
84 94
106 246
246 4
158 192
276 95
216 32
37 243
36 275
170 273
4 238
264 161
73 304
11 154
75 195
263 185
22 28
16 85
158 16
270 56
289 168
243 262
50 155
252 84
221 98
258 60
189 203
122 1
296 228
295 273
32 233
277 175
64 175
33 64
75 256
220 133
165 149
231 208
60 120
205 222
196 59
154 85
286 159
73 134
108 176
120 29
21 43
7 282
53 30
18 178
172 300
173 145
295 124
146 132
292 144
52 85
24 135
99 246
72 89
36 118
258 255
290 237
260 168
87 275
200 251
203 1
24 172
138 189
68 42
257 90
65 231
26 199
68 151
123 11
281 210
69 206
112 5
239 133
269 78
197 206
219 17
46 222
253 202
98 135
99 191
239 93
269 285
282 206
198 223
56 144
256 88
33 172
255 16
169 130
94 231
90 57
150 50
282 214
249 173
66 144
55 278
303 245
19 259
186 80
137 280
278 52
19 174
30 54
61 93
165 127
32 15
89 130
16 11
42 216
241 224
305 292
179 157
22 70
279 10
217 62
145 224
185 148
87 200
49 304
198 102
87 120
38 171
89 94
128 260
245 263
92 162
34 220
236 64
64 1
200 217
291 193
291 150
288 205
19 82
170 159
176 89
88 250
244 140
228 137
127 113
92 26
182 195
163 65
201 49
51 97
301 10
11 46
24 296
286 273
26 296
271 46
285 70
168 152
89 262
251 63
120 252
29 39
174 60
178 129
203 127
185 1
222 63
137 148
192 249
93 210
300 84
104 38
241 158
46 274
47 56
250 225
187 36
292 226
218 80
95 257
293 137
1 102
248 41
281 19
21 14
101 289
2 299
44 84
111 24
19 226
103 6
303 275
123 200
167 199
239 106
262 169
45 142
80 237
106 180
293 262
276 110
188 257
184 62
156 72
123 69
126 152
162 53
196 88
95 236
295 258
111 236
36 170
133 27
228 46
297 258
59 201
14 226
1 231
199 233
207 258
110 60
167 219
79 194
282 300
293 107
219 142
199 63
64 11
135 209
236 59
218 151
263 238
72 238
9 188
40 118
139 277
193 172
12 306
205 14
245 167
75 235
261 283
50 51
204 106
11 278
32 291
179 46
225 37
15 42
173 223
304 262
6 203
256 107
238 4
133 138
183 51
185 158
182 286
76 83
194 50
166 166
213 51
222 27
196 81
27 159
22 301
238 140
216 197
210 245
234 241
125 123
86 16
58 242
255 101
212 275
196 217
242 54
190 77
44 251
18 70
300 5
45 120
96 33
70 251
112 297
72 18
151 255
257 118
269 287
129 250
44 273
281 246
132 287
280 255
183 100
244 63
124 216
177 28
271 251
298 249
145 258
60 132
229 29
226 178
61 27
72 247
177 45
133 1
295 53
233 124
147 297
190 55
88 147
153 188
128 86
244 60
55 163
98 186
3 161
299 101
67 79
222 3
2 163
180 165
11 89
211 146
300 58
152 109
118 159
122 173
39 220
272 219
282 52
103 235
91 242
90 85
146 158
199 245
3 277
104 264
9 273
31 289
2 220
84 304
73 71
54 79
277 289
297 147
87 72
101 6
176 298
281 274
102 40
118 82
131 31
287 105
107 88
300 93
298 177
259 200
18 168
127 63
133 161
154 35
5 167
257 293
6 288
113 164
250 79
104 224
79 16
111 70
276 46
84 295
103 158
261 306
200 255
200 133
142 272
272 132
103 36
249 213
36 102
38 46
78 170
215 65
238 52
289 252
55 112
229 18
147 204
48 211
63 30
46 300
41 164
214 177
302 135
182 211
5 91
194 60
106 289
78 156
102 47
89 123
39 35
38 201
159 280
61 241
19 146
228 15
260 131
172 204
196 291
48 306
196 33
113 41
90 97
254 287
219 52
285 124
251 202
148 178
84 185
124 92
242 211
156 128
280 286
0 197
215 132
186 69
70 79
150 205
64 81
288 39
282 280
165 251
139 77
238 95
226 20
219 111
196 154
236 18
64 172
224 130
244 246
196 204
205 177
220 2
76 31
254 191
152 12
253 106
72 116
248 235
274 271
0 263
294 30
47 37
252 145
148 206
90 167
191 34
2 82
121 254
192 116
115 152
201 305
123 256
281 157
143 104
53 180
41 186
281 21
121 98
72 240
259 273
249 25
286 170
241 269
83 242
191 273
24 98
267 47
291 191
273 84
51 188
121 260
243 98
37 158
153 299
47 26
130 207
80 303
305 158
275 84
251 285
276 77
294 244
135 73
46 93
247 167
159 170
116 66
276 270
305 169
142 125
209 53
285 110
46 292
36 155
301 73
287 107
54 67
272 191
71 275
205 243
160 44
40 260
102 210
196 191
56 48
268 20
11 272
258 261
198 15
140 164
125 254
238 130
122 161
13 118
77 72
205 31
80 264
29 303
145 288
28 21
137 173
222 55
83 221
52 202
233 171
227 106
9 23
151 231
63 8
249 128
302 84
156 36
183 191
61 110
156 294
74 217
152 161
271 105
109 9
8 280
38 25
285 58
108 236
218 291
289 148
248 147
34 181
196 55
117 224
302 42
18 6
275 108
112 52
175 241
41 272
250 255
75 49
279 137
96 74
51 82
22 271
289 97
296 68
155 216
178 256
81 256
2 196
238 112
212 34
236 181
175 8
198 193
32 272
51 258
122 148
4 306
37 23
172 96
82 11
297 299
1 258
93 19
83 115
210 273
298 169
262 8
182 256
9 137
78 91
298 0
301 61
142 305
96 202
2 51
245 181
283 198
304 63
216 257
232 301
132 39
171 85
123 109
190 24
66 204
109 139
35 138
246 100
270 230
143 258
169 282
227 22
290 161
97 23
95 203
26 42
201 28
195 72
107 107
223 299
30 193
254 249
123 306
182 45
74 208
81 299
298 129
178 175
99 68
211 96
20 163
102 55
251 248
279 210
220 224
185 117
183 262
46 254
150 292
280 117
159 188
90 43
112 105
56 117
151 298
199 112
184 127
196 229
125 88
79 232
107 209
163 176
228 280
117 196
12 264
65 35
181 25
255 173
4 32
220 259
84 111
74 133
229 101
73 81
180 105
95 142
180 261
260 213
247 125
31 123
28 71
165 76
305 283
258 87
268 147
122 76
273 161
128 66
8 193
272 276
178 301
237 123
258 213
77 200
116 258
67 125
102 66
262 167
223 65
282 291
109 114
82 71
99 78
105 232
232 256
43 202
153 20
111 296
220 180
104 247
3 114
11 78
204 159
224 64
264 287
91 71
300 16
168 15
55 54
305 17
285 41
75 273
7 279
210 1
107 273
261 150
207 250
147 134
182 39
77 215
9 248
85 137
157 98
50 221
39 148
80 6
248 30
53 77
190 103
270 42
43 83
151 66
198 209
202 224
166 34
203 264
210 20
85 181
85 220
98 195
201 77
41 116
119 47
0 199
51 21
124 60
83 211
177 219
54 270
61 261
236 210
8 269
33 148
79 305
232 250
102 220
232 95
158 51
138 129
255 50
132 71
266 215
134 244
224 268
93 228
136 180
61 36
130 244
57 109
42 91
165 49
22 107
12 62
252 6
283 118
150 64
190 12
109 25
263 277
196 297
228 64
165 65
69 104
152 50
244 236
217 131
168 239
164 282
27 19
100 271
4 188
28 132
126 145
134 154
268 101
128 289
231 15
188 40
78 33
145 157
293 231
96 0
212 258
197 267
243 157
175 27
62 285
156 145
23 102
238 71
20 268
179 5
219 223
155 158
201 111
39 164
172 44
20 117
67 92
52 292
191 15
30 190
97 181
74 232
264 255
146 234
260 129
62 49
296 213
205 55
77 129
261 173
0 50
254 45
209 281
131 190
218 46
212 100
205 201
75 68
12 82
302 123
25 46
282 1
221 290
11 128
218 159
30 38
300 278
294 292
176 174
273 196
193 29
186 19
34 218
115 176
167 126
38 112
144 95
192 111
57 87
5 18
64 136
115 137
165 30
265 246
83 285
148 52
70 34
6 175
43 4
230 267
262 152
51 263
146 125
288 129
212 16
40 63
118 259
109 187
135 295
250 242
155 118
103 179
184 14
196 248
52 296
89 42
177 61
200 203
81 162
100 160
279 257
161 136
262 136
76 158
233 22
63 97
277 56
58 100
64 39
231 102
255 183
11 23
91 202
18 116
68 301
142 188
198 231
289 186
36 94
135 62
243 187
239 144
265 221
213 67
148 185
204 140
105 91
132 198
27 45
284 13
63 302
177 203
36 180
119 106
5 206
24 59
209 164
63 181
148 306
41 222
199 271
142 234
168 297
179 72
244 131
159 284
245 160
237 269
202 206
16 132
40 162
91 82
210 141
62 132
160 90
10 259
238 84
54 16
193 198
240 292
132 188
142 33
21 114
227 246
46 137
69 249
182 169
96 99
131 263
26 102
97 31
249 221
273 54
103 14
247 80
122 78
259 281
135 49
255 284
146 86
199 44
115 88
98 201
272 57
251 197
302 182
162 114
267 241
31 225
123 187
206 233
80 143
0 283
118 194
283 156
82 36
91 304
43 141
136 214
0 6
98 89
124 63
191 99
59 63
289 246
159 83
166 98
199 282
82 135
231 191
126 43
41 292
129 283
270 11
134 63
258 202
60 168
20 296
262 273
176 140
177 39
152 294
235 270
36 306
297 139
187 144
236 75
166 265
106 161
21 77
100 93
41 194
155 9
192 154
252 32
93 52
235 230
266 219
247 290
86 178
156 204
296 156
278 179
147 202
201 160
201 72
247 174
260 10
117 231
155 96
69 13
282 140
43 117
233 296
76 241
