153 132
73 235
206 191
298 76
194 291
150 284
261 162
233 178
168 37
39 228
36 24
84 71
272 215
2 241
248 158
194 10
228 217
240 142
46 16
200 11
248 119
69 262
48 113
31 86
272 178
114 73
152 250
169 65
113 154
176 79
7 172
74 112
132 19
129 196
221 165
28 115
271 47
146 121
179 1
159 289
295 43
292 83
124 253
193 174
189 134
256 25
174 103
134 140
203 277
57 31
174 219
51 285
195 97
237 62
194 100
167 108
199 103
299 170
86 201
20 91
9 45
62 6
303 213
174 257
297 276
203 174
164 77
234 102
92 98
116 256
164 172
167 19
170 140
27 134
181 131
267 278
306 110
267 130
269 304
40 11
164 115
244 72
17 23
257 299
249 259
23 255
48 125
27 80
223 123
107 110
288 12
85 190
206 120
39 237
247 43
298 44
241 194
267 99
175 127
23 222
185 128
212 111
122 189
88 109
110 51
70 130
76 173
162 16
258 188
246 277
77 158
79 111
285 239
171 185
171 48
251 283
102 165
298 34
237 188
102 153
203 284
235 156
182 292
29 189
50 178
291 165
112 260
207 214
55 224
98 252
211 85
253 119
103 34
37 134
272 73
7 213
53 298
139 5
13 223
78 269
231 254
217 88
197 239
131 127
16 31
206 237
306 65
150 258
88 280
13 296
286 202
125 50
254 91
305 73
5 187
81 302
283 269
127 42
3 172
135 27
180 270
123 292
59 124
10 248
125 209
199 129
140 213
288 1
28 299
58 43
287 296
87 24
263 10
159 187
86 182
291 231
223 221
65 83
140 124
57 196
115 18
241 36
298 139
227 25
182 260
69 155
241 146
297 270
64 251
229 0
179 51
8 98
56 69
104 285
266 218
288 52
163 205
91 155
272 59
172 131
182 144
142 14
71 305
252 74
9 65
141 157
227 159
167 100
49 5
46 76
127 168
240 4
258 67
304 72
122 65
84 264
230 114
69 284
198 26
90 298
13 91
249 154
198 296
220 245
292 31
291 132
99 23
202 208
303 74
233 20
297 265
101 191
115 281
41 148
158 152
28 49
6 76
20 204
242 188
270 138
259 109
76 145
249 300
155 113
153 142
127 96
202 249
133 303
114 92
164 183
149 171
131 178
89 92
306 75
149 93
41 83
223 295
185 11
207 194
147 110
11 229
302 130
294 174
57 82
208 96
268 267
165 162
220 37
63 174
205 274
95 129
41 284
112 232
124 171
120 264
24 76
69 61
245 100
283 306
100 229
253 183
15 83
9 13
95 15
185 3
88 28
165 28
291 51
70 225
220 261
209 152
35 44
289 140
87 297
108 19
44 25
171 138
159 21
56 186
17 108
92 157
12 110
39 295
173 281
224 277
206 157
207 109
152 87
223 56
262 1
182 193
29 198
8 129
236 149
212 301
77 289
86 102
236 208
93 125
226 248
120 35
36 93
150 8
50 88
115 44
176 34
54 231
22 13
16 7
282 79
222 297
273 115
2 216
191 220
206 298
251 129
114 245
57 142
302 149
301 275
99 190
74 300
34 130
153 161
58 272
255 222
157 4
85 153
56 119
299 299
122 181
125 212
22 147
306 0
220 204
269 44
66 243
28 0
202 254
120 133
106 12
269 222
275 114
242 231
114 59
289 304
263 245
32 210
148 23
111 245
71 70
230 105
79 162
284 103
124 116
148 44
107 144
73 218
227 68
70 6
256 150
268 110
43 53
265 178
294 227
41 302
21 65
128 305
209 77
86 91
156 217
299 191
176 190
302 215
225 287
79 220
17 64
257 214
11 0
218 268
108 190
9 130
163 15
62 246
196 10
199 74
127 302
1 180
208 212
102 86
20 122
222 181
85 75
140 51
70 227
59 0
165 273
23 198
299 54
205 173
111 204
19 167
34 285
83 162
254 42
190 97
256 191
149 113
198 55
256 195
232 90
84 169
17 79
3 52
49 180
262 51
241 140
263 212
115 167
56 129
181 246
253 135
245 127
55 102
186 243
133 133
263 240
228 263
62 105
156 188
149 118
14 160
190 115
108 13
46 211
218 51
286 253
107 78
56 218
142 281
200 95
36 79
3 90
177 255
286 107
64 223
192 195
22 238
273 96
235 25
228 187
182 99
181 232
160 302
261 43
125 82
285 145
119 286
49 166
26 57
2 25
105 263
71 140
280 79
261 79
158 53
144 177
88 256
146 186
224 206
256 148
45 15
66 164
124 260
130 269
253 154
33 77
273 250
160 155
124 107
288 124
280 234
96 208
144 92
155 126
51 42
119 11
262 276
122 198
133 109
248 32
257 87
257 54
78 267
163 273
140 101
289 262
94 272
33 58
37 88
106 259
170 168
297 17
94 270
160 226
139 270
71 96
262 278
283 93
168 135
259 53
246 271
150 3
127 161
302 171
100 87
276 227
87 13
253 132
40 8
278 152
58 86
159 213
165 105
290 169
81 50
242 252
252 176
39 143
239 45
36 167
103 187
16 135
129 64
147 112
62 29
243 155
61 1
154 221
70 177
19 47
86 240
215 88
243 253
197 110
196 280
131 292
262 249
127 49
150 41
253 73
297 19
150 17
157 93
212 262
267 303
159 102
106 280
30 293
53 254
272 141
188 45
199 289
234 273
241 41
186 15
226 54
219 276
222 261
19 72
81 137
2 36
287 10
86 281
252 31
111 22
116 30
275 260
158 250
148 203
217 153
74 100
5 155
207 17
295 186
222 164
152 123
122 271
272 11
296 251
252 178
284 0
105 96
262 27
130 56
142 94
278 163
197 114
59 253
140 180
130 306
170 299
52 133
92 113
172 181
144 221
163 256
148 61
206 207
291 39
286 121
142 104
182 199
180 133
14 104
102 291
133 122
303 269
296 188
213 178
26 26
168 269
271 287
188 262
244 175
246 209
274 179
273 80
8 35
104 197
6 290
197 145
74 181
185 63
11 297
34 292
78 209
6 40
170 303
65 252
303 0
244 162
4 294
178 14
278 6
44 210
22 122
18 268
302 260
211 105
225 22
93 140
176 241
272 55
54 281
78 120
94 161
68 25
210 102
276 20
204 262
198 184
33 288
82 45
65 124
85 265
247 140
126 259
100 46
144 298
29 276
56 107
103 183
175 160
140 292
91 275
60 185
101 215
185 161
233 160
297 226
253 159
30 244
299 206
300 8
163 162
139 53
298 272
83 99
61 160
245 149
47 141
125 169
64 219
218 108
146 270
103 29
64 184
170 238
153 248
253 58
207 5
29 230
162 92
269 64
0 272
288 266
73 140
138 22
300 258
277 254
123 240
306 179
285 157
66 283
120 33
25 51
11 223
115 46
147 291
10 191
126 304
214 285
273 256
22 5
288 77
295 277
136 152
26 20
99 106
96 294
117 127
117 287
120 182
190 218
89 51
132 52
277 210
279 157
302 7
115 186
9 216
33 212
261 122
297 185
257 288
150 46
295 16
214 129
22 204
45 95
306 95
249 132
194 200
161 54
20 21
224 54
5 70
38 49
243 212
62 301
37 42
256 262
43 201
59 195
20 108
229 236
112 39
57 133
145 152
40 125
12 85
301 156
86 119
1 205
255 184
163 270
2 174
41 152
21 124
45 250
98 209
94 177
70 204
0 8
210 288
245 18
231 132
152 81
2 279
208 43
255 214
176 275
259 139
116 268
239 14
2 209
124 279
305 143
260 58
152 293
15 241
101 69
166 211
205 104
285 15
45 206
78 249
206 165
237 106
267 239
277 10
69 297
4 63
278 37
169 162
254 74
90 111
280 238
55 220
296 210
189 95
63 279
171 92
138 181
159 100
91 61
109 191
169 19
283 279
96 224
297 90
209 17
89 166
55 171
302 164
229 301
300 303
53 246
289 138
47 166
53 38
47 43
284 262
264 228
138 94
127 51
67 279
32 253
214 266
76 291
68 113
157 154
276 173
298 112
280 111
121 95
71 136
258 159
116 201
209 233
248 227
162 302
102 177
158 18
276 138
149 274
276 102
24 80
37 268
89 217
194 107
192 137
264 93
18 103
287 201
80 78
137 209
64 209
142 58
231 44
286 176
77 277
28 243
222 102
241 18
95 27
97 126
138 272
3 190
192 36
142 240
8 232
93 194
98 97
284 71
190 211
195 251
298 117
302 152
255 256
174 59
29 154
260 246
222 167
58 27
300 233
196 101
65 113
99 223
67 186
109 128
284 176
252 252
140 9
248 51
139 67
171 244
231 28
5 221
225 72
176 10
140 266
31 198
157 48
84 202
113 291
148 41
76 268
223 271
109 265
20 301
153 68
30 69
248 181
211 124
100 138
176 228
71 43
253 23
123 150
112 168
155 26
280 221
171 3
32 279
108 97
30 259
132 262
169 26
247 118
255 167
89 290
44 299
145 131
127 125
151 94
291 300
305 104
275 151
182 52
1 21
0 52
126 84
32 8
69 124
121 24
95 284
242 81
182 129
281 171
84 182
247 300
117 232
301 283
128 47
190 112
123 118
144 138
193 27
43 284
132 120
22 40
225 52
60 286
72 5
278 172
101 281
228 118
249 3
234 264
305 11
280 26
187 11
77 237
72 102
270 144
148 7
238 217
263 295
90 277
162 199
11 112
194 205
72 242
100 295
124 151
250 232
273 278
266 284
176 222
273 152
118 298
48 270
148 3
86 62
89 5
229 299
72 173
231 144
163 258
230 16
236 11
3 143
31 257
65 20
286 279
102 233
39 281
134 156
80 246
34 275
5 292
4 276
134 260
261 40
231 62
48 60
91 228
32 54
125 225
197 166
80 24
58 109
196 91
90 27
183 225
247 186
4 286
222 29
61 25
193 58
138 220
172 205
197 160
59 205
141 44
211 210
158 104
219 114
274 193
128 149
216 119
133 127
218 287
270 150
11 219
28 215
170 181
115 197
29 194
11 108
184 143
156 298
118 9
102 109
34 150
237 206
114 283
94 198
148 25
186 165
141 77
220 64
93 184
136 70
45 270
287 136
277 7
47 219
190 179
113 225
266 209
300 210
76 113
279 170
244 230
270 259
270 15
119 203
161 124
108 200
40 94
44 274
127 59
194 154
214 127
30 97
147 101
129 8
297 282
97 274
25 61
49 247
214 24
208 30
146 44
178 122
172 267
263 78
137 168
180 80
278 226
110 78
136 253
272 139
202 298
107 194
158 78
288 128
36 27
241 254
263 116
206 90
144 140
235 134
184 67
210 12
41 174
54 265
180 266
237 283
103 119
150 286
89 255
189 59
254 280
239 91
233 9
16 305
132 103
95 23
217 31
132 118
297 292
259 305
302 95
188 156
38 154
101 168
177 173
37 58
159 64
108 238
287 247
217 218
278 121
191 176
85 210
151 119
236 35
216 18
282 59
130 271
31 163
95 194
80 41
124 77
140 253
126 156
195 246
219 140
131 158
210 55
8 135
56 248
237 295
224 283
278 280
133 14
62 231
31 183
225 46
225 41
9 180
10 11
15 126
300 292
10 274
161 291
133 267
147 28
293 76
226 224
181 35
111 104
162 295
10 165
115 208
212 208
114 71
32 62
198 0
255 197
278 303
249 30
123 19
49 34
274 282
248 27
239 5
102 77
75 234
21 277
137 238
133 89
305 118
128 156
83 13
161 101
281 256
10 9
30 261
197 261
66 301
299 109
111 99
75 192
60 44
54 222
233 258
22 218
104 1
121 160
18 247
165 181
110 164
67 98
10 152
12 147
153 218
97 178
9 138
116 97
234 82
178 103
226 59
305 122
173 60
110 130
239 116
270 231
213 151
136 22
181 207
36 209
140 211
142 41
253 293
151 52
253 152
302 33
299 224
66 1
94 95
106 21
174 136
260 102
70 184
177 236
80 43
239 240
220 103
135 304
157 256
236 72
179 233
116 16
38 294
244 181
144 58
209 188
253 5
104 92
297 166
7 57
85 136
225 222
42 290
245 0
54 295
53 145
172 211
147 265
204 152
19 33
300 260
221 39
89 8
279 174
142 205
230 90
275 116
209 42
284 62
205 126
62 287
153 119
225 180
258 69
123 104
93 49
287 140
60 221
137 6
283 98
100 276
113 27
233 100
59 98
99 5
286 181
200 45
219 203
166 154
34 98
17 157
9 144
14 300
283 33
272 188
66 63
201 182
178 92
70 192
134 296
181 121
110 0
201 75
280 84
76 161
105 36
235 51
281 287
99 196
286 306
233 284
54 52
282 63
67 291
200 101
279 43
124 66
242 107
111 266
141 299
138 171
286 25
126 296
202 93
108 80
90 233
74 223
80 87
207 105
266 32
50 186
171 62
258 194
18 181
113 222
246 175
278 17
284 143
124 277
208 290
111 97
241 203
250 119
75 114
45 44
131 36
237 183
63 171
69 37
182 112
151 219
137 52
65 266
301 25
12 283
66 125
51 170
134 181
125 4
93 104
164 167
304 252
215 174
16 51
293 111
210 306
12 184
276 184
93 33
224 136
56 105
15 71
239 255
269 75
210 162
62 151
155 143
165 300
64 144
273 38
117 229
298 95
41 238
281 188
247 78
246 101
159 77
268 306
235 44
21 236
10 43
71 240
266 90
185 262
48 47
0 36
4 199
49 234
217 14
300 199
114 115
272 85
67 29
108 134
115 184
159 5
59 203
24 106
245 79
228 90
133 111
154 237
104 90
261 210
126 175
262 266
138 228
267 132
28 131
17 16
11 83
260 126
276 163
85 26
292 221
42 263
9 127
91 52
257 29
39 2
160 171
78 154
78 146
71 156
95 97
16 42
69 194
87 251
211 98
80 259
249 238
206 223
3 187
82 48
268 269
219 110
111 276
267 301
1 124
97 40
274 216
116 60
82 146
37 204
27 28
97 260
298 259
52 284
155 31
304 39
185 227
44 159
64 233
103 4
149 189
251 73
51 241
181 262
149 239
224 66
239 250
127 216
271 273
53 302
208 133
179 101
117 8
71 185
258 196
30 170
20 194
169 258
266 120
84 11
128 55
97 206
43 199
27 285
240 289
24 256
275 220
65 225
255 276
215 22
153 108
179 145
300 107
103 124
22 156
167 185
268 144
143 119
275 149
119 233
29 282
150 240
246 166
125 273
146 206
81 272
109 240
250 77
284 296
184 223
111 287
153 280
80 157
278 51
149 144
38 124
260 93
158 298
290 124
240 170
102 231
245 43
175 114
297 15
281 138
277 54
116 199
46 199
8 70
205 73
30 9
163 34
80 155
214 170
260 124
36 249
158 233
303 87
107 36
130 120
267 245
57 90
305 256
247 258
172 72
287 14
185 107
135 126
100 241
221 200
14 97
18 185
273 97
65 10
259 40
277 241
211 244
183 203
249 284
217 123
29 176
168 265
68 46
117 59
297 239
35 40
304 32
263 139
61 295
268 84
0 247
230 153
262 6
22 34
119 105
220 284
194 151
230 218
108 62
44 246
279 241
24 91
160 134
97 106
304 13
163 56
264 187
237 156
227 215
136 216
151 190
61 11
115 253
68 41
1 229
162 171
134 82
49 30
293 96
247 215
62 214
133 284
46 91
140 205
272 170
303 129
6 262
69 293
221 125
204 145
13 258
81 17
228 122
166 183
173 134
249 261
43 276
96 108
64 35
281 306
282 182
237 93
260 26
253 40
59 296
222 213
242 302
217 190
21 154
178 284
167 193
248 206
88 91
223 197
113 196
33 297
53 252
251 105
98 272
219 289
97 193
117 262
241 155
91 48
168 52
186 208
125 118
259 128
197 16
53 241
297 46
284 215
215 294
304 65
95 289
69 299
21 158
284 278
128 116
78 6
271 92
90 160
216 305
215 49
52 300
158 31
243 195
184 91
146 12
121 158
218 277
164 92
175 235
262 97
184 9
53 188
187 296
94 113
130 147
99 59
109 43
125 275
131 9
229 147
92 261
184 170
280 159
120 65
167 236
15 262
172 46
203 300
203 118
198 230
116 270
268 261
102 61
256 286
90 121
3 152
267 127
259 49
266 166
144 240
35 200
256 241
220 147
68 204
215 224
168 39
167 3
247 103
213 159
165 20
199 38
261 195
22 186
99 160
135 64
281 134
97 174
279 236
112 164
145 26
306 181
176 162
111 234
162 127
296 114
4 30
142 254
270 79
287 270
145 100
268 163
109 104
296 304
55 72
259 251
238 278
63 201
152 305
238 264
78 265
27 105
29 156
165 120
228 189
34 33
232 22
241 92
68 0
85 20
196 265
99 131
131 251
210 84
247 128
229 40
155 169
90 196
232 293
176 116
72 150
191 119
230 71
292 283
200 71
205 241
165 41
188 274
30 291
79 22
150 304
60 210
74 221
31 267
3 12
95 119
295 244
227 0
284 129
102 288
76 204
152 125
21 63
74 151
138 302
245 112
122 89
5 58
251 56
112 244
197 38
46 132
259 218
87 26
243 178
265 288
270 65
204 256
186 13
167 263
109 49
0 225
282 120
233 156
238 276
260 160
144 136
264 112
144 253
57 162
96 83
263 72
100 101
300 103
286 267
145 43
50 236
82 81
142 137
227 102
52 116
306 212
156 142
133 105
50 273
62 191
289 272
174 275
145 274
52 76
168 212
130 142
46 168
121 233
176 253
30 174
216 222
291 259
64 115
246 275
58 243
76 93
252 191
110 87
115 62
181 61
282 293
133 73
48 11
31 19
141 11
237 5
212 83
241 165
230 264
284 51
50 260
262 16
177 224
184 93
201 219
213 32
120 19
227 274
281 248
5 74
67 15
287 158
234 285
227 49
260 260
189 116
234 174
129 198
201 234
102 38
195 293
102 79
178 107
39 146
229 250
183 2
232 64
57 136
285 228
156 103
132 174
86 247
235 5
113 214
58 298
291 233
35 31
173 98
66 285
175 191
292 109
191 234
270 120
281 85
70 275
294 10
82 23
44 216
158 205
57 154
195 175
112 129
22 263
243 131
160 84
79 227
232 264
73 50
151 223
73 164
136 79
206 15
191 187
174 53
110 187
133 8
3 0
185 175
192 139
174 182
264 84
111 54
303 48
193 70
239 197
60 183
12 192
118 258
225 289
214 282
71 123
119 214
52 295
50 65
112 227
36 13
118 2
263 137
13 126
92 159
204 223
111 113
137 221
103 238
235 129
44 69
226 70
208 237
49 274
82 232
198 67
5 300
49 50
122 177
16 88
93 238
95 58
21 73
292 156
279 22
212 272
219 63
46 48
124 201
276 283
301 233
262 228
153 177
197 216
23 100
24 0
224 249
84 294
202 76
289 106
123 141
69 70
288 177
199 131
96 168
301 153
69 97
253 266
180 235
299 78
215 45
154 109
287 85
34 277
188 31
1 187
15 113
187 280
21 222
4 197
165 293
144 246
14 202
235 55
149 63
74 60
192 101
303 142
33 40
129 100
268 89
83 68
20 19
295 20
273 298
173 42
79 186
294 194
228 149
124 73
236 293
115 279
187 116
55 236
140 119
22 227
162 250
297 141
63 236
291 114
111 154
84 126
280 49
162 95
10 210
27 187
93 68
278 26
197 218
122 132
303 207
268 196
183 30
86 142
173 32
29 121
89 306
233 122
269 201
0 111
296 123
75 242
235 132
50 12
272 289
129 262
297 195
25 7
61 202
77 235
66 91
43 139
79 66
201 172
257 35
298 132
189 88
152 303
214 165
201 241
119 83
49 242
117 305
238 158
204 26
121 84
123 91
174 198
77 95
75 67
73 289
199 28
95 211
293 293
117 10
91 264
288 290
225 35
247 207
264 32
48 24
9 250
104 26
115 149
299 42
63 225
124 56
187 22
60 114
104 143
250 81
29 81
111 6
204 191
289 145
154 285
60 271
84 48
281 44
298 295
301 48
53 138
25 18
77 239
14 204
268 123
290 12
248 274
236 273
199 284
155 268
125 126
18 226
118 193
83 190
13 240
244 188
216 199
151 73
146 155
187 106
275 33
208 56
154 122
208 297
185 197
75 165
154 12
135 15
236 192
43 17
2 218
271 3
88 216
35 104
260 287
74 14
156 229
62 162
227 42
249 23
296 152
75 122
296 199
254 89
237 66
143 117
118 243
33 184
280 181
192 72
84 250
56 229
38 258
107 34
14 224
266 58
70 272
133 200
305 37
106 18
166 136
31 247
290 26
263 76
37 160
78 30
132 59
14 75
56 299
249 233
158 167
299 125
46 12
261 178
295 178
11 203
296 66
138 179
230 61
93 185
258 7
174 78
19 101
52 16
176 258
170 10
235 110
162 77
110 14
91 125
186 163
149 263
162 211
210 70
227 286
21 214
32 168
124 177
115 144
24 53
171 202
205 260
24 68
111 191
3 253
223 140
188 47
301 86
77 206
291 91
250 121
123 278
48 202
193 220
12 248
108 220
17 209
191 303
1 19
290 266
212 214
177 245
257 306
194 83
191 174
182 31
273 248
58 266
112 251
81 242
252 13
103 253
93 155
110 238
256 18
104 177
88 89
284 246
10 161
18 220
17 83
207 131
110 200
182 164
224 300
284 260
298 144
216 264
239 269
251 161
113 304
171 109
247 191
44 256
295 60
267 286
200 230
185 265
288 63
272 103
212 179
253 8
304 34
224 148
191 122
76 86
93 81
19 99
182 201
286 40
261 136
201 291
172 252
163 129
161 46
19 287
258 233
190 148
146 24
205 225
212 260
157 144
188 272
300 193
156 76
54 201
135 144
276 64
286 1
107 266
78 74
135 193
10 251
288 45
99 32
123 44
169 203
34 53
187 172
10 84
2 141
230 196
41 75
120 270
92 232
232 98
83 195
209 286
269 132
197 79
27 41
201 117
115 83
136 297
252 19
128 220
171 304
156 186
88 300
294 123
46 24
212 212
224 21
274 190
154 204
34 209
240 72
21 291
4 100
114 299
134 60
175 49
276 178
188 0
290 44
239 27
73 61
239 224
130 236
101 158
278 78
25 136
296 80
79 103
22 180
115 90
42 176
231 34
227 288
201 299
98 92
239 54
283 11
110 138
22 98
153 88
22 23
294 261
110 272
21 258
196 26
197 36
143 96
292 52
252 223
49 188
43 34
58 36
38 65
18 51
194 259
274 138
145 28
133 67
131 109
193 225
199 79
251 44
178 183
182 154
31 108
235 302
71 229
39 292
237 70
138 58
218 158
130 232
287 156
179 207
88 151
202 271
277 236
240 265
41 204
135 273
246 227
249 171
210 227
24 293
224 84
45 42
236 140
201 18
139 246
90 19
43 32
229 287
149 120
48 260
77 228
211 94
141 96
301 264
259 170
241 134
8 2
217 220
184 233
82 121
78 149
212 12
301 98
265 248
64 6
55 38
209 68
223 254
246 92
165 108
306 124
157 252
227 142
291 86
117 171
291 284
246 120
107 222
172 9
191 161
157 218
280 223
75 27
233 43
280 36
216 90
93 148
169 223
172 171
155 200
78 24
160 17
122 120
30 88
290 33
12 225
168 34
263 143
133 138
205 288
186 38
55 96
175 67
254 19
176 74
224 228
23 273
33 186
138 39
261 200
90 99
173 194
151 169
106 272
41 9
152 291
109 172
113 254
74 80
143 220
6 78
301 231
294 221
253 181
180 15
193 133
37 211
119 118
128 225
149 57
166 87
196 93
59 241
237 129
108 45
120 131
9 271
22 141
6 105
28 68
149 134
251 154
226 263
3 50
103 278
239 18
203 42
65 109
78 278
169 21
217 69
186 170
139 84
235 244
87 42
34 303
154 212
97 148
56 212
209 129
155 171
115 261
120 108
7 19
260 7
124 189
232 276
268 53
145 166
105 170
110 228
177 147
243 214
258 295
23 258
109 151
24 189
222 199
293 70
140 31
29 271
42 245
208 75
296 201
117 238
220 182
304 180
228 84
296 247
127 154
292 33
281 301
139 108
73 4
276 190
163 144
77 105
23 253
180 274
286 143
187 216
286 148
76 120
152 49
140 247
148 183
264 97
78 70
262 176
265 28
200 138
125 1
33 100
144 305
152 75
281 77
176 199
62 233
145 163
77 253
288 210
51 111
255 231
144 248
101 131
298 234
306 82
14 305
179 82
111 139
271 32
119 45
269 40
120 26
181 221
178 235
110 39
177 298
173 47
235 108
302 245
236 277
276 258
123 5
287 211
222 1
195 37
279 55
82 199
122 92
102 181
250 299
58 4
63 80
38 94
26 298
29 36
247 292
70 85
250 66
94 83
143 29
70 22
241 77
32 75
285 68
103 96
287 188
155 295
0 59
71 20
177 251
16 303
234 12
191 281
210 60
143 157
68 298
126 6
139 7
268 217
189 217
31 298
70 195
257 270
172 242
2 150
146 299
298 210
224 36
156 94
306 274
213 88
16 194
110 168
219 210
153 144
225 151
300 76
230 234
81 278
304 2
164 271
276 27
148 142
171 142
179 34
170 36
157 68
289 221
155 210
56 244
94 213
36 196
189 26
169 54
48 253
290 116
18 203
6 128
144 6
18 195
222 5
65 247
122 265
264 215
253 277
170 212
186 257
90 29
283 65
203 63
55 254
204 124
245 98
241 235
43 90
234 34
192 159
116 228
53 48
15 256
147 289
25 222
71 202
146 79
174 80
92 230
183 182
153 165
138 177
26 255
130 238
226 50
91 42
91 22
177 243
294 26
203 65
69 67
306 116
42 230
110 233
140 15
233 182
302 302
86 38
10 136
226 15
75 276
78 306
281 289
101 26
255 73
86 140
279 115
243 87
211 246
253 96
82 6
167 259
257 138
1 151
174 115
38 60
227 19
259 36
210 255
269 130
107 99
82 250
245 20
11 194
228 135
227 173
213 14
103 228
13 37
112 143
113 162
58 184
280 190
50 115
88 30
104 8
175 176
58 186
305 23
0 46
202 1
156 198
52 281
242 304
157 288
46 256
295 141
261 45
300 226
176 57
285 169
224 120
54 229
104 236
17 33
35 18
171 247
0 284
119 278
189 21
21 273
174 139
190 86
276 291
270 169
19 232
97 164
152 221
180 173
65 85
168 83
67 127
62 149
153 257
266 164
29 108
281 199
95 103
35 194
93 41
220 277
265 81
298 62
77 180
31 110
88 277
23 181
38 250
275 199
98 83
256 232
220 17
291 263
83 9
218 228
296 216
289 132
39 226
8 191
196 15
261 22
152 233
179 289
50 32
261 267
130 48
306 200
186 195
58 281
217 57
116 272
113 212
305 290
13 158
41 282
224 114
12 284
180 97
199 36
264 204
108 15
191 59
245 187
108 300
180 257
144 232
190 169
136 189
191 245
60 192
45 128
18 255
40 180
233 168
231 32
287 138
216 133
185 36
79 236
235 123
305 51
278 190
0 122
231 203
15 117
254 148
110 217
300 165
182 156
176 45
216 292
125 57
169 208
189 281
219 208
22 220
157 200
305 273
285 97
57 103
4 43
84 188
143 288
71 29
97 162
153 268
263 135
162 61
224 195
13 61
95 298
227 185
71 128
185 210
38 28
17 205
81 161
302 277
41 184
224 70
216 182
225 106
128 147
253 289
107 128
78 88
125 20
162 220
104 141
30 269
303 122
233 104
214 263
156 17
88 102
262 300
184 7
178 143
143 146
301 112
289 297
39 203
125 218
264 191
305 294
260 5
82 255
0 219
241 168
103 116
138 234
67 48
301 28
198 11
77 60
207 73
198 191
238 150
181 126
197 95
60 172
14 85
273 243
239 50
290 113
304 271
165 205
233 240
64 272
47 151
208 266
94 293
80 104
130 225
123 179
73 169
243 283
54 273
67 213
19 131
118 223
278 68
219 78
239 177
97 241
274 154
166 37
295 158
280 275
235 240
276 293
75 179
152 230
276 70
194 234
78 291
246 169
115 226
266 156
125 160
242 64
161 247
177 227
88 206
29 70
252 300
61 72
38 230
97 35
89 227
36 130
181 290
262 196
161 270
159 54
15 151
41 110
285 223
166 289
215 154
128 244
35 122
69 266
114 127
1 302
40 154
165 237
48 22
165 174
113 208
301 88
50 105
276 5
283 188
40 230
21 279
173 70
268 219
169 15
247 225
198 133
87 184
69 305
139 132
240 220
166 213
163 293
134 298
262 58
36 293
82 1
35 42
277 95
110 170
113 2
183 162
21 172
287 146
216 238
133 116
84 141
53 111
131 197
242 273
149 261
219 40
205 195
249 111
179 151
243 250
232 196
20 135
117 48
150 247
198 46
271 146
17 74
203 61
261 154
135 290
273 276
33 35
143 226
83 150
21 130
208 281
191 178
33 18
270 67
54 198
288 213
114 106
189 189
81 260
157 127
38 161
32 119
44 138
70 242
48 26
194 8
189 177
194 30
208 198
28 174
13 23
73 175
160 19
249 0
207 267
133 281
219 24
245 206
191 133
226 83
289 149
207 176
275 180
26 5
66 306
43 249
184 179
176 5
254 51
215 248
69 35
207 277
195 66
178 116
49 124
297 64
264 36
95 32
216 2
169 121
149 34
272 255
303 202
248 290
32 106
211 290
259 90
245 9
90 162
290 274
235 138
177 109
72 22
244 199
227 82
147 94
134 151
192 223
147 301
176 197
217 16
37 240
270 161
0 291
139 192
190 194
26 205
304 167
223 129
284 267
251 182
112 1
265 77
87 274
10 163
120 43
248 240
219 266
302 285
278 31
231 266
215 149
98 219
215 43
305 59
288 104
116 132
184 75
244 113
195 95
57 238
237 186
112 178
184 297
217 93
67 248
205 142
42 195
73 11
98 104
304 165
85 232
192 279
134 218
131 285
0 17
68 148
33 125
225 190
149 27
185 137
269 46
292 210
235 99
8 145
20 289
37 165
56 88
188 148
256 100
302 185
269 106
192 288
251 8
211 88
85 12
24 101
123 37
91 133
69 280
248 86
160 89
136 29
35 100
225 238
21 57
242 271
38 53
5 93
207 62
257 80
248 296
83 79
157 268
54 169
280 91
134 58
214 5
19 228
98 247
122 130
275 196
288 199
68 116
270 164
64 221
52 226
274 121
301 191
146 276
123 21
173 62
51 246
226 256
63 132
50 126
41 271
61 54
182 191
289 179
109 215
129 96
30 299
58 25
306 22
54 121
103 122
267 55
107 211
93 102
221 175
123 191
292 116
36 171
244 284
151 171
143 49
200 171
278 145
97 288
77 194
114 206
127 80
286 129
26 37
82 244
7 144
82 225
233 162
165 220
149 95
304 45
184 200
230 166
74 209
47 84
296 245
245 62
236 147
270 94
179 174
194 263
52 64
249 246
140 280
197 287
87 210
275 75
139 90
298 252
0 233
69 231
258 253
248 272
244 64
57 55
91 239
126 132
289 68
87 279
235 69
185 105
296 237
6 149
45 282
195 19
186 236
19 306
267 280
195 146
200 200
181 18
179 306
211 18
244 218
184 239
193 240
257 239
141 252
13 173
170 287
294 71
152 99
151 161
212 2
168 10
176 284
176 91
233 299
97 128
27 146
291 9
274 226
181 63
302 168
291 251
299 178
256 224
151 85
260 292
0 264
50 145
110 80
59 38
239 99
98 16
145 78
273 239
113 135
21 38
151 102
119 280
2 281
194 273
138 263
53 279
231 210
122 27
229 132
269 20
41 236
140 58
212 113
15 258
228 60
115 42
245 53
228 70
165 81
210 97
176 118
274 86
142 30
75 252
189 50
298 293
9 61
115 86
245 26
37 195
282 167
80 216
149 72
140 40
259 119
283 235
73 298
44 169
252 244
233 1
261 14
37 122
187 246
140 26
294 133
243 17
82 286
239 195
164 212
35 189
215 186
276 112
5 99
154 98
172 77
80 168
152 193
245 282
133 3
15 279
206 134
218 49
124 39
15 24
249 94
282 20
137 8
68 197
97 75
36 223
142 175
106 181
236 82
195 115
69 290
298 183
267 112
257 168
94 196
247 84
285 188
82 298
35 35
285 32
177 65
74 237
257 33
139 157
68 62
236 285
232 291
210 186
75 175
79 105
228 282
9 51
162 110
71 200
58 215
244 49
178 216
122 162
209 95
93 60
57 291
88 234
27 283
42 163
210 138
84 200
226 134
182 284
240 294
47 295
63 262
163 223
104 262
143 31
186 238
239 253
236 165
1 69
170 253
178 56
178 305
41 127
304 296
222 229
297 200
241 34
195 240
176 87
284 24
81 38
220 288
104 245
194 215
271 244
25 16
0 245
92 195
200 54
122 302
72 179
211 203
180 164
266 26
289 162
257 50
260 2
158 302
177 96
166 73
231 171
170 17
282 38
208 90
299 157
113 122
91 80
221 177
209 62
160 15
70 34
34 254
183 246
292 291
55 168
217 112
258 292
187 98
237 61
280 87
145 285
23 284
15 37
68 207
44 198
61 16
158 242
104 43
207 300
61 107
89 170
63 65
7 110
190 181
193 245
250 212
243 306
257 23
150 224
81 80
104 20
39 194
215 184
60 280
106 2
205 154
149 16
52 204
4 116
15 264
104 201
154 229
123 227
162 90
112 120
107 264
100 113
159 3
159 266
45 83
299 137
47 4
102 256
75 10
203 12
152 247
134 2
172 196
61 76
144 171
206 290
149 272
18 155
298 23
104 55
49 104
302 173
63 103
237 240
260 34
106 302
184 260
81 36
199 140
9 117
226 47
34 225
128 142
143 7
53 180
224 247
114 169
28 217
215 258
162 173
37 115
25 186
119 135
223 166
74 214
90 248
89 288
293 106
246 107
162 115
156 177
39 50
180 153
264 195
47 146
224 112
52 192
22 244
88 145
54 260
203 181
84 213
215 48
127 227
91 290
280 6
136 200
285 47
177 44
118 116
49 41
252 65
290 280
149 43
195 281
125 18
93 150
105 56
71 265
54 196
112 79
3 71
140 105
87 149
91 140
265 277
194 185
21 143
147 260
175 223
74 116
144 19
248 160
184 139
213 284
93 74
121 142
134 136
35 179
305 244
1 274
106 155
194 269
161 43
111 206
278 127
112 29
275 264
214 82
271 40
136 233
245 257
257 78
199 160
203 40
284 179
85 130
131 43
252 246
11 215
69 264
188 33
121 118
109 287
289 92
265 226
113 185
80 63
228 166
81 139
229 210
183 300
280 61
125 157
211 188
50 136
251 301
55 78
72 142
23 108
243 248
17 14
26 113
252 264
240 56
97 38
141 109
121 210
288 223
258 172
216 230
49 171
251 4
279 75
123 139
231 292
226 267
83 22
137 68
271 247
61 131
166 172
161 132
125 91
106 295
56 4
281 64
85 304
225 68
101 48
208 161
234 170
163 103
190 230
35 77
82 201
131 290
113 31
277 208
160 62
27 234
169 50
306 12
295 45
235 212
188 169
104 161
285 26
16 204
207 107
278 111
14 45
258 97
82 241
63 15
149 201
194 279
101 264
213 125
99 146
273 74
128 189
154 57
203 306
12 35
209 247
25 264
82 258
266 118
289 259
195 267
154 69
94 10
86 35
186 155
157 55
141 60
229 228
132 169
71 169
261 60
41 304
216 151
289 84
257 228
261 248
20 297
130 241
205 198
179 243
38 186
291 245
21 281
38 71
164 240
83 171
60 251
28 152
289 164
274 16
290 299
281 254
89 221
101 122
235 197
29 137
196 250
9 122
44 212
292 253
288 99
160 278
46 234
90 207
271 211
249 161
276 214
38 168
300 55
174 72
126 143
41 62
82 87
66 93
138 281
189 252
141 111
277 256
24 84
92 75
17 26
280 225
11 257
10 199
89 23
158 270
126 306
123 50
262 268
203 247
98 154
80 29
48 136
144 185
199 224
137 207
70 260
244 13
173 185
5 118
282 104
236 264
248 214
123 225
0 78
179 21
217 22
35 207
72 227
2 305
177 114
222 73
59 141
43 303
77 176
200 162
204 270
125 248
93 106
224 132
95 110
130 20
28 123
58 80
287 27
215 80
235 199
9 235
53 11
187 299
30 280
217 12
233 109
4 302
28 205
103 158
278 214
136 97
45 276
133 193
70 187
208 67
89 240
204 245
38 225
116 165
212 187
55 246
116 283
8 153
286 227
25 234
297 302
70 249
221 105
106 61
13 171
60 140
232 114
301 202
228 234
26 84
287 47
140 227
244 241
154 75
123 3
188 282
59 18
75 206
9 233
175 221
126 21
260 256
20 6
83 168
222 119
167 74
125 195
211 172
84 18
148 83
40 150
289 102
107 192
292 193
169 63
6 42
298 56
141 123
195 187
1 13
196 255
78 207
229 14
138 279
9 124
76 134
19 10
259 182
303 156
167 110
135 67
134 286
119 66
199 213
104 260
155 180
295 77
197 56
24 57
156 39
148 213
301 243
86 95
117 245
162 7
9 91
137 283
14 139
54 32
24 199
4 274
255 163
98 12
134 16
157 216
36 65
254 150
133 247
144 41
291 29
251 173
271 69
167 170
275 42
201 110
249 7
11 221
289 126
47 188
9 195
107 251
69 258
76 76
176 167
63 247
212 59
86 151
195 299
134 214
46 54
238 185
47 298
248 231
219 135
7 139
146 176
269 170
34 264
262 68
213 136
51 190
14 294
86 82
109 229
235 216
126 271
266 140
151 68
184 208
67 108
9 202
206 181
298 303
10 150
96 134
48 168
272 186
224 1
136 141
121 53
286 189
278 159
204 265
122 226
224 73
77 187
100 203
198 138
118 182
283 204
237 256
117 191
111 293
88 32
128 21
212 267
113 177
31 52
10 244
86 112
279 188
245 129
90 242
171 190
4 16
213 105
107 92
98 77
245 198
110 147
79 113
224 118
95 263
163 142
125 137
299 26
232 302
302 238
135 56
193 236
91 14
202 85
175 243
192 83
98 229
143 66
273 273
247 72
4 219
82 156
23 161
1 203
188 124
257 170
276 18
296 176
269 14
68 23
99 148
298 175
66 196
114 151
88 298
199 195
284 58
35 26
182 68
125 167
102 258
218 281
243 204
226 189
195 28
20 28
25 240
272 225
54 244
96 136
56 113
296 70
154 104
41 6
206 209
134 253
116 288
214 268
210 261
78 92
123 158
4 151
98 0
34 271
204 133
188 24
242 242
209 235
183 197
249 68
221 161
29 125
33 144
136 154
260 67
166 195
193 125
77 247
127 19
138 226
268 10
108 174
77 16
283 244
45 144
289 264
280 140
212 252
82 223
85 176
58 130
278 19
64 150
259 285
70 65
158 20
104 28
180 60
105 33
142 9
163 238
106 143
70 56
166 231
25 162
69 256
251 198
100 155
166 287
66 270
220 62
241 132
125 52
286 210
77 196
181 182
14 73
264 269
83 288
45 107
248 288
213 249
254 268
23 115
256 212
52 66
297 97
303 283
252 206
11 28
156 28
276 281
272 122
75 190
295 131
208 168
89 21
206 167
243 101
99 221
295 288
181 213
87 93
119 149
256 45
264 221
1 144
291 97
306 237
193 257
192 274
99 11
49 48
269 7
97 281
283 197
265 180
216 35
54 291
133 179
229 172
117 50
116 274
240 277
274 31
62 169
288 306
158 284
87 118
130 102
96 272
67 27
128 285
110 202
136 131
22 159
272 282
188 290
238 292
61 293
233 278
286 62
62 158
245 215
145 264
89 68
162 279
124 133
298 164
217 8
246 35
8 160
67 174
273 24
48 240
123 94
55 2
296 260
106 200
217 239
173 248
91 59
147 54
179 147
41 182
146 69
5 295
105 202
26 243
229 257
219 226
305 43
35 239
50 117
110 26
290 184
150 100
18 259
207 147
135 210
265 91
69 186
195 126
127 211
158 277
172 294
226 77
267 207
142 224
224 158
111 10
65 39
304 57
280 169
17 136
242 30
186 6
267 293
287 67
261 70
136 178
206 124
143 43
176 195
209 37
5 266
139 165
126 116
176 273
214 46
130 234
89 125
80 127
190 120
170 293
173 129
105 187
257 82
164 164
175 6
169 93
158 142
111 162
261 57
14 260
216 20
199 58
269 296
217 64
209 294
222 37
260 152
236 228
158 84
23 231
87 272
198 18
239 70
167 282
227 29
6 163
119 246
205 214
6 4
150 146
150 296
302 38
45 17
224 134
29 19
55 258
225 9
98 176
27 137
24 112
271 96
62 303
238 12
66 219
117 4
241 283
144 281
99 65
140 161
190 283
199 202
45 21
216 192
193 160
179 58
183 86
32 1
256 208
193 290
267 30
11 123
239 77
264 106
109 254
92 219
184 202
105 195
204 166
119 284
290 282
60 40
200 150
130 74
223 233
154 206
118 300
216 100
229 246
167 89
260 62
140 215
50 240
251 306
164 210
38 255
149 51
180 211
36 72
210 253
11 143
267 158
173 268
73 41
223 174
270 128
55 133
95 268
123 52
128 271
55 297
280 281
89 119
152 69
27 7
134 271
15 56
212 277
128 36
109 112
15 191
18 65
89 190
139 70
206 88
102 218
116 115
278 297
106 107
29 238
66 53
107 290
192 109
165 22
212 204
290 215
225 173
268 119
189 228
257 222
299 10
40 28
2 113
301 177
206 132
37 67
168 106
209 131
189 99
233 249
254 15
52 12
220 243
227 108
236 218
5 56
50 168
16 218
292 7
137 191
197 2
243 11
89 10
293 132
55 153
46 264
256 268
213 215
247 38
34 1
173 207
153 157
294 39
150 238
5 127
89 292
32 4
278 243
257 136
82 60
91 17
91 5
56 282
272 2
241 111
97 302
156 122
293 59
129 145
13 98
229 137
145 219
240 39
112 170
13 191
180 31
18 193
31 127
280 122
299 111
8 251
199 2
253 110
85 252
44 226
132 195
290 186
276 106
205 114
56 94
272 83
222 25
268 271
100 269
98 137
108 157
8 285
117 240
267 8
293 225
83 46
161 2
300 117
0 23
99 215
72 225
304 139
54 73
155 235
174 166
41 40
218 101
274 300
96 96
243 275
45 280
252 189
128 83
213 166
57 29
244 177
126 31
283 116
127 166
179 187
227 202
192 61
72 69
216 267
281 75
60 266
126 24
13 165
278 90
183 70
10 184
38 264
89 178
59 190
6 257
239 193
162 72
41 234
173 153
143 274
222 295
242 142
294 90
277 202
74 287
34 107
58 41
79 18
301 101
133 273
274 140
67 281
228 181
117 218
65 103
65 217
34 105
287 20
254 82
39 117
84 230
59 290
132 82
110 175
217 82
90 72
2 2
147 215
199 148
26 35
98 254
88 192
72 245
13 214
240 20
303 300
101 287
8 245
81 46
284 83
195 177
12 160
113 54
288 75
81 134
215 28
213 148
96 291
10 182
88 137
214 302
159 244
50 287
129 106
270 274
224 50
58 192
183 302
292 173
119 71
52 149
228 267
275 104
62 172
80 62
272 207
93 53
272 229
178 274
27 99
169 67
211 279
77 144
259 11
138 99
226 94
254 57
165 3
295 208
288 172
224 213
31 71
201 79
205 9
278 228
277 89
260 121
57 127
225 281
30 94
132 29
34 177
219 94
132 165
66 145
103 81
303 219
2 146
43 6
155 282
43 20
155 24
127 112
300 235
93 64
3 106
47 39
175 51
10 145
101 270
274 132
141 13
201 201
213 210
39 67
202 81
241 233
93 214
45 71
26 33
63 260
257 254
172 286
31 161
105 294
209 35
121 286
146 149
100 52
2 30
167 291
181 29
203 172
153 83
271 238
152 186
70 159
48 227
14 237
82 127
151 259
113 293
43 182
206 266
20 161
184 150
279 147
28 260
141 82
46 176
188 15
173 24
262 236
164 87
162 45
187 70
73 67
0 238
12 93
211 232
296 78
114 243
164 219
10 208
183 218
122 55
276 300
134 231
227 243
173 304
258 180
143 173
259 214
5 260
95 180
187 228
168 281
78 42
60 52
134 51
57 149
212 305
19 64
134 160
166 142
216 86
181 264
229 216
306 44
306 192
208 23
153 223
81 218
217 110
233 137
41 250
299 63
131 25
52 44
56 222
127 180
305 276
103 216
185 183
156 151
165 264
261 140
242 170
157 214
74 196
190 1
259 123
136 262
7 230
176 138
305 207
304 86
96 166
79 138
201 24
218 265
153 4
43 107
151 113
268 247
268 150
44 2
270 83
5 168
129 293
153 259
224 256
286 218
216 24
148 140
239 244
214 76
219 241
244 197
178 270
62 235
297 236
207 41
264 289
50 101
22 293
64 286
186 46
2 139
227 140
172 230
55 142
31 77
226 200
18 19
266 60
262 126
82 34
10 106
183 304
260 111
35 16
49 111
234 53
291 111
191 141
243 292
66 112
63 167
276 234
131 223
1 210
218 235
154 193
210 79
66 8
218 35
161 268
63 75
76 58
62 67
222 235
73 265
210 113
65 259
226 31
226 136
30 278
140 93
129 69
173 175
194 191
90 164
284 294
54 71
84 225
252 268
67 289
258 108
237 254
283 228
265 30
306 258
19 58
99 48
257 237
99 85
205 300
226 181
37 40
136 264
163 135
86 303
240 46
118 168
23 292
111 74
59 2
98 217
198 109
256 93
193 19
112 114
221 113
226 8
116 254
41 232
171 204
304 215
51 30
167 229
253 98
57 177
151 166
172 125
203 18
240 232
154 266
6 29
74 52
297 21
194 255
119 75
294 28
229 230
36 215
156 231
101 4
198 157
3 81
25 126
269 238
132 37
25 74
69 140
141 196
157 163
19 266
112 147
52 216
56 280
221 13
289 200
263 265
172 147
111 91
82 294
188 258
103 306
303 46
69 48
171 265
189 150
255 36
21 199
121 217
271 90
161 224
116 299
1 28
80 10
219 258
138 216
123 280
298 274
72 152
39 266
91 50
174 289
282 61
128 207
54 301
268 42
82 133
165 242
9 18
13 39
97 58
47 111
220 73
242 123
29 196
138 248
235 168
203 24
12 52
191 290
184 77
59 258
80 279
129 67
2 7
93 62
223 71
109 89
214 274
211 153
195 236
297 160
241 306
148 85
199 215
86 250
158 115
119 122
186 298
49 160
87 160
116 177
75 35
20 97
178 72
11 13
39 256
120 205
33 202
183 131
114 29
43 79
69 214
137 295
96 304
263 14
173 100
139 195
303 66
121 219
169 218
201 12
268 125
117 215
69 157
1 173
11 100
47 155
126 8
122 187
57 168
12 11
209 251
45 258
95 226
23 60
71 154
210 111
154 134
220 230
289 122
214 56
148 271
297 177
61 167
206 229
152 239
81 5
91 179
215 220
121 22
145 216
243 83
142 267
192 0
189 46
286 51
294 219
182 119
154 278
65 195
164 301
194 62
260 42
91 105
203 53
143 115
230 146
48 49
79 54
39 239
197 285
206 101
256 67
26 97
94 247
111 254
63 52
203 51
118 282
29 182
252 120
279 45
166 39
51 127
35 304
25 211
91 120
271 81
51 238
196 168
40 71
191 13
62 138
210 248
177 286
195 78
250 189
220 33
105 119
191 50
284 81
197 44
40 156
37 26
277 36
192 162
174 253
204 185
242 257
255 99
105 22
266 257
243 209
35 205
26 91
303 131
6 278
66 272
234 22
217 209
10 201
211 151
233 172
217 29
56 304
111 72
166 187
147 153
89 1
185 292
63 63
180 283
81 287
32 129
233 297
178 42
51 293
24 218
297 148
84 223
286 295
137 303
34 80
298 25
274 55
151 147
51 161
47 130
259 202
80 222
28 11
138 261
186 290
62 43
243 232
228 100
152 181
115 64
134 175
243 19
200 29
31 185
98 87
100 90
299 86
240 118
99 280
275 66
110 12
66 36
262 145
249 263
170 210
291 163
228 55
9 99
155 132
273 192
95 184
126 285
153 14
35 68
120 41
218 68
108 302
250 223
117 222
247 2
251 107
241 241
38 141
39 105
19 171
245 279
10 246
154 59
221 265
40 136
9 305
174 202
111 221
88 247
150 111
88 262
151 133
120 77
66 56
165 275
37 213
247 179
220 115
2 159
289 31
129 226
170 52
148 105
195 278
149 249
158 231
228 78
287 304
103 195
266 195
43 237
127 33
286 168
31 212
26 9
258 111
64 288
220 101
95 81
90 3
274 197
291 84
150 131
191 199
115 32
174 211
50 254
291 265
295 181
121 190
190 201
279 0
104 295
43 214
224 75
1 83
272 213
66 51
91 103
238 192
265 294
90 138
12 22
183 121
155 300
250 221
34 287
23 155
4 262
261 250
280 183
15 46
46 240
151 217
2 104
210 263
12 270
202 170
144 303
127 35
151 273
222 89
164 6
236 190
222 300
68 184
190 162
297 5
238 210
74 85
108 106
198 86
265 116
111 77
227 92
234 277
85 273
14 239
204 112
87 36
180 216
44 103
16 196
166 124
166 30
76 181
211 299
287 123
1 133
270 1
164 97
56 197
296 56
284 160
183 114
117 61
251 234
178 16
76 210
60 59
272 237
157 90
129 72
238 118
5 132
115 48
291 102
244 108
147 211
156 12
77 293
135 206
180 84
167 203
245 201
67 141
135 252
53 258
131 146
31 149
3 303
53 147
47 77
166 150
136 83
117 279
198 4
106 98
269 96
163 59
50 271
190 152
219 221
93 120
156 149
256 280
28 279
55 30
4 41
261 11
287 134
44 291
139 294
85 77
16 96
83 73
14 77
189 136
63 22
102 59
43 77
193 77
300 253
126 300
203 200
286 186
278 129
215 195
232 164
122 106
31 249
80 0
180 276
56 83
285 269
162 36
277 146
53 190
218 6
214 44
237 198
207 199
26 306
200 208
280 165
145 259
23 55
285 155
152 16
158 286
28 158
219 279
147 26
251 95
181 46
174 200
256 295
58 119
16 178
46 118
122 108
296 62
263 159
71 281
11 226
69 219
85 193
182 180
136 161
133 26
71 46
256 230
115 20
82 280
263 199
2 189
176 94
165 256
45 297
91 123
108 2
81 114
99 259
208 146
266 53
201 206
22 275
271 75
111 122
190 297
58 125
265 296
121 179
89 59
43 39
171 236
4 134
96 196
196 263
247 67
255 87
154 38
171 18
112 298
237 14
295 5
80 96
240 163
109 126
112 197
18 147
235 284
172 168
23 127
50 138
42 47
65 88
250 207
20 165
170 111
293 50
201 126
109 235
182 78
253 26
21 46
93 260
20 133
137 133
249 55
184 264
167 304
149 237
302 20
18 62
65 249
240 25
241 275
284 183
10 193
44 167
146 81
39 69
72 198
1 251
207 45
3 267
80 200
255 118
305 225
117 135
10 54
193 209
241 100
201 44
201 174
280 18
304 171
145 194
70 69
3 133
177 134
300 223
229 127
132 249
128 98
2 185
260 265
197 176
264 189
266 270
272 150
249 280
120 10
255 62
270 266
19 149
27 241
292 26
186 75
15 74
280 113
161 191
95 41
103 133
273 205
170 230
130 188
82 217
45 295
137 85
5 182
61 74
164 8
70 230
292 281
243 133
141 255
61 279
206 97
54 26
212 127
228 93
250 42
106 0
52 198
229 59
160 245
304 186
177 80
36 81
251 143
115 123
196 202
75 302
278 266
157 9
279 288
75 228
39 196
26 80
189 301
80 281
173 50
4 39
68 164
56 27
176 239
51 139
81 248
104 156
40 60
265 74
97 14
239 101
129 117
10 255
57 257
244 122
131 76
2 283
97 292
165 252
103 70
285 235
48 266
8 4
223 302
138 169
199 220
84 98
220 90
266 197
127 218
41 129
168 2
171 187
123 143
302 65
132 27
302 193
180 40
33 128
76 6
222 147
219 8
181 218
47 287
108 39
243 216
182 152
106 122
295 30
128 68
209 241
42 19
244 304
41 85
31 245
199 76
289 244
263 178
111 215
89 48
30 178
216 92
13 298
123 274
176 217
174 86
219 45
192 107
9 290
285 237
104 16
87 299
258 301
210 21
272 300
177 0
30 136
30 236
115 263
139 117
296 183
141 239
127 92
263 150
257 182
253 306
305 160
170 122
55 81
36 116
251 79
298 36
268 259
161 197
119 239
276 68
32 220
6 200
93 24
117 148
256 181
279 150
292 239
234 218
79 8
284 124
101 130
249 139
252 109
100 144
176 15
25 285
217 50
55 158
131 283
220 228
156 114
224 239
288 196
208 60
34 3
50 201
82 108
159 161
128 228
25 274
160 212
131 13
29 234
55 28
280 154
122 202
57 61
175 119
178 276
65 268
109 72
35 148
244 255
285 287
231 189
285 248
121 231
96 218
205 16
136 285
95 266
153 179
130 168
201 64
195 283
162 133
87 267
125 202
209 243
155 257
110 189
79 247
158 155
296 290
258 104
211 148
33 256
32 274
213 97
56 265
218 188
252 127
269 245
213 251
140 66
52 21
191 129
77 54
79 257
161 263
258 271
304 159
179 297
132 75
47 281
90 154
132 176
290 7
185 216
48 13
146 46
205 62
40 293
128 301
108 60
203 195
283 217
282 6
103 251
183 43
158 135
214 42
162 67
69 84
172 306
7 17
278 222
242 180
128 169
142 179
117 123
10 50
229 155
298 146
221 111
149 153
283 16
34 136
121 44
115 163
154 208
229 82
99 40
104 230
253 257
201 148
96 177
123 272
21 240
67 257
148 36
199 127
118 154
169 119
229 91
38 260
13 256
226 213
7 23
138 167
132 107
40 48
30 5
138 268
165 258
11 64
80 121
31 56
105 265
17 257
302 83
222 196
217 143
24 78
172 188
279 265
295 3
298 301
149 110
86 158
52 79
185 185
57 101
289 20
79 300
188 254
98 236
90 7
119 99
96 37
249 228
68 252
173 27
229 244
230 149
142 247
114 198
235 121
108 138
199 49
265 279
90 219
245 208
18 218
44 222
95 117
168 214
254 206
213 107
118 51
285 123
229 168
253 162
108 258
200 80
202 66
54 9
7 267
85 283
46 125
233 3
202 276
193 204
122 183
266 106
289 10
108 51
175 259
183 25
88 57
226 104
246 51
4 128
10 34
53 97
275 273
203 110
159 206
107 63
0 222
299 200
262 207
188 85
263 247
269 108
278 113
286 297
274 59
202 185
197 232
60 42
210 47
182 294
295 249
41 214
221 302
194 44
239 230
57 224
154 185
306 167
6 151
224 258
214 163
189 107
42 137
148 197
297 42
182 223
194 213
192 180
199 286
10 41
223 273
88 111
251 40
128 30
43 174
234 301
7 92
69 105
158 76
75 37
13 0
71 218
271 24
40 300
42 186
211 155
164 296
85 155
195 189
135 45
23 58
272 245
252 42
231 108
183 206
55 104
193 141
182 20
40 46
188 57
61 125
224 80
199 87
169 236
292 170
9 230
125 135
29 301
154 176
163 166
54 40
158 176
93 14
228 227
272 0
240 161
183 298
109 222
127 273
49 170
78 178
39 283
11 253
199 119
1 11
17 0
146 253
87 86
238 19
221 179
130 81
281 98
163 181
304 124
97 20
63 17
81 119
240 305
231 155
53 264
171 169
180 144
58 84
50 211
299 287
206 216
31 155
199 250
51 253
15 6
141 207
219 250
164 1
281 197
256 15
263 50
149 256
287 76
28 34
77 242
138 232
32 178
43 224
20 141
85 69
203 3
197 116
144 187
304 94
250 265
72 280
123 300
42 7
71 270
98 163
102 145
237 244
156 57
63 212
101 57
204 33
277 21
50 91
286 291
167 51
25 44
79 136
149 5
156 58
32 266
137 170
173 170
19 79
297 99
143 189
130 108
276 91
125 250
96 248
165 144
158 23
290 261
54 177
269 9
219 205
231 272
247 144
168 98
18 172
12 182
280 156
10 76
249 241
147 87
247 263
306 120
65 203
134 91
32 228
236 57
28 168
69 301
187 58
7 228
23 240
48 186
189 264
54 13
144 193
232 208
262 194
189 23
189 64
68 56
44 131
277 264
36 269
226 293
162 282
190 61
186 271
165 298
3 94
127 283
70 76
31 92
21 36
136 166
215 215
131 122
87 52
236 26
243 148
127 249
217 298
260 104
145 56
109 98
15 296
185 25
61 97
68 302
203 242
265 237
117 68
238 29
66 190
29 28
45 204
262 130
43 244
271 152
266 36
201 119
74 296
177 177
223 160
202 10
104 94
38 145
198 92
183 251
181 70
57 236
103 48
173 127
116 125
163 196
188 158
267 295
154 16
168 267
9 253
176 107
152 285
269 199
82 116
152 237
78 170
6 154
252 248
148 11
106 31
280 38
208 272
176 182
39 188
177 272
137 56
24 244
232 36
293 223
28 135
0 106
100 272
222 104
166 1
181 288
294 22
15 4
151 152
138 107
87 171
9 113
24 175
31 224
23 216
95 261
128 167
21 89
116 206
222 131
116 58
269 51
184 163
196 234
35 97
253 204
298 189
51 166
174 23
265 144
237 251
189 172
174 272
219 291
293 85
161 120
43 271
2 42
292 38
61 248
279 24
154 29
12 27
154 275
243 109
131 278
291 195
140 200
165 156
248 92
113 96
179 94
198 144
195 167
172 140
65 279
121 240
140 33
98 129
121 203
26 236
167 156
127 205
140 194
92 168
29 204
297 60
180 189
188 87
194 159
87 60
51 279
264 152
33 52
185 115
161 195
52 95
245 136
186 103
26 148
124 284
285 134
153 170
104 181
23 133
33 200
63 86
127 145
55 56
55 151
214 203
19 210
122 29
195 43
123 75
243 42
166 5
110 247
9 111
173 295
9 63
177 7
167 120
179 38
17 234
224 101
111 41
51 177
284 226
214 120
94 108
23 143
21 33
304 285
263 29
51 180
31 58
165 75
145 226
147 131
52 291
156 284
64 157
194 271
210 128
168 49
266 19
54 95
180 56
25 184
266 228
270 73
271 209
90 66
61 63
171 250
290 100
245 154
23 93
140 178
46 10
180 36
70 16
203 86
253 64
22 302
39 115
287 111
84 157
160 199
301 207
81 85
44 97
140 257
284 60
8 200
247 142
247 25
216 188
124 101
148 9
91 32
145 191
117 83
106 261
95 192
264 176
70 23
71 67
197 177
40 247
212 170
105 157
58 270
77 226
58 113
25 209
218 252
119 241
238 25
68 75
97 124
3 145
183 296
138 155
249 38
124 299
251 254
62 156
66 231
204 88
232 180
3 98
101 137
229 79
271 257
212 142
46 143
161 82
294 290
192 292
72 159
61 65
65 137
49 184
66 46
135 85
199 266
102 68
303 19
215 107
229 56
67 84
160 96
176 81
39 123
59 92
11 180
45 58
245 88
236 275
49 156
283 77
36 278
253 125
248 59
235 136
246 264
242 176
90 229
155 273
193 278
248 90
111 296
135 265
79 188
65 52
197 141
103 221
119 265
75 171
206 33
283 22
53 15
162 164
86 230
101 111
306 158
82 58
218 237
153 116
210 2
189 48
9 24
95 206
292 28
127 255
212 7
143 228
224 294
155 115
41 32
250 159
203 221
256 141
123 196
267 248
213 140
229 159
115 135
191 154
21 59
13 86
101 239
183 227
106 38
264 283
31 73
232 102
124 297
39 111
243 28
53 87
45 78
234 27
26 250
167 227
156 156
133 210
278 12
7 250
144 98
54 213
142 92
43 282
265 244
139 110
266 206
188 260
185 247
259 303
178 157
90 300
16 281
161 181
92 153
222 138
74 39
178 30
91 209
218 217
50 60
296 196
18 170
19 15
214 161
184 82
221 145
159 195
23 229
55 61
285 3
133 222
101 302
107 112
283 248
109 58
141 237
86 156
61 190
212 286
130 186
143 230
177 277
20 69
261 239
86 145
290 238
278 104
305 21
102 27
165 193
248 82
301 5
189 2
59 261
29 145
76 147
50 203
85 52
29 44
147 196
260 51
31 21
31 90
56 8
259 137
253 108
277 34
36 89
305 79
153 274
233 107
15 233
58 143
151 5
39 129
52 200
215 250
66 114
16 255
103 53
7 118
54 285
167 21
283 283
105 252
108 77
287 204
13 238
113 20
221 41
111 111
37 75
80 249
131 73
41 52
283 171
255 55
20 110
111 252
40 249
214 292
77 189
14 243
163 126
31 84
3 57
31 200
9 204
168 230
37 236
200 280
218 191
234 228
286 276
23 42
30 134
249 53
92 170
224 262
194 249
8 162
295 69
3 88
83 137
265 253
114 200
24 224
124 22
237 212
184 256
199 305
28 8
248 100
203 286
239 119
211 191
262 112
156 116
5 143
99 202
28 236
246 6
140 233
276 32
56 184
216 281
196 215
76 52
7 134
126 146
193 251
18 141
236 234
286 153
22 189
247 0
271 102
272 291
50 205
289 8
302 240
89 253
156 254
115 213
287 289
208 21
211 10
74 141
49 72
267 20
224 122
154 306
287 38
55 205
88 195
96 123
154 198
80 298
190 108
87 144
19 109
97 85
72 75
2 285
81 226
287 97
196 301
76 118
276 295
154 124
291 146
184 112
76 163
225 17
214 1
58 20
135 98
265 158
301 126
264 27
98 250
272 250
167 181
27 117
246 213
29 213
27 43
94 182
48 190
137 41
137 143
145 80
188 38
219 82
157 105
75 264
83 184
37 104
7 184
230 151
180 20
140 303
3 247
266 255
215 201
279 109
213 168
32 150
290 67
285 34
289 54
135 133
259 24
76 111
15 206
194 295
72 16
287 302
45 159
7 122
26 77
90 280
114 227
232 223
65 211
144 148
212 230
132 16
21 71
216 301
283 287
45 248
291 122
193 60
89 251
25 153
75 4
255 228
283 69
152 191
150 186
76 74
276 127
140 159
289 211
23 210
216 75
63 268
217 201
262 124
243 140
72 0
305 193
198 172
240 124
41 124
96 296
73 207
56 214
213 206
204 235
293 114
292 237
131 280
247 153
232 38
158 211
168 202
249 5
227 245
178 90
76 185
45 53
186 273
156 266
196 82
26 287
47 52
5 87
117 183
44 99
171 157
22 175
31 187
14 115
79 283
212 137
27 47
153 210
68 107
32 170
142 144
66 38
8 33
131 3
168 125
70 149
2 135
245 124
63 73
35 58
275 147
22 112
54 59
182 84
128 23
292 219
173 232
208 288
191 251
184 177
20 299
97 283
275 57
299 275
82 78
153 31
39 100
18 211
203 193
263 223
55 195
46 68
228 259
20 35
38 232
209 202
68 282
226 171
135 128
110 291
45 89
70 112
239 156
93 172
300 294
248 12
143 90
30 17
102 241
139 82
234 180
3 69
203 260
259 154
295 301
222 206
266 262
148 150
47 103
178 133
21 100
138 18
137 20
99 162
194 297
188 230
143 20
7 238
140 286
191 26
247 113
140 268
64 105
241 98
303 217
29 86
91 68
148 245
225 295
98 22
72 100
47 233
191 127
14 124
18 135
67 131
216 217
153 276
135 123
108 86
280 247
165 113
216 296
37 17
194 38
185 99
44 175
207 19
187 292
138 162
81 8
153 235
163 221
80 255
194 223
168 158
79 289
24 160
43 105
248 253
107 202
255 210
48 35
247 273
296 101
58 88
46 70
196 185
11 295
223 38
300 265
73 278
48 223
209 249
229 42
33 162
181 22
273 149
202 88
242 240
73 275
123 219
292 57
179 268
304 169
190 159
112 106
188 13
87 194
163 148
210 66
6 198
49 99
246 59
133 224
272 30
126 53
230 30
232 11
80 198
276 48
234 292
160 7
76 288
229 77
117 89
242 264
42 154
303 89
4 249
222 159
177 105
35 176
68 178
201 252
273 91
270 134
291 235
207 201
260 16
171 26
263 70
193 197
108 67
182 158
11 281
255 124
249 183
235 42
138 239
99 282
60 37
302 154
67 259
7 182
266 260
21 228
259 216
260 47
125 124
267 221
205 193
158 106
279 133
115 170
288 253
97 48
41 262
227 302
168 210
112 152
247 279
162 272
135 66
133 42
213 194
231 73
120 144
158 58
268 165
0 80
18 179
31 172
7 90
302 39
101 118
178 130
69 99
271 184
300 145
147 156
50 268
101 227
2 128
26 130
119 156
231 216
44 27
22 290
241 256
110 44
288 202
153 79
237 77
99 99
60 15
168 302
197 186
252 67
51 39
237 226
233 81
246 49
174 151
233 204
127 117
253 167
275 136
165 35
27 17
44 91
94 89
30 26
232 274
225 39
50 182
121 292
199 260
89 74
107 90
26 64
99 274
24 251
193 135
18 97
263 293
274 214
260 187
289 232
106 204
113 149
167 66
199 124
120 167
124 198
153 172
257 130
39 39
10 69
200 158
116 99
17 87
181 197
61 174
190 55
156 292
278 282
200 93
256 304
222 183
296 22
162 213
167 64
130 29
243 85
248 169
189 305
98 276
277 58
237 224
278 274
236 91
78 62
217 300
205 118
19 156
201 41
118 205
41 21
75 12
163 299
87 179
193 48
234 89
264 82
280 273
215 58
137 122
142 5
207 218
1 89
1 227
139 122
197 143
83 272
302 200
201 250
35 285
271 148
119 111
231 118
110 68
195 160
292 95
76 91
122 298
101 217
103 57
200 26
155 280
52 23
28 59
151 248
257 174
238 82
18 29
114 255
8 174
274 275
95 148
16 119
226 228
38 136
37 77
171 50
204 127
26 49
160 193
59 54
159 43
7 207
224 3
299 166
29 232
186 136
266 233
136 150
20 112
62 239
172 79
162 239
275 194
138 222
202 16
84 120
121 272
137 103
119 306
261 159
150 226
37 143
204 183
233 28
253 225
63 107
122 260
204 38
302 72
92 237
142 34
253 279
177 296
62 115
13 123
256 235
56 131
22 251
240 303
278 299
10 98
195 238
245 164
141 265
89 12
176 261
203 183
259 23
134 44
199 114
9 74
266 34
305 182
18 21
104 30
50 103
161 34
38 6
202 5
45 0
239 135
199 91
203 233
161 162
46 238
157 296
82 101
183 22
28 240
293 17
173 183
174 34
153 106
23 75
128 187
46 60
172 152
151 83
155 178
77 174
253 78
304 184
182 139
298 228
229 232
248 224
245 134
107 274
239 242
143 139
166 106
138 121
6 36
44 109
157 291
118 247
148 304
131 247
1 98
146 125
94 111
255 34
296 47
210 271
243 286
267 178
275 218
160 110
148 132
156 223
3 14
266 235
81 99
21 266
0 256
6 293
124 239
218 99
42 192
117 63
229 49
51 298
281 213
302 166
12 164
171 94
70 125
2 233
33 188
186 153
62 95
41 221
300 241
207 283
155 136
79 179
161 249
222 237
230 248
8 49
277 200
211 36
11 114
272 168
157 46
54 132
277 219
134 202
306 251
223 150
141 89
60 297
274 234
136 137
189 69
249 144
139 77
228 200
110 289
247 53
145 21
24 194
39 134
294 157
101 146
56 169
110 305
238 294
48 238
217 118
202 159
45 220
96 1
88 70
166 179
138 78
204 77
155 64
269 66
253 17
100 97
75 128
141 91
168 225
7 236
39 61
128 70
236 53
13 265
10 26
277 150
215 176
250 252
197 66
170 268
202 138
9 56
111 89
231 298
60 144
4 170
180 245
172 201
80 224
128 242
142 84
21 206
145 111
265 286
124 237
102 229
194 306
144 150
264 68
117 87
116 101
280 214
267 180
217 275
119 142
90 76
163 121
124 54
259 106
189 242
140 103
206 272
16 180
281 132
126 247
51 255
251 250
214 86
280 207
218 134
143 260
153 147
240 151
11 217
282 169
144 33
220 35
27 266
140 241
264 95
268 194
299 283
254 111
53 160
141 118
105 10
235 40
150 74
228 120
255 132
126 220
290 151
204 301
187 126
1 0
27 203
116 243
45 293
289 86
109 274
147 43
55 179
75 258
13 216
304 200
159 247
169 109
168 23
190 253
213 84
141 64
111 172
46 191
158 279
18 31
217 141
124 148
107 240
205 147
250 194
46 127
79 37
204 208
255 306
17 4
222 157
96 182
146 290
241 287
174 125
141 75
189 170
99 207
173 266
109 22
286 241
284 76
61 259
120 82
279 220
230 39
96 236
246 8
289 46
119 95
119 23
234 65
296 294
241 196
159 268
284 108
104 18
184 252
68 31
16 276
171 64
224 58
274 25
189 35
120 266
233 45
150 48
279 198
227 279
261 226
227 177
178 23
68 2
135 255
281 236
207 155
87 11
166 115
284 281
244 58
92 207
255 174
52 243
65 15
27 272
220 304
255 97
249 130
214 261
87 177
178 98
121 165
183 184
277 50
68 202
73 28
222 243
161 289
87 136
203 189
69 170
285 141
219 201
190 84
128 7
43 71
17 274
234 164
172 133
271 171
242 290
223 259
49 39
262 149
80 293
216 164
8 37
301 57
305 223
278 49
115 293
163 3
78 109
215 303
157 44
17 9
305 214
10 279
100 153
36 254
34 252
152 24
191 205
163 146
146 232
52 135
262 205
101 75
201 224
273 264
251 131
221 298
143 238
42 269
282 206
291 69
62 13
259 92
239 299
245 301
276 16
52 60
40 264
146 73
237 131
132 167
39 213
274 163
304 75
172 241
128 257
119 49
86 31
84 241
214 222
167 81
288 170
5 227
80 214
126 55
58 212
191 209
95 106
95 25
228 209
117 281
191 10
216 121
50 258
79 129
69 118
192 270
278 301
283 85
237 31
154 216
209 45
105 117
185 245
10 288
55 66
240 245
165 170
138 200
138 150
232 187
168 288
168 102
89 246
144 175
97 290
272 120
112 289
278 139
104 60
299 289
101 53
156 134
223 121
229 116
278 224
141 192
77 18
108 227
246 90
64 182
221 211
82 169
34 290
219 13
244 138
62 27
29 164
21 295
179 96
5 80
95 48
136 1
27 305
147 263
91 1
8 149
199 142
131 7
231 116
163 119
124 223
204 290
86 214
152 101
54 149
28 262
9 189
22 129
4 92
240 48
253 55
136 236
146 209
238 76
191 135
191 295
281 96
83 279
266 300
243 135
283 87
233 245
107 10
83 277
214 79
218 116
159 287
68 13
10 178
184 212
166 189
121 12
137 95
146 90
74 6
172 302
49 3
132 241
112 175
119 263
37 163
137 45
135 80
61 209
63 176
284 181
165 55
186 222
238 219
130 200
11 117
213 220
302 50
265 240
140 37
57 152
218 182
299 131
57 111
189 303
173 41
89 139
232 221
227 222
297 288
168 286
184 155
140 223
96 16
65 81
271 9
93 43
139 251
201 194
176 126
232 185
2 9
53 162
113 160
93 166
260 180
220 26
151 188
83 20
113 18
238 105
34 120
304 278
260 69
76 285
164 27
286 53
167 41
70 295
226 119
293 269
50 79
297 142
226 79
267 226
193 148
51 274
139 46
125 292
176 30
204 275
54 144
242 94
108 170
109 35
151 154
230 37
104 189
133 135
189 128
206 67
28 101
122 14
301 262
34 306
195 124
263 226
242 288
24 132
148 59
281 149
224 223
68 146
267 237
274 64
132 186
102 286
63 210
133 158
214 276
144 300
124 6
290 210
273 32
38 248
260 279
193 128
175 193
265 160
147 244
161 205
120 251
204 272
238 228
39 41
101 182
264 263
54 303
293 61
204 298
284 254
13 18
4 104
58 239
211 257
48 54
174 117
140 17
120 129
99 264
67 218
112 306
154 159
240 12
100 297
244 70
165 229
85 84
268 128
143 109
193 265
257 98
111 145
115 297
277 197
90 109
37 238
66 236
36 91
1 253
142 200
252 193
297 110
256 143
87 208
132 32
114 113
241 10
139 237
91 252
192 211
12 102
87 191
265 142
206 47
293 302
175 135
86 206
8 198
130 195
188 97
135 9
64 165
102 184
245 291
91 63
171 120
38 63
174 168
101 222
175 282
149 84
34 51
119 127
36 106
177 188
225 81
162 97
292 152
190 243
2 22
163 284
102 254
216 128
85 93
106 246
247 4
159 192
275 96
216 33
38 242
36 276
172 272
5 237
263 161
73 305
12 154
75 196
262 186
22 27
16 85
158 16
271 57
289 168
244 263
50 154
253 84
222 100
258 60
191 203
123 1
296 227
296 275
31 235
277 174
65 174
33 64
75 256
220 133
164 150
230 208
58 121
205 221
197 58
153 85
285 159
72 134
108 176
120 28
18 45
7 283
53 30
18 177
171 301
173 145
295 124
146 133
290 144
52 85
25 134
99 245
72 88
34 118
259 255
290 236
259 168
89 275
199 252
204 1
23 173
138 189
68 44
257 90
63 231
27 199
68 150
123 12
280 211
69 205
112 4
239 133
268 79
196 206
219 16
46 222
254 203
98 135
99 192
239 93
268 285
284 206
200 222
56 144
256 89
33 172
255 17
170 130
94 230
90 57
151 50
282 215
249 173
66 143
55 279
303 243
20 259
186 81
136 281
277 52
19 173
30 54
60 94
164 127
31 15
92 131
17 11
42 216
241 224
305 292
180 157
22 69
279 11
217 62
146 222
185 149
88 201
49 304
198 101
88 120
37 170
88 94
128 260
245 262
92 162
34 221
236 64
64 0
199 217
290 193
291 150
288 206
18 81
170 159
176 89
88 249
245 140
227 137
128 113
92 26
181 195
164 65
201 50
51 97
301 10
11 45
23 295
287 272
25 296
271 45
285 70
167 152
90 262
251 63
122 252
27 39
175 61
177 129
203 126
185 1
222 63
137 148
191 249
93 210
300 84
104 38
240 157
46 274
46 56
250 225
187 36
292 226
218 80
95 259
294 139
3 102
248 41
280 20
21 14
100 289
2 301
45 84
110 23
20 226
103 6
303 276
122 200
166 200
239 107
261 170
45 142
79 238
105 179
293 262
276 110
187 256
184 61
156 74
123 68
126 152
163 54
197 88
94 237
295 259
110 236
36 169
134 28
229 47
297 258
59 201
13 226
1 231
201 232
205 258
110 60
167 220
79 194
283 301
291 107
219 142
200 63
63 11
135 208
236 59
218 151
263 238
72 238
11 189
40 118
139 278
193 172
12 305
204 14
245 167
75 236
261 283
49 52
205 106
12 279
32 290
179 47
225 37
16 44
173 222
303 262
7 202
257 106
238 3
135 138
184 50
186 157
182 286
75 83
195 49
165 166
215 52
222 27
196 80
26 159
21 300
238 140
215 197
209 245
234 242
127 122
85 15
60 243
255 101
212 274
195 217
241 54
191 77
43 251
19 70
299 5
46 120
95 34
70 251
113 297
72 18
151 256
257 118
269 287
130 249
45 272
282 246
132 286
279 254
183 100
243 62
123 217
177 28
270 251
297 249
144 258
59 133
229 29
227 179
60 27
72 247
178 46
132 1
297 54
233 124
148 298
191 57
87 147
154 187
128 85
245 61
55 162
98 188
2 161
299 101
65 79
222 3
1 163
181 166
9 89
212 146
299 57
151 109
119 159
122 172
39 220
273 218
282 50
102 235
91 241
91 84
146 158
200 246
4 278
104 264
8 273
31 289
2 220
84 303
73 71
54 80
278 290
296 146
88 72
101 6
176 300
282 274
101 40
118 81
130 31
287 105
108 88
300 94
299 176
259 200
17 168
129 62
132 160
154 35
3 167
257 293
5 288
114 164
249 79
102 223
79 16
110 70
277 46
83 296
102 156
260 0
200 254
200 133
141 272
271 132
103 36
248 212
34 102
38 47
77 171
215 65
237 51
290 252
55 111
229 18
147 204
48 211
64 28
46 299
41 164
213 176
302 134
182 211
6 91
195 60
107 288
78 156
102 46
89 123
39 37
38 200
160 280
61 241
20 147
228 16
260 130
172 203
196 291
48 306
196 31
113 41
90 97
255 288
217 52
286 124
252 203
147 178
85 184
124 93
244 210
155 128
279 286
0 199
214 132
185 69
69 78
150 204
63 82
289 39
282 281
164 250
140 79
238 95
225 20
219 112
196 153
237 17
64 173
224 130
242 247
196 204
205 177
220 2
76 31
254 191
152 12
253 105
73 118
248 235
274 271
1 263
293 30
47 37
252 144
148 205
90 168
191 35
1 81
122 254
191 116
115 153
200 306
123 255
281 157
142 102
52 178
40 186
281 22
120 97
73 240
260 273
248 24
286 171
240 270
83 243
192 272
25 99
267 46
292 191
274 84
51 188
120 259
243 99
38 158
153 299
46 26
130 208
80 303
305 157
276 85
251 285
277 77
294 246
135 71
45 93
247 167
160 169
117 66
275 269
306 169
142 125
209 54
285 109
46 292
37 156
301 74
288 107
54 68
275 192
71 273
204 243
160 45
40 260
100 208
196 190
54 50
268 19
10 272
258 260
200 16
140 163
125 254
239 130
123 160
13 117
77 72
205 31
80 266
29 303
145 288
28 21
136 172
222 54
83 221
52 202
232 170
227 105
9 22
151 232
63 8
249 128
302 85
156 36
184 191
60 109
154 293
73 216
152 159
271 105
109 10
8 281
39 26
286 59
108 237
217 291
288 147
250 147
34 182
196 55
117 224
303 41
17 6
276 108
112 52
174 240
43 273
249 255
75 50
279 138
96 74
51 81
22 271
289 97
297 68
155 215
178 256
81 257
2 197
236 112
211 34
235 181
176 8
199 193
34 273
52 259
122 147
4 305
38 24
172 96
82 11
297 300
1 258
92 19
84 117
210 273
298 168
262 8
182 256
8 137
78 90
298 306
301 63
142 304
97 202
1 51
246 181
283 199
303 63
217 257
232 300
134 38
169 85
123 109
190 24
66 204
109 140
34 138
247 99
269 229
142 258
168 283
227 21
290 161
97 24
96 204
25 42
201 27
194 73
108 108
223 298
30 193
253 250
124 306
183 45
75 207
81 300
297 130
177 175
99 68
211 96
20 163
102 55
250 248
279 209
219 224
185 117
183 262
46 254
150 292
281 116
157 187
91 44
110 106
57 118
152 297
200 112
184 129
196 230
124 89
79 233
108 210
163 175
227 281
117 195
13 263
65 34
181 26
256 172
5 31
221 259
83 111
74 133
229 102
74 82
179 105
94 141
180 260
260 212
246 125
30 123
27 70
166 77
305 283
258 88
269 148
122 76
272 162
127 66
8 193
272 274
178 299
236 124
258 212
78 200
116 259
68 126
102 66
261 167
222 65
281 291
109 114
83 70
100 78
104 232
230 255
43 203
153 22
112 295
220 180
104 247
3 115
12 76
204 158
224 64
263 287
90 70
299 16
168 17
55 53
305 17
286 42
75 273
6 280
212 0
108 272
261 150
207 250
147 134
181 39
75 216
8 248
85 138
159 98
50 223
39 148
80 6
250 31
53 78
190 102
270 42
43 84
152 66
198 209
203 225
167 35
202 264
209 19
85 180
85 222
97 195
201 77
41 117
119 47
1 201
50 21
125 59
84 211
176 220
54 271
61 261
235 210
7 271
33 148
80 305
231 249
101 220
232 96
157 51
137 129
255 50
133 71
266 215
135 242
224 267
93 228
136 180
62 37
130 243
56 109
42 92
166 49
21 106
11 62
251 6
281 118
150 64
189 11
108 24
263 277
196 297
229 63
165 64
71 104
153 51
244 237
216 130
168 238
164 282
27 19
99 270
4 189
26 132
125 144
134 154
269 101
129 289
231 14
189 40
78 33
145 156
293 232
96 306
213 258
197 266
242 157
175 28
62 285
155 145
22 102
238 72
20 268
178 5
218 223
155 157
202 112
39 163
171 44
18 119
68 92
53 293
190 15
30 191
97 180
73 233
264 255
144 234
261 128
61 50
298 214
205 54
77 129
261 172
306 50
256 47
210 280
130 190
219 47
211 100
205 200
74 69
13 83
302 124
25 46
282 1
221 290
10 128
220 159
28 38
300 277
294 292
175 174
273 195
193 29
187 20
34 219
115 176
166 126
38 113
144 94
191 110
56 86
5 17
63 137
116 137
164 29
265 246
84 284
148 53
69 33
6 174
42 3
230 268
262 152
52 262
147 123
288 130
214 16
40 63
117 260
108 188
135 295
251 242
155 118
103 179
184 14
196 248
52 297
89 43
179 62
201 204
81 163
101 160
279 256
161 135
261 138
75 159
233 24
64 97
277 56
58 99
64 37
231 103
255 182
11 23
94 204
17 117
68 300
142 188
199 232
288 186
37 95
134 62
243 186
241 144
265 222
213 69
146 184
204 140
105 91
131 199
27 45
283 13
64 302
176 201
36 181
120 106
5 206
25 59
209 164
62 183
149 306
42 222
201 272
140 235
167 296
179 71
245 132
160 285
246 161
237 269
202 206
17 133
40 162
92 82
211 140
61 133
160 91
11 259
238 84
54 17
193 199
240 291
132 188
142 32
21 114
228 247
46 137
68 250
182 171
97 98
131 263
26 101
97 32
248 222
272 53
105 14
247 80
122 78
258 280
136 50
254 285
146 86
199 44
115 88
98 200
273 57
250 196
303 182
163 113
267 241
32 226
124 187
205 234
78 142
0 282
119 195
283 156
83 36
91 305
43 141
136 214
0 6
99 89
124 64
191 99
59 63
289 246
159 82
166 98
200 282
83 135
232 191
126 44
41 292
129 283
270 11
133 64
257 201
59 167
21 297
261 274
175 140
178 40
151 294
236 271
36 306
296 139
186 144
237 74
166 266
105 159
22 77
101 92
41 193
155 10
192 152
253 33
93 51
235 229
265 220
246 290
85 178
156 205
297 158
277 179
147 202
201 161
201 73
247 173
261 9
119 231
156 96
69 15
282 140
43 118
234 295
76 240
