153 132
74 235
205 190
298 77
194 291
150 284
261 161
234 178
168 36
39 228
36 24
84 72
272 214
2 240
248 158
193 10
227 217
240 142
46 16
199 11
248 120
69 262
49 113
31 86
273 177
115 73
151 250
169 65
113 154
176 79
7 173
74 111
132 20
129 196
221 165
28 115
270 47
146 121
179 1
159 290
296 43
292 83
124 253
193 174
189 133
257 25
173 104
135 141
204 277
57 31
174 218
50 285
195 96
237 63
194 101
168 108
199 102
298 170
85 200
20 91
10 46
62 7
303 213
175 257
297 276
203 174
164 76
234 102
93 97
116 256
164 171
168 19
170 140
27 134
181 131
267 278
306 110
267 130
269 304
41 11
164 115
244 73
18 24
257 299
248 259
23 254
48 125
27 80
223 123
107 110
288 12
85 190
207 119
39 237
247 43
298 43
241 195
267 99
175 128
23 222
185 127
212 112
122 188
88 110
110 51
71 130
75 172
161 16
258 188
246 277
77 158
78 111
284 239
171 184
171 49
251 283
103 165
298 34
236 189
101 154
203 284
235 155
182 292
29 188
49 178
291 165
113 261
207 214
55 224
98 252
211 85
253 119
104 34
37 135
272 73
6 213
54 298
139 5
12 222
77 269
230 254
218 88
197 239
132 126
16 31
205 236
306 66
149 257
88 281
13 296
286 202
125 50
255 90
305 73
5 187
80 302
284 269
127 43
3 172
135 27
181 270
123 292
58 124
11 248
125 209
200 129
140 213
288 1
27 299
59 43
287 296
87 24
263 10
160 187
86 182
291 231
223 221
65 83
140 125
57 196
115 18
241 37
298 139
227 26
182 260
69 155
240 146
297 270
65 251
229 0
178 51
8 98
55 69
104 285
266 217
287 52
163 205
91 156
273 59
173 131
182 143
142 14
71 305
252 74
9 65
141 156
227 159
167 100
49 5
45 76
127 168
240 5
258 67
303 72
122 65
84 264
230 114
68 284
197 26
90 297
13 91
248 155
198 297
221 245
292 31
291 132
99 24
202 208
303 74
233 20
298 266
100 191
115 282
42 148
157 152
28 49
5 76
20 204
242 188
271 137
259 109
76 145
249 301
154 113
152 143
127 96
202 249
134 303
115 92
163 182
149 170
131 178
89 92
306 75
149 93
41 83
223 295
185 10
207 194
147 110
11 230
302 130
294 174
57 82
208 96
268 267
165 162
219 37
63 174
205 274
95 128
40 284
112 232
123 170
120 264
24 76
69 61
245 100
283 306
99 229
253 183
15 83
8 13
94 15
185 3
88 28
165 28
290 50
70 225
220 261
209 152
34 44
289 140
87 297
108 19
44 24
171 138
159 21
56 186
17 108
92 157
12 110
39 295
174 280
224 278
206 158
207 109
152 86
223 56
262 0
182 192
28 199
8 129
237 149
213 300
77 289
86 102
237 208
93 126
226 248
120 36
37 93
150 8
51 87
115 44
176 35
54 230
23 13
16 8
282 79
222 297
273 115
3 216
192 219
206 298
251 129
114 244
58 141
301 150
301 276
99 189
73 300
34 130
153 161
58 271
255 222
157 3
85 152
56 119
298 299
121 181
125 211
22 147
306 0
220 204
269 43
65 243
27 306
203 254
121 133
106 12
268 222
274 113
242 231
114 59
289 304
263 245
32 210
148 23
112 245
71 70
229 105
79 162
283 102
124 116
148 44
107 144
73 219
227 68
70 6
256 149
268 110
43 53
266 178
294 226
41 302
20 65
127 305
208 77
86 91
156 217
299 191
176 190
302 215
225 286
79 220
17 64
257 214
11 0
217 268
108 190
9 130
163 15
62 247
195 11
199 74
126 303
1 180
207 212
101 85
20 122
221 181
86 75
140 51
70 228
59 0
165 273
23 198
299 54
205 173
111 203
19 167
33 285
83 161
254 42
190 98
257 190
149 113
198 55
257 195
232 89
84 169
16 80
2 52
49 180
262 51
241 140
263 212
115 168
56 129
181 246
253 136
245 127
55 102
185 242
133 132
263 240
228 263
62 106
156 189
149 118
14 160
190 115
108 13
46 211
218 52
286 253
107 79
55 218
142 281
201 95
36 79
2 91
177 255
286 107
63 223
193 195
21 239
273 95
235 25
228 186
183 98
180 233
160 302
262 44
125 82
285 145
119 286
49 166
26 58
2 25
105 263
71 141
280 79
262 79
158 53
144 177
88 257
146 186
224 206
256 147
44 16
66 165
124 260
130 268
252 154
34 76
273 250
161 155
123 107
288 124
280 234
97 207
144 92
155 126
52 42
119 11
262 276
121 198
134 108
249 31
257 87
257 54
79 267
163 273
141 101
289 263
94 272
33 59
37 88
105 259
170 167
297 17
94 270
160 225
139 270
70 96
262 278
283 93
167 135
258 53
246 271
150 2
126 161
302 170
100 87
276 227
87 13
253 132
40 7
279 152
58 86
159 213
164 105
290 169
81 50
241 252
253 177
39 143
239 45
36 167
103 187
16 134
130 64
148 112
62 29
243 154
61 1
154 221
70 177
18 47
85 239
216 88
243 253
197 110
196 279
131 292
263 249
127 49
150 41
253 72
297 19
150 17
157 93
212 263
267 303
159 102
107 281
29 293
53 254
273 141
188 45
199 289
234 273
241 40
186 15
226 53
219 276
222 261
19 72
81 136
2 36
287 10
86 281
252 31
111 21
115 30
275 261
158 250
149 203
216 152
74 101
6 156
206 17
295 187
222 163
153 123
122 270
272 11
297 251
253 179
284 0
105 96
262 27
130 56
142 94
277 163
197 114
59 253
140 180
129 306
170 299
52 133
92 113
172 181
145 221
162 256
148 61
206 207
291 40
286 121
142 104
182 198
180 133
14 105
102 291
133 122
302 269
297 188
214 178
27 26
167 268
271 288
189 262
243 175
246 209
274 178
273 80
8 35
104 197
6 290
196 145
73 180
184 63
12 297
34 292
78 209
5 40
170 303
65 253
304 0
244 162
4 294
178 14
278 6
44 210
22 122
18 268
301 260
211 105
225 22
93 141
176 241
272 55
54 281
78 121
94 160
68 25
210 102
276 20
203 263
199 184
33 288
81 45
65 124
85 266
247 140
126 260
99 46
144 297
29 276
56 107
103 182
175 159
140 292
91 275
60 185
101 215
185 161
232 160
297 226
253 160
30 244
299 206
301 8
163 162
139 53
297 272
83 99
61 160
245 150
46 141
125 169
63 219
218 108
146 269
103 30
64 184
170 239
152 249
252 57
207 4
28 230
162 93
268 64
0 272
288 266
73 140
138 22
300 259
278 255
123 240
305 179
285 157
66 283
119 34
25 51
10 223
115 46
147 291
10 191
125 305
214 285
273 256
21 6
288 77
295 277
136 152
26 20
100 106
95 293
116 127
117 286
120 182
190 218
89 51
132 51
277 209
279 158
302 7
115 186
9 216
33 212
261 123
297 185
257 288
150 46
295 16
214 129
22 204
45 95
306 95
249 132
194 201
161 54
20 20
224 54
5 70
38 49
244 212
62 301
38 42
256 262
43 201
59 196
21 108
230 236
111 39
57 133
145 153
40 125
12 85
301 156
86 119
0 205
254 184
163 270
3 174
41 152
21 123
45 250
98 209
93 176
69 203
0 9
210 288
244 17
231 132
153 81
2 279
208 43
255 214
176 275
259 139
115 269
239 14
2 209
124 279
305 144
260 58
152 293
16 240
101 69
166 211
206 103
285 15
46 207
77 249
206 165
236 107
267 239
277 10
70 297
4 63
278 37
170 162
254 74
90 111
280 237
55 221
296 210
190 95
63 279
172 93
138 181
159 100
91 60
109 191
170 19
283 279
96 224
296 91
208 18
89 166
55 171
302 164
230 301
300 303
53 246
289 138
47 166
53 39
46 43
284 262
264 228
138 94
127 51
67 279
32 253
214 266
76 290
69 113
157 154
276 172
298 112
280 111
121 95
71 135
258 159
117 201
210 233
248 227
162 302
102 177
158 18
275 138
149 274
276 102
23 80
37 268
89 217
194 107
192 137
265 94
18 102
287 200
80 78
137 209
65 209
142 58
231 43
286 176
77 276
28 243
222 102
241 19
95 27
97 126
138 272
3 190
193 36
142 240
8 231
94 194
98 96
285 71
190 211
195 251
299 118
303 152
255 255
174 59
29 154
260 246
222 167
58 27
300 233
196 102
65 113
99 223
67 186
109 128
284 177
252 251
140 8
248 51
139 67
171 244
231 28
4 220
225 71
176 10
139 266
31 198
157 48
84 202
113 291
148 41
76 267
223 271
109 265
20 300
153 68
31 69
248 181
211 124
100 139
176 227
70 44
254 24
123 150
112 168
155 26
280 221
172 2
32 279
107 97
30 259
132 262
169 26
246 118
255 167
89 291
44 298
144 132
127 124
151 94
292 300
306 104
275 151
183 53
1 21
0 52
126 84
31 7
69 124
121 24
95 284
242 81
182 129
281 171
84 182
248 300
117 232
301 283
128 47
190 112
123 118
144 138
193 27
42 283
132 120
22 40
225 52
60 286
72 6
278 172
101 281
228 118
249 3
234 264
305 11
280 24
187 11
77 237
71 102
271 145
148 6
238 217
263 295
90 277
162 199
11 112
194 205
72 242
99 295
125 150
250 231
272 278
266 284
176 221
273 152
118 298
48 269
148 3
87 62
89 5
229 299
72 174
231 144
163 258
230 16
236 12
3 143
31 257
66 20
285 279
102 233
39 281
134 156
80 246
33 275
5 292
4 276
133 261
261 40
230 62
48 60
91 227
32 54
125 225
197 165
80 24
59 109
195 91
89 26
182 224
247 186
4 287
221 29
61 26
193 58
139 220
172 205
198 160
59 205
141 44
211 210
158 104
219 114
274 193
128 149
216 119
133 128
218 287
270 150
11 219
29 215
170 182
115 197
29 195
12 108
184 143
156 298
119 9
103 110
34 150
238 206
114 284
94 198
148 25
186 165
141 77
220 64
92 184
136 70
45 270
287 136
277 8
47 219
189 180
114 225
266 209
300 209
76 113
279 170
244 230
270 259
270 16
119 203
161 125
108 200
41 93
44 274
127 59
193 154
214 127
30 98
146 102
129 8
298 282
97 273
25 61
49 247
214 24
206 29
146 45
178 123
171 268
263 78
137 167
180 80
278 226
110 78
136 253
272 139
202 298
107 194
158 78
288 128
36 27
241 254
263 116
207 91
144 140
235 133
183 68
210 11
41 174
54 264
180 266
236 283
103 119
150 286
89 255
189 59
254 280
239 91
234 9
17 306
133 103
95 23
218 32
132 118
297 292
259 305
302 94
188 156
38 155
102 169
177 173
37 58
159 63
108 238
287 248
217 219
278 121
190 176
85 210
151 119
235 34
215 18
282 59
130 270
31 162
96 194
80 41
123 77
140 253
126 156
194 247
219 140
131 158
210 55
8 134
56 247
236 295
223 283
278 280
133 15
62 230
31 183
225 46
226 41
8 180
9 11
16 125
300 292
9 275
161 291
134 267
147 28
293 76
225 224
182 35
110 104
162 294
10 165
114 207
212 208
114 72
32 63
198 0
255 196
278 303
249 29
123 19
50 34
274 282
248 27
238 5
102 77
75 234
21 277
137 237
134 89
306 118
128 156
83 12
161 101
281 256
10 9
30 261
197 261
66 301
299 109
111 99
75 192
60 44
54 222
232 257
22 218
104 0
120 160
19 248
165 181
110 163
67 98
10 153
12 148
153 218
97 178
9 138
116 97
234 82
178 104
226 59
305 122
173 61
111 130
239 116
270 231
213 151
136 21
182 207
36 210
140 211
142 41
254 293
152 52
253 152
302 34
299 224
66 1
94 95
106 20
174 137
259 103
70 184
177 237
80 43
239 240
221 103
135 305
156 256
236 72
179 234
116 16
38 294
244 180
144 57
209 188
253 5
104 92
297 166
6 57
85 136
225 222
42 290
246 0
54 295
54 145
171 211
147 265
203 153
19 33
300 261
221 38
89 8
279 174
142 205
230 90
275 115
209 42
284 62
205 126
62 287
152 118
225 180
258 69
123 104
93 49
287 140
60 220
137 6
283 98
100 275
113 27
233 100
60 98
99 6
285 181
201 45
218 203
166 154
35 99
18 157
9 144
14 300
283 33
272 188
66 62
201 182
178 92
70 192
134 297
181 121
110 0
201 75
280 84
76 161
105 36
235 51
281 287
99 196
286 306
232 284
54 52
282 63
67 291
200 100
279 43
124 65
243 107
111 266
142 299
139 171
286 25
126 296
202 93
109 79
91 233
73 223
80 87
207 105
266 32
50 186
171 62
259 195
18 181
112 221
246 175
279 17
284 143
124 277
209 290
111 97
242 203
250 119
76 115
45 44
131 36
236 183
63 170
69 37
182 113
151 219
138 51
64 267
301 25
12 283
66 126
51 170
134 181
125 5
93 104
164 168
304 252
215 174
16 51
292 111
210 306
12 184
276 185
94 33
224 136
56 105
15 71
239 254
270 76
210 162
61 150
154 143
165 300
65 145
272 38
118 229
298 95
41 238
281 188
247 78
247 101
160 77
268 305
234 44
21 237
10 44
71 240
266 90
185 262
48 47
0 36
4 199
48 234
217 14
300 198
114 115
272 86
68 29
109 135
114 184
159 5
59 204
24 106
246 80
228 90
133 110
154 236
103 90
261 210
126 174
262 266
137 228
267 132
28 131
17 16
11 83
259 127
275 164
85 25
291 221
42 262
9 127
91 52
257 29
38 3
160 172
78 154
78 146
71 156
95 97
17 42
69 194
87 251
212 98
80 258
250 239
206 223
3 187
81 48
267 269
219 110
111 276
267 301
1 124
97 40
274 215
116 60
82 146
37 204
27 28
97 260
298 259
51 283
155 31
304 39
185 227
44 159
64 234
102 4
149 189
251 72
51 241
181 262
149 239
224 66
239 250
128 216
271 273
52 302
207 133
178 102
117 8
71 185
257 197
30 171
20 194
169 258
266 119
84 11
128 55
97 205
43 199
27 285
240 289
24 256
276 221
65 224
255 276
214 22
152 108
179 145
301 108
102 124
22 156
167 184
268 145
143 119
275 149
119 233
29 282
150 240
245 166
125 273
147 206
82 272
109 240
251 77
284 296
184 223
111 287
152 279
80 157
278 51
150 143
38 125
260 93
158 298
290 124
240 170
102 231
244 43
175 114
297 15
281 139
277 54
116 199
47 198
8 70
205 74
30 9
164 33
80 155
214 169
260 125
36 249
158 232
303 87
107 36
130 120
267 245
56 90
305 256
246 258
172 71
287 14
185 107
134 126
101 241
220 200
14 97
18 185
273 97
65 10
259 40
277 241
211 244
182 203
249 284
217 123
29 176
168 264
68 46
118 59
297 238
35 39
304 32
262 139
61 295
268 85
0 247
230 153
261 6
22 35
118 105
220 283
194 152
229 218
108 62
45 246
279 241
25 91
160 133
97 106
304 13
163 56
264 187
237 156
227 215
136 215
151 190
61 11
114 253
68 42
0 230
161 171
134 82
50 30
293 96
247 216
62 213
133 284
46 91
140 205
272 170
303 129
6 262
69 293
221 124
205 145
13 258
81 17
229 121
166 183
173 135
249 261
43 276
96 108
64 36
281 306
282 182
237 93
260 27
253 40
59 296
222 213
242 303
216 190
21 154
178 284
167 194
248 206
88 91
224 198
113 196
33 297
53 252
252 105
98 272
219 289
97 193
117 262
241 155
91 48
168 52
187 208
125 118
259 129
198 16
53 241
297 45
284 214
215 294
304 65
96 289
69 299
20 158
284 277
128 115
78 6
271 92
91 160
216 305
215 49
53 300
158 31
243 196
185 92
146 12
121 159
217 277
164 92
175 236
263 96
184 9
53 189
187 297
94 113
129 147
99 58
109 43
125 275
131 9
229 147
92 261
184 170
280 159
120 65
167 237
15 261
171 46
203 300
203 118
198 230
115 271
268 261
101 61
257 286
90 121
3 152
268 126
259 49
266 165
144 240
36 200
256 241
220 147
67 203
215 224
168 38
167 3
248 103
213 159
165 19
199 38
261 195
23 186
99 160
135 64
281 134
97 174
279 236
112 163
145 25
306 181
175 162
111 234
162 128
297 113
4 29
142 254
271 79
287 270
145 100
268 162
108 104
296 304
55 72
259 251
238 278
63 202
152 305
238 264
78 265
27 105
29 156
165 120
227 188
34 33
232 22
241 92
68 0
85 21
195 265
100 132
130 251
210 84
247 128
229 40
154 168
90 195
233 293
176 116
72 150
191 118
230 71
293 283
199 72
205 241
165 41
188 274
30 291
80 22
150 305
60 211
74 221
30 267
3 12
95 119
295 243
227 0
284 128
103 288
76 204
153 125
21 63
74 151
138 303
245 112
122 89
5 58
251 56
112 243
197 38
47 131
260 218
87 26
243 178
265 288
270 65
204 255
187 13
166 263
109 49
0 226
282 120
233 155
238 276
260 160
145 136
263 111
144 253
57 162
96 83
262 71
99 101
300 103
286 267
145 43
49 236
82 81
143 137
227 103
52 116
0 212
156 141
133 105
50 272
62 191
288 272
174 274
145 273
51 77
168 212
130 142
46 167
121 233
175 253
30 174
216 222
291 260
63 115
246 275
58 244
76 94
253 191
109 87
115 62
181 61
282 292
133 72
48 11
31 19
141 10
236 4
212 83
241 165
230 264
284 51
50 260
262 16
177 224
184 93
201 219
213 34
121 20
228 275
281 248
6 74
67 15
287 158
234 286
228 49
259 259
189 116
235 173
129 198
201 234
102 38
195 293
101 79
178 107
40 147
229 250
183 2
231 64
58 136
285 228
156 103
133 174
85 247
234 5
113 214
58 298
291 233
35 31
173 98
66 285
175 191
292 109
191 234
270 120
281 85
69 275
294 10
82 23
44 216
157 205
58 153
195 175
111 128
22 262
243 131
160 83
79 227
232 264
73 50
152 223
73 164
136 79
207 15
190 187
174 53
110 187
133 8
3 0
184 175
192 139
174 181
265 85
111 54
303 48
194 70
239 198
60 183
12 192
118 258
224 288
214 283
71 124
119 214
52 295
51 65
112 227
36 13
118 2
263 137
14 125
92 159
204 223
110 113
137 220
102 238
236 129
44 70
226 70
207 236
49 274
82 232
198 66
5 299
50 50
122 177
16 88
93 239
95 59
21 74
292 156
279 22
212 272
218 63
46 48
124 200
276 283
301 234
262 228
153 177
197 217
23 100
24 0
224 249
84 294
203 76
289 105
123 141
69 70
288 177
199 131
96 168
300 152
69 97
254 266
180 235
300 78
215 45
154 109
287 85
34 277
188 31
1 187
16 114
187 280
21 221
4 197
166 293
144 246
15 202
235 55
149 63
74 59
192 101
304 142
33 39
129 99
268 90
83 68
19 18
295 20
273 298
173 43
79 186
294 194
228 149
123 72
236 293
115 280
187 116
55 236
140 119
22 227
163 250
298 141
64 236
291 114
111 155
84 126
280 50
163 95
10 210
27 187
94 68
278 26
197 219
122 132
303 206
268 196
183 31
86 142
173 32
29 121
90 306
233 122
269 201
0 112
296 123
75 243
236 131
50 12
272 289
129 262
298 195
25 5
61 202
77 235
66 90
43 139
79 65
201 172
257 35
298 132
190 88
151 303
214 164
201 241
118 83
49 241
117 305
238 157
204 25
120 84
123 91
174 198
77 96
75 67
73 288
199 28
95 210
293 293
117 10
90 264
288 289
225 35
247 207
264 32
48 23
9 250
105 26
115 150
299 42
63 225
124 56
188 22
60 114
104 144
250 81
29 81
111 5
203 191
289 145
154 284
60 270
83 48
281 45
298 295
301 48
52 138
25 18
77 239
14 204
269 123
290 12
248 274
236 273
199 284
155 268
125 125
18 226
118 193
83 190
13 240
244 189
216 199
151 73
145 155
187 107
275 33
208 55
155 122
208 297
184 195
74 164
154 12
135 15
236 193
43 17
1 218
271 3
88 215
35 103
260 287
73 14
156 229
61 162
228 42
250 23
296 151
75 122
295 199
254 89
237 65
143 117
118 243
33 184
280 181
192 71
84 250
55 229
38 258
107 33
14 224
266 58
70 272
133 200
305 37
106 18
165 135
31 247
289 26
263 76
37 159
78 31
132 59
14 75
56 298
249 233
158 167
299 124
46 12
262 178
295 177
11 203
296 66
138 179
230 60
93 185
258 7
174 78
19 100
52 16
177 257
169 10
235 110
162 77
110 13
91 125
186 162
149 264
162 211
209 70
227 286
21 214
31 168
124 176
114 144
24 53
170 202
205 259
24 68
111 191
2 253
224 140
188 47
301 87
77 206
290 91
250 121
122 278
49 202
194 219
13 248
108 221
17 209
191 304
1 19
290 267
211 214
177 245
257 305
194 83
191 174
181 32
273 248
58 266
113 251
81 243
253 13
103 254
93 155
110 238
256 19
104 177
87 89
284 246
10 161
17 219
18 83
207 131
110 200
182 164
224 300
283 260
298 144
216 265
238 268
251 161
113 304
171 110
246 191
44 256
295 60
267 286
200 230
185 266
288 63
272 103
212 179
253 9
304 34
224 148
190 122
75 85
93 81
19 98
182 201
287 40
261 136
202 292
171 252
164 129
161 46
19 288
257 233
191 148
147 24
205 225
212 261
156 143
188 272
300 193
156 77
54 200
136 145
276 64
286 1
107 266
78 74
135 192
10 252
287 45
99 32
123 44
169 203
34 53
188 171
10 84
2 141
231 198
41 75
120 271
92 231
232 98
83 195
209 286
269 132
197 79
27 41
201 117
114 84
136 297
251 19
128 220
171 304
156 187
88 300
294 123
46 24
212 212
224 21
274 190
154 204
34 209
240 72
21 291
3 100
114 299
133 60
175 49
276 178
189 0
289 44
238 27
73 61
239 224
129 236
101 158
278 79
25 136
296 80
79 104
22 180
115 90
42 176
231 34
226 288
201 299
98 92
240 55
283 12
110 137
21 98
153 87
22 23
294 261
110 271
21 258
195 27
198 36
143 96
292 52
252 223
49 188
42 34
59 37
38 65
18 51
193 259
273 138
145 27
133 67
132 109
193 225
200 79
251 44
177 184
182 154
31 107
235 302
71 229
39 292
237 70
138 58
218 158
130 232
286 156
179 207
88 151
202 271
277 236
240 265
41 204
135 273
246 226
249 171
211 227
24 293
223 83
45 42
236 139
201 18
140 246
90 19
43 32
228 288
148 120
48 259
77 228
212 94
141 97
301 264
259 171
241 134
7 2
218 221
185 234
82 120
78 148
212 12
301 99
264 248
64 6
55 39
210 68
222 254
246 92
165 108
306 124
158 253
228 143
291 86
118 171
292 284
246 120
107 223
171 10
191 160
158 218
280 223
74 26
233 42
280 36
217 89
94 148
169 223
172 171
155 200
78 23
160 17
122 120
31 88
290 33
12 224
168 34
263 143
133 138
206 288
186 38
56 96
175 67
253 19
176 74
223 228
23 273
33 186
139 39
261 201
90 99
173 195
151 169
106 273
41 9
151 291
109 172
112 253
74 79
143 220
6 78
301 232
294 221
253 181
180 15
193 133
38 212
119 117
127 225
150 58
167 87
196 93
58 242
238 130
109 45
120 131
9 271
21 142
6 105
29 69
150 133
250 154
226 263
3 50
104 277
239 18
203 42
65 108
78 277
169 21
218 70
186 170
139 83
235 244
87 42
33 303
154 211
98 148
56 211
209 129
155 170
115 260
119 108
7 19
260 8
124 189
233 275
269 53
145 166
106 169
110 228
177 147
243 214
257 295
23 258
108 151
24 189
222 199
293 69
140 31
28 271
43 245
207 75
296 201
118 238
220 182
304 180
227 84
296 247
127 154
293 33
281 301
140 108
73 4
276 190
163 144
77 104
22 252
179 274
286 143
187 216
286 148
76 120
152 48
140 248
148 183
265 98
79 70
262 176
265 28
200 138
125 1
33 100
144 305
153 74
280 77
176 199
62 233
145 164
77 253
288 210
51 111
254 231
143 248
102 132
298 234
0 82
15 305
179 82
111 139
271 31
119 45
269 40
120 26
181 221
178 236
109 40
177 298
173 48
235 108
302 245
237 277
276 259
123 5
287 212
222 0
196 37
279 55
82 199
122 93
102 181
250 300
58 4
63 80
39 94
27 297
29 36
247 291
71 85
251 67
94 83
143 28
70 21
241 78
32 76
285 67
103 96
287 187
156 294
0 60
71 20
178 253
16 304
234 12
191 281
210 60
143 157
68 298
126 6
139 7
268 217
189 217
32 298
70 196
256 271
172 243
2 150
146 299
298 210
223 36
157 95
306 274
214 88
16 194
110 168
220 209
153 145
225 151
300 76
230 234
81 278
305 2
164 271
276 25
149 142
172 142
180 34
170 36
156 68
289 221
155 210
56 243
94 212
36 196
189 26
169 54
48 253
290 116
18 203
6 129
144 7
18 195
222 4
66 247
122 265
264 216
253 277
170 213
186 257
90 28
283 65
203 63
55 254
204 124
245 98
242 235
43 90
233 34
192 158
116 228
53 48
15 256
147 289
25 223
71 202
147 79
174 80
91 229
183 182
152 164
138 177
26 255
130 238
226 51
91 42
91 22
177 243
293 26
203 65
69 67
0 116
41 231
110 233
140 14
233 181
300 301
86 37
10 136
226 15
75 275
78 306
281 289
102 26
255 73
86 140
279 115
244 87
211 246
253 96
82 6
167 258
257 138
1 151
174 116
38 59
227 19
259 35
211 255
269 130
108 99
82 250
245 19
11 194
227 135
227 173
213 14
103 228
13 37
112 144
113 161
58 184
280 190
50 114
88 30
105 8
175 176
58 186
305 24
0 46
202 1
156 198
52 282
242 305
157 289
46 256
295 141
261 46
300 226
176 56
285 169
224 120
54 228
104 236
17 33
35 18
172 246
0 285
119 278
189 21
21 273
174 139
190 86
276 291
270 169
19 232
96 164
152 221
181 173
65 85
168 83
67 128
62 149
153 257
266 163
29 108
281 200
95 103
36 194
93 41
219 278
265 81
298 62
77 179
31 109
88 277
24 181
38 250
275 199
98 83
256 232
220 17
291 263
83 9
218 229
296 216
289 132
39 226
8 191
196 15
261 22
151 234
180 289
50 32
261 267
130 47
306 200
186 195
58 281
217 57
115 273
114 212
305 291
13 158
41 282
225 114
13 285
181 97
200 36
265 204
108 15
191 59
245 187
107 300
180 257
143 232
190 169
136 189
191 245
60 191
45 128
18 255
41 180
233 168
231 32
287 138
217 132
185 36
79 236
235 123
305 51
278 189
0 122
230 205
15 116
254 149
111 217
300 165
182 156
176 45
216 292
126 57
169 208
189 281
219 207
23 220
157 200
305 272
285 97
57 103
4 43
84 188
144 289
71 28
97 162
153 268
263 135
162 61
224 196
11 60
94 298
227 185
70 128
186 210
38 27
18 205
81 161
302 277
41 184
224 69
216 183
226 106
127 147
254 289
107 128
78 88
125 20
162 219
104 142
30 269
303 122
233 104
214 264
156 17
87 101
263 299
184 7
178 143
144 146
302 112
288 298
39 203
125 218
263 189
305 295
259 6
82 255
0 219
241 168
104 117
138 234
68 48
301 27
197 11
78 60
207 73
198 191
238 150
181 126
197 95
60 172
14 85
273 243
238 50
291 112
304 270
165 205
233 240
64 272
46 151
208 266
94 292
80 105
129 225
124 178
73 169
243 283
53 273
67 213
19 131
118 223
278 68
220 78
239 178
99 242
275 154
166 37
295 158
280 275
235 240
276 293
74 179
153 230
277 69
193 234
77 291
245 170
116 226
266 156
124 160
242 64
161 247
178 226
88 206
29 71
252 300
61 72
37 230
97 35
89 227
36 130
181 290
262 196
161 270
159 54
14 151
40 110
286 222
166 289
215 154
128 244
35 121
69 266
113 128
1 303
40 154
165 236
49 21
164 173
112 207
301 89
50 105
276 6
283 187
39 230
21 279
174 70
268 219
170 15
247 225
198 133
88 183
69 305
139 133
240 218
166 213
164 293
135 299
262 58
35 293
82 2
36 44
277 96
110 170
113 3
183 162
21 172
287 146
216 239
133 116
84 141
53 111
131 196
242 273
149 262
219 39
205 195
249 112
179 151
242 250
233 197
20 135
117 48
150 246
199 46
270 147
18 73
204 61
261 154
135 290
273 276
33 35
142 226
83 150
20 129
208 280
191 178
33 18
270 67
54 198
288 214
114 105
190 189
81 260
157 126
38 161
32 119
44 137
69 241
48 25
195 9
189 177
194 31
208 198
28 174
13 24
74 175
160 19
249 1
207 268
133 281
219 25
245 205
191 133
226 83
289 149
207 177
276 180
27 4
66 306
44 248
184 179
176 5
254 51
214 248
69 35
207 277
195 67
178 116
49 124
297 64
265 36
95 32
215 2
168 121
148 34
272 255
303 202
249 290
32 106
211 290
259 90
244 9
91 162
289 274
235 138
178 109
72 22
244 200
227 82
147 94
134 151
192 224
147 300
176 197
217 16
37 240
270 161
0 291
138 192
191 194
26 205
304 167
223 129
284 267
251 182
112 1
265 76
87 274
10 163
120 43
248 239
219 267
302 285
278 30
231 266
215 149
98 219
215 43
305 59
288 104
116 133
185 76
243 113
195 94
56 238
237 186
111 178
185 297
217 94
67 249
204 142
41 196
73 11
98 104
304 165
84 232
192 279
135 219
131 284
0 17
68 148
33 125
225 191
149 27
186 138
269 45
292 210
235 99
8 146
20 290
37 165
55 88
189 148
257 100
302 185
269 106
192 288
251 8
212 87
85 12
24 101
123 37
90 133
68 280
248 86
160 89
136 29
35 101
225 238
21 57
241 272
38 53
5 93
207 61
258 79
248 297
83 79
157 268
54 170
280 91
134 58
214 6
19 228
98 248
122 130
275 196
287 198
69 116
270 163
64 221
51 226
274 121
302 191
146 275
123 21
173 63
51 246
226 256
62 133
50 126
41 272
61 54
182 190
289 178
109 215
129 96
30 299
58 25
306 22
55 121
103 122
268 55
107 211
93 102
221 175
123 190
292 116
36 172
244 285
151 171
141 49
200 171
278 145
98 288
77 194
114 205
127 80
286 129
26 37
82 245
7 144
82 225
233 162
166 221
149 95
305 44
184 200
230 167
74 209
47 85
296 245
246 62
235 147
270 94
179 174
194 263
53 64
249 246
140 280
197 288
87 210
275 75
139 90
298 252
0 233
68 231
259 253
248 272
244 64
57 54
91 238
126 131
289 69
88 279
235 70
185 105
296 237
6 149
46 282
195 18
185 236
19 305
267 280
195 146
200 199
181 18
179 306
211 18
244 218
184 239
193 239
257 239
142 252
13 173
170 287
294 70
153 99
151 161
211 2
167 10
176 284
176 91
233 299
97 128
27 146
291 9
274 226
180 63
302 168
291 251
299 178
256 224
151 84
260 292
1 265
51 146
111 80
59 39
239 99
98 16
145 78
272 239
113 135
21 38
151 102
118 280
2 281
194 273
138 263
53 279
232 210
122 27
229 131
269 21
41 236
140 59
211 114
15 258
228 60
115 42
244 53
228 70
165 81
210 97
176 118
274 86
141 30
75 252
189 50
298 293
9 61
115 86
245 27
37 195
282 167
80 216
149 72
141 40
259 119
283 236
73 298
44 169
252 244
233 1
260 14
37 123
186 246
139 26
294 134
242 17
82 286
239 195
164 212
35 188
215 186
276 112
5 98
155 98
172 77
80 169
152 193
245 283
133 4
15 278
206 134
218 49
125 38
15 24
249 94
282 20
137 8
68 197
98 75
36 224
142 175
106 181
236 82
195 114
69 291
298 184
267 112
257 168
94 196
247 84
285 188
82 298
35 35
284 32
176 65
74 237
257 33
139 158
68 62
236 285
232 291
210 187
75 174
78 106
228 283
9 51
162 110
71 200
57 215
244 49
178 218
122 162
210 95
93 59
58 290
89 233
28 283
42 163
209 139
83 200
226 134
182 284
240 293
47 296
63 262
163 223
104 262
143 30
186 238
239 252
236 166
2 69
169 253
178 56
177 305
40 127
303 296
222 230
297 200
241 35
195 240
175 87
284 24
81 37
220 287
104 245
193 215
271 244
25 16
0 245
92 195
200 55
122 302
72 178
210 203
180 163
265 26
289 162
257 50
261 2
157 302
177 97
166 73
231 172
171 17
282 38
208 90
300 157
114 122
91 80
221 177
209 62
160 15
70 34
34 255
183 245
292 291
55 168
217 112
258 292
186 98
237 61
281 87
145 286
23 284
15 37
68 207
45 198
61 16
158 242
105 43
207 300
61 107
89 170
64 65
7 111
190 182
193 245
250 212
244 306
258 23
150 224
81 80
105 19
39 194
215 184
60 281
106 1
205 154
148 17
52 204
4 116
15 263
104 201
154 229
124 227
162 91
112 120
107 264
99 112
159 3
158 266
45 83
299 137
47 5
102 256
75 10
203 13
152 247
135 2
172 197
61 76
145 171
207 290
149 272
18 155
298 23
104 55
48 104
302 172
63 104
237 241
260 33
106 302
184 260
81 35
199 140
9 118
227 47
34 225
128 143
142 7
53 180
224 247
114 169
28 217
215 258
162 173
37 115
25 187
120 135
223 165
74 215
89 248
89 289
294 108
246 108
162 115
156 176
39 50
180 153
264 195
47 145
225 112
51 192
23 243
88 145
54 260
203 182
84 214
216 48
127 227
91 290
280 6
136 200
285 47
177 43
118 116
50 41
252 65
289 281
149 43
195 281
125 18
93 149
105 57
71 265
54 196
112 79
3 71
140 105
87 149
91 140
266 277
194 185
21 143
147 261
175 223
74 116
143 19
248 160
184 139
212 284
94 74
121 142
134 136
35 179
305 244
1 273
106 156
194 269
161 42
111 205
278 127
112 28
275 265
214 82
271 40
136 233
245 256
258 77
200 160
203 40
284 179
86 131
131 43
252 246
11 215
69 264
188 33
121 118
109 287
289 93
265 226
113 185
80 63
228 166
80 138
230 211
184 300
280 60
125 157
211 188
50 136
251 301
55 78
72 142
23 108
243 248
17 13
26 114
252 264
241 56
97 38
141 109
121 210
288 222
258 172
216 229
49 172
251 4
279 75
124 139
231 293
226 268
83 22
137 68
271 247
61 131
166 171
160 132
125 91
106 296
56 5
281 65
84 304
225 68
101 48
208 162
234 169
164 103
190 230
36 77
82 201
131 290
113 30
277 207
161 62
27 234
169 51
306 12
295 45
234 212
188 169
105 162
285 26
16 204
207 107
278 111
14 46
258 97
82 241
63 15
149 201
194 279
102 264
213 125
99 147
274 74
128 189
155 57
202 306
12 35
209 247
25 264
82 258
267 118
289 259
195 267
154 69
94 11
86 35
186 155
157 55
142 60
229 229
132 169
71 169
261 60
41 304
215 151
289 84
257 228
261 248
20 296
130 240
205 198
179 242
38 186
291 246
21 281
38 71
164 240
83 171
59 251
28 152
289 164
275 16
290 299
282 254
88 221
101 122
235 197
29 137
196 250
9 121
44 212
291 253
289 99
160 278
46 235
90 207
271 210
249 161
276 214
37 168
300 55
174 72
126 143
41 62
82 87
66 92
138 282
189 252
140 111
277 257
24 84
92 75
17 26
280 225
11 257
10 199
89 23
159 270
126 306
123 51
262 268
203 247
97 153
80 29
48 136
144 185
199 223
137 207
70 260
245 12
173 185
5 118
282 104
236 264
248 214
123 225
1 78
178 21
216 21
36 207
72 227
2 305
177 114
222 73
60 141
42 303
77 175
199 162
204 270
126 248
93 106
224 132
95 110
130 20
28 123
57 80
287 27
215 81
236 199
9 235
53 11
187 299
30 280
218 12
233 109
4 301
28 205
103 158
278 214
137 97
45 276
133 193
70 187
208 67
89 239
204 245
38 225
115 165
212 187
55 245
116 283
8 152
287 227
25 233
296 302
71 249
221 105
106 62
12 171
60 139
232 114
301 202
228 235
26 85
287 47
140 228
244 241
154 76
124 3
187 282
58 18
75 205
9 233
175 221
126 22
259 257
19 6
84 167
223 119
167 75
125 195
211 172
85 18
148 83
41 150
289 102
107 192
292 193
169 63
6 42
298 56
141 123
196 187
1 13
196 256
79 207
229 14
138 280
9 123
75 135
18 9
259 181
303 155
167 110
135 68
134 285
119 66
199 213
103 260
155 180
294 77
197 56
25 57
157 38
148 213
301 243
86 95
117 245
162 7
9 91
137 283
14 140
54 32
24 199
3 274
255 163
98 13
134 17
157 216
36 64
255 151
133 248
144 41
291 29
251 172
271 69
167 170
274 42
201 110
249 7
11 221
289 126
47 187
9 195
107 251
68 258
76 75
176 167
64 247
212 59
86 151
195 299
134 214
46 54
238 185
48 298
248 231
219 135
7 138
146 177
269 170
34 265
261 68
213 136
51 190
15 294
86 82
109 229
236 217
126 271
266 140
151 68
184 208
67 109
9 203
206 181
298 303
10 151
96 135
48 168
271 187
224 1
136 141
121 53
287 189
278 160
204 265
122 227
224 73
77 186
100 204
198 139
118 182
283 204
237 255
117 191
111 293
88 32
128 21
212 267
113 177
31 52
9 244
86 112
279 188
245 129
89 241
171 190
4 16
213 105
107 92
98 77
246 199
110 147
79 113
224 118
94 263
163 142
126 136
300 26
232 302
303 238
135 57
193 236
90 13
202 85
175 242
192 83
97 229
142 66
273 273
246 72
4 218
81 156
23 161
0 203
189 125
257 170
277 18
296 175
269 14
68 23
100 148
298 175
67 195
113 151
88 298
199 195
284 58
35 25
181 69
125 167
102 259
218 281
243 205
225 189
195 29
20 28
25 240
272 225
54 244
96 137
56 113
296 70
155 105
41 5
206 209
134 253
116 288
214 268
210 262
78 92
123 158
4 150
98 306
34 271
204 133
188 25
243 242
209 234
184 197
249 68
221 161
29 125
33 143
137 154
260 66
165 195
193 126
77 247
126 20
138 226
268 10
108 174
77 16
283 244
45 144
289 265
279 140
211 251
81 223
85 176
58 131
278 19
63 151
260 285
70 65
158 20
105 28
180 59
105 33
142 9
164 238
106 143
70 56
165 230
25 161
69 256
251 198
100 155
166 287
67 269
220 62
241 132
125 52
286 210
77 196
181 181
15 73
265 269
83 288
45 107
248 288
213 249
254 268
24 115
256 212
52 66
297 97
303 283
252 206
10 28
156 28
276 281
273 122
75 190
295 132
208 169
89 21
206 167
243 101
98 221
295 288
181 213
87 93
119 149
255 45
264 220
1 144
291 97
306 237
193 257
192 274
99 11
50 48
269 7
97 281
283 197
265 180
216 35
54 291
133 179
229 172
116 50
117 274
240 277
274 31
62 169
288 306
158 284
87 118
130 101
96 272
67 27
129 285
109 202
136 131
22 159
272 282
187 290
238 292
61 293
233 277
286 62
62 159
245 215
145 264
89 68
162 279
124 133
298 165
217 8
247 35
8 160
67 174
273 24
47 240
123 94
56 3
296 260
106 201
218 240
172 248
91 58
146 54
179 147
41 182
146 70
6 295
105 203
26 243
230 258
219 227
305 42
36 239
50 117
110 25
290 184
151 100
18 258
206 147
135 210
264 92
69 186
195 126
127 210
159 277
171 293
225 77
267 207
142 224
224 158
111 10
65 39
304 57
281 169
17 136
242 30
185 5
267 293
287 67
261 70
136 178
206 124
143 43
176 195
210 37
5 267
139 165
126 116
176 273
214 47
130 234
89 125
80 128
190 120
169 294
174 130
105 187
258 81
164 164
175 6
170 93
158 142
110 162
261 57
14 259
215 20
198 58
269 294
217 64
209 294
221 36
260 152
236 227
158 84
23 231
88 272
199 18
239 70
166 282
227 30
6 163
119 245
205 214
6 4
151 145
150 296
303 37
45 18
224 134
29 20
56 259
225 10
97 176
27 137
24 112
271 96
62 303
238 12
65 219
117 4
241 283
143 282
99 64
141 161
189 283
199 201
45 20
217 192
193 160
179 57
182 86
32 1
255 208
193 290
267 30
11 123
240 76
265 106
108 255
91 218
184 202
105 195
204 167
118 284
290 283
61 40
200 150
130 74
223 233
153 206
117 300
217 100
229 246
167 89
260 62
140 215
50 239
251 0
164 210
38 254
150 51
180 211
36 72
210 253
11 144
267 157
173 269
72 41
223 174
270 128
55 133
93 268
123 53
128 270
55 296
280 281
89 119
152 70
27 6
134 271
14 56
212 277
129 36
109 112
16 192
18 65
89 190
139 69
206 89
102 218
116 116
278 296
106 107
29 238
66 54
107 290
192 109
165 22
212 204
290 215
225 173
268 119
189 228
257 222
300 10
40 28
2 113
301 177
205 132
37 66
168 106
209 131
188 99
233 249
254 15
52 12
220 243
227 107
236 219
5 56
50 168
17 217
292 7
136 191
198 2
243 11
89 10
293 132
56 153
47 264
256 269
212 216
247 37
34 1
173 207
153 157
293 39
151 238
5 127
88 293
31 3
278 243
257 136
82 60
92 18
91 5
56 282
272 2
241 110
97 302
157 122
293 60
129 145
12 98
229 137
145 219
240 39
112 170
14 191
179 31
18 193
31 127
280 121
300 111
8 251
200 2
254 110
85 252
44 226
132 195
290 186
276 106
205 114
56 94
271 84
221 25
268 271
100 268
98 138
107 158
7 285
117 240
267 8
293 225
82 46
161 2
300 117
0 24
99 215
72 225
305 138
53 73
154 234
174 166
40 39
218 102
274 300
96 96
244 275
45 280
252 190
128 83
213 166
57 29
244 177
127 30
282 116
126 166
180 187
227 202
192 61
72 69
216 267
281 75
60 266
126 24
14 165
278 90
183 70
10 184
39 264
89 178
58 190
5 257
240 193
162 71
41 234
173 153
143 274
221 295
243 142
294 90
277 202
74 287
35 107
59 41
79 18
301 101
133 272
274 140
66 281
229 180
118 218
65 103
65 218
34 105
286 20
254 83
40 117
83 230
60 289
131 82
109 174
217 81
90 72
2 1
146 215
199 149
25 35
98 254
88 192
71 245
13 214
239 20
302 302
101 287
8 246
80 46
284 82
195 177
12 160
113 53
288 75
81 134
216 28
214 148
96 291
9 182
88 137
214 302
159 244
49 287
130 106
270 274
224 50
58 192
183 302
293 172
120 71
52 149
228 267
276 104
62 172
81 61
273 207
93 53
271 230
178 273
27 99
169 67
211 278
77 144
259 11
138 99
226 94
254 57
165 2
294 209
288 172
224 213
32 71
202 79
205 8
277 228
277 89
259 121
57 127
224 281
29 94
132 29
33 178
219 94
131 165
67 145
102 81
304 219
2 146
43 6
155 281
43 20
155 24
127 111
300 235
93 63
3 105
47 39
175 51
10 146
101 270
273 131
140 12
202 201
213 210
39 67
203 81
241 233
93 214
44 72
26 33
62 260
257 254
172 287
32 160
105 294
210 35
121 287
146 149
100 52
2 30
166 291
181 30
203 172
153 83
271 238
152 186
70 159
48 228
14 236
82 127
151 258
113 293
43 181
206 266
21 161
183 150
279 147
28 260
141 82
46 175
188 15
173 25
262 236
165 88
162 44
187 70
73 67
0 238
12 93
211 231
296 78
114 242
164 219
9 208
183 218
122 55
276 299
133 232
227 243
174 304
258 180
143 173
260 214
5 260
95 180
187 228
168 281
78 41
61 52
134 51
56 149
212 305
19 63
135 160
165 143
216 86
181 264
229 216
306 44
306 193
209 23
154 223
80 218
217 110
233 137
42 249
299 63
132 25
52 44
56 222
127 179
305 276
103 216
184 183
155 150
164 264
261 140
242 170
157 214
73 196
191 1
258 123
136 261
7 230
176 138
305 208
304 86
96 166
78 138
200 24
217 266
153 4
43 107
151 113
268 247
268 150
44 3
270 83
4 168
129 293
153 259
224 255
286 219
216 23
148 140
238 244
214 76
219 241
244 198
178 270
62 235
298 236
207 41
264 289
51 101
22 293
64 286
186 46
2 139
227 141
172 230
55 142
32 78
226 200
18 19
266 60
261 126
82 34
10 107
183 304
259 112
34 16
49 111
234 53
291 110
191 141
243 292
67 112
63 167
276 234
131 223
0 210
217 235
154 193
209 79
65 8
218 35
161 268
63 74
76 59
62 67
222 235
73 265
209 113
64 259
226 31
225 136
30 278
140 93
129 69
173 175
194 190
90 164
284 294
53 71
84 225
252 267
68 289
258 108
237 253
283 228
265 30
306 258
19 58
99 48
256 237
99 85
205 300
227 181
37 40
136 263
163 135
86 303
240 46
118 169
23 291
110 74
59 2
99 217
198 108
255 93
193 20
112 114
221 113
225 8
116 254
40 232
170 204
304 215
52 31
166 228
253 98
57 178
150 165
172 126
203 17
240 231
154 266
6 29
74 52
297 21
195 255
118 75
294 28
229 231
36 215
155 230
100 4
198 157
4 81
25 126
269 238
133 37
24 74
69 140
140 195
157 164
19 266
112 147
53 217
56 280
221 12
289 200
263 264
172 147
110 91
82 294
188 258
103 306
303 46
70 48
171 266
190 150
255 36
21 199
121 218
272 90
161 224
116 299
1 28
80 10
219 258
138 216
123 280
298 274
72 152
38 266
91 50
174 290
282 61
128 206
54 301
268 42
82 133
165 242
9 18
14 38
97 59
47 112
220 73
242 124
29 197
138 247
235 167
202 24
12 52
191 289
184 78
59 259
80 279
129 66
2 7
93 61
223 71
109 89
214 274
211 153
195 235
297 159
242 0
148 85
199 216
86 250
158 115
118 122
185 299
49 160
88 159
116 178
75 36
20 97
177 72
10 12
39 256
120 205
32 202
183 131
114 28
43 79
69 214
137 295
96 304
262 14
173 100
138 195
303 66
121 220
169 219
201 12
268 125
117 214
69 157
1 173
11 100
47 155
127 8
122 186
57 168
11 10
209 251
45 258
96 226
23 60
71 154
210 112
154 134
220 230
289 123
214 58
147 271
297 177
61 167
206 230
152 240
81 4
91 178
215 220
121 22
144 215
243 83
142 266
193 0
189 46
286 51
294 219
183 119
154 278
65 195
163 301
194 62
260 42
91 105
204 52
143 115
230 146
48 49
79 54
39 239
197 286
206 101
256 68
25 98
94 247
110 254
63 51
204 50
118 282
29 182
252 120
279 45
166 39
51 127
35 304
25 211
91 120
271 81
50 238
197 167
40 71
191 12
61 138
211 249
176 286
195 79
250 188
219 33
105 118
191 49
283 80
197 44
41 156
37 26
277 36
193 162
173 253
204 185
241 258
255 99
105 22
265 257
243 209
36 205
27 91
303 131
6 277
65 271
234 23
218 209
10 201
211 150
233 172
217 30
56 303
112 72
166 186
147 154
89 1
184 291
63 63
180 283
81 287
32 129
233 297
178 42
51 293
24 217
297 148
83 223
286 295
136 303
34 80
298 25
274 55
152 147
51 161
47 129
259 202
79 222
28 10
138 261
185 289
62 43
243 232
227 101
152 181
115 64
134 175
243 19
200 30
31 185
98 87
99 91
299 86
241 117
99 280
275 65
110 11
66 36
263 145
250 263
169 210
291 163
228 55
9 100
156 132
273 191
95 184
126 285
153 14
35 68
119 41
219 68
108 302
250 222
117 222
247 2
252 107
241 242
38 141
39 105
19 171
245 279
10 246
154 59
221 265
40 136
11 305
174 202
110 221
87 247
150 112
89 262
151 132
120 76
66 56
165 275
38 214
247 179
220 115
3 159
290 31
129 227
170 52
148 105
195 278
148 248
157 231
227 78
287 304
103 195
266 195
43 237
127 32
287 168
31 211
26 9
257 111
64 288
220 101
95 81
90 3
274 197
291 84
150 131
191 199
114 32
173 210
50 254
292 265
295 181
121 190
191 201
279 1
104 295
43 214
224 75
1 84
272 212
67 52
91 103
238 192
265 294
90 138
12 22
183 121
155 300
250 220
34 287
23 154
4 262
261 250
280 184
16 46
45 240
151 217
2 103
210 264
11 271
202 170
143 303
127 34
151 273
221 89
164 6
237 191
222 300
68 184
191 162
298 6
238 210
73 85
108 106
197 87
265 116
112 76
227 92
235 276
86 273
15 238
204 112
88 36
180 216
43 103
16 196
165 124
166 29
75 180
211 299
287 123
1 133
271 1
164 98
56 197
296 56
283 160
183 115
117 61
251 233
178 16
76 209
59 59
273 237
157 91
129 72
239 118
5 133
115 48
291 102
244 108
146 212
156 12
77 293
136 205
180 84
167 204
246 201
67 141
135 251
54 258
131 146
31 148
3 303
53 147
47 77
166 151
135 83
117 279
199 4
106 98
269 96
163 60
50 270
190 152
220 221
93 120
157 149
256 280
28 278
55 30
4 41
261 12
287 133
43 291
139 294
85 77
16 96
84 74
14 77
189 135
64 21
102 59
43 77
194 77
300 253
126 301
203 199
286 186
278 129
214 196
232 164
122 106
30 249
80 0
180 276
56 83
286 269
162 36
277 147
53 191
218 6
213 45
237 198
206 199
25 306
200 208
280 165
145 259
24 55
285 155
152 15
157 287
27 158
218 279
147 26
251 95
181 46
174 200
255 295
58 119
16 178
46 119
121 108
295 62
263 158
70 281
11 226
69 218
85 194
183 180
137 161
133 26
71 46
256 230
115 20
82 280
262 200
2 189
175 96
165 256
46 297
90 123
107 2
81 114
99 259
208 146
267 53
201 205
22 275
272 75
111 122
191 298
58 126
265 296
122 179
89 59
42 39
171 237
4 135
96 196
196 263
247 68
254 87
155 38
172 19
111 298
237 14
296 4
79 97
239 164
108 127
112 198
18 146
234 284
172 168
23 127
49 138
42 47
65 88
250 206
19 165
170 111
292 50
201 126
109 235
182 78
254 26
20 45
93 259
20 133
137 133
249 55
184 264
166 304
149 237
301 20
18 62
65 249
240 26
242 275
284 183
10 193
44 167
147 81
39 69
72 197
1 251
207 45
3 267
80 201
256 119
305 225
118 135
8 54
194 210
241 100
201 43
201 174
280 18
304 171
145 194
70 69
3 133
177 134
300 222
228 127
132 249
128 97
2 185
261 265
197 176
265 188
266 270
272 150
249 280
121 10
255 63
270 267
19 148
27 241
291 26
187 75
16 74
280 113
161 191
95 42
104 133
272 205
170 229
130 188
82 217
45 295
137 84
5 182
61 74
164 8
69 230
291 281
243 133
140 255
61 279
206 97
54 26
212 126
228 94
250 42
107 0
52 197
229 58
160 246
304 186
178 80
36 81
250 142
115 123
195 203
75 302
277 267
157 10
279 288
75 227
39 196
25 80
188 301
80 281
173 50
3 39
68 164
56 27
176 239
51 139
81 248
104 156
40 60
264 74
96 14
239 101
129 117
10 255
57 257
244 123
131 76
2 283
97 293
164 252
103 70
286 235
48 266
8 4
223 302
139 169
199 220
84 97
220 91
266 197
127 218
41 128
169 2
171 186
123 143
302 65
132 27
302 193
180 41
33 128
76 6
222 147
219 8
181 218
47 287
107 39
243 216
182 152
105 122
295 30
128 67
208 241
41 19
244 304
41 85
32 245
199 76
289 244
264 177
112 215
89 49
29 178
217 92
14 298
123 274
176 217
174 86
219 45
191 107
9 290
285 237
104 15
86 299
258 301
210 21
272 300
177 0
30 136
30 236
115 262
139 117
296 183
140 239
126 93
263 150
257 182
253 306
305 160
170 122
55 81
36 117
251 79
299 36
268 259
162 197
119 239
276 67
32 221
6 200
93 24
117 149
256 180
279 150
292 239
234 218
79 8
284 124
101 130
249 139
252 109
100 145
176 15
25 285
216 51
55 160
131 282
220 228
156 114
224 240
287 196
208 60
33 3
50 201
81 109
159 161
128 229
25 273
160 212
131 14
29 234
55 28
280 154
122 202
58 61
175 120
178 276
64 269
109 72
35 148
244 255
284 288
232 189
285 247
121 231
97 218
205 16
135 284
94 266
153 179
130 167
201 64
195 283
162 133
87 267
124 202
210 243
155 258
110 189
79 248
158 155
296 290
258 104
212 148
33 257
32 274
214 97
56 265
218 189
253 128
269 245
213 251
140 66
52 21
191 129
77 54
79 256
162 264
258 271
304 159
179 297
132 74
47 280
90 154
133 176
290 7
185 217
48 13
146 47
205 62
40 294
128 301
107 60
203 195
283 216
282 7
103 252
183 43
158 135
213 43
163 67
69 84
173 306
7 17
278 222
242 180
129 169
142 180
117 123
11 50
229 155
298 146
221 111
149 153
283 16
34 135
121 45
115 163
154 208
229 83
99 40
103 230
254 257
201 148
95 177
124 272
22 241
67 257
148 36
199 127
118 154
169 119
229 92
37 260
13 256
226 213
7 24
139 166
132 107
40 48
31 5
138 268
165 258
11 64
80 121
32 56
105 265
17 256
302 83
222 197
217 143
24 78
172 188
279 265
296 2
298 301
149 110
86 158
52 80
185 185
57 101
289 20
79 300
189 254
98 236
90 6
119 98
96 36
249 228
69 252
173 27
229 244
230 149
142 247
114 198
235 121
108 138
200 50
265 279
89 219
244 207
19 218
44 222
95 117
168 214
254 206
212 107
118 51
285 122
229 168
253 162
107 259
200 81
201 66
54 9
7 267
85 283
46 126
233 3
202 277
192 204
122 183
267 107
289 10
108 51
175 259
183 26
87 58
226 104
245 51
4 128
10 34
54 97
275 273
203 110
159 206
107 64
1 221
299 200
263 207
188 85
263 247
269 108
278 113
286 297
275 58
202 186
197 232
60 42
211 46
182 294
295 249
41 214
221 302
194 44
239 230
57 224
154 186
306 166
6 151
225 257
214 162
189 107
42 137
148 198
297 41
182 222
194 214
191 180
199 286
10 42
224 273
88 112
251 41
129 30
43 174
233 301
7 92
69 105
158 76
74 38
13 0
71 218
272 22
40 300
42 186
212 155
164 296
85 154
195 189
135 45
23 58
272 245
252 42
231 108
184 207
55 104
193 140
182 20
41 46
189 57
60 125
224 80
199 88
169 237
291 171
9 229
125 134
29 301
154 175
163 166
54 41
158 177
92 14
227 227
273 0
240 162
183 298
109 223
127 272
49 170
78 177
39 283
11 254
199 118
1 11
18 0
146 254
87 86
237 19
221 179
129 81
281 98
163 181
304 124
98 20
63 17
80 119
240 305
231 154
53 263
171 169
180 143
58 84
50 211
299 287
206 216
31 155
198 251
51 253
15 6
142 207
219 249
165 0
281 198
256 15
263 49
149 255
287 76
27 35
77 242
138 232
31 178
43 224
19 142
85 70
203 3
197 116
144 187
304 95
251 265
72 280
124 301
42 7
71 270
99 164
102 145
237 243
157 57
64 212
101 57
204 33
278 21
50 91
287 291
167 51
25 44
79 136
149 4
156 59
32 266
137 170
173 170
18 79
296 99
144 189
130 108
276 91
126 250
96 248
165 145
159 23
290 261
53 178
269 9
219 205
231 272
247 144
168 98
17 173
11 182
280 156
10 76
250 241
148 87
247 263
306 120
64 203
134 91
32 228
235 57
27 168
70 301
187 59
8 228
23 239
48 186
189 264
54 13
144 193
232 208
263 194
190 23
190 64
68 57
45 132
277 264
36 269
226 293
162 282
190 61
187 271
165 298
4 94
127 283
70 77
30 92
21 36
137 165
214 215
131 122
87 50
236 26
244 148
128 249
217 298
260 104
146 56
109 98
15 296
185 25
62 97
68 302
203 242
265 237
117 67
237 29
66 189
29 27
45 205
262 130
44 244
271 152
267 35
201 119
74 296
177 177
223 160
202 10
104 94
38 145
198 91
183 252
181 71
57 236
103 47
173 128
116 125
163 196
188 158
267 295
154 16
168 266
9 253
176 107
152 285
269 199
82 116
153 238
78 170
6 153
252 248
147 10
107 31
280 38
209 272
176 182
39 188
177 271
137 56
24 244
232 36
293 223
29 135
0 106
100 272
222 104
167 1
181 288
294 22
15 4
151 152
138 107
87 171
10 113
24 175
32 224
22 216
95 261
128 167
20 89
116 205
223 131
116 58
269 51
184 163
195 234
35 97
254 204
298 190
51 166
174 23
265 144
237 251
189 173
174 272
220 291
293 85
161 119
43 271
2 42
292 38
61 248
278 24
154 29
12 27
154 275
242 109
131 278
291 195
140 200
165 156
248 93
113 96
179 94
198 144
195 166
172 140
65 279
121 240
140 33
99 130
121 203
26 235
167 156
127 204
140 193
93 168
29 204
297 60
181 189
188 87
194 158
87 60
51 279
264 152
33 52
185 114
161 195
52 96
245 136
185 103
26 148
125 284
286 134
153 170
104 181
23 133
34 200
63 84
127 145
56 55
55 151
213 202
19 210
122 29
196 43
123 75
243 42
165 4
111 247
9 111
172 295
9 63
177 6
167 119
179 38
18 234
224 101
111 41
50 176
285 226
214 120
94 108
23 143
21 33
304 285
263 29
51 180
31 58
165 75
144 226
146 131
52 291
156 283
64 158
194 271
211 128
168 49
266 19
54 95
180 56
25 185
266 228
270 74
271 208
90 66
61 63
172 250
290 100
245 154
24 92
140 178
46 10
180 37
70 16
203 86
253 64
22 301
39 115
287 111
85 156
160 199
301 207
81 85
44 97
140 257
284 60
8 200
248 142
246 26
216 188
123 100
148 8
91 33
145 191
116 83
105 261
95 192
264 175
70 23
71 67
197 178
39 247
212 170
105 158
58 269
77 226
58 113
26 209
218 251
119 241
238 25
69 75
98 124
3 145
183 296
138 156
249 37
125 299
251 253
62 157
66 231
204 88
232 179
3 98
100 137
228 79
272 257
212 141
47 143
161 82
294 289
192 291
72 159
62 65
65 137
49 184
66 46
135 85
199 266
103 68
303 19
214 107
229 56
67 84
161 95
176 81
39 123
60 92
10 180
46 58
244 89
236 275
49 155
282 77
36 278
253 126
248 59
235 136
246 264
242 177
89 229
154 273
193 278
247 91
111 296
134 265
78 188
65 52
197 141
102 221
118 265
75 171
206 33
284 22
53 15
162 164
85 231
101 111
306 158
82 58
217 238
152 116
210 1
190 48
9 24
95 206
292 28
127 256
212 6
143 228
224 293
154 115
41 32
250 159
203 221
255 140
123 196
266 247
213 140
229 159
116 135
191 154
21 59
13 86
101 239
183 227
106 38
264 284
30 74
232 102
124 297
39 112
243 28
54 87
45 78
235 27
26 250
168 227
156 156
133 210
277 12
7 249
144 98
54 212
142 92
44 282
265 244
139 110
266 206
188 260
184 247
259 303
178 157
90 300
16 280
161 181
92 154
222 138
74 40
178 29
91 209
218 217
50 60
296 195
17 170
19 15
215 160
184 82
221 145
159 195
23 229
56 61
285 3
133 222
102 301
107 112
283 248
109 58
141 237
87 156
60 189
212 286
130 186
144 230
176 277
20 69
261 239
86 145
290 238
278 105
305 21
103 27
165 193
248 82
301 5
189 2
59 261
28 144
76 147
50 203
85 51
29 44
147 196
260 51
31 21
30 90
56 8
259 137
254 108
277 34
35 89
306 79
153 274
233 107
15 233
59 143
151 4
39 129
52 199
215 250
67 115
16 254
103 53
7 118
53 285
167 21
282 282
105 253
108 77
287 204
13 238
113 20
221 40
111 111
37 75
80 250
131 72
41 51
283 171
255 55
20 110
111 252
40 249
214 292
76 188
14 242
163 126
31 84
3 56
32 200
9 205
168 229
38 236
201 281
218 191
234 227
286 277
23 41
30 134
248 53
91 170
224 262
195 249
8 162
295 68
3 89
83 137
265 254
114 200
24 224
124 23
237 212
184 256
199 305
28 8
249 100
203 286
240 119
211 191
261 111
156 116
5 143
99 202
28 236
246 6
140 233
276 32
56 184
216 282
195 216
76 52
7 133
125 146
193 250
17 141
236 235
286 154
22 188
248 0
271 102
271 291
51 205
289 8
302 240
89 253
157 254
115 213
286 289
208 21
212 10
74 142
49 72
267 21
224 122
153 0
287 38
54 204
88 195
96 124
154 198
80 298
190 109
87 143
19 109
97 85
72 75
2 286
80 226
287 97
197 300
77 119
276 296
155 124
291 146
184 113
76 163
225 17
213 1
58 20
135 97
265 157
301 126
263 27
98 250
271 249
167 181
27 117
246 214
29 213
27 43
94 182
48 189
137 41
136 143
145 80
188 38
219 82
157 105
75 265
84 184
37 104
7 184
229 151
180 20
141 303
2 248
266 255
214 201
279 109
213 168
32 150
289 67
285 33
288 54
135 133
259 25
76 111
16 206
195 295
72 16
287 302
46 159
7 122
26 78
90 281
114 227
233 223
65 211
145 148
212 229
132 16
21 70
216 301
283 287
45 247
291 122
193 60
89 251
25 153
75 4
255 229
284 69
152 191
150 187
76 73
276 128
141 158
289 212
24 210
216 75
63 268
216 201
262 124
244 140
72 0
304 192
198 172
240 124
41 123
97 297
73 207
56 213
212 206
204 235
293 114
291 237
131 280
247 153
232 38
158 211
167 202
249 5
227 245
178 90
75 185
45 53
186 273
156 266
196 83
26 287
47 52
5 87
117 184
43 99
171 157
22 175
31 187
14 115
79 283
211 137
27 47
153 210
68 107
32 170
142 144
67 38
8 33
131 3
167 124
70 149
2 135
246 124
63 72
35 58
275 147
22 112
54 60
182 84
128 23
292 219
172 232
208 288
191 251
185 177
20 298
97 283
275 56
299 275
82 78
153 31
39 100
18 211
203 193
263 222
55 195
45 68
228 259
20 35
38 232
209 202
68 282
225 171
135 127
111 291
45 90
70 112
239 155
92 172
300 294
249 12
143 90
30 17
103 241
139 81
234 180
3 69
204 260
259 154
295 301
222 205
266 261
148 150
48 102
178 132
21 100
138 18
137 20
100 162
194 297
188 230
142 20
7 237
139 287
191 27
247 112
140 268
64 105
241 98
303 217
29 87
91 68
148 245
225 295
98 22
72 100
47 233
191 127
15 124
18 134
67 131
216 217
152 276
135 123
108 86
280 246
164 113
216 296
36 16
194 38
185 99
44 176
207 19
186 291
139 161
81 8
153 235
164 221
80 255
194 223
169 157
79 288
24 159
43 105
249 253
107 202
256 210
48 35
246 273
296 101
57 88
46 70
196 185
11 295
223 38
300 266
72 278
48 223
209 249
230 42
33 162
181 22
274 149
202 88
242 240
73 275
123 219
291 58
179 268
304 169
190 159
112 105
189 13
87 193
163 148
210 66
6 198
50 99
246 59
133 224
272 30
126 53
231 30
232 11
80 198
277 48
234 292
160 7
75 288
229 77
117 89
242 264
42 154
303 89
3 249
222 159
177 105
35 177
68 178
202 252
273 91
270 134
291 235
207 201
260 16
171 25
263 69
193 197
107 68
182 158
11 281
254 124
249 183
235 42
138 239
99 282
61 38
302 154
66 258
7 182
266 259
21 228
259 216
259 47
125 123
267 221
205 193
159 106
279 133
116 170
288 253
97 48
40 262
228 301
167 210
112 153
247 279
162 272
135 66
133 42
214 194
231 73
121 144
158 58
268 164
0 80
18 179
31 172
7 90
302 39
101 119
177 130
68 99
271 185
300 145
147 156
50 268
101 227
2 128
26 130
118 156
231 216
44 26
22 290
240 256
111 43
288 202
152 80
238 77
99 98
61 14
168 302
198 186
253 67
51 39
237 226
233 81
246 49
173 151
232 205
127 117
253 167
275 136
165 35
27 17
44 92
95 88
30 26
232 273
225 39
50 182
121 292
198 260
89 74
107 90
26 63
99 274
24 251
193 135
18 97
264 293
274 213
259 187
289 232
107 204
114 149
167 65
199 124
120 167
123 198
153 172
258 131
38 39
10 70
200 158
116 99
18 87
182 196
61 174
190 55
156 292
278 282
200 93
256 304
222 183
296 22
162 213
167 63
130 28
244 85
247 170
189 305
98 275
277 58
237 224
278 274
237 91
79 62
218 300
205 118
20 156
201 41
118 205
41 21
74 12
163 299
87 179
193 48
234 89
264 83
280 273
215 59
137 122
143 5
207 218
1 89
1 228
139 123
197 143
84 273
301 200
201 250
35 285
271 149
118 110
231 118
109 68
196 160
291 95
76 91
123 299
101 217
103 57
199 26
154 279
52 23
28 58
150 248
256 174
238 82
19 29
114 255
9 174
274 275
96 147
16 118
225 228
38 136
38 77
171 51
204 128
26 49
160 193
59 53
159 43
7 208
224 3
299 167
29 232
187 136
266 233
136 150
20 113
62 240
172 79
162 239
275 194
138 222
202 16
84 120
122 272
137 102
118 0
261 159
149 226
37 143
205 183
233 28
253 225
63 107
122 260
203 38
301 72
93 237
142 34
253 279
177 296
61 115
13 123
257 235
55 131
22 250
240 303
278 299
10 98
195 238
244 164
141 264
89 12
175 261
203 184
260 23
133 44
199 115
9 74
266 34
305 182
18 22
105 31
50 103
162 34
39 5
201 4
44 1
239 135
200 91
203 233
161 162
46 238
156 296
82 101
183 22
27 239
294 17
173 183
174 34
154 107
23 75
128 187
46 60
172 152
151 82
155 178
77 173
253 78
304 184
182 139
298 228
229 233
249 224
245 134
107 274
239 242
143 139
166 106
138 121
7 37
44 109
157 291
118 247
148 304
131 247
0 98
145 125
93 111
255 34
295 47
211 271
242 286
267 177
274 219
160 110
148 132
156 222
3 14
266 235
81 99
21 266
0 256
7 294
125 239
219 100
42 192
117 63
230 49
52 298
281 213
302 166
12 164
171 94
70 126
2 233
33 188
185 153
62 95
41 220
300 241
208 282
155 136
79 179
161 249
221 237
229 248
9 49
277 200
212 35
12 114
272 168
157 46
53 131
276 219
134 202
306 251
223 150
141 89
60 297
274 233
136 137
189 71
249 144
139 77
229 200
110 289
246 53
144 21
24 195
39 134
294 157
101 147
56 169
110 305
238 294
48 238
217 117
202 159
45 220
97 1
88 70
166 179
138 79
205 76
155 64
268 66
252 17
100 97
74 129
141 91
168 225
7 235
39 61
127 69
236 53
14 265
10 26
277 151
215 176
250 251
196 65
169 268
202 138
8 56
111 89
231 298
60 145
3 170
179 245
172 201
80 224
128 242
142 83
21 206
146 112
265 286
124 237
101 229
194 305
144 149
263 67
117 87
118 100
280 214
267 179
217 275
119 143
90 76
163 120
124 54
259 106
188 242
140 103
207 272
16 180
281 132
127 247
51 255
251 250
214 86
280 207
217 134
143 260
153 147
240 151
11 217
283 169
144 33
220 35
27 266
140 241
264 95
268 194
299 284
255 112
53 160
141 117
106 10
235 40
149 74
228 120
255 133
126 220
290 151
204 302
187 126
1 0
27 203
116 244
44 293
289 86
109 275
147 43
55 179
74 259
13 216
304 200
159 248
169 109
168 23
191 253
213 84
141 64
111 172
46 190
158 279
18 31
217 141
125 148
107 240
204 147
251 195
47 127
79 37
204 208
255 306
17 4
222 157
96 182
145 290
240 287
174 126
141 75
190 171
99 207
173 267
109 22
286 241
285 76
61 259
120 82
278 220
230 39
96 236
246 8
289 46
119 94
119 23
233 65
296 294
241 197
159 268
284 108
105 17
185 252
68 31
16 276
171 64
224 58
274 26
189 35
120 266
233 45
150 48
279 198
227 279
261 226
228 177
179 23
68 2
136 255
281 236
206 156
87 11
166 114
284 281
244 58
92 207
254 173
52 243
65 15
27 272
219 304
255 97
249 130
214 262
87 177
179 98
120 165
183 185
276 50
68 202
73 28
222 243
161 289
87 136
204 189
69 169
286 141
218 201
190 84
128 6
42 71
17 274
234 164
172 133
270 171
242 290
223 259
49 39
261 148
80 293
216 163
9 37
302 56
306 223
278 49
116 293
163 2
78 109
216 303
158 45
16 10
306 214
10 280
99 154
36 254
35 253
153 24
191 206
163 146
145 231
52 135
263 205
101 75
201 223
273 264
251 131
221 299
142 239
41 270
282 206
291 68
62 13
259 92
240 298
246 301
277 16
52 60
41 264
146 72
238 132
132 167
39 213
273 163
304 75
172 241
128 257
118 49
86 31
84 241
214 222
167 81
288 170
5 228
80 214
126 55
58 213
191 209
95 106
95 25
228 209
117 281
191 10
215 121
50 258
78 129
69 118
192 270
278 301
283 84
237 31
154 217
209 45
106 117
185 245
10 288
55 67
241 245
165 169
138 200
138 150
231 187
168 288
168 102
89 246
145 175
98 290
272 121
112 289
278 139
103 61
299 289
101 53
156 134
223 121
229 116
278 224
140 191
77 18
108 227
245 90
64 182
221 211
82 169
34 290
219 14
244 138
62 27
30 164
21 295
179 96
5 80
95 48
135 0
27 304
147 263
91 1
8 150
199 142
131 7
231 116
163 118
124 224
204 289
86 215
153 101
54 149
28 262
9 189
22 129
3 92
239 48
253 55
136 235
146 210
238 75
191 135
191 295
282 96
83 278
266 300
243 135
283 86
233 245
108 10
83 276
215 78
218 116
159 288
68 13
9 178
184 211
167 188
121 12
137 95
146 90
74 6
172 302
48 3
132 242
111 176
119 263
37 163
137 45
135 81
61 210
64 176
283 181
165 56
185 222
238 219
130 200
11 117
213 220
302 50
265 239
140 38
57 151
218 182
299 131
57 111
189 303
173 41
89 139
232 221
227 222
297 288
168 286
184 155
140 223
96 16
65 81
271 9
93 43
140 251
201 194
176 126
233 186
2 10
53 162
114 160
94 167
260 179
219 27
151 188
83 20
113 18
238 105
34 120
304 277
259 68
76 285
163 27
285 53
167 40
70 295
226 119
294 269
50 79
297 142
225 79
268 227
193 147
51 274
139 46
125 292
176 30
204 275
55 144
241 94
108 170
109 34
150 154
230 37
104 189
134 134
190 128
206 67
28 101
122 14
301 262
34 306
194 124
263 226
242 288
25 132
148 59
281 150
223 223
68 146
267 237
274 64
132 187
103 286
63 210
134 158
214 276
144 299
124 6
290 210
273 32
38 248
260 279
193 128
175 193
265 159
147 244
161 205
121 250
204 272
238 227
39 41
101 182
264 263
54 303
293 61
204 298
283 253
11 18
4 104
58 240
212 257
48 54
174 118
139 16
120 129
100 265
67 218
112 306
154 159
240 12
100 297
244 71
164 229
86 85
268 128
143 109
193 265
257 98
111 146
115 297
277 197
90 109
37 238
66 236
36 91
0 253
142 200
251 192
298 110
257 142
86 208
132 31
114 113
241 10
139 237
91 252
192 211
12 102
87 190
265 142
206 47
293 302
175 135
86 206
8 198
130 194
188 97
135 8
65 166
102 184
245 291
91 62
170 120
38 63
174 168
100 222
175 282
150 84
34 50
119 127
36 105
178 188
225 81
162 97
292 151
190 243
1 23
163 284
101 254
216 128
85 93
106 246
247 4
159 192
275 97
216 33
38 242
35 276
171 272
5 236
263 161
73 305
11 154
75 196
261 187
21 26
16 85
158 16
271 58
289 168
244 263
51 155
252 84
222 100
258 60
191 203
123 1
296 227
296 275
31 235
277 174
65 174
34 63
74 257
219 133
164 150
230 209
59 122
205 221
196 58
153 85
285 159
73 135
108 176
120 28
18 45
7 282
53 30
17 177
171 301
173 145
295 125
146 133
290 144
52 85
25 134
99 246
72 88
34 118
258 255
289 236
259 168
89 275
200 252
204 1
23 174
138 190
68 44
257 90
64 232
27 199
68 150
123 12
280 211
68 205
112 4
239 133
269 78
196 206
219 16
46 221
253 202
98 136
98 191
239 93
268 285
284 206
200 222
57 143
256 89
33 172
255 17
171 130
93 230
89 57
151 50
282 215
249 173
66 143
54 279
303 243
20 259
186 82
136 281
276 52
19 173
30 54
60 94
164 127
30 15
91 131
17 11
42 216
241 225
305 293
180 157
22 69
279 11
217 62
146 222
185 149
87 201
48 304
198 101
88 120
37 170
88 94
128 259
246 262
92 161
34 221
235 64
64 0
199 218
290 193
291 149
287 206
18 81
170 159
176 89
88 249
245 139
227 137
127 113
91 26
182 194
163 64
202 50
52 98
302 10
12 45
23 295
286 272
25 297
271 45
286 69
167 153
91 263
251 63
122 252
27 39
175 61
177 128
203 126
185 1
222 63
137 148
191 249
93 210
301 84
104 38
241 157
46 274
46 56
251 224
187 36
292 227
218 80
95 259
294 139
4 102
248 42
280 20
21 13
101 289
2 301
45 85
110 23
20 226
103 6
303 276
122 200
167 200
239 107
261 170
45 142
79 238
105 179
293 263
276 110
188 256
183 61
156 75
123 67
126 152
163 54
197 89
95 237
294 259
111 236
35 169
134 28
229 47
296 258
59 202
13 226
1 231
201 232
205 257
110 60
167 219
79 195
283 301
292 107
219 142
199 63
63 11
135 208
236 59
217 150
263 238
72 238
11 189
41 118
139 278
193 172
13 305
205 14
244 168
75 236
261 283
49 52
205 105
12 279
32 290
179 47
225 37
16 44
173 222
303 261
7 202
257 106
238 3
135 138
184 51
186 157
182 286
75 83
195 49
165 166
215 52
222 27
196 80
26 159
22 299
238 139
216 197
209 245
234 242
126 122
85 14
60 243
255 101
212 275
195 218
242 54
192 78
44 250
19 70
299 5
45 120
95 34
70 251
113 297
71 18
151 256
257 118
269 287
130 249
44 272
282 246
132 286
280 255
183 100
244 62
123 217
177 28
270 251
297 248
144 258
59 132
229 30
227 179
60 28
72 247
178 45
133 1
297 54
233 124
148 298
191 57
87 147
154 188
128 85
245 60
55 162
98 187
1 161
299 101
65 79
222 2
1 163
181 165
9 89
212 146
300 57
151 110
119 159
122 172
39 220
273 218
282 51
101 236
91 240
91 84
147 158
201 247
4 278
104 264
8 273
31 289
2 220
84 302
73 71
54 79
277 290
296 146
88 72
101 6
176 300
282 274
101 40
118 81
130 30
287 105
107 88
300 94
299 176
259 200
17 168
128 63
133 160
154 36
3 166
257 293
5 288
113 164
249 79
102 223
79 15
110 70
277 46
83 296
102 156
260 0
201 254
200 133
142 272
271 132
103 36
248 212
34 102
38 47
77 171
215 66
237 51
290 252
55 111
229 18
147 204
48 211
64 28
46 299
40 164
213 176
303 133
182 212
5 91
195 60
108 288
78 156
102 46
88 123
39 37
38 200
160 280
60 241
20 147
228 16
260 130
172 203
196 291
48 306
196 31
113 41
90 97
255 288
216 53
286 124
252 203
147 178
86 184
124 93
244 210
156 128
278 286
0 198
215 131
185 69
68 77
150 204
63 82
289 39
282 280
165 250
140 79
238 95
225 20
219 112
195 153
237 17
64 172
225 130
242 247
196 204
205 177
220 2
76 31
255 191
152 13
254 106
73 118
248 235
274 271
0 263
293 30
47 37
251 144
149 205
90 168
191 35
2 82
122 254
191 116
114 152
200 0
123 255
281 157
142 102
51 178
40 186
282 22
119 96
73 240
260 273
248 25
286 170
240 270
83 243
192 272
25 100
267 45
292 191
273 84
51 188
120 259
243 99
39 158
153 299
46 26
129 208
79 303
305 157
275 85
251 285
276 77
294 245
134 71
46 93
246 168
160 169
117 65
275 269
306 168
142 125
209 53
285 109
45 292
37 156
301 74
288 107
54 68
275 191
71 274
204 243
160 44
39 260
100 208
196 190
54 50
268 19
10 273
257 260
200 16
140 163
125 254
239 131
122 160
13 117
77 72
205 31
80 266
29 303
145 288
28 21
137 172
222 54
83 221
52 202
232 170
227 105
8 22
151 232
63 8
249 128
302 85
156 36
184 192
61 109
154 293
74 217
152 159
270 105
109 9
8 281
39 26
285 59
109 236
218 291
288 147
250 147
35 182
196 55
116 224
303 41
17 6
275 108
112 52
174 240
42 273
250 255
75 50
279 138
96 74
50 81
22 271
289 97
297 68
155 215
178 256
81 256
2 197
236 112
211 33
235 182
176 8
199 193
34 273
52 259
123 148
4 305
38 24
172 96
82 11
296 300
2 258
92 20
84 116
210 273
298 168
262 8
182 256
8 136
78 90
298 305
301 63
142 304
97 202
1 50
246 180
283 199
303 63
217 258
231 300
135 38
169 84
123 109
191 25
66 205
109 140
35 137
247 99
269 230
142 258
168 283
227 22
290 161
97 24
96 204
25 42
201 28
194 72
108 108
223 298
29 192
253 250
124 306
183 45
75 207
81 300
298 130
177 175
100 68
212 96
20 163
102 55
250 248
279 209
218 225
185 117
183 262
46 254
150 292
280 116
158 188
91 44
110 106
57 118
152 297
200 114
184 129
196 230
124 89
79 234
109 211
163 175
226 281
117 195
13 263
65 34
181 26
256 172
5 31
221 259
82 111
74 133
229 102
75 81
179 105
94 142
180 261
260 212
246 126
30 123
27 70
166 76
305 284
258 88
269 148
121 75
271 162
128 65
8 193
272 274
178 299
236 124
258 212
78 200
116 258
68 126
102 66
261 167
222 65
281 291
109 114
83 70
100 78
104 232
231 256
43 204
154 22
112 295
220 180
104 247
3 114
12 76
204 158
224 64
263 287
91 70
299 16
169 17
55 53
305 17
286 42
74 273
6 279
212 0
108 273
261 150
207 251
148 134
181 39
76 216
9 248
85 138
158 98
49 222
39 149
80 6
250 30
53 78
190 102
270 42
43 84
151 66
198 209
202 225
167 35
202 264
209 20
85 180
85 222
98 195
201 77
42 116
119 47
1 201
50 22
125 59
85 212
176 219
54 271
61 261
236 210
7 271
33 148
80 305
231 249
101 220
233 96
158 51
136 129
255 50
132 71
266 215
133 243
224 267
93 228
136 180
63 37
130 243
57 109
42 92
166 49
22 107
11 62
251 6
282 118
150 64
189 11
108 24
264 277
196 297
228 62
165 64
70 104
153 50
244 237
216 130
168 239
164 282
27 19
99 270
4 189
26 132
125 144
135 154
269 100
129 289
231 14
188 40
77 33
145 157
293 232
96 306
213 259
197 266
243 157
175 28
62 285
155 145
22 102
238 72
20 268
178 5
218 223
155 157
202 112
39 163
172 44
18 119
67 91
53 293
190 14
28 190
97 180
74 233
264 255
145 233
261 128
61 50
297 215
205 53
76 130
261 172
306 50
256 47
210 280
130 190
219 47
211 100
205 200
74 69
13 83
302 124
25 46
282 1
221 289
10 128
220 159
28 38
300 277
295 291
175 174
274 195
192 29
187 20
33 219
115 176
166 126
37 113
144 94
191 111
56 86
5 18
64 138
116 137
164 29
265 246
84 284
148 52
68 33
6 174
42 4
230 268
262 152
52 261
146 124
288 130
214 16
40 63
118 260
108 188
135 295
251 242
154 117
103 179
185 14
196 248
53 296
89 43
179 61
201 203
81 163
101 160
279 257
161 135
261 138
76 159
233 24
64 97
277 56
58 99
65 37
231 103
254 182
10 22
94 205
17 117
68 300
142 187
199 232
288 185
37 95
134 62
243 187
240 144
265 221
213 69
146 184
203 140
105 91
132 198
27 45
283 14
64 301
176 201
36 181
120 106
5 207
25 59
209 164
62 183
149 306
42 222
201 272
140 235
166 296
179 72
245 132
159 286
246 161
237 269
203 206
17 133
40 162
92 82
211 139
60 133
160 91
11 259
237 84
54 17
193 199
240 291
132 189
142 32
21 114
227 247
46 137
69 250
182 172
97 98
130 263
26 101
97 33
248 222
272 53
105 13
248 80
121 78
258 279
136 50
255 285
146 85
199 44
115 88
98 200
273 57
250 196
303 182
162 113
266 241
32 226
124 187
205 233
77 142
0 282
119 195
283 156
83 36
92 306
43 141
136 213
0 6
99 89
124 64
190 100
59 63
289 246
159 82
166 98
199 282
83 135
232 191
125 43
41 292
129 283
270 11
133 64
257 201
59 167
22 297
261 274
176 140
178 40
150 294
235 271
36 306
296 139
186 144
237 73
166 265
104 160
22 77
100 92
41 194
155 10
192 152
253 33
93 51
235 229
266 219
247 289
85 178
155 205
297 157
278 179
147 202
201 161
201 73
247 174
261 10
119 231
156 97
69 14
281 141
43 118
234 295
76 241
