153 132
73 235
206 191
297 77
195 291
150 283
262 162
234 179
168 37
39 228
37 23
86 72
273 214
0 241
248 159
194 11
227 218
243 143
46 17
200 12
250 121
69 263
50 113
32 86
274 177
113 73
150 250
169 65
114 154
177 79
8 172
75 111
131 18
129 197
220 165
26 115
271 45
145 121
179 0
160 290
296 43
293 83
124 253
193 175
190 133
259 26
173 106
134 140
204 277
57 31
174 219
51 286
196 95
236 63
194 101
166 108
198 102
298 168
85 200
18 91
11 45
61 7
302 213
174 256
297 275
203 173
163 77
234 102
93 98
116 257
163 171
168 20
171 140
26 135
181 131
267 278
305 111
267 130
270 304
41 12
163 114
245 73
16 23
255 300
248 259
24 254
47 125
28 78
224 123
108 109
287 11
84 189
207 119
39 237
246 42
298 44
241 195
266 98
175 128
23 223
185 128
212 112
123 188
87 111
111 50
72 129
76 173
161 16
258 187
246 277
77 159
78 112
284 239
171 183
171 49
251 283
101 164
302 36
237 188
101 153
202 287
236 155
183 292
29 188
49 179
292 166
113 261
207 214
55 224
99 251
213 86
255 118
103 34
37 134
272 73
4 213
54 298
140 6
12 223
78 268
229 254
217 89
196 237
131 125
17 30
205 234
306 65
150 257
88 281
13 296
286 203
125 50
255 91
305 74
5 185
80 302
283 269
126 43
3 172
135 26
181 270
122 292
59 123
11 248
124 209
199 130
139 213
288 1
28 298
59 43
288 295
87 23
263 10
158 187
85 182
292 231
222 223
66 83
139 125
58 197
115 17
241 37
299 138
226 24
182 261
69 156
240 146
297 269
66 251
230 0
181 52
8 97
54 68
105 284
266 218
287 52
163 204
90 155
274 59
173 132
182 142
142 13
71 0
251 73
10 65
141 157
227 160
167 100
48 4
45 74
127 168
240 5
258 68
304 73
124 67
84 264
230 115
67 284
198 27
90 297
14 93
248 155
198 297
220 244
291 31
291 132
99 23
202 208
303 75
233 21
298 265
99 191
115 281
41 147
157 152
27 49
5 76
20 205
241 188
271 137
259 108
76 146
248 300
154 113
152 142
128 95
202 249
134 303
113 92
164 183
149 168
132 178
89 92
306 76
148 92
41 84
223 296
187 11
206 195
147 110
10 230
300 131
295 173
56 82
208 96
267 267
165 162
220 37
63 174
205 273
94 127
40 285
112 232
124 171
120 263
25 76
69 61
245 101
283 306
99 229
253 183
15 83
9 13
94 15
185 3
88 27
166 28
289 51
70 226
220 261
209 151
35 45
288 141
86 297
108 20
45 25
170 138
159 21
56 187
17 108
91 157
10 110
39 295
174 282
225 281
204 156
207 109
152 86
224 55
260 0
182 192
29 198
8 129
236 149
214 301
78 289
87 103
237 209
93 126
225 247
118 35
37 94
150 7
52 87
115 44
176 35
52 229
23 14
16 8
282 78
222 297
273 115
2 216
191 218
207 297
251 129
114 244
58 142
300 151
301 275
99 189
74 300
35 129
154 161
60 271
254 223
158 3
86 153
56 119
298 298
120 180
124 211
23 147
0 1
220 203
268 43
64 240
28 305
204 253
121 133
107 12
267 223
273 113
242 230
115 58
289 304
263 245
31 210
148 23
113 246
70 71
229 104
78 163
281 101
123 116
148 45
107 143
73 218
227 67
70 5
256 150
267 110
43 52
265 178
294 225
40 301
21 64
128 304
208 76
86 91
156 217
298 191
176 191
302 215
226 284
80 221
18 65
257 213
12 1
217 268
107 190
10 130
161 14
62 246
196 11
199 74
127 303
0 181
209 212
100 86
20 123
221 181
85 74
139 51
70 228
59 0
165 273
23 197
300 54
205 173
111 203
19 167
33 286
82 161
254 41
190 97
257 189
150 113
198 55
256 194
233 91
83 170
17 80
3 53
48 180
261 52
242 141
263 211
115 167
57 129
182 245
253 135
245 127
56 101
186 244
132 134
263 240
228 262
61 106
155 190
150 118
14 159
189 114
109 13
46 212
218 50
285 253
107 79
55 218
141 281
199 94
37 79
3 90
176 255
287 107
64 223
192 197
22 239
273 95
235 25
227 187
182 99
181 233
160 301
259 44
126 81
285 145
120 285
48 166
27 57
2 24
106 262
72 141
280 79
262 78
158 52
144 176
88 256
145 185
223 205
256 148
44 16
65 166
124 259
128 269
252 154
35 75
273 250
159 156
123 108
288 125
280 235
97 207
145 92
155 126
52 41
118 11
262 275
122 198
133 108
247 31
256 87
257 55
78 266
163 274
139 101
288 262
93 271
33 57
37 88
105 258
170 167
298 17
94 270
159 225
138 270
68 96
262 277
285 96
166 135
259 54
245 271
150 3
127 161
301 170
99 88
276 227
87 13
253 133
40 7
278 153
58 86
159 213
165 105
290 169
84 50
241 252
252 178
40 142
238 44
37 166
104 187
16 134
129 65
149 111
62 29
243 154
60 2
154 220
71 177
18 46
85 239
215 88
242 254
198 110
195 280
130 292
262 249
127 49
151 42
253 73
297 19
150 16
158 93
213 262
268 303
159 102
104 280
31 294
53 255
273 141
188 45
200 287
234 273
242 41
186 17
226 53
217 276
222 260
19 73
81 137
0 38
287 9
86 281
253 33
112 22
116 30
277 260
160 251
148 203
215 153
73 101
6 156
205 17
297 186
221 163
152 124
122 271
271 12
297 250
253 179
284 1
104 96
262 27
128 56
143 94
277 163
198 114
59 254
140 181
129 306
172 298
52 132
92 112
172 182
146 220
163 258
149 59
205 206
290 40
286 122
142 104
182 198
180 133
15 105
102 290
133 122
304 269
297 188
213 178
27 27
167 268
271 289
190 259
243 175
246 209
274 179
272 80
8 36
103 197
6 289
196 144
73 180
184 64
11 297
35 291
78 208
5 40
170 301
66 253
306 306
244 162
6 293
179 15
278 5
44 211
22 123
18 269
301 260
209 105
225 22
94 140
177 241
272 56
54 281
79 121
94 159
68 25
210 99
277 19
203 263
198 185
33 288
81 45
65 125
86 265
246 141
126 259
99 46
146 297
29 276
56 106
103 182
176 160
141 294
91 275
60 185
101 215
184 162
234 162
298 225
254 160
30 244
299 207
299 8
162 162
139 53
297 271
83 98
61 159
245 151
46 141
126 170
64 219
218 108
147 270
102 30
63 183
170 240
152 248
253 57
205 3
30 231
161 94
268 63
306 272
288 266
73 140
138 20
300 259
277 254
123 240
304 178
284 157
66 283
117 33
25 50
10 223
115 46
146 291
11 191
126 305
213 286
274 256
21 6
287 77
295 276
136 153
26 21
100 106
95 293
117 126
118 286
119 181
192 216
89 51
133 50
277 209
279 159
301 6
115 185
9 216
31 212
261 123
297 184
255 289
149 47
296 17
214 129
22 205
43 94
305 93
250 133
193 201
162 54
20 21
224 53
6 70
39 49
245 212
63 301
37 41
256 262
43 202
59 195
21 109
230 236
111 39
56 133
145 152
41 125
12 85
300 155
86 120
0 203
255 183
163 270
3 174
41 151
21 125
46 250
98 209
93 177
69 203
1 8
210 288
244 18
231 131
153 81
2 280
208 45
255 213
176 275
259 139
116 269
239 15
1 208
124 280
304 145
260 58
152 293
15 239
101 70
166 211
205 105
284 14
45 205
79 249
206 166
237 107
267 239
278 9
70 297
3 63
279 36
171 163
252 75
91 111
282 238
54 220
296 209
189 95
64 280
170 94
138 182
159 100
91 60
109 191
170 19
282 278
95 227
296 92
207 17
90 166
55 171
303 164
230 301
300 303
54 245
288 138
46 166
52 38
48 44
286 262
264 229
139 93
127 51
68 279
33 254
214 265
77 290
68 113
156 154
277 172
298 112
279 111
120 96
71 134
258 159
117 200
209 233
248 226
162 300
102 177
158 18
276 138
148 274
276 102
24 81
36 268
89 217
193 110
191 137
265 94
17 103
286 201
80 77
137 210
64 208
142 58
230 43
285 177
77 275
29 243
221 102
240 19
94 27
96 127
138 272
4 189
192 35
142 241
7 231
94 193
99 97
286 70
190 210
195 251
298 119
302 152
255 256
174 59
29 153
259 245
222 166
58 28
300 234
196 102
65 114
100 223
68 186
110 128
283 178
251 252
140 8
248 51
139 67
171 244
231 29
4 220
225 71
177 11
139 266
31 198
158 48
84 202
112 292
149 41
76 266
225 271
109 264
20 301
152 66
31 69
248 182
211 125
98 139
175 227
69 44
253 25
123 149
113 168
153 26
280 221
170 4
32 279
107 96
31 259
133 262
170 24
248 120
256 166
87 291
44 297
145 133
127 123
150 93
292 299
306 106
275 152
182 54
2 20
306 52
126 84
30 7
69 126
121 24
96 284
242 82
182 129
282 171
84 181
248 298
117 231
301 284
128 47
189 112
123 118
145 138
194 27
42 284
133 120
23 38
224 51
61 288
72 6
279 173
100 280
228 118
250 3
234 263
305 12
280 24
187 13
77 237
72 102
269 145
149 6
238 217
264 296
90 277
163 199
11 112
194 204
71 242
101 296
125 151
249 231
274 277
268 284
176 222
273 153
118 299
49 268
149 2
86 60
90 5
230 299
73 176
232 144
164 259
229 17
236 12
3 142
32 257
67 22
285 278
102 234
39 281
136 156
80 245
35 275
7 291
3 276
134 261
262 40
230 63
48 58
90 227
33 54
126 226
198 166
81 25
59 108
196 90
90 26
181 223
246 187
4 286
222 29
60 26
192 57
139 221
173 205
198 160
57 205
141 44
210 210
157 104
219 114
274 193
128 149
217 119
132 127
218 287
270 150
11 219
28 214
170 181
116 196
28 194
11 108
184 144
155 298
118 9
102 111
35 150
238 207
114 283
95 197
148 25
186 165
141 78
220 63
93 184
136 69
44 271
288 136
278 7
46 220
190 179
114 225
265 208
298 209
75 114
280 172
244 230
270 258
269 15
118 202
162 124
108 201
41 94
44 275
126 59
193 153
214 127
30 98
145 99
130 8
299 284
96 273
26 60
50 246
214 24
207 30
146 45
178 121
171 269
264 79
137 167
181 80
278 226
111 78
136 253
272 139
202 298
106 194
158 78
288 128
36 27
240 254
264 115
208 91
144 140
235 134
183 68
210 12
41 175
55 263
181 267
237 283
103 118
150 285
89 254
189 58
255 281
240 91
233 8
16 0
133 104
95 23
217 31
133 118
297 291
259 305
301 95
188 156
38 155
101 169
178 173
37 57
160 63
108 238
286 247
217 219
279 122
191 176
86 210
150 120
234 35
215 18
283 59
130 271
31 162
96 194
80 42
123 77
141 254
127 156
195 247
217 141
132 158
208 55
9 135
56 247
236 294
222 281
278 280
133 15
63 231
31 183
227 46
226 39
8 180
9 11
15 125
301 291
10 274
162 290
133 267
147 28
295 75
225 225
181 36
111 103
163 295
10 165
115 206
211 208
113 71
33 64
199 0
254 196
278 303
248 29
123 19
51 35
274 282
248 27
238 6
101 77
75 234
20 276
137 238
136 90
306 118
128 155
84 11
161 102
280 257
9 9
30 261
196 261
66 301
298 109
109 98
77 190
61 44
54 222
231 258
22 220
104 1
121 161
20 246
165 181
110 163
68 98
10 151
10 147
153 219
96 178
8 138
116 96
233 82
177 104
227 58
305 122
172 60
110 130
239 117
269 233
213 150
137 21
182 206
34 210
139 211
142 42
255 293
152 52
253 152
304 35
300 224
67 2
94 97
106 21
176 137
258 103
70 183
178 237
80 43
238 241
220 103
135 305
156 256
236 71
179 234
117 16
38 293
244 180
143 56
210 189
253 5
105 93
297 164
7 57
85 136
224 223
42 291
246 306
54 295
53 145
172 212
147 265
205 154
19 33
299 261
222 38
90 9
279 175
141 204
230 90
275 114
209 43
285 63
204 126
63 287
152 119
225 180
258 70
124 104
92 48
286 139
62 221
138 5
283 99
99 275
112 28
234 100
59 98
101 6
285 181
201 44
218 203
168 154
36 99
18 158
9 144
15 299
283 32
273 188
67 62
202 182
178 92
71 193
134 297
182 121
112 1
201 75
281 83
76 162
105 36
236 51
281 288
100 196
286 0
233 284
53 51
283 63
67 290
199 101
280 43
125 66
244 107
110 266
143 297
139 170
286 24
126 298
201 93
109 80
90 233
73 223
80 87
207 105
266 32
51 186
171 61
258 195
18 182
111 219
245 175
279 17
285 142
124 278
209 290
111 97
241 205
251 119
76 115
46 45
131 36
235 184
63 170
70 37
182 114
151 219
137 51
66 267
301 26
11 284
67 126
50 170
134 180
125 5
93 104
163 168
306 252
215 176
16 51
292 111
210 0
12 183
276 185
93 34
223 136
55 104
16 71
238 255
270 76
209 163
61 151
154 142
165 298
64 144
271 38
118 229
298 96
41 238
281 188
247 78
247 102
160 78
268 305
233 42
21 237
11 43
70 240
266 90
185 261
48 47
0 36
4 199
49 234
217 15
300 198
114 114
271 85
68 29
108 136
115 183
160 4
59 204
24 107
245 80
228 90
133 111
154 236
104 91
262 209
124 175
263 265
138 229
266 132
28 131
18 14
11 83
259 127
275 163
86 25
291 221
42 263
7 127
91 51
258 28
41 4
160 172
78 155
78 146
71 156
95 98
18 42
70 195
87 251
211 98
79 258
250 240
206 224
3 186
82 49
268 269
220 109
110 276
267 302
1 122
96 40
275 215
117 60
80 146
38 206
28 29
96 260
298 260
53 284
155 30
305 38
184 227
44 158
65 235
104 5
149 189
252 72
51 242
181 263
149 238
223 66
239 251
125 217
271 273
53 302
207 133
179 103
116 8
72 185
256 197
30 171
19 195
168 258
266 120
84 9
129 54
97 205
42 200
27 284
240 289
24 256
275 220
65 225
256 277
214 22
152 107
180 145
300 109
102 123
21 157
167 184
268 147
142 119
275 150
118 232
28 281
150 239
245 166
125 274
147 206
82 272
109 240
251 78
284 296
183 223
111 288
152 278
80 158
278 51
150 143
39 125
259 93
157 298
291 125
241 170
102 232
244 43
175 115
297 16
281 137
278 53
116 198
45 198
8 70
205 73
30 9
163 35
80 156
216 169
260 125
37 250
159 230
303 87
107 35
131 119
267 246
57 90
305 256
247 258
173 71
285 12
186 106
133 126
101 241
220 200
13 98
16 186
273 97
64 10
259 40
278 242
211 244
182 202
249 283
215 123
31 176
167 264
67 46
119 59
296 238
35 40
304 33
263 139
60 294
268 84
305 247
231 152
261 6
23 34
118 105
218 282
194 151
229 218
108 62
44 247
280 242
25 91
160 132
98 107
306 14
162 56
264 186
237 157
226 216
136 215
151 191
61 12
114 253
69 42
306 230
161 170
134 81
50 31
291 97
247 216
62 212
133 283
46 92
139 204
272 171
302 129
7 261
70 293
222 124
203 146
11 259
80 17
228 120
166 183
174 136
248 262
43 277
96 108
64 36
281 0
281 181
239 93
260 27
253 40
58 296
222 212
241 304
216 190
21 155
178 283
166 193
248 207
88 91
224 198
114 196
34 299
53 253
252 105
97 271
219 289
98 193
117 262
241 155
90 47
168 52
187 209
125 118
259 129
198 16
53 241
296 45
284 216
215 295
304 64
95 289
70 299
20 158
283 276
128 116
78 7
272 92
90 160
217 306
214 49
53 300
157 29
242 196
184 93
145 11
121 159
215 277
163 93
176 236
264 96
186 9
53 189
186 297
94 111
130 147
99 58
110 43
125 276
131 9
230 147
91 260
185 172
281 160
122 66
167 238
14 261
170 47
204 299
202 118
197 231
116 271
268 260
99 60
256 287
90 121
2 152
269 126
260 50
265 165
144 241
35 199
255 240
220 147
67 203
215 224
167 39
167 4
248 104
213 159
166 20
198 38
260 195
23 187
99 160
135 64
280 134
97 174
280 237
112 164
145 25
305 180
175 161
111 234
161 128
296 112
3 29
143 255
270 80
286 271
143 100
267 162
109 103
297 303
55 74
259 251
239 278
62 203
152 304
238 264
79 264
28 102
29 155
165 120
225 187
35 32
232 23
242 91
69 1
85 20
196 265
98 131
130 251
210 85
247 128
228 39
155 168
91 195
235 293
176 117
72 150
188 118
230 70
292 282
199 72
205 242
165 41
190 272
32 292
80 23
150 305
60 212
72 221
31 268
3 13
93 120
294 244
228 306
286 127
103 288
77 204
153 126
20 62
73 151
138 304
245 111
121 89
5 56
252 56
112 244
196 38
47 131
259 217
88 25
243 179
266 287
270 64
203 255
187 15
165 264
109 50
306 227
282 119
234 155
238 275
260 160
145 136
262 113
144 253
56 161
96 83
264 71
98 100
298 102
286 267
145 43
50 236
82 81
143 137
227 103
52 116
306 210
155 140
133 106
50 271
62 191
288 272
174 274
145 273
52 76
168 212
130 144
45 168
120 234
176 253
32 174
216 222
291 260
63 115
246 275
59 243
77 94
253 191
109 87
116 62
182 61
282 293
133 72
48 11
31 20
141 10
236 5
212 84
239 165
230 263
283 51
50 260
262 17
176 224
182 93
200 219
213 35
121 20
229 277
281 247
4 75
67 15
286 158
234 286
227 49
257 258
188 116
234 173
130 199
200 233
102 38
196 293
101 79
178 107
40 146
230 249
183 3
232 63
59 138
285 228
155 103
131 175
85 246
234 5
114 215
58 298
291 233
37 33
173 97
65 285
174 192
293 109
191 235
269 121
282 85
71 276
292 10
82 23
44 215
157 205
56 153
194 176
112 129
23 263
244 130
161 84
78 226
232 264
73 51
152 223
74 166
136 79
206 16
188 186
174 51
109 187
133 8
3 0
186 174
192 139
174 182
264 84
112 54
305 48
195 70
239 197
60 183
13 193
118 258
224 285
215 284
71 125
119 212
52 295
50 64
112 226
37 13
116 1
263 137
13 126
92 159
204 223
111 113
137 222
102 237
236 131
43 70
226 69
207 234
49 273
84 232
196 68
6 300
50 50
122 178
17 89
94 239
95 60
21 75
293 157
280 22
212 272
219 62
46 48
124 201
276 283
302 235
262 229
153 177
197 216
22 100
25 0
225 249
84 296
202 76
290 106
124 142
68 70
287 176
198 132
95 167
300 153
70 97
254 266
181 235
299 78
216 46
153 108
287 85
34 277
188 32
1 186
16 114
188 280
22 222
4 197
166 293
144 246
16 202
236 55
149 61
75 60
192 101
303 143
33 40
130 98
267 92
85 69
20 19
295 21
273 299
172 43
79 185
293 194
229 149
122 73
236 292
115 279
186 117
56 237
140 119
22 227
162 250
298 140
64 237
290 114
112 155
84 127
280 50
163 95
11 209
27 188
94 67
278 25
197 218
122 132
302 208
267 197
183 31
85 142
176 33
28 121
90 306
233 122
267 200
306 113
295 124
76 242
237 133
50 12
273 290
129 261
297 196
26 5
61 204
77 235
65 90
43 139
77 64
201 172
257 35
297 132
190 88
151 303
213 163
202 241
118 84
49 242
115 305
239 158
203 26
120 83
122 90
174 197
77 95
75 68
75 289
200 28
95 211
294 292
116 10
92 263
289 288
225 33
246 207
264 32
49 24
9 250
104 27
115 150
299 42
63 225
125 56
188 22
59 114
103 144
249 81
28 81
112 5
204 191
288 145
154 283
59 270
84 48
280 46
299 294
303 47
51 136
26 19
78 239
15 204
269 123
289 12
247 274
236 273
198 283
155 269
127 126
17 226
117 195
82 189
12 239
243 189
216 200
152 73
145 154
187 105
274 33
208 53
154 122
209 297
185 195
75 164
153 12
134 16
236 191
42 18
1 218
271 4
89 215
35 104
262 287
73 15
155 228
61 161
227 41
249 25
297 153
77 122
297 200
253 89
235 65
143 117
118 243
33 185
280 182
194 72
83 251
54 230
39 259
107 33
13 225
266 58
72 272
134 199
305 36
107 19
164 135
33 247
288 26
263 77
36 160
78 29
132 59
14 74
56 298
248 232
159 167
301 123
46 12
261 179
294 177
11 203
298 65
138 180
229 60
94 186
258 7
175 78
18 101
52 15
176 257
168 11
235 110
162 78
111 14
91 125
186 163
149 264
162 211
208 70
228 285
20 216
32 168
123 177
114 143
24 52
170 202
204 259
24 69
111 190
3 252
221 137
188 47
301 86
78 206
292 93
252 121
122 278
49 201
193 218
11 250
108 221
18 208
191 303
1 18
290 266
211 214
178 245
257 305
195 82
191 174
181 32
273 248
57 267
113 252
81 243
254 14
104 254
93 155
110 238
256 19
104 177
87 89
284 246
11 162
18 220
17 83
208 131
110 201
182 165
224 301
284 260
298 144
216 264
238 270
252 160
113 304
170 110
247 190
43 257
294 60
268 286
199 230
186 266
289 63
270 103
211 180
253 7
306 34
222 149
191 120
76 85
93 81
19 99
182 200
287 40
261 136
200 294
172 252
163 129
161 46
20 288
258 233
192 148
146 24
204 225
212 260
156 142
188 271
299 193
156 77
54 201
137 144
277 66
286 2
108 265
78 73
135 192
10 252
287 45
99 33
124 45
169 203
35 53
188 171
10 85
1 141
233 199
41 77
120 271
90 231
232 100
84 195
209 286
269 132
197 79
26 41
201 117
114 84
136 296
252 19
128 219
171 303
155 187
88 300
293 123
47 24
211 212
224 20
274 190
153 204
32 208
240 72
20 291
2 100
114 298
134 61
174 48
276 177
189 306
289 44
238 27
75 62
239 223
129 236
101 158
279 78
25 136
295 79
79 104
24 177
114 90
42 177
230 35
226 286
201 299
97 91
239 55
283 12
110 138
21 99
154 87
23 24
294 262
110 274
21 258
196 28
197 36
144 96
290 52
252 223
49 187
43 33
60 36
37 65
18 49
195 259
273 138
145 27
133 67
131 109
194 225
199 78
251 44
178 183
183 153
30 107
235 303
72 229
40 292
238 69
138 59
219 158
129 233
286 156
180 205
87 151
202 271
278 236
240 264
41 203
132 274
246 227
248 172
211 229
24 293
223 82
46 43
234 139
201 18
141 245
90 20
44 32
227 288
148 118
49 259
76 227
212 94
142 97
302 264
259 171
242 134
8 1
218 221
185 234
82 121
79 148
212 13
299 98
264 248
63 6
54 38
208 68
221 255
246 93
165 109
306 123
158 252
228 140
291 87
118 170
292 284
248 122
107 223
169 9
192 161
158 218
280 223
73 26
231 42
281 36
216 90
96 149
169 225
172 171
155 201
78 25
159 17
121 119
31 88
290 33
11 225
169 35
264 145
133 139
206 288
187 37
55 96
176 67
254 19
175 74
222 228
23 273
33 187
139 38
260 200
92 100
173 195
151 168
107 273
40 9
153 291
110 173
112 254
77 80
144 219
7 77
301 232
293 221
252 181
180 16
194 134
39 211
119 117
128 226
150 56
168 87
197 92
60 241
238 129
111 45
120 131
9 271
22 143
6 104
29 68
150 132
250 154
226 261
3 51
106 278
239 17
203 43
65 107
78 277
169 21
219 70
187 172
138 82
235 242
88 43
34 304
154 211
98 149
57 212
209 130
154 170
115 261
119 107
7 19
260 7
125 188
233 275
269 53
144 165
109 169
111 228
178 146
244 214
258 295
23 258
108 152
25 188
222 199
293 69
140 32
28 269
42 247
207 75
296 202
119 239
220 182
303 180
227 83
297 247
126 154
292 33
280 300
141 107
73 4
276 190
164 144
77 105
23 252
180 274
286 144
188 216
286 148
77 120
152 49
140 247
146 183
264 98
79 71
262 177
265 28
200 138
126 1
34 100
143 304
153 74
281 77
176 198
63 233
145 163
77 252
288 210
52 112
254 231
144 248
100 131
298 235
0 82
14 305
179 81
111 140
271 31
120 45
268 40
120 26
181 221
179 236
109 40
177 298
172 48
234 108
301 243
237 277
277 258
123 4
288 212
221 0
195 36
280 55
81 199
121 92
102 181
250 299
59 3
63 80
39 94
26 297
30 37
248 291
71 85
251 67
94 83
143 28
69 21
241 76
33 76
286 67
102 96
287 187
155 294
0 60
70 20
178 254
16 304
234 12
192 281
210 59
143 157
68 298
126 7
138 7
268 217
190 217
32 300
71 196
257 270
173 243
3 150
147 299
298 211
223 35
157 95
0 274
213 88
17 193
111 169
220 208
152 144
224 152
299 76
230 234
80 278
305 1
164 272
276 26
150 142
173 141
179 36
170 37
156 68
290 222
155 210
57 243
93 212
36 195
190 26
169 54
48 254
289 116
19 203
6 129
144 7
17 195
222 4
66 248
122 265
264 217
254 277
170 213
186 256
90 28
283 65
204 62
55 253
204 124
245 99
240 234
43 91
232 34
192 159
116 227
52 49
15 257
146 289
25 222
71 202
147 79
175 80
90 229
184 182
150 164
138 178
26 255
130 238
227 51
91 42
91 22
177 243
292 26
203 64
69 67
1 116
42 231
110 233
140 14
234 182
300 301
85 38
10 137
225 15
75 275
78 0
282 289
100 27
254 75
84 140
278 115
245 87
211 246
252 96
82 6
168 260
258 139
1 151
174 117
37 60
228 20
259 34
211 254
270 130
107 98
83 249
244 20
12 195
227 135
227 173
214 14
103 228
11 37
111 143
113 162
58 184
280 190
52 114
88 29
105 9
175 175
58 186
305 22
0 45
202 1
156 199
52 282
242 305
158 289
45 257
296 140
259 46
299 227
178 58
285 169
224 120
54 228
103 235
17 32
35 18
171 246
0 285
119 278
190 20
21 272
174 138
190 86
277 292
270 170
18 230
97 164
152 221
181 174
66 85
168 81
66 128
61 149
154 257
265 163
29 108
280 200
93 102
35 194
93 41
217 278
265 82
298 61
77 180
30 109
88 277
24 179
39 250
276 198
98 83
256 232
220 15
290 262
83 8
218 228
295 217
289 132
39 226
9 191
196 16
261 21
151 234
180 289
50 33
261 267
129 48
305 200
187 196
58 282
217 59
114 271
114 213
305 290
12 158
40 283
225 116
12 285
181 98
199 36
265 204
109 15
191 59
245 188
108 299
180 255
144 231
191 169
137 189
191 245
60 192
46 128
18 255
42 181
232 168
230 33
287 137
217 132
186 36
79 235
234 123
304 50
278 189
0 121
232 205
15 116
254 149
112 216
301 164
182 155
176 45
217 293
127 57
170 209
190 280
220 206
23 221
157 200
305 274
285 98
56 103
3 43
83 187
143 288
71 28
98 162
153 269
263 135
162 62
224 196
10 60
95 298
227 185
70 129
185 210
38 27
18 205
80 161
302 277
43 184
224 69
218 183
226 107
128 147
253 289
108 129
78 88
125 21
163 220
103 142
29 268
303 122
233 104
215 263
156 17
88 101
263 300
187 7
178 144
144 145
300 113
288 298
39 204
125 219
262 188
303 294
259 5
82 255
0 220
242 168
104 116
138 234
68 48
301 28
198 11
79 60
207 73
197 192
238 150
183 128
197 94
60 172
14 85
272 243
239 50
290 112
304 272
165 205
233 239
65 273
46 151
207 266
93 292
81 105
130 226
124 178
75 169
243 282
53 273
65 213
18 130
117 223
279 69
219 78
241 179
101 243
272 154
166 37
296 158
280 275
235 240
276 294
74 179
153 231
277 69
193 234
78 291
246 170
116 225
267 156
125 160
242 64
161 248
177 226
89 207
29 70
252 300
62 71
38 230
98 34
88 226
35 131
182 290
262 196
160 270
160 53
15 152
40 110
286 221
167 289
213 152
129 243
36 122
69 265
114 130
1 303
40 153
165 237
47 22
164 173
113 206
301 88
51 104
276 6
283 188
40 230
20 278
174 70
268 219
169 16
246 225
197 133
87 184
69 306
138 134
241 219
166 213
164 293
136 298
262 59
34 293
79 3
35 43
277 96
110 171
115 3
182 163
21 173
286 146
215 239
133 116
83 142
54 111
131 197
242 273
149 262
220 39
204 195
249 113
179 152
241 250
233 197
20 133
116 47
149 246
199 45
270 147
17 73
204 60
261 154
135 291
272 277
33 34
141 226
85 149
20 130
209 279
191 178
33 18
270 67
55 199
289 213
114 105
189 188
80 260
157 127
38 161
33 119
44 138
69 241
48 26
194 9
189 177
193 31
209 200
30 175
13 24
75 177
159 19
250 1
205 266
133 281
218 25
244 206
192 133
225 83
290 148
206 177
276 179
28 5
67 0
44 249
184 178
176 5
254 48
214 248
68 35
209 277
194 68
178 117
49 124
297 63
265 36
94 33
214 2
168 121
149 34
272 255
302 202
249 289
32 105
211 290
259 89
244 9
90 162
290 273
234 137
177 109
71 21
244 199
227 81
146 93
135 151
193 223
148 300
175 196
217 17
37 240
269 161
306 292
138 192
192 195
26 204
303 167
222 129
284 267
251 182
114 1
265 78
87 276
11 164
120 43
249 241
219 267
302 286
277 30
230 265
216 149
98 220
215 43
305 59
289 104
115 133
184 76
243 110
195 93
57 239
235 186
111 176
184 296
217 92
67 250
206 141
40 195
73 11
98 105
304 165
85 231
191 279
134 218
131 284
0 19
69 148
32 125
225 191
149 27
185 137
269 45
292 209
233 98
8 146
19 290
36 164
55 88
190 148
256 100
302 184
270 107
192 288
251 8
211 87
86 11
24 101
122 37
92 134
69 281
247 87
160 90
136 28
36 101
223 239
22 56
240 273
39 54
5 93
206 60
256 79
249 297
83 79
157 269
53 170
278 91
134 58
214 4
18 228
98 247
122 130
276 196
287 198
69 115
269 163
64 221
51 227
273 121
300 191
146 274
123 21
173 62
52 245
225 255
62 133
49 126
40 272
61 54
182 190
288 177
110 216
129 96
30 298
58 26
0 21
54 119
103 121
268 54
107 212
91 102
223 176
124 190
291 115
35 172
242 284
151 170
141 50
200 170
277 146
97 288
77 195
114 204
128 80
287 129
28 37
82 245
7 144
81 225
234 164
166 221
148 94
305 44
184 199
230 166
75 209
46 85
296 245
244 62
237 148
271 94
179 174
195 263
52 62
249 247
140 280
198 287
88 211
275 76
139 90
299 251
0 232
69 232
258 253
247 272
244 64
57 53
92 238
124 130
289 69
88 279
236 69
185 105
296 236
6 150
45 282
195 19
186 236
17 306
267 280
195 146
199 200
181 18
179 305
209 17
243 218
186 239
194 240
257 239
142 253
11 173
170 286
295 70
154 99
152 162
210 3
167 9
176 282
176 92
234 299
96 129
27 145
291 9
274 228
181 63
301 168
290 251
298 178
255 224
152 84
259 294
1 266
52 145
111 80
59 39
240 99
98 16
146 78
271 238
115 135
20 38
151 102
119 280
1 282
194 273
137 263
52 280
231 211
121 27
229 130
268 22
40 236
140 59
210 113
16 259
227 60
114 43
244 53
228 69
166 81
210 97
177 118
274 85
142 30
76 251
189 50
299 292
8 61
115 86
244 27
37 193
281 168
81 217
150 71
141 40
259 119
283 236
73 298
43 167
252 245
234 1
261 15
37 123
186 248
141 26
293 133
242 17
83 286
239 195
164 212
34 188
215 186
275 112
4 99
155 97
173 77
80 169
153 192
244 283
133 3
14 277
206 134
218 48
124 38
14 22
250 93
282 20
136 6
68 196
97 76
36 224
143 174
106 181
235 83
196 114
68 292
298 182
268 111
258 168
94 195
247 85
285 187
82 298
35 34
285 32
176 65
74 237
257 33
139 158
69 63
236 285
233 292
212 187
75 175
79 106
228 283
8 51
163 110
72 200
58 215
243 51
178 219
122 162
210 95
93 59
58 290
88 234
26 282
42 164
210 139
83 200
225 133
182 284
240 293
48 295
63 263
162 222
104 262
144 30
187 238
239 253
236 167
2 69
170 251
178 56
177 304
40 127
301 295
222 230
298 202
242 35
196 239
174 88
284 23
81 37
220 288
103 246
194 216
270 243
26 17
306 245
92 194
200 55
121 300
72 178
210 205
181 163
266 26
288 164
258 49
259 1
159 303
178 96
164 73
231 172
171 18
281 38
209 89
299 157
112 123
91 81
221 177
208 61
159 15
70 35
35 255
184 245
293 290
54 168
217 112
258 292
187 99
236 61
283 87
147 287
25 283
13 36
66 206
44 199
62 16
159 242
106 44
208 299
61 108
90 170
64 63
7 110
190 181
193 247
249 213
244 306
259 24
150 223
81 79
105 19
39 193
216 184
60 282
106 1
207 154
149 15
52 204
4 117
16 263
104 201
153 229
125 228
162 92
112 121
108 263
98 112
160 2
158 267
45 83
298 136
47 3
101 256
75 12
203 14
151 246
135 2
172 196
61 75
145 171
207 289
150 272
17 156
298 23
103 56
49 105
300 172
62 104
237 241
261 33
106 299
184 260
82 35
200 140
9 117
226 48
35 225
128 143
142 7
52 180
223 248
114 169
27 216
215 259
162 172
38 116
25 186
119 134
222 165
74 215
89 248
87 289
294 108
246 107
161 114
157 177
41 51
181 153
264 196
48 144
226 115
52 192
24 243
87 145
54 259
204 181
85 214
216 48
127 228
89 290
280 6
135 201
285 45
178 44
118 115
50 39
251 65
289 281
149 43
194 281
125 19
94 150
104 58
71 266
55 197
113 79
3 71
140 105
87 149
92 140
266 276
194 186
20 144
147 261
174 223
74 116
143 20
248 161
183 138
212 284
93 74
121 142
134 137
34 179
304 245
1 272
107 156
195 269
161 42
112 205
279 127
112 30
275 263
213 82
270 40
136 234
245 257
256 77
200 160
204 41
285 179
86 128
131 44
251 247
11 216
71 264
188 33
121 117
109 287
290 94
265 227
113 184
79 63
228 167
80 138
229 211
182 299
281 60
125 158
212 189
50 135
250 301
55 79
73 142
23 109
242 248
19 12
24 113
253 264
240 57
97 38
142 109
122 209
288 222
257 172
217 227
49 171
251 4
279 76
124 140
233 294
225 268
83 21
137 67
271 247
60 132
165 171
162 131
124 91
105 296
58 5
281 65
85 303
225 67
100 47
207 164
233 170
164 103
189 230
36 77
82 201
128 292
114 31
278 207
162 64
27 234
170 51
0 12
294 45
235 212
189 169
104 162
284 25
17 204
208 107
277 111
15 44
258 97
82 242
63 14
148 201
193 279
102 263
213 125
98 147
274 74
128 189
155 57
203 0
11 35
209 247
27 267
82 259
266 118
289 258
195 267
154 67
95 13
85 36
185 156
158 54
141 60
227 230
133 168
72 169
260 60
41 303
215 151
289 84
257 228
261 247
19 296
130 240
205 199
179 243
39 185
290 246
21 280
38 69
164 241
81 170
60 252
28 152
289 166
276 16
290 299
281 255
88 221
101 121
235 199
28 138
197 250
9 122
45 213
290 253
288 100
160 279
48 236
91 207
272 211
250 162
277 214
38 168
301 56
175 72
126 143
40 62
82 88
65 92
138 281
189 251
140 110
276 256
25 85
92 73
15 24
280 225
11 257
10 199
89 24
158 270
127 306
123 51
263 268
203 247
97 153
80 30
48 136
143 185
198 223
138 208
69 260
244 12
172 185
5 118
282 103
236 263
248 214
124 226
1 78
179 22
216 21
34 208
72 227
2 305
177 115
222 73
60 142
42 302
77 176
199 162
204 270
125 248
94 105
224 132
94 109
129 19
27 123
56 80
286 26
214 81
236 201
9 235
53 11
186 299
30 280
217 13
233 109
4 301
28 205
103 158
278 216
139 96
45 276
133 193
71 187
207 66
90 240
205 246
37 225
115 165
214 188
56 245
116 283
8 152
287 228
25 233
296 301
71 249
220 106
106 61
13 172
60 140
232 115
300 202
228 235
26 87
287 47
140 227
244 242
155 75
125 3
188 282
58 18
76 206
8 233
174 221
126 22
259 257
19 8
84 168
222 119
166 74
125 195
212 171
84 18
148 82
41 149
289 102
107 192
294 192
169 62
5 42
299 56
140 123
196 187
1 13
197 257
80 207
229 15
138 279
9 124
75 137
18 9
258 181
302 156
166 110
135 68
134 285
120 65
199 214
103 260
155 180
295 77
198 57
25 56
157 40
148 214
302 242
87 95
117 244
162 7
9 90
137 283
16 141
54 32
25 198
2 274
254 163
98 14
132 16
157 216
35 64
254 151
133 248
144 41
290 29
250 172
272 66
167 170
273 42
200 111
250 7
12 221
290 127
47 186
10 195
105 250
68 258
77 75
176 167
64 247
212 59
85 151
194 298
134 215
46 54
237 184
48 297
248 230
219 134
6 138
146 176
269 171
33 265
262 68
213 137
51 190
15 295
87 82
110 230
235 217
126 272
264 141
151 67
186 208
67 108
9 202
206 181
298 302
10 149
96 134
47 168
271 188
223 0
136 140
121 54
286 189
279 161
204 265
123 228
224 73
77 186
100 204
198 138
117 182
282 205
236 255
115 193
111 293
88 31
128 21
212 266
113 176
32 52
9 244
87 113
279 187
245 129
91 242
172 188
4 16
211 105
107 93
97 78
244 197
111 146
80 112
224 118
94 263
164 142
126 136
299 27
232 302
303 239
136 60
192 236
91 12
204 85
175 242
192 82
97 230
142 65
273 273
245 71
3 218
82 157
23 161
306 202
189 126
258 170
277 17
295 175
268 13
68 23
100 148
297 174
68 194
113 151
88 298
200 195
285 58
36 25
181 68
125 168
103 258
217 280
243 204
226 190
194 29
21 29
25 241
274 226
55 243
97 136
56 111
297 69
154 104
41 6
206 207
134 254
118 288
214 267
211 262
78 92
123 159
4 151
99 305
35 271
204 133
189 24
242 243
209 235
184 197
249 66
222 161
29 124
32 143
137 155
260 67
164 194
193 125
77 247
127 20
138 227
267 11
108 173
77 15
284 244
46 145
289 264
280 139
211 250
81 223
85 176
58 131
279 19
63 150
262 285
70 65
158 20
104 29
181 59
105 33
142 9
166 239
105 143
69 56
166 230
25 160
68 256
251 198
101 155
167 287
66 269
220 61
242 132
125 52
286 211
75 197
183 181
15 72
264 269
83 288
45 108
248 287
213 249
253 268
22 114
256 211
52 64
296 97
303 284
252 207
9 26
155 27
276 281
273 123
75 189
295 132
208 168
89 22
206 168
243 102
98 222
296 287
180 211
87 93
118 149
256 47
264 221
1 143
290 96
305 238
195 257
192 273
99 12
50 48
268 7
97 282
284 198
265 180
215 35
54 291
133 180
228 172
116 49
116 273
240 276
274 31
61 170
288 306
157 285
87 118
128 99
95 272
68 27
129 285
109 203
136 131
22 159
272 282
187 290
239 292
61 293
233 277
287 63
62 157
245 216
145 264
90 68
162 279
124 132
299 163
219 9
247 35
9 161
67 175
271 25
48 240
122 94
57 3
296 261
106 201
217 240
172 248
91 58
147 54
179 147
41 183
147 70
7 294
105 202
27 243
229 258
219 226
305 42
35 239
50 115
109 24
289 183
152 100
18 259
205 146
135 211
265 92
70 185
195 126
126 210
158 278
171 293
224 77
267 208
142 224
225 159
112 10
67 39
304 58
281 170
17 135
243 30
186 5
267 294
288 67
262 70
136 179
206 125
143 43
177 195
210 37
5 268
139 164
125 116
176 273
214 47
130 234
89 124
80 129
190 118
170 294
174 130
105 188
257 80
163 164
175 7
168 94
157 141
111 162
261 57
14 259
214 20
199 59
269 295
218 64
208 291
221 36
260 152
237 227
159 85
21 230
88 274
199 18
240 70
165 283
227 30
7 163
119 244
205 215
6 2
151 145
150 296
303 37
44 18
223 134
30 21
56 258
225 12
97 177
27 137
23 112
271 96
63 303
238 13
66 220
117 2
241 283
143 280
97 65
141 161
190 282
200 202
45 20
216 192
194 160
180 57
182 85
32 2
253 209
193 289
267 30
11 123
240 74
266 107
108 255
91 219
184 201
105 196
204 167
118 284
290 283
61 40
200 151
130 74
222 232
153 206
117 300
216 101
229 245
166 88
259 62
140 215
50 240
252 306
164 210
38 255
150 52
182 210
37 70
211 252
11 143
267 158
173 269
72 40
224 175
271 128
54 132
95 268
123 53
128 271
55 296
280 281
89 119
153 68
27 7
133 272
14 55
211 276
129 35
110 111
15 192
20 66
88 189
138 69
207 89
102 218
116 114
277 298
106 106
28 238
66 53
108 291
191 110
165 22
211 204
290 215
226 175
268 119
188 228
256 223
300 10
40 27
0 114
300 177
206 132
36 66
167 106
209 132
189 99
233 249
253 16
52 13
221 242
228 108
237 218
6 55
49 168
18 218
292 8
136 191
198 2
242 10
90 11
293 131
54 152
47 266
255 269
213 215
247 37
34 1
173 207
153 158
292 39
151 238
5 127
89 292
31 4
279 244
257 136
82 62
91 19
92 5
56 282
273 3
240 108
98 303
156 122
292 61
129 145
12 99
228 138
146 218
240 39
112 170
13 191
179 30
19 193
31 127
280 120
299 111
8 251
200 2
254 111
85 252
41 225
131 195
290 185
275 106
205 114
54 94
270 84
220 26
267 271
99 268
99 136
108 158
7 284
118 241
266 9
292 224
82 47
162 3
299 118
0 23
99 215
72 225
305 138
53 74
153 234
174 166
40 39
218 102
275 300
96 97
244 274
44 280
251 191
128 83
213 166
57 29
244 177
128 31
282 116
126 166
179 188
227 202
191 61
72 69
216 266
281 75
59 268
126 24
12 168
277 89
183 70
10 183
39 264
89 178
58 191
6 259
239 193
163 71
42 234
174 154
143 272
221 295
244 141
295 90
276 200
75 286
33 106
59 41
78 17
300 101
131 272
274 140
67 281
228 180
117 221
64 104
65 218
34 104
286 22
254 81
39 117
84 230
60 290
132 81
109 175
216 81
90 71
2 1
148 216
199 150
26 36
98 253
87 191
71 245
13 216
239 20
302 302
101 286
8 246
80 47
283 82
195 178
12 160
113 52
288 75
81 135
216 28
214 149
95 291
9 182
88 138
214 303
160 244
51 288
129 106
269 274
225 49
58 193
183 301
293 172
121 72
53 149
227 268
277 104
62 172
80 61
272 207
94 52
271 231
178 274
26 99
170 67
210 278
77 144
259 11
138 98
226 93
255 56
165 3
294 209
287 172
224 212
31 71
201 79
206 8
278 228
275 89
259 121
57 127
224 283
30 93
132 29
32 178
218 94
130 165
66 145
101 81
302 218
1 146
43 6
155 281
43 20
154 25
128 113
300 236
93 63
4 105
47 39
175 50
10 145
100 270
272 130
140 12
201 200
212 210
38 67
201 81
241 232
91 212
43 72
27 34
63 261
256 254
172 287
33 161
106 294
210 35
120 287
146 149
99 52
1 30
166 291
182 30
203 171
153 83
271 236
152 187
70 160
49 227
12 236
82 128
152 258
113 294
43 182
206 264
21 161
183 149
279 147
29 260
140 81
46 176
188 16
172 24
262 237
166 86
162 44
186 69
73 67
305 240
12 92
210 231
297 79
114 242
165 220
9 208
183 216
123 55
277 300
138 230
226 243
173 303
257 180
144 172
260 213
5 260
95 180
186 228
167 283
78 42
61 52
134 52
56 149
212 306
19 64
136 158
166 143
217 87
181 265
228 216
0 43
305 191
209 23
154 222
80 219
218 110
233 135
42 250
299 63
131 25
54 42
56 222
128 178
305 276
103 216
185 184
156 150
164 266
261 140
244 170
157 214
73 197
190 1
259 123
136 261
6 229
176 139
304 209
304 86
96 165
78 138
199 24
218 266
152 5
43 107
152 113
268 247
268 150
45 3
269 82
3 168
130 294
154 259
223 256
286 219
216 23
148 143
238 245
216 77
220 240
242 198
179 270
63 235
298 237
207 43
264 288
51 101
22 293
63 285
187 46
3 140
226 140
172 229
56 141
34 77
226 200
18 20
264 60
261 126
84 34
9 108
183 304
260 110
34 17
50 111
235 53
291 110
191 141
244 291
66 113
62 168
278 234
131 224
306 208
218 236
155 192
209 78
65 8
217 35
161 268
63 74
77 60
64 65
223 234
73 265
208 112
64 259
226 32
225 135
30 278
141 93
129 69
174 174
193 190
90 164
284 294
54 72
84 225
252 266
69 290
257 108
237 253
283 227
265 30
306 258
20 57
98 48
258 237
98 86
206 299
227 181
37 39
135 263
162 136
87 302
239 46
118 168
22 291
111 73
58 1
99 217
197 109
257 92
193 20
112 114
221 113
225 10
116 255
41 232
171 204
304 214
52 31
167 228
253 98
55 178
149 166
172 126
203 18
239 231
154 267
5 30
74 53
297 21
196 255
119 74
293 28
229 231
37 214
155 230
102 4
199 158
3 79
24 126
269 238
133 37
25 74
69 141
140 196
157 166
18 267
113 147
54 216
56 280
219 12
288 200
262 263
173 146
112 90
83 294
187 257
104 306
306 46
69 46
170 267
191 150
255 36
22 198
121 219
273 90
161 223
116 298
1 28
80 10
219 259
138 215
122 281
298 273
72 152
38 266
91 49
175 290
283 61
129 206
55 301
267 41
82 133
164 243
8 17
13 38
96 58
48 112
221 71
243 123
30 196
139 246
234 168
201 25
9 53
191 290
182 77
59 259
79 279
129 67
3 7
93 61
223 71
110 89
214 273
211 152
194 235
298 158
243 0
147 84
199 216
85 250
157 116
118 124
184 298
48 161
89 158
116 178
74 36
19 97
177 72
11 12
39 257
120 203
31 202
183 131
114 29
43 78
67 214
136 294
96 303
263 15
175 98
138 194
304 66
121 221
169 219
201 13
268 125
117 212
70 158
1 173
10 100
47 154
128 8
123 186
56 167
11 10
209 251
44 259
94 229
24 59
70 154
210 111
154 133
220 230
289 123
214 60
148 272
296 176
60 168
207 228
152 240
81 4
91 177
216 220
121 22
146 215
243 84
141 267
191 0
190 46
285 51
294 219
183 119
154 277
66 194
164 300
194 61
260 42
92 106
207 51
143 115
232 146
48 49
79 53
39 239
197 285
206 103
257 69
25 97
96 246
110 255
63 51
205 51
118 282
30 184
253 119
278 44
165 39
51 127
35 305
25 211
91 119
271 82
51 238
198 168
40 70
191 14
61 138
211 248
176 284
195 79
251 189
218 33
105 118
192 50
284 80
197 44
40 155
38 25
277 36
193 162
174 253
204 185
242 257
254 99
104 21
267 257
245 210
36 206
26 93
302 131
4 278
65 271
234 23
219 208
10 201
211 150
233 172
216 30
57 303
110 71
167 186
147 153
89 1
184 290
62 62
180 283
81 287
32 129
233 297
178 42
51 293
23 219
297 147
83 223
286 295
136 303
35 79
299 25
274 55
152 147
50 161
47 129
259 202
79 222
28 10
138 262
186 289
63 43
243 232
227 101
153 181
116 64
133 174
242 19
202 29
31 185
97 87
99 90
299 85
240 118
98 280
276 67
110 12
66 35
263 147
249 263
170 211
290 164
226 55
8 99
155 131
273 191
95 184
127 286
154 14
36 68
120 41
218 68
108 301
250 222
115 221
248 2
252 108
240 242
38 141
39 104
20 172
246 279
10 246
155 59
221 268
40 136
10 0
174 201
110 221
87 247
151 111
90 262
152 130
120 76
65 55
164 275
38 213
246 180
221 115
0 158
289 31
129 228
170 53
148 104
195 278
148 247
157 230
226 77
287 305
103 194
266 195
42 237
128 33
287 168
29 211
27 9
258 110
65 287
220 101
95 81
91 3
274 197
291 85
149 130
191 199
116 32
173 211
50 256
291 264
294 182
122 190
191 201
280 306
104 295
43 214
224 75
2 82
273 212
67 52
91 104
238 191
266 295
91 138
11 23
184 121
153 298
250 220
35 287
23 155
5 262
260 249
281 183
16 45
46 240
152 217
3 103
211 264
11 270
202 170
142 303
127 35
151 274
221 90
164 5
237 190
222 301
68 184
191 163
299 6
238 210
74 84
108 105
196 87
265 116
112 77
227 92
235 276
86 274
13 237
204 112
87 38
179 217
44 105
15 194
166 125
166 30
75 181
213 299
287 123
1 134
272 2
164 97
57 198
297 56
282 159
183 115
118 61
249 233
178 17
77 210
57 61
273 237
158 91
129 72
239 119
6 133
114 48
291 101
245 109
148 211
155 12
76 292
136 207
180 83
167 204
246 199
67 142
134 252
54 257
131 145
31 148
3 303
53 147
47 75
164 152
135 83
117 279
199 3
105 98
269 94
163 60
48 270
190 152
220 221
92 121
158 151
256 279
28 278
55 30
4 41
261 11
288 134
43 291
138 294
84 76
15 97
84 73
15 76
188 135
65 21
101 59
43 76
194 77
298 253
125 301
203 200
286 185
278 129
215 195
232 166
123 106
31 247
80 1
180 277
55 84
285 269
162 37
277 148
53 191
219 7
214 45
237 199
207 200
26 305
200 208
279 167
145 260
24 54
284 155
152 15
157 287
28 157
216 279
147 26
251 95
180 46
174 199
256 295
58 120
16 179
47 119
121 107
296 62
263 158
70 282
10 227
69 218
86 195
184 180
138 159
133 26
71 45
256 230
115 19
81 280
261 202
2 188
176 96
165 257
46 296
90 123
108 2
82 114
97 258
207 147
267 52
201 204
21 274
272 75
110 122
192 297
58 125
266 297
122 180
89 59
42 38
171 239
5 135
96 196
197 263
247 68
254 87
155 39
172 19
112 299
237 14
297 5
79 96
239 163
108 127
112 198
21 146
235 284
172 168
23 128
49 137
43 47
66 88
250 207
19 165
168 111
290 50
201 126
109 234
183 79
251 26
20 45
93 259
19 132
136 133
250 55
185 263
168 304
150 236
303 21
17 63
65 249
240 26
242 275
283 182
11 193
44 166
146 81
40 67
72 198
2 251
206 46
3 267
80 200
255 120
305 225
118 136
7 53
194 210
241 100
201 42
201 174
281 18
302 171
146 194
70 69
3 133
176 133
300 222
227 130
131 249
128 97
1 184
261 265
196 176
264 188
266 270
272 151
247 280
120 10
254 62
269 268
19 148
27 241
290 26
185 74
16 74
279 113
162 192
95 42
102 131
273 205
170 229
130 188
82 219
46 294
136 84
5 182
61 73
164 7
70 230
291 281
244 133
141 256
62 281
208 98
54 26
211 127
228 94
250 42
106 306
53 198
229 58
161 246
303 186
179 79
36 81
250 143
114 123
194 202
76 301
277 266
156 11
280 290
74 227
38 195
26 79
187 301
79 281
173 49
4 39
67 166
56 27
177 239
51 138
82 247
105 156
39 60
265 76
96 14
240 101
129 118
10 255
58 257
245 124
131 76
2 284
97 292
163 251
101 72
285 235
47 268
8 4
223 303
139 168
198 220
85 98
220 91
265 197
126 218
41 128
169 2
170 185
123 144
303 65
132 27
302 193
179 41
34 127
76 7
222 147
221 8
181 216
49 286
107 39
243 216
183 151
105 120
294 29
127 69
207 242
41 19
243 304
42 86
32 246
199 76
289 244
263 178
112 214
89 49
29 177
218 90
13 298
123 274
176 218
173 86
219 46
192 108
10 288
285 237
105 15
86 299
256 302
210 21
273 301
177 306
30 136
29 237
115 263
139 118
296 182
140 239
125 93
263 150
256 181
254 306
305 161
170 122
54 82
36 116
251 80
300 35
268 258
162 197
121 240
278 67
33 222
6 200
93 25
116 148
255 179
279 151
292 239
234 219
79 8
284 126
100 129
247 139
252 110
99 145
177 16
25 285
216 50
54 160
131 282
220 228
156 115
223 241
285 197
208 59
33 3
51 201
81 110
158 162
128 230
24 271
161 212
132 13
29 234
55 28
279 155
122 202
56 63
176 120
178 276
64 269
109 72
36 148
244 255
285 287
231 189
285 248
120 232
97 218
204 16
135 282
95 266
153 179
131 167
202 63
195 283
162 133
86 267
123 203
209 243
156 258
109 189
80 247
158 154
296 289
257 104
212 148
33 256
33 275
213 97
56 265
218 189
252 128
269 245
213 251
140 65
51 21
191 129
77 54
79 256
163 264
258 271
303 159
178 296
132 74
46 281
90 153
133 176
290 7
185 216
48 13
147 47
206 62
40 294
127 301
108 60
202 195
282 216
282 5
103 252
182 45
158 133
213 43
164 66
70 83
172 305
6 17
278 222
242 180
129 169
142 180
116 122
10 51
231 154
299 146
221 111
147 151
283 15
35 133
122 44
115 163
154 208
229 82
98 40
103 230
255 258
201 149
95 176
124 272
23 241
66 257
148 36
201 128
118 154
169 119
229 92
37 260
13 257
226 214
7 25
139 166
131 107
41 48
30 5
138 268
166 259
11 63
80 122
32 56
106 264
17 257
303 83
222 197
220 144
24 78
170 187
277 264
296 3
298 300
149 109
87 158
51 79
183 185
58 102
288 21
79 300
189 253
98 237
91 7
118 98
97 36
248 228
68 252
173 26
228 243
231 148
142 247
114 198
234 121
108 138
201 50
265 278
88 219
244 208
20 218
43 222
94 118
168 214
254 207
210 107
118 51
285 124
230 168
252 162
107 259
199 80
201 65
54 9
6 270
86 283
45 126
234 3
203 276
193 203
121 182
268 106
289 10
109 51
175 258
183 25
87 58
226 105
246 51
4 129
10 34
53 98
275 274
202 111
159 205
106 63
1 222
299 200
263 208
189 84
263 247
268 108
277 113
286 297
276 58
202 185
197 233
61 42
210 45
181 293
296 248
41 214
221 303
195 43
240 229
57 223
154 186
305 167
6 152
225 258
213 161
188 106
42 137
145 198
297 42
183 221
194 213
192 180
199 285
10 41
224 273
89 112
251 40
128 29
43 175
234 301
7 91
70 106
158 76
75 38
14 0
71 218
272 23
39 303
42 186
212 154
164 297
87 154
195 189
135 44
23 57
271 245
252 42
231 108
184 206
54 102
193 141
182 20
41 46
188 56
60 125
223 80
198 86
169 238
291 171
8 229
126 134
29 300
155 176
162 166
54 40
159 178
93 13
226 228
274 1
241 162
182 297
109 223
127 273
48 170
76 178
38 283
11 254
199 118
2 11
17 1
146 253
89 84
237 18
222 179
130 82
281 97
163 181
304 124
97 20
64 16
80 120
241 0
233 154
54 262
171 169
180 143
57 84
50 211
300 288
207 216
31 155
198 251
51 254
16 6
140 206
217 248
165 1
281 198
255 15
263 51
150 255
286 75
28 35
78 243
138 232
30 178
41 223
20 142
86 70
203 3
197 116
144 187
303 94
250 265
71 280
123 300
42 8
71 270
99 164
101 145
236 244
157 56
64 212
100 57
205 33
279 21
52 92
288 290
168 50
25 44
79 136
149 4
157 58
31 266
137 169
173 170
19 80
296 99
144 189
129 108
276 91
126 250
96 248
166 145
160 23
289 260
53 178
268 9
219 205
232 271
246 144
168 98
18 172
11 181
279 157
11 76
252 241
148 86
247 264
305 119
65 202
133 91
35 227
236 57
28 168
70 301
187 58
8 227
24 240
49 185
190 262
54 13
145 192
232 209
262 194
190 22
189 62
67 55
46 130
275 265
35 269
226 293
162 281
189 60
186 271
166 297
4 94
127 284
70 77
29 91
22 36
137 165
214 216
132 121
87 50
236 26
246 149
128 248
217 298
259 104
145 55
109 97
15 297
185 25
61 98
68 302
203 242
266 237
118 67
238 29
67 188
29 27
45 203
262 130
43 245
271 152
267 35
201 119
72 296
177 177
224 161
201 10
104 94
40 144
198 90
184 252
180 70
58 237
102 46
173 128
116 124
163 195
189 158
268 296
154 16
168 266
9 253
176 108
152 284
269 199
83 115
153 238
79 171
7 154
252 249
147 10
106 31
279 38
209 271
176 182
40 187
178 272
136 58
25 244
232 36
292 222
28 135
1 106
99 271
221 105
167 1
181 288
294 22
16 3
149 151
139 107
88 171
10 114
24 175
34 224
22 218
94 261
129 167
19 89
116 204
222 131
117 58
268 51
184 164
195 233
36 97
253 205
298 189
50 166
174 24
266 144
237 251
189 173
174 272
220 291
293 85
161 118
42 271
2 42
290 38
62 248
278 23
154 28
11 27
154 275
243 108
133 279
292 193
139 200
167 155
248 94
112 96
179 94
198 144
196 167
172 139
66 279
122 242
141 34
98 128
120 201
25 235
169 155
129 204
140 194
92 167
30 204
296 60
180 190
188 86
194 158
88 60
51 281
264 151
34 52
185 115
161 196
51 97
245 136
184 103
28 147
125 284
287 135
153 169
104 181
22 133
33 201
64 84
127 145
56 54
55 150
213 203
20 208
120 29
197 42
124 75
242 43
166 5
113 248
9 112
172 294
9 63
177 7
167 119
179 39
17 232
223 102
111 41
50 177
285 226
215 119
94 107
22 145
21 33
304 286
263 29
50 180
31 58
164 75
143 225
146 131
52 291
156 283
64 158
194 271
210 128
169 49
266 18
53 96
180 55
24 185
266 229
271 74
271 209
90 66
61 63
172 250
290 100
244 156
24 93
140 179
46 10
180 38
71 16
203 87
253 64
22 301
40 115
285 111
86 156
161 199
300 208
82 86
44 96
141 258
285 61
8 200
248 143
246 27
216 188
122 100
148 8
91 34
144 191
116 84
105 260
96 192
264 176
70 23
71 67
197 178
40 247
214 170
105 158
58 272
76 225
58 112
26 209
216 250
120 242
238 25
69 75
98 125
3 145
182 295
139 156
249 36
125 299
250 254
63 156
67 232
205 88
233 180
2 98
100 138
226 79
272 257
213 141
47 143
161 82
294 289
193 291
72 158
62 64
65 136
51 184
66 47
135 85
198 265
103 70
303 19
212 106
228 56
68 84
161 96
177 81
39 123
60 94
10 180
46 58
246 89
237 275
49 155
282 76
35 278
253 126
246 58
235 136
246 265
242 177
88 228
154 273
193 277
248 92
111 297
134 265
79 187
65 51
197 140
102 220
118 264
76 171
207 32
284 21
55 15
161 164
86 229
100 112
305 159
83 60
217 238
152 117
209 2
190 48
9 24
95 206
291 28
126 256
215 6
143 227
224 294
154 116
42 31
250 160
204 221
256 141
124 197
266 248
214 139
229 160
117 135
191 154
22 58
13 87
102 239
184 229
106 37
266 283
30 76
232 102
125 297
39 111
242 28
54 87
45 77
234 27
26 249
169 227
157 156
134 210
278 11
7 250
144 98
55 212
143 92
42 282
265 244
139 109
266 206
188 259
184 247
258 303
181 158
89 299
15 279
162 183
92 153
221 135
73 38
178 29
92 208
218 217
49 60
295 195
18 170
20 14
215 160
183 81
221 145
159 194
22 229
55 61
284 3
133 224
101 299
107 111
283 248
110 59
141 237
88 156
60 190
211 285
131 186
143 229
177 277
20 69
262 239
85 146
290 238
277 106
305 20
102 28
165 192
248 83
300 4
188 1
59 261
28 143
77 147
51 203
86 49
28 44
145 196
259 52
32 22
31 90
54 7
259 137
254 109
276 34
36 90
306 78
153 274
233 107
16 234
58 144
150 5
39 129
53 200
214 250
67 115
16 255
103 54
7 118
53 286
167 22
282 281
105 252
109 77
287 204
11 237
113 20
222 40
112 111
37 75
81 249
131 72
43 50
284 171
255 54
19 111
111 253
41 249
214 293
77 188
14 241
162 126
30 85
4 54
31 200
9 204
168 229
37 236
201 282
218 191
235 226
286 276
24 40
30 134
249 53
92 169
224 261
195 249
9 163
295 68
2 88
83 137
264 254
115 200
25 224
125 23
237 212
184 256
200 305
28 8
249 102
204 287
240 120
211 191
262 111
155 117
5 143
99 202
27 236
247 6
140 233
276 32
56 185
216 282
196 215
76 52
7 134
126 146
193 250
18 141
238 236
286 154
23 189
248 0
269 101
272 292
50 205
289 8
301 240
88 252
157 254
116 214
287 288
208 21
212 11
75 142
48 72
266 21
225 121
154 305
287 37
54 203
88 195
97 123
154 199
80 298
189 108
86 144
19 109
96 85
71 76
2 286
80 226
287 99
196 299
78 119
277 296
154 124
290 146
184 114
77 164
223 16
212 3
60 19
137 96
265 157
300 125
264 27
98 249
271 249
167 181
26 117
246 214
29 213
27 43
94 182
48 189
139 40
137 142
145 80
189 37
218 82
156 105
74 263
83 183
37 105
6 184
231 150
180 20
140 303
0 247
266 255
215 201
278 109
214 168
33 150
290 67
283 34
288 53
134 133
261 25
76 113
16 206
195 295
73 17
287 303
46 159
8 123
26 77
90 280
114 227
232 222
65 210
144 147
213 231
131 15
21 71
216 302
283 288
46 248
291 123
193 59
89 250
25 155
75 5
255 229
285 68
153 190
150 187
76 74
277 127
141 159
290 211
24 210
217 75
64 267
217 201
262 124
243 139
73 0
303 191
199 172
242 121
41 123
97 297
74 207
56 214
211 206
203 234
292 113
291 237
131 280
247 155
232 38
159 211
167 202
250 5
227 245
177 90
76 184
44 53
188 273
156 267
196 83
27 286
46 52
4 89
117 184
43 98
170 157
22 175
31 187
14 114
79 283
211 137
27 47
153 210
68 106
32 170
142 145
67 37
8 33
131 2
165 127
71 148
3 135
247 124
64 72
35 57
275 148
21 112
53 61
180 85
128 23
292 219
173 231
208 288
191 251
184 176
19 298
98 284
276 56
299 274
82 77
153 30
38 100
19 210
203 193
263 223
57 196
44 68
228 260
21 35
39 232
209 203
68 283
225 173
134 128
110 291
45 91
70 112
239 156
91 171
301 293
248 14
143 90
31 18
103 241
138 80
235 180
4 69
204 261
259 154
295 300
221 205
266 261
148 149
48 103
178 131
20 101
138 18
137 19
100 162
194 296
187 230
144 22
8 236
140 288
192 26
247 112
140 268
63 106
242 98
303 216
30 87
92 67
147 245
225 295
97 22
71 100
47 235
191 127
13 124
18 133
68 130
216 217
153 276
135 121
108 87
280 245
165 113
217 296
36 17
193 37
185 99
44 176
206 19
186 291
139 161
81 8
152 236
164 222
80 255
196 223
168 157
81 289
24 159
45 106
248 254
107 202
255 210
49 36
246 273
296 101
57 88
45 70
196 185
11 295
223 37
300 264
71 278
47 222
209 249
229 41
33 163
181 22
273 149
203 89
242 241
73 276
123 220
292 59
180 268
303 169
190 159
112 105
189 14
88 193
163 148
209 66
6 198
50 99
245 60
132 226
273 30
127 53
230 31
232 10
79 198
276 48
235 291
161 5
77 288
228 78
116 90
242 264
42 153
302 89
1 249
223 159
177 106
34 177
69 177
202 252
274 91
270 134
290 235
207 202
260 17
171 26
264 69
194 197
107 67
182 157
11 281
253 124
249 183
233 40
138 239
99 282
61 38
302 154
66 259
7 182
266 259
20 228
259 215
260 48
125 124
267 221
205 193
158 106
279 133
116 170
286 252
96 48
40 263
228 300
168 210
113 153
248 278
162 272
135 66
132 42
214 193
230 72
121 144
159 58
267 164
306 80
18 180
31 172
6 89
303 39
101 119
177 130
70 99
272 186
300 144
147 156
51 269
100 228
2 128
26 130
120 155
230 216
44 27
21 289
240 256
112 43
288 202
151 80
239 76
99 99
61 14
168 302
198 187
253 66
51 37
238 225
233 80
245 50
173 152
232 207
127 118
255 165
275 136
165 36
28 18
44 92
93 89
31 26
232 273
225 38
49 182
120 292
198 261
90 73
108 91
26 62
98 273
25 251
192 135
17 98
264 294
275 213
260 187
290 231
106 204
114 149
168 66
200 124
119 167
124 199
152 171
258 131
39 38
10 71
201 158
116 98
17 87
183 196
61 174
190 55
156 292
278 282
199 92
255 304
221 183
296 23
162 213
167 64
130 28
245 85
248 170
189 304
97 275
277 57
237 223
278 274
238 91
78 62
217 300
204 119
19 156
202 41
118 204
41 21
74 13
163 298
87 179
192 48
234 90
263 82
279 273
216 61
137 121
143 5
206 218
1 90
0 228
138 123
197 142
84 273
301 200
200 250
34 285
271 149
119 109
230 118
108 68
196 160
292 95
76 92
123 298
101 217
102 57
199 26
154 279
51 23
29 58
150 248
255 173
237 83
19 29
114 255
9 173
273 275
96 147
16 118
224 227
38 136
38 77
172 51
202 127
25 48
161 194
59 52
158 43
7 208
223 2
299 165
29 232
187 136
268 234
137 151
19 113
62 240
173 79
164 239
276 194
139 223
202 16
84 119
122 273
134 101
117 306
262 159
151 225
38 143
205 183
232 27
252 226
63 107
122 259
203 39
302 73
93 237
143 34
254 279
176 297
61 114
11 125
258 235
56 131
23 250
240 305
279 299
10 98
194 238
245 164
140 265
89 13
173 260
203 183
261 23
133 44
199 116
12 74
265 34
305 182
18 22
104 31
50 103
161 35
39 5
201 3
45 2
240 135
200 91
202 233
160 162
47 238
156 296
82 100
183 22
26 239
294 16
173 183
174 35
154 106
23 75
129 186
47 60
172 154
151 82
155 178
77 174
253 78
304 184
181 139
298 228
228 233
248 223
245 134
106 275
238 243
143 139
165 107
139 121
7 37
43 109
158 291
118 246
148 304
131 247
0 99
143 124
92 110
255 34
295 47
211 271
242 286
267 177
275 217
161 109
148 132
156 222
3 15
266 235
81 99
20 266
0 256
8 293
123 238
218 100
43 192
118 63
229 49
52 298
281 213
302 166
11 166
169 96
70 127
2 232
32 189
185 154
62 96
40 221
300 241
209 281
156 135
78 178
160 249
221 234
229 247
9 49
278 199
212 36
12 114
272 169
159 46
53 131
277 219
133 201
0 250
222 151
141 89
60 296
276 234
136 136
186 71
248 145
140 77
228 200
109 289
246 53
145 21
24 195
39 134
295 156
100 146
55 169
112 306
238 294
49 238
219 118
202 160
44 220
97 306
89 70
166 179
138 78
204 75
156 64
268 65
252 18
101 97
74 130
141 91
167 226
7 234
38 61
127 71
237 53
15 265
11 25
277 151
213 176
249 252
195 66
169 268
202 139
8 55
111 88
232 298
60 145
3 170
180 245
172 200
79 224
129 241
142 81
22 207
146 111
266 285
126 238
101 230
193 305
144 149
264 67
116 88
117 100
280 215
267 179
215 275
119 143
91 75
162 120
125 54
258 106
187 244
140 103
207 272
16 181
281 132
127 246
52 256
250 250
215 86
281 209
217 134
143 259
153 146
239 151
10 218
283 169
145 32
220 35
26 268
140 241
266 96
268 195
300 286
256 110
52 160
141 117
106 10
235 40
150 73
226 120
255 133
127 220
290 150
205 301
187 127
1 306
28 203
116 243
44 293
289 86
108 276
147 43
54 180
75 258
12 218
303 200
160 247
168 109
168 23
191 253
214 84
141 63
112 172
46 189
158 280
19 31
218 143
125 149
107 240
204 148
251 194
47 127
80 36
204 208
256 306
18 5
224 158
96 182
144 290
240 287
174 126
141 76
190 171
99 207
172 267
110 21
286 241
285 76
61 260
118 82
279 220
230 39
96 236
246 7
289 46
119 94
119 23
233 65
297 293
240 197
159 268
285 107
105 17
184 254
67 31
16 278
171 63
225 57
274 25
190 35
120 265
232 44
150 49
279 198
227 280
261 227
228 178
180 24
69 3
136 255
281 235
206 156
88 11
165 115
284 280
244 58
93 207
254 172
52 243
65 15
26 270
220 305
254 97
249 131
214 261
87 177
179 98
120 165
183 183
276 50
69 201
73 28
222 243
161 288
87 137
205 189
71 171
287 142
219 201
191 84
128 6
41 71
16 276
234 166
173 134
270 172
242 290
223 258
49 38
261 148
81 295
215 162
9 37
302 57
0 223
278 49
115 294
163 2
76 110
216 304
158 45
16 10
304 212
9 281
99 154
37 253
35 252
152 24
192 205
164 146
145 230
51 134
264 206
99 76
200 223
273 263
251 131
221 299
143 239
41 270
282 207
291 69
63 12
259 91
241 298
246 300
278 15
51 60
41 265
148 72
238 132
132 166
40 213
273 162
304 76
173 241
127 258
118 49
86 30
84 241
214 221
167 83
288 170
6 227
82 215
127 55
58 213
192 209
96 106
95 25
228 209
117 281
191 12
216 121
50 258
78 130
70 117
193 269
278 301
283 84
237 31
154 217
208 47
106 116
186 246
8 287
55 67
240 244
165 169
137 201
138 149
232 187
169 288
168 102
89 246
145 174
97 290
271 122
111 290
278 138
101 61
299 289
101 53
156 133
223 121
229 116
278 224
140 191
76 17
109 228
246 91
62 182
221 211
82 168
35 289
219 14
244 137
62 27
31 164
21 295
180 96
5 78
94 48
135 0
27 304
147 263
91 1
8 150
199 142
131 7
231 117
164 118
125 224
205 289
86 215
153 101
55 148
28 261
10 189
22 129
3 92
238 47
253 55
136 236
146 211
238 74
190 135
192 295
283 97
82 278
265 300
244 135
284 85
233 243
108 11
82 276
214 78
219 116
159 288
68 13
9 178
184 211
169 188
120 12
137 94
145 89
74 6
172 301
49 2
132 241
111 175
119 262
36 162
137 45
136 81
61 210
65 175
283 180
164 57
185 221
239 218
132 200
11 116
214 219
303 49
265 239
141 38
56 151
218 181
298 130
57 110
189 302
172 41
90 140
233 220
226 223
298 288
168 286
184 155
141 222
96 16
65 81
271 10
93 43
140 252
201 193
176 126
233 186
2 9
52 162
112 160
94 166
259 180
218 27
151 189
83 19
113 18
238 105
35 120
304 277
260 69
73 285
164 27
285 53
167 41
70 295
226 118
295 268
51 77
297 142
224 79
268 227
193 147
51 273
139 46
124 292
176 29
205 275
54 143
243 93
108 171
109 34
149 153
230 37
103 189
134 135
189 128
206 68
28 100
122 13
301 262
34 306
194 124
263 227
242 288
24 132
149 57
279 149
223 225
67 147
268 236
275 66
132 187
103 286
63 210
134 157
213 276
145 299
124 7
290 209
273 32
39 248
260 277
193 128
175 194
265 159
145 244
161 205
121 251
203 272
239 227
39 40
101 182
264 262
55 304
294 62
204 297
284 255
10 18
5 103
58 241
212 256
48 54
175 118
138 16
120 129
102 265
67 219
114 306
154 159
240 13
99 297
243 72
165 228
87 84
268 128
144 109
194 265
256 98
112 145
115 296
278 197
89 110
37 238
66 236
36 92
1 252
141 201
252 193
297 110
256 143
88 209
132 31
113 112
242 12
139 237
90 251
192 211
12 101
86 190
264 143
207 48
292 301
175 135
87 207
8 198
129 195
188 97
135 8
64 168
102 184
246 291
91 62
170 120
37 63
174 168
100 221
175 280
150 84
35 50
119 127
35 106
178 190
225 81
162 97
292 150
189 246
2 22
163 283
103 256
216 128
85 93
105 247
248 4
160 192
275 96
216 33
35 241
36 277
172 271
5 236
263 161
72 305
10 153
75 195
261 186
23 29
16 85
157 16
272 58
289 168
244 263
51 156
252 82
222 100
258 60
191 203
124 1
296 226
296 274
31 235
277 174
66 174
35 62
73 257
219 132
163 150
230 209
59 121
206 222
197 58
154 85
284 159
73 135
107 175
119 28
18 44
7 282
53 30
17 178
171 300
175 145
294 125
147 133
290 144
53 85
24 134
100 248
70 87
35 118
258 255
289 236
259 169
89 276
200 252
204 1
23 173
138 190
67 43
257 90
65 233
27 199
70 150
122 11
280 211
68 205
113 3
240 133
270 78
196 206
218 16
45 222
252 203
98 134
98 190
241 93
270 285
284 206
200 221
56 143
256 89
33 172
254 17
172 130
92 230
89 57
151 50
282 214
248 174
66 143
54 279
303 244
19 257
185 81
136 281
277 52
19 174
31 54
60 96
163 127
29 16
91 132
17 11
42 216
240 225
304 292
180 156
22 70
280 11
217 63
147 219
185 149
87 200
46 0
197 100
88 120
36 170
89 94
127 260
246 263
92 161
35 222
234 63
65 1
199 218
292 191
292 148
285 205
18 81
170 159
175 90
87 249
245 139
227 137
129 115
92 26
183 194
164 64
203 50
52 99
301 8
12 44
23 295
286 273
24 296
270 43
287 69
166 152
92 261
252 63
122 252
28 39
174 61
177 128
202 125
184 1
222 63
136 149
192 249
93 211
301 84
104 38
241 157
45 274
47 56
250 224
188 35
292 226
218 80
95 259
295 138
4 101
248 41
280 20
21 12
101 288
2 301
44 85
110 23
20 226
105 7
303 275
122 200
168 200
239 107
261 170
45 143
79 238
105 179
292 262
276 110
187 255
183 63
157 75
125 68
125 153
164 55
198 88
95 237
294 260
111 236
36 168
134 28
228 47
296 258
60 202
12 227
1 230
201 231
204 257
110 61
167 219
78 197
281 302
292 107
219 142
202 61
62 10
136 209
236 59
217 151
264 238
72 238
12 189
40 119
139 278
192 172
12 306
205 14
244 168
75 236
260 284
48 52
206 107
10 280
33 291
180 48
225 35
16 43
173 222
303 262
7 202
256 106
238 4
135 138
183 52
186 158
182 286
76 83
194 50
164 166
215 51
220 28
196 81
26 159
21 299
236 138
215 198
209 245
233 241
125 122
85 13
61 243
255 101
212 274
195 217
241 55
193 79
44 251
19 71
298 4
48 121
95 34
70 251
113 297
71 18
152 256
258 120
269 287
129 249
44 273
282 246
133 285
279 255
184 101
242 62
123 218
176 27
271 251
298 249
145 257
59 133
229 29
226 179
60 28
70 247
178 46
133 1
298 54
233 124
149 298
190 57
86 147
153 188
128 85
243 60
54 162
99 187
0 160
298 100
65 79
221 2
0 162
180 166
8 88
214 147
300 57
151 109
119 159
124 173
40 219
273 217
281 52
101 235
93 240
91 84
146 158
201 247
2 278
104 264
8 273
32 290
2 220
86 301
72 71
53 80
278 290
297 145
88 72
103 6
178 300
281 274
100 39
116 82
130 30
288 105
108 89
299 94
298 176
258 200
18 168
127 64
134 159
155 36
4 166
257 293
4 288
114 164
249 79
102 222
79 15
108 70
277 46
82 296
102 156
258 0
202 254
198 134
141 272
271 132
103 36
247 213
34 102
39 47
78 172
217 66
238 52
288 252
55 110
228 18
147 204
48 212
64 28
46 298
40 165
211 178
302 133
182 212
5 91
195 59
107 289
78 157
101 45
88 122
40 37
37 200
160 281
62 242
21 148
227 16
260 130
172 203
197 291
47 1
195 31
113 41
91 98
254 287
217 52
286 125
251 205
147 178
85 184
123 92
246 211
155 128
279 288
0 199
214 131
185 70
68 77
150 204
64 82
288 38
281 280
163 249
140 79
240 95
226 20
219 112
195 153
237 16
64 172
224 130
241 246
196 204
204 177
219 1
76 30
255 190
152 13
254 107
73 117
247 234
274 272
1 264
292 29
47 37
250 145
149 205
90 168
191 37
1 80
122 254
190 116
115 152
201 0
124 255
281 158
141 102
51 178
41 185
282 22
118 96
72 240
258 273
247 25
286 170
239 271
83 243
192 271
24 99
267 45
294 190
272 83
51 188
120 260
243 100
36 158
154 296
46 26
131 206
79 304
304 157
274 83
250 285
277 77
295 246
134 70
45 94
247 168
159 170
118 65
272 271
305 169
141 125
210 53
285 109
45 292
38 157
301 75
289 107
53 66
275 191
72 274
205 244
160 44
39 261
100 208
195 191
54 49
268 20
10 272
256 260
200 16
140 163
126 254
240 130
123 160
13 116
77 72
205 31
80 266
28 302
145 288
28 22
137 171
222 54
82 221
53 202
231 170
228 106
7 23
151 232
63 8
249 129
303 85
157 38
184 192
60 110
154 293
73 216
153 160
270 105
110 10
8 280
40 25
287 60
108 236
217 291
288 147
252 148
34 183
196 56
115 223
304 40
18 7
276 108
111 52
175 240
42 274
249 256
75 51
279 137
95 75
49 79
22 271
289 98
297 67
155 215
178 256
81 257
2 199
235 112
211 34
236 182
176 9
199 193
34 273
52 258
124 147
4 305
39 23
171 97
82 10
296 299
1 258
92 21
84 116
210 273
297 167
262 8
182 255
8 136
77 90
298 304
301 64
141 305
98 203
1 51
246 182
283 200
303 63
217 258
232 300
135 37
169 83
122 109
191 24
66 204
109 140
36 135
247 100
269 231
143 257
167 285
227 22
289 162
97 24
96 204
25 42
201 27
196 72
108 107
223 299
29 192
252 250
125 306
182 47
76 208
81 300
296 130
177 175
100 68
212 96
20 163
101 55
249 248
279 209
219 224
184 117
183 262
46 255
151 292
280 116
157 189
92 44
110 105
58 118
152 296
200 114
184 129
195 231
123 89
79 233
108 210
162 174
226 282
118 197
14 263
65 34
181 26
256 171
3 31
221 259
82 112
75 135
229 102
75 81
179 105
92 142
180 261
261 211
246 126
29 122
27 69
165 76
305 284
258 88
269 149
122 75
271 163
127 66
9 193
271 275
179 298
236 124
258 211
78 200
116 259
68 128
102 68
261 168
222 65
281 291
109 113
84 71
99 78
104 232
229 256
43 204
154 23
111 295
220 180
104 248
2 115
13 76
203 158
224 64
264 286
91 69
299 16
169 18
55 52
305 18
287 42
74 274
6 279
211 1
108 274
260 150
207 250
149 134
181 40
75 217
9 248
85 138
159 98
49 222
39 148
80 6
249 31
53 78
190 101
269 41
43 84
150 65
199 210
202 224
167 35
202 265
208 19
86 180
84 222
98 195
201 77
41 117
118 46
0 201
49 22
125 58
86 212
176 220
53 271
61 262
236 211
7 271
33 148
79 306
231 248
100 219
231 98
158 50
135 130
256 49
132 70
266 216
132 243
223 267
92 228
136 181
63 38
130 242
57 108
42 92
167 48
22 107
10 62
251 6
281 118
149 63
189 12
108 22
264 277
196 297
228 62
166 65
71 104
153 51
245 237
216 130
168 240
164 281
28 20
98 270
4 187
26 133
125 145
135 154
268 99
129 290
231 16
188 39
78 31
145 156
293 232
97 305
213 258
197 267
243 156
174 28
61 286
154 144
22 102
238 71
20 268
178 5
218 223
155 157
202 113
38 163
172 46
18 118
67 90
53 293
190 16
28 190
97 180
73 233
265 256
146 232
261 128
61 50
297 216
205 53
76 129
261 172
306 50
258 47
211 280
130 190
220 48
211 100
205 201
74 69
13 83
302 124
25 46
283 2
221 289
9 128
221 159
30 39
300 276
295 291
176 173
274 195
192 28
188 20
34 220
114 177
164 125
39 114
144 94
189 110
56 86
5 18
63 137
116 137
164 29
265 246
84 284
148 52
69 33
7 174
43 4
229 267
262 152
52 260
145 123
288 130
215 16
39 63
117 260
107 188
134 295
252 243
154 118
103 179
185 15
197 248
53 296
90 44
180 61
202 202
80 163
101 160
278 256
160 134
261 138
78 161
233 25
63 97
278 55
57 100
65 37
231 103
254 181
9 22
94 205
17 116
68 300
142 187
199 232
288 185
37 96
134 63
243 187
241 144
265 222
212 71
144 183
204 140
106 91
132 198
27 45
282 13
65 302
176 200
34 181
120 105
5 206
25 58
208 166
62 184
149 306
42 221
202 273
140 235
165 295
179 71
246 131
159 286
246 162
236 271
202 206
17 132
40 162
92 83
212 139
60 134
160 92
9 259
236 85
53 17
193 199
241 291
132 189
142 32
20 114
227 247
46 137
69 250
184 174
97 99
130 263
26 101
97 33
248 221
273 53
107 14
247 81
121 77
258 278
136 50
255 285
146 85
199 43
114 88
97 201
274 57
250 196
302 182
163 112
267 241
33 226
125 186
204 232
75 144
0 283
119 195
282 156
83 36
92 306
44 141
135 213
1 6
97 89
123 65
191 99
59 62
288 246
159 82
166 98
200 284
83 135
230 191
124 43
42 293
129 283
269 11
133 65
257 202
58 168
21 297
260 275
174 140
177 40
150 294
234 271
35 0
297 138
186 144
236 73
166 266
104 160
23 77
99 92
41 193
154 10
192 152
253 35
93 50
235 228
266 220
247 289
85 178
155 206
297 156
278 178
146 202
201 161
200 73
246 173
260 9
119 230
157 97
69 14
282 139
43 118
234 295
77 241
