153 132
73 235
206 191
297 76
195 292
152 283
260 161
235 180
168 38
40 228
37 23
86 73
273 214
1 241
248 159
193 12
226 218
243 142
46 17
199 13
250 122
69 261
51 113
31 86
273 178
114 73
152 250
169 64
113 154
178 79
7 171
75 112
130 18
129 197
220 164
24 115
271 45
143 122
178 0
159 290
296 43
291 83
124 253
193 175
190 133
259 25
174 107
135 140
203 277
57 31
175 218
53 285
196 95
235 62
194 101
166 108
198 103
299 169
85 201
18 91
11 45
62 6
302 212
175 258
298 276
203 173
163 76
234 102
93 100
116 257
163 170
167 20
170 140
26 134
181 130
266 277
0 111
268 129
269 304
40 10
162 114
244 73
16 21
256 298
247 260
23 254
48 125
28 78
223 123
108 110
286 11
85 188
206 117
38 236
246 42
298 43
241 194
266 98
175 128
23 223
185 127
212 113
125 188
87 113
110 49
72 129
75 172
161 18
258 188
247 277
76 159
79 111
283 239
170 184
172 49
249 282
101 163
302 35
236 189
100 154
202 286
236 156
182 291
29 189
50 178
291 166
114 260
208 214
55 223
98 251
213 86
255 119
103 34
37 134
273 73
4 214
54 298
139 6
13 224
79 266
229 257
218 89
197 236
133 124
18 31
205 234
306 65
150 257
88 282
13 295
285 202
125 50
255 90
305 74
5 184
81 302
283 267
125 45
4 173
136 27
181 270
122 293
59 124
11 249
124 209
199 130
139 213
288 2
28 299
60 43
287 295
87 24
262 10
158 187
86 182
290 231
222 224
66 83
139 125
59 197
115 18
242 37
299 138
227 23
182 262
69 155
240 144
296 271
66 251
227 0
181 51
9 97
52 68
105 286
266 219
287 52
163 204
91 155
274 59
174 132
181 141
140 12
71 0
252 73
12 65
141 157
227 159
168 98
48 4
43 74
127 168
240 6
259 69
304 72
124 66
85 264
230 115
67 284
198 27
89 297
12 90
248 154
198 297
220 244
290 31
290 131
98 22
202 208
303 74
232 22
298 263
99 193
115 282
42 148
157 152
27 49
6 76
20 205
242 189
271 137
259 109
75 145
249 300
154 114
152 142
128 94
202 249
134 302
112 91
163 182
149 169
133 179
88 93
0 75
148 91
41 84
224 296
188 10
206 194
148 109
11 230
299 130
295 173
57 82
209 96
267 266
165 163
220 37
63 174
205 274
95 127
40 285
113 232
124 171
120 264
24 76
69 64
245 101
283 306
98 229
253 182
16 84
9 14
93 15
187 3
88 28
165 28
289 52
70 225
220 261
209 151
37 44
288 141
86 297
109 20
44 25
170 138
158 22
55 186
18 107
91 157
10 109
39 296
175 281
225 281
204 157
207 108
151 86
223 55
260 306
181 192
28 197
8 130
236 149
214 301
79 290
88 105
236 210
93 127
225 246
116 35
37 94
149 7
53 86
114 45
175 34
53 229
21 14
16 7
282 79
224 298
273 115
3 218
191 219
206 297
250 129
114 245
57 142
298 152
301 275
99 190
72 300
34 129
155 161
62 269
253 222
158 3
88 152
55 119
298 299
121 179
125 210
23 146
306 1
220 202
268 43
63 240
28 305
204 253
120 132
107 13
266 224
274 113
241 230
115 59
289 305
264 245
31 209
147 22
112 246
71 71
229 104
78 162
282 102
123 116
148 45
106 145
74 219
227 67
69 5
255 151
268 109
43 52
265 178
294 225
41 302
21 63
128 305
208 75
85 91
155 217
299 190
178 191
302 214
226 284
81 221
18 65
258 212
11 0
218 268
107 190
10 131
162 16
63 246
195 12
198 73
127 303
0 181
209 212
100 86
20 124
221 181
86 75
139 51
70 227
59 1
166 273
26 197
301 54
205 173
112 202
20 166
33 286
82 162
254 41
190 97
256 189
150 112
198 56
256 195
232 91
83 171
17 80
2 52
49 180
261 53
242 140
263 210
115 168
56 129
182 245
251 135
244 127
55 102
186 244
133 134
264 240
228 262
61 107
155 189
150 117
15 159
188 113
109 14
47 214
219 51
284 255
108 79
56 219
140 282
200 94
37 79
3 91
176 256
288 108
64 223
191 198
23 238
274 95
233 26
228 187
183 99
181 233
160 300
260 44
127 82
284 145
120 285
49 165
27 57
0 25
105 262
72 140
280 80
262 80
159 52
143 175
90 255
146 186
224 204
255 149
45 16
66 166
123 259
129 270
252 154
35 75
271 250
157 156
122 108
288 125
279 235
97 207
144 91
155 126
51 40
117 11
261 275
123 198
133 108
247 31
256 86
257 55
78 264
164 273
140 101
288 262
93 271
33 57
37 91
104 258
170 167
297 18
94 269
160 224
138 268
67 96
262 277
285 98
164 135
259 54
245 272
150 2
127 160
300 170
99 87
275 227
87 12
252 133
41 7
277 153
58 86
159 213
165 105
290 170
85 50
241 252
251 178
41 142
238 45
37 166
105 187
16 134
129 66
149 111
62 28
242 154
60 3
154 220
71 177
19 46
82 239
216 88
243 254
198 112
196 279
130 292
262 249
127 49
150 41
254 74
296 20
151 16
158 93
213 262
267 304
159 103
104 282
31 294
54 255
273 141
187 45
200 286
235 272
243 39
187 16
224 53
217 276
222 260
20 72
82 137
0 38
286 9
86 281
253 34
112 23
115 31
279 260
160 251
147 203
215 153
73 102
6 156
205 18
296 185
220 162
153 123
122 272
271 12
297 250
253 179
284 1
104 96
261 28
128 57
142 95
276 161
199 114
60 255
140 181
129 306
172 298
53 133
92 113
172 182
148 219
163 258
150 59
205 206
289 41
286 122
141 104
182 198
179 131
15 104
103 289
133 122
305 270
297 186
213 177
28 26
166 269
271 288
189 261
242 175
247 209
275 179
272 80
9 35
102 196
7 290
196 144
74 180
183 64
11 297
34 292
78 208
5 41
169 301
67 253
305 306
245 163
7 294
179 16
278 5
45 213
22 124
18 268
300 260
209 105
225 22
93 138
177 241
273 55
55 281
78 121
94 160
66 25
210 99
277 20
203 263
199 186
33 288
82 45
65 126
86 266
246 140
125 259
100 46
146 298
29 277
56 107
102 182
176 161
141 293
90 277
59 185
102 215
185 161
235 163
297 225
254 161
29 245
299 207
299 7
163 163
140 53
296 273
83 96
61 158
244 151
46 140
125 169
64 219
218 108
148 271
102 30
63 184
169 239
152 247
254 57
206 3
31 233
161 94
268 64
306 272
287 266
74 140
137 19
298 259
276 256
122 240
305 178
284 157
66 282
117 33
26 50
11 223
114 47
146 290
11 191
126 305
214 285
274 257
20 5
286 76
296 277
137 154
27 20
99 107
95 293
117 125
119 287
120 180
191 216
90 52
136 50
277 210
278 158
301 6
115 183
11 216
31 211
261 122
298 184
256 289
149 47
295 18
214 130
22 204
43 94
304 95
249 133
193 201
162 54
20 22
222 53
6 69
39 50
246 212
63 301
37 42
256 262
43 202
59 195
21 110
229 236
111 40
57 132
145 152
41 125
13 86
300 156
86 121
306 204
255 182
163 270
2 173
41 152
21 126
47 250
99 208
94 176
69 203
1 7
210 287
243 18
230 131
152 81
2 280
207 45
256 212
176 276
260 140
115 268
239 13
1 209
123 279
304 143
260 59
152 293
15 238
100 69
166 211
205 104
284 15
44 205
79 250
205 166
237 108
268 238
278 8
70 297
1 65
278 35
175 163
252 75
90 112
281 238
54 220
296 209
188 95
64 280
170 94
138 182
159 101
91 60
108 191
169 19
282 277
95 227
296 92
207 18
90 164
53 171
302 164
231 301
300 304
54 245
288 139
47 165
52 38
47 44
286 263
264 230
139 93
127 51
68 279
32 254
215 265
77 290
68 113
155 153
276 173
298 112
279 111
119 96
72 135
259 158
117 200
210 232
249 226
162 300
102 176
157 18
275 138
148 275
277 104
25 81
36 268
89 216
192 109
191 137
266 94
16 103
285 200
80 77
137 211
63 209
141 55
230 43
286 178
77 275
28 244
221 103
240 19
94 27
97 127
140 269
5 188
191 34
142 240
9 231
94 194
98 97
287 70
193 209
195 251
298 119
300 152
257 256
175 59
30 154
259 247
222 165
58 27
299 234
196 102
65 115
99 223
67 185
109 128
284 179
251 252
140 8
247 52
138 66
172 244
231 30
3 222
225 71
176 12
140 265
29 198
159 49
84 202
112 291
148 41
77 266
224 275
109 264
19 301
152 67
31 68
248 183
210 126
97 139
176 226
69 44
254 25
123 149
113 168
153 26
280 221
169 4
32 280
106 96
33 260
132 262
170 25
248 120
257 166
86 290
45 298
144 133
128 123
149 92
291 298
306 107
275 152
182 53
1 21
0 51
127 84
30 7
69 125
121 24
95 283
244 83
182 129
282 171
85 180
247 298
117 229
301 284
129 48
189 111
122 118
145 137
194 27
42 284
133 120
23 39
224 52
61 288
71 5
278 172
100 280
227 118
249 3
234 263
305 11
280 25
188 12
77 237
71 101
270 145
148 5
236 216
265 297
89 278
164 199
11 111
195 204
72 241
99 296
124 150
250 232
273 277
267 284
177 221
273 152
117 300
48 267
148 1
86 60
90 5
231 299
73 177
233 146
165 258
229 17
236 11
3 142
32 258
66 21
284 277
102 233
39 282
135 157
80 246
34 275
7 292
2 277
134 261
261 42
229 62
49 57
90 228
33 54
126 227
198 166
80 25
59 109
197 89
89 26
182 223
248 188
3 288
220 29
59 26
192 57
138 223
172 204
197 160
60 205
141 43
209 210
157 103
218 113
276 192
128 149
217 119
131 126
218 288
270 150
11 220
28 214
170 182
115 196
28 195
11 108
183 143
154 298
117 9
100 113
34 150
238 208
115 284
94 198
148 24
185 165
141 78
220 64
93 184
135 69
44 272
289 137
277 6
45 219
189 179
113 225
266 208
298 209
76 114
280 171
243 230
270 259
269 13
118 201
161 124
109 200
41 94
43 275
126 60
193 153
213 128
32 99
144 100
130 6
299 284
96 273
26 61
53 247
215 24
207 32
146 45
177 120
170 269
264 80
137 167
181 80
277 225
112 78
136 254
272 139
202 298
105 193
157 78
289 129
38 27
241 254
264 115
206 91
146 140
236 135
184 69
212 14
41 175
55 264
181 268
236 283
103 118
151 285
89 254
189 58
256 281
240 91
233 9
15 306
134 104
94 24
218 31
134 118
297 291
259 304
302 96
187 156
38 155
101 167
178 173
38 58
160 63
109 238
285 248
217 218
280 120
191 176
87 211
150 119
233 35
216 19
283 60
129 272
30 162
96 195
83 41
123 77
142 254
126 156
194 247
216 142
132 159
207 55
8 135
55 246
236 294
223 282
277 280
133 15
64 231
30 183
228 47
227 38
8 180
9 11
13 126
301 290
9 275
161 291
134 265
147 27
296 74
225 225
180 36
112 104
163 294
11 165
115 205
210 208
113 71
33 65
200 306
255 197
279 303
248 29
123 19
50 34
275 284
249 27
238 7
101 77
75 234
19 276
137 238
136 92
305 118
128 154
83 11
161 102
280 256
9 9
32 261
195 261
67 301
299 109
108 99
77 189
62 44
54 222
230 259
22 220
104 1
121 161
22 244
164 181
110 164
68 98
9 151
9 147
153 218
95 178
8 139
116 97
234 81
177 105
226 57
305 122
173 60
109 130
239 117
268 232
213 150
135 20
183 208
33 210
140 211
142 41
256 294
152 52
251 152
304 35
299 224
67 2
94 98
107 20
175 137
258 103
71 183
178 237
82 43
239 241
219 104
134 304
156 255
236 72
179 233
116 19
38 294
245 180
143 55
210 188
253 5
105 93
296 166
7 56
85 136
224 224
41 291
246 306
55 295
53 145
171 213
146 266
205 155
20 35
298 261
221 38
90 8
279 174
140 204
230 91
275 114
209 43
285 63
203 126
63 287
152 119
223 181
259 71
124 106
92 48
286 139
62 220
137 6
282 100
99 274
112 28
234 100
58 99
101 5
286 182
200 44
218 203
166 154
36 99
18 158
9 143
15 298
283 32
274 187
68 62
202 182
178 92
70 193
135 296
182 119
112 1
200 74
281 82
76 162
105 35
238 51
280 288
99 195
286 0
232 284
54 51
283 64
67 290
199 101
279 46
125 65
242 107
109 266
144 299
139 171
285 25
127 299
201 93
110 79
90 234
74 223
80 87
207 105
267 31
51 186
171 60
258 196
18 182
111 219
244 175
279 17
284 143
124 277
209 289
110 97
242 206
251 120
77 115
47 46
132 34
235 185
63 170
69 36
182 112
150 218
138 53
65 268
299 26
12 282
67 125
51 169
135 178
126 5
93 104
163 168
306 252
213 174
15 53
292 111
210 0
13 183
277 187
93 35
223 137
55 105
17 70
239 255
271 76
208 164
62 151
154 142
165 298
66 145
272 39
117 228
298 95
40 237
281 188
248 78
247 102
159 77
268 305
233 42
21 239
12 43
71 240
267 91
185 261
48 47
1 36
4 199
49 234
216 15
301 198
114 114
272 85
65 29
108 137
116 181
160 4
60 203
23 107
246 80
229 90
133 110
154 237
104 91
262 209
125 175
264 265
137 228
267 131
28 131
17 12
12 84
259 126
275 163
85 25
291 222
41 262
8 128
92 52
257 26
41 3
160 171
78 155
77 145
71 156
95 99
19 42
71 195
86 251
212 98
80 258
252 241
205 223
3 185
84 49
266 268
220 109
109 277
268 302
1 124
97 41
275 216
117 60
80 145
38 206
29 27
96 260
296 260
55 285
155 29
305 38
185 226
43 158
65 235
104 6
150 190
253 72
51 242
182 264
149 238
222 67
240 251
125 217
272 272
54 302
208 132
178 104
115 8
72 185
257 197
29 172
19 195
168 257
265 119
84 9
129 55
97 205
43 200
26 284
239 288
23 256
276 219
65 225
256 277
214 22
152 107
180 145
301 109
102 122
21 157
166 184
269 146
143 120
275 150
118 231
28 281
149 240
247 166
125 274
147 206
84 270
110 240
251 78
284 295
184 224
111 287
153 278
78 158
278 51
151 144
39 125
259 93
157 298
290 125
242 169
101 231
244 41
175 114
296 16
281 138
278 53
116 198
44 199
8 70
205 73
29 9
164 35
79 156
216 169
260 124
37 249
157 232
302 86
107 35
132 119
267 247
58 90
304 256
245 258
174 72
285 13
187 106
133 126
100 240
220 200
13 98
18 184
274 97
65 10
259 40
278 242
210 244
182 203
247 282
215 123
31 176
166 265
67 46
119 59
296 239
35 41
305 33
264 139
59 295
268 84
305 247
231 152
260 6
23 35
118 105
218 281
194 151
228 217
107 62
45 247
280 244
25 90
160 132
98 108
306 13
162 56
263 187
237 158
225 216
137 215
151 191
61 12
115 254
68 42
305 230
161 170
134 81
50 32
290 98
247 216
61 212
133 283
46 93
139 206
272 172
300 128
7 261
69 294
222 125
204 146
12 259
79 17
228 120
164 183
174 136
248 262
42 277
96 109
64 36
281 0
282 182
238 92
259 27
252 40
57 296
222 211
241 304
216 190
20 155
178 283
166 194
248 207
87 91
225 199
113 196
32 298
54 253
252 107
97 271
219 289
97 194
117 262
240 155
90 48
169 52
187 209
124 118
258 128
197 16
53 241
297 44
282 215
217 294
304 64
97 289
71 299
20 159
283 275
127 115
77 7
274 92
90 159
217 303
215 49
53 300
157 29
242 195
185 94
148 11
122 159
215 277
163 94
177 236
264 95
187 9
53 189
186 298
94 111
130 147
99 58
109 43
125 276
130 8
229 147
90 259
185 172
280 159
122 65
166 237
13 261
171 47
204 299
204 117
197 230
115 270
268 260
99 60
256 287
90 121
1 151
269 126
260 50
266 166
144 240
34 199
255 239
219 147
67 202
214 222
167 39
167 3
249 103
212 160
165 21
197 38
260 195
25 186
99 160
135 64
281 135
98 175
279 238
112 164
144 25
306 179
174 162
113 234
161 128
296 111
3 29
143 255
270 80
287 270
142 99
268 162
110 104
296 304
57 73
260 251
238 277
63 203
152 303
238 264
79 263
27 102
28 154
165 121
226 187
34 33
231 24
242 92
69 1
83 22
195 265
97 130
129 250
211 85
247 127
229 39
155 168
90 195
234 293
176 116
71 150
188 117
230 69
292 282
198 71
207 243
165 42
190 273
31 292
80 23
151 305
59 212
73 221
30 268
3 12
93 120
295 244
228 305
286 128
103 287
78 204
153 125
20 62
72 151
137 304
245 110
121 89
5 55
252 56
112 244
195 38
47 132
257 215
87 26
243 179
265 287
270 65
203 255
187 14
164 265
108 49
305 226
283 118
235 154
239 275
259 160
145 135
262 114
145 254
57 159
96 82
265 72
99 100
299 101
287 268
145 43
50 236
81 81
143 137
227 103
53 116
306 210
155 141
133 106
49 271
60 190
289 270
174 275
145 273
54 76
168 212
130 144
46 167
119 233
176 254
32 174
216 221
291 261
63 113
245 276
58 243
77 95
253 192
108 87
117 62
181 60
282 291
132 72
48 11
31 19
140 10
237 6
213 84
240 165
230 263
283 52
50 260
261 18
177 223
185 96
200 219
213 35
121 20
231 277
280 248
4 75
68 14
285 158
234 286
227 50
258 258
187 115
234 172
131 198
200 233
102 38
197 293
101 79
178 108
41 146
230 250
185 3
231 61
60 138
286 229
155 102
131 176
87 245
235 5
114 215
58 298
292 232
36 33
174 97
65 284
176 192
293 109
191 235
269 120
281 84
72 277
291 11
82 23
43 217
158 206
56 153
194 176
111 130
23 262
244 130
159 85
77 225
232 264
72 52
151 222
75 165
136 79
206 16
190 186
174 52
109 187
132 9
2 306
186 174
191 139
173 183
264 83
111 53
306 48
194 70
238 196
60 183
12 193
119 259
224 285
214 284
72 125
118 213
52 295
51 63
111 226
35 11
115 1
263 137
11 127
92 159
203 223
110 113
137 225
103 237
237 131
43 70
226 69
207 234
48 273
84 232
196 69
5 303
50 51
122 177
17 89
94 239
95 60
20 74
292 155
280 23
212 272
219 62
47 48
124 202
278 284
301 235
262 230
153 177
197 217
22 100
27 0
223 247
84 297
202 75
291 106
124 143
69 71
287 176
197 131
94 166
299 154
70 96
253 266
180 235
299 77
216 46
154 108
287 86
34 277
187 31
2 187
16 114
188 280
21 222
4 197
166 292
143 246
15 202
236 54
150 61
75 61
192 100
303 145
34 39
131 97
267 93
85 69
21 20
295 22
274 298
171 45
79 185
295 193
229 149
122 74
236 292
116 280
186 116
56 237
141 121
22 227
161 250
298 140
64 237
290 114
111 154
82 128
280 50
162 96
9 209
27 190
93 66
278 25
197 219
122 131
302 208
266 198
183 31
85 142
174 32
28 122
91 306
232 122
268 199
0 113
295 124
77 241
237 133
50 11
273 289
130 259
296 197
26 5
61 204
77 235
64 89
42 139
78 64
202 171
257 35
295 132
191 88
150 303
215 164
204 240
118 83
49 242
115 306
239 159
203 26
120 82
122 91
173 197
79 95
74 67
75 289
200 28
95 212
294 292
115 10
91 263
287 287
225 33
246 207
265 32
48 24
10 251
104 28
115 150
299 41
63 225
125 56
189 22
59 112
103 145
250 81
28 80
113 6
204 191
288 145
154 282
60 270
86 48
278 47
300 294
304 47
51 136
27 18
77 239
14 204
268 122
287 12
247 275
237 272
197 283
155 270
127 125
17 228
117 195
83 188
13 238
244 189
215 200
152 73
145 154
188 104
275 34
205 54
154 122
208 296
183 195
74 163
153 11
134 17
236 191
43 17
1 219
271 4
87 216
35 103
261 286
74 16
155 228
61 160
227 40
250 25
295 151
77 123
297 199
253 89
234 63
143 118
118 243
32 184
281 183
195 72
82 250
54 230
38 259
107 33
13 226
264 58
72 273
134 199
306 36
107 18
164 133
33 244
287 26
263 78
36 160
80 28
133 60
14 73
56 299
248 232
161 168
301 122
46 12
261 179
294 177
10 204
298 65
139 180
228 60
95 185
257 8
176 78
18 101
52 14
177 258
168 10
235 110
161 77
111 14
92 125
186 163
148 265
162 211
206 68
228 285
21 216
32 169
122 175
113 143
26 52
170 201
204 259
24 69
110 190
4 252
221 137
188 47
301 84
78 206
291 94
252 122
122 278
49 201
193 218
12 251
108 221
17 207
191 303
2 19
289 266
210 214
179 244
257 304
194 81
191 174
181 31
272 249
57 267
113 252
80 244
254 13
103 253
93 156
111 238
257 18
104 176
86 89
283 247
12 162
20 220
18 83
208 130
111 200
182 163
225 302
284 263
299 144
217 264
239 270
252 160
114 305
169 111
246 189
43 257
295 60
267 287
199 229
186 265
287 65
270 102
211 178
252 7
0 34
220 149
191 119
75 85
93 80
19 99
182 200
285 39
261 137
197 295
173 251
163 129
162 46
18 289
257 234
192 148
146 23
204 225
213 260
156 142
188 271
299 192
155 77
55 201
137 143
277 65
286 2
107 265
78 74
135 191
10 253
288 44
98 33
124 46
168 203
35 54
189 171
11 86
1 141
234 199
41 77
120 273
91 232
231 99
85 195
209 285
269 131
196 78
27 41
202 116
115 83
137 295
253 19
129 218
171 302
156 187
88 300
292 124
46 24
211 212
224 20
274 189
154 205
33 208
240 73
20 292
2 101
114 298
135 61
175 48
275 177
189 306
290 44
237 28
76 62
238 224
128 237
101 158
278 78
24 135
294 78
80 105
25 177
113 90
43 176
230 36
226 286
202 300
97 90
238 55
283 13
109 138
20 99
153 87
24 23
294 263
110 275
20 257
196 27
197 36
144 96
290 53
252 223
50 187
42 32
60 36
37 65
16 51
196 259
273 137
145 27
132 66
131 109
195 225
198 77
252 44
177 182
183 153
30 106
234 304
71 229
40 293
237 70
138 58
220 159
132 235
285 156
182 206
88 150
203 271
277 237
240 264
41 203
130 274
247 227
247 172
211 229
23 293
223 82
45 45
232 139
201 18
141 246
90 21
44 31
228 287
148 118
48 259
76 226
212 94
142 97
301 264
259 171
242 133
9 1
218 220
186 235
82 121
79 147
214 13
299 97
264 249
64 6
54 37
207 67
222 256
247 92
164 109
306 124
159 253
228 139
292 86
119 168
292 284
248 122
107 223
169 9
191 160
157 217
279 223
74 27
231 42
281 36
216 90
95 149
167 225
172 170
155 200
78 24
159 18
120 118
30 88
290 33
11 225
169 36
264 144
134 138
206 287
187 37
54 96
177 66
255 19
176 73
222 228
23 274
32 186
139 39
259 201
91 100
173 195
151 168
108 273
41 9
152 291
110 173
113 254
77 81
146 219
6 78
301 233
293 221
252 180
180 17
194 134
38 211
119 117
129 226
150 56
169 88
197 91
60 241
238 130
110 45
120 130
9 271
22 142
6 105
29 67
150 133
250 153
226 262
4 51
104 280
239 17
202 43
65 107
78 276
169 21
220 69
187 173
137 82
235 243
90 46
34 304
157 211
97 149
57 212
210 130
155 170
116 260
118 107
6 17
259 8
126 189
234 274
269 54
144 164
109 169
112 228
178 146
244 214
259 294
21 256
111 150
25 188
222 199
295 69
140 31
27 270
43 248
206 75
296 201
119 239
219 182
304 179
227 83
298 247
126 154
292 33
280 301
141 106
73 4
275 188
164 145
79 106
23 251
180 275
286 144
188 216
286 148
76 121
151 48
140 248
146 184
264 97
78 72
262 177
265 28
201 138
126 1
34 100
142 304
153 74
280 78
175 198
64 233
144 162
76 253
288 210
52 112
255 231
144 248
99 132
298 235
0 82
13 305
180 82
111 140
272 31
120 46
268 39
119 25
181 221
178 235
109 40
179 299
173 48
235 108
300 243
237 276
277 259
124 4
289 212
221 0
195 36
280 54
82 199
120 93
101 180
249 298
58 5
64 80
39 95
26 297
31 37
246 291
71 85
250 65
94 82
144 28
69 21
242 76
33 75
288 66
102 95
287 187
155 294
306 60
70 20
178 255
15 304
234 11
192 280
210 59
143 158
69 298
126 7
138 8
268 219
189 217
31 300
72 197
255 270
174 243
2 149
147 299
297 211
223 34
157 95
0 274
214 88
16 193
111 169
221 207
153 144
222 152
299 75
229 234
80 278
304 1
164 271
276 24
150 142
172 141
178 37
170 37
156 67
290 224
157 209
56 242
93 213
36 194
190 26
169 54
48 255
289 116
18 203
6 129
143 7
17 195
223 4
66 248
121 266
265 217
254 277
170 214
186 256
90 28
283 66
205 63
56 254
203 124
245 99
240 233
43 91
231 34
192 158
115 227
52 50
14 256
146 288
25 223
70 202
147 80
176 80
91 230
186 182
150 165
139 178
25 255
129 239
226 52
91 42
90 23
177 243
291 25
204 65
68 68
0 117
41 231
111 232
139 14
234 183
300 302
85 38
9 137
226 14
75 275
77 306
281 290
101 29
254 76
85 140
279 115
247 88
211 246
253 96
81 6
167 259
258 140
0 149
174 116
36 60
228 20
258 34
212 255
270 129
106 98
83 248
244 20
11 194
227 135
227 175
214 15
102 228
11 38
112 144
113 163
58 184
279 190
53 114
89 30
105 10
176 176
57 186
304 22
0 44
203 1
154 198
53 283
242 306
157 289
45 256
296 140
260 46
299 226
179 58
285 169
224 119
55 228
103 235
18 34
35 18
174 245
0 286
120 278
191 20
21 273
174 138
191 86
276 292
271 170
17 230
96 163
152 220
182 175
66 85
168 81
66 127
62 149
154 256
266 163
28 106
282 200
93 102
35 193
93 41
217 278
265 81
298 62
78 179
29 108
87 278
25 179
39 250
276 197
98 83
256 232
220 14
290 262
82 8
218 228
295 218
289 133
39 226
9 191
196 18
263 23
151 235
181 288
52 33
263 267
129 51
306 200
185 196
58 280
216 61
114 272
115 213
304 289
13 158
41 283
225 116
14 284
181 97
199 36
266 205
109 16
191 58
245 188
107 298
180 255
144 231
192 171
136 190
191 247
59 192
45 128
18 254
42 181
232 168
229 34
287 137
216 132
185 36
79 236
234 123
306 50
277 189
0 122
234 206
14 115
253 150
112 216
300 164
181 154
177 44
218 293
126 58
170 209
190 280
222 205
23 222
156 198
305 274
284 100
56 104
3 44
84 186
143 288
72 28
98 162
153 270
262 135
162 62
225 197
10 60
95 300
229 186
70 129
185 209
40 27
18 205
80 161
302 277
43 184
224 69
217 182
226 107
128 147
254 290
107 129
79 89
125 20
161 220
103 143
30 270
303 122
233 103
215 263
156 16
89 103
265 299
186 7
179 144
143 147
300 113
287 297
39 205
125 219
262 189
303 293
258 6
83 255
0 220
244 167
103 116
138 234
68 48
300 28
197 12
78 59
207 73
198 191
238 151
183 127
198 94
60 172
15 86
269 243
239 50
290 112
304 272
165 203
234 240
68 272
44 149
207 265
94 291
82 105
130 226
124 177
74 169
242 282
52 272
65 213
17 129
116 224
279 69
219 79
241 179
100 242
272 154
166 38
295 158
279 274
235 241
277 293
74 178
153 231
277 69
193 234
78 292
246 170
115 225
267 159
125 160
240 62
161 247
175 224
90 208
30 69
251 298
61 71
38 228
97 35
88 228
36 130
182 289
262 196
161 270
160 53
15 149
40 110
287 224
167 289
213 152
128 243
36 122
69 263
113 129
1 302
39 154
164 237
47 22
164 172
113 206
300 86
52 104
276 5
283 188
40 230
20 278
173 71
268 220
168 16
247 225
197 133
87 184
69 306
137 134
240 217
166 213
164 293
136 297
262 60
33 293
79 3
35 43
277 95
111 171
115 3
183 161
21 173
286 146
215 240
132 117
83 141
54 110
131 196
242 273
148 263
220 39
204 195
247 113
179 154
242 250
234 197
20 132
116 48
148 247
198 45
271 147
18 72
205 61
260 153
134 292
271 276
32 34
141 226
85 150
19 129
208 278
191 178
33 19
271 67
55 198
291 213
115 106
191 188
81 260
156 128
38 161
34 119
44 138
70 242
48 26
194 10
189 177
193 30
209 200
30 174
13 23
75 176
158 20
250 1
205 266
133 281
217 25
244 206
192 134
225 83
290 148
206 177
277 179
28 6
67 0
45 249
184 178
176 6
254 48
214 248
67 34
207 276
194 68
178 117
49 125
297 64
265 34
94 33
213 1
167 121
148 34
272 256
302 202
247 289
31 104
211 289
259 89
245 9
90 161
290 272
233 137
178 110
71 21
243 199
227 81
146 92
136 152
194 223
149 301
175 195
217 17
37 240
269 161
306 290
138 194
191 196
28 203
303 167
223 129
285 266
251 182
114 2
265 78
86 276
12 164
120 44
250 240
220 267
302 286
277 31
230 265
216 149
98 219
216 44
305 58
289 104
116 133
183 75
243 110
196 93
56 239
236 187
111 176
185 297
217 92
67 249
206 139
40 194
73 12
98 106
303 165
86 232
191 278
136 216
131 284
0 19
68 148
32 125
226 189
148 26
185 136
269 45
292 210
233 98
8 145
18 291
37 164
56 88
189 148
256 101
302 183
271 106
194 288
250 8
212 87
85 11
24 101
122 37
91 136
69 280
248 87
160 91
136 29
36 101
221 240
22 57
240 273
39 52
6 93
207 61
255 80
248 296
83 79
157 269
53 169
280 91
135 58
215 2
19 229
98 247
121 129
277 196
285 198
69 115
270 163
64 221
53 227
271 120
301 191
146 275
123 21
173 62
52 245
226 258
62 134
49 127
40 272
58 54
182 191
288 179
111 214
130 95
30 298
57 25
306 21
55 117
103 120
267 55
108 213
91 103
222 177
124 190
291 115
35 172
243 284
151 170
141 50
201 170
277 147
99 288
77 196
114 204
128 81
287 129
29 37
82 245
7 143
80 225
234 165
165 221
148 94
305 44
183 199
231 167
75 208
46 83
297 245
243 61
238 148
273 94
180 175
194 263
53 62
249 246
140 280
198 286
89 211
275 76
138 90
299 251
306 232
67 229
259 253
247 273
242 63
56 51
92 238
123 129
290 69
87 280
235 70
186 104
296 236
5 150
44 283
195 19
187 237
17 306
265 278
195 146
200 201
182 18
178 305
209 17
242 217
186 239
195 239
257 240
143 253
9 172
170 286
297 69
153 99
153 162
211 3
167 9
177 281
176 91
234 299
96 128
28 146
290 9
274 228
179 62
301 168
288 251
298 178
254 224
151 84
259 291
1 266
51 145
112 80
60 38
240 100
96 17
146 78
272 238
116 135
22 38
152 103
119 280
1 282
193 273
136 264
53 281
232 210
121 26
229 129
268 22
39 235
140 57
210 114
16 257
226 59
113 44
244 53
228 69
166 81
210 97
177 118
274 85
142 30
77 251
188 49
299 292
9 62
115 86
246 26
37 193
281 168
82 218
151 71
141 39
258 119
283 237
72 298
44 166
252 245
233 3
260 16
38 124
186 248
140 26
292 132
241 17
83 286
239 194
164 212
34 187
216 186
276 112
3 99
155 98
174 77
80 168
153 192
244 282
134 1
14 277
206 133
218 49
124 38
14 22
251 92
283 20
136 7
70 197
97 76
36 223
144 173
106 180
234 83
197 113
67 292
299 182
268 111
257 168
94 196
247 85
285 187
83 298
34 35
284 34
178 67
73 238
256 33
140 158
67 64
236 285
232 292
211 186
75 174
81 107
228 283
8 50
162 110
72 201
56 215
243 51
178 218
123 162
210 95
93 59
59 287
89 232
26 282
42 163
210 138
84 200
225 134
181 286
239 292
48 295
64 262
161 222
103 262
144 31
188 238
239 253
236 168
3 68
171 250
178 55
176 304
40 127
302 294
221 230
298 201
242 35
197 238
175 87
284 24
81 37
220 287
104 248
193 216
268 245
28 16
306 245
92 195
200 56
122 300
72 179
211 204
181 162
265 26
288 165
258 50
259 1
161 302
178 96
164 72
230 172
169 17
281 38
206 89
298 156
112 122
91 80
220 178
209 60
160 16
69 34
34 255
184 245
293 290
55 168
217 112
257 291
187 99
234 60
282 86
147 286
25 283
12 37
65 206
44 201
63 15
157 244
108 45
208 298
61 109
89 168
64 64
8 109
188 181
193 248
250 214
244 305
261 24
149 223
81 79
105 19
39 192
216 184
60 280
105 2
207 154
150 14
52 203
4 116
15 262
105 201
153 229
126 229
162 92
112 120
107 263
98 112
159 2
158 267
45 82
297 136
47 2
101 256
74 14
202 14
150 246
136 0
171 196
60 75
147 174
207 289
149 273
17 156
298 24
104 56
50 104
300 172
62 104
237 242
260 33
105 298
183 260
82 35
200 140
8 116
226 48
35 225
128 143
141 7
53 181
223 245
115 170
27 216
214 259
162 172
38 116
27 187
120 134
222 163
73 216
88 249
86 288
294 108
244 106
160 113
157 176
41 51
180 152
264 195
47 144
227 116
50 191
24 242
86 146
54 260
204 181
86 212
216 48
128 228
88 289
279 6
136 200
286 45
179 44
118 115
50 39
251 63
288 282
149 43
194 281
125 18
96 150
104 58
71 264
55 196
114 78
4 70
139 105
87 149
92 139
265 275
195 185
21 144
147 262
175 222
76 116
143 21
248 161
183 137
212 284
93 75
122 142
134 136
32 180
304 245
1 273
106 156
193 268
160 43
111 204
277 126
112 30
276 263
214 82
270 39
136 234
244 257
255 78
199 160
204 42
286 180
84 127
132 44
251 246
12 217
71 262
187 33
121 116
108 287
289 94
265 228
114 182
80 63
229 167
81 139
230 211
182 299
281 61
126 158
212 188
49 135
251 300
55 79
73 142
23 109
241 248
19 11
24 113
251 264
239 56
97 39
142 108
123 211
289 222
257 172
217 226
50 171
251 4
279 76
123 141
232 294
225 268
81 21
136 67
271 247
61 132
166 170
161 130
124 92
106 296
57 6
281 65
86 303
225 67
100 48
206 164
233 170
167 104
190 228
36 77
82 201
128 290
113 31
276 208
162 64
27 233
170 51
0 11
295 45
236 214
190 170
103 161
283 26
16 204
208 107
278 112
15 44
256 97
80 242
64 14
147 200
194 279
101 263
212 126
98 147
275 74
128 188
157 57
204 306
10 36
209 248
28 268
83 258
267 118
290 259
194 267
154 68
95 13
86 36
185 155
158 54
142 57
227 229
132 168
72 168
260 61
41 304
215 151
288 85
257 228
261 247
19 297
130 240
205 199
179 242
39 186
287 246
19 279
39 69
164 241
81 170
61 253
29 152
289 167
276 16
289 298
280 254
89 220
101 121
235 198
28 137
197 250
9 121
45 215
288 253
288 101
159 279
48 236
92 208
274 210
250 162
277 215
37 169
302 56
176 71
126 143
39 62
81 89
65 91
138 281
189 252
141 110
276 258
24 85
92 73
15 23
279 225
11 257
10 200
89 24
159 271
127 306
123 51
265 266
203 247
99 152
81 30
47 136
144 186
198 223
138 209
69 259
244 10
170 186
6 117
283 103
236 264
248 215
124 227
1 78
180 21
216 21
35 208
72 227
2 304
177 115
222 73
60 142
43 303
77 175
198 161
205 272
125 248
94 105
223 133
94 109
129 19
28 124
57 80
285 27
214 80
237 200
9 235
53 11
186 300
30 280
216 13
233 109
4 301
30 204
103 158
278 216
139 95
44 277
133 193
70 187
207 65
90 240
204 245
37 225
116 165
213 187
56 244
117 283
7 152
288 228
25 232
296 302
71 250
219 106
105 61
11 173
59 140
232 116
300 201
227 235
24 87
287 47
140 228
244 242
153 76
125 3
189 282
59 17
77 205
10 233
175 220
126 22
259 257
19 7
85 169
222 119
166 74
123 196
212 170
85 20
147 82
42 150
290 102
107 192
294 192
169 61
5 43
300 56
140 123
196 187
1 12
197 258
80 207
229 15
138 279
9 123
73 138
17 8
258 181
302 156
165 110
134 68
135 284
120 66
199 214
103 259
155 180
295 76
198 58
25 56
157 41
147 213
302 243
85 95
117 245
163 6
9 89
136 283
17 142
53 32
25 199
2 275
254 163
98 15
132 17
157 215
35 65
253 152
133 249
144 41
289 29
249 172
273 65
167 169
272 43
200 110
249 7
12 222
290 127
47 188
9 195
105 250
67 259
77 76
176 165
64 248
212 60
86 151
194 298
135 215
46 55
237 186
48 297
249 230
219 134
6 139
145 176
269 170
32 267
263 69
214 137
51 189
14 294
88 82
112 230
234 217
125 272
264 141
150 67
185 207
67 107
8 203
206 181
298 303
8 149
96 135
48 167
272 188
223 0
137 139
121 54
286 189
278 160
203 265
124 229
224 73
77 185
99 204
199 138
118 181
281 205
237 255
115 194
111 293
87 31
128 21
213 266
113 175
32 52
9 245
87 115
279 187
246 129
91 242
170 188
3 16
211 105
107 93
97 78
244 197
112 147
80 113
223 117
93 262
163 143
127 132
298 27
232 302
305 239
137 60
193 236
91 11
204 86
175 242
192 82
96 229
142 65
273 273
244 71
3 220
80 158
24 160
305 202
189 125
257 170
277 18
295 175
267 13
67 23
99 148
297 174
69 195
113 150
88 298
200 195
285 59
36 25
182 68
125 167
102 257
216 280
243 204
224 188
194 29
22 31
25 241
273 226
54 243
97 137
56 111
298 67
154 104
42 5
206 208
134 254
119 289
215 267
211 262
78 93
124 158
3 151
97 305
35 272
204 131
189 24
243 243
209 234
184 197
249 67
222 161
30 125
32 140
137 156
261 68
164 194
192 126
77 249
127 20
138 226
267 11
108 173
76 15
283 245
45 144
288 264
279 140
211 251
80 223
86 176
57 130
279 19
64 150
262 284
69 66
156 20
104 30
181 58
105 33
142 9
165 239
104 144
68 56
167 231
26 159
69 257
252 197
99 156
167 287
67 269
221 62
242 131
125 52
287 212
76 197
183 181
16 72
264 268
81 288
44 108
247 288
213 249
252 268
22 114
257 210
53 64
297 97
303 285
252 208
9 25
155 27
276 282
272 122
75 189
294 130
207 168
88 22
204 168
243 102
98 221
296 287
180 212
86 93
117 150
256 47
263 221
1 143
288 96
0 239
195 258
191 274
97 13
50 49
268 7
97 282
284 197
265 180
215 34
55 291
134 180
228 173
117 50
116 271
240 277
275 31
61 170
288 0
156 285
87 119
129 98
95 271
65 27
129 285
110 202
134 130
22 159
274 282
187 291
237 291
61 295
235 276
287 62
62 156
245 216
144 264
89 68
161 280
124 131
298 165
217 7
247 35
10 161
66 176
274 25
48 240
121 95
56 4
295 261
107 201
217 240
173 247
91 58
146 54
179 147
41 183
148 69
9 295
106 203
26 243
229 260
219 226
304 42
35 239
51 115
108 24
289 184
152 101
18 257
206 146
135 211
265 92
70 185
193 127
126 208
157 279
172 292
224 76
268 208
142 225
225 161
111 11
67 39
304 56
280 170
18 135
243 28
186 5
268 294
290 67
263 71
137 178
205 126
143 43
176 194
210 38
4 269
140 164
125 116
176 273
214 47
130 235
90 125
79 130
190 117
171 294
174 130
105 189
257 78
163 165
175 8
168 94
157 141
111 162
262 58
15 259
214 20
199 60
270 294
218 64
208 291
221 36
259 151
236 228
157 84
22 230
87 274
199 18
239 71
164 284
227 30
8 163
119 244
207 216
7 0
152 146
150 296
304 37
45 18
223 135
30 21
56 258
225 13
97 177
26 136
22 111
272 96
64 303
238 11
66 220
117 2
241 283
142 281
97 66
142 161
191 282
201 203
45 20
217 192
193 160
180 56
182 84
31 2
253 210
194 290
267 29
11 123
241 74
267 107
109 256
90 218
184 201
103 194
203 167
118 285
290 283
62 40
200 151
129 74
223 231
154 207
115 300
216 102
229 246
168 89
259 62
141 213
50 240
252 0
164 210
36 256
150 52
180 210
38 71
211 253
11 143
267 160
172 269
71 39
224 176
270 127
55 133
96 269
123 53
127 271
55 297
279 280
89 119
152 69
26 7
132 274
13 54
211 276
130 35
109 111
14 193
20 65
88 190
137 69
204 90
103 219
116 115
278 297
107 107
27 238
65 54
108 291
190 109
165 23
213 205
291 215
226 176
267 120
188 227
255 222
300 9
42 26
0 115
300 177
206 131
36 67
166 106
210 132
189 99
232 249
254 15
52 12
221 242
228 108
236 218
6 54
50 167
19 219
292 9
136 192
199 1
243 9
89 10
292 130
54 152
46 266
254 269
212 215
248 37
33 1
173 206
153 158
291 41
151 238
6 127
88 291
32 4
278 244
257 138
82 61
91 19
92 4
57 282
274 5
240 107
97 303
156 122
293 61
129 145
12 100
226 139
147 217
241 39
113 170
13 191
180 29
18 193
31 127
282 120
299 111
8 252
201 1
254 112
84 252
39 224
132 194
290 186
277 106
203 115
53 94
270 84
219 26
268 270
99 267
99 137
107 157
7 283
118 241
266 9
292 225
84 47
161 2
299 117
306 23
100 215
73 225
304 140
55 74
153 235
174 165
40 39
218 103
276 297
96 97
243 275
44 281
252 190
129 83
215 166
56 29
244 177
129 31
282 117
126 166
181 189
229 202
191 60
71 69
217 266
281 76
58 269
126 24
11 167
279 89
182 70
11 183
39 264
90 177
57 192
5 259
239 192
166 71
41 233
172 154
144 272
222 297
244 140
295 90
276 200
76 287
33 106
60 41
77 17
300 99
131 272
274 139
67 281
227 181
118 222
64 104
66 218
33 104
286 23
253 81
40 117
84 230
60 289
132 80
110 175
216 81
90 72
1 1
148 215
198 150
28 36
98 253
87 191
70 246
14 218
238 19
302 303
101 286
8 247
82 47
283 81
195 178
13 160
113 52
287 74
81 135
217 29
214 149
96 290
10 181
88 139
214 303
159 244
52 287
129 106
270 273
225 50
58 194
184 301
293 172
121 72
52 149
227 267
278 105
62 172
80 61
274 208
94 52
270 230
178 274
26 99
169 66
209 276
76 144
259 12
139 97
225 92
255 56
165 3
294 210
287 172
224 213
32 70
200 79
205 8
277 228
277 90
259 121
57 127
224 283
30 92
132 29
32 178
219 93
130 165
68 144
100 80
303 217
1 145
44 5
155 281
43 19
154 25
128 114
300 236
93 63
4 105
46 38
176 50
10 145
100 269
272 129
139 11
202 201
211 210
38 67
200 81
240 231
92 211
43 72
28 34
64 260
257 254
172 287
32 161
107 294
210 35
120 287
146 150
101 51
2 31
167 291
182 29
204 171
152 83
271 235
152 187
70 159
51 227
11 235
80 128
152 258
113 293
43 182
205 264
22 161
182 149
279 148
31 260
139 81
47 177
189 16
172 24
263 237
167 88
162 44
186 70
72 67
306 241
11 91
210 230
297 78
114 243
163 219
9 207
183 216
123 55
277 299
137 230
228 242
173 302
257 179
146 172
260 212
5 261
95 180
187 228
166 283
81 42
60 52
136 52
56 149
212 306
19 63
136 159
165 143
217 87
181 266
227 216
306 42
303 193
208 23
153 222
81 219
218 110
234 135
43 250
299 63
132 25
53 41
56 221
126 180
305 276
103 217
187 183
156 150
163 267
262 140
244 169
157 213
74 198
189 1
259 123
136 262
7 229
175 139
304 209
304 86
94 164
78 139
199 24
219 266
152 4
43 107
152 112
268 249
268 150
45 2
269 82
3 169
128 293
154 259
224 257
287 222
216 23
149 144
239 245
217 78
219 240
242 197
179 271
63 235
298 237
207 43
263 288
52 102
21 294
63 285
186 46
3 140
227 141
172 228
55 142
34 77
227 203
19 20
264 61
261 126
84 35
9 107
184 303
260 111
33 17
50 111
236 52
291 110
190 141
243 289
65 113
62 168
277 235
131 224
306 208
217 236
155 191
210 76
65 8
217 34
161 268
62 74
76 60
63 66
223 233
73 263
208 112
63 258
227 32
225 136
31 278
140 94
129 70
175 175
195 189
91 163
284 293
55 72
82 226
250 266
69 290
257 109
237 253
284 228
265 30
306 258
20 59
98 47
257 238
98 85
206 299
225 182
37 39
134 263
162 134
88 302
237 47
117 167
22 292
112 72
58 3
99 217
198 110
257 92
193 20
112 115
220 113
225 11
116 255
39 232
170 203
304 213
51 31
167 229
252 98
56 180
150 167
172 127
203 18
239 230
154 268
5 29
74 53
297 22
196 256
120 74
292 27
228 231
39 215
155 230
103 4
198 158
3 79
24 126
270 237
134 35
24 74
71 141
140 197
159 168
18 266
115 146
57 217
56 280
217 12
287 199
263 263
173 144
111 89
83 295
187 257
104 306
306 46
69 46
169 267
190 150
255 37
24 198
121 219
275 90
162 223
116 298
1 29
80 10
218 260
140 215
121 280
297 274
70 152
37 266
91 50
174 292
283 62
129 206
55 300
267 41
83 134
164 243
7 15
13 39
97 59
49 113
221 71
244 123
30 196
139 246
234 168
201 25
9 52
192 290
183 77
60 259
78 279
129 68
2 8
93 61
223 71
109 89
214 273
211 151
195 235
297 158
244 0
147 84
199 216
84 250
157 116
116 123
184 299
49 160
89 158
117 177
73 37
19 97
178 71
10 13
38 257
120 203
32 201
183 130
114 29
43 77
66 212
137 293
95 302
262 16
175 98
138 196
305 66
121 221
167 218
200 14
269 124
116 212
69 157
2 171
10 101
46 157
128 8
125 186
57 169
11 11
209 252
45 258
94 229
24 60
70 154
210 111
155 133
219 230
289 123
213 61
147 273
296 177
60 168
210 228
152 240
80 5
92 177
216 219
121 22
146 215
245 85
142 266
191 306
189 45
285 51
293 219
182 117
155 277
67 194
164 300
193 60
259 42
92 106
206 52
141 116
231 147
48 49
78 54
39 238
197 285
206 103
257 70
24 97
96 247
111 255
62 53
205 50
119 282
29 184
253 121
278 45
165 40
51 126
36 306
27 211
91 119
271 82
51 238
199 168
41 69
191 13
61 140
211 249
176 283
194 79
254 188
219 33
105 117
190 49
284 79
196 43
40 156
38 25
277 37
192 162
174 253
205 185
242 256
254 99
105 21
266 257
245 210
37 208
27 91
301 130
3 279
66 271
233 24
220 206
10 202
211 149
232 172
216 31
57 301
111 70
167 186
146 153
90 1
184 290
63 63
180 284
80 286
32 129
234 297
178 42
52 293
24 220
297 146
82 224
286 294
135 303
35 79
297 25
275 54
153 148
51 160
47 130
258 202
79 222
28 10
138 263
186 290
64 43
242 231
227 101
154 181
117 64
133 174
242 19
202 29
30 185
97 86
99 89
300 83
241 118
98 280
276 67
110 12
66 35
263 146
250 263
170 211
290 165
225 55
9 99
155 131
274 191
95 184
128 286
154 13
37 69
120 42
220 68
105 300
250 222
116 222
248 1
252 109
241 242
39 141
39 103
20 172
246 279
10 247
157 59
221 269
40 136
9 306
174 201
110 221
87 247
151 111
90 261
151 131
120 76
66 56
165 275
38 213
247 181
220 115
0 158
288 31
130 228
171 53
148 101
195 277
148 249
157 230
226 77
287 305
101 194
266 196
42 235
130 33
287 169
29 210
26 9
258 111
65 286
219 102
95 80
90 3
275 196
290 85
149 131
191 200
115 33
172 211
50 255
290 264
295 183
123 189
191 202
281 305
105 295
43 215
223 74
2 82
273 212
66 53
91 105
237 193
266 295
90 138
11 22
184 118
152 297
249 220
34 287
23 155
6 263
260 249
282 184
17 45
45 240
151 216
3 103
212 264
11 271
203 169
141 302
128 34
151 274
222 90
164 5
238 191
223 302
68 183
190 162
299 5
238 211
74 83
109 106
196 87
265 117
113 76
227 91
236 274
85 274
13 236
203 113
87 38
180 216
44 105
15 194
165 124
164 30
76 179
214 299
287 124
1 133
273 3
164 97
57 198
297 56
282 158
183 114
118 61
249 233
178 18
77 209
57 61
273 236
158 91
128 72
239 119
5 133
115 49
292 101
243 108
147 211
155 11
76 292
137 207
182 82
167 204
245 198
69 143
134 253
54 257
131 146
30 149
3 303
52 147
45 74
164 153
135 83
118 279
200 3
104 98
271 94
160 61
47 269
190 152
219 221
92 121
158 150
257 279
29 279
55 30
3 42
261 12
289 135
43 292
139 293
84 76
15 97
84 74
15 75
188 134
64 21
101 59
42 75
193 78
300 252
125 302
204 201
286 186
278 128
216 196
233 167
122 106
33 246
79 1
180 277
55 83
285 269
163 36
277 149
52 191
218 5
214 45
237 198
207 200
26 305
200 208
281 166
146 260
25 54
284 155
153 15
157 287
26 155
215 279
146 25
252 94
180 46
173 199
258 295
57 121
16 179
49 120
120 107
296 62
263 159
70 282
10 226
70 219
86 196
185 180
138 159
134 26
71 45
257 230
114 20
80 280
260 203
4 187
176 96
164 256
46 296
91 123
107 1
81 114
96 258
206 148
267 53
202 204
21 275
273 75
111 121
192 297
59 126
267 297
123 178
89 59
42 38
171 238
4 135
96 197
196 263
247 67
254 87
156 40
171 18
112 298
237 13
297 5
81 96
240 163
108 127
112 197
21 146
234 284
172 167
23 128
49 137
43 48
65 87
250 207
19 164
167 112
291 51
200 126
110 234
183 79
252 26
21 45
92 259
18 131
136 132
250 55
185 263
169 303
150 236
303 20
17 64
65 249
239 26
241 275
284 183
10 193
45 165
145 81
40 67
72 199
2 250
206 46
2 268
80 200
255 121
306 224
119 136
7 52
192 213
242 101
200 42
201 173
281 19
302 172
145 194
69 69
3 133
176 133
299 222
227 128
131 250
129 96
1 184
262 265
197 176
264 189
266 270
272 150
247 280
119 10
254 62
268 268
20 147
27 242
289 26
184 73
16 74
279 113
162 192
95 42
101 131
274 206
170 228
130 188
82 220
46 294
137 84
5 182
61 73
165 7
69 229
290 281
244 132
142 256
62 280
208 98
54 26
211 128
227 93
250 42
105 0
53 197
228 58
161 245
303 185
179 79
36 81
249 142
113 124
195 202
74 301
278 266
156 9
279 290
74 227
38 194
26 79
187 302
78 281
174 50
3 40
68 166
56 27
176 239
51 138
81 247
104 156
38 60
264 76
95 15
240 102
129 117
10 256
58 258
246 123
131 75
2 284
97 292
163 251
101 71
285 236
46 268
7 2
224 304
139 168
198 220
85 97
220 91
264 197
127 217
42 126
169 2
168 185
123 144
303 66
132 27
301 193
179 41
33 127
75 8
221 147
219 7
181 217
51 285
108 38
243 215
182 151
105 119
293 29
127 68
208 242
41 18
243 303
43 85
31 245
198 75
286 244
263 179
113 214
89 50
29 176
218 91
13 297
124 275
176 217
174 86
218 46
191 107
12 284
285 238
105 15
86 299
257 300
209 21
275 299
176 306
30 136
29 237
115 262
139 119
297 183
140 239
124 94
263 150
256 181
254 0
304 161
167 124
55 81
38 117
251 80
300 35
268 258
162 198
120 240
278 67
33 221
6 200
93 25
116 148
255 179
279 152
293 238
234 219
78 9
284 126
99 130
248 138
252 111
99 145
177 16
25 285
217 50
55 158
131 282
220 228
156 115
223 242
286 196
208 59
33 3
51 200
81 111
159 163
130 230
24 272
161 212
132 13
29 235
54 28
279 154
122 202
57 63
175 120
178 276
65 270
110 72
34 148
244 255
284 287
234 191
284 249
120 231
97 217
204 16
135 282
97 267
153 179
130 167
203 63
196 281
162 133
86 268
123 204
209 243
156 257
109 189
79 248
157 154
297 289
257 105
213 148
32 256
32 275
214 97
56 265
217 188
252 128
269 247
213 252
140 66
51 21
189 128
78 52
80 256
162 265
257 272
303 159
179 296
132 74
46 282
92 153
133 177
290 7
185 216
48 13
147 46
207 63
40 295
127 301
107 60
202 195
280 216
280 5
103 251
182 46
158 134
214 43
164 65
70 83
172 304
5 15
278 221
243 181
129 168
142 181
114 122
10 50
232 154
299 146
221 111
147 151
283 16
35 133
122 45
115 163
156 208
228 82
99 40
103 230
256 257
199 149
96 176
124 273
23 240
66 257
150 35
200 128
119 155
168 120
228 92
38 261
13 257
225 214
8 24
139 166
131 107
41 49
30 5
138 266
166 257
13 64
80 122
32 55
105 264
17 256
304 82
223 197
219 144
24 78
168 187
278 264
296 3
298 301
150 109
87 156
52 79
185 185
57 102
287 24
80 300
188 253
97 236
91 6
118 97
96 37
249 228
68 251
174 25
230 244
231 149
142 248
114 198
234 121
107 139
201 50
264 277
88 218
245 208
21 218
42 222
95 119
168 214
254 208
210 107
119 50
285 124
230 169
252 162
106 259
198 79
202 65
54 9
5 270
84 283
46 126
233 5
203 275
193 203
122 180
269 106
288 10
109 51
175 260
182 25
88 59
226 105
245 52
5 128
10 34
54 98
275 275
202 111
159 204
105 63
0 222
300 199
264 209
189 85
263 247
269 108
277 114
285 296
276 58
204 186
197 232
62 42
209 45
182 293
296 248
41 214
222 303
195 42
240 228
57 223
154 186
305 167
5 152
224 259
213 162
189 105
42 137
144 198
297 41
183 222
194 214
190 180
198 284
10 42
224 273
89 113
250 40
129 29
43 174
234 302
8 91
70 105
157 76
75 38
13 0
72 219
272 23
39 303
42 186
212 154
164 296
90 154
197 189
135 44
24 58
270 245
252 42
231 109
184 206
54 104
192 141
183 20
41 47
188 56
61 125
223 80
198 86
169 238
291 172
9 229
125 133
29 300
155 176
162 166
53 39
157 178
92 13
227 227
275 3
240 161
183 297
109 223
127 273
49 169
76 177
39 284
11 255
200 118
2 10
16 1
145 256
90 82
237 17
222 179
130 81
281 98
163 180
303 124
97 20
65 16
80 120
242 1
233 153
54 262
171 168
181 143
57 84
50 211
300 288
209 216
29 155
199 251
52 254
16 5
141 206
216 247
165 1
282 198
256 15
263 52
150 255
285 75
30 36
78 243
137 232
30 178
40 222
20 142
87 71
204 3
198 115
145 188
302 94
249 265
71 280
123 301
43 7
72 271
99 163
101 144
237 244
159 56
63 212
100 57
205 34
279 21
51 95
287 289
168 50
25 44
80 137
148 3
159 58
31 266
137 169
173 169
19 81
296 98
144 190
129 108
278 91
127 249
97 249
166 145
158 24
289 260
54 179
268 9
220 204
233 271
246 143
167 96
18 172
12 181
278 156
11 74
250 242
145 85
247 264
306 121
65 201
134 93
34 227
236 56
29 170
71 301
186 58
8 227
25 239
48 186
190 262
54 13
146 192
233 208
262 194
191 22
190 62
67 54
45 130
276 265
35 270
226 293
162 281
189 60
186 272
166 296
5 94
127 284
69 77
29 90
23 37
138 165
214 216
131 121
88 51
235 27
247 151
127 247
217 298
259 105
144 54
108 97
15 296
184 24
60 99
69 302
206 242
266 237
118 67
236 29
66 187
30 25
44 203
262 130
43 246
271 152
267 35
203 118
72 296
178 178
224 162
201 12
103 94
41 144
199 90
182 253
181 69
58 238
101 49
173 128
115 124
163 196
188 158
268 296
155 15
167 267
9 254
176 109
153 284
270 200
83 114
153 238
79 170
6 154
251 248
147 9
106 31
279 37
208 272
176 183
40 187
177 272
136 57
24 244
232 36
292 223
28 135
0 106
99 271
221 105
167 2
182 287
294 23
16 3
149 151
138 107
88 170
9 113
24 176
34 223
23 218
94 260
128 166
19 89
116 203
222 131
117 58
269 52
184 163
195 233
38 98
253 206
297 189
51 165
174 23
265 143
238 251
189 173
174 273
220 291
292 84
162 118
42 272
1 42
290 39
62 247
278 23
153 29
11 26
154 275
241 108
133 279
293 193
137 202
166 156
249 93
111 96
178 94
198 144
197 168
172 139
66 279
122 242
141 33
98 128
120 201
25 234
168 155
128 204
140 195
92 166
31 203
297 60
180 191
189 87
194 158
88 61
51 283
263 152
34 52
185 114
161 196
52 98
246 135
185 102
29 148
126 285
287 135
153 169
103 180
22 132
32 199
64 84
127 145
56 53
54 150
213 203
19 207
121 28
197 41
124 75
242 41
166 5
112 248
9 111
173 294
11 64
178 8
166 119
179 39
16 231
223 102
110 42
52 177
286 227
215 120
94 107
23 144
22 34
304 287
263 29
51 180
31 57
164 74
143 226
146 132
53 291
155 283
63 158
193 270
209 128
170 49
267 18
52 96
180 54
27 185
266 230
271 74
272 210
90 66
61 63
173 249
290 100
244 155
25 92
141 179
46 10
180 38
72 16
202 87
253 63
21 302
40 115
285 111
88 154
162 200
300 208
82 88
44 96
142 258
285 61
8 201
247 142
247 28
215 188
121 97
147 7
91 36
144 192
116 84
105 260
96 193
264 177
70 23
70 67
197 178
41 247
214 170
105 157
61 272
75 225
57 112
27 209
216 249
120 242
237 26
69 75
99 126
3 144
183 295
139 156
249 35
125 300
249 253
64 156
66 231
204 88
233 181
1 99
99 139
226 79
272 258
213 140
47 142
161 85
295 288
193 292
71 158
62 64
63 137
49 184
66 47
135 85
197 265
102 69
303 18
212 107
227 56
68 84
160 96
178 81
40 123
60 95
10 179
47 57
249 89
238 274
48 155
282 77
35 278
253 126
246 58
235 137
245 264
242 177
88 230
154 273
193 277
249 91
111 296
132 264
78 187
64 53
198 140
102 220
118 264
76 170
207 34
284 22
55 15
161 164
86 230
98 114
305 159
84 60
216 238
152 116
210 2
190 47
10 23
95 206
290 27
125 257
215 4
142 228
224 294
154 116
42 30
250 160
203 221
254 142
125 198
266 249
214 139
229 159
118 135
191 154
22 59
14 88
102 239
184 228
106 37
266 283
32 74
232 101
125 298
39 112
245 28
54 87
44 76
234 28
27 249
168 227
156 155
134 209
278 10
8 250
144 98
55 211
142 92
42 282
266 245
140 108
267 206
188 259
184 247
257 302
180 158
90 299
15 278
161 181
93 154
221 135
73 39
178 28
93 209
217 216
50 59
295 196
19 170
19 13
215 160
183 81
221 145
159 194
23 228
55 62
284 3
133 223
101 297
107 112
282 248
109 59
141 237
89 156
58 190
212 286
130 185
143 230
176 278
20 69
263 239
84 146
291 238
278 107
305 20
103 28
164 192
248 83
300 4
187 1
60 261
27 144
76 147
51 202
87 50
29 44
144 196
259 52
32 21
31 90
55 7
259 138
254 110
276 35
35 91
306 77
153 274
233 108
16 234
58 144
150 4
41 128
53 199
214 251
67 115
16 254
103 54
8 118
54 286
167 22
281 281
105 252
110 77
286 204
11 237
112 21
222 40
111 111
37 75
81 249
130 72
43 50
284 171
255 54
19 111
111 253
41 249
217 292
76 187
15 240
161 126
29 84
4 53
30 200
8 205
169 229
36 236
201 282
218 190
235 226
285 276
25 40
29 134
248 54
91 168
224 261
195 249
10 163
296 67
2 89
84 138
264 254
114 200
24 225
124 22
238 213
184 257
201 304
28 8
249 101
204 287
241 120
211 190
261 112
155 117
5 143
99 202
27 236
247 5
139 233
277 33
56 184
216 282
195 215
76 53
6 135
125 147
193 250
18 141
239 235
285 154
23 187
248 306
269 100
274 290
50 204
288 8
303 241
87 253
157 253
116 214
286 288
207 21
212 12
75 142
46 69
267 21
224 121
153 305
286 37
54 203
88 194
97 125
153 200
81 298
189 107
85 144
19 109
96 84
71 76
2 286
78 226
286 99
196 298
78 119
277 296
155 124
290 146
184 112
76 164
224 15
213 3
60 19
137 96
265 159
299 124
263 27
99 249
270 249
166 182
26 114
246 214
29 212
27 43
94 182
49 189
140 41
138 141
145 79
189 36
218 82
156 104
75 263
84 182
37 104
7 183
230 151
181 19
139 302
0 246
266 255
214 202
278 110
214 168
32 151
292 67
282 34
288 54
134 132
261 26
77 112
16 206
195 294
73 18
288 303
44 156
7 122
26 77
89 281
113 227
232 222
64 211
144 148
211 231
131 15
21 71
215 302
282 288
46 248
291 123
193 58
88 251
24 156
75 5
255 229
286 68
153 190
150 188
76 75
276 128
141 159
290 211
26 210
216 76
63 268
217 201
262 124
243 138
73 0
303 191
200 171
242 121
42 123
97 299
75 206
56 213
211 206
203 234
292 113
292 236
131 280
246 155
232 38
159 211
166 202
249 5
228 244
177 90
76 183
44 54
188 273
156 268
196 82
27 286
46 53
5 89
117 183
44 98
170 156
22 175
30 187
14 113
78 283
212 136
27 47
155 210
68 105
31 171
143 145
67 37
8 33
132 0
165 126
70 148
2 135
247 125
62 72
35 58
276 148
20 112
54 60
180 84
128 23
291 220
173 230
208 287
191 252
184 176
19 299
97 284
276 56
299 274
82 77
153 31
38 100
19 209
203 193
263 223
57 196
44 68
227 260
22 36
38 230
210 202
68 282
225 175
132 128
110 291
45 91
70 113
238 157
90 170
301 292
250 16
142 90
31 17
102 241
138 80
235 182
5 68
204 261
258 153
294 301
222 203
266 261
148 149
48 103
177 131
20 101
138 17
136 18
100 162
194 296
188 229
144 23
8 236
139 288
192 26
246 111
140 267
63 106
242 99
304 216
29 86
91 68
146 248
226 295
96 22
72 100
47 234
190 126
12 125
18 133
68 129
216 217
153 276
135 122
106 88
279 246
164 113
217 296
35 16
193 35
185 98
45 176
206 19
185 292
140 160
80 8
152 236
163 221
81 254
196 223
168 157
79 288
24 158
45 107
247 253
108 202
255 210
48 35
245 274
297 100
58 88
45 70
197 186
11 294
223 37
299 264
70 279
46 220
209 250
229 41
32 163
182 21
274 149
202 89
243 241
73 276
123 220
293 59
179 268
302 169
190 158
113 105
189 14
86 193
166 149
209 65
6 198
51 100
244 59
133 225
274 30
127 54
230 32
232 11
80 198
276 48
234 291
162 4
77 288
228 78
115 89
242 263
41 154
301 88
1 248
224 160
177 107
34 179
69 177
202 251
276 92
270 133
291 234
208 202
259 18
172 26
264 70
193 197
107 67
182 156
10 281
252 124
249 184
233 40
138 239
99 282
62 37
301 154
65 259
7 181
266 259
21 229
259 214
260 48
126 123
267 222
205 193
157 105
280 133
117 169
285 254
96 47
39 262
229 300
168 210
112 152
248 278
162 272
134 66
132 42
217 194
232 69
121 144
160 57
268 164
0 79
18 180
32 172
7 89
303 39
101 119
176 130
70 98
272 186
301 145
146 155
49 269
100 228
2 128
26 130
120 153
229 215
44 27
20 290
240 256
111 43
287 201
150 80
240 76
99 98
62 13
167 301
198 187
252 65
50 36
237 226
233 79
245 50
171 152
231 207
127 117
256 165
275 136
165 36
29 18
44 93
92 86
31 27
232 273
225 37
49 182
120 294
197 261
89 74
108 91
28 61
98 273
25 250
192 136
17 98
264 295
275 214
260 188
290 233
107 204
114 148
167 64
200 124
119 166
124 200
153 171
258 130
39 38
10 71
200 158
116 99
18 87
182 196
61 174
189 54
156 292
278 282
199 92
254 305
221 183
296 24
162 213
167 62
130 28
246 86
248 170
190 304
97 274
278 57
236 225
277 274
238 90
78 62
215 300
204 119
19 157
202 41
118 203
41 20
72 14
163 298
88 179
192 48
234 90
263 81
278 272
215 63
137 122
143 5
207 218
1 90
305 228
138 123
197 142
84 272
302 200
201 250
34 285
272 148
119 109
229 119
109 68
195 160
290 96
76 93
123 299
101 217
102 57
200 26
155 279
50 23
29 57
150 248
255 173
236 82
20 30
114 256
7 173
273 275
96 147
15 117
225 227
38 135
38 77
172 51
201 127
26 48
161 194
58 52
158 44
7 208
224 2
298 167
29 233
187 135
268 234
138 152
19 113
61 239
174 79
163 239
277 193
140 225
202 16
84 120
122 274
133 103
117 0
261 160
151 224
39 143
206 183
232 28
252 225
63 108
121 259
203 40
302 73
94 237
143 34
255 279
177 297
62 113
10 125
258 236
55 131
23 249
241 306
279 299
11 99
195 237
246 165
142 264
89 12
174 262
204 184
263 25
134 43
200 116
12 73
267 33
305 181
18 21
104 32
50 102
162 35
40 5
202 3
46 0
241 135
201 91
202 232
161 162
47 238
156 296
84 98
184 22
27 240
294 16
172 185
173 34
154 106
22 76
128 186
48 59
170 154
150 82
155 178
77 173
253 79
304 183
181 138
297 227
228 233
248 224
246 133
106 274
239 243
144 139
164 107
139 122
7 36
42 109
157 291
119 246
149 304
131 247
0 101
143 124
92 110
255 35
296 46
210 271
241 285
267 177
275 218
160 111
148 132
155 221
2 14
266 235
82 98
20 265
306 256
9 293
124 238
217 101
42 190
119 63
229 50
52 298
279 212
301 166
13 166
170 96
71 127
1 232
32 188
185 153
61 97
39 221
301 241
209 280
157 134
78 177
160 249
221 233
228 248
9 48
278 199
212 36
11 113
273 170
160 47
53 131
277 218
134 201
0 250
222 150
140 89
59 296
276 236
136 136
186 72
248 144
140 77
227 201
109 289
246 54
145 21
24 196
39 134
294 156
100 146
55 170
112 306
238 293
49 238
217 117
202 159
43 220
95 306
89 70
166 180
138 78
204 75
156 62
269 66
253 17
100 96
74 129
140 91
166 227
8 234
37 62
127 71
238 53
14 264
11 24
277 151
214 175
249 252
196 67
168 269
202 140
8 54
110 87
233 298
61 144
4 171
181 244
172 200
79 224
128 241
141 80
21 206
147 111
266 285
125 237
101 230
192 305
144 150
264 67
116 87
118 99
279 214
267 179
215 275
120 142
91 75
163 120
125 54
258 107
188 245
139 103
206 272
16 181
282 133
126 246
52 256
250 250
215 86
280 208
217 134
144 259
154 146
240 151
11 218
282 169
144 33
219 35
26 268
140 241
266 96
268 196
300 286
256 110
53 159
141 119
106 11
235 41
150 72
226 120
253 135
127 220
290 150
205 301
186 125
0 306
30 202
116 243
44 294
289 86
107 277
147 43
55 181
76 261
12 219
304 200
159 246
167 109
169 23
190 253
215 84
140 64
112 172
46 189
158 281
20 33
217 144
125 149
108 240
204 148
252 194
47 127
80 35
204 208
256 306
18 4
225 158
96 182
144 289
239 286
174 126
142 76
191 172
99 206
171 267
110 21
285 240
284 77
62 259
118 81
278 219
231 40
95 236
247 7
289 46
119 94
119 23
232 63
298 293
240 196
159 269
286 107
106 17
184 255
66 31
16 277
171 63
224 57
276 26
189 34
119 266
232 44
149 49
280 198
226 280
261 228
227 178
181 23
69 3
135 256
281 236
206 156
87 10
163 115
283 279
244 57
94 207
253 172
52 243
66 14
25 270
223 305
254 97
249 131
215 261
88 177
179 98
120 164
184 183
276 50
68 201
73 29
222 244
161 289
87 137
205 189
71 169
286 142
218 201
191 84
128 6
41 71
16 275
235 166
174 134
270 172
241 289
222 258
48 37
262 148
81 295
216 162
9 37
302 58
0 224
278 49
114 295
163 3
77 110
215 304
158 47
15 9
304 211
8 281
98 154
36 254
34 253
152 24
193 205
165 146
145 230
51 134
265 207
99 76
200 223
274 264
251 131
223 300
142 238
41 270
282 207
293 69
63 12
259 91
241 297
246 300
278 16
52 61
41 264
149 70
239 132
132 166
40 213
273 163
305 76
173 241
127 257
118 48
87 29
82 241
214 220
168 83
288 170
6 228
81 217
127 56
58 214
193 211
96 106
95 26
228 209
117 281
192 11
217 122
50 257
78 128
69 117
191 270
278 301
283 83
237 31
153 216
208 47
105 115
186 246
10 284
54 67
241 244
165 168
138 200
138 149
234 189
169 287
168 100
89 246
145 174
98 290
270 122
111 289
277 139
101 61
299 290
101 53
157 132
222 121
229 117
277 223
140 193
75 17
110 229
247 90
62 183
222 209
83 169
34 290
218 14
244 136
61 26
30 164
21 296
180 96
4 77
94 48
136 305
27 303
146 264
92 1
7 150
199 142
132 7
231 117
164 119
125 225
205 289
87 214
154 101
54 148
29 261
10 189
21 128
4 92
239 48
254 55
136 236
145 211
239 74
190 135
192 295
283 98
82 279
267 300
244 134
283 85
234 244
108 12
82 276
216 79
218 115
159 288
70 14
9 178
182 210
167 188
119 12
137 94
144 89
73 6
171 300
49 2
132 242
112 174
119 262
37 162
137 44
136 81
60 210
64 175
284 181
164 57
185 222
238 217
132 200
10 115
214 218
304 49
266 239
140 37
56 151
218 180
297 131
57 110
189 302
173 44
90 140
234 221
226 223
298 288
168 285
183 155
141 223
94 17
66 81
270 10
93 43
141 252
201 193
176 126
234 187
0 9
53 162
113 161
92 164
259 179
217 27
152 189
83 20
113 19
236 106
36 120
304 277
261 70
74 285
163 26
285 53
167 41
70 295
225 118
295 269
52 77
298 142
224 78
267 228
193 147
50 272
137 46
124 292
176 29
205 276
54 144
242 94
109 171
109 34
148 153
230 38
103 188
135 134
188 127
205 66
28 100
121 13
300 262
34 306
194 125
263 228
241 287
24 131
149 57
279 150
223 226
67 146
268 236
275 65
132 187
103 285
62 210
134 158
213 275
145 300
124 7
290 209
273 32
39 248
260 277
191 128
174 193
264 161
145 246
161 205
120 252
203 273
238 228
39 40
100 182
265 262
56 302
294 62
204 297
282 256
8 17
5 103
58 241
211 257
48 53
175 118
138 15
119 128
102 265
68 219
114 0
154 159
240 11
99 298
242 73
165 230
89 84
268 128
143 110
193 265
256 99
113 145
115 296
278 197
88 111
37 238
66 237
36 93
1 252
139 202
251 192
297 110
254 144
88 209
132 31
112 113
242 10
139 237
89 252
191 211
12 102
86 189
263 142
206 48
293 300
176 135
88 207
8 199
130 195
187 97
134 8
64 168
101 184
244 291
92 62
168 122
36 63
174 167
100 221
176 279
149 83
36 50
118 127
35 105
179 189
225 81
162 98
292 151
189 247
1 23
162 284
102 255
215 128
84 93
105 247
247 3
160 192
276 96
217 33
36 241
36 277
172 271
6 234
262 161
71 305
9 153
75 196
261 187
23 31
17 85
158 16
272 57
289 168
244 263
50 155
252 82
221 101
258 60
191 204
124 1
295 226
296 275
30 236
277 174
65 174
34 63
75 259
218 132
165 151
231 209
58 123
205 221
197 59
152 85
283 159
73 136
108 175
119 27
19 44
6 281
53 29
17 178
170 299
175 146
293 126
146 134
290 144
55 85
24 133
100 248
69 85
36 118
259 255
290 236
259 169
88 276
200 252
205 1
23 174
138 191
67 44
257 89
66 233
27 199
69 150
121 10
279 210
67 204
114 4
241 132
271 78
197 205
218 16
44 221
253 204
98 135
97 192
240 93
269 286
283 205
200 221
56 144
255 88
33 171
255 17
172 130
93 231
89 57
151 50
281 214
248 174
67 143
54 279
302 245
19 256
185 80
136 281
277 52
19 173
31 53
59 97
163 127
30 16
91 134
17 10
41 216
239 226
304 291
180 156
22 69
279 9
217 63
149 217
184 150
86 199
46 305
198 100
88 121
35 170
87 95
127 259
246 262
92 161
35 221
233 62
65 0
199 218
292 192
292 149
285 204
17 82
170 158
175 89
86 249
245 138
226 137
129 115
92 27
182 194
164 63
203 49
53 100
301 8
13 45
23 295
288 272
25 296
270 43
288 68
166 152
92 261
252 62
122 252
29 40
175 61
177 128
202 125
185 1
222 64
136 150
191 250
94 211
302 82
104 37
240 157
45 275
48 56
250 224
187 35
293 227
218 80
94 259
295 139
4 101
248 41
281 21
21 12
101 288
2 301
44 84
110 23
20 227
103 8
303 275
122 200
168 201
238 107
260 170
45 142
79 238
105 178
292 263
276 110
188 255
181 62
155 75
125 67
126 152
164 55
198 88
96 238
293 261
112 236
35 168
134 28
228 49
294 260
61 202
12 227
0 230
201 231
204 257
108 61
165 219
78 197
281 303
292 107
218 142
203 61
63 10
136 209
236 58
217 152
264 238
71 238
12 189
41 119
140 278
193 173
11 305
205 14
246 168
75 236
260 285
48 51
206 106
10 279
33 291
179 48
225 35
17 43
173 221
302 262
6 202
256 107
238 5
136 138
183 51
186 157
183 285
76 83
192 50
164 167
215 51
219 28
196 80
26 157
21 300
234 139
216 198
209 246
234 242
126 121
85 13
60 243
254 102
212 274
195 217
239 54
193 80
45 251
19 70
298 3
47 121
95 35
70 251
113 296
71 18
152 256
257 121
269 288
129 248
44 274
281 246
133 285
278 255
184 100
241 61
123 218
176 27
269 250
298 249
146 258
59 132
229 30
225 180
60 28
70 248
178 46
134 306
299 54
232 124
149 298
190 56
85 148
154 188
129 85
242 59
55 161
99 188
306 160
298 99
66 79
222 2
306 162
180 164
8 87
214 147
300 58
152 109
120 159
123 173
39 219
273 217
281 51
101 235
92 240
91 84
145 157
201 248
1 279
103 264
8 273
31 289
1 221
86 301
73 71
53 80
277 290
297 144
88 72
102 6
180 300
280 272
100 39
116 82
130 30
289 106
107 89
300 95
298 176
257 200
19 168
127 64
134 160
155 38
3 166
258 293
5 290
114 165
250 79
101 222
78 15
109 70
276 46
82 297
102 156
258 306
202 253
199 132
142 271
271 131
103 36
248 213
34 102
39 48
77 171
216 65
239 52
286 252
56 109
227 18
146 204
48 213
63 27
47 298
40 164
212 176
299 132
182 211
5 91
195 59
107 289
77 157
101 47
89 123
40 37
35 197
160 281
62 241
22 148
227 16
260 130
172 202
196 291
48 0
195 31
112 42
92 98
254 288
217 52
286 126
251 206
147 177
85 184
122 93
247 211
154 127
278 288
1 200
214 132
184 71
67 76
149 203
64 82
288 39
281 279
163 248
140 79
238 94
226 20
219 111
195 153
238 15
64 172
224 131
241 246
197 203
206 179
220 1
78 28
254 190
152 13
254 108
74 117
247 234
275 273
0 264
291 29
46 36
250 144
148 205
89 166
191 36
1 80
122 254
189 115
114 152
202 306
123 255
280 157
141 102
52 179
41 185
282 22
117 95
73 239
257 274
248 26
286 171
241 271
82 243
191 272
24 99
267 44
293 190
273 83
52 187
120 261
243 100
38 159
154 296
46 26
130 204
79 304
304 157
275 83
249 284
277 77
296 246
133 70
45 94
248 168
159 169
119 65
274 271
304 169
141 125
208 54
287 109
45 292
39 157
301 75
290 108
53 66
276 190
72 275
204 243
160 45
40 260
101 207
196 191
53 48
269 20
10 273
256 259
200 16
140 162
125 255
240 130
123 160
12 115
76 73
205 32
80 265
28 302
145 287
28 22
137 171
221 55
82 222
53 201
231 170
228 106
8 22
152 233
63 8
248 129
303 84
157 39
183 192
61 111
154 292
73 217
153 160
270 104
109 10
8 279
41 25
287 60
110 236
218 291
288 147
253 148
32 182
196 57
114 223
304 40
18 6
276 108
111 51
175 240
41 274
248 255
74 51
279 138
95 76
50 78
22 272
288 99
296 66
155 215
178 257
82 256
2 198
237 110
211 34
236 184
177 10
198 193
33 273
52 259
123 147
4 305
39 23
172 96
82 10
296 300
1 257
92 21
85 114
210 273
297 168
261 8
182 255
7 137
78 91
298 305
301 65
139 304
97 203
2 50
246 182
283 199
302 64
216 259
232 300
134 37
170 82
121 109
191 24
65 203
109 140
36 135
247 100
268 229
144 257
166 285
228 21
289 163
96 24
95 204
25 42
201 27
196 71
109 108
225 300
29 193
252 250
125 306
181 48
77 207
82 300
296 130
178 175
99 68
212 96
20 162
102 55
249 248
278 208
218 224
184 116
184 263
47 256
150 292
280 116
157 189
92 45
111 106
58 119
152 295
201 114
184 129
195 231
123 90
78 234
110 213
163 174
226 282
117 197
13 263
64 34
180 25
255 171
4 31
220 259
82 113
75 137
229 102
75 81
178 106
93 140
180 263
261 211
245 125
30 123
28 69
165 76
305 285
257 87
270 148
122 76
271 162
127 66
8 193
271 274
181 298
236 124
259 210
78 199
117 259
68 127
101 67
260 168
221 66
280 291
108 113
85 72
99 78
104 232
228 258
43 204
154 23
112 294
220 180
106 248
2 116
13 75
203 158
223 65
264 286
91 70
298 16
167 18
54 53
305 18
287 41
73 274
5 279
211 1
108 275
261 150
207 251
148 134
181 40
75 217
9 249
86 138
157 99
48 222
40 148
79 7
249 31
54 78
190 100
269 41
43 83
151 65
201 210
202 224
167 36
202 264
208 19
87 180
84 223
98 196
200 76
42 117
118 46
0 202
49 22
124 58
88 212
176 219
51 270
62 261
236 212
7 271
32 149
79 306
230 248
100 219
231 97
157 50
134 128
256 49
131 70
267 217
132 244
223 269
92 229
136 180
64 39
130 242
57 108
42 93
168 48
21 108
12 62
251 6
281 118
151 63
190 12
108 22
263 275
196 296
227 61
166 63
71 103
153 50
245 237
216 130
167 239
164 282
29 20
98 269
5 186
26 132
125 145
136 155
268 98
130 290
231 16
189 39
79 30
144 156
292 230
95 304
212 258
196 267
242 156
174 27
61 286
155 144
22 102
238 72
20 267
178 6
218 222
154 157
201 112
38 163
173 46
17 118
66 89
54 293
191 15
29 191
97 179
73 233
264 256
146 232
260 128
61 51
296 216
204 52
76 129
260 172
0 49
258 48
210 278
130 190
220 47
212 100
206 201
73 69
14 84
301 124
25 46
282 1
221 289
10 129
222 159
31 39
300 276
295 290
177 174
275 194
192 28
189 20
34 220
115 177
163 125
39 114
144 93
188 109
56 86
4 17
62 139
117 137
162 28
265 247
84 285
149 54
68 32
6 172
43 4
229 267
261 152
52 261
145 123
288 131
215 17
38 64
118 260
107 188
135 294
252 243
153 118
103 178
185 15
196 248
53 296
90 44
179 60
203 203
80 163
101 160
278 257
160 134
261 139
78 160
231 26
62 99
278 55
56 100
65 38
231 103
254 181
10 21
94 205
16 116
69 300
143 188
199 231
288 185
37 97
133 62
243 187
242 143
265 223
212 73
144 184
204 140
106 91
133 198
27 45
282 15
65 301
175 200
34 181
120 105
5 207
26 59
207 166
61 185
149 306
41 220
201 272
140 235
165 294
178 69
246 131
158 286
247 163
237 270
203 206
16 132
40 162
92 82
212 138
60 134
160 93
10 259
236 84
53 16
193 199
239 290
132 189
142 32
20 114
227 246
45 136
69 250
184 174
97 99
130 261
26 101
96 33
248 222
273 53
107 15
248 81
121 78
258 277
138 51
255 286
145 83
198 43
114 88
97 201
274 57
254 195
303 181
162 112
268 240
33 225
126 187
204 232
74 144
0 284
119 195
282 156
83 37
93 0
44 140
136 213
3 6
97 88
124 64
191 98
59 62
285 246
159 83
166 98
199 282
83 136
232 191
123 44
42 293
129 283
269 11
133 64
256 201
58 168
21 298
259 275
174 140
177 40
150 294
235 270
35 1
297 138
185 143
237 74
165 267
104 159
22 78
99 91
41 192
154 9
192 152
253 36
93 50
234 228
266 221
245 289
86 178
156 206
296 156
277 177
145 202
201 161
200 72
246 173
260 10
119 229
157 97
69 16
281 141
43 119
234 295
79 241
