153 132
73 234
206 191
298 76
194 294
151 282
261 161
236 180
170 37
40 228
37 22
87 74
274 214
0 239
247 159
193 12
226 215
243 141
45 17
197 15
251 123
70 260
53 115
31 88
274 177
114 70
152 250
168 62
110 152
178 79
7 171
75 114
130 19
130 196
221 166
24 114
270 45
143 122
178 305
157 290
297 43
294 85
124 255
193 175
188 133
258 25
175 107
136 138
203 277
58 31
175 217
52 285
197 96
234 61
194 99
166 109
196 102
300 168
85 199
18 90
13 44
64 6
303 213
175 258
300 275
204 172
161 74
235 102
94 100
116 258
163 170
167 21
170 139
26 135
181 128
265 279
3 113
267 127
266 302
42 11
162 116
245 72
16 21
254 301
246 261
23 254
48 124
26 79
223 123
110 110
287 13
87 187
205 120
39 237
246 40
298 44
240 193
268 100
176 127
24 222
186 128
212 113
126 188
85 109
113 51
72 127
76 173
161 15
256 188
246 278
77 160
77 111
282 238
170 185
173 49
247 282
101 163
304 34
235 190
100 154
203 288
237 155
181 291
29 188
50 177
289 167
115 260
209 213
56 221
97 250
213 85
256 122
103 35
38 133
273 74
0 216
55 298
137 7
14 223
77 265
228 257
217 89
196 238
135 123
18 33
205 234
306 65
150 257
87 283
13 294
283 203
125 50
256 89
305 74
6 184
81 303
285 267
125 44
4 174
136 27
180 269
124 295
55 125
12 249
122 208
195 128
138 213
289 0
27 299
59 41
288 292
88 23
264 11
157 189
87 181
290 232
223 224
67 82
139 126
59 196
114 19
242 36
299 139
228 23
181 262
69 155
240 138
299 271
66 253
227 2
185 53
12 95
50 66
105 286
264 219
285 55
163 204
90 155
274 59
176 131
180 143
140 13
71 306
252 72
12 66
141 157
228 161
169 98
48 3
43 72
128 168
240 8
259 68
304 73
122 68
86 269
229 114
68 283
197 26
89 299
10 88
248 153
198 297
221 247
292 31
291 131
97 22
202 207
304 75
230 23
297 263
99 192
116 282
43 148
158 152
28 49
6 77
20 204
244 187
273 137
259 109
75 145
250 301
155 113
151 142
130 95
202 249
134 303
113 90
162 184
150 169
136 175
89 94
0 75
147 92
41 85
225 296
188 9
206 194
149 109
10 229
298 130
294 174
57 82
209 95
267 265
165 163
220 35
61 172
206 274
94 128
39 284
113 232
125 171
121 264
23 76
67 62
247 102
284 306
98 231
254 182
16 84
8 14
94 11
188 4
87 27
168 27
286 53
70 226
219 262
209 153
35 42
287 140
86 297
109 20
45 22
171 136
160 20
57 188
18 108
91 157
9 110
38 298
177 282
221 282
202 156
210 109
152 86
223 55
259 304
181 193
28 196
8 130
235 149
214 301
80 289
88 105
235 210
94 126
226 246
112 31
40 95
149 6
53 86
114 45
177 32
55 225
22 9
16 6
281 78
226 298
273 116
2 218
191 218
206 297
250 128
115 246
56 143
297 154
303 274
99 190
73 301
34 129
158 160
61 269
253 223
158 4
86 153
54 121
296 298
122 177
123 209
22 146
306 306
220 202
267 43
64 238
29 306
204 252
121 132
108 13
266 225
273 114
241 231
115 60
289 303
264 246
32 208
147 21
115 248
70 69
230 103
78 163
282 101
125 116
149 46
106 145
72 222
226 68
72 1
255 152
267 108
44 54
265 177
296 224
41 301
22 61
130 304
206 75
86 92
157 217
300 189
178 191
304 215
224 284
80 221
22 64
259 211
12 1
219 267
105 191
9 131
161 13
63 248
195 12
197 73
130 302
2 182
210 211
101 84
20 124
223 183
87 76
140 52
70 228
60 4
167 271
26 196
301 54
205 171
112 201
22 168
34 286
82 163
253 39
188 98
257 190
151 112
196 54
256 195
231 89
83 171
16 80
1 52
48 178
260 53
242 139
264 211
116 167
55 129
182 244
253 133
245 127
55 102
186 245
133 133
265 240
228 262
62 106
154 190
152 117
15 161
187 112
110 14
46 214
216 50
282 253
110 82
55 217
140 282
200 94
40 77
3 90
176 257
288 109
63 222
190 197
23 239
275 94
232 27
227 188
183 99
182 237
161 297
260 47
126 85
284 143
121 285
51 164
28 56
0 24
105 262
71 141
279 79
263 81
157 53
144 177
90 254
144 185
223 205
255 150
43 16
65 166
123 260
128 268
251 153
37 74
271 251
157 156
122 108
288 126
278 235
96 208
144 93
154 124
52 41
116 8
261 275
122 198
133 108
249 30
255 85
257 54
76 264
164 273
143 102
289 263
93 272
31 57
41 93
105 258
171 168
296 20
93 270
161 223
138 268
73 98
261 277
284 97
164 134
259 55
243 274
150 2
128 157
301 170
100 86
275 225
87 11
253 130
41 7
278 154
59 85
159 213
165 106
289 170
86 49
242 252
251 178
42 144
237 48
35 165
103 188
17 133
127 66
150 111
63 28
242 153
60 6
153 220
72 179
19 45
79 239
215 88
244 254
200 112
197 281
129 289
262 249
127 49
153 43
254 73
295 21
151 17
158 95
214 261
264 302
158 103
102 279
30 293
54 256
274 141
189 45
201 287
234 272
243 38
186 15
225 54
217 276
222 261
19 73
83 138
1 39
287 11
85 282
253 35
111 23
114 29
276 260
157 251
147 205
215 153
71 103
8 153
204 19
295 188
221 164
152 121
121 271
270 12
300 250
254 178
286 0
103 97
260 28
128 57
143 96
276 159
200 114
62 252
141 181
131 306
173 297
53 134
90 112
172 184
149 218
165 259
148 60
205 205
288 39
285 124
143 106
182 199
179 130
18 106
104 289
133 121
1 271
296 190
213 178
27 25
166 270
272 287
186 261
245 174
247 209
275 178
273 79
11 35
101 195
7 290
195 147
76 181
181 63
12 296
34 292
77 208
5 40
172 300
68 254
306 304
246 162
8 294
177 18
278 3
45 213
22 124
16 270
300 261
210 105
226 22
94 138
177 242
272 57
55 282
79 122
94 158
67 24
211 98
278 19
205 262
198 186
33 288
83 45
65 128
86 271
246 140
125 260
101 47
149 298
27 278
56 108
101 181
176 162
141 296
90 278
60 186
101 215
183 159
232 164
299 224
253 161
31 244
301 208
301 9
163 162
141 54
297 272
85 97
61 155
244 152
45 138
127 170
65 219
221 109
149 269
104 31
63 183
169 239
153 248
253 55
206 1
31 234
162 95
268 67
1 273
289 267
73 140
138 18
299 259
275 256
123 241
0 178
283 157
67 281
113 33
26 50
12 223
114 47
147 291
13 189
128 304
212 284
274 260
19 4
285 76
298 276
138 155
26 22
99 108
99 293
116 128
120 286
121 180
192 216
90 51
136 53
276 210
277 158
302 7
118 182
10 217
31 210
261 125
297 188
256 289
150 48
295 19
215 132
22 205
43 97
305 96
251 131
192 200
160 54
19 22
223 53
5 65
40 53
245 212
66 306
36 40
259 259
40 204
59 194
20 110
228 235
110 39
57 133
143 151
42 124
14 87
300 157
86 122
304 204
256 182
163 269
2 174
42 152
21 126
46 249
97 210
93 175
67 203
0 7
210 285
244 18
229 130
152 81
2 281
207 44
257 211
177 276
260 139
114 273
240 12
1 210
123 278
302 142
258 59
150 293
15 235
99 66
166 212
207 107
284 16
43 206
79 250
203 166
239 105
269 238
278 6
70 298
0 67
280 36
174 163
253 74
88 110
280 238
54 219
299 208
187 96
66 279
172 95
139 180
158 100
92 61
107 192
169 20
283 279
98 229
295 89
206 18
91 163
57 170
302 164
230 302
298 303
55 244
288 138
49 165
53 39
45 46
288 265
264 233
139 94
127 51
69 278
33 256
216 264
78 290
67 113
156 153
277 175
296 110
279 112
118 97
69 139
261 157
115 201
209 234
249 227
162 299
100 176
158 17
277 138
148 272
277 105
22 80
36 267
90 217
192 109
190 136
269 96
17 104
284 201
83 78
138 211
62 209
140 56
230 43
283 178
77 277
29 243
221 105
240 18
93 27
96 128
139 269
6 188
192 32
141 240
8 228
94 193
99 97
287 68
192 210
196 251
299 117
299 154
260 255
175 59
29 158
259 248
223 167
59 27
298 235
194 101
64 113
100 224
66 186
108 128
282 180
249 251
139 9
249 52
138 66
172 246
229 30
1 222
224 72
177 9
141 266
29 198
158 49
84 201
113 293
151 43
75 265
221 275
109 264
18 299
151 66
33 68
248 183
211 128
99 139
176 225
70 43
252 23
124 149
114 168
155 26
279 219
169 4
31 278
105 96
35 259
133 262
169 26
250 121
257 165
85 288
47 298
145 134
126 125
149 92
290 298
1 104
276 153
183 52
1 20
306 50
127 86
28 6
68 125
120 23
95 282
246 83
183 128
281 171
86 179
248 299
116 229
301 285
129 49
189 110
125 118
145 138
194 27
41 284
134 119
26 38
224 52
64 288
72 3
278 173
100 281
227 117
249 3
233 263
304 11
280 24
187 11
76 237
70 102
271 145
148 5
235 217
265 296
88 279
164 195
10 111
195 202
74 240
95 298
126 150
250 231
275 277
269 284
176 220
274 153
117 302
46 269
149 1
87 60
90 4
230 300
74 178
233 148
167 258
228 17
236 12
5 141
33 258
67 22
284 280
103 235
38 281
136 158
79 246
34 275
7 292
2 277
135 262
262 46
228 62
50 58
92 228
35 56
127 227
196 170
82 25
59 110
196 90
89 26
182 219
249 184
4 287
220 29
60 26
192 57
139 222
172 204
196 159
63 207
143 43
210 209
157 104
218 113
277 192
130 147
214 118
133 123
219 290
271 151
12 221
29 213
170 183
115 197
30 194
9 108
182 144
155 295
116 6
98 110
32 152
237 209
116 284
94 197
148 23
183 163
141 79
220 64
93 183
135 69
46 273
290 137
277 5
45 220
189 179
113 225
268 211
300 210
77 115
279 171
243 231
270 259
269 14
117 201
161 125
109 199
41 97
43 276
126 60
194 152
213 130
31 100
145 101
129 6
299 284
96 273
27 59
55 246
216 24
207 32
147 46
177 120
170 270
265 81
137 166
182 79
278 225
111 79
139 254
274 139
202 295
103 192
157 78
290 130
37 26
242 254
264 116
205 93
144 140
236 135
183 72
213 13
44 173
56 263
179 267
236 285
103 117
151 284
90 252
188 59
257 279
238 92
234 11
15 306
133 104
94 24
218 30
134 117
298 291
257 303
303 97
188 155
39 155
99 170
180 173
35 58
160 63
109 238
286 245
217 218
277 118
191 176
87 212
152 119
232 34
215 19
284 59
128 270
32 162
96 194
83 42
124 77
141 255
124 155
194 248
217 144
132 160
205 55
7 135
57 246
236 295
220 284
277 280
133 16
66 233
29 182
229 47
227 39
9 181
8 12
13 127
301 290
8 274
159 291
133 266
147 26
296 75
226 226
181 37
113 104
163 294
13 164
114 205
211 207
113 68
33 66
199 0
255 197
279 303
250 28
123 19
52 35
275 284
249 26
238 9
100 79
75 233
19 274
136 237
137 93
306 118
126 154
83 10
160 102
279 255
8 10
35 261
196 262
67 303
300 108
108 97
76 190
61 42
54 221
229 258
22 219
106 305
123 161
24 244
163 182
110 168
71 98
9 149
8 145
153 218
94 177
9 138
115 97
237 81
176 105
226 58
305 121
173 59
107 130
240 121
267 233
212 151
136 19
184 207
33 209
140 212
144 42
255 291
149 54
251 151
306 34
300 222
68 2
95 98
107 20
176 137
258 104
69 183
178 239
81 43
240 241
219 106
134 305
155 256
238 72
180 236
116 20
37 296
247 179
142 55
211 187
252 6
106 94
297 166
5 54
86 137
225 224
40 293
247 0
53 295
54 147
172 213
147 265
204 155
21 36
298 261
222 36
91 8
280 172
138 206
231 91
275 115
209 43
285 62
202 127
65 286
154 118
225 182
259 70
124 107
93 48
286 138
63 220
135 8
281 99
100 274
111 26
235 100
58 100
102 6
285 182
202 46
218 202
166 153
35 98
17 159
9 142
15 297
283 33
274 188
65 62
202 184
177 93
70 194
136 294
182 118
112 0
199 74
281 80
76 162
104 37
236 51
280 288
99 194
288 306
232 284
54 50
283 63
66 295
197 100
279 46
124 67
243 106
109 266
147 297
137 169
285 25
128 298
201 92
111 81
91 233
72 224
80 90
208 106
265 31
49 184
171 60
258 196
16 180
110 218
247 174
280 17
283 141
123 276
210 287
109 95
243 207
252 121
78 114
47 47
133 33
234 186
63 169
69 35
181 111
151 217
139 54
64 267
297 27
11 282
66 126
54 167
138 176
126 4
93 104
163 168
306 249
212 174
14 55
292 111
209 2
14 179
277 186
94 37
224 136
56 106
16 70
240 254
270 76
204 163
59 151
153 142
165 297
68 146
272 39
118 228
299 96
41 237
281 187
247 79
249 102
159 77
265 304
234 41
22 241
13 42
72 240
268 92
184 260
49 48
2 37
4 201
48 235
217 16
301 197
115 115
273 85
66 28
110 140
120 181
160 4
61 207
21 107
245 81
229 90
132 109
154 235
104 93
265 209
124 173
264 263
137 228
266 129
29 132
19 11
12 86
258 129
275 161
86 23
293 223
40 260
9 128
92 51
256 26
40 4
160 171
77 156
77 145
70 156
96 100
18 41
71 196
86 250
212 97
80 257
254 241
205 222
4 185
84 48
266 267
221 111
108 275
264 300
1 123
97 39
275 215
117 61
79 144
38 207
29 27
95 262
297 259
54 285
156 29
306 38
186 227
43 156
67 236
105 8
149 188
253 71
52 242
182 264
149 237
222 68
241 250
126 217
272 272
56 302
206 132
177 104
115 5
70 184
257 197
29 170
18 196
168 254
265 118
84 8
128 55
97 206
40 202
29 284
240 290
24 256
277 218
65 223
255 276
215 22
152 107
181 146
301 110
101 121
20 158
166 185
270 147
142 120
276 151
116 231
30 282
150 239
249 165
125 272
148 208
85 272
111 240
250 78
285 294
182 221
111 289
153 279
79 159
278 51
150 144
40 125
259 91
157 294
290 126
244 167
102 233
245 39
178 114
297 18
281 139
279 53
115 199
41 200
7 66
203 74
29 8
166 35
79 157
215 166
260 127
37 248
153 232
303 86
106 37
132 118
267 247
58 89
303 256
245 259
175 71
286 15
186 105
135 125
100 240
221 200
14 98
18 180
274 96
65 10
261 44
279 244
211 244
182 203
246 284
217 121
29 175
166 266
68 43
119 60
295 239
35 39
1 33
264 138
57 293
269 84
1 247
232 153
262 7
24 34
119 103
216 282
194 150
228 215
106 61
44 246
281 245
24 90
158 133
97 109
306 13
161 56
261 188
237 157
225 213
137 215
150 190
62 12
116 255
71 41
306 227
161 169
133 82
51 33
289 99
245 216
62 213
133 283
46 95
140 206
272 168
298 128
5 261
68 297
226 123
205 147
13 258
78 19
228 119
164 184
175 135
247 262
41 277
95 109
63 35
282 0
282 183
237 93
258 27
251 38
57 295
224 208
242 304
216 191
20 156
180 284
165 191
249 208
88 92
224 201
113 196
30 297
54 254
252 106
97 271
219 292
98 193
118 262
240 155
91 47
170 52
188 206
127 118
257 131
196 19
54 241
297 45
283 213
215 296
303 65
98 289
71 300
19 159
285 278
129 115
77 6
272 91
91 159
217 300
212 49
55 300
158 28
242 194
185 95
149 8
123 159
215 277
164 95
176 238
267 96
189 8
51 187
186 297
92 112
131 145
99 58
108 43
125 275
129 8
232 149
90 260
185 172
279 159
120 68
166 238
14 260
172 47
202 297
204 118
196 232
116 272
268 261
99 60
257 288
90 122
1 149
270 124
260 51
269 166
143 240
34 199
255 239
221 145
65 202
213 222
170 39
167 3
251 102
214 159
165 22
196 38
260 196
25 186
99 159
135 63
281 137
97 174
278 237
112 167
144 24
1 180
175 161
112 234
160 129
295 108
4 31
143 255
271 80
287 270
143 100
269 162
112 106
294 303
58 76
261 251
236 278
62 203
151 303
237 264
77 262
27 102
27 156
162 121
225 186
32 33
229 25
240 92
70 1
82 21
195 265
96 131
130 250
211 84
247 127
229 39
156 169
90 194
234 294
177 116
71 150
186 115
229 68
289 280
197 71
208 244
169 42
190 273
30 291
80 24
149 304
61 214
71 223
29 268
3 12
93 120
294 246
229 1
286 129
104 287
79 204
152 124
20 60
72 152
138 305
245 110
121 90
3 55
251 54
113 246
194 37
47 130
258 213
87 25
246 178
267 287
269 65
204 254
186 13
164 266
111 50
306 225
281 119
235 154
238 276
260 159
146 136
263 114
144 253
56 160
96 82
265 70
100 99
299 101
288 269
147 44
50 237
83 82
144 136
228 102
55 118
305 211
154 140
134 106
49 271
61 190
289 270
175 276
146 270
54 75
168 213
130 142
48 167
116 233
175 255
31 173
215 221
292 261
63 111
244 278
59 242
79 95
254 193
108 88
117 63
182 60
282 291
133 71
49 11
30 21
140 11
236 8
213 83
241 161
230 262
282 53
51 260
260 16
176 222
185 98
200 219
215 32
121 19
232 275
282 248
4 77
68 14
285 159
233 286
228 51
259 257
186 113
234 171
131 198
200 234
100 38
196 293
99 80
179 108
41 148
231 249
187 5
230 61
59 140
288 229
155 103
135 177
87 244
234 7
114 216
59 297
292 233
33 31
174 96
65 282
177 193
292 109
190 236
268 120
281 83
73 278
292 13
82 23
44 219
159 208
58 153
192 177
109 129
23 258
244 130
156 87
76 224
231 263
74 54
150 220
74 165
135 79
204 17
189 185
175 52
107 188
131 9
3 306
186 174
192 136
173 185
264 85
110 54
306 47
194 71
238 196
60 184
14 191
120 258
223 286
214 283
70 124
118 214
52 296
52 62
112 227
37 8
115 1
263 136
11 127
92 157
203 223
112 113
138 224
100 237
237 132
44 68
225 70
207 233
50 273
87 232
195 70
6 304
51 51
122 175
18 88
94 239
96 61
21 73
293 155
280 22
212 272
219 63
47 49
123 202
277 284
300 235
262 234
153 178
197 216
21 100
27 305
224 247
84 297
201 75
290 105
124 143
68 69
285 176
194 129
93 166
299 156
73 100
252 267
180 238
300 77
214 45
154 107
288 86
33 276
190 31
2 186
15 112
190 279
22 221
3 199
166 292
145 245
17 199
234 55
148 62
76 62
192 100
301 144
33 38
133 96
269 94
85 70
20 20
293 23
274 298
172 45
78 186
296 193
230 150
121 74
236 293
116 280
184 115
59 236
141 121
21 228
159 249
298 141
66 238
290 114
108 152
80 126
280 50
163 97
7 209
27 189
91 66
278 25
197 218
122 131
303 208
266 197
180 31
85 143
175 32
29 124
93 0
234 124
269 198
1 114
294 126
76 241
238 134
51 13
273 289
129 261
295 197
24 5
62 205
77 235
67 88
42 137
80 63
202 171
257 36
297 133
194 87
149 302
213 163
204 243
118 84
50 242
115 306
239 158
202 29
120 83
121 92
173 197
81 95
74 65
76 289
198 28
96 212
294 293
114 7
90 264
285 289
226 33
247 207
264 32
49 23
10 250
107 30
113 149
300 42
63 224
124 56
189 22
60 112
105 144
250 81
26 81
113 6
204 191
288 142
153 281
60 268
86 47
278 47
300 294
304 45
51 137
26 20
76 239
16 201
267 121
288 14
245 276
236 272
197 285
155 271
124 125
18 231
117 196
85 186
13 236
247 187
216 199
153 71
143 153
188 104
276 35
204 53
154 120
208 297
184 196
74 163
152 12
134 18
235 192
41 18
0 219
275 7
87 217
34 102
263 287
73 16
153 228
61 157
227 41
249 24
291 148
77 122
297 198
254 88
233 63
142 118
118 243
31 183
280 185
194 73
83 250
54 227
36 258
107 36
15 225
260 56
72 274
135 199
0 36
107 18
162 132
33 244
286 27
264 79
37 159
78 28
134 60
14 73
57 297
249 233
161 167
301 121
48 12
262 179
294 178
10 205
298 66
140 179
228 60
95 184
259 9
176 78
17 102
53 12
177 259
169 7
238 107
160 75
112 15
93 125
184 161
148 263
162 212
207 68
227 284
20 216
32 168
122 173
113 142
27 52
170 201
203 258
21 68
108 191
2 252
222 137
188 47
302 85
78 206
291 95
253 123
121 277
50 201
193 217
12 251
109 219
17 205
188 303
1 17
291 267
211 213
179 245
256 304
194 81
191 174
178 30
272 249
59 266
115 253
79 244
253 14
105 254
92 155
111 238
257 18
102 176
87 90
284 245
12 161
20 220
18 83
208 131
111 199
180 161
226 302
286 263
299 144
218 264
238 273
251 160
114 305
169 112
249 187
44 253
295 61
269 286
198 231
184 264
287 64
269 103
211 178
251 8
1 35
221 147
190 117
73 84
93 80
18 100
182 201
286 36
261 136
197 295
175 251
161 131
161 45
19 292
256 235
191 147
146 22
204 224
214 259
156 142
190 271
300 191
156 77
55 200
138 139
275 65
288 1
107 265
79 72
135 190
11 252
288 43
96 31
124 46
168 203
37 57
189 171
12 88
4 139
234 197
42 76
119 272
93 232
233 99
86 192
209 284
268 129
196 78
29 41
202 117
115 83
137 295
254 20
129 219
174 301
155 189
86 301
292 125
47 23
212 211
225 21
274 190
157 204
34 207
242 73
21 295
3 103
114 300
135 61
176 48
276 176
188 0
288 41
236 28
78 62
240 224
131 238
100 158
277 78
24 135
296 79
79 104
24 176
113 88
42 175
229 35
225 286
200 296
100 90
236 56
285 13
110 142
20 99
154 86
21 22
295 263
110 274
21 258
196 28
196 36
144 97
288 52
251 224
48 186
44 31
60 35
37 65
15 54
198 260
275 137
145 26
132 66
131 108
197 224
197 77
252 42
175 184
184 152
29 103
233 304
71 230
38 295
239 71
139 60
221 162
132 240
285 157
182 206
88 152
205 271
276 236
239 263
39 205
128 272
247 229
248 170
210 231
24 294
223 80
45 48
232 139
200 20
143 244
91 21
46 30
228 286
150 118
49 259
76 226
212 93
143 98
300 264
257 170
243 133
10 2
217 221
190 238
83 123
79 146
215 12
300 98
264 249
66 7
55 38
207 66
221 257
249 92
164 110
306 123
157 253
230 138
292 88
119 168
291 281
249 123
108 221
168 5
191 160
159 217
279 222
71 30
232 41
282 37
215 90
97 147
165 225
174 170
154 199
80 26
160 16
123 118
30 90
291 33
13 225
170 35
263 144
134 136
207 287
189 37
56 97
177 68
255 19
175 73
222 228
22 272
31 185
141 39
261 198
92 100
173 195
152 168
108 271
42 9
149 291
111 173
114 255
76 87
148 219
7 78
300 233
294 221
253 180
177 20
192 132
39 213
121 117
129 227
145 57
167 86
197 92
61 240
238 130
110 45
120 130
8 270
22 142
5 108
31 67
151 133
249 152
226 262
3 51
100 279
240 16
204 45
65 108
78 275
169 22
219 70
187 172
136 82
236 243
92 46
33 304
158 211
99 147
59 213
210 131
155 171
117 260
119 105
5 17
261 9
127 189
233 274
264 55
143 162
110 170
113 229
181 148
243 213
258 293
22 256
109 148
25 188
222 201
294 70
142 27
27 271
43 247
204 76
296 199
120 240
221 183
306 179
226 82
298 246
124 153
293 32
280 301
142 107
74 3
276 188
164 146
77 104
21 253
181 275
285 141
188 216
287 145
78 120
150 50
141 246
144 183
266 98
80 70
262 177
263 28
198 140
127 0
33 99
141 302
155 73
279 77
175 198
65 234
142 163
79 252
292 211
55 113
255 231
145 247
98 133
296 236
0 81
14 305
181 81
110 144
272 34
120 45
268 39
118 24
184 218
178 237
108 40
179 300
174 47
237 105
305 244
236 276
278 259
124 3
293 213
221 305
194 35
279 55
80 200
120 93
100 180
250 299
58 6
65 79
39 97
27 297
32 37
247 290
72 85
247 65
94 82
146 28
69 21
243 77
35 74
289 64
102 95
285 187
153 292
306 57
68 19
177 255
16 304
235 13
193 281
211 59
143 158
69 299
126 6
137 9
266 219
190 216
30 299
71 198
254 271
173 244
2 148
149 300
298 210
224 34
156 95
2 275
213 87
17 192
112 169
220 207
152 144
222 149
300 75
229 234
80 276
304 305
165 271
276 23
149 142
172 140
179 38
172 36
154 68
293 225
158 210
57 241
94 212
39 193
190 26
170 54
49 257
290 116
20 202
7 128
142 7
17 194
221 2
65 249
122 266
263 218
254 278
170 214
185 255
89 28
284 65
205 62
56 255
203 126
247 100
240 234
43 93
230 34
192 158
116 227
53 50
16 255
148 290
26 221
69 201
148 81
177 80
92 230
187 181
149 168
142 178
25 254
130 240
226 52
92 42
91 23
177 244
290 25
204 64
67 66
1 117
41 231
111 232
138 14
234 184
298 301
85 42
9 136
226 14
76 275
78 304
281 290
103 29
255 74
85 141
278 116
247 88
211 246
251 94
81 5
168 256
258 139
0 147
176 115
34 60
228 19
258 35
212 254
269 128
106 98
83 248
244 20
13 193
227 133
227 174
215 15
102 229
12 39
112 143
113 165
58 185
280 188
55 116
88 29
106 10
178 176
59 187
304 21
0 43
202 1
152 199
53 283
244 305
155 289
46 254
296 141
258 47
301 223
180 57
284 169
223 119
56 227
102 237
19 35
34 19
174 246
0 286
119 278
190 20
20 272
174 137
192 85
276 292
271 167
19 233
97 163
151 219
183 176
68 84
167 82
66 129
60 149
153 257
268 164
27 104
280 200
93 102
40 191
93 40
217 278
266 83
298 63
79 179
29 105
86 279
26 175
39 249
275 197
98 82
254 233
220 16
291 263
83 6
218 227
293 217
291 133
38 226
11 189
196 21
261 23
150 234
180 289
53 34
263 265
128 51
305 201
186 197
58 281
216 61
116 274
114 214
304 289
15 159
40 282
224 116
13 284
181 97
198 37
268 207
110 16
191 59
247 185
108 298
179 256
142 230
193 171
137 190
191 249
59 192
45 127
19 254
45 181
232 168
228 33
288 136
218 133
187 36
78 236
235 123
305 49
278 188
0 122
234 207
14 114
253 150
112 217
300 164
183 153
175 44
217 295
126 58
170 210
192 280
221 205
24 220
153 197
0 274
283 99
57 104
2 42
87 185
145 288
69 31
98 161
154 272
263 134
161 61
225 199
8 62
97 301
227 186
70 129
186 208
39 25
18 203
80 162
303 277
43 184
223 70
219 184
226 105
129 146
254 289
106 129
81 92
124 20
162 219
104 142
29 270
303 121
234 103
216 262
156 16
89 103
265 298
187 7
180 147
143 147
297 112
289 294
40 207
125 219
259 188
304 293
260 7
83 254
305 220
245 166
104 116
137 234
67 45
298 29
197 13
79 59
205 74
197 191
237 150
185 127
198 94
59 169
16 86
269 244
237 50
290 112
0 272
165 203
235 239
67 270
45 149
207 265
97 292
80 105
131 226
124 175
74 170
242 284
52 270
66 213
19 129
116 223
277 68
218 77
244 178
102 240
273 155
169 38
295 157
279 273
236 240
277 294
76 179
150 230
275 69
192 236
80 291
248 168
115 225
269 159
127 158
242 64
159 247
174 223
91 210
31 69
253 299
62 72
38 228
97 33
90 227
35 131
183 290
262 197
161 270
159 53
11 149
40 110
289 223
165 288
213 153
129 244
39 122
68 261
111 130
2 302
41 153
164 238
48 21
164 172
111 205
301 87
53 105
276 3
282 189
39 230
19 276
176 69
266 221
167 17
246 227
193 131
88 183
70 305
137 132
239 215
166 214
164 292
135 296
260 58
32 292
79 1
34 40
278 97
112 171
115 3
181 159
20 175
286 143
218 240
133 116
83 140
54 111
132 196
241 275
148 261
220 37
204 194
247 110
181 152
243 250
234 195
21 133
116 47
149 247
200 47
272 147
17 72
205 60
262 153
137 292
273 276
33 35
141 226
86 149
21 129
208 278
191 178
32 20
271 66
55 198
295 214
117 104
191 185
81 259
154 127
39 161
37 119
43 136
73 242
47 25
193 10
189 177
192 30
210 200
29 173
13 23
76 177
160 18
250 1
205 266
133 281
218 24
245 206
190 133
224 81
290 144
208 181
277 178
26 5
68 0
44 248
184 178
173 10
254 50
214 249
67 34
207 276
194 68
179 117
49 123
297 65
264 34
93 35
213 2
164 123
149 32
274 258
302 202
247 288
31 104
212 286
259 87
245 9
91 161
290 272
233 137
180 109
70 20
243 198
226 80
146 94
136 154
195 222
151 301
175 196
217 18
39 241
270 161
305 291
137 193
190 195
30 204
304 167
225 128
287 267
252 182
113 2
266 79
86 277
13 162
121 44
253 240
221 267
302 287
277 32
229 264
215 149
99 220
214 43
304 59
288 104
117 132
183 75
243 110
196 94
57 238
235 188
113 176
184 296
216 92
66 250
204 140
40 197
74 13
97 107
304 165
89 231
193 279
136 216
132 285
306 18
68 148
34 125
225 188
148 25
185 135
268 45
296 211
235 98
7 143
19 294
36 163
57 88
189 148
256 97
303 183
271 107
192 290
249 8
211 86
85 9
23 102
122 37
92 137
70 279
248 86
161 92
136 29
35 100
221 242
22 57
239 275
40 55
6 92
207 60
254 78
249 298
85 81
157 270
55 168
278 89
136 59
214 3
20 231
100 247
122 129
277 195
284 199
68 115
271 162
65 221
57 225
270 120
302 189
146 272
122 21
173 61
53 245
225 259
60 135
49 125
41 272
58 54
182 192
285 178
110 216
132 95
29 298
58 25
306 20
56 120
102 119
263 53
109 215
91 102
224 179
125 189
292 115
34 170
243 285
152 170
142 52
200 170
278 148
100 287
75 199
113 203
127 83
288 130
30 37
81 245
7 141
80 225
235 164
165 220
148 94
305 43
184 200
231 166
74 206
44 81
296 245
244 61
237 148
273 92
182 174
195 263
54 61
250 245
140 280
199 288
89 212
274 77
138 92
301 249
306 229
67 231
262 253
245 274
244 63
56 51
92 238
124 129
291 67
87 281
237 70
186 103
295 237
4 148
43 283
194 19
188 237
17 305
263 280
193 147
203 200
179 19
177 304
208 18
240 216
187 238
193 241
255 237
142 253
9 171
169 286
296 70
155 99
157 162
211 5
167 7
179 282
176 95
234 300
95 130
28 148
290 11
275 227
180 61
302 168
284 250
297 178
253 224
151 84
259 291
0 269
52 146
113 80
60 37
242 102
97 13
148 79
273 236
115 134
24 38
152 101
119 280
1 283
194 272
135 266
53 281
233 211
120 25
227 131
266 17
39 235
139 58
210 113
17 257
226 60
113 43
245 53
228 70
166 84
211 96
177 118
275 85
144 28
77 251
187 49
300 292
8 64
114 85
246 27
41 193
280 167
83 218
152 70
143 40
258 122
282 236
72 299
46 168
252 244
235 6
258 16
38 124
183 248
142 24
293 133
242 17
84 287
238 194
164 213
32 186
217 187
275 113
5 102
156 97
174 78
80 169
150 192
244 283
134 2
16 277
204 131
216 48
120 38
14 21
252 91
283 20
134 9
69 198
98 75
37 223
143 174
104 179
235 82
198 113
66 297
298 186
269 110
255 167
94 195
247 84
283 187
83 299
34 33
284 35
178 69
73 236
256 34
140 158
66 64
235 286
232 293
213 186
76 175
78 106
226 282
6 49
164 112
71 201
57 216
245 51
178 217
125 162
210 94
94 60
62 288
91 231
28 282
41 164
211 138
82 200
225 132
180 287
240 294
46 294
65 261
161 221
104 261
144 30
188 239
240 252
236 168
2 67
174 252
179 55
175 304
42 126
302 294
221 229
298 200
244 36
195 240
173 92
284 23
82 40
220 291
104 249
194 215
268 245
27 18
1 244
92 194
198 53
124 301
74 180
212 204
179 159
263 26
287 164
258 51
259 306
160 299
178 98
165 72
230 171
168 18
283 39
206 91
298 158
114 123
91 80
222 179
209 61
160 14
69 33
35 255
184 245
294 291
56 166
218 111
258 290
186 101
233 59
281 85
149 288
27 284
14 38
65 206
42 202
63 16
155 246
107 45
206 299
61 108
88 165
63 62
7 110
189 181
193 249
248 214
246 305
259 24
148 222
83 80
105 19
41 195
217 185
60 281
104 306
206 157
150 16
53 203
3 117
15 262
105 199
151 228
126 229
162 93
112 121
107 263
96 111
159 2
158 268
42 81
297 137
46 2
104 255
75 15
201 16
152 246
136 1
171 196
58 74
146 174
208 288
150 271
16 157
296 25
103 55
50 105
301 172
63 105
238 242
259 37
106 300
182 260
83 38
198 142
8 115
227 49
37 225
128 142
139 7
52 180
224 245
115 169
28 211
215 258
162 171
39 116
27 187
120 134
223 165
74 219
88 247
86 286
293 108
245 106
161 114
157 177
42 54
183 151
264 195
48 140
226 116
48 189
25 243
87 145
54 260
204 183
86 213
214 47
128 229
87 287
279 4
136 200
287 45
177 44
119 116
51 39
249 64
287 283
151 45
195 282
125 18
98 149
104 57
69 263
56 196
113 78
4 67
141 106
88 150
92 139
264 277
194 186
20 143
146 261
174 221
79 116
143 20
248 161
183 134
212 282
94 75
122 144
135 134
30 179
306 245
3 274
105 156
193 268
158 43
111 203
273 128
110 28
277 262
215 82
270 39
135 233
244 257
253 76
199 159
206 43
284 180
81 128
132 45
252 246
12 217
71 262
188 32
123 116
109 289
289 96
264 230
118 180
81 61
229 166
81 139
231 212
183 299
282 60
126 156
213 188
49 136
252 301
55 79
72 142
22 109
242 249
19 9
24 112
250 266
238 56
96 37
143 109
121 210
291 224
256 171
217 225
53 169
251 5
277 76
123 142
232 295
225 267
80 22
136 67
271 247
60 133
165 171
159 131
123 93
106 297
56 7
282 65
83 303
224 68
99 49
203 164
233 170
167 105
188 230
38 75
82 202
127 291
112 29
275 208
162 63
27 233
171 51
306 11
295 44
235 214
191 170
102 161
283 25
18 201
210 107
277 113
15 44
255 93
79 242
64 14
146 203
195 280
102 262
213 128
100 145
274 76
129 189
156 58
202 306
13 37
209 247
27 269
82 257
267 118
290 259
193 266
153 66
95 9
86 40
186 156
158 54
142 57
228 229
133 166
72 169
259 60
43 301
214 151
290 85
258 232
261 248
21 297
132 242
206 201
178 243
39 183
286 243
20 278
40 68
164 242
81 171
64 253
29 156
287 166
277 16
290 295
278 253
90 220
100 119
236 197
27 138
197 250
9 122
44 215
286 249
286 101
159 281
48 237
92 208
274 210
250 162
277 214
35 167
302 56
177 71
126 143
38 61
82 90
69 88
138 281
190 253
142 111
276 258
22 88
92 74
15 23
279 224
12 256
9 200
89 24
159 271
129 306
123 51
265 265
202 247
99 152
80 28
47 137
142 186
199 223
139 210
69 258
244 11
170 187
4 115
284 101
235 264
246 215
125 228
2 78
179 23
216 21
35 209
72 228
3 304
179 115
221 73
58 144
42 299
77 176
197 161
206 272
126 248
94 106
224 131
93 110
128 19
31 125
57 80
284 27
214 80
235 199
10 231
52 9
186 299
30 280
217 14
236 107
6 302
32 204
102 158
279 215
139 96
43 278
134 192
70 186
206 64
90 239
204 246
39 224
116 165
215 187
57 243
118 283
7 151
287 228
26 232
294 301
70 249
219 108
105 59
11 173
58 142
231 114
300 201
227 233
24 88
289 45
139 228
245 243
154 75
126 2
190 281
57 19
77 204
8 230
175 219
126 21
261 257
19 6
84 169
221 119
165 74
123 196
213 169
82 19
147 83
43 150
287 103
105 193
295 192
169 60
4 42
300 55
140 124
195 188
1 12
198 258
79 207
228 15
138 279
8 124
71 139
17 7
259 180
302 157
166 111
134 67
135 284
118 68
198 214
104 259
155 181
296 77
197 56
26 56
159 42
146 214
305 242
86 95
117 245
163 7
8 88
137 283
17 143
55 32
25 198
4 276
254 163
98 11
132 19
158 215
35 65
253 153
133 248
146 42
290 30
250 171
271 64
167 169
272 43
202 111
248 7
14 221
290 128
46 186
11 193
104 251
67 257
79 74
176 164
63 250
212 61
86 151
195 299
135 215
48 56
236 186
48 294
248 231
220 136
8 139
146 177
269 168
31 268
262 68
215 138
49 187
15 293
88 82
112 230
235 219
124 270
264 140
149 68
186 205
66 106
8 204
206 182
296 302
8 147
97 135
50 166
272 189
223 306
138 137
121 54
284 189
277 160
204 264
124 230
223 73
76 186
99 206
196 141
121 182
280 206
238 255
115 195
112 294
86 30
128 21
214 265
115 176
35 54
10 245
84 111
279 187
246 128
91 241
169 189
1 16
212 104
108 94
97 77
244 196
112 145
78 112
222 117
92 264
165 145
126 130
296 28
231 303
303 239
137 60
192 238
91 10
205 88
175 243
192 82
96 231
141 67
274 273
243 72
2 220
80 158
22 161
304 202
189 125
255 169
278 17
294 176
267 14
69 23
101 147
295 175
69 196
111 149
87 299
200 194
285 58
36 24
181 72
125 169
104 257
216 280
243 205
223 186
194 29
21 32
26 241
273 225
55 242
98 137
56 112
297 68
153 103
42 5
206 207
137 254
120 288
215 266
212 261
80 93
125 158
3 150
96 305
35 271
204 129
190 24
243 244
207 235
184 198
246 67
223 163
32 124
29 140
138 157
260 67
163 191
192 125
77 249
126 19
139 226
266 12
109 174
76 16
282 244
47 141
290 265
279 141
211 251
80 223
87 176
57 130
280 19
62 151
264 284
68 64
158 19
106 32
182 58
105 35
141 9
165 240
106 143
68 55
165 230
24 161
68 256
253 196
99 156
165 286
65 269
221 63
243 131
125 52
291 213
74 200
184 181
15 72
264 267
82 288
42 110
245 287
213 250
251 269
22 113
258 209
53 63
298 97
303 285
253 208
9 24
156 27
276 282
271 122
74 189
295 132
205 167
89 22
203 168
246 103
99 222
296 287
180 209
87 94
115 150
255 48
263 223
2 140
288 97
305 238
196 259
192 273
99 13
51 49
267 8
96 281
282 197
265 179
217 34
52 292
137 178
228 173
117 49
118 273
239 278
276 33
61 168
289 305
155 285
87 120
132 98
95 272
66 26
130 286
110 201
134 129
21 160
274 283
187 290
238 293
59 293
234 276
287 61
63 154
243 215
145 264
89 69
160 282
124 132
298 164
216 6
248 37
10 162
62 175
274 24
48 241
120 95
56 5
296 261
107 199
217 242
173 248
92 59
144 55
183 147
43 182
148 69
10 295
106 201
27 243
228 260
219 226
304 42
37 241
53 117
107 24
288 184
153 99
19 257
206 149
135 211
267 94
68 185
194 127
124 207
157 280
171 294
225 75
270 210
142 224
226 162
113 12
67 38
304 57
280 169
18 135
245 29
189 6
269 295
291 65
263 70
140 177
204 127
145 43
177 195
211 33
3 267
140 164
127 116
177 274
212 46
133 238
90 125
79 128
189 116
172 296
176 129
103 190
255 76
164 164
175 9
170 94
157 140
111 166
258 57
15 259
214 20
199 57
271 296
218 65
210 289
222 34
261 152
237 227
155 85
24 230
87 275
198 20
241 71
164 285
227 30
10 164
119 245
208 215
8 1
151 146
150 297
305 36
43 18
224 134
29 23
56 259
225 13
96 176
26 137
22 111
273 94
68 305
238 11
67 221
117 2
241 286
142 281
98 65
142 161
192 282
202 202
44 20
216 193
193 160
181 56
184 83
29 2
254 210
193 292
265 29
10 124
242 75
267 106
111 257
91 218
184 202
103 194
201 167
120 284
289 282
61 38
198 151
130 74
220 231
156 206
115 302
216 104
230 246
169 86
259 62
140 214
51 240
252 1
164 211
37 254
147 53
182 208
40 70
210 253
11 142
268 161
172 270
69 37
225 177
271 126
55 133
95 270
123 53
126 269
55 296
279 280
89 120
152 68
25 7
130 273
12 54
211 277
131 34
111 111
16 190
23 62
87 189
137 68
203 92
103 219
117 115
278 298
111 108
26 237
65 54
109 292
190 109
166 25
214 204
293 215
227 176
266 119
187 228
255 223
302 11
41 25
0 116
299 177
206 130
37 67
167 107
208 133
188 100
233 248
253 16
51 11
221 244
228 106
237 218
4 53
52 166
19 219
292 11
136 192
198 3
243 9
89 8
293 131
56 152
44 269
253 269
212 214
248 39
30 0
170 205
154 159
290 40
151 237
8 126
87 289
30 4
279 246
258 136
83 60
93 20
92 4
57 282
275 5
241 106
96 303
156 121
293 61
130 144
13 99
228 137
148 217
241 38
114 170
15 189
177 29
19 194
32 126
279 120
298 110
9 252
200 2
254 112
84 251
40 225
133 194
289 186
277 107
204 116
54 95
271 83
219 26
267 268
98 267
100 137
106 158
7 284
119 241
265 10
295 226
84 46
161 3
301 116
306 22
99 216
72 226
300 142
56 77
152 233
174 165
40 41
217 105
276 298
97 98
242 277
44 281
253 191
128 85
214 165
57 29
246 176
129 31
281 117
126 167
182 190
228 202
192 60
71 67
217 266
279 75
61 266
125 23
15 165
277 88
182 74
13 181
38 264
91 176
57 191
6 259
238 192
163 71
40 233
172 154
144 269
224 297
244 139
293 89
274 199
76 287
32 105
59 39
76 18
300 100
130 271
276 139
68 279
227 180
117 222
65 104
67 218
32 103
286 23
253 80
40 117
87 230
63 289
131 81
111 175
216 80
91 72
1 0
148 215
196 150
29 35
95 248
86 190
70 247
14 218
238 17
300 302
102 286
9 246
82 47
283 79
194 179
13 160
112 56
286 75
82 136
216 28
213 149
98 291
11 181
88 140
215 303
157 244
50 286
131 104
270 274
226 50
57 193
184 300
292 172
119 73
53 150
225 265
279 107
61 170
81 59
273 209
94 52
269 232
179 275
25 99
168 64
209 276
76 143
261 12
139 98
226 93
255 55
165 3
297 209
286 172
225 210
33 70
199 78
201 9
277 227
274 88
260 123
57 128
222 284
27 91
133 29
30 177
217 93
129 165
69 144
97 80
305 216
1 142
44 5
155 281
42 20
157 25
130 113
298 237
94 64
3 107
47 38
177 50
9 143
99 268
271 128
138 12
204 201
212 209
39 66
199 80
239 232
93 210
43 70
30 33
64 259
260 253
169 288
34 161
104 296
212 31
122 287
143 149
102 51
3 33
165 290
179 29
204 170
153 83
271 235
153 186
68 159
56 224
11 232
78 126
152 258
114 295
45 184
206 264
20 162
183 149
280 149
33 260
138 82
45 177
188 15
171 25
264 237
167 88
160 44
185 72
72 66
305 240
9 90
209 232
298 78
114 244
164 219
9 208
184 216
123 55
277 300
138 230
228 243
175 300
258 178
145 173
262 211
4 259
94 179
185 229
164 283
81 41
60 53
137 54
57 149
211 1
21 62
136 160
166 146
217 87
180 265
227 213
306 41
304 192
208 23
151 221
81 219
220 110
234 135
42 249
299 65
132 25
53 42
56 219
131 178
0 276
103 217
188 183
157 151
163 267
262 140
246 168
157 213
72 200
190 1
258 125
136 264
8 226
176 139
304 209
305 86
95 165
79 138
200 25
219 265
152 3
43 108
153 112
268 249
269 150
44 3
270 82
4 170
129 291
154 259
223 258
291 222
217 22
148 144
239 245
216 76
219 243
242 197
179 270
65 236
297 238
207 42
265 288
53 103
23 296
64 284
187 45
6 139
228 139
170 229
54 143
36 76
226 203
18 21
262 58
261 129
85 38
7 108
184 302
260 111
32 18
53 113
234 53
290 110
192 138
244 290
65 112
63 167
276 234
129 224
306 209
220 239
152 192
207 73
67 9
219 33
161 268
60 75
77 60
64 64
222 231
71 263
209 111
63 257
225 31
226 134
29 278
141 95
128 70
177 175
194 189
93 162
284 293
56 75
81 226
250 268
68 295
257 109
238 253
287 231
263 30
304 258
21 59
98 47
253 238
99 84
204 298
227 182
37 39
134 264
162 134
85 303
239 49
118 167
22 294
112 70
58 4
99 218
200 110
258 90
192 20
113 115
220 114
226 12
117 257
39 232
170 203
305 213
53 32
164 228
252 96
55 180
151 167
173 127
202 19
239 230
154 269
6 30
76 53
296 23
196 257
120 76
292 27
227 230
40 216
152 230
104 6
198 157
3 79
23 126
271 237
134 34
23 74
70 143
137 197
159 167
17 268
114 146
55 215
56 280
219 13
286 200
263 261
178 144
111 90
83 295
186 257
108 305
306 45
69 45
169 268
191 149
255 38
24 196
122 218
272 89
163 223
116 300
2 31
80 9
218 261
139 215
121 279
299 273
70 152
37 266
92 49
173 293
284 61
132 207
57 300
266 41
84 134
162 242
6 15
14 40
97 59
51 114
220 72
245 123
31 196
140 244
234 168
201 27
7 51
191 292
181 77
60 259
79 277
128 68
2 8
94 62
222 72
109 90
213 274
211 153
194 237
296 158
245 0
148 85
199 216
84 249
159 115
116 126
184 298
51 162
89 158
115 174
71 36
18 98
178 73
10 13
37 256
119 203
32 200
183 130
112 27
44 76
66 211
139 295
95 302
260 14
174 98
136 195
304 67
122 220
166 216
199 16
268 123
116 213
68 157
3 172
11 99
47 157
127 7
127 186
58 165
10 11
209 251
45 255
96 229
25 59
70 154
211 111
154 134
219 229
288 124
214 61
148 270
296 177
61 166
208 230
152 239
80 3
92 177
215 219
120 21
146 216
245 84
143 267
190 306
190 47
284 53
294 219
181 116
154 277
68 194
164 299
194 60
260 45
92 106
206 52
140 117
233 150
49 50
78 49
40 239
197 287
207 105
257 69
24 98
98 246
111 255
61 52
206 50
120 282
27 183
254 122
278 45
169 40
51 124
33 306
28 209
91 120
272 81
51 238
198 169
42 67
190 13
60 142
211 249
178 284
194 79
255 189
219 31
105 117
189 50
283 77
198 46
41 155
38 24
279 38
192 162
176 253
206 186
243 256
254 96
105 21
266 258
245 210
36 206
26 90
300 129
3 279
65 271
231 25
219 206
10 203
210 151
232 171
216 30
58 299
110 68
166 187
145 152
91 0
183 292
61 62
179 286
82 286
32 128
234 298
176 42
50 294
24 218
297 147
82 224
286 292
136 304
38 77
295 26
274 55
153 148
51 160
47 128
260 200
78 222
28 9
137 266
185 290
63 42
241 233
228 100
154 182
117 65
133 176
242 19
199 30
29 184
98 86
101 88
300 83
242 120
98 280
274 67
111 13
65 34
262 146
249 264
170 212
289 165
225 56
10 97
155 132
275 191
95 182
128 287
153 14
38 68
119 44
220 68
108 300
249 224
115 222
248 1
252 109
241 243
40 143
36 102
20 173
245 280
11 247
158 60
222 268
40 136
10 0
174 201
111 220
86 246
152 110
89 262
152 131
120 78
66 55
166 273
39 215
248 181
218 115
0 160
290 32
130 228
172 52
147 100
197 279
149 249
154 230
226 76
288 304
101 193
266 195
41 235
131 32
286 168
30 208
26 9
258 111
66 284
219 104
95 80
90 2
275 195
292 86
150 131
190 199
114 31
171 211
50 256
292 265
294 186
124 188
191 201
282 305
104 299
44 217
222 75
1 82
273 212
66 52
91 104
237 193
267 296
90 139
12 22
183 116
153 296
249 222
35 288
22 156
3 261
260 249
282 185
17 44
46 241
153 216
3 105
213 263
10 270
202 169
139 301
129 33
150 273
219 90
164 5
237 191
224 301
67 184
190 162
300 7
237 212
75 83
113 108
195 88
266 116
111 77
228 91
235 274
85 274
13 234
204 114
87 42
181 218
45 107
15 192
164 126
166 29
77 180
212 300
286 125
1 133
273 5
165 98
57 197
298 55
281 158
182 112
119 62
250 233
176 19
75 208
58 61
273 234
159 93
128 72
242 122
5 134
115 49
289 103
244 108
147 213
154 12
78 292
138 208
183 81
167 204
245 197
68 142
138 252
54 258
132 143
30 149
4 303
52 148
45 72
164 154
134 83
118 279
200 4
104 98
271 93
159 62
47 271
190 151
219 222
92 122
159 150
257 277
28 280
56 30
3 40
263 13
291 135
42 293
139 297
85 77
15 100
85 75
14 75
187 135
65 24
101 58
42 74
192 77
301 251
128 302
205 203
284 185
274 130
216 197
233 166
122 106
34 245
79 306
181 277
55 83
286 269
165 37
278 150
51 189
216 4
212 44
237 198
208 201
29 304
201 206
278 167
147 259
27 54
283 155
152 15
155 287
25 157
215 279
146 24
253 93
179 45
173 199
255 293
55 123
16 176
50 121
120 106
296 63
264 159
71 281
11 226
70 219
88 193
185 180
138 159
134 26
71 45
256 233
114 21
81 278
262 200
4 187
176 97
165 257
47 296
91 123
105 1
80 113
96 260
204 150
265 53
201 204
21 274
272 76
112 123
193 299
55 127
267 298
124 177
90 60
42 41
170 237
3 136
96 196
196 264
248 68
254 86
157 41
170 19
112 300
238 13
298 7
82 97
239 160
106 126
112 198
21 145
234 284
173 167
22 127
49 138
43 50
66 86
251 208
21 166
167 113
287 51
198 126
110 234
183 77
251 24
21 43
92 260
20 131
136 130
251 56
185 262
172 302
149 236
302 20
20 64
64 251
237 26
240 277
284 183
12 191
47 166
146 82
41 66
70 199
3 250
206 45
2 269
80 202
255 123
305 224
118 136
5 51
193 214
244 103
202 44
202 173
282 18
303 171
145 193
69 68
3 134
177 133
298 222
227 129
132 249
131 96
2 184
262 263
195 177
261 190
265 268
273 151
245 282
118 7
252 65
268 266
19 146
28 241
289 26
185 76
16 74
279 114
162 190
95 40
100 133
273 207
168 228
131 189
82 220
45 295
136 84
8 183
60 73
165 7
69 230
287 281
245 132
142 256
59 283
209 97
55 26
211 130
228 93
250 42
106 0
54 197
228 58
159 245
304 185
180 79
39 79
250 142
113 125
194 200
74 299
280 261
155 10
279 290
74 227
39 195
24 80
186 302
80 279
175 49
4 38
66 167
57 27
176 240
50 139
81 247
103 156
36 59
265 77
96 11
243 104
131 116
10 256
58 260
247 123
131 75
2 285
100 292
161 250
99 68
284 235
45 271
8 3
225 303
138 168
198 220
87 97
219 92
264 197
127 218
44 125
169 2
168 186
123 145
302 67
132 27
302 192
177 42
34 127
75 6
223 146
218 5
182 217
50 284
106 39
241 214
185 150
104 119
294 28
126 69
208 242
40 19
244 303
43 85
32 246
197 75
284 241
263 178
112 215
90 49
27 174
217 91
13 296
123 274
177 216
172 93
216 46
192 107
11 284
284 237
106 15
85 299
255 300
208 21
275 300
176 306
29 138
28 237
116 262
139 120
296 186
139 238
123 95
263 149
257 180
254 0
303 161
163 125
55 81
38 118
251 79
303 35
268 259
162 195
121 241
276 67
34 222
6 201
92 25
115 148
256 178
280 153
293 239
236 220
79 7
284 128
99 131
248 139
252 111
101 143
176 17
28 286
214 49
55 159
131 283
220 228
157 114
223 244
284 197
209 59
31 2
52 200
78 110
160 163
130 230
24 271
161 213
131 15
29 234
55 28
280 155
121 202
57 63
175 119
179 277
63 269
109 70
34 151
245 255
284 287
233 191
286 247
118 232
97 219
202 17
135 282
96 268
153 180
130 166
203 63
197 283
160 132
84 270
122 204
210 243
155 258
107 190
79 248
158 154
297 289
257 106
211 149
35 257
32 274
214 96
57 265
217 189
250 126
269 247
212 252
139 67
52 22
190 128
76 50
79 255
162 265
255 272
303 159
179 298
132 73
45 283
90 153
134 175
291 9
186 217
49 13
148 48
207 62
39 297
129 300
107 59
202 194
281 214
280 2
104 253
181 45
158 135
212 42
164 63
71 83
175 302
4 15
277 221
245 180
130 168
142 182
115 124
8 49
233 155
299 146
221 113
145 150
282 16
37 132
122 46
114 164
157 208
228 81
98 37
103 231
258 256
198 149
95 175
123 272
24 241
66 255
149 34
198 128
123 157
166 122
229 92
36 260
15 257
226 211
8 23
139 166
132 106
41 52
28 4
139 266
166 256
12 64
80 124
33 57
106 264
18 256
304 82
223 199
220 143
22 78
168 188
278 261
297 5
296 300
151 109
87 157
52 78
187 185
57 102
287 25
80 301
189 254
97 236
91 6
117 98
97 35
249 229
68 252
173 26
230 244
232 151
143 246
114 198
234 122
108 142
204 47
263 278
89 219
245 208
20 218
43 223
94 122
168 215
255 208
212 106
119 49
285 126
230 168
252 162
107 259
197 79
202 65
54 8
4 269
86 284
46 125
233 5
204 275
193 202
123 179
269 105
288 12
111 52
175 260
183 25
89 59
226 103
247 52
5 126
13 35
55 99
276 273
204 112
160 206
104 60
305 222
299 199
266 211
190 86
263 247
269 108
277 115
287 294
276 58
204 187
196 234
61 40
209 45
182 293
298 249
42 215
223 302
197 45
241 229
58 220
155 187
306 166
5 150
223 260
214 161
188 106
42 135
147 192
298 41
184 220
195 213
191 180
199 286
11 43
222 273
86 111
250 40
129 29
44 175
233 302
7 90
70 105
158 76
72 37
14 0
70 221
274 26
41 302
41 186
212 154
164 295
88 154
196 190
134 46
24 57
270 245
252 40
234 106
184 204
55 104
194 138
181 20
41 49
187 57
57 126
223 78
196 87
168 237
291 171
10 227
126 132
29 300
155 177
162 166
54 40
157 179
93 9
226 228
274 3
241 159
183 297
110 221
126 271
52 168
77 178
38 283
12 254
200 119
1 10
17 0
145 255
90 82
238 15
223 181
129 83
280 97
161 182
304 123
96 20
65 16
81 122
243 0
234 153
54 262
173 169
180 145
57 84
45 211
300 288
210 215
27 158
198 251
52 255
16 4
139 204
216 248
164 1
280 198
255 15
262 52
150 255
285 74
31 35
77 243
137 232
28 176
41 223
20 141
87 72
204 2
198 115
144 187
303 95
248 266
72 280
126 301
43 7
73 273
99 163
103 143
238 244
157 56
64 212
100 56
207 36
279 21
52 95
285 291
169 50
27 44
81 137
148 2
158 58
31 266
136 168
175 168
18 81
296 99
144 190
130 106
276 90
128 249
97 248
165 148
158 22
290 261
53 179
267 10
220 204
234 270
247 142
168 96
18 172
12 179
278 156
10 75
252 242
146 87
247 264
306 120
63 202
135 94
36 227
235 57
28 168
71 302
186 59
10 225
25 239
47 184
188 259
53 10
145 191
234 209
262 195
191 22
191 62
67 53
45 129
279 263
35 269
223 293
160 284
190 61
188 270
166 295
5 93
128 285
70 77
28 90
25 36
138 164
214 216
132 120
88 51
234 27
246 153
128 247
216 298
259 106
143 54
107 96
15 295
183 23
60 100
69 303
206 243
267 237
116 67
235 29
65 184
29 25
43 204
261 132
43 245
272 153
266 35
202 120
72 297
180 177
224 163
199 14
104 95
43 146
198 90
181 254
180 73
60 238
100 51
174 128
114 126
163 193
189 156
269 297
154 15
167 268
10 254
177 109
153 284
269 200
82 112
153 237
79 170
6 152
252 249
147 9
106 34
281 38
208 272
173 183
39 185
178 273
138 58
26 244
231 36
295 224
28 136
1 107
99 270
221 107
166 1
182 288
292 25
16 2
147 149
140 107
86 167
9 113
24 174
35 223
22 217
93 262
128 166
19 89
115 203
223 129
117 59
266 55
182 161
194 235
37 97
254 206
298 190
52 164
173 24
265 142
239 251
189 173
175 274
219 294
293 87
162 117
43 272
1 41
290 38
61 249
278 23
154 28
11 26
153 275
242 108
132 279
294 194
136 202
165 155
251 92
110 94
178 96
197 146
198 171
172 138
67 277
122 243
140 29
97 130
120 201
25 234
167 155
130 206
138 195
92 165
33 202
297 61
180 191
192 87
194 159
89 61
51 283
265 151
37 55
184 113
160 194
53 99
247 134
185 102
28 150
126 287
289 135
154 170
102 179
23 132
31 198
66 83
128 144
56 53
55 150
214 202
19 205
120 27
198 44
123 75
243 40
166 5
113 248
8 112
173 295
10 65
174 8
164 121
178 40
17 233
223 104
109 41
51 176
286 230
215 120
93 108
22 144
22 34
304 287
261 29
50 179
32 55
163 73
143 226
147 133
50 292
155 283
63 156
194 270
209 129
171 49
269 16
54 97
181 54
27 185
266 231
271 74
272 211
89 67
60 64
173 250
288 101
244 154
25 91
142 180
48 10
180 39
71 16
203 88
250 66
18 301
41 116
288 111
87 155
163 197
302 210
82 88
44 99
143 258
285 60
8 202
248 141
248 28
215 189
118 99
147 7
92 36
144 192
116 84
105 260
96 192
263 176
70 22
69 66
196 179
41 246
215 168
104 158
59 270
74 225
58 113
28 207
216 250
120 243
235 26
68 77
98 128
3 142
183 295
140 156
249 38
127 300
248 252
64 155
68 232
204 90
234 181
3 101
101 138
226 78
272 259
213 141
47 139
158 87
295 289
192 294
70 158
62 64
60 139
48 182
66 44
134 85
197 266
101 67
302 18
214 105
227 56
69 83
162 98
179 81
40 123
61 97
10 179
48 58
249 88
237 274
49 157
281 76
33 278
252 127
244 57
235 137
245 265
244 176
90 229
152 273
195 278
250 90
111 298
132 264
77 188
64 52
196 143
103 221
119 264
75 171
208 34
284 21
55 11
162 164
88 229
97 112
305 159
85 59
219 241
154 116
209 4
189 49
10 22
95 206
290 27
124 259
215 5
142 228
223 295
155 115
44 29
249 160
201 221
252 140
124 198
266 249
215 140
228 159
118 134
192 153
23 59
16 89
99 239
184 227
104 39
268 283
35 72
233 101
126 298
39 112
247 29
55 87
44 74
232 29
24 250
166 227
156 155
135 209
280 8
8 250
145 99
57 212
142 94
42 282
266 245
141 109
269 209
186 259
183 246
256 302
180 156
88 301
18 277
160 184
92 153
222 135
70 38
176 30
94 208
217 216
50 61
296 195
19 171
21 10
216 161
184 79
222 144
159 192
23 228
56 61
286 2
130 222
97 297
109 112
284 248
109 60
140 236
89 156
59 189
211 283
132 187
144 228
178 278
20 69
263 239
86 147
291 238
278 109
304 19
105 30
164 189
248 83
301 6
188 2
61 261
27 149
77 147
52 202
88 49
30 44
147 194
258 53
31 22
29 91
54 6
260 137
254 110
278 36
39 92
0 77
151 275
235 105
15 232
57 145
150 4
44 127
54 199
214 251
66 114
17 253
103 53
6 115
52 287
167 23
280 281
105 252
110 80
285 204
11 235
112 22
221 38
113 111
39 73
81 249
131 72
43 52
283 170
255 53
18 112
112 253
41 248
215 294
75 188
15 237
160 127
30 86
2 53
30 200
8 206
166 229
36 237
199 282
218 191
236 225
286 279
27 40
30 136
249 54
90 166
224 262
195 249
12 163
295 68
2 88
84 138
263 258
114 201
26 223
124 22
237 214
184 256
199 305
27 7
251 100
205 287
244 121
212 189
261 113
157 116
5 143
100 205
27 235
246 5
139 233
278 34
57 186
214 281
196 215
77 51
5 136
127 146
194 251
19 142
238 236
285 154
23 187
249 306
269 101
275 290
51 204
289 10
303 241
88 251
157 255
116 215
283 289
206 22
213 11
74 142
47 69
267 15
224 121
151 305
288 35
55 202
90 192
97 126
153 201
81 299
190 107
85 145
18 110
97 84
69 75
2 287
78 226
285 99
197 299
80 120
277 296
154 122
290 142
183 111
76 164
225 15
213 4
59 19
137 97
266 159
300 123
261 27
99 249
270 249
165 183
26 113
245 214
30 211
29 43
94 181
47 188
142 41
140 138
146 80
190 35
218 80
155 105
74 264
85 181
36 104
8 185
230 152
179 21
138 302
3 246
264 257
215 201
278 111
213 167
30 151
293 66
282 35
287 54
134 131
259 26
77 113
16 203
195 295
72 18
288 302
45 156
7 122
24 78
89 281
114 227
236 223
64 210
141 148
210 233
131 17
20 71
215 300
282 288
46 247
290 123
193 58
88 249
23 157
76 4
257 231
287 66
152 190
150 186
77 72
272 130
142 159
294 212
26 208
214 76
62 267
217 200
262 127
244 137
73 305
304 190
200 172
246 121
42 122
95 300
75 204
57 214
213 206
203 235
292 113
293 237
131 280
246 155
232 38
160 211
166 202
249 5
228 245
175 93
74 186
46 55
188 272
156 269
195 82
30 285
47 54
4 88
120 183
42 99
169 157
22 176
29 186
13 113
78 279
213 137
28 47
156 210
68 106
30 169
143 145
67 36
11 33
132 1
164 128
70 148
1 135
248 125
62 74
33 59
276 148
20 112
54 59
182 83
127 23
292 221
168 230
208 286
192 253
185 176
19 298
97 283
276 56
301 274
85 79
154 30
36 100
17 207
203 193
262 225
57 195
46 68
226 260
23 36
37 230
212 202
69 281
225 175
133 125
111 292
45 93
69 114
239 156
88 167
302 292
252 19
142 92
30 19
101 239
137 80
236 182
3 65
203 260
260 153
292 301
222 203
267 262
145 148
49 103
178 131
19 101
138 16
136 17
100 161
194 297
186 230
144 22
10 234
143 287
192 26
246 108
141 268
64 106
243 101
306 214
29 88
91 68
147 247
225 293
95 22
72 101
46 235
190 126
12 125
19 133
68 130
215 217
152 277
135 121
106 89
280 247
164 115
217 297
34 17
194 33
185 100
43 177
205 20
185 292
140 160
81 7
151 235
163 221
80 254
197 222
167 157
80 287
23 159
44 109
246 251
108 201
256 209
50 36
243 276
297 101
59 87
45 70
196 186
11 293
224 36
298 264
71 278
47 222
209 249
230 41
34 163
181 22
275 149
202 90
243 242
75 277
124 220
294 59
178 269
303 169
190 158
115 104
188 13
88 191
164 150
208 64
5 199
52 101
244 59
131 224
274 33
126 54
230 32
233 13
78 200
276 49
234 292
162 5
78 288
228 77
115 89
241 263
43 154
303 88
3 248
224 161
177 107
32 177
71 177
202 251
274 90
269 131
293 235
210 202
259 18
171 27
264 68
192 196
107 66
182 155
9 281
252 125
250 182
233 40
137 239
98 282
62 36
301 155
65 257
10 183
266 260
22 230
261 213
259 49
125 123
266 223
205 192
156 106
279 137
117 169
284 252
97 48
38 262
228 300
168 211
110 150
247 280
163 271
134 65
132 43
217 195
230 70
121 146
159 56
270 164
0 79
17 178
31 171
6 88
304 37
101 117
178 129
71 100
272 187
301 146
145 154
48 269
100 229
5 128
27 131
123 155
230 213
43 24
21 293
241 256
110 43
285 202
150 80
241 77
101 97
62 14
170 301
197 188
248 66
51 37
238 226
235 80
246 50
170 153
232 208
129 117
255 165
277 136
167 37
28 19
44 95
93 84
31 26
232 272
225 37
48 180
124 297
198 262
90 74
109 92
26 61
98 272
23 252
191 134
16 98
266 294
275 213
258 187
291 234
106 203
113 147
166 62
199 124
120 166
124 200
153 172
256 132
39 39
6 67
200 158
115 99
20 87
182 197
59 171
188 55
153 290
278 282
199 92
254 305
222 185
294 25
163 214
167 60
131 28
246 86
250 169
188 305
98 274
278 57
238 224
277 272
236 92
79 61
214 299
204 121
18 158
204 43
117 203
41 21
72 14
163 297
90 178
191 50
232 87
264 83
279 271
215 63
137 122
140 5
210 217
1 90
1 226
138 124
196 145
87 273
301 199
200 250
36 286
273 149
118 107
229 117
109 66
195 161
290 97
78 93
125 299
101 217
102 56
199 26
155 279
51 24
30 56
151 248
254 172
237 83
19 32
115 257
9 173
274 275
97 145
16 116
224 228
38 135
40 75
173 51
200 128
26 48
161 192
58 52
156 45
7 207
223 2
299 166
29 232
186 133
269 234
138 153
19 114
62 238
175 80
163 240
278 194
140 224
200 18
84 122
121 273
132 102
117 0
262 159
150 223
41 145
206 184
230 29
252 226
63 108
122 258
205 41
302 74
93 237
141 31
256 278
177 299
62 113
10 126
254 235
55 131
22 251
242 305
279 300
12 97
194 239
247 164
144 266
89 10
173 260
204 185
261 25
134 44
200 116
12 73
265 33
0 181
17 23
104 33
51 103
164 35
39 6
202 3
44 1
242 135
200 90
202 233
161 162
47 239
155 293
85 99
183 21
27 239
295 17
171 186
175 34
153 105
21 75
130 187
48 60
169 155
150 82
155 179
77 174
252 78
305 183
183 136
300 225
229 232
248 225
247 132
106 272
239 243
143 138
165 108
139 122
9 36
41 108
155 291
119 247
148 304
132 247
1 102
142 124
90 110
255 36
295 46
210 271
243 287
267 176
276 218
162 112
149 133
153 222
2 14
267 235
83 99
19 268
305 256
9 293
122 239
217 103
43 195
119 64
230 51
53 299
279 211
302 166
15 163
170 96
70 126
0 230
31 187
186 154
61 99
39 222
303 243
209 280
156 135
79 177
157 248
221 233
230 248
6 47
276 199
213 33
11 113
272 166
159 47
53 132
277 216
134 201
1 249
223 148
140 91
59 295
274 235
137 134
186 74
249 143
139 78
226 201
110 291
247 54
145 20
25 194
40 134
295 155
102 145
57 167
112 305
238 295
49 239
216 116
201 160
43 221
95 306
89 71
165 181
137 78
202 76
160 60
270 67
253 18
100 95
74 128
140 93
164 226
8 232
36 61
126 71
236 54
14 264
11 24
278 152
214 176
248 250
195 67
168 270
200 141
6 52
110 88
232 299
59 146
5 172
180 244
172 200
78 224
130 242
140 81
21 206
148 111
267 285
124 239
101 231
190 304
141 150
264 66
114 87
117 100
279 213
267 178
215 275
120 144
92 76
161 119
124 54
258 107
187 247
142 104
208 274
15 178
280 135
126 246
52 257
250 249
215 86
279 207
218 135
145 259
154 146
239 149
11 219
282 169
143 31
221 33
25 270
138 240
268 98
268 196
300 286
256 111
53 159
140 119
108 11
235 40
151 71
226 119
254 132
127 220
289 146
203 299
187 126
1 305
31 202
116 244
42 295
290 87
106 274
149 44
53 181
75 262
13 219
303 200
157 246
168 111
169 24
191 254
215 84
140 65
113 172
45 188
157 282
20 34
219 145
126 148
108 240
204 148
252 194
47 126
81 38
204 207
256 306
18 3
226 160
95 180
146 290
241 288
175 126
141 77
191 172
98 208
171 268
110 22
284 239
283 75
62 259
119 82
279 217
231 39
95 235
246 7
290 43
118 95
118 22
231 63
298 293
240 195
159 269
286 108
106 17
183 254
68 29
17 275
170 62
224 57
276 25
190 33
120 266
232 43
148 50
278 199
222 280
260 232
226 178
181 24
70 3
138 256
280 236
204 157
87 9
164 117
282 281
242 58
93 206
252 172
54 243
66 15
25 272
223 304
253 95
249 130
216 260
89 176
180 99
118 165
186 183
276 51
67 201
71 32
223 246
158 289
88 138
205 189
71 171
285 139
219 200
191 84
127 5
42 69
15 275
235 166
175 133
270 169
242 291
222 259
49 38
262 148
81 295
215 163
11 37
302 58
0 223
278 49
115 296
163 3
75 112
217 302
157 47
15 8
303 211
7 282
98 154
35 253
33 254
155 24
193 204
163 148
145 230
51 135
267 209
99 77
201 223
277 264
251 129
224 299
141 238
43 270
281 208
293 68
64 12
259 89
242 293
247 301
279 15
52 60
40 263
150 69
239 132
131 164
41 214
274 160
305 76
173 242
126 259
118 47
86 28
81 241
213 220
168 84
287 170
8 224
81 217
126 56
59 215
193 212
95 107
94 25
230 211
118 281
191 11
216 119
50 258
77 127
70 116
192 269
278 301
283 81
237 30
155 217
208 46
106 116
185 247
9 283
52 65
241 245
165 168
138 202
138 151
233 189
167 287
167 99
88 245
145 175
100 289
269 121
112 291
277 140
101 60
299 290
101 53
156 133
222 121
228 116
278 223
139 193
74 18
111 229
248 90
61 182
222 207
82 169
34 290
219 15
246 136
62 26
32 164
23 298
179 96
5 79
95 48
136 306
31 304
146 263
92 2
7 149
198 144
131 7
230 116
163 119
125 226
206 289
87 215
154 101
54 149
33 262
12 187
20 128
4 92
239 51
253 53
135 235
146 212
240 75
189 135
192 297
282 97
82 276
266 300
245 134
283 84
234 243
109 12
82 274
215 78
216 114
156 288
70 14
8 179
184 209
166 189
118 9
137 95
144 91
74 5
173 299
48 1
133 243
113 174
120 262
36 161
136 45
135 81
61 212
60 174
283 182
163 56
184 222
237 216
133 199
10 115
213 218
304 47
267 239
143 38
57 151
219 182
298 132
58 111
186 304
174 43
90 141
237 222
227 225
298 288
167 285
184 154
141 223
95 13
67 80
269 10
94 42
140 253
201 193
177 125
233 187
0 9
53 162
111 164
93 164
260 178
217 26
151 188
80 20
112 20
239 104
37 121
305 277
261 69
75 288
167 25
283 55
171 41
70 296
225 117
297 270
52 76
298 143
224 77
266 229
193 149
51 272
136 47
126 296
174 30
205 276
53 145
241 94
110 172
108 38
147 151
230 37
101 189
135 132
188 127
205 66
27 100
120 11
299 263
31 306
194 125
262 231
242 289
25 131
147 58
280 151
223 226
70 146
269 236
273 65
133 188
103 285
62 211
134 159
213 276
147 299
124 5
294 210
274 35
39 247
259 276
192 127
175 194
265 161
147 245
162 206
121 253
204 273
239 228
38 41
99 182
265 261
58 301
294 63
204 296
280 254
7 16
5 106
59 240
213 255
49 54
176 117
136 15
120 128
102 264
69 220
114 0
156 158
240 10
97 299
244 74
163 230
89 84
269 126
144 111
193 264
255 95
114 144
116 298
278 197
87 109
38 239
68 238
38 94
1 251
137 204
252 192
297 108
252 142
88 210
133 31
114 113
242 11
138 237
90 250
191 212
11 101
86 188
263 142
206 48
292 299
177 135
90 208
7 200
131 194
187 99
133 8
65 168
101 183
246 291
92 63
165 124
36 63
175 166
101 222
178 280
149 84
39 56
118 127
34 104
179 189
224 79
163 99
289 148
189 248
0 22
162 286
105 256
216 130
85 94
106 248
247 3
160 190
276 95
217 32
38 242
35 277
173 272
8 235
263 161
71 304
9 151
73 198
260 186
23 32
18 86
158 15
272 59
288 168
243 263
51 158
252 81
221 103
257 61
191 203
125 0
298 225
298 274
30 236
279 174
62 173
34 64
73 262
220 134
163 152
232 210
57 124
203 221
197 58
153 85
283 159
70 137
109 176
118 26
19 43
5 282
54 30
19 176
172 298
178 146
292 127
148 134
289 140
55 85
25 133
101 249
70 85
38 120
262 255
291 236
257 167
88 277
200 252
204 0
22 174
138 192
69 42
257 88
68 234
27 198
69 150
120 9
278 209
66 204
113 4
241 133
271 78
197 203
219 17
45 222
252 204
99 135
98 191
239 94
271 286
282 207
199 221
55 145
255 87
32 170
255 17
174 130
94 230
90 58
149 52
281 212
249 172
67 144
54 280
306 243
20 256
186 78
136 281
277 53
18 174
34 54
59 98
162 129
29 17
90 137
17 9
42 217
240 226
303 291
181 154
22 70
281 6
217 63
149 216
185 148
83 198
44 306
196 100
88 122
34 168
88 96
127 260
245 263
93 160
36 221
232 61
66 1
199 218
293 192
291 146
283 205
16 82
168 158
174 94
86 248
246 138
228 135
131 114
91 27
182 195
163 61
204 49
54 101
303 9
15 42
25 296
288 272
25 298
270 43
289 67
165 152
91 262
251 64
123 253
29 39
175 61
178 126
201 126
186 3
222 64
136 152
191 251
95 210
302 83
102 38
241 157
45 276
50 56
250 226
188 35
297 227
217 78
94 260
295 140
5 104
248 41
281 20
21 8
102 288
4 301
43 83
109 24
20 229
104 10
305 275
122 200
168 201
241 104
259 168
45 140
78 238
103 178
293 263
276 111
187 255
182 62
156 75
124 69
126 152
162 54
197 88
95 237
294 261
112 236
33 166
134 28
229 49
295 259
60 205
14 227
1 228
200 232
204 256
107 61
166 218
76 201
281 303
292 107
218 143
203 61
63 10
137 209
235 59
216 151
265 238
71 238
14 187
42 119
140 278
193 173
12 306
203 15
247 166
75 236
262 285
49 52
208 108
8 279
32 290
178 47
226 35
17 42
173 220
301 262
6 203
256 107
238 7
136 136
183 54
187 157
181 286
74 85
190 52
164 166
213 51
218 28
195 80
25 159
20 300
234 139
218 198
209 245
234 241
127 123
85 11
62 242
255 98
212 274
195 217
238 54
192 80
44 250
18 71
299 5
51 122
95 35
70 251
114 298
70 18
152 256
257 123
270 288
130 248
44 274
282 246
134 285
277 255
183 101
242 62
124 217
175 28
269 251
300 248
146 257
58 132
227 32
225 180
61 28
68 248
177 46
134 0
299 53
235 125
150 299
189 57
88 148
153 188
129 87
242 60
55 161
101 191
305 161
298 99
66 78
221 0
304 163
178 161
7 86
212 147
300 57
153 108
121 160
123 171
39 220
274 217
280 52
101 235
92 240
91 84
145 156
201 248
1 279
104 263
7 272
31 289
0 221
84 301
72 69
54 80
277 290
297 145
89 73
103 8
181 301
281 272
100 36
117 82
131 30
288 107
107 90
301 96
297 176
259 198
21 170
125 65
134 161
156 40
2 171
257 291
5 289
114 166
249 79
102 223
78 17
108 68
276 46
82 297
101 156
258 305
202 253
195 130
142 269
270 130
102 36
247 213
33 101
39 51
77 172
216 65
238 52
286 251
56 110
226 18
146 207
47 212
64 27
49 296
39 164
211 176
300 131
182 210
5 90
195 58
108 290
77 158
101 49
89 123
41 39
34 201
158 283
63 240
21 147
226 16
258 132
172 202
195 292
46 0
194 31
112 41
93 99
255 287
215 52
286 127
251 206
147 176
86 183
121 94
247 211
152 126
278 288
0 201
216 133
184 74
68 79
149 204
65 81
288 37
281 279
161 248
139 80
238 95
226 20
220 112
196 152
240 14
62 171
225 130
241 247
196 201
208 183
219 306
77 29
255 191
151 14
254 108
79 118
249 235
275 271
1 267
292 29
48 36
251 144
148 206
90 164
192 34
1 80
122 255
188 114
112 151
201 0
123 257
279 157
144 104
51 178
41 184
282 22
116 96
73 238
257 273
247 26
285 170
241 273
81 243
192 271
23 100
266 45
294 190
273 83
50 186
121 260
245 101
39 159
153 294
45 24
132 205
79 303
304 157
275 83
248 284
276 77
296 247
133 69
45 97
249 167
159 169
118 66
273 271
305 168
141 126
206 54
286 110
44 293
40 157
302 76
290 108
51 64
276 190
73 276
206 245
159 45
38 259
99 210
195 191
53 48
268 17
9 272
257 257
198 18
140 162
125 257
241 131
125 160
12 115
78 70
206 34
78 264
30 302
147 288
27 23
135 170
221 54
82 222
53 201
231 169
228 104
8 21
151 232
65 8
248 129
304 84
158 40
183 193
61 110
151 291
72 220
156 160
271 105
111 11
6 280
40 23
287 59
110 236
217 293
288 144
253 148
31 181
195 56
114 223
304 39
18 5
276 109
112 53
175 241
42 274
246 253
75 52
279 139
96 75
50 77
22 271
287 99
296 66
156 215
178 257
81 255
2 200
240 107
214 31
236 184
176 8
199 193
34 273
52 259
125 147
4 305
39 22
172 97
82 8
294 299
306 258
93 22
83 110
210 273
298 168
263 9
182 256
7 137
79 92
296 304
300 67
139 303
98 205
1 50
246 181
282 199
301 65
217 259
232 301
133 35
169 83
120 108
192 24
64 204
108 144
36 134
249 100
267 231
144 257
166 284
228 21
289 163
96 24
96 205
27 42
200 28
195 72
112 110
226 300
29 192
251 251
127 305
180 47
76 206
82 301
296 131
180 175
99 64
212 95
22 163
101 55
250 247
277 208
218 224
182 115
183 262
47 256
148 293
280 116
156 191
93 44
114 106
56 122
151 295
202 115
185 129
194 233
123 91
78 234
111 214
162 173
223 282
117 198
13 262
64 33
181 26
254 170
5 32
220 260
80 111
72 137
230 101
76 85
178 106
94 140
179 263
263 209
246 125
31 123
29 68
163 75
305 286
257 86
270 149
122 76
272 161
126 67
10 191
272 274
181 299
235 121
260 209
78 202
118 258
68 127
101 65
258 166
221 66
280 291
110 113
85 73
98 79
104 233
227 259
41 206
157 23
113 296
221 181
106 250
2 115
12 75
202 158
223 66
265 286
91 70
298 19
167 19
54 52
304 17
286 38
74 275
4 281
211 3
108 273
261 150
207 250
150 134
179 41
74 221
9 248
86 139
157 99
47 220
41 150
79 5
251 30
54 77
190 101
269 41
41 83
148 66
200 208
202 225
168 36
203 262
207 20
88 179
83 224
97 195
199 76
42 117
118 45
306 203
50 22
124 59
88 213
177 218
50 270
63 261
235 212
6 270
32 150
80 304
231 247
101 220
233 97
158 51
134 127
256 50
131 70
264 217
132 245
224 269
94 228
138 178
63 37
131 244
58 109
42 95
169 48
20 108
10 63
250 7
279 118
147 64
189 11
108 22
263 276
196 297
226 62
165 61
69 104
151 52
250 236
217 132
167 239
162 283
28 21
97 269
6 186
27 133
125 145
136 156
270 99
127 289
230 15
190 37
79 30
143 155
292 231
95 304
214 257
195 267
242 155
173 28
63 286
155 144
21 102
240 73
18 270
172 8
217 223
155 157
202 113
38 163
174 46
18 116
68 86
52 294
190 15
29 190
96 178
73 232
265 259
143 232
260 131
60 51
295 216
204 51
75 129
259 170
0 48
257 49
210 278
131 191
218 47
213 99
207 203
73 67
14 85
302 123
27 46
284 1
221 293
10 129
222 160
31 38
301 276
296 291
178 174
276 193
192 28
188 19
34 220
117 175
162 127
40 114
144 95
188 108
57 86
3 17
61 141
116 135
166 27
265 247
84 285
146 55
67 32
7 173
42 4
227 264
263 151
52 261
144 123
289 132
215 17
38 63
119 260
105 189
138 293
254 243
155 117
101 178
184 14
196 248
53 297
91 44
180 59
203 203
80 164
101 160
277 257
160 134
262 138
78 161
230 27
62 100
277 55
56 100
65 36
232 102
255 180
11 20
94 205
16 114
69 301
142 188
198 233
286 186
38 95
133 62
245 185
241 140
264 224
215 74
142 184
202 140
106 92
133 197
28 45
283 14
66 304
175 200
32 179
120 104
6 205
26 57
205 165
62 184
148 306
41 221
203 271
139 235
165 294
179 71
246 130
156 286
248 163
238 271
203 205
18 131
40 162
92 82
213 139
58 134
160 94
11 258
235 84
55 13
192 198
240 292
133 190
142 29
20 115
228 247
45 136
68 250
184 174
98 99
131 262
25 101
95 33
247 223
272 55
108 15
248 81
122 78
257 275
138 52
256 286
146 85
200 45
113 86
99 203
274 57
254 195
305 181
163 114
269 240
35 226
128 187
204 233
74 144
0 284
119 197
281 156
84 40
94 1
43 138
136 213
2 6
99 88
122 66
190 99
59 62
284 243
157 85
167 97
199 284
84 136
231 190
123 44
40 295
130 284
268 12
133 64
258 199
59 167
21 299
259 274
174 139
176 40
149 295
236 271
32 1
297 139
183 145
238 74
165 268
103 160
21 77
102 90
42 197
153 10
192 151
253 37
94 50
235 227
264 222
245 289
87 177
158 206
297 156
278 176
145 205
199 161
199 72
247 172
262 11
118 230
158 97
69 16
281 141
44 119
234 296
78 240
