154 132
73 234
206 190
298 76
194 295
151 281
261 162
236 181
171 37
40 227
36 22
86 75
273 215
306 238
248 159
192 12
226 212
242 140
46 19
198 15
251 124
70 258
53 115
29 86
275 178
115 66
154 249
168 62
111 153
178 78
9 173
75 116
130 18
130 197
222 166
24 115
272 45
141 124
179 305
156 289
298 42
291 84
124 255
193 175
189 131
258 27
176 108
134 137
203 276
59 31
176 218
53 285
198 97
234 62
194 100
166 109
195 103
300 167
84 198
18 89
13 43
63 6
303 214
174 257
299 275
203 172
161 74
235 103
93 99
116 259
162 170
167 21
170 137
26 134
182 130
264 278
5 114
266 127
267 301
40 10
162 116
245 74
17 21
254 303
245 261
22 255
49 123
25 80
223 123
111 109
287 13
86 187
207 120
39 237
246 41
300 43
240 193
269 100
177 126
26 220
188 128
210 114
126 186
84 111
111 51
73 125
76 172
160 14
255 187
246 278
77 160
77 113
282 240
169 186
172 48
247 282
100 162
305 34
235 190
102 153
201 288
237 154
181 291
29 188
52 178
290 168
115 261
210 214
57 221
99 247
214 85
257 123
103 35
37 133
274 74
1 217
55 298
136 8
15 223
77 264
228 256
217 90
196 238
134 123
19 33
203 235
306 65
148 257
87 283
12 295
283 203
123 51
254 90
305 74
8 185
81 302
285 267
124 45
6 175
137 27
181 269
125 296
54 125
12 248
122 205
196 129
139 213
287 0
25 300
60 41
287 293
88 22
263 11
158 189
86 181
291 229
221 224
67 83
136 126
58 196
115 20
245 35
298 139
229 22
180 261
67 154
241 137
299 271
67 253
232 304
184 52
12 95
51 65
105 285
265 221
285 53
163 206
90 154
275 59
176 130
182 143
140 12
72 306
251 73
9 67
142 157
229 161
169 98
47 2
42 73
127 168
240 8
259 68
303 73
122 68
85 270
228 114
68 283
197 26
89 299
10 89
248 153
199 296
221 247
292 31
292 131
97 21
203 208
303 75
231 23
298 263
100 192
117 282
44 149
160 153
29 50
5 78
20 204
246 188
274 136
259 109
75 146
250 301
155 113
151 142
134 94
201 250
132 304
113 90
162 184
151 168
139 175
89 91
0 75
146 91
40 86
225 296
188 9
206 194
149 109
10 229
300 131
291 175
57 81
210 93
268 263
163 163
220 34
60 172
206 274
94 128
38 285
113 231
124 170
121 264
22 77
67 63
247 101
282 305
99 232
254 181
16 84
6 14
94 12
189 3
88 26
168 27
285 51
71 227
219 262
209 151
35 43
287 139
86 297
109 20
44 23
171 135
160 20
56 188
20 106
91 156
8 110
36 298
176 282
222 283
201 157
210 109
153 86
223 55
259 306
181 194
28 196
8 131
235 148
214 303
79 289
87 103
235 209
94 126
226 244
115 32
39 95
150 5
53 85
115 44
175 33
54 224
22 10
15 6
281 80
226 298
271 114
2 219
190 218
204 295
249 128
116 245
57 143
296 155
303 275
100 190
73 301
32 130
158 160
61 268
252 222
157 4
86 153
54 121
294 297
120 177
124 206
21 146
0 306
220 202
269 44
64 238
28 306
202 254
122 133
107 14
266 226
272 112
240 230
115 60
289 303
264 246
32 206
147 21
116 247
68 70
229 104
78 163
281 102
125 115
150 46
107 146
73 222
225 69
72 1
254 152
268 107
43 55
265 176
298 224
41 304
22 61
131 305
206 78
85 91
157 216
301 190
178 194
304 216
224 286
80 221
21 64
260 210
13 2
218 267
105 191
10 133
159 12
64 248
194 12
198 73
130 303
3 185
210 212
100 84
19 125
223 183
86 77
139 53
71 229
61 4
167 272
26 196
299 53
204 170
112 201
22 168
33 285
81 164
253 39
189 98
256 189
151 112
195 54
256 195
230 87
83 171
15 80
0 52
50 179
261 53
243 138
264 210
117 169
54 129
183 244
253 133
245 127
56 103
187 243
132 132
265 240
228 262
62 107
155 191
152 118
15 160
187 112
109 14
46 216
216 51
281 253
109 84
54 217
139 285
200 94
38 76
3 90
176 255
288 110
63 222
190 198
24 239
275 94
232 27
227 186
183 98
180 236
161 297
260 48
128 85
284 142
122 286
50 165
29 57
306 24
106 263
71 141
279 80
263 81
157 52
144 177
91 252
143 187
223 205
255 150
44 17
64 166
123 260
129 268
250 153
36 73
272 250
158 157
123 107
290 127
278 236
96 209
145 92
154 125
52 41
117 7
260 274
123 197
135 107
249 30
254 86
257 55
76 263
164 274
144 102
289 263
93 273
32 57
40 93
106 258
171 167
297 21
93 271
162 223
138 267
72 98
260 276
284 98
165 134
260 55
242 274
151 1
128 156
301 169
99 86
275 224
86 11
253 131
41 8
277 154
58 85
159 213
165 106
289 170
85 49
242 252
252 178
43 145
238 49
35 165
104 188
19 135
127 66
150 110
63 28
242 153
61 6
153 220
72 178
19 45
80 239
216 88
244 254
200 114
197 281
127 289
263 250
125 50
153 44
253 73
295 21
152 17
158 94
214 261
264 302
158 102
103 279
30 292
55 255
274 140
190 47
199 288
234 272
245 37
185 14
224 54
217 278
222 261
19 73
83 139
1 39
287 11
85 283
252 35
111 24
116 29
276 261
156 250
149 205
214 154
70 104
6 152
204 18
297 189
222 163
152 122
121 271
270 10
299 252
254 177
284 306
102 96
261 30
129 56
143 96
275 159
200 116
63 252
141 182
131 0
174 296
52 134
90 112
170 184
149 218
166 259
147 60
205 206
289 40
287 124
143 105
183 198
180 129
20 104
104 288
133 121
1 272
297 191
216 176
27 26
166 270
273 288
185 259
245 175
247 210
276 179
273 80
10 36
101 195
5 291
195 148
75 180
184 63
11 296
34 291
78 207
5 40
172 299
68 254
0 304
247 163
7 295
179 18
278 2
46 214
21 124
19 271
301 261
210 105
228 22
94 137
177 242
273 56
56 282
80 122
95 157
68 25
211 96
278 19
203 262
198 187
33 287
84 44
67 129
85 272
246 140
125 260
99 47
148 298
27 280
55 108
102 181
177 163
140 297
89 278
59 186
101 216
183 159
232 164
300 223
254 161
30 244
301 209
301 8
161 162
141 54
297 272
87 96
62 154
244 152
45 137
126 170
65 220
222 109
149 269
104 32
63 184
170 240
154 247
253 54
205 306
31 234
162 95
271 67
1 274
289 267
73 141
137 17
300 260
275 257
123 239
3 180
283 157
67 281
117 33
27 51
13 222
113 45
146 291
13 189
129 305
211 285
274 261
19 5
285 78
297 276
138 155
26 22
97 108
99 292
118 128
120 287
120 179
191 216
90 51
135 53
276 210
277 158
302 7
119 183
12 216
31 208
261 127
299 189
256 287
150 49
296 19
215 133
22 205
43 95
304 97
251 132
192 201
160 54
21 21
222 53
4 66
40 52
245 212
66 306
36 41
259 259
41 205
58 194
21 110
228 233
110 39
56 132
144 152
43 124
14 88
300 158
85 124
304 203
256 180
163 270
4 175
43 152
20 126
47 251
97 211
93 176
67 203
0 7
209 285
242 19
229 130
151 80
3 282
208 44
258 210
177 276
259 139
116 270
240 13
1 211
124 278
301 141
259 59
149 292
15 234
98 68
166 213
207 107
285 16
42 209
79 250
201 166
240 105
269 238
281 5
71 298
0 67
279 37
175 163
252 75
88 111
280 239
54 219
299 209
187 97
67 279
172 96
140 180
158 100
93 61
107 193
169 20
283 278
98 230
295 84
206 18
92 162
57 169
303 163
231 301
297 302
56 244
289 138
48 166
53 40
45 45
288 265
264 232
139 94
125 52
70 277
32 258
215 264
77 290
67 112
158 153
277 175
296 111
278 112
118 96
70 140
260 158
116 201
207 234
249 228
162 299
98 178
158 17
278 137
148 273
279 105
21 81
35 267
89 216
191 111
192 134
269 95
19 103
284 201
83 80
137 211
61 208
140 56
230 43
284 178
77 277
30 242
221 105
239 19
93 26
96 128
139 269
8 190
192 32
140 240
8 228
94 193
98 97
287 67
191 211
195 251
301 113
298 154
260 255
175 60
29 160
259 248
224 167
59 27
298 233
194 102
64 113
98 224
67 186
109 125
283 180
249 251
138 9
249 51
138 66
174 247
229 30
0 223
223 72
180 10
142 265
29 198
159 49
83 200
114 293
151 43
75 264
221 275
109 265
16 299
152 66
35 67
249 183
211 129
100 138
180 224
67 41
251 23
124 148
115 169
155 25
279 219
169 3
31 278
104 96
34 261
133 262
170 26
251 122
255 165
84 289
46 299
147 135
126 123
148 90
290 296
2 104
276 153
182 52
0 20
306 50
129 87
27 6
69 125
120 24
96 282
246 84
184 128
281 171
86 179
250 298
117 229
301 285
126 48
187 110
124 117
147 139
193 27
40 284
133 119
27 38
224 52
64 287
72 3
278 174
102 280
226 117
249 4
233 262
303 11
281 24
187 10
76 237
69 102
271 145
149 4
235 215
266 296
88 280
163 195
9 111
194 204
74 240
96 299
125 150
252 231
276 277
270 285
178 220
274 153
114 303
46 268
150 0
87 60
90 5
231 299
74 177
233 148
166 257
228 16
236 12
3 140
32 260
68 23
284 279
102 236
37 281
136 158
79 245
33 275
6 293
1 278
135 261
261 46
229 62
50 58
92 228
36 56
129 227
195 172
82 25
59 109
196 91
89 25
181 217
250 184
3 288
220 29
61 26
192 57
140 223
172 206
197 160
62 207
144 46
210 210
157 104
219 114
278 192
130 147
217 119
132 123
219 291
271 151
13 220
28 210
168 184
115 197
29 194
8 108
183 144
154 296
117 5
96 110
32 153
237 208
116 284
94 197
147 23
183 163
140 79
219 65
94 183
136 69
46 272
290 137
279 4
46 220
189 179
113 225
268 209
300 211
77 117
279 171
242 230
270 260
269 12
118 200
162 125
109 199
41 96
44 276
128 59
194 152
213 132
31 100
146 101
129 7
299 285
97 273
28 60
57 246
216 24
207 31
148 46
178 120
170 270
265 82
137 167
182 79
277 225
110 80
140 253
274 138
201 293
103 192
157 78
290 130
37 25
242 254
264 116
205 94
147 141
236 134
183 72
214 14
44 174
56 262
180 267
236 284
103 118
151 283
89 253
189 59
257 279
240 90
234 11
17 0
135 104
94 23
218 29
134 117
298 292
257 305
302 97
187 156
40 156
100 164
183 174
35 58
160 63
108 237
284 245
218 218
275 117
191 176
87 212
152 120
233 34
214 19
284 58
129 270
32 162
96 194
83 42
121 78
142 254
124 155
194 247
217 142
133 161
206 55
7 136
58 244
235 296
220 285
276 279
132 16
67 233
29 182
228 47
227 38
10 182
8 12
13 128
301 290
8 275
157 290
133 265
147 26
296 75
225 225
179 36
114 104
164 294
14 164
114 205
210 208
113 65
33 66
198 0
254 196
280 302
250 29
122 19
54 36
275 282
250 27
238 9
99 79
75 233
19 273
136 237
137 93
2 119
125 153
83 9
160 102
278 255
10 11
34 263
197 262
68 302
299 110
108 97
76 188
62 42
55 221
229 258
23 218
107 1
125 161
26 244
164 183
111 168
70 98
7 149
5 146
153 218
94 177
9 139
114 97
236 80
177 107
225 58
306 121
173 60
109 127
241 123
268 233
213 151
135 18
184 206
33 207
139 211
144 44
255 289
149 54
251 151
0 34
299 221
68 2
94 97
107 21
176 136
258 104
69 183
178 239
82 44
240 241
220 106
133 306
153 254
237 74
178 235
116 22
36 296
247 180
142 56
213 186
252 7
105 94
297 165
5 54
86 137
223 224
39 293
247 0
52 296
54 146
171 215
147 264
202 155
22 35
299 261
222 36
91 9
280 173
137 206
230 89
273 114
209 43
286 61
200 129
65 286
153 119
225 182
259 70
125 105
92 47
287 137
63 220
134 9
280 100
100 272
112 28
234 101
59 101
105 5
286 182
202 46
218 203
166 155
35 98
17 159
7 142
15 297
280 33
275 187
65 63
202 184
177 94
69 194
136 293
181 118
111 0
200 74
281 82
76 162
103 37
237 53
279 289
100 194
286 306
232 282
54 49
284 62
67 294
197 102
280 46
124 67
244 106
109 267
146 298
139 171
286 25
129 299
201 92
110 82
92 234
73 224
82 90
208 106
266 32
49 184
171 60
258 195
15 179
110 218
247 174
281 17
284 140
124 276
209 288
109 96
244 207
253 122
78 116
47 46
133 33
234 186
62 169
69 34
181 110
151 217
139 55
64 266
298 26
11 284
68 127
53 167
141 176
126 5
92 103
162 168
0 249
213 174
14 52
292 111
212 1
13 178
278 186
94 37
224 135
55 106
16 70
240 255
271 76
202 162
60 151
153 142
166 297
67 146
271 42
118 228
299 95
41 236
282 187
247 80
250 101
159 77
266 303
234 41
23 241
13 40
72 239
267 92
183 259
49 48
2 37
3 200
50 236
217 17
300 197
115 115
271 85
66 28
110 141
119 181
159 4
60 206
23 107
245 82
228 89
134 109
154 235
104 93
265 208
124 172
264 262
137 228
265 129
28 131
18 11
12 87
258 130
275 161
86 23
294 223
39 261
9 129
93 51
257 28
40 4
159 171
78 156
77 145
68 156
95 99
18 41
70 196
86 250
213 95
80 255
253 240
204 223
7 186
84 47
267 265
223 111
110 272
265 300
2 122
97 39
275 216
117 61
79 145
37 206
28 27
95 263
297 260
55 286
156 29
306 38
189 226
44 156
67 236
106 9
150 188
252 71
52 243
181 263
148 236
221 69
241 251
125 214
271 273
57 301
206 133
179 105
115 4
71 184
256 197
29 171
17 196
163 255
265 118
84 7
128 54
97 208
42 203
30 284
240 290
24 256
277 219
65 224
255 276
215 23
152 107
183 146
300 112
99 119
20 158
165 186
270 147
142 122
276 151
117 231
30 282
149 238
249 166
125 273
146 208
84 273
109 239
250 78
284 295
180 219
113 289
154 278
79 159
279 51
149 143
41 124
257 93
155 294
292 127
244 167
102 234
246 39
177 114
298 19
282 139
279 53
116 199
44 203
6 65
203 75
28 8
167 35
80 157
217 167
259 128
38 250
154 231
304 86
105 38
132 117
268 247
58 89
303 255
246 259
175 71
286 15
186 105
133 125
98 241
220 200
14 97
17 180
275 96
65 9
260 44
277 245
211 246
182 202
246 284
220 121
29 175
166 267
65 42
119 60
295 237
35 39
2 33
263 139
55 293
268 83
1 245
233 153
261 7
25 34
118 105
215 284
195 150
228 213
104 59
45 248
279 246
23 90
159 133
95 108
305 12
161 56
260 186
237 156
226 210
138 215
151 190
61 11
115 255
67 39
306 226
160 170
132 82
53 34
289 100
244 216
61 212
132 284
45 92
139 207
273 166
300 129
3 263
69 297
225 123
207 152
13 258
78 20
227 119
164 185
175 134
246 263
43 277
93 108
64 35
280 305
282 183
238 91
259 29
251 38
56 295
224 208
242 305
216 190
20 156
179 284
165 192
249 209
87 90
224 201
113 196
29 298
54 253
252 107
96 271
219 293
98 193
118 263
241 154
90 47
169 51
187 206
126 117
257 132
197 19
54 241
298 44
282 213
216 298
304 65
98 288
71 300
19 160
285 278
129 114
77 4
271 92
91 158
217 301
212 49
55 300
158 28
242 194
185 95
150 7
124 159
215 278
164 95
176 238
268 97
190 7
52 188
187 297
91 111
131 145
99 58
109 43
126 275
129 9
232 149
90 261
186 173
279 159
120 67
167 238
13 260
171 46
201 295
205 119
196 232
118 271
268 261
100 59
257 285
89 124
0 147
269 124
260 51
269 166
142 240
33 198
254 239
221 144
65 202
214 222
171 39
167 3
252 102
214 160
166 23
194 38
260 196
25 186
99 158
134 64
281 137
96 174
278 238
113 167
144 24
3 183
176 161
112 233
161 129
295 109
5 32
144 254
271 79
287 270
144 100
268 162
113 106
293 302
57 75
262 251
236 278
61 203
153 301
237 263
77 261
26 102
28 158
163 121
225 185
32 34
230 24
242 92
70 0
82 21
196 266
96 132
130 251
213 84
247 127
229 39
156 169
92 192
233 294
177 116
70 151
186 115
228 69
287 281
197 71
207 246
169 42
189 272
30 290
80 24
151 303
60 214
71 223
29 267
2 12
92 121
294 249
230 303
287 130
104 286
79 203
152 124
20 60
71 153
136 305
245 110
121 90
3 55
252 52
114 246
193 36
48 129
259 212
88 24
246 178
268 288
272 65
202 256
186 12
164 266
109 50
304 225
279 119
236 153
238 277
260 160
148 137
262 114
145 253
55 160
95 82
264 72
100 98
300 101
288 268
148 43
51 238
84 84
146 137
228 102
56 118
306 212
154 141
136 106
49 270
60 190
289 270
175 275
145 270
53 75
168 214
130 141
48 168
118 233
175 253
31 173
216 221
292 261
63 111
244 278
59 241
83 96
253 192
108 88
117 63
184 59
282 292
133 72
50 11
31 21
140 10
236 8
215 83
241 160
230 262
281 54
51 259
258 16
179 222
185 97
199 220
216 31
120 20
231 275
281 249
3 79
68 14
284 158
232 284
227 51
259 257
186 113
233 172
132 198
200 233
100 38
195 294
98 80
180 109
42 148
230 249
187 4
230 61
60 140
289 228
156 102
137 176
86 244
235 7
114 216
58 295
293 230
33 32
174 96
66 282
176 194
292 109
191 237
268 120
281 84
74 278
292 13
82 23
44 219
160 207
59 152
193 177
111 126
22 259
244 131
157 85
76 224
231 263
76 55
150 220
74 164
135 79
205 16
189 185
174 51
107 188
130 11
3 306
188 174
194 133
172 184
262 85
110 54
305 46
194 71
239 196
59 184
14 190
120 259
223 287
213 284
70 123
118 215
51 297
52 61
112 226
39 12
115 0
262 137
11 129
93 156
202 223
112 113
138 225
99 237
237 133
44 69
224 70
205 234
50 272
88 233
195 70
7 304
50 51
121 175
18 87
94 240
96 60
21 74
292 157
281 22
212 273
218 63
47 48
123 201
277 282
300 234
262 233
154 176
196 217
21 100
26 306
225 246
84 297
202 75
290 106
124 142
66 70
286 177
194 129
95 164
298 156
71 100
250 268
179 237
300 77
214 46
154 106
289 90
32 276
191 31
5 187
15 112
191 277
24 220
3 198
167 292
147 244
17 199
235 56
148 62
78 60
192 100
301 143
33 40
133 98
269 93
84 72
21 19
294 22
274 297
170 43
76 183
296 194
230 151
120 74
235 293
117 280
184 115
59 235
140 123
22 229
157 249
298 141
66 238
291 114
109 152
82 126
281 50
163 97
6 209
27 189
89 67
279 25
196 219
123 131
303 209
265 198
179 33
86 143
174 32
29 123
94 1
233 125
268 199
3 115
295 128
76 241
238 135
51 12
273 290
129 261
294 198
23 6
62 205
77 235
67 88
41 137
82 61
201 171
256 36
297 133
193 88
150 301
214 164
204 246
116 84
50 243
115 305
239 157
201 29
118 84
121 92
173 198
85 95
73 67
75 288
197 28
95 213
295 293
115 6
90 264
284 289
226 33
248 208
265 33
48 23
10 250
107 30
114 150
302 42
63 224
126 57
191 20
60 111
105 145
250 82
24 82
113 6
204 190
287 141
153 280
60 266
86 47
278 47
301 294
304 45
50 135
27 20
76 239
16 201
266 122
288 14
245 276
236 273
196 285
155 272
125 125
19 231
117 195
84 187
14 235
248 187
215 200
153 72
144 154
188 104
275 35
206 53
153 121
206 297
185 195
74 162
152 12
134 17
235 192
42 18
0 219
278 7
88 218
34 102
264 286
73 17
155 228
62 156
227 40
249 25
290 148
78 122
297 198
252 89
233 63
143 121
119 243
31 183
281 185
194 73
82 250
53 226
35 259
107 36
15 225
261 56
73 274
135 199
0 37
107 19
163 133
32 243
287 27
265 80
37 159
80 28
133 61
13 73
56 297
251 233
160 168
301 120
48 11
261 177
291 179
9 204
298 66
142 180
228 60
95 185
258 10
176 78
17 101
53 12
176 257
169 7
238 107
159 75
111 15
92 127
184 161
148 262
163 212
208 67
226 287
21 215
32 168
122 173
114 142
27 53
170 203
203 258
21 68
109 192
4 250
222 137
189 48
302 85
78 205
291 96
254 124
122 277
50 202
192 218
12 250
110 220
17 205
189 302
0 18
291 267
212 213
179 245
255 306
195 82
191 174
177 32
273 248
59 264
114 254
79 243
249 15
106 254
92 154
110 237
255 15
99 176
86 89
282 246
12 161
22 219
17 83
207 131
111 199
180 161
228 301
287 263
299 144
218 263
238 273
252 161
113 304
169 112
250 186
45 254
296 60
270 287
197 231
183 263
287 62
270 102
215 178
251 9
2 35
222 146
190 115
73 83
92 80
18 99
182 200
289 36
260 136
197 295
176 250
162 131
161 45
18 291
256 235
192 147
145 22
203 225
214 259
155 143
190 270
301 192
155 76
55 200
135 139
277 64
285 1
107 266
82 73
135 190
11 252
287 43
96 32
123 47
168 205
37 57
190 171
13 89
3 138
234 197
40 76
120 272
94 232
232 101
88 192
208 284
267 129
197 78
29 41
203 118
112 82
137 295
254 19
127 217
174 300
156 189
86 300
294 126
46 23
212 211
226 21
275 189
158 204
33 205
241 75
20 295
3 104
112 300
135 62
175 47
277 177
189 306
288 42
236 28
80 61
239 224
131 239
100 157
278 79
24 135
296 79
80 104
24 176
112 88
43 176
229 35
224 288
199 294
98 90
237 57
285 13
110 143
20 99
155 85
23 20
295 263
111 270
20 258
195 27
195 37
145 96
287 50
251 224
48 186
41 28
60 35
37 65
13 54
199 261
276 137
145 26
132 67
133 107
196 224
198 77
252 42
173 182
184 153
28 103
234 304
72 230
37 294
239 72
139 60
222 161
132 241
284 156
182 204
88 151
206 270
276 237
239 263
39 205
129 272
248 230
248 171
209 231
24 295
223 81
45 47
232 138
200 20
146 243
91 20
43 27
226 289
150 119
49 258
76 226
213 91
144 98
301 265
257 169
243 134
11 2
218 220
190 239
83 124
79 147
216 13
300 97
265 249
65 6
55 39
209 65
221 257
249 93
164 110
0 122
155 252
231 137
293 88
120 170
289 282
249 124
109 222
168 5
191 161
159 216
279 222
71 29
232 41
281 36
215 90
98 149
164 225
173 171
157 202
80 26
159 16
122 117
29 88
292 33
13 224
171 35
262 144
133 135
205 287
190 37
58 98
178 68
254 17
176 73
222 228
23 272
31 185
140 44
260 198
91 99
173 196
153 168
108 268
42 10
148 290
111 173
113 256
75 87
148 220
7 80
300 232
296 221
253 179
179 20
192 130
39 213
121 116
131 227
146 56
168 85
197 93
60 239
239 131
111 45
121 131
8 272
21 142
4 109
33 68
152 133
249 151
226 262
2 51
101 278
239 17
204 45
65 109
79 275
169 22
218 70
188 172
136 82
236 243
91 45
32 305
158 211
100 149
58 213
209 132
155 171
117 261
119 106
4 16
260 9
127 188
233 274
263 55
144 163
111 170
113 228
182 148
243 213
258 291
22 257
110 148
25 188
222 202
294 69
141 27
28 270
43 249
204 78
295 200
119 238
221 183
1 181
227 82
297 249
123 153
294 32
281 300
142 107
74 2
277 188
163 148
78 105
21 253
181 276
285 140
187 217
286 144
79 120
150 51
144 244
144 185
268 99
82 71
262 175
264 29
199 141
128 1
33 99
139 302
155 73
280 78
175 199
66 235
142 164
78 252
293 212
55 114
256 231
147 246
98 133
297 234
306 82
15 306
181 81
111 145
273 32
119 45
267 41
118 25
183 218
177 237
108 40
180 299
173 47
238 105
304 243
235 276
278 259
124 3
293 214
223 304
195 35
280 55
80 199
120 93
100 180
252 300
59 7
64 80
39 97
25 298
32 38
247 290
72 85
247 66
93 82
145 28
69 22
242 79
34 73
289 63
101 95
286 188
152 291
304 57
68 20
177 254
17 305
234 13
194 280
211 60
144 158
69 299
126 7
136 10
266 220
189 217
29 300
71 198
253 270
173 245
2 146
149 299
298 211
224 33
156 95
1 276
214 87
17 192
113 169
220 208
151 144
222 148
300 75
230 231
81 276
305 305
165 272
277 24
149 141
171 138
177 37
172 36
154 69
294 225
159 209
57 240
93 213
36 194
190 24
170 53
49 256
292 116
20 202
7 130
140 6
16 194
221 1
66 249
122 266
263 220
253 277
169 215
185 254
89 27
286 63
206 62
56 254
202 128
247 99
239 233
42 92
231 34
192 159
116 227
52 50
16 255
147 289
27 219
68 201
147 81
177 80
93 230
187 181
150 166
144 179
24 254
130 241
226 52
92 42
91 22
177 244
291 25
205 64
67 67
4 118
41 231
110 232
138 13
234 184
296 300
85 42
9 137
226 13
77 275
78 304
280 290
103 30
254 75
85 141
276 116
247 89
211 248
252 95
82 4
165 255
257 139
0 145
175 115
35 60
229 18
258 35
213 255
268 127
106 98
82 248
242 21
13 192
227 133
228 174
215 15
102 230
12 38
112 144
114 165
58 185
281 189
55 116
88 28
105 11
180 176
58 187
303 21
0 43
202 0
155 202
54 284
244 306
154 288
47 253
296 142
258 48
301 222
181 57
283 169
223 119
55 226
101 238
20 35
35 21
175 246
0 286
120 278
193 20
21 272
174 136
193 86
275 293
271 166
19 234
96 161
151 219
186 177
68 84
168 82
69 129
62 151
152 255
267 164
27 104
280 201
92 101
37 192
93 40
216 280
264 84
299 63
79 178
29 105
86 279
26 175
40 251
276 197
97 82
255 233
220 18
291 263
83 6
218 226
294 218
292 133
39 226
11 188
196 21
262 24
151 233
180 289
55 34
264 264
127 50
305 200
186 197
59 281
215 61
116 272
115 214
305 289
15 158
38 283
223 115
12 286
181 98
196 39
268 206
110 16
192 59
248 185
106 301
179 255
140 232
193 171
137 190
191 248
58 191
46 126
19 254
44 182
232 168
229 33
289 136
218 133
188 36
78 236
235 124
305 48
279 188
1 121
233 206
14 114
253 151
112 217
301 163
182 154
174 44
217 297
128 57
170 211
192 279
221 206
25 218
156 200
306 275
282 100
57 105
2 42
86 185
144 287
69 30
97 160
154 273
262 135
161 61
224 199
8 62
98 302
227 184
72 127
185 207
39 24
18 203
80 163
303 277
44 186
222 70
219 184
225 104
128 145
254 287
107 127
83 91
124 20
163 219
105 143
29 269
304 121
233 105
216 262
155 17
88 101
266 298
188 6
181 147
144 148
296 113
289 294
38 207
124 216
259 187
304 293
259 8
82 252
305 219
246 166
105 117
137 234
65 44
299 28
196 14
81 57
205 76
197 192
236 151
186 127
198 95
59 168
16 86
269 243
238 52
291 112
306 273
165 205
235 240
66 270
46 150
205 266
97 291
81 106
133 227
123 174
74 168
242 284
52 268
65 212
19 130
117 223
279 67
217 76
244 179
100 241
272 155
169 38
294 158
278 273
236 241
277 293
75 178
152 229
277 67
192 236
79 291
248 169
115 225
268 159
127 157
242 63
158 247
178 224
90 211
34 69
254 301
61 71
38 228
97 34
90 228
34 130
182 289
262 197
161 271
159 52
9 150
42 112
290 223
164 289
213 153
129 245
40 121
69 260
111 128
3 302
41 154
165 237
47 21
163 172
112 205
302 87
53 104
277 3
283 189
39 229
20 275
176 69
266 222
167 17
247 228
194 131
87 183
70 305
137 131
239 214
166 215
165 292
135 295
261 58
32 291
81 0
34 41
278 96
112 171
115 2
181 159
20 175
286 142
216 242
133 116
83 141
54 112
132 196
241 276
148 261
220 36
204 193
247 110
181 152
243 250
235 195
23 133
115 46
151 246
201 47
272 147
17 72
206 60
262 152
137 291
274 277
33 36
140 228
85 148
21 130
208 278
191 178
33 21
274 65
55 198
295 215
117 106
191 186
80 257
154 127
38 161
37 119
43 135
73 241
47 25
193 10
190 177
192 30
211 201
29 173
15 24
76 176
160 18
250 2
202 266
132 282
218 24
246 206
190 131
225 82
290 144
207 181
278 179
25 6
68 0
45 250
188 178
176 9
254 51
215 250
68 33
207 276
194 69
179 117
51 122
298 64
265 35
93 35
215 3
164 123
147 30
273 259
301 201
246 288
30 104
211 287
258 88
244 9
92 160
290 272
233 136
180 111
70 20
244 197
227 80
146 93
136 154
194 223
151 299
174 197
216 19
40 240
269 161
305 291
136 194
190 196
30 204
304 166
225 128
287 267
252 181
113 1
267 82
85 277
14 162
120 44
252 239
220 266
302 287
278 33
229 263
216 151
98 220
213 44
302 58
288 105
117 131
183 76
243 110
196 95
58 237
235 188
112 177
185 296
215 92
67 250
201 140
39 197
74 13
96 106
304 164
89 231
194 278
137 217
130 285
305 19
68 148
34 126
226 187
148 25
186 134
270 46
296 212
233 99
5 143
18 293
36 163
56 88
190 148
257 97
305 183
271 105
190 292
249 9
212 86
85 9
23 102
121 34
91 137
71 279
248 87
161 92
137 29
35 100
220 243
23 57
239 275
39 54
6 92
208 59
254 79
252 297
86 82
157 271
55 168
277 89
135 60
215 5
21 232
103 248
121 130
277 195
284 199
68 114
270 162
65 222
56 225
270 120
303 190
146 272
122 21
172 62
55 245
225 259
59 134
50 125
42 272
57 54
181 191
286 178
111 216
134 96
27 299
59 26
305 21
56 120
101 119
263 53
109 214
90 101
224 179
125 188
293 115
34 171
243 285
152 170
142 53
198 171
278 148
100 287
75 199
113 203
129 83
288 131
30 38
81 245
5 141
80 225
234 165
167 220
148 92
305 43
184 199
231 166
74 206
44 82
296 248
246 61
237 149
273 93
184 176
195 263
54 61
250 245
140 283
197 289
89 212
274 78
139 92
301 251
0 228
68 231
263 253
244 274
245 63
55 51
92 240
124 129
291 67
86 281
237 72
186 103
295 235
4 147
42 284
195 19
189 238
19 0
263 279
194 147
203 200
180 19
177 303
208 17
240 215
187 239
194 241
255 237
143 252
11 172
168 287
296 69
155 99
157 162
211 4
167 6
178 282
175 95
234 300
95 130
30 148
291 11
274 225
183 61
302 167
283 250
294 179
253 224
151 84
259 289
0 270
52 146
112 81
60 37
242 102
97 13
147 79
272 237
116 132
25 38
152 101
120 280
1 283
193 273
135 265
54 282
233 210
120 26
227 131
267 16
40 235
139 58
209 113
16 257
226 59
113 42
246 53
227 70
167 83
211 94
178 118
274 85
143 28
77 250
187 50
300 292
7 63
112 84
246 27
38 193
280 168
83 218
152 70
142 43
259 123
282 237
73 299
46 170
252 244
236 6
257 15
40 123
185 247
142 24
294 132
241 18
83 287
238 194
164 213
33 186
218 188
274 112
5 103
156 97
174 78
80 170
151 192
244 283
134 3
16 277
204 132
216 49
119 34
16 22
252 91
284 20
134 11
69 198
97 75
38 222
145 175
103 178
235 82
198 115
67 296
300 188
270 108
254 167
94 195
247 85
284 187
83 299
34 34
281 34
179 70
73 236
256 34
140 158
66 65
234 285
232 293
215 185
76 174
79 106
226 285
5 49
163 112
70 202
56 216
245 51
179 217
127 161
212 92
94 59
62 287
92 232
28 283
41 164
210 138
82 199
225 132
179 287
239 294
45 295
66 259
163 221
104 261
144 29
189 240
240 253
236 169
1 68
175 251
180 56
175 303
43 126
303 294
220 229
297 200
247 35
196 241
173 92
284 23
82 40
221 292
104 249
193 216
268 245
28 18
1 243
92 194
197 53
124 301
74 179
212 204
179 159
264 27
289 164
258 51
258 1
160 299
178 98
165 74
229 171
169 18
282 38
205 92
298 159
116 123
90 79
222 179
209 61
158 14
69 32
33 256
185 244
294 291
55 166
219 112
258 287
187 101
234 60
281 86
148 287
28 285
14 37
64 205
43 205
63 15
154 245
109 45
204 298
61 108
89 165
63 63
6 111
189 181
193 249
248 215
246 306
260 26
148 222
84 82
105 19
40 195
219 186
61 282
106 3
204 155
151 16
54 203
6 118
14 261
105 199
153 228
128 229
162 93
114 122
107 264
94 110
159 2
157 269
42 82
296 138
45 2
104 255
74 15
201 16
153 246
135 2
171 197
57 73
148 176
207 288
149 272
16 157
297 24
103 54
51 103
301 171
64 105
238 242
258 37
104 300
181 259
83 38
198 143
9 115
227 49
37 224
128 142
138 7
53 182
224 244
116 171
27 209
216 258
161 171
39 115
27 187
120 133
224 164
74 219
88 247
85 287
294 108
246 106
161 114
158 175
41 54
183 152
263 195
48 139
225 115
48 190
26 242
86 145
55 259
204 183
86 214
214 48
130 229
86 288
280 2
137 200
287 45
176 43
119 117
51 39
249 65
285 283
151 45
195 282
124 18
99 151
104 56
70 262
55 196
111 79
3 68
141 105
87 149
92 139
264 276
194 186
19 143
146 260
177 222
78 118
143 20
249 161
185 133
212 283
93 75
122 143
134 133
30 179
306 244
3 275
106 157
194 269
158 43
111 203
273 128
113 30
277 263
217 82
269 40
135 233
244 257
253 77
199 160
206 43
285 180
82 128
132 45
252 246
14 217
71 260
189 33
123 115
111 288
289 96
265 230
118 181
83 60
229 166
81 140
231 211
183 299
282 59
126 155
215 187
48 134
252 302
55 78
73 143
23 109
241 249
18 9
24 113
249 266
239 58
96 37
143 109
122 207
292 224
256 171
218 224
53 169
250 6
278 77
123 141
232 295
223 265
80 22
136 67
272 247
59 132
165 170
160 131
123 93
105 298
57 8
284 64
83 302
223 69
98 49
200 164
232 170
167 105
188 231
37 75
81 201
125 289
115 31
274 208
162 63
28 233
170 50
305 10
296 43
235 213
191 170
101 161
284 25
18 201
210 107
276 112
15 43
255 93
80 241
64 13
149 203
196 280
102 262
213 130
100 147
275 76
129 188
156 58
201 305
12 36
209 249
27 268
82 256
267 118
291 260
194 267
154 67
94 10
86 40
185 157
158 54
141 58
228 227
132 167
72 169
261 60
43 305
214 152
289 88
259 233
261 248
20 297
132 243
207 202
178 243
40 186
284 242
21 277
40 68
165 241
81 171
65 253
30 158
288 166
277 16
288 296
277 254
92 218
99 117
236 196
27 137
197 250
8 124
44 215
284 249
286 102
159 281
49 238
92 209
274 210
251 162
277 214
35 167
300 55
177 71
126 142
38 61
84 89
69 88
138 283
190 252
141 110
275 259
22 89
91 74
17 23
279 224
12 256
9 200
89 23
159 272
129 0
122 53
266 264
201 248
101 151
82 27
47 135
141 187
198 224
138 209
68 258
243 11
169 188
7 116
284 102
235 262
246 216
127 227
1 79
180 24
215 21
35 206
72 228
3 304
179 115
220 74
59 143
43 303
77 175
197 162
207 272
127 248
93 105
224 131
91 108
128 19
30 125
57 79
285 27
215 81
236 198
10 231
53 8
187 299
31 280
217 15
236 107
7 302
32 204
102 157
279 215
140 96
45 277
133 192
70 187
207 64
91 241
204 248
39 224
118 167
217 186
58 242
118 283
6 150
287 227
26 231
293 300
71 249
220 108
105 57
12 174
58 141
230 114
299 201
228 231
24 88
289 45
138 229
245 243
154 75
126 3
190 279
56 15
77 204
8 230
176 220
125 21
262 257
19 7
84 169
221 119
164 76
123 195
214 169
82 19
147 83
44 151
287 104
105 194
296 192
169 60
4 42
298 54
138 125
195 188
0 12
199 259
80 207
228 14
138 281
8 126
72 139
17 8
259 178
301 157
165 111
134 68
134 285
118 68
197 215
104 259
157 179
296 77
197 55
27 56
160 42
145 215
304 241
87 94
118 245
162 6
8 88
136 284
16 140
56 33
25 198
3 277
255 163
98 11
132 18
158 215
35 65
252 153
134 250
146 43
291 29
250 172
273 64
166 168
273 43
201 112
247 8
15 221
291 129
46 186
11 192
104 251
66 257
82 75
176 165
64 250
211 62
86 150
197 299
136 215
47 55
236 187
47 296
249 232
220 136
7 140
146 178
270 168
31 267
263 69
213 138
49 188
14 293
87 81
111 230
235 218
125 271
263 141
150 67
185 205
66 108
7 203
205 182
295 301
7 147
97 135
50 167
273 189
224 306
136 137
121 56
285 189
277 160
202 264
126 229
222 74
74 185
99 208
197 142
121 180
280 206
238 255
115 195
112 294
86 29
127 21
213 264
114 176
36 54
11 244
84 113
280 187
245 129
92 243
170 190
0 16
212 104
107 94
96 77
244 195
113 146
79 114
222 117
92 264
164 146
126 129
296 28
232 302
302 239
137 61
192 238
90 10
205 88
175 244
194 83
97 231
141 67
273 273
243 73
1 221
81 159
22 162
303 201
189 125
255 169
279 17
291 177
267 12
70 24
102 148
293 176
68 196
112 149
87 299
200 193
286 57
36 24
181 72
125 168
104 257
216 282
245 205
224 186
194 29
23 32
27 240
273 223
56 242
98 137
56 112
297 68
153 103
41 6
207 207
138 253
119 289
215 266
212 260
83 94
125 157
2 148
98 306
34 271
204 129
190 22
244 244
205 236
184 197
247 68
224 162
32 124
29 139
138 157
261 67
163 192
193 126
77 248
126 19
138 227
266 11
109 174
75 17
281 245
47 140
290 265
280 140
211 252
80 223
87 176
56 130
280 19
61 153
265 284
68 65
158 19
106 32
183 58
105 36
140 8
166 239
107 144
66 56
166 230
24 162
68 256
252 196
100 155
165 287
65 268
220 63
243 132
124 53
291 214
74 200
185 181
15 72
265 266
81 288
43 110
244 287
213 251
249 270
22 113
259 208
53 63
298 97
303 285
253 209
12 25
157 27
276 280
270 122
74 189
296 131
203 166
90 21
201 168
246 103
97 222
296 288
180 208
87 92
116 150
255 49
263 224
1 139
288 98
304 237
197 260
191 273
99 12
50 49
265 7
98 280
283 198
264 178
217 33
50 293
139 177
230 173
115 48
118 273
238 279
276 33
61 167
288 305
154 284
86 123
131 97
95 272
67 27
129 285
110 201
134 128
21 160
274 281
186 289
237 293
57 291
233 276
287 60
63 153
242 215
145 264
87 70
160 282
125 131
299 163
215 8
247 37
10 163
62 175
275 24
49 241
120 95
57 5
296 261
107 199
217 244
176 248
92 58
144 56
184 148
43 184
149 68
9 296
106 201
28 242
229 260
220 225
304 41
38 241
54 117
107 24
287 184
153 99
18 257
206 153
135 211
268 95
69 185
195 127
124 204
157 279
173 293
223 76
270 209
142 227
227 162
112 11
68 37
302 56
279 170
20 136
245 29
189 5
271 295
291 64
262 71
142 178
202 130
146 45
176 196
212 32
3 269
140 165
127 115
177 274
212 47
133 238
90 127
80 127
188 116
173 295
177 128
103 190
255 77
162 164
178 10
170 95
156 142
112 166
259 57
15 258
213 21
199 56
272 296
217 65
208 290
222 34
260 151
236 226
155 83
24 232
86 276
198 20
241 73
163 285
227 29
11 165
120 244
210 216
9 1
150 145
149 296
305 36
44 19
224 133
30 23
56 258
224 13
96 176
26 136
22 111
273 95
68 304
238 11
67 221
117 1
241 286
141 284
96 69
142 162
192 281
202 202
43 21
217 194
193 161
182 56
184 83
28 3
255 209
192 293
266 30
10 125
242 77
268 105
112 257
91 216
184 202
103 195
199 167
120 284
287 283
62 38
198 151
129 74
219 231
157 205
113 302
216 105
230 246
170 86
260 62
141 212
51 241
251 0
165 211
35 255
147 53
182 207
39 70
211 254
9 143
267 161
172 270
69 36
225 177
270 126
54 133
94 270
123 55
127 269
54 296
279 278
88 122
152 68
24 8
131 273
15 54
211 277
131 34
112 111
16 190
23 63
88 189
137 68
203 92
102 219
117 116
278 296
112 108
26 237
63 53
110 291
189 109
166 25
213 206
293 216
227 176
265 120
188 228
254 222
301 10
41 24
2 117
296 178
206 130
37 67
166 107
208 133
189 100
232 249
251 16
52 10
221 245
226 106
237 217
4 53
52 166
20 219
293 11
135 192
198 2
242 10
89 9
294 130
57 152
44 268
251 269
214 214
248 39
29 1
171 207
155 158
290 41
150 236
7 128
86 290
29 4
277 247
257 137
85 58
93 19
92 5
58 283
277 5
242 106
98 304
155 121
294 60
129 143
13 99
229 137
147 218
243 36
114 171
15 189
177 30
18 194
31 126
276 119
298 112
9 251
200 1
254 112
84 251
41 225
132 194
289 184
277 107
204 117
58 96
270 83
220 25
269 266
96 267
100 136
106 159
7 284
119 240
264 9
296 225
85 46
161 2
302 115
304 23
99 216
73 226
299 142
55 76
153 233
174 165
40 41
218 106
276 297
96 97
242 278
42 282
252 190
130 85
216 165
58 29
246 176
129 31
280 117
126 166
179 191
227 202
193 61
69 69
217 265
280 76
61 264
125 24
16 164
275 88
182 74
14 180
37 265
91 177
56 191
3 261
238 192
164 72
40 233
170 158
143 269
224 297
244 139
295 87
275 199
76 286
32 105
60 39
76 19
301 99
131 271
276 139
69 279
228 180
118 222
66 106
67 219
32 103
286 23
253 81
40 117
87 231
63 289
130 81
110 175
217 80
89 73
2 0
147 215
197 149
29 36
99 245
86 190
71 247
16 218
237 17
298 301
102 285
10 245
83 46
283 81
195 178
13 160
112 55
287 77
82 137
217 28
214 150
99 290
12 181
89 140
216 304
156 244
51 286
133 104
271 275
225 50
56 193
185 300
290 173
118 73
54 150
225 264
280 107
61 169
83 58
272 209
95 51
270 232
179 275
25 99
167 64
209 277
76 144
261 13
140 98
226 92
255 55
165 3
297 210
286 172
226 208
36 69
200 78
200 12
275 226
273 89
260 125
56 128
222 285
27 91
133 29
30 177
217 94
130 165
69 145
96 80
306 217
0 140
44 6
155 280
42 20
157 25
130 112
298 235
95 64
3 108
48 37
176 49
7 144
98 267
271 128
138 11
205 202
212 209
39 66
200 80
238 231
92 211
43 71
30 34
64 257
261 253
168 289
34 162
105 297
212 30
121 288
144 150
101 50
3 34
166 290
179 31
202 170
152 82
271 236
153 187
64 157
56 223
12 232
80 126
150 257
114 295
45 184
204 264
20 162
183 150
280 149
32 262
138 82
47 178
187 14
171 25
263 236
169 87
161 43
185 73
71 67
304 239
9 90
207 232
298 78
115 244
165 219
7 208
185 216
123 57
277 298
137 230
229 242
176 299
258 176
147 174
262 210
1 262
94 179
187 227
164 283
81 42
59 53
136 55
57 148
214 1
21 62
136 160
165 148
218 87
180 265
228 211
306 41
305 193
209 23
152 221
81 219
221 110
234 135
43 251
300 64
133 25
53 43
56 219
135 176
306 277
102 217
188 183
159 151
163 268
261 140
246 168
157 213
72 200
191 0
259 126
136 263
8 226
175 138
305 210
306 85
96 163
79 140
200 25
219 265
153 3
42 108
154 112
269 249
269 150
44 4
269 81
5 171
127 291
152 257
223 258
292 222
217 22
147 143
240 245
215 77
219 245
242 196
179 271
65 236
297 236
207 42
266 288
54 102
22 296
65 284
188 46
5 139
230 139
170 226
55 143
35 74
225 203
19 20
263 57
260 130
85 38
6 109
185 302
260 111
33 19
53 113
235 54
290 110
193 135
243 291
65 111
63 166
276 235
132 225
0 210
217 241
153 192
207 77
66 8
219 33
161 269
59 74
79 59
64 65
221 231
72 262
209 110
63 256
226 31
226 134
29 279
141 95
128 70
179 175
194 190
94 160
283 293
55 74
82 226
248 268
68 295
257 109
238 253
289 230
265 31
301 256
22 59
97 47
253 237
98 84
203 296
227 182
37 39
134 263
163 135
85 302
240 50
119 168
22 294
113 67
59 5
98 218
200 111
256 92
194 21
113 115
221 114
226 11
117 257
39 231
170 205
305 214
54 32
165 228
253 97
57 182
152 166
174 125
202 19
238 229
154 271
7 33
78 53
296 23
197 258
118 75
293 26
227 229
41 217
154 229
107 7
198 158
3 81
22 126
270 238
134 34
22 75
71 143
137 198
157 167
18 269
115 146
54 215
57 281
219 14
286 201
263 261
180 143
111 90
83 295
185 256
109 1
306 44
67 43
169 268
191 149
255 38
24 196
120 215
271 90
164 223
114 301
3 32
80 8
218 261
140 214
122 279
299 273
69 152
37 266
91 49
175 292
284 60
133 208
57 299
267 43
83 135
163 241
4 14
14 39
98 60
51 115
219 72
245 123
30 196
144 241
234 168
201 27
7 50
190 294
182 77
60 259
79 277
128 68
1 8
95 61
221 72
109 90
214 275
211 152
194 237
296 159
245 1
148 86
198 216
84 249
159 115
119 126
185 298
50 163
89 157
115 174
71 35
18 97
178 73
8 14
35 257
119 202
32 200
184 131
114 29
43 76
64 210
139 295
96 303
259 14
174 99
135 197
305 67
120 217
166 217
199 16
267 124
117 214
66 155
4 173
11 98
48 158
127 8
128 185
57 165
10 13
209 253
47 255
96 229
26 60
69 154
210 111
155 134
218 228
290 125
213 62
147 271
293 178
61 165
207 230
151 238
80 2
92 178
216 219
120 22
145 217
245 85
143 267
191 305
191 49
283 53
296 219
181 115
154 276
67 194
165 299
195 60
259 46
91 105
207 51
141 119
234 150
48 50
77 49
41 238
196 287
207 105
257 69
24 98
103 246
111 256
60 53
207 49
120 282
27 183
255 122
278 45
169 40
52 124
32 306
28 207
90 122
272 81
52 239
197 170
42 67
190 12
60 142
211 250
177 284
195 80
254 189
220 31
105 119
188 52
283 79
199 46
42 156
38 23
278 39
192 163
177 252
205 186
243 256
255 97
105 21
267 258
245 210
35 204
25 90
302 130
3 279
64 270
232 25
219 206
9 202
211 150
231 171
216 30
58 297
111 66
166 189
146 153
92 1
183 291
60 63
178 285
81 286
31 128
235 298
174 42
49 296
25 216
297 147
82 224
285 293
134 304
36 76
296 26
274 55
150 147
50 161
48 127
258 199
79 222
27 10
137 265
184 289
64 41
240 232
230 101
155 180
117 65
135 174
240 20
197 30
29 184
97 86
100 88
300 84
242 122
100 279
276 65
111 13
66 34
261 146
247 264
170 213
290 166
225 56
11 96
156 132
276 191
96 182
127 286
153 13
38 68
118 43
219 69
104 302
249 224
116 221
248 2
252 109
242 243
41 144
36 102
20 173
244 280
12 246
157 59
222 267
39 136
11 0
174 202
112 219
86 246
152 110
89 262
152 131
117 77
64 55
166 274
39 215
249 181
220 116
0 159
290 31
132 229
171 52
147 99
198 279
150 248
156 230
225 76
287 304
101 193
265 196
42 234
131 32
285 169
30 206
25 10
258 111
67 284
219 104
94 80
91 3
275 195
291 86
150 131
190 200
117 31
172 213
51 255
292 265
296 187
124 186
190 202
281 303
103 298
44 217
221 76
0 83
273 212
64 52
89 103
237 193
269 295
90 138
14 22
183 116
152 296
248 223
35 287
22 157
2 264
261 250
283 185
17 44
47 242
152 216
3 106
213 263
10 272
200 169
137 301
129 33
150 274
219 91
164 4
237 191
226 301
67 184
190 163
300 6
237 210
75 83
114 108
195 90
266 116
109 78
227 90
235 274
84 275
14 233
204 115
87 42
181 215
43 107
15 192
165 126
167 29
77 179
212 302
288 126
1 133
276 7
165 98
57 197
296 54
281 158
182 112
119 62
253 233
177 19
76 208
58 61
273 235
159 92
128 72
243 123
5 135
113 47
289 104
244 108
147 213
154 12
77 292
137 207
183 81
167 206
246 196
69 143
139 251
55 257
131 143
31 149
5 303
53 148
44 72
163 155
134 83
118 279
200 3
104 98
271 94
159 61
47 270
191 151
219 221
92 123
161 151
257 277
29 281
57 31
3 40
263 13
292 135
41 294
138 297
84 78
15 99
84 76
14 75
188 133
66 25
101 58
41 75
193 79
301 253
128 303
206 204
285 186
273 130
215 198
233 166
122 105
33 245
79 306
181 278
55 82
286 268
165 36
278 150
50 190
216 6
212 45
238 198
209 201
27 304
201 206
278 168
147 259
28 55
283 155
153 15
154 286
26 158
214 280
146 24
253 93
177 44
173 200
256 290
54 123
17 175
51 120
121 107
297 62
264 159
71 281
11 226
71 219
90 192
186 179
138 159
135 26
69 42
257 233
114 22
81 278
260 200
6 188
176 97
164 259
45 297
91 125
107 5
80 115
96 262
204 153
265 54
202 204
21 274
273 76
114 124
195 300
54 127
268 297
122 176
91 60
42 41
171 238
3 136
96 196
197 264
248 69
252 87
158 41
170 19
110 299
238 13
298 6
85 97
239 159
107 125
112 197
20 145
234 283
173 167
22 128
48 136
44 51
66 86
251 210
21 166
167 113
285 49
199 126
110 234
184 78
251 25
21 43
92 261
21 132
135 129
251 54
184 261
172 301
150 234
301 20
19 64
65 251
238 27
240 277
285 184
12 190
46 167
145 83
41 66
70 200
3 248
206 45
2 270
79 201
256 124
303 223
118 135
5 51
191 214
244 102
202 44
201 173
282 18
303 170
144 192
67 68
3 134
177 132
298 222
227 129
132 250
132 96
5 185
262 263
195 176
262 187
267 267
273 151
245 282
119 6
252 66
269 264
18 146
29 240
289 26
185 76
15 74
277 114
162 190
95 40
100 133
273 207
167 226
131 188
82 220
43 296
135 84
10 185
59 72
164 6
70 231
285 281
245 133
142 256
60 283
209 95
55 27
211 131
228 92
250 42
108 3
53 197
228 58
158 245
304 185
180 79
37 78
250 143
115 125
194 202
74 299
280 261
155 10
278 291
74 227
38 195
23 81
187 301
80 280
174 49
4 39
66 167
57 27
176 240
50 137
81 247
104 156
37 59
267 80
96 11
243 104
131 116
10 255
58 259
247 124
131 76
2 285
100 291
159 251
100 69
284 236
45 270
9 3
226 303
139 169
197 220
89 95
219 93
264 197
126 216
45 125
168 1
167 187
123 144
303 67
133 27
303 192
176 41
33 128
76 5
223 144
217 8
183 216
51 284
106 40
241 213
185 151
103 120
294 28
126 69
207 244
40 18
244 304
42 86
31 245
198 75
282 242
263 177
113 215
89 49
27 174
217 92
13 297
124 274
177 216
172 93
215 47
191 109
10 286
284 238
106 15
85 299
255 302
209 21
275 299
176 305
29 137
28 236
116 263
139 121
298 187
139 239
123 95
261 148
257 178
253 2
304 160
164 125
55 80
38 117
251 80
303 35
269 259
161 195
121 240
278 65
34 221
5 200
93 24
115 148
256 177
279 153
293 236
237 219
79 6
286 128
98 131
248 140
252 111
101 145
177 17
29 286
214 50
53 159
131 283
220 227
157 114
222 244
285 197
210 59
30 3
52 200
79 112
158 164
131 231
24 271
161 213
130 14
29 234
56 29
279 155
121 201
56 62
176 119
179 277
63 268
111 68
34 153
245 255
283 288
233 191
284 247
119 232
96 219
203 17
134 283
94 268
155 178
130 167
204 63
197 283
161 133
83 271
123 203
209 245
154 256
107 191
79 247
159 155
297 290
257 106
213 149
33 259
31 275
215 95
57 264
218 190
250 126
270 247
213 253
139 68
51 22
191 129
76 51
79 254
162 266
254 272
303 159
179 297
132 74
44 284
90 152
137 174
291 9
185 218
49 13
148 48
208 61
38 297
130 301
106 59
202 193
280 214
280 0
104 253
179 44
158 135
211 43
164 63
71 83
176 301
2 15
277 221
245 180
129 168
143 183
117 125
7 48
235 154
299 146
223 113
146 151
283 16
35 132
121 46
116 165
158 207
229 81
98 38
103 233
258 256
199 149
95 175
123 272
25 241
67 255
148 32
197 127
123 157
166 122
229 91
35 262
14 256
228 209
10 24
139 167
134 106
42 52
27 4
139 265
164 257
10 65
81 124
34 56
106 265
18 255
304 82
222 200
221 142
21 79
168 189
278 261
298 4
294 299
151 108
87 157
51 78
187 185
58 103
288 25
80 301
188 253
97 237
91 7
116 98
97 36
250 230
69 252
173 26
230 244
232 151
145 245
114 198
233 122
108 142
204 47
262 277
90 218
246 208
21 217
43 223
94 123
167 216
255 207
212 106
117 48
286 126
230 168
253 163
107 260
198 79
203 65
55 8
4 270
85 285
47 124
235 5
204 274
192 203
122 178
270 104
289 12
109 52
174 259
184 26
89 59
226 102
247 51
5 128
11 34
57 99
276 273
203 113
161 206
103 58
304 221
299 199
266 210
190 86
263 248
270 106
275 114
286 294
276 58
203 187
196 234
62 40
210 45
182 293
297 251
43 216
224 303
197 46
240 228
58 219
155 187
306 166
4 149
223 260
214 162
188 106
41 134
145 190
300 41
182 219
193 214
191 180
198 287
11 42
223 276
86 112
250 40
129 28
45 176
234 302
7 90
70 106
157 76
73 36
15 1
71 221
275 26
41 306
43 188
211 154
165 296
88 153
196 190
132 47
25 58
270 245
252 40
234 107
184 204
55 104
195 135
182 21
42 50
188 58
56 126
223 79
195 88
169 238
288 172
10 227
127 131
27 301
156 175
161 166
54 41
158 177
92 10
226 227
275 5
241 158
183 297
111 221
127 272
52 168
77 177
36 283
11 254
201 120
0 10
18 2
146 255
89 81
237 15
224 180
131 83
279 98
163 182
305 122
96 19
65 15
82 122
243 1
234 152
55 261
172 169
181 145
57 83
48 212
300 289
212 215
27 160
197 252
53 254
16 4
139 205
216 249
164 1
281 199
251 14
262 51
148 255
285 76
31 36
78 242
137 232
28 176
41 223
19 141
86 73
204 1
199 117
142 188
303 96
246 266
73 280
126 302
43 8
74 273
98 162
103 144
238 244
157 56
63 211
100 56
210 34
279 21
56 95
284 291
168 50
27 45
81 138
149 2
158 58
30 265
137 169
174 169
17 81
297 99
141 190
132 106
275 90
129 249
101 247
164 149
159 21
290 261
55 181
266 9
219 204
234 270
246 143
168 96
18 172
12 179
277 156
10 74
251 240
146 87
245 265
0 119
63 201
136 95
37 226
235 58
28 169
71 302
187 60
10 225
26 239
47 184
186 258
54 10
143 190
233 208
261 195
192 22
192 63
65 54
46 128
279 263
35 269
223 293
160 284
191 61
188 268
167 296
5 93
127 284
69 77
27 89
26 36
138 165
214 216
131 119
88 51
234 28
246 152
129 247
216 300
259 106
143 54
107 96
14 295
184 24
61 101
69 303
205 245
267 237
117 67
235 30
65 185
29 25
42 207
260 134
43 247
272 152
267 36
203 120
72 297
181 178
226 163
200 14
103 94
43 147
198 91
181 253
180 74
60 237
99 50
175 127
117 127
162 193
189 158
270 297
155 15
167 268
9 253
178 111
153 282
266 200
82 114
152 237
79 172
4 151
251 248
148 8
106 34
280 38
209 272
171 182
41 188
179 273
137 59
28 244
231 35
296 223
28 135
1 106
98 269
222 107
166 1
181 288
293 24
16 2
147 150
140 106
88 166
9 113
24 174
36 223
23 216
93 263
128 166
20 88
115 203
223 129
117 59
265 56
182 161
194 235
37 98
253 207
299 191
52 164
173 24
264 143
239 251
190 173
175 273
219 296
293 85
162 118
44 272
1 41
291 40
62 249
279 23
155 27
13 27
153 275
242 108
133 279
294 194
136 202
165 156
251 93
109 94
177 96
197 147
197 172
172 136
68 277
122 241
140 28
97 130
120 200
26 233
167 156
132 209
137 196
93 164
33 202
298 61
179 193
191 88
195 160
89 61
52 283
263 149
38 55
184 113
160 193
55 99
247 135
185 101
29 150
125 285
290 134
154 169
102 179
23 131
31 198
66 84
127 144
55 53
56 150
214 204
19 205
120 28
199 44
121 76
244 38
166 5
114 248
7 112
174 294
8 65
177 8
165 121
177 39
17 233
223 103
110 41
54 177
287 229
218 121
92 107
21 144
23 34
304 287
263 31
52 180
32 55
163 74
142 229
147 133
48 294
155 282
64 155
193 271
209 130
170 48
270 14
56 97
181 54
27 185
266 231
272 74
271 211
87 68
59 64
174 249
288 102
244 154
25 92
143 181
49 9
178 38
71 17
203 88
250 66
16 301
42 116
289 112
87 154
161 197
302 211
82 88
45 96
143 258
286 59
7 201
248 142
248 28
216 188
118 98
148 6
92 37
142 192
114 84
106 260
96 192
264 175
71 22
69 67
197 177
41 248
216 169
104 158
59 267
75 225
58 113
28 205
217 251
120 242
236 26
66 77
98 128
2 141
183 295
140 156
249 38
128 301
248 252
65 153
69 233
204 90
234 182
4 102
102 138
226 78
272 260
211 141
47 138
159 85
295 290
192 295
66 157
61 65
61 138
48 182
64 43
133 85
197 266
100 67
301 18
214 105
227 56
69 83
161 97
179 81
42 122
60 97
10 180
48 57
249 89
237 275
48 160
282 77
33 278
251 128
248 58
235 136
243 265
244 177
91 230
152 273
196 278
250 91
110 297
132 263
76 185
62 52
196 144
101 221
119 264
76 169
209 32
285 21
55 12
160 164
89 229
96 112
305 159
87 58
218 243
153 116
210 3
189 50
12 23
95 207
291 27
124 259
214 6
140 230
223 295
155 115
41 26
250 160
201 221
251 142
125 197
267 249
213 140
229 159
118 133
192 153
24 59
16 88
97 239
187 225
104 39
269 284
35 71
233 103
127 299
40 112
247 29
55 86
44 74
233 29
24 251
165 226
157 155
134 210
283 5
9 249
146 98
56 212
143 94
40 282
266 245
141 108
269 208
184 258
184 245
255 304
180 156
88 300
19 277
161 182
92 152
222 135
71 37
175 31
94 209
217 216
50 60
295 196
20 171
20 11
216 161
184 80
223 142
159 191
24 230
56 60
283 1
133 223
98 298
109 111
283 248
108 61
140 237
89 155
58 189
210 283
133 187
142 231
177 278
20 70
263 238
85 146
291 235
278 108
303 19
105 30
164 190
248 84
302 5
189 1
62 260
28 148
77 147
52 202
87 49
31 44
146 192
259 53
32 23
29 90
55 6
259 137
254 110
276 37
38 91
0 77
151 275
235 105
15 232
58 145
151 3
45 127
53 199
215 252
66 113
17 253
102 52
8 117
53 287
167 23
280 280
106 252
108 82
285 205
12 234
112 22
221 38
114 111
38 73
81 249
131 72
43 53
283 171
257 53
19 110
112 254
42 250
216 296
74 187
16 236
161 127
28 85
2 53
30 200
7 206
167 228
37 237
199 283
218 192
236 224
286 279
27 40
30 135
250 52
91 165
224 262
195 249
12 163
295 68
2 88
85 139
264 257
114 200
28 221
124 22
237 212
183 256
198 305
26 8
251 100
203 288
244 122
213 188
261 113
157 116
3 142
100 206
27 235
246 6
139 233
277 35
56 186
214 282
195 215
78 51
5 137
126 146
193 251
18 142
237 232
285 154
24 187
249 0
271 101
274 292
52 204
289 10
302 241
88 251
155 254
116 216
282 290
207 21
215 12
75 142
47 70
268 14
224 121
154 303
291 36
56 202
91 190
96 126
156 204
81 299
190 107
84 144
19 108
96 84
68 75
2 287
78 226
285 100
199 298
81 120
277 295
154 123
289 142
183 111
76 164
225 15
213 5
58 16
138 98
266 159
300 122
262 29
101 249
271 249
166 184
26 114
244 214
29 208
29 44
94 181
47 188
142 45
137 138
145 81
191 35
219 79
155 104
74 262
84 181
36 104
10 187
231 153
180 22
136 303
3 244
266 256
214 202
277 110
215 167
30 151
293 65
279 35
287 52
133 130
260 28
77 115
16 203
195 296
72 19
287 302
46 157
6 124
23 79
88 282
114 227
235 222
62 209
142 149
209 233
130 16
20 72
216 302
281 288
47 249
292 125
194 59
88 249
24 158
75 3
258 231
287 64
153 190
151 186
80 74
271 130
142 159
295 213
26 205
213 78
62 266
216 201
261 129
244 137
73 305
305 191
199 173
246 122
44 122
96 301
75 204
56 214
211 206
202 234
293 113
293 234
131 280
246 154
232 37
160 211
166 204
248 6
228 244
175 93
72 186
45 55
188 270
155 270
197 82
31 286
46 53
4 88
121 182
43 97
168 158
22 176
29 186
13 112
78 279
212 137
29 48
157 209
68 106
30 169
142 147
67 35
9 34
132 2
165 128
70 149
1 135
248 125
61 73
33 58
276 148
20 112
54 59
182 83
127 23
294 220
169 228
207 286
192 252
188 176
18 298
98 282
276 56
301 274
85 80
154 29
37 100
18 207
203 192
263 226
57 195
46 68
227 260
24 36
37 230
212 202
69 281
226 175
131 125
112 292
43 91
69 112
239 155
90 167
302 292
252 20
143 92
31 19
99 239
136 80
236 183
2 66
202 260
260 153
291 300
221 204
266 262
145 149
50 101
178 130
19 101
138 15
136 16
99 160
195 298
186 229
143 22
10 233
143 289
191 26
247 108
140 267
64 107
243 100
306 215
27 87
89 69
149 247
225 294
95 21
71 102
47 236
191 126
11 127
21 134
71 129
216 217
152 277
135 121
106 89
279 248
164 115
217 299
35 19
194 33
185 99
45 178
206 20
185 291
140 160
81 6
152 235
165 221
80 252
197 222
166 158
79 287
23 160
44 108
246 251
108 201
256 208
51 36
243 276
298 101
58 87
45 70
196 187
10 294
224 35
299 265
72 278
47 222
209 251
230 41
34 164
182 23
274 149
202 90
244 242
75 277
122 217
296 58
178 269
303 168
190 159
116 104
188 12
89 190
163 151
209 63
5 198
53 100
247 60
134 225
275 32
126 53
230 32
232 12
78 200
277 48
234 292
162 4
77 288
227 77
114 88
241 261
43 154
304 88
3 246
226 161
178 109
32 177
72 180
201 252
273 91
268 131
293 232
210 203
256 17
172 27
264 70
192 196
108 66
182 156
10 282
252 126
251 182
233 39
137 239
100 281
62 36
300 156
65 255
12 183
267 260
22 231
261 212
259 49
124 123
266 224
205 192
156 106
279 136
118 170
283 252
96 49
37 262
229 300
168 212
110 150
246 280
163 272
134 66
133 43
216 196
229 70
121 145
159 56
270 164
306 80
17 177
31 171
6 88
304 37
101 116
179 128
69 100
273 187
301 145
145 155
48 268
100 230
5 130
27 130
122 155
230 212
43 25
20 292
241 256
111 43
285 203
149 81
240 78
100 96
62 13
170 300
197 188
248 67
52 38
238 225
234 80
246 49
171 156
231 207
128 116
253 165
277 135
167 37
29 20
43 93
92 83
31 27
232 272
225 37
50 181
125 298
199 263
89 75
108 92
26 62
98 272
23 253
192 132
16 98
267 294
275 213
257 188
291 231
107 202
113 148
166 62
201 125
121 168
124 199
153 171
256 133
39 39
5 67
200 158
114 99
20 86
183 196
59 170
189 56
152 289
278 280
199 93
253 306
223 185
295 24
162 214
167 60
131 28
246 87
250 170
189 304
98 274
278 56
237 223
276 271
238 89
81 59
214 301
205 121
18 158
204 43
117 202
40 20
72 15
164 297
89 178
190 52
232 88
263 83
278 271
214 63
136 122
138 5
212 217
1 89
0 224
136 124
196 146
86 274
301 199
199 251
35 285
272 149
120 108
228 117
109 65
195 161
290 98
81 94
126 300
100 218
102 56
199 26
156 278
50 23
30 55
152 248
254 172
237 82
21 31
114 257
10 174
275 275
98 147
16 115
224 227
37 135
39 75
172 50
198 128
27 49
161 192
57 52
157 45
5 207
223 1
299 165
30 232
187 132
269 234
138 153
18 112
62 238
175 80
164 239
279 194
140 226
201 17
84 122
122 273
134 102
116 306
262 160
150 222
41 146
205 184
231 28
252 226
63 109
122 259
205 41
302 74
93 238
140 30
255 278
178 298
62 112
9 127
254 235
54 131
22 251
242 306
279 298
13 97
194 239
247 165
144 265
88 10
172 258
203 185
262 26
134 45
201 118
11 72
267 34
1 183
19 22
104 34
52 102
165 34
39 6
202 2
43 2
242 136
200 91
201 232
159 162
48 240
154 292
88 97
184 22
28 238
297 17
171 186
173 34
153 105
20 76
131 187
48 59
169 156
150 82
156 177
77 173
252 79
306 184
184 135
301 224
229 229
248 226
247 133
107 270
240 243
145 139
164 108
138 123
8 37
41 110
154 290
120 246
149 303
133 248
2 102
140 126
89 110
254 36
297 45
211 272
242 287
267 176
275 218
161 112
150 133
154 222
1 14
267 235
86 98
20 268
302 257
8 294
121 238
217 104
42 194
118 64
229 51
53 300
278 211
302 165
16 162
170 97
71 125
2 228
31 187
186 155
62 99
40 222
302 243
208 280
156 136
79 176
156 248
219 233
229 248
6 47
277 199
214 32
11 113
272 164
160 47
52 132
277 216
135 201
1 247
224 146
141 91
57 293
274 236
136 133
186 75
248 144
139 78
226 201
111 290
248 53
145 20
25 194
39 133
294 156
102 146
57 167
111 305
237 295
50 240
218 117
201 160
44 221
96 0
87 72
166 182
137 78
202 77
159 59
273 67
252 18
99 95
74 127
141 93
163 227
8 232
36 61
127 71
237 55
13 263
13 25
278 152
215 174
248 250
195 68
168 270
200 142
6 52
110 88
233 298
60 145
7 173
180 244
172 202
78 224
130 243
140 81
21 206
148 111
268 286
123 237
101 232
191 303
142 151
265 68
113 86
116 100
278 213
266 178
215 276
120 143
91 76
161 120
125 55
258 108
188 245
143 103
208 274
15 177
281 135
128 246
53 256
250 249
216 86
278 207
218 135
145 258
152 146
238 151
13 218
281 169
142 31
221 32
26 270
138 241
269 98
267 197
300 287
256 111
52 160
141 121
107 12
235 40
151 71
225 119
254 132
125 218
288 145
201 297
187 126
2 305
31 202
117 243
41 296
291 89
108 272
149 44
55 183
75 261
14 219
303 200
156 246
167 111
169 24
190 254
216 84
140 65
113 173
45 188
157 281
21 33
219 143
126 148
107 239
205 152
251 194
48 125
80 39
205 208
255 1
18 4
227 160
96 180
145 289
240 288
176 125
141 77
191 172
98 209
171 269
110 22
284 240
283 77
62 258
117 82
279 217
231 39
95 237
245 8
290 43
118 94
118 23
231 63
299 294
240 195
159 270
286 109
106 17
183 254
68 29
18 275
170 62
223 57
277 26
191 33
120 266
232 43
148 50
279 199
224 282
261 232
227 178
182 25
70 2
138 255
280 237
203 157
87 9
164 117
282 280
246 58
93 207
252 172
54 243
66 13
26 272
225 305
254 95
249 130
216 260
89 176
180 99
120 166
186 183
277 50
66 200
71 31
223 246
157 288
88 138
205 188
74 170
285 138
218 201
192 84
128 6
41 69
16 275
235 167
175 132
272 168
241 291
222 259
50 38
259 147
81 295
216 163
10 38
300 57
305 223
279 49
114 297
163 2
75 114
218 303
158 47
15 8
304 212
8 282
100 153
33 254
31 256
156 23
192 205
162 149
142 233
50 133
267 208
98 77
200 223
278 265
251 130
225 299
141 238
43 270
280 208
293 67
63 11
258 90
241 293
248 299
279 15
52 59
39 263
151 69
239 133
132 165
41 214
273 160
305 76
173 243
126 258
117 46
86 27
81 240
214 220
169 84
287 170
8 224
81 216
127 55
58 215
192 212
94 106
95 24
230 210
118 281
191 10
219 119
51 257
78 127
70 114
192 269
278 300
283 83
237 30
154 216
208 46
106 118
186 245
9 284
53 65
242 245
164 168
138 201
138 151
233 189
166 288
167 99
88 245
146 176
100 289
268 122
113 291
278 139
102 59
299 290
100 52
157 134
222 121
227 115
277 223
139 194
74 19
111 228
248 91
61 183
222 207
82 169
34 289
219 16
246 136
63 26
32 164
22 298
179 97
5 80
94 47
135 306
30 304
146 262
93 3
5 148
198 145
131 9
229 115
163 119
128 225
205 289
87 216
154 101
55 148
32 264
12 187
20 128
4 91
240 52
254 53
135 235
145 213
240 76
190 133
193 299
281 98
83 277
267 299
245 134
283 85
234 244
109 12
82 275
215 79
218 115
156 287
70 15
8 182
183 208
166 190
119 8
138 95
144 90
74 4
174 298
46 0
133 244
113 175
120 262
36 161
134 47
134 81
59 212
60 174
284 182
163 56
181 221
237 214
133 199
11 115
214 218
303 47
267 239
140 42
58 150
220 181
299 133
58 111
187 303
172 42
91 140
237 221
225 223
298 288
167 286
184 155
142 224
95 13
66 81
268 8
94 42
141 252
201 192
178 124
233 187
306 8
52 162
113 164
94 162
260 176
218 26
152 188
80 20
113 20
239 104
38 121
304 278
261 69
74 287
168 25
283 55
171 41
70 296
224 117
297 270
52 76
298 143
224 78
267 229
193 149
51 270
133 49
127 297
174 30
205 276
54 144
242 94
110 172
108 38
147 152
230 37
102 189
134 131
189 127
207 66
27 100
121 9
300 263
30 306
195 125
263 231
242 289
25 130
146 58
280 151
223 226
69 147
269 236
275 64
134 189
103 284
61 210
135 159
213 277
147 299
124 5
294 211
274 34
40 249
259 275
193 128
174 195
265 161
149 245
162 204
120 253
205 272
238 227
38 41
101 182
265 260
59 299
295 62
203 294
279 254
6 16
5 107
58 239
215 256
48 54
176 117
136 14
119 130
102 265
69 220
113 306
157 158
240 10
98 300
243 75
164 230
88 83
268 126
143 111
194 265
256 95
114 144
114 299
278 197
86 110
39 239
68 238
38 94
2 249
138 203
251 192
297 110
251 144
88 211
133 31
114 113
241 12
138 237
90 250
190 213
11 100
85 189
262 142
206 47
290 298
177 134
89 209
7 199
130 195
187 99
132 10
64 168
103 183
246 291
93 63
166 124
36 63
175 167
99 222
178 280
149 84
39 56
120 128
34 104
177 192
225 80
163 99
288 147
189 247
306 22
161 286
106 256
215 131
85 93
106 248
247 4
160 190
277 95
218 31
39 242
34 276
174 271
8 234
263 161
71 304
7 151
73 198
258 186
25 32
18 85
157 15
273 58
288 168
242 263
50 159
252 82
221 103
259 61
191 204
126 1
300 225
297 274
30 236
279 175
62 173
34 64
73 260
220 134
162 153
231 209
56 124
203 221
197 57
153 84
283 159
70 138
108 175
118 27
19 43
6 282
55 31
19 176
172 297
179 145
293 128
149 135
289 140
55 84
24 133
103 250
70 85
39 119
262 255
291 233
256 167
87 278
199 253
203 306
22 174
138 192
65 40
256 89
68 235
27 198
68 150
120 7
278 209
65 204
113 3
241 134
272 78
196 205
218 18
45 222
251 206
99 135
98 191
240 92
272 287
282 207
199 222
56 145
254 88
32 170
253 16
175 129
95 231
90 58
148 52
280 212
248 173
67 144
55 280
306 242
20 256
186 78
136 282
277 52
18 174
34 54
60 99
163 129
30 18
89 136
16 10
43 218
239 226
303 291
180 154
22 70
282 3
216 63
149 216
185 149
82 197
42 0
196 101
87 124
34 169
89 93
127 260
244 263
93 158
36 221
232 61
66 1
198 218
294 192
290 146
283 205
16 82
167 160
174 94
86 248
246 138
227 135
131 114
91 26
183 194
163 61
205 49
55 101
303 9
15 41
24 297
288 272
23 299
271 44
289 66
164 153
91 262
251 64
123 253
29 39
174 62
179 126
200 127
187 2
221 65
136 152
191 250
95 211
302 83
102 39
241 156
46 276
49 56
250 226
189 35
298 226
217 78
94 261
294 140
5 105
248 41
282 20
20 9
102 287
5 301
43 84
109 24
20 230
104 9
304 276
122 199
168 203
241 104
258 167
45 139
78 238
101 177
293 263
275 110
187 254
185 61
156 74
124 69
124 152
162 54
197 89
95 239
294 261
111 235
33 167
135 28
229 49
295 260
60 204
13 227
1 226
199 231
204 257
106 61
167 218
76 200
282 301
292 107
219 141
204 61
63 9
136 209
236 60
216 153
265 238
72 237
14 187
41 119
140 281
193 173
13 0
203 15
248 167
75 235
263 285
48 52
208 108
9 280
32 289
177 46
226 35
17 42
175 222
302 263
5 202
256 108
238 7
135 135
183 54
187 158
180 286
74 85
189 54
163 166
213 52
219 27
197 80
25 160
18 300
234 138
217 199
209 247
235 242
125 121
84 11
61 241
256 99
212 275
194 217
239 56
193 81
45 252
18 71
300 4
52 122
95 36
71 251
112 298
70 18
150 256
258 125
271 289
131 249
45 274
281 247
132 286
276 255
183 100
244 61
122 215
175 29
270 250
299 250
146 257
57 131
228 31
226 180
61 28
69 248
175 45
133 1
298 52
235 126
150 298
190 58
87 147
154 189
131 87
245 59
53 161
102 191
306 160
299 99
65 79
222 306
305 162
178 161
8 87
214 148
298 56
153 108
123 161
122 170
40 220
273 217
281 52
100 236
93 242
90 83
145 157
199 249
1 281
104 264
7 273
31 288
306 221
84 301
70 71
53 79
276 291
297 145
88 74
105 7
181 300
280 272
99 36
115 82
131 30
288 108
107 90
301 96
294 177
258 197
22 170
125 65
135 162
157 40
3 172
257 289
5 289
115 167
249 80
100 223
77 18
109 67
276 46
82 297
102 155
257 0
200 254
196 131
141 269
269 129
101 37
246 214
33 101
40 50
77 171
215 65
238 54
285 251
56 110
227 17
147 206
48 215
65 26
47 298
39 164
214 176
301 132
181 209
5 90
196 58
110 289
78 158
100 49
89 126
41 39
34 200
158 283
62 240
20 147
227 15
258 134
172 204
194 293
44 0
194 31
112 41
92 97
255 285
215 52
288 128
251 208
148 178
85 183
121 94
247 212
152 126
277 289
0 200
217 134
184 74
67 79
150 207
65 82
290 38
281 278
159 249
138 80
238 93
227 20
221 112
196 151
239 15
62 171
225 130
241 247
196 203
207 183
221 304
80 31
254 191
151 14
254 108
80 118
252 235
274 271
1 269
292 29
49 36
249 145
148 207
91 163
193 34
1 81
122 255
188 114
112 151
200 306
123 257
279 157
145 104
54 180
42 186
283 22
116 95
74 238
256 272
248 26
285 170
240 274
81 243
191 271
23 100
268 46
295 190
273 83
50 186
121 261
245 101
39 159
153 294
45 25
132 207
79 303
304 157
275 83
248 284
276 78
296 250
134 70
45 94
250 168
158 169
118 66
272 272
305 168
138 127
208 53
287 111
43 294
41 158
301 76
290 108
51 63
277 190
73 276
205 247
159 45
37 260
99 211
194 192
52 48
269 16
9 274
257 258
199 18
140 163
125 257
241 132
126 159
12 114
80 72
208 33
78 263
29 302
146 287
28 24
137 171
221 54
82 222
54 201
230 169
227 104
10 22
152 231
64 8
247 129
304 84
159 40
183 192
61 110
150 290
73 220
156 160
271 103
110 11
7 280
40 22
287 58
109 235
217 295
288 143
254 149
31 181
195 56
115 223
304 39
17 6
276 108
111 53
175 242
43 274
246 253
76 53
280 138
95 75
50 77
22 270
287 100
296 66
156 215
178 256
81 254
1 199
240 107
214 30
236 185
179 8
199 192
32 273
53 258
124 146
5 305
38 21
172 98
82 7
292 298
301 258
93 21
82 112
210 274
298 167
262 9
181 255
7 138
82 92
295 303
300 66
138 303
98 206
1 50
247 182
282 200
302 65
217 258
233 300
132 35
171 82
122 108
192 24
63 203
109 144
36 134
249 100
268 231
144 256
165 285
229 20
291 164
96 23
96 206
27 43
199 28
196 72
113 110
227 299
29 192
251 251
127 306
179 46
76 206
82 301
298 131
182 176
96 67
213 93
21 164
101 54
250 247
276 208
220 223
182 114
182 261
49 254
147 292
279 116
157 191
92 44
115 106
56 122
150 294
202 116
186 129
194 233
123 91
79 234
111 214
162 173
224 284
117 198
12 261
64 33
182 27
253 170
6 35
220 260
80 113
72 137
230 103
76 85
179 107
94 139
179 263
263 208
246 125
31 122
32 70
162 75
305 285
256 87
270 149
119 76
271 160
126 67
10 190
273 275
181 298
235 122
261 208
77 202
118 259
70 127
98 66
257 166
220 67
280 292
110 113
84 74
97 79
104 234
227 258
40 207
158 23
112 296
222 181
106 250
4 116
12 74
202 158
222 67
266 286
89 71
299 20
167 19
53 51
303 17
288 38
75 275
5 280
213 3
109 270
259 149
208 252
151 135
178 40
74 221
10 248
87 139
157 98
48 220
42 150
79 4
251 31
53 77
190 101
269 42
41 84
150 65
201 208
201 225
169 36
201 262
208 19
88 180
84 223
98 195
200 76
42 118
117 44
305 202
49 22
126 59
88 214
178 218
50 268
64 259
235 211
6 272
33 151
80 304
231 248
100 220
231 99
158 50
132 126
256 51
132 70
265 219
133 246
224 267
94 229
140 178
64 37
131 245
57 109
41 94
168 48
21 108
9 63
250 8
278 117
149 63
189 10
108 22
262 275
197 297
227 62
165 61
68 104
150 53
250 235
216 132
168 239
162 284
29 22
96 269
8 188
26 132
125 144
136 156
271 99
125 287
230 15
192 38
82 29
144 156
293 228
96 305
214 257
196 268
243 155
174 28
63 286
153 144
21 102
239 74
20 270
175 7
218 222
156 157
202 114
38 163
172 45
18 115
69 86
50 295
189 14
29 190
96 178
72 232
265 258
140 234
259 132
59 51
295 217
205 51
76 127
259 169
0 48
257 49
209 279
130 190
217 47
213 97
208 203
72 69
14 85
302 122
27 47
282 0
221 294
10 131
224 160
31 39
301 276
296 292
181 174
277 193
192 28
191 18
35 219
116 176
163 127
41 114
145 94
188 108
57 86
2 17
62 140
116 134
166 27
265 247
83 285
145 54
67 31
8 175
42 4
227 264
261 150
53 260
142 126
290 132
215 17
38 63
119 261
105 189
138 293
252 242
155 117
100 178
184 12
196 248
53 298
90 43
182 59
204 204
79 165
101 159
277 257
161 135
261 138
78 161
230 26
63 100
278 54
57 101
66 36
231 104
255 179
12 21
94 206
16 113
69 301
140 188
198 233
287 186
38 96
133 63
246 186
241 139
265 225
213 76
142 185
202 142
106 92
134 197
29 46
283 14
66 304
175 201
32 179
120 105
5 205
27 58
202 164
61 185
150 305
42 221
204 271
139 235
166 294
179 72
246 131
156 285
249 163
238 271
203 206
19 132
40 162
91 82
212 139
57 133
160 94
10 257
236 83
54 14
192 199
239 292
132 190
142 29
20 114
227 246
45 134
69 250
186 175
97 99
131 262
25 101
95 34
247 225
272 54
108 16
247 82
119 78
257 274
137 53
256 283
146 85
200 45
111 86
99 204
274 57
253 194
0 182
163 114
268 240
35 225
128 187
203 233
74 144
0 284
119 196
281 156
84 40
95 2
43 138
137 213
2 6
98 88
122 66
190 99
58 63
282 244
157 83
167 97
198 285
84 137
231 190
122 45
39 295
129 283
268 10
132 65
256 199
59 166
20 299
258 273
173 138
175 40
148 294
236 271
31 1
296 140
185 146
238 76
165 268
103 159
20 78
101 90
41 196
153 10
193 151
253 37
94 49
234 225
265 223
245 289
87 178
159 205
296 157
279 177
147 204
199 162
199 72
246 172
261 11
119 230
158 96
69 16
282 141
43 119
233 296
78 240
