154 133
73 234
206 190
298 76
194 295
151 281
261 161
236 181
171 37
40 227
36 22
86 75
273 214
306 238
248 159
192 12
226 213
242 140
46 19
197 15
251 124
70 258
53 115
29 86
274 178
115 66
154 249
168 63
111 153
179 79
8 173
75 116
130 19
130 197
223 166
24 115
272 44
141 125
179 304
156 289
298 41
291 84
124 255
193 175
189 131
259 27
175 108
135 136
203 276
59 31
176 218
53 285
198 96
234 61
194 99
166 109
194 103
300 167
84 198
18 89
14 43
63 6
303 214
174 257
299 275
203 172
160 73
234 103
93 99
116 259
162 170
167 22
170 137
26 134
182 130
265 277
5 114
266 127
267 301
40 10
162 116
245 75
18 21
254 303
245 261
22 255
49 123
25 80
223 123
111 109
287 12
87 187
207 119
39 237
247 41
300 42
241 193
269 99
178 126
25 221
188 129
209 113
126 186
84 111
111 51
73 126
76 172
160 15
255 188
246 278
76 159
77 113
282 240
169 186
172 48
247 282
99 162
305 34
235 190
101 153
201 287
237 155
181 291
29 188
51 178
290 168
115 260
210 214
57 221
99 248
214 85
257 123
103 35
37 132
274 74
0 217
55 299
136 8
15 223
77 264
228 256
217 89
196 239
134 123
20 32
204 235
306 65
148 257
87 283
12 294
284 203
123 52
254 91
306 74
8 185
81 302
285 267
124 45
5 175
137 27
180 269
125 296
54 125
12 248
122 206
197 129
139 212
287 0
25 300
60 41
287 292
88 22
264 11
158 189
87 181
291 230
222 224
67 83
136 127
59 195
116 21
245 34
298 138
229 22
180 261
67 154
241 137
299 271
67 253
232 304
185 53
12 95
50 65
106 285
265 221
285 53
163 206
90 154
275 59
176 130
181 143
140 12
71 306
252 73
9 67
142 157
230 162
169 98
47 2
42 73
127 168
240 8
260 68
304 73
122 68
85 270
228 114
68 282
197 26
89 299
10 89
248 153
199 296
222 247
292 31
292 131
97 21
203 208
304 75
231 23
297 263
100 192
116 282
44 150
160 153
29 50
6 78
20 204
246 188
274 136
260 110
75 146
250 301
155 113
150 141
133 95
201 250
133 304
113 89
163 183
151 168
139 175
89 91
0 75
146 91
40 86
226 295
188 8
206 193
149 109
10 229
300 131
290 175
57 82
209 93
267 263
163 163
221 34
61 172
206 274
93 129
37 285
113 232
124 170
121 264
22 77
67 63
248 102
282 305
99 232
254 181
15 84
6 14
94 12
189 3
88 26
168 28
285 51
71 227
219 262
209 152
34 43
287 139
86 297
109 20
44 23
171 135
160 20
56 188
20 106
90 156
8 110
36 298
177 281
222 284
201 157
210 109
153 85
223 55
258 0
181 194
27 196
8 131
235 148
215 303
79 289
88 104
235 209
94 127
226 244
115 32
40 95
150 5
53 86
115 43
175 33
55 225
22 10
15 6
282 79
226 297
271 113
2 219
191 218
205 295
249 129
116 245
57 143
296 155
303 275
100 190
73 301
33 130
158 160
61 268
252 222
157 4
86 153
54 121
294 297
120 177
123 207
21 146
306 305
220 202
269 43
64 238
28 306
202 254
122 133
107 14
267 226
272 111
240 230
115 60
288 303
265 246
31 206
147 21
116 247
68 71
229 105
78 163
281 102
125 115
150 46
107 146
73 222
226 69
72 1
254 152
268 107
43 55
265 176
297 224
41 304
22 61
131 305
206 78
85 91
156 216
301 190
178 194
304 215
224 287
81 220
21 64
260 210
13 1
219 267
105 192
9 133
160 13
64 248
194 12
198 73
131 303
3 185
210 212
100 84
19 125
223 182
86 77
140 53
71 229
61 4
166 272
25 196
301 53
204 170
112 201
20 169
33 285
82 163
254 39
188 98
256 190
152 112
195 54
256 195
230 87
83 171
15 80
1 52
50 179
261 53
243 138
264 209
117 169
54 129
183 244
253 133
245 127
56 103
187 244
133 131
265 240
228 262
62 107
155 191
152 118
15 160
188 112
109 15
46 215
216 51
281 253
109 84
54 217
139 284
200 94
38 77
3 89
175 255
288 110
63 222
191 197
24 239
275 94
232 27
227 186
183 99
181 236
161 297
260 48
128 85
284 142
122 285
50 165
29 57
306 24
105 263
71 141
280 80
263 81
156 52
144 177
91 251
143 187
223 205
255 150
45 17
64 165
123 260
128 268
250 153
36 73
273 251
158 157
124 107
290 127
278 235
96 209
144 92
154 125
52 41
118 7
260 274
123 198
135 107
248 30
254 86
257 55
76 262
163 274
144 102
289 263
93 274
31 57
40 93
106 258
171 168
297 21
93 272
163 223
138 267
72 98
261 276
283 98
165 134
260 55
242 274
151 1
128 155
301 169
99 86
276 224
86 11
253 131
41 8
277 154
58 85
159 213
164 106
289 170
85 49
242 252
251 178
44 145
239 49
35 165
104 188
18 134
128 66
150 111
64 28
242 153
61 6
153 220
72 178
20 44
80 239
215 88
244 253
200 114
197 281
126 289
263 249
124 50
153 44
254 74
295 21
152 17
159 95
214 261
265 301
157 102
103 278
30 292
55 255
275 140
190 47
199 288
234 272
246 36
185 13
224 53
217 278
222 261
19 73
82 139
1 39
287 10
85 283
253 35
112 23
116 29
276 260
156 250
150 206
215 154
70 104
6 152
204 18
297 189
223 164
152 122
121 271
270 11
300 253
253 177
284 306
103 96
261 30
129 56
143 95
275 159
200 116
64 252
141 182
132 0
174 296
52 134
89 112
170 184
149 218
166 259
148 59
206 206
289 40
287 124
144 105
182 198
180 130
20 104
104 288
132 121
1 272
297 191
215 176
28 26
165 270
273 288
185 259
245 175
247 209
276 179
273 79
10 36
102 196
4 292
195 148
76 180
184 63
11 296
34 291
78 208
5 41
172 299
69 254
0 303
247 163
7 296
178 18
278 2
46 213
21 124
19 272
300 262
210 105
227 21
93 137
177 242
273 56
56 282
80 122
94 157
68 25
211 96
278 19
203 262
196 186
33 287
84 44
67 130
85 272
246 141
125 260
99 47
149 298
27 280
55 108
102 181
177 164
140 297
89 278
60 186
101 216
183 160
233 164
299 223
254 161
30 243
301 209
301 8
161 163
141 54
297 272
88 96
62 155
244 152
45 136
126 170
65 219
222 109
148 270
104 32
63 183
171 240
154 247
253 55
205 306
31 233
162 96
271 66
1 274
289 267
73 141
137 17
299 260
274 257
123 239
3 181
282 157
67 281
117 33
27 51
13 222
113 45
146 291
13 188
129 305
211 285
274 260
19 5
285 77
297 276
138 155
27 22
97 108
99 292
118 129
120 286
120 179
191 216
90 51
136 53
276 210
277 158
302 7
119 183
13 216
31 208
261 127
299 189
256 287
150 48
296 19
215 133
22 205
43 95
304 97
251 132
193 200
160 54
21 21
222 53
4 65
40 53
245 212
66 306
36 41
259 259
41 205
59 193
21 110
230 232
110 39
56 132
144 152
43 124
14 87
299 158
85 124
304 203
256 180
162 270
3 176
43 153
21 126
47 251
97 211
93 176
67 203
0 7
209 286
243 19
230 130
150 80
3 282
208 44
258 210
177 276
260 139
116 270
240 13
1 211
124 278
301 141
259 59
150 292
15 233
98 68
166 213
206 107
285 15
41 209
79 249
201 166
240 106
269 238
281 4
71 298
0 67
279 37
175 164
252 75
88 111
280 238
54 219
299 209
187 96
66 279
172 95
140 181
158 100
92 60
107 193
169 20
282 277
98 230
295 84
206 18
92 162
57 169
303 163
231 301
296 302
57 244
289 138
48 166
53 39
46 45
288 265
264 232
139 94
125 52
70 277
32 257
216 264
77 290
67 112
158 153
277 175
296 111
278 112
118 96
69 140
261 158
116 201
207 235
249 228
162 299
98 178
158 18
278 137
147 273
279 104
21 81
35 267
89 216
190 111
192 134
269 95
19 103
284 201
83 80
138 211
60 208
140 56
231 42
284 178
78 277
31 241
221 105
240 19
93 26
95 128
139 269
8 189
193 32
140 241
8 228
94 193
98 97
288 67
191 211
195 251
300 114
298 154
260 255
175 60
29 160
260 248
224 167
60 27
298 234
193 101
64 113
99 224
66 186
109 126
283 180
250 251
138 9
249 51
137 66
174 247
229 29
0 222
223 72
178 11
142 265
28 198
159 49
83 200
114 293
151 43
75 264
222 276
109 265
16 298
152 66
34 68
249 183
211 129
99 139
180 225
67 41
250 23
124 148
115 169
155 25
279 219
169 3
31 278
105 96
34 261
133 262
169 26
251 122
255 165
85 289
46 299
147 135
126 124
147 89
290 296
1 105
276 152
183 52
306 20
306 50
128 87
27 6
69 126
120 24
96 281
246 84
184 128
281 171
86 179
250 299
116 229
301 285
125 49
186 110
124 117
147 139
193 26
40 284
133 119
27 38
224 51
64 287
72 3
278 173
102 279
226 117
249 4
233 264
303 11
280 24
187 10
76 237
69 102
271 145
149 4
235 216
267 295
88 280
163 195
9 111
195 203
74 240
97 299
125 150
252 231
276 276
270 285
179 221
274 152
114 303
46 268
150 0
87 60
90 5
231 299
74 177
233 148
166 257
228 16
236 12
3 141
32 260
68 23
284 279
102 236
37 281
137 159
79 245
33 275
6 294
1 279
135 261
261 46
229 62
49 58
92 229
35 56
129 227
195 172
82 25
59 110
196 91
90 25
182 218
250 184
3 289
220 29
61 26
192 57
141 224
172 206
197 160
62 207
144 46
210 210
157 104
219 114
278 192
130 147
217 119
132 123
219 292
271 150
13 220
29 210
168 184
115 197
28 194
8 108
183 145
154 296
117 5
96 110
30 153
237 208
116 284
94 197
148 23
183 163
141 79
219 65
93 183
135 69
46 271
291 137
279 4
45 220
190 179
113 225
268 209
300 211
77 117
279 171
242 231
270 261
269 12
118 201
162 126
109 199
41 96
43 275
129 60
194 152
213 132
31 100
146 100
130 7
299 285
97 273
28 60
57 246
216 24
208 31
148 46
178 120
170 270
264 83
138 167
183 79
278 225
109 81
140 253
274 138
201 293
104 193
157 78
290 130
37 25
242 254
265 115
204 93
146 141
236 135
184 72
214 13
45 174
57 262
179 267
236 284
103 117
150 283
90 252
189 59
258 279
241 90
235 11
17 0
133 104
94 22
218 29
134 117
298 292
257 306
302 97
187 156
40 156
98 164
183 174
35 58
159 63
108 237
284 245
218 217
275 117
192 176
87 213
152 120
233 33
214 19
284 58
129 270
32 162
96 194
83 42
121 79
142 254
124 155
194 247
218 142
133 161
205 55
6 136
59 244
235 295
220 285
276 278
132 15
67 232
28 182
228 47
227 38
10 182
8 13
12 128
301 291
8 275
158 290
134 265
147 26
297 75
225 225
178 36
115 104
163 294
14 164
114 205
210 208
113 65
33 66
198 0
254 197
280 302
250 28
122 19
54 36
275 282
249 26
238 9
99 79
75 233
20 274
136 237
137 93
2 119
125 153
83 9
159 102
278 255
10 11
34 263
197 262
67 302
299 109
108 97
75 188
62 42
55 221
229 258
23 218
107 1
125 160
26 244
165 183
111 167
70 98
7 149
5 146
153 217
94 177
8 139
114 96
235 79
177 107
225 57
306 120
173 60
110 128
241 123
268 233
213 151
135 18
183 206
33 207
140 210
144 44
255 289
149 54
250 151
0 35
299 221
68 2
94 97
107 21
176 136
259 104
69 183
178 239
82 44
240 241
220 107
133 306
153 253
237 74
179 235
116 23
36 296
247 180
142 56
214 185
252 7
105 94
298 164
5 55
85 138
224 224
39 293
247 0
52 296
55 146
172 214
146 264
203 155
22 35
298 262
222 36
91 9
280 173
137 205
231 89
273 113
209 43
286 61
200 129
65 286
153 119
225 182
259 70
125 105
92 47
287 137
63 220
134 9
280 100
100 272
112 27
234 102
59 101
106 5
286 182
202 46
218 203
165 155
35 98
17 159
7 142
15 297
280 33
274 188
65 63
202 183
177 93
69 194
136 293
181 117
111 1
200 74
281 81
76 161
103 37
237 53
279 289
100 195
286 306
232 282
54 50
284 62
67 294
196 103
280 45
124 66
244 106
109 267
147 297
138 171
286 25
130 299
201 92
110 82
92 234
73 224
82 91
208 106
267 32
49 184
171 61
258 196
15 179
111 218
246 174
281 17
284 139
124 276
209 288
109 95
244 206
253 122
78 116
47 46
132 33
235 186
62 169
69 34
182 110
151 217
139 54
64 266
298 26
11 284
68 128
53 167
140 177
126 5
92 103
161 168
306 249
212 174
15 52
292 111
211 1
13 178
277 186
94 37
224 136
56 106
16 70
240 254
271 76
202 162
60 151
152 142
166 297
67 146
271 41
118 228
299 95
41 236
282 187
246 80
250 103
159 77
267 303
234 41
23 241
13 41
72 239
268 92
183 259
49 48
3 37
3 200
51 236
216 16
300 197
115 115
272 85
66 28
110 141
119 181
160 4
60 206
24 107
245 82
229 88
134 109
153 235
104 92
265 207
123 172
264 262
137 228
265 128
29 132
18 11
12 87
258 130
275 161
86 23
294 222
39 261
8 129
93 50
257 28
40 4
159 171
77 155
77 145
68 156
95 99
19 40
70 196
86 250
213 95
80 255
253 240
204 223
6 186
84 47
267 265
222 111
110 273
266 299
2 122
97 39
275 215
117 61
79 144
37 205
29 27
96 263
297 260
55 285
155 29
306 38
189 227
44 157
67 236
106 8
150 188
253 72
53 243
181 263
148 235
221 69
241 250
125 214
271 273
57 301
206 132
178 105
115 4
70 184
256 197
29 171
17 196
163 254
265 117
84 7
128 54
97 207
42 203
30 284
240 290
23 256
277 218
65 223
255 276
215 22
152 107
182 147
300 111
100 119
21 159
166 186
270 146
142 123
276 150
117 231
30 282
148 237
249 166
125 273
149 209
84 273
109 239
250 79
284 295
180 219
113 288
154 278
78 158
279 51
149 143
41 124
257 94
155 294
292 126
244 167
102 234
246 38
177 114
298 19
282 139
280 53
115 199
44 203
6 65
204 76
28 8
167 35
78 156
217 168
259 128
38 251
154 231
304 85
105 38
132 118
268 247
58 89
303 255
245 259
175 71
287 14
186 105
133 125
98 241
220 200
15 97
17 179
275 97
65 9
260 44
277 245
211 246
182 202
245 284
220 121
29 175
166 266
65 42
119 60
295 238
35 39
2 33
263 138
56 293
269 83
1 246
233 153
261 8
26 34
119 104
215 284
195 150
228 214
104 59
45 248
279 246
23 90
159 134
95 108
304 12
161 56
260 186
237 157
226 210
138 214
151 190
62 11
116 255
67 39
305 226
160 170
133 82
53 34
289 100
244 216
61 212
132 284
45 93
139 207
272 166
301 129
3 263
69 297
225 123
207 152
12 258
78 19
227 119
164 185
175 134
246 263
42 277
93 109
64 35
280 305
282 184
239 91
259 29
252 38
56 295
224 208
242 305
216 190
20 157
179 284
165 192
249 209
87 90
224 201
113 196
29 298
55 253
253 107
96 271
219 294
98 193
118 262
240 154
90 47
169 51
187 206
126 117
257 132
196 19
54 242
298 43
282 213
216 298
304 65
99 287
71 300
19 160
285 277
129 115
77 4
271 92
91 158
218 301
212 50
55 301
157 29
243 194
185 95
150 7
124 159
214 278
164 95
176 238
267 96
190 7
51 188
186 296
91 111
131 145
99 57
109 44
125 275
129 10
232 149
91 260
186 172
279 159
120 67
168 238
13 260
171 46
201 295
205 118
196 232
118 271
268 261
100 59
257 285
89 124
0 147
269 124
260 51
268 166
142 241
33 198
254 239
222 144
65 202
214 222
171 39
167 3
252 103
215 160
165 23
194 38
260 196
25 187
99 158
134 63
282 137
97 174
278 237
113 167
144 24
3 183
175 162
112 234
161 130
295 109
5 33
144 254
271 79
287 271
144 100
268 163
113 106
293 303
57 75
262 251
236 278
61 203
153 301
237 263
78 260
26 103
28 158
163 122
225 185
31 34
230 24
242 92
70 0
82 20
196 266
96 132
130 251
212 84
247 127
229 38
156 169
91 193
234 294
178 116
70 151
187 115
228 69
287 280
198 71
208 246
169 42
190 272
30 290
80 24
152 303
59 213
71 223
29 266
2 12
92 122
295 249
230 303
287 130
104 286
79 203
152 124
20 60
71 153
137 305
245 110
121 90
3 55
252 53
114 246
194 36
48 130
259 211
88 24
246 178
268 288
272 65
201 256
186 12
163 266
109 50
304 225
278 119
236 153
238 277
260 159
148 137
263 115
145 253
55 160
95 82
264 73
100 99
300 101
288 269
148 44
52 238
84 84
146 137
228 103
55 118
306 212
154 140
135 105
49 270
60 190
289 271
175 275
145 271
53 75
168 214
130 142
48 168
117 233
175 253
31 173
216 221
292 262
63 111
244 278
59 241
84 96
253 193
108 88
117 63
184 60
282 292
132 72
49 10
31 21
140 10
236 8
214 83
241 160
230 261
282 54
51 259
258 16
179 223
185 98
199 220
216 31
120 20
231 275
281 249
4 79
68 14
284 159
232 284
227 50
260 257
186 113
233 172
131 198
200 234
100 38
195 294
98 80
179 109
43 149
229 250
188 4
230 60
60 139
289 229
155 102
137 176
86 244
234 7
114 216
58 296
293 231
32 32
174 96
66 282
176 194
292 109
191 237
268 120
281 83
74 278
292 11
82 22
44 219
160 207
59 152
193 177
111 127
22 259
244 131
157 84
77 224
231 263
75 55
150 220
74 164
135 80
204 16
189 185
174 51
107 189
131 11
3 306
188 174
194 134
172 184
261 84
110 54
306 46
194 72
238 196
59 184
14 190
120 258
222 288
213 284
70 124
118 214
51 297
51 61
112 226
41 12
115 0
262 136
10 129
92 156
202 223
112 113
139 225
99 237
237 133
43 69
224 70
205 234
50 271
88 233
196 70
7 304
50 51
121 175
18 87
94 240
96 60
21 74
292 156
281 22
212 273
218 63
47 48
123 202
277 282
300 235
262 233
154 176
197 217
22 100
26 306
225 246
84 297
202 75
289 106
124 143
66 70
286 177
195 130
94 164
298 156
71 100
249 268
179 237
300 77
213 46
154 106
289 90
32 277
191 31
5 187
15 111
191 278
23 220
3 198
167 292
147 244
18 199
235 56
149 61
78 60
192 100
301 143
33 39
134 99
269 93
84 72
22 19
293 22
274 297
170 44
76 184
296 194
230 151
121 75
236 293
116 280
185 115
59 235
140 123
22 229
158 249
298 140
66 238
291 115
109 152
82 126
281 49
164 97
5 209
27 190
89 67
278 24
196 219
123 131
303 208
266 197
178 34
86 143
173 32
29 123
93 1
234 124
268 198
3 115
295 127
76 241
238 135
51 12
273 290
129 261
295 198
23 5
62 205
77 235
68 88
41 136
82 61
201 171
257 36
297 133
193 88
151 301
215 165
204 246
116 84
50 243
115 305
239 158
201 29
118 83
121 92
173 198
86 95
72 68
76 289
197 28
96 213
295 293
116 6
90 264
284 289
227 33
248 207
266 33
49 24
11 249
107 31
114 150
302 41
63 224
126 58
190 20
60 112
105 145
249 82
25 82
114 6
204 190
288 141
153 280
60 266
86 47
279 47
301 294
304 45
50 135
27 20
76 239
16 200
267 121
289 13
245 276
236 273
196 285
155 272
124 125
19 231
117 196
85 186
14 235
248 187
215 200
152 72
144 154
188 104
276 36
205 52
153 121
206 296
185 195
74 162
152 12
134 16
235 192
43 18
0 219
278 7
88 218
35 102
264 287
73 17
155 228
62 157
228 40
249 24
290 148
78 122
297 198
252 89
233 63
142 121
119 243
30 183
281 185
194 74
82 250
54 226
36 259
107 36
15 225
261 57
73 274
135 199
1 37
107 19
164 133
32 242
287 26
265 81
37 159
81 28
133 60
13 73
56 297
251 233
159 168
301 120
47 10
261 177
291 179
9 205
299 66
142 180
228 60
95 185
258 10
177 78
18 101
53 12
176 257
169 7
238 108
159 75
111 15
91 127
184 161
148 263
163 212
208 67
226 287
21 215
32 168
121 173
114 142
28 53
170 203
201 258
21 68
109 192
3 251
223 137
189 48
302 84
79 205
291 96
254 124
122 277
50 201
192 218
13 250
110 220
17 205
189 301
0 18
291 267
212 213
179 245
255 306
195 82
192 174
177 33
273 249
59 264
115 253
79 243
249 15
106 254
92 154
110 237
255 15
100 176
85 89
282 246
12 161
21 219
17 83
208 131
111 199
180 162
228 301
287 264
299 144
218 263
238 273
252 161
113 304
169 112
250 186
46 254
296 60
270 287
198 231
183 263
288 62
269 101
214 177
251 9
2 35
223 146
190 114
73 83
92 80
18 99
182 200
289 36
260 136
197 295
176 250
162 131
161 46
19 291
256 235
191 147
145 22
204 225
214 259
154 142
190 270
301 192
155 77
55 200
136 138
278 64
285 1
107 266
82 73
135 190
11 251
288 44
96 32
122 46
168 204
37 58
190 170
12 89
3 139
234 196
40 77
120 272
94 233
232 101
87 192
208 284
267 129
197 78
29 41
203 118
112 82
137 295
254 19
127 217
174 300
156 189
86 301
294 126
46 23
212 210
225 21
275 190
158 204
33 205
241 75
20 294
3 104
112 300
135 61
175 47
277 177
189 306
288 42
236 28
80 60
240 224
131 239
100 157
278 79
24 135
297 80
80 105
24 177
112 88
43 176
229 35
224 289
199 294
98 90
237 57
285 13
110 143
20 99
155 85
23 20
295 263
111 271
20 258
195 27
196 37
145 96
286 49
251 224
48 186
41 28
60 35
37 65
14 54
199 261
276 136
145 26
132 66
133 108
196 224
198 77
253 42
173 183
184 154
28 103
234 304
72 230
38 294
239 73
139 60
223 162
132 240
284 157
181 204
88 151
205 271
277 236
239 263
39 205
129 273
249 230
248 171
209 232
24 294
224 81
45 47
232 139
200 20
145 243
91 19
43 27
226 289
150 119
49 258
76 226
213 91
143 97
300 265
257 169
244 134
11 2
218 220
190 239
83 124
79 146
216 13
300 97
265 249
65 6
56 39
209 65
221 257
248 93
164 110
0 122
155 252
231 137
293 88
120 170
288 282
249 124
110 222
168 5
191 161
159 216
279 221
71 29
232 41
281 36
215 90
98 149
164 225
173 171
157 202
80 26
159 16
122 117
29 88
292 33
13 224
171 35
263 144
133 135
205 287
190 37
58 97
178 68
254 17
176 73
222 227
23 272
31 185
140 44
260 198
91 100
172 196
153 168
109 269
42 10
148 290
111 173
114 255
75 87
148 220
7 80
300 233
295 221
253 179
178 20
193 130
38 214
121 115
131 227
146 55
169 85
197 93
60 239
239 132
111 45
121 132
8 272
21 142
4 109
32 68
152 133
248 151
226 262
3 51
101 277
240 17
204 44
65 109
79 276
169 22
218 70
188 171
136 83
237 242
91 45
31 304
158 211
100 149
57 213
209 132
155 171
117 260
120 106
4 17
260 10
127 188
233 274
263 55
144 162
110 169
113 228
182 149
243 212
259 290
21 257
109 149
25 189
222 201
294 69
142 27
28 270
43 249
204 78
295 200
119 238
221 183
1 182
228 82
298 249
123 153
294 32
280 300
142 107
73 2
276 188
163 148
78 105
21 253
181 275
286 140
187 217
286 144
79 120
150 51
144 244
144 185
267 98
82 71
261 175
265 29
198 141
128 1
33 99
140 302
154 73
280 78
175 199
66 234
142 164
78 251
293 212
54 114
256 231
147 246
97 134
296 235
306 81
15 306
181 81
111 145
273 33
119 45
268 40
118 25
184 219
177 237
108 40
179 299
173 47
237 106
304 244
235 276
277 259
125 3
293 214
223 304
195 35
280 55
80 199
120 93
100 181
252 300
59 7
64 81
39 97
25 298
32 37
247 289
72 85
246 66
93 82
146 28
69 22
242 79
34 73
289 63
101 95
286 188
152 291
304 57
68 20
177 254
17 305
234 13
194 281
211 60
144 158
69 299
126 7
136 10
267 220
189 217
29 300
71 198
252 271
174 245
2 146
150 299
298 211
225 33
157 95
1 276
214 87
17 192
113 169
221 207
151 143
223 148
300 75
230 230
81 276
305 304
164 272
277 23
148 141
172 138
177 37
173 36
154 69
294 224
159 209
57 240
94 213
36 193
190 25
170 53
49 256
291 117
20 202
6 129
140 6
16 194
220 1
66 249
122 266
264 220
254 278
170 215
184 254
90 27
286 63
206 62
56 254
202 128
247 100
239 233
42 92
231 33
193 159
116 227
52 50
15 255
147 289
27 220
68 202
147 82
177 80
93 231
187 181
149 166
144 179
24 254
130 241
226 52
91 41
91 21
177 244
291 25
205 64
66 67
4 118
41 231
111 232
138 13
234 184
296 300
85 42
8 137
225 13
77 275
77 304
280 290
103 30
255 76
85 141
276 115
247 89
211 248
251 95
82 4
165 255
258 139
0 145
176 115
34 60
229 18
259 35
213 255
268 127
106 98
83 248
243 21
13 192
228 134
228 174
215 15
102 231
12 39
112 144
114 165
58 185
280 189
55 116
88 28
105 10
180 176
58 187
303 21
0 43
202 0
155 202
55 283
244 306
154 288
47 253
296 141
258 48
301 222
181 58
283 169
223 119
56 227
101 238
20 34
35 20
176 246
0 286
120 278
192 20
21 272
174 136
192 86
275 293
270 166
19 233
95 161
151 219
186 177
68 85
169 82
69 129
62 151
151 255
267 165
27 105
281 201
93 101
37 191
92 40
216 280
263 85
299 62
79 178
29 105
86 279
26 175
40 252
276 197
97 82
255 233
220 17
291 263
83 5
218 226
293 218
292 133
38 226
11 188
196 21
262 24
150 232
180 289
55 34
263 264
126 50
305 200
186 197
60 281
215 61
116 272
115 214
305 289
15 158
38 283
223 116
12 286
181 97
196 39
268 206
109 17
191 59
248 185
105 300
179 255
140 232
194 171
137 191
190 248
59 191
46 126
19 254
44 183
232 168
229 33
289 136
219 133
188 36
78 236
236 123
305 48
278 188
1 120
233 206
15 113
252 151
113 217
301 163
182 154
174 44
218 297
128 58
170 211
192 279
221 205
25 219
156 200
306 275
282 100
57 105
2 42
86 185
144 287
70 30
97 160
153 273
262 134
160 61
224 199
8 61
98 303
227 184
72 128
185 207
39 24
18 203
80 162
303 277
44 186
222 70
219 184
225 104
129 145
254 287
108 127
84 92
124 20
164 219
105 143
30 269
304 120
233 105
216 262
156 17
88 102
266 297
188 6
180 147
143 148
296 113
289 294
38 207
124 216
259 188
304 293
259 8
82 252
305 219
246 166
105 116
137 234
65 44
298 28
196 13
81 57
206 76
197 191
236 151
186 127
198 95
59 168
16 86
270 243
239 52
290 112
306 273
165 205
235 239
66 270
46 151
205 266
97 291
81 107
133 227
123 174
74 169
241 284
52 268
64 212
19 130
117 223
279 68
217 76
244 179
100 241
272 154
169 38
294 157
278 273
237 240
277 293
76 178
151 229
277 68
193 236
79 291
248 169
115 225
268 159
127 157
243 64
158 247
178 224
90 211
34 70
254 301
61 71
38 228
97 34
90 228
35 129
182 289
262 197
161 271
159 52
9 150
42 112
290 223
164 289
213 153
129 245
40 121
69 260
111 129
4 302
41 154
166 237
48 22
163 172
112 204
302 87
53 104
277 3
282 189
39 229
20 275
177 69
267 222
166 17
247 228
194 132
87 183
70 305
137 130
239 213
166 215
164 292
135 295
261 59
32 291
80 0
34 41
278 96
112 171
115 2
181 160
20 175
286 142
216 242
133 116
83 141
54 112
132 196
241 275
147 261
220 36
204 194
247 111
181 153
243 250
235 194
22 133
115 46
151 247
201 47
272 147
17 72
206 60
261 152
138 292
274 276
32 35
140 228
85 148
21 130
207 278
191 178
33 21
274 65
55 198
295 215
117 106
191 186
80 257
154 127
38 161
37 119
43 135
73 241
47 25
193 10
190 177
192 30
211 201
29 173
16 23
76 176
160 18
250 2
202 265
132 282
218 23
246 206
191 131
226 82
290 144
208 181
278 179
25 6
68 306
45 250
188 178
174 9
253 51
215 250
68 33
207 276
194 70
180 117
50 122
298 64
266 35
93 35
214 3
164 123
146 30
273 259
302 201
246 287
31 104
211 287
258 89
244 9
91 160
290 272
233 137
180 111
70 20
245 197
227 80
146 93
137 154
195 223
152 299
174 197
216 18
40 240
269 161
305 291
136 194
190 195
30 204
304 166
226 128
287 267
252 181
113 1
266 83
85 277
14 162
120 44
252 239
221 266
302 287
278 33
229 263
216 151
98 221
213 44
302 58
287 105
117 131
183 76
243 110
196 95
58 237
235 188
111 176
184 296
215 92
67 250
200 140
39 196
74 13
96 107
305 164
89 232
194 279
138 216
130 285
305 19
68 148
34 126
225 187
148 25
186 134
270 45
296 212
233 100
5 144
19 293
36 163
57 88
189 148
256 97
305 184
271 105
190 293
249 9
212 86
85 9
23 102
120 32
91 137
71 279
248 87
161 92
137 29
35 100
220 243
23 57
239 275
40 55
5 91
208 59
254 79
252 298
85 82
157 271
55 168
277 89
135 59
215 4
21 232
103 248
121 129
277 195
285 199
68 114
270 163
65 221
57 225
270 120
303 190
145 273
122 21
172 62
55 246
225 258
59 134
50 125
41 271
57 54
181 192
286 179
111 216
135 97
27 299
59 26
305 21
56 120
101 118
263 53
109 214
90 101
225 178
125 188
293 115
34 171
243 285
152 169
142 52
199 171
278 147
101 286
75 199
113 203
129 83
288 131
29 37
81 244
5 141
80 224
235 165
167 220
148 91
305 43
184 200
231 166
75 207
43 81
297 248
246 62
237 149
273 93
184 175
195 263
53 61
250 245
139 282
197 289
89 213
274 78
139 92
302 252
306 228
68 231
263 253
244 274
245 64
56 51
92 240
123 129
291 66
86 281
237 72
187 103
295 236
4 147
42 284
194 19
189 237
19 0
263 278
193 147
203 201
180 19
177 303
208 17
240 215
187 238
193 241
255 237
143 252
10 173
168 288
296 69
155 99
157 162
211 4
167 7
179 282
176 95
234 300
94 131
29 148
291 10
274 225
183 61
302 167
282 250
294 178
253 224
151 84
259 288
0 270
53 146
111 81
60 37
242 103
97 12
147 80
273 236
116 132
25 38
152 101
120 280
1 283
194 273
136 265
54 281
233 210
120 26
228 131
267 16
40 235
139 58
208 112
16 257
226 59
113 42
246 52
227 71
168 84
211 94
178 118
274 85
144 28
77 250
187 50
300 292
7 63
112 84
246 27
38 193
280 167
83 217
152 70
142 43
259 123
282 237
73 299
46 169
252 244
236 6
257 14
39 123
185 248
142 24
294 132
241 18
83 287
239 194
164 213
32 186
219 188
274 111
5 103
156 97
175 78
80 170
152 192
243 283
134 3
17 277
204 131
216 49
119 33
16 21
252 91
284 20
134 11
69 198
97 75
37 222
144 175
103 178
235 81
198 115
67 296
300 188
270 108
254 167
94 195
247 86
284 188
83 299
34 34
282 34
179 70
73 236
257 34
140 158
66 65
234 285
232 293
216 185
76 174
79 107
226 285
5 49
163 112
70 202
56 216
245 50
179 217
127 160
211 92
94 59
62 287
91 232
28 283
41 164
210 136
82 199
226 133
179 287
239 294
45 295
66 259
163 221
104 261
144 30
188 239
240 252
236 169
2 68
175 251
180 56
175 304
43 126
303 294
220 229
297 200
247 35
195 241
174 92
284 23
82 40
221 292
105 249
193 216
269 245
28 18
1 243
93 194
197 53
125 301
74 179
212 204
178 160
264 27
289 164
258 51
258 2
160 299
178 98
165 74
229 171
168 18
283 38
205 91
297 158
115 124
90 80
223 179
209 61
158 14
69 32
34 256
185 244
294 291
55 166
219 112
258 287
187 101
234 59
281 85
148 287
28 285
14 37
64 205
43 205
64 15
154 245
109 46
204 297
61 108
89 165
63 63
6 111
189 181
192 248
248 215
246 306
261 26
148 222
83 82
105 19
39 194
219 186
62 282
106 3
205 155
151 16
54 203
6 118
13 262
105 198
153 227
128 229
163 94
113 122
107 264
94 110
159 2
157 269
41 82
297 137
45 2
104 255
74 15
201 15
153 246
136 1
171 198
57 73
148 175
207 289
149 272
17 157
297 24
103 54
51 104
300 170
64 105
238 242
259 37
103 301
181 259
83 38
198 143
9 116
226 48
37 224
128 142
138 7
53 181
224 244
116 171
27 209
216 258
161 172
39 116
27 187
120 133
225 165
74 218
88 247
85 287
293 108
246 107
161 115
158 176
42 54
183 152
263 195
48 138
225 116
48 190
27 242
86 145
55 259
204 183
86 214
214 48
130 229
87 288
280 2
137 200
287 45
176 43
119 115
51 39
248 65
284 282
151 45
195 282
124 18
99 151
104 56
70 262
55 196
110 79
3 67
142 105
87 149
92 139
264 275
192 187
19 143
145 260
177 222
78 118
143 20
249 161
185 133
212 283
93 75
122 143
134 133
30 179
306 245
3 275
106 157
194 269
159 43
111 203
272 128
113 29
277 262
216 82
270 39
135 233
244 257
253 77
199 160
206 43
285 180
83 127
133 45
252 246
14 217
71 260
189 33
123 115
111 288
289 96
264 230
117 181
83 60
229 165
81 140
231 211
183 299
282 59
126 155
215 187
48 134
252 302
55 78
72 143
23 109
242 248
18 9
24 113
248 266
239 58
96 37
143 109
121 208
292 223
255 171
218 224
53 169
251 5
278 77
123 141
232 295
224 265
80 22
135 67
272 247
59 132
164 170
160 132
123 93
104 299
56 7
284 64
83 302
223 69
98 48
200 164
233 170
166 105
187 230
37 75
81 201
125 290
115 30
274 208
161 63
28 232
170 50
305 11
296 43
235 213
192 170
101 161
284 25
18 201
210 107
276 111
16 43
255 94
80 241
65 13
149 204
196 280
102 262
213 130
100 147
275 76
129 188
156 58
202 305
12 37
209 249
27 268
82 255
267 118
291 260
194 267
154 67
94 10
86 40
185 157
158 54
141 58
228 227
132 166
72 170
261 61
43 306
215 152
289 88
259 233
262 248
20 296
132 242
207 202
179 243
40 187
284 243
21 277
40 68
165 241
81 171
65 253
30 158
288 166
277 15
288 296
277 253
93 218
100 117
236 196
27 138
197 249
8 124
44 215
284 249
286 102
158 281
50 238
92 209
274 210
251 162
277 214
35 167
300 55
177 71
126 142
38 61
83 90
70 88
138 283
190 251
142 110
275 259
21 89
91 74
18 23
279 223
12 255
9 201
89 23
159 272
130 0
122 54
265 264
202 248
101 151
82 27
46 135
141 187
198 224
138 209
68 258
243 11
170 188
7 116
283 102
235 264
246 215
127 227
2 79
180 23
215 20
35 206
73 228
3 304
179 115
220 74
59 143
43 304
78 175
197 162
207 272
127 248
93 105
224 132
91 109
128 19
30 125
57 80
285 27
215 81
235 198
10 231
52 8
187 299
31 280
217 14
236 107
7 302
32 203
102 157
279 215
139 96
44 277
133 192
70 186
207 63
91 241
204 248
39 224
118 167
217 186
58 242
118 283
6 150
287 228
26 231
292 301
71 249
220 109
105 57
12 174
59 141
230 113
299 201
228 230
23 88
289 45
139 229
246 242
154 75
127 3
190 280
55 15
77 204
8 230
177 220
126 22
262 257
19 7
84 169
221 119
163 76
123 196
213 168
82 18
147 84
44 152
287 104
105 194
296 192
169 61
4 42
299 54
138 126
194 188
306 12
198 259
80 207
227 14
138 281
7 126
71 139
17 8
259 178
301 158
165 111
133 67
134 285
119 68
197 215
104 259
156 179
297 77
197 55
27 56
160 42
145 215
304 242
87 94
118 245
162 6
8 89
136 284
17 140
56 33
24 198
3 277
255 163
98 10
132 18
158 214
35 65
252 153
134 249
146 43
290 29
250 172
274 63
166 169
273 42
201 112
248 8
15 221
291 128
46 186
11 192
105 251
66 257
82 75
176 165
64 250
211 62
85 151
197 299
136 215
47 55
237 187
47 296
250 232
221 136
7 140
145 178
269 168
31 267
263 69
213 137
49 188
13 293
87 81
112 230
235 218
125 271
264 140
150 67
185 205
66 108
7 204
206 182
294 302
7 147
96 136
50 167
273 189
224 306
137 136
122 57
284 190
277 160
202 264
126 229
222 74
74 185
99 207
196 142
121 180
280 206
238 255
115 195
112 294
86 29
128 21
214 264
113 176
36 54
12 244
84 113
280 187
245 129
91 243
170 190
0 16
212 104
107 94
96 77
244 195
112 146
78 114
222 117
92 264
164 146
125 128
296 28
232 302
302 239
137 61
192 238
90 11
204 88
175 244
194 83
97 231
141 67
273 273
243 74
1 221
80 158
22 163
304 201
190 126
255 169
279 17
290 177
267 12
70 24
102 148
292 175
68 196
111 149
87 299
200 194
286 57
36 24
182 72
125 168
104 257
216 282
245 204
223 186
194 28
24 31
27 240
274 223
56 242
98 137
56 112
297 68
153 103
41 6
207 207
138 253
119 288
215 266
212 261
84 94
125 157
2 148
97 0
33 271
204 129
190 22
244 243
205 236
184 197
246 68
225 163
32 124
28 139
138 157
262 68
163 192
194 126
77 248
126 20
139 227
266 11
109 173
75 17
280 245
46 139
290 265
280 140
211 252
80 222
87 176
55 130
280 19
61 153
265 285
68 65
158 20
106 32
183 58
105 36
140 8
167 239
107 144
66 55
166 230
24 162
68 256
252 196
100 155
164 287
65 268
220 63
243 132
124 54
291 213
74 200
185 181
15 72
265 266
81 288
43 110
244 287
213 251
249 270
22 113
259 208
52 63
298 97
303 285
253 208
12 25
156 27
276 280
271 122
73 189
296 131
203 166
89 20
202 168
246 103
97 223
296 288
179 207
87 92
115 150
255 49
264 224
1 140
288 98
304 237
197 260
192 274
99 11
51 49
266 7
98 280
283 198
264 178
217 33
50 293
138 177
230 173
115 48
118 273
238 279
276 34
61 167
288 305
154 284
86 122
132 99
95 272
67 27
128 286
110 201
134 127
21 161
274 281
186 290
238 293
57 292
233 276
288 60
63 153
242 214
144 264
87 70
160 282
125 130
299 163
215 8
248 37
10 162
62 175
275 23
50 241
120 95
57 5
296 262
107 199
217 244
176 248
92 58
144 55
184 148
43 185
149 68
9 296
106 200
29 242
229 260
220 225
304 41
38 241
53 117
108 24
286 184
153 99
18 257
206 154
136 211
268 94
68 185
195 127
124 205
157 279
173 293
223 76
270 209
142 227
228 163
112 12
67 37
302 56
279 169
20 136
244 29
190 5
271 294
291 64
262 71
142 178
202 130
146 45
176 196
212 32
4 269
141 165
127 115
177 274
212 48
133 238
89 127
81 127
189 116
173 295
177 128
104 191
255 78
162 165
176 10
170 94
156 141
112 166
259 57
14 258
213 21
199 56
272 296
217 65
208 290
223 34
259 150
236 226
155 83
24 231
86 276
198 20
241 73
163 285
227 29
10 164
120 244
210 216
9 1
150 145
150 296
306 36
44 19
224 134
30 23
57 258
223 13
96 176
25 136
23 111
273 95
68 304
238 12
67 221
117 1
241 286
141 283
97 70
142 161
192 281
203 203
43 21
216 194
193 161
182 56
184 83
28 2
255 209
192 294
267 30
9 125
242 77
268 105
113 257
91 216
184 202
103 195
200 167
120 284
286 282
62 38
198 151
130 74
219 230
157 205
112 302
216 105
229 246
171 86
261 63
141 212
52 242
251 0
165 211
35 255
147 53
181 206
39 70
211 254
9 143
267 161
172 270
69 36
225 176
270 126
54 133
95 270
123 56
127 269
54 297
278 278
88 122
152 68
24 7
130 274
16 54
211 277
130 34
112 111
16 190
23 63
87 189
137 68
203 92
102 219
117 116
278 296
112 107
26 236
63 53
110 291
188 110
166 25
213 206
293 216
228 176
266 119
188 228
254 222
301 10
41 23
3 117
296 177
206 130
36 67
166 107
208 133
188 100
231 250
251 16
52 10
221 245
226 106
237 217
4 53
52 166
19 219
292 9
136 192
199 2
242 10
89 9
294 130
57 152
44 268
251 270
214 213
248 39
29 1
170 207
155 159
290 41
150 236
7 128
86 290
29 4
277 247
257 137
85 59
93 18
92 5
58 283
277 5
242 106
98 305
155 122
294 60
129 144
13 99
229 137
147 218
244 36
114 171
15 188
177 30
18 194
32 126
276 119
298 111
9 251
200 1
254 112
84 251
40 225
132 194
289 185
278 106
204 116
57 96
271 83
220 25
268 267
96 267
100 137
106 159
7 284
119 240
265 9
296 225
85 45
161 2
301 115
304 23
99 217
73 226
299 142
55 76
152 233
174 166
40 41
218 106
276 297
96 97
242 277
42 282
252 191
130 85
217 166
58 29
246 176
129 30
279 117
126 166
179 191
227 202
192 61
69 69
217 265
280 76
61 264
126 24
16 165
275 88
182 74
14 180
37 265
91 176
57 190
3 260
239 192
164 72
40 233
169 159
143 269
224 297
244 139
295 87
275 199
76 286
32 105
60 39
76 19
301 99
130 271
276 138
69 279
228 180
118 222
66 106
67 219
32 103
286 23
253 81
40 117
87 231
63 289
131 82
110 175
217 80
89 73
1 0
147 216
197 149
28 36
99 246
86 190
72 247
16 218
238 18
298 301
103 285
10 245
83 45
283 80
195 178
13 160
112 55
287 77
81 137
217 27
214 150
99 290
12 181
88 140
217 304
156 244
52 286
132 104
270 274
225 50
57 193
185 300
290 172
119 73
54 150
225 264
280 106
61 170
83 58
272 209
95 50
270 232
179 274
26 99
167 64
209 277
76 144
261 13
140 98
225 91
255 55
165 3
297 210
286 172
226 208
36 69
200 78
202 13
276 226
273 89
260 125
56 128
222 286
26 91
133 29
30 177
217 94
129 164
69 145
96 80
305 217
306 141
44 6
155 280
42 20
157 25
130 113
298 236
94 63
3 108
48 37
176 49
7 144
98 268
270 128
138 11
205 202
212 208
38 66
201 80
239 231
93 211
43 71
29 34
65 258
261 253
167 290
34 162
103 297
212 30
121 287
144 150
101 50
4 34
165 290
179 32
202 170
152 82
271 235
153 187
64 157
56 223
12 232
80 125
150 258
114 295
45 185
204 264
20 163
183 150
280 149
32 262
138 82
46 178
187 13
171 25
264 237
170 87
161 44
186 72
70 68
304 239
9 91
207 233
298 79
115 244
166 219
7 208
185 217
124 57
277 298
137 230
230 243
176 299
257 176
146 174
262 209
1 262
94 179
187 227
163 283
81 42
59 54
137 55
58 148
214 1
21 62
137 161
165 148
217 87
180 265
228 212
306 41
305 193
208 23
152 221
81 218
220 111
234 135
44 251
300 64
134 25
53 43
56 219
135 177
306 277
102 217
188 183
159 151
162 268
262 140
246 168
157 213
72 200
191 0
259 127
136 263
8 226
176 138
304 210
306 84
96 163
79 140
200 25
219 265
153 3
42 109
154 112
269 249
269 150
44 4
270 81
5 172
126 291
152 257
223 258
292 221
217 22
147 143
240 245
215 77
219 245
243 196
179 270
65 236
296 237
207 42
266 288
54 102
22 295
64 284
188 46
5 139
230 139
170 227
55 143
35 75
225 202
20 20
263 58
260 130
85 38
6 109
185 302
260 112
33 19
53 113
235 54
290 110
194 136
244 291
65 111
62 166
277 234
132 225
306 210
217 241
154 192
208 77
66 7
219 32
161 269
59 74
80 58
64 65
220 231
72 262
208 110
63 256
226 31
226 135
29 279
141 95
128 70
179 174
194 191
94 160
283 293
55 74
82 226
247 268
69 295
257 110
238 253
289 231
265 31
301 256
22 59
97 47
253 237
98 84
203 296
227 182
37 39
134 263
163 135
85 303
240 51
119 169
22 293
113 67
59 5
98 219
199 112
256 92
194 21
113 115
221 115
225 11
117 257
39 231
170 205
305 214
54 32
165 228
252 97
57 181
152 166
174 125
202 19
238 229
153 271
7 33
77 55
296 22
197 258
118 75
293 26
227 229
40 217
153 229
107 6
198 158
3 81
23 126
271 237
134 34
22 75
70 143
137 198
157 167
18 270
115 146
54 215
58 281
219 14
286 201
263 260
180 144
111 90
83 295
185 255
109 1
306 45
67 43
169 268
191 149
255 38
23 196
120 214
271 90
165 223
114 301
3 32
80 7
218 261
140 214
122 279
299 273
69 152
35 265
91 49
175 292
284 60
134 208
57 299
267 42
83 135
163 240
4 15
14 39
98 59
51 114
219 72
245 124
29 196
144 242
234 168
201 27
7 51
190 295
182 77
61 259
80 278
128 68
1 8
94 61
221 72
109 90
213 275
211 152
194 237
295 159
245 1
148 86
199 216
84 249
159 115
118 127
185 298
50 163
89 157
114 174
71 35
19 97
178 73
8 15
35 257
119 202
32 200
184 131
114 28
42 77
64 210
139 296
96 303
259 14
174 98
135 197
305 66
120 216
166 217
199 16
267 123
117 213
66 155
4 174
11 98
48 158
128 8
128 185
57 165
10 13
210 253
47 255
96 229
26 60
69 154
209 111
155 134
218 228
290 125
213 62
147 271
292 177
61 165
207 231
150 238
80 2
93 178
216 219
120 22
145 217
245 85
143 267
191 304
191 49
283 52
295 219
181 115
154 276
67 194
165 299
194 60
259 46
91 105
207 51
141 119
234 150
49 50
79 51
41 238
196 287
206 105
258 68
24 98
103 246
112 255
61 53
206 49
120 282
27 183
255 123
278 45
169 40
52 124
32 306
28 207
90 122
272 81
53 240
197 170
42 67
190 12
61 141
211 250
177 283
195 80
254 189
220 30
105 118
188 52
283 78
199 46
42 156
38 23
279 39
192 163
177 252
205 186
243 255
254 97
105 22
267 258
245 210
35 204
25 90
302 131
3 280
63 270
232 25
219 206
9 203
211 150
231 171
216 29
58 298
111 67
166 188
146 153
91 1
183 291
61 62
178 285
81 286
31 128
235 297
174 42
49 297
24 217
296 147
82 224
285 293
135 304
36 76
296 26
275 55
150 147
50 161
48 127
259 200
79 221
27 9
138 265
184 290
64 41
241 232
229 101
154 180
117 65
135 175
241 20
197 30
29 184
97 86
100 88
300 83
242 121
100 278
276 66
111 13
66 34
261 145
247 265
170 213
290 166
225 55
10 96
156 132
276 192
95 183
127 287
154 13
38 68
118 43
219 69
105 302
249 224
116 221
248 2
253 109
242 242
42 144
36 102
20 173
244 280
12 246
157 60
223 267
39 135
11 0
174 203
112 219
86 246
153 110
89 262
153 131
117 77
64 55
166 274
38 216
249 181
220 116
306 158
290 31
132 229
171 52
147 99
198 279
150 249
155 230
225 76
286 304
102 194
265 195
42 234
131 31
286 168
30 206
25 9
258 112
66 284
219 105
94 80
91 3
275 195
291 87
151 131
191 200
117 31
172 212
51 255
292 265
296 187
124 186
191 202
281 303
102 299
44 217
221 76
0 83
273 212
64 52
90 103
237 193
269 295
90 138
14 22
183 116
152 296
248 223
35 287
22 157
2 264
261 250
283 186
18 44
47 241
152 215
3 106
213 263
10 272
200 169
138 301
129 32
149 274
219 91
164 5
237 191
225 301
67 184
190 163
300 6
237 210
75 83
114 107
194 90
267 116
108 79
227 90
235 274
84 275
14 232
204 114
87 42
181 216
43 107
15 192
165 127
166 29
78 179
213 303
288 126
0 133
276 7
165 98
57 197
297 53
280 158
182 112
118 62
253 233
176 19
76 208
57 60
273 234
159 93
128 72
243 123
4 135
113 47
289 104
244 108
147 214
154 12
77 292
137 207
183 81
167 206
246 196
68 143
139 251
55 257
131 143
30 149
5 303
54 148
44 72
163 155
134 84
118 279
201 3
104 98
271 94
158 61
47 269
191 152
220 221
91 124
161 151
257 277
29 281
57 31
3 41
263 13
292 135
41 294
138 297
84 78
15 99
84 76
13 75
189 134
66 25
101 57
41 75
193 79
301 254
129 303
206 204
285 186
273 130
215 198
233 166
123 105
34 244
78 306
181 277
55 83
286 269
165 36
278 150
50 190
216 6
212 45
237 198
209 201
27 304
202 207
278 168
147 259
28 55
283 155
153 15
154 286
26 159
214 280
146 24
253 93
178 44
173 200
257 291
54 123
17 175
51 120
122 106
297 62
264 159
71 281
11 225
71 219
89 192
186 179
139 160
135 26
69 42
257 233
114 22
82 278
261 200
6 188
176 97
164 258
45 297
90 126
108 4
80 115
97 262
204 153
265 54
202 205
22 274
273 76
113 124
195 300
54 127
268 297
122 176
91 59
42 42
172 238
3 136
96 196
197 264
247 69
252 87
158 41
170 19
110 299
238 14
299 5
86 97
239 160
108 125
111 197
19 145
234 283
173 168
22 128
48 136
44 51
67 86
251 210
21 167
167 112
284 49
199 126
109 234
184 78
251 25
21 43
93 261
21 132
135 129
251 55
184 261
172 301
149 234
301 20
19 64
66 251
238 27
240 277
284 184
12 190
46 167
145 83
40 66
70 200
3 249
206 45
2 271
79 201
256 125
303 223
118 135
5 51
192 214
244 103
202 43
201 173
282 18
302 170
144 192
67 69
2 134
178 132
297 222
228 129
132 250
133 97
5 185
262 262
195 176
262 188
266 267
273 151
245 282
119 6
252 66
269 265
18 146
29 239
289 26
185 76
15 74
277 113
162 190
94 40
99 133
273 207
168 227
132 188
82 219
43 297
136 85
10 184
59 72
165 6
71 231
285 280
245 133
142 256
60 283
209 95
55 27
211 131
227 92
251 42
108 3
54 197
227 58
158 245
304 186
181 79
37 78
250 143
115 126
194 201
74 300
280 261
155 10
278 291
75 227
37 195
23 80
187 301
80 280
174 49
4 39
66 167
57 27
176 240
50 137
81 246
104 156
36 59
268 81
96 11
243 105
131 116
10 255
59 258
247 124
131 75
2 285
101 291
159 251
100 67
284 236
45 269
9 3
226 303
139 169
197 220
89 95
218 93
264 197
126 215
45 125
168 1
167 187
123 144
303 66
133 27
303 192
176 41
33 128
76 5
224 144
217 8
183 217
51 284
106 40
241 213
185 152
103 119
294 28
126 69
208 244
41 18
244 304
42 85
32 244
198 75
282 242
263 177
113 215
89 49
27 174
217 92
13 296
123 274
177 217
172 93
215 47
190 109
10 286
284 238
105 15
85 299
256 302
209 21
275 299
177 305
29 137
28 236
116 262
138 122
298 187
139 239
123 95
261 147
257 178
252 2
304 161
164 125
55 81
38 117
251 81
304 35
269 259
161 195
121 240
278 66
34 221
5 201
93 24
115 148
255 177
279 153
293 237
237 219
78 6
286 128
98 132
248 140
253 111
101 145
177 17
29 286
214 50
53 159
130 283
220 227
157 114
222 243
285 197
210 59
30 3
52 200
78 112
158 164
131 230
24 271
161 213
130 14
29 234
56 29
279 155
121 202
57 62
176 120
179 276
63 268
112 69
32 153
245 255
283 288
233 191
284 247
119 232
96 219
202 17
134 283
94 268
154 178
130 166
204 63
197 283
161 133
83 271
122 204
209 245
154 255
107 191
79 247
159 155
297 290
258 106
213 149
34 258
31 275
215 94
57 264
218 190
250 126
270 247
213 253
139 68
52 23
191 129
77 51
79 253
161 266
254 272
302 159
179 297
132 73
44 284
90 152
137 174
291 8
186 219
49 12
148 48
208 61
38 296
130 301
106 59
202 194
280 214
280 0
104 253
180 44
159 136
211 43
163 63
71 83
176 302
2 15
277 220
245 180
129 168
143 183
117 125
7 49
235 154
298 146
223 113
145 151
283 16
36 131
121 46
116 165
158 207
229 80
98 38
103 233
258 255
199 148
95 175
123 272
25 240
67 255
145 32
197 127
123 157
166 123
229 91
36 262
14 256
228 209
10 24
140 167
133 106
42 52
27 4
140 265
164 256
10 65
81 124
33 56
105 265
17 255
304 81
222 199
222 142
22 79
168 189
278 261
298 3
294 299
151 109
87 157
51 78
187 184
58 103
288 25
80 301
188 253
97 237
91 7
116 97
97 36
251 230
69 252
173 26
231 245
232 151
145 245
113 198
234 122
108 142
204 46
263 276
90 218
246 208
21 217
43 223
94 124
168 216
255 207
212 106
117 48
286 126
230 167
253 163
107 260
199 79
203 65
54 8
4 271
85 285
47 124
234 5
204 275
193 203
122 178
269 104
289 11
110 52
174 259
183 25
89 59
226 103
247 51
5 128
11 35
56 99
276 273
203 112
161 206
103 57
304 221
299 199
266 209
190 86
264 247
270 106
275 113
286 294
277 58
204 187
196 234
62 40
210 45
181 293
298 251
42 216
224 303
197 45
240 228
58 219
155 187
306 166
4 149
224 260
215 163
188 106
41 134
145 191
300 40
182 220
194 214
191 180
198 287
12 42
223 275
86 112
250 40
130 28
45 176
234 302
7 90
70 106
157 76
73 36
15 1
71 221
274 25
41 306
43 188
211 154
165 296
88 153
196 190
134 47
25 58
271 245
252 40
234 107
183 204
55 104
196 135
182 20
42 50
188 58
56 126
223 79
195 88
170 238
288 172
9 227
127 129
27 301
156 175
161 166
55 41
158 178
92 11
226 227
275 5
241 158
183 297
112 221
127 272
52 168
78 177
36 283
11 253
202 120
0 10
18 2
146 255
89 81
238 16
224 180
131 84
279 98
163 181
305 122
96 19
66 14
82 122
243 1
234 152
55 261
172 169
181 145
57 84
47 212
300 289
212 215
27 160
197 251
53 254
16 4
139 205
217 249
164 1
281 199
252 14
262 51
148 255
285 75
30 35
78 242
137 232
28 176
41 223
19 141
86 73
204 1
199 117
142 189
303 95
246 266
73 280
127 302
43 8
74 273
98 162
103 144
238 244
157 56
62 211
100 56
210 34
279 20
55 95
284 291
168 50
27 44
80 139
149 2
158 58
30 265
137 169
174 169
17 81
297 99
141 190
131 106
275 90
129 249
101 247
164 150
159 22
290 262
55 180
267 9
219 204
234 270
246 143
169 96
18 172
12 179
277 156
10 74
251 241
147 87
245 265
0 119
63 201
135 95
36 226
235 58
28 169
71 302
187 60
9 224
26 238
47 184
186 257
54 10
143 190
233 208
261 195
192 22
192 63
65 53
46 128
279 262
34 269
223 293
159 284
190 61
189 269
167 296
4 93
127 285
68 77
27 89
26 36
139 165
214 216
131 120
88 51
234 27
246 152
129 247
216 300
260 106
143 54
107 96
14 295
183 23
61 100
69 303
206 245
267 237
117 67
235 29
65 184
30 25
42 207
260 134
43 247
272 152
268 36
204 120
72 297
181 178
226 164
199 14
103 94
44 147
198 91
180 253
180 74
60 237
99 50
176 127
116 127
162 194
189 158
270 296
155 15
167 268
9 253
178 111
152 282
266 199
82 114
152 236
79 172
4 151
252 248
148 8
106 34
281 38
209 272
171 182
41 188
178 272
137 59
28 244
231 35
296 223
27 136
1 107
98 270
222 107
166 1
181 287
293 24
16 2
147 150
140 106
87 166
9 113
24 174
35 223
23 216
94 263
128 166
20 88
115 203
224 129
117 59
265 57
182 161
195 235
37 98
253 206
299 191
52 164
173 24
264 142
239 251
190 173
175 273
220 296
293 85
162 118
43 271
1 41
291 39
62 249
279 22
154 27
14 26
153 275
242 108
132 280
294 194
136 202
164 157
250 93
109 94
178 96
197 147
197 172
172 136
68 277
122 241
140 29
96 130
120 200
26 233
166 157
132 209
137 196
92 164
33 202
298 61
179 193
191 88
195 159
89 61
53 283
263 148
38 56
184 113
160 193
54 99
248 135
185 102
28 150
125 286
290 134
154 169
102 179
23 131
31 198
66 84
127 144
55 53
56 150
214 204
18 205
120 28
199 44
122 77
244 38
166 5
114 248
7 112
175 294
8 65
176 8
165 121
176 39
17 232
223 104
110 42
53 177
287 230
218 121
92 107
21 144
24 33
304 287
263 31
51 180
32 55
162 74
142 229
148 133
49 295
154 282
64 155
194 271
209 130
170 48
270 14
56 97
181 54
27 185
266 232
272 74
272 211
87 68
60 64
174 249
288 102
244 154
24 92
143 181
48 8
178 38
71 16
202 88
250 66
16 300
41 116
288 112
86 155
162 197
302 210
82 89
45 97
143 258
286 59
7 202
248 142
248 28
217 188
118 99
148 6
92 36
142 192
114 84
106 260
96 192
264 175
71 22
68 67
197 177
41 248
215 169
104 158
58 268
75 225
58 113
28 205
217 251
120 242
236 26
66 77
97 128
1 142
183 295
140 156
250 38
128 301
248 252
65 153
69 233
204 90
234 182
4 102
101 138
226 78
272 260
211 140
46 137
159 84
295 290
192 296
66 157
62 64
61 138
48 183
64 43
134 86
198 266
99 66
301 18
214 105
227 56
69 83
162 98
179 81
41 122
60 97
10 180
48 57
249 89
237 275
48 160
282 77
33 278
251 128
247 58
235 137
243 265
244 177
91 230
151 273
196 278
250 91
110 297
132 264
76 186
62 51
196 144
101 221
119 264
76 170
210 32
285 21
55 11
160 164
89 230
95 112
304 159
87 58
218 243
153 116
210 2
189 50
12 23
95 207
291 27
124 258
214 6
140 230
224 295
155 115
41 25
250 160
201 221
252 142
125 198
267 249
213 139
230 160
118 133
192 153
24 59
16 88
97 239
188 225
104 39
269 284
35 71
232 103
128 299
40 112
246 29
55 87
43 74
233 29
24 251
165 227
157 155
134 210
283 5
9 249
145 98
55 212
142 93
40 282
267 245
141 108
269 207
184 257
184 246
256 304
180 157
88 301
19 277
161 182
91 152
222 135
71 37
175 31
94 209
218 215
50 60
295 196
20 171
20 11
217 161
185 80
224 142
159 191
24 229
55 61
283 1
132 223
98 299
110 111
282 248
107 61
140 237
88 155
58 189
210 284
133 187
142 231
177 278
20 70
264 239
85 146
291 236
278 108
303 19
105 30
164 190
248 84
302 5
189 1
62 260
27 148
77 147
52 202
87 49
31 44
146 193
259 53
32 23
28 90
55 6
259 137
254 110
277 37
38 91
1 77
151 275
235 105
15 231
58 145
151 3
44 127
54 199
215 252
66 113
17 253
102 52
8 117
53 287
167 24
280 279
106 252
108 83
285 205
12 234
112 21
221 38
114 111
38 73
81 249
130 72
43 53
283 171
257 53
19 110
113 253
42 250
216 296
74 187
15 236
161 128
28 85
2 53
30 200
7 206
167 228
37 237
199 283
217 192
236 224
286 278
27 40
29 135
250 53
91 165
224 262
194 249
12 163
295 67
2 87
84 139
264 256
114 200
27 222
124 22
237 212
183 255
198 305
26 8
251 101
203 288
244 122
213 187
261 114
157 116
3 143
100 206
27 234
246 6
139 233
278 35
56 186
214 282
195 215
78 53
4 137
127 146
193 250
17 142
237 232
284 155
23 188
249 0
271 100
274 292
52 204
289 9
302 241
88 251
155 254
116 215
282 290
207 21
214 11
74 142
47 70
268 14
224 121
154 303
291 36
55 202
90 191
96 127
156 204
81 299
189 108
84 144
20 108
96 84
67 76
2 287
78 225
285 100
199 298
81 120
277 295
154 123
289 142
184 111
76 164
224 15
213 4
56 17
138 98
266 159
300 122
263 28
101 249
271 249
166 184
26 114
244 214
29 208
29 43
94 181
47 188
142 45
138 137
145 81
192 35
219 79
155 104
74 262
85 181
36 104
10 186
231 153
180 21
136 303
2 244
266 256
214 202
277 110
215 167
29 151
293 65
280 35
287 51
133 129
261 28
77 115
16 202
195 296
72 18
287 302
46 157
6 124
24 78
88 282
114 227
236 222
62 209
142 149
209 234
130 17
20 72
217 302
281 288
47 249
292 124
193 59
88 249
24 159
75 3
258 231
288 64
153 191
151 187
80 74
271 130
142 159
295 213
26 206
213 77
62 266
216 201
261 129
244 137
73 305
305 191
199 173
246 122
43 122
96 301
75 205
56 214
211 206
202 234
292 113
293 235
130 281
246 155
232 37
160 211
166 203
249 6
228 244
175 93
72 186
45 54
188 271
155 270
197 83
31 286
47 53
4 87
121 182
43 97
167 159
22 176
29 186
13 112
78 279
212 136
29 48
157 209
68 107
30 169
141 147
68 35
9 34
132 2
165 129
70 149
1 136
248 126
61 73
33 58
276 148
21 112
54 59
182 83
128 23
294 220
169 228
207 286
192 252
188 176
18 297
98 282
276 56
301 274
85 80
153 29
37 100
17 207
203 192
264 226
57 195
45 68
227 260
24 36
37 230
212 202
69 281
226 175
131 125
112 292
44 91
69 113
239 155
90 167
302 292
252 20
142 91
31 19
100 239
137 81
236 183
2 66
202 260
259 152
291 300
221 203
266 262
145 149
50 102
178 130
20 101
138 15
136 16
99 160
195 298
186 228
143 22
10 233
143 289
191 26
247 109
140 267
64 107
244 101
306 215
27 87
89 69
149 247
225 294
95 20
71 102
49 236
192 127
11 127
20 134
71 129
216 217
152 277
135 121
106 89
279 248
164 116
218 299
35 18
195 32
185 100
44 178
205 20
185 292
140 160
81 5
151 234
165 221
80 252
197 222
165 159
79 287
23 161
44 109
246 251
108 201
257 208
51 36
243 276
298 101
58 87
45 70
194 186
10 294
224 35
298 265
72 278
47 222
210 251
230 40
34 164
182 22
274 149
202 90
244 241
76 277
122 216
295 58
178 268
303 168
190 159
117 104
188 12
88 190
163 151
209 63
5 199
53 101
247 60
134 225
275 32
126 54
230 31
233 12
78 200
277 48
234 292
162 4
77 288
227 76
114 88
240 261
43 155
304 87
3 246
227 162
177 109
32 178
72 180
201 252
273 91
268 131
293 233
210 203
256 17
171 27
264 71
192 196
108 67
182 156
10 282
252 126
251 182
233 39
137 239
100 280
62 36
300 156
65 255
12 183
267 260
22 231
261 211
259 50
124 123
267 224
205 192
156 106
280 136
118 170
283 252
96 49
37 262
229 300
168 212
110 151
246 280
162 272
134 65
135 44
216 196
229 71
121 145
159 56
269 164
0 79
17 177
31 171
6 88
304 37
101 116
179 128
69 100
272 188
300 145
146 155
48 268
100 230
4 130
27 130
122 155
230 213
43 25
20 292
241 256
111 43
286 203
148 80
240 79
100 97
63 13
170 300
196 188
248 67
52 38
238 225
233 79
246 49
170 157
231 207
128 117
253 165
278 135
167 37
29 20
44 93
92 83
31 27
232 272
225 37
49 181
126 298
199 263
89 75
108 92
26 62
98 272
23 253
193 132
17 98
267 293
275 213
257 188
291 232
106 202
113 148
166 63
201 125
121 168
124 200
153 171
256 134
39 40
5 67
200 158
114 98
19 86
183 196
59 171
188 56
152 289
278 280
199 93
253 306
223 184
295 24
162 214
166 61
131 27
246 87
250 170
189 304
99 274
278 56
238 223
277 271
239 89
82 59
215 301
206 120
19 158
204 42
117 203
40 20
72 15
163 297
90 178
190 52
232 88
262 83
279 271
214 63
136 123
138 5
212 217
1 88
306 224
136 125
195 146
86 274
301 199
199 251
35 285
272 149
120 108
228 117
109 66
195 161
290 98
82 95
126 300
100 218
102 56
199 26
156 278
51 24
30 55
152 248
254 172
237 81
22 31
115 257
10 175
275 275
98 147
16 115
224 227
37 134
39 75
172 50
199 128
27 49
161 192
57 52
157 45
5 207
222 1
300 165
30 232
187 132
269 234
138 153
19 112
62 237
175 80
165 239
279 194
140 226
201 18
84 122
122 273
132 102
116 306
262 159
150 222
42 146
206 184
231 28
252 226
63 109
122 258
206 41
302 74
93 238
141 31
256 278
177 298
62 112
9 127
254 235
54 131
21 251
241 0
279 298
13 97
194 239
247 165
144 266
88 11
172 258
204 185
263 26
135 46
201 118
11 72
268 34
1 184
20 22
104 34
52 102
166 34
39 6
202 2
43 2
243 136
200 91
201 232
159 162
49 239
154 292
89 97
184 21
28 238
297 17
171 186
173 34
152 105
20 76
131 187
48 59
168 157
150 82
156 177
78 173
252 79
306 185
184 135
301 224
229 229
248 226
247 133
107 271
240 243
145 139
164 108
138 124
8 38
41 110
154 290
120 246
150 303
133 248
2 103
140 127
89 110
255 36
297 45
211 272
242 287
267 176
275 217
161 113
150 133
154 222
1 14
268 235
88 98
20 268
303 257
8 294
121 238
217 104
41 194
118 64
229 51
53 300
278 211
303 165
16 162
171 96
71 126
1 228
31 187
186 155
62 98
39 222
302 243
208 280
157 136
79 176
156 248
219 232
228 248
6 47
277 199
214 32
11 113
271 164
160 47
52 132
277 216
135 201
1 248
225 146
140 91
58 294
275 235
136 132
186 74
248 144
139 78
226 200
112 290
248 53
145 20
24 194
39 133
294 155
102 146
57 167
111 306
237 295
51 240
218 117
201 160
43 221
96 1
87 72
167 182
137 79
202 77
159 59
273 67
252 18
99 95
74 128
141 93
163 227
8 232
36 61
126 71
237 55
12 263
14 24
278 152
214 174
248 250
195 68
168 270
200 142
6 53
110 88
233 298
60 145
6 173
181 244
172 202
79 223
130 243
140 81
20 206
148 111
268 286
123 237
101 232
191 302
142 151
265 69
113 86
116 100
279 213
266 178
215 276
120 143
91 76
161 120
125 56
259 108
188 246
143 103
208 274
15 176
281 135
127 246
53 256
250 249
216 86
278 207
219 135
145 258
152 145
238 151
13 218
281 169
143 31
221 32
26 269
138 241
269 97
267 196
300 287
256 112
52 160
140 121
107 12
235 39
151 71
225 119
255 132
125 217
288 145
201 297
188 126
1 305
31 202
117 243
42 296
291 89
108 273
150 44
55 182
75 260
15 219
303 199
156 246
167 110
169 24
190 253
216 84
139 66
113 173
45 188
156 281
22 33
220 143
126 148
107 239
205 152
252 194
48 125
80 38
205 208
254 1
18 4
228 161
96 181
145 289
240 288
177 125
141 77
192 172
98 209
171 268
110 22
284 241
284 76
63 258
117 82
279 217
231 39
95 236
246 8
290 43
118 94
118 23
231 62
299 294
241 195
159 270
286 109
106 17
182 253
68 29
18 275
170 62
223 57
276 25
191 33
120 266
233 43
148 50
279 199
224 282
260 231
227 178
182 24
70 2
139 255
280 236
203 157
87 9
164 118
282 279
245 58
93 207
252 172
55 244
67 12
26 271
225 305
253 95
249 131
216 260
89 176
180 98
120 167
186 182
277 50
66 201
71 31
223 245
158 288
87 138
205 188
74 171
285 138
218 201
192 84
128 6
41 69
16 275
235 167
176 132
271 168
241 291
222 259
50 38
259 146
81 295
217 163
10 38
300 57
305 223
279 49
114 297
163 3
75 114
218 303
158 47
15 8
304 212
8 282
99 153
34 254
32 255
156 23
193 205
162 150
142 233
50 133
267 207
98 77
200 223
278 264
251 130
225 299
141 239
43 269
280 208
293 67
64 11
257 91
241 293
249 300
279 15
52 60
39 264
150 69
239 134
131 164
40 215
273 160
306 76
173 243
126 258
117 46
86 27
81 240
214 220
170 84
287 170
8 223
81 216
127 56
58 215
192 212
94 107
95 24
230 210
118 281
191 10
219 119
51 257
79 127
70 115
192 270
278 300
283 82
237 30
154 216
208 46
107 117
186 246
9 284
52 65
242 244
163 168
138 201
138 151
233 189
166 288
167 99
88 245
146 176
101 289
269 122
113 291
278 139
102 59
299 290
100 52
157 134
222 121
227 115
277 222
139 194
74 19
111 228
248 91
61 182
223 207
82 169
34 289
219 16
246 136
63 26
32 165
22 297
180 96
5 80
95 47
135 306
29 304
146 262
93 3
6 148
197 145
131 9
229 115
164 120
127 225
205 289
87 216
154 101
56 148
32 264
12 186
20 128
3 91
240 53
254 53
135 235
145 213
240 77
191 133
193 299
281 98
83 277
268 299
246 134
283 84
235 243
109 13
82 275
215 79
218 115
156 287
70 15
8 181
183 208
166 190
120 8
137 96
144 90
74 4
174 298
46 0
133 244
112 175
120 262
36 161
136 48
135 82
59 211
61 174
284 182
163 56
181 221
237 214
133 199
11 115
214 218
304 47
267 239
140 42
58 150
220 182
299 133
58 111
187 303
172 43
90 140
238 221
226 223
298 288
166 286
184 156
142 225
96 13
66 81
269 9
93 41
141 252
201 192
179 124
233 187
306 9
52 162
113 164
94 162
259 176
218 25
152 189
80 19
114 20
239 104
38 121
304 278
261 70
74 287
168 26
284 54
171 41
70 296
224 117
298 270
52 76
297 143
224 78
266 230
193 149
51 270
134 49
127 296
173 30
205 276
54 144
242 94
110 171
108 38
147 152
230 37
102 189
135 131
190 128
207 66
27 101
122 8
299 263
30 306
195 125
262 231
242 289
25 131
148 57
280 151
223 225
69 147
269 236
276 64
134 189
104 284
61 210
135 160
213 277
148 299
125 5
294 211
274 34
40 250
259 275
193 128
174 195
265 161
149 245
163 204
121 253
205 273
238 227
38 41
100 183
265 260
59 300
295 62
203 294
279 253
6 16
5 107
58 239
215 256
49 54
176 117
136 14
119 130
102 264
69 220
113 306
157 159
240 11
98 301
243 76
164 230
87 83
268 125
144 111
194 265
255 95
114 144
114 299
278 197
86 110
38 239
68 238
38 94
1 250
138 203
251 192
297 109
252 144
88 211
133 31
114 113
242 12
138 237
90 250
190 213
12 100
85 188
262 142
206 47
291 297
177 134
89 209
7 200
130 195
187 99
133 10
64 168
102 183
246 291
93 63
166 125
35 64
175 167
99 222
178 280
149 84
39 57
120 128
34 104
177 192
225 80
163 99
288 147
188 248
306 22
161 286
106 256
215 131
85 93
106 248
247 4
160 190
277 95
218 31
39 242
34 277
174 271
8 234
263 161
71 304
8 151
73 199
258 186
26 32
17 85
157 16
273 58
288 168
242 263
50 159
251 83
221 103
259 62
191 204
126 1
299 225
297 274
31 235
279 175
62 173
33 64
73 260
220 134
162 153
231 209
56 124
203 221
197 57
153 83
282 159
70 138
108 175
118 27
19 42
6 282
55 31
19 176
172 297
179 146
293 128
149 135
289 140
55 85
24 133
103 250
70 85
39 119
263 255
291 234
256 167
87 278
199 253
204 306
22 174
138 192
66 40
256 90
68 234
26 198
68 150
121 6
278 209
65 204
113 4
242 134
272 78
197 204
218 18
45 222
251 206
98 135
98 191
240 92
272 286
282 207
199 222
56 144
254 88
32 170
253 16
175 128
95 231
90 57
149 52
280 212
248 173
67 144
56 280
306 243
19 256
186 78
136 282
278 52
18 174
34 54
60 99
163 129
30 18
89 137
16 10
42 218
240 226
303 291
180 155
22 70
282 3
216 63
149 216
185 150
82 196
42 0
195 101
87 124
34 169
89 93
127 260
244 263
93 158
36 221
232 61
66 1
198 218
294 192
290 146
283 205
15 82
166 160
174 94
86 248
246 138
228 136
131 114
91 26
183 194
162 61
205 48
55 101
303 9
15 41
24 296
288 273
23 299
271 43
290 65
164 153
92 262
250 64
123 253
29 39
174 62
180 126
201 127
187 2
221 65
136 152
191 250
95 211
302 82
102 39
241 156
45 275
49 56
250 226
190 35
298 226
217 78
95 261
294 140
5 105
249 41
282 20
20 9
102 287
5 301
42 83
110 24
20 230
104 9
304 276
122 200
168 202
241 104
258 168
45 138
78 238
101 177
293 263
275 110
186 254
185 62
156 75
124 68
124 151
162 54
196 89
95 238
294 262
111 235
33 167
135 28
229 49
295 260
60 204
13 226
0 226
200 232
203 257
105 61
168 218
76 201
282 301
291 107
220 141
204 61
63 9
136 209
236 60
217 153
266 238
71 238
14 186
41 119
140 280
193 173
13 306
203 15
248 167
75 235
263 286
48 52
208 108
9 281
32 289
177 46
226 35
17 42
175 222
301 263
5 203
256 108
238 7
135 134
183 54
187 159
180 286
74 85
188 54
163 166
212 52
219 27
197 81
25 161
18 299
234 139
217 199
209 247
235 241
126 122
84 11
61 241
255 99
211 275
195 217
239 56
194 81
45 252
18 71
300 4
52 122
95 35
71 251
112 298
70 18
150 256
258 125
271 289
131 249
44 273
281 247
132 286
275 255
183 101
244 62
123 214
175 29
270 251
300 251
146 257
57 131
228 31
226 180
62 28
70 248
176 45
134 1
299 52
236 125
151 298
190 57
87 147
154 189
130 87
245 60
53 161
102 191
306 160
299 99
65 79
222 306
305 162
178 162
8 86
214 148
299 56
153 108
123 161
122 171
40 220
273 216
281 51
100 236
93 241
90 83
146 157
200 249
1 281
104 263
7 274
31 288
306 221
84 301
70 71
53 79
276 291
297 145
87 74
105 7
181 300
280 273
99 36
115 82
131 29
288 107
107 90
301 95
294 176
258 198
22 170
126 65
135 162
158 39
3 172
257 289
4 290
115 167
249 80
101 223
77 18
110 68
277 46
82 297
102 155
256 1
200 254
196 131
141 269
269 129
101 37
246 213
33 101
40 51
78 171
215 65
239 54
284 251
56 110
227 17
148 207
47 214
65 26
47 298
39 164
213 175
301 133
181 208
5 89
195 58
110 289
77 157
100 48
88 126
41 40
34 200
158 283
62 239
20 147
226 15
258 134
172 204
194 293
44 0
194 30
112 41
92 98
255 285
214 52
288 128
251 208
147 177
85 183
121 94
247 211
152 126
277 289
0 200
217 134
184 74
67 79
152 206
65 83
290 38
280 277
159 248
139 80
238 93
227 19
221 113
196 151
240 15
62 171
226 130
242 246
196 202
208 183
221 304
81 30
254 191
152 14
254 108
80 118
252 235
275 271
1 269
292 29
49 36
250 145
150 208
90 163
193 34
1 81
122 255
188 114
112 151
200 306
123 257
279 157
145 104
53 179
42 186
283 22
116 95
74 238
256 273
247 26
285 170
240 273
81 242
192 272
24 100
268 45
295 190
273 83
50 186
121 260
246 101
39 159
153 294
45 25
132 207
78 302
303 157
275 83
247 284
276 78
297 250
133 69
45 95
249 168
158 169
118 66
272 271
305 168
138 128
207 53
286 111
43 294
41 158
302 76
290 108
50 63
277 190
74 276
206 247
159 45
37 260
99 211
195 192
53 48
269 16
9 273
258 257
198 18
141 163
125 256
241 132
126 159
13 114
80 72
208 33
78 262
28 302
146 287
28 24
136 171
221 54
82 221
54 201
231 169
227 105
11 22
152 231
64 7
247 129
304 83
160 40
183 192
61 110
150 290
73 220
156 160
271 102
110 11
7 281
40 22
288 58
109 236
218 295
288 143
253 149
30 181
195 56
115 223
304 39
17 6
276 108
112 53
175 242
42 273
246 253
76 53
280 138
95 75
50 77
22 270
287 100
296 66
156 214
177 256
81 254
1 199
240 108
214 30
236 185
178 9
199 192
32 273
53 258
124 146
5 305
38 21
172 97
82 7
292 298
301 258
93 20
82 112
210 274
298 166
263 9
181 255
6 138
82 93
294 304
301 66
138 303
98 206
1 50
247 182
283 200
302 64
218 259
232 300
132 35
171 82
122 108
191 24
63 203
109 144
36 133
249 101
268 231
144 256
165 285
229 20
291 164
96 22
96 206
27 42
199 28
196 72
113 109
227 299
28 192
251 251
128 306
179 46
77 206
82 301
298 131
182 176
96 68
213 93
21 165
101 54
250 247
276 208
220 223
183 114
182 261
49 254
148 292
278 115
157 191
92 43
115 106
56 122
151 294
202 116
186 130
194 233
123 91
79 234
111 213
162 174
224 284
117 198
11 261
64 33
182 26
253 170
6 35
220 260
80 113
72 137
230 103
76 85
179 107
94 139
179 263
263 208
246 125
31 123
32 70
161 75
305 286
256 88
270 148
120 77
271 161
126 67
10 190
272 275
181 298
236 121
261 208
77 202
118 259
70 128
96 66
257 166
220 67
280 292
110 112
84 74
97 79
104 235
227 258
40 207
158 24
112 296
222 181
106 250
5 116
12 74
202 159
222 67
266 286
89 71
299 20
167 19
54 52
303 17
288 38
75 275
5 281
212 2
109 271
259 148
208 252
151 135
178 40
75 220
10 247
86 140
157 98
47 220
43 151
79 4
250 30
53 77
190 101
269 41
40 84
150 65
201 209
202 225
169 36
201 262
207 19
88 180
84 223
98 195
200 76
42 118
117 44
306 202
50 22
127 60
88 214
178 219
50 268
64 260
235 211
6 272
31 151
79 304
230 248
100 220
231 100
157 50
132 127
256 51
131 70
265 219
133 246
225 267
94 229
140 179
64 37
131 245
57 109
42 94
167 48
22 108
9 63
250 7
277 117
150 63
189 10
108 22
262 274
197 297
227 61
164 61
68 105
151 53
250 235
217 132
169 240
161 284
29 22
96 269
8 187
26 132
125 144
137 156
271 98
125 288
229 14
192 37
82 29
144 156
292 229
96 306
214 257
196 268
242 155
173 28
63 285
153 144
21 102
239 75
20 270
174 7
218 222
156 157
202 114
38 163
172 45
18 114
69 86
51 295
189 14
29 190
96 178
72 232
265 258
140 234
259 132
59 52
295 217
205 50
77 127
259 170
0 48
257 49
209 279
130 190
217 48
212 97
208 203
71 70
14 85
302 122
27 47
282 0
221 294
10 131
225 161
31 39
301 276
296 291
181 174
277 194
192 28
191 18
34 219
115 176
163 127
41 114
144 94
187 108
57 86
2 17
62 140
116 134
166 27
266 247
83 285
145 54
68 31
7 175
42 4
227 263
261 149
53 260
142 127
290 132
215 17
37 63
119 260
105 190
139 294
252 242
155 118
100 179
184 11
196 247
53 298
90 43
182 59
204 204
80 164
101 159
276 257
161 135
261 138
78 161
230 26
63 100
278 54
57 101
66 36
231 105
255 179
12 21
94 206
17 113
69 301
140 188
198 233
287 186
38 96
133 62
246 186
241 139
266 225
214 75
142 185
202 142
106 92
133 197
29 45
283 14
66 304
175 201
32 180
121 105
5 205
27 58
202 164
61 185
150 305
41 221
203 271
139 235
166 294
179 72
246 131
156 285
249 164
238 271
204 206
19 132
40 162
91 81
211 138
57 133
161 94
10 257
236 83
54 13
192 198
240 292
132 190
142 29
20 114
227 246
45 134
69 250
186 174
98 99
131 262
25 101
95 33
247 225
273 54
107 16
247 82
119 79
257 275
138 53
255 283
146 85
201 45
111 86
99 204
275 57
254 195
306 183
163 114
269 240
35 225
129 186
203 233
74 144
0 284
119 196
281 156
84 40
95 3
43 137
137 213
2 6
98 88
122 66
190 99
59 62
282 244
157 82
167 97
198 285
83 137
231 191
122 44
40 295
128 284
268 11
132 64
257 199
59 166
20 298
258 273
174 138
174 40
149 294
236 271
31 1
296 139
185 146
238 76
164 268
103 159
20 78
101 90
41 196
153 10
193 151
253 37
94 49
234 225
266 223
245 289
88 178
159 205
296 157
279 177
148 205
200 162
200 72
246 172
262 11
118 230
158 97
69 16
282 141
43 120
233 296
78 240
