10721969
313517840
336036440
251985291
325576099
68103258
134861219
91798660
159137150
341602381
11165820
83151362
180872993
219626934
192684094
232684018
113252130
25197698
319501194
95117410
231316383
25343178
73042147
293036406
88873182
241260285
265902240
358217970
284378012
186662847
261568753
352995343
41777704
341793867
162272831
34168246
66944913
51762385
284182888
248522773
374968288
238157361
93062544
387654561
257509654
7861347
377454042
266179839
378337967
101894791
377099565
356313890
175341799
136403547
192856205
166903789
264815067
39801856
126803238
225654553
360034029
318926937
85229364
258485001
358798439
251708003
399422336
331572051
32596581
130159150
366586505
189787509
145550799
352307955
270099578
372144077
227196625
299144291
122921851
174669761
124596677
158117245
96846589
3142833
177558371
365314794
238064195
63590025
155051172
179779245
125061259
372421843
121304256
251671586
138527788
83651577
29552943
220201470
379915794
253442651
192107091
206929708
281116070
99718180
140142361
335263943
42523099
352191363
22352390
35517585
219969843
108516223
275523867
323308200
294424237
180004771
295432543
225522833
76864814
27189250
185064996
25993890
355516905
296720978
319670549
110735766
235121309
240155357
231309723
312188794
162543035
368893252
352744967
284021739
273250037
370103741
249635087
364434544
182143419
67100373
340291816
292615097
136383626
308452486
63804642
344402540
262057176
95086565
275316100
167060285
52361651
6620337
340024203
169328184
37010837
266282162
135267894
47718867
50094799
385090382
110011053
302279474
369471450
250152743
44908253
307288604
17841593
346037765
186771432
201173228
174582975
157209285
360715895
390010978
288776850
230088696
63081120
189938406
345831573
31238752
248451039
241068191
27061693
28796986
367684215
186974656
75299850
145997922
76253192
29331751
322199884
329783574
328678960
155188284
180064838
43659452
338570204
252349532
168914067
152736259
199286272
237115241
374859343
67639393
222904957
386592041
100413644
329731746
348279413
271691211
314863251
227366498
13925919
302737979
61550964
391333901
201052737
67236376
236791938
40788203
330470100
43275416
146094977
203537445
283719233
60033803
222788246
54522958
361249119
253984827
232638303
198631109
189691872
11129227
337125178
251982042
269395685
386358122
307291989
228774889
182942899
84828626
394878263
74627267
128742822
355995550
238296179
289772530
318458682
188837106
248065287
246164968
261876521
175862229
388969025
331074311
128948217
199998837
233908089
149454777
358788615
170780010
167474775
168958272
145165679
293468662
313054881
292853414
86656498
145258549
358295339
126246362
333051004
302778466
311816852
84034538
190618947
99860377
297953828
254287293
288761435
306187293
283513999
274843244
105738998
274229047
251891929
188044650
258222577
97723923
399525093
1102070
303047142
118963464
370324871
166508884
226239022
183611668
372515859
335399097
266024231
397141682
389238198
232829566
318233096
69363339
199827
319076115
94907402
230715087
20216444
280426103
349264049
85408143
131128669
30544585
301881060
360382247
360995158
118227355
335142287
330256939
61497330
161961742
97949696
48290756
137791456
350130955
107028523
314571448
344129229
196803053
177475377
361387028
194190010
378816345
53204562
101029591
106652773
356666353
395250306
371624036
308856744
39916230
59208448
134269067
95521041
329898050
347941429
321537392
277870377
85149487
71700131
227840658
353427604
203713039
229018110
122597187
137394549
328440286
4846160
197568031
297586791
201984237
134327104
274134662
74242450
85851474
206493512
243208235
353737282
82864224
124017202
194856791
108244966
190835436
240989782
177062257
55040860
182812306
164983010
53142227
133070433
204302677
266320431
80175178
167789698
122489802
396069479
234017669
390819699
389735763
316527519
91791551
291043214
281243423
126939435
388102166
123338216
30293376
265729347
112709243
63214936
165877872
2272499
398770414
16517036
67965064
136655179
134127313
378057413
27337258
220794686
267332329
119568130
58134993
92070883
131767974
385504063
395345837
83884369
362868032
315148740
372658028
247611802
135076966
278321348
398294895
359519027
300784003
357644164
210483675
191042226
87640653
81471690
83356066
168521314
233195097
182698791
242887626
71276537
45557919
169001287
364360816
184796641
63662056
99681195
73811091
223622243
23148276
385785190
342773316
44866999
332529488
88517068
45476706
142656458
262721577
318089296
136262490
16077793
399220104
238938009
232650042
140457172
337906221
108917485
23690424
37984405
311203460
215247848
42359968
126346293
197011892
36326302
297265796
237346874
129709559
191812762
285401527
169690152
363123267
175365721
384997952
56491020
162481283
313802585
201120975
80174858
175126528
143936898
303248084
93107738
387610381
103781565
85919794
88595650
242707781
388167328
10734395
347328843
339839843
333865687
340117169
315709975
346244705
184833142
185039426
168095825
97795545
89353245
164833386
81627200
77417075
394227414
299755602
270392017
395384974
352506645
190598407
160496576
77528200
100077710
120196145
177171349
151961998
260774148
170335304
355434150
110900912
57732466
301875782
206354771
72809848
61356186
111499600
362975875
261235779
55829635
94890159
174307813
350300035
180264760
20124571
391391830
171635389
345457163
268228874
338385880
385430199
155255265
137206813
203600990
158632714
103342527
246644012
181055911
273301723
128541086
76861044
45203480
201922149
272696044
356684189
92292681
242407364
389529219
354145062
128855434
316205514
162196875
287374088
57775610
340324801
361645995
143169480
181738357
205415551
59017248
298455933
117746783
332422555
89879795
9529359
299889790
394111403
56989032
318464671
252059396
98093816
187640743
115513441
114198979
69278277
362356299
331413725
110750673
46636696
133712741
74059446
206451549
192033475
79934526
388829418
185892702
127697495
62651545
85359038
366060373
197233016
143199775
253573665
325037110
207209698
2712492
307707646
389485807
242319329
112412535
201702529
289655144
168503655
280103845
355351526
248708450
236976828
378958277
30416575
909938
4097721
62009916
340123267
341273642
280111267
288011892
212821557
171988971
347665647
296453711
233092524
119478182
247345915
345728713
287887921
365223398
315145419
309642604
293602133
71575901
355282896
221803035
393696884
220128995
176478881
261930967
44315884
26551850
218390720
185769639
282273456
259203397
342288256
233235950
182640041
131722397
385857043
40776331
274121112
223697818
341394868
26653375
196474663
31180228
23029681
385706140
217189700
100296341
73778305
265489860
285418729
341767702
264886654
387927421
178063791
50441030
115134807
272128802
223743221
189420604
343930983
262389665
293607535
157904607
339209315
53746261
189723435
96652073
225311643
327780471
369314568
327567803
135152454
348027344
31385817
99417987
346293602
168752131
126855128
143717922
28312507
292365162
176286372
267252095
240869009
283785434
375954978
233980500
215774340
69463869
182394286
108530819
188849614
284124905
1866380
371221173
378992823
30197737
367761293
390505986
345260598
170923127
309743516
351126968
258075674
379759735
70390464
180121305
18384884
224815973
361888211
138606453
305417620
18514456
3776524
207031803
187034899
277917379
200045476
304556269
325126423
280851609
256668333
262614299
126163250
78976055
107043451
73053481
346359830
357162174
40588438
188691990
82241446
78466816
232948306
252554710
337713417
185726636
174930029
136431827
353236220
103431152
356820475
307351120
387318719
89973039
45319358
319836757
41062920
353610267
146646968
7737166
112549292
115125083
149211236
296651827
321683073
227614890
299415015
355130443
300883168
223514513
391380122
48446864
191069755
217240099
103929996
28553726
166211997
249832356
393029424
73575977
147961935
376832918
54559622
5147120
41210712
320238539
239243872
190216837
88876306
241827925
320228550
273174290
107464563
169480157
375265127
358932506
364820565
263935593
141924292
296217161
300083252
368433335
15174388
276144833
159131206
133531526
65020266
82538078
264099304
370477698
259160579
168985292
8865914
164260210
188279881
274973176
71525004
392294509
208859441
180220675
294178573
339408964
373095100
274300113
225450986
242995182
101272111
42189341
3307300
392909523
205242051
317484410
34623888
155154641
396729820
375560453
368097066
87308803
370527300
205372545
77758027
77200184
257917978
371379025
59072578
119006511
345328546
333620684
336612433
385005902
398114256
279512087
65723523
366510874
351259975
238598613
317458103
79425879
219844643
102770816
322202946
163276670
334701478
180656526
377149912
370795666
269890121
318721507
16513977
151503533
268615134
145960976
104013627
246591388
328024592
291790095
234550885
376494006
110467046
143607053
296772285
332852246
253675257
272288859
112645136
280374920
360940202
340990245
273599750
208144510
25232481
165887977
279541935
135412087
296412945
235420799
93642246
359891697
137497833
44226745
166136571
122589547
331101202
10846568
286218803
228084723
375134173
187685047
18457901
97514375
28303590
391896507
345242553
185238045
156290982
330377689
309543329
72683626
78959579
346404191
110257921
149009311
267160169
188128100
267010276
10495589
339310323
43880941
262078354
293436405
48120859
243917310
45999024
289458270
194409542
381119075
233393376
43048356
191703227
397983828
227384594
81232897
45551989
345076071
35938510
217903914
281910454
352727242
233107605
41069985
220167108
211986222
147217999
255232157
89770262
149208109
140427303
214796524
199333858
164777443
322872659
202980364
30298173
97300961
60692218
378176752
98544057
279796903
352378867
172944185
369522309
226840138
337062296
152829587
293947651
335131982
57570278
322725304
377177364
126316629
170593300
205057526
116358497
237930029
198635504
136570095
269179934
310571975
133392141
261081681
218475890
173263877
28176167
336316827
149176700
17284812
374570099
275767329
358601272
289048762
140087784
297977551
144354457
247739950
25288632
271515871
189217896
26532924
163580319
311661616
50790368
132236608
226083025
321401830
33286777
107228161
40102107
184522712
222218171
59003343
199393520
367431980
309819392
39476396
316774316
367171936
390079229
252300214
180193538
175102903
359470847
13745010
80628678
324192913
313616717
289961920
101041267
128487436
192648689
308841438
383604167
204087226
367854532
193143019
219317067
23829681
328075527
335386237
69247810
151966411
69829468
201108967
195104806
350605694
216200685
297250508
18977882
383443709
357388883
369911007
344562044
319901053
76195090
348234130
373625745
265092535
228761466
173852857
132552353
63495280
256661070
178799409
180310225
373062130
140331190
94155666
50439968
86455664
75313862
50647794
237436133
93120486
139636376
196775826
269054638
214089131
259143315
90482314
209090854
157328099
292648395
44906179
214682975
329087107
394048116
113504022
142105607
74628248
137474244
38255311
378145007
259091544
212952018
11628646
368190999
385631170
389973102
57358896
65312892
200203119
12777754
269899438
147483912
292499960
166462701
110420328
199658516
143636983
92568690
104282237
358206372
123539839
164108947
300918527
151537703
369349582
326051103
174834538
261185188
367107702
299859150
144901357
199372166
136176613
202225027
188280169
276414402
205095843
260562220
230472413
369920680
63880568
163365218
391917461
49852742
295280921
229599015
399409464
341685654
30439506
292811970
98843474
40385454
283244171
255629638
331502720
89921937
230690620
185986038
61054893
289565736
1466333
327414398
199652189
314073335
251881421
16324434
392942976
210204989
12794022
247311811
68334764
300844455
12200228
115317329
389323191
353447515
356335560
130411564
354313507
131031805
164352767
191145727
287895534
316791977
9781318
26301793
284445666
246092014
59489918
82538568
368113152
175308702
59180164
141249401
330713137
190145094
302086073
210625334
179795838
25425881
210485253
368213739
391167338
161853057
57884344
383836398
45770710
318581107
57670781
26195119
44490409
182338810
136705300
9779838
201261950
345367546
1375433
209566723
78438481
133598079
340794297
349080317
55697886
173539401
295421925
380371919
174448541
107465340
46385109
190032042
241628799
77721579
272610608
114449420
44469582
66004106
340814667
352252376
375140049
227266788
175007060
3919124
273218146
6544812
258729717
118408770
294300071
197439994
38475236
6588931
350691403
150782141
7875114
76986043
228900955
116917356
227308305
174652342
24199347
306181698
146657640
370485040
176774097
14957314
199123895
369813030
227683216
196353918
8321379
177151910
164935412
326910879
253135322
256099271
9998267
237571574
56500308
346689147
333906576
201413090
92784133
359881029
354178153
124035413
152426016
184388862
231092110
333299783
170590360
339787006
24841770
217250723
87822487
21801150
355116864
385282920
4551067
119689108
223074203
395144727
360847205
369818782
8311977
177368976
243940761
206961019
66056177
355078822
278012405
133431434
359232790
309996016
352491996
200467521
195197768
42133272
212743181
223704401
188353847
189700709
393451014
281300509
223578824
286731790
38346702
372736052
105886973
333866214
343906041
97656123
305237498
286719962
372299960
311632983
176275341
176242578
144278207
37016922
69108884
376894258
236322372
143909623
381224450
75453092
36131493
178819039
327096222
245574487
68051378
39792291
227328358
284308693
60038085
325941704
365870971
333357971
121592263
253399340
251463598
57670901
300131727
69570141
226590761
204741939
306736526
83250494
195715944
229944435
214705418
64744758
21612567
366738526
304634646
22420077
97210730
258864868
105308494
9851243
258610337
199998825
33442498
388510342
90608690
298501011
29822159
104741202
119765590
140976426
114927879
227571077
230537883
290562674
263430610
314231549
132079715
188053724
59527940
295496421
102815937
47537094
49941067
306468328
471325
359024676
22041961
60815460
72302509
310425492
42217095
229661863
64176244
30452513
138844982
110556745
295261713
337918465
393469287
271583861
129303074
295265533
225337836
257211314
393961124
245194754
174294772
972081
159133847
47858686
327092837
81869668
301910080
255555385
104595403
205057020
244306402
109099699
181186272
314327288
335118682
181355217
101895102
151881640
142273371
217630852
7918577
386090043
192669331
184496250
105611923
71253770
280242273
251284510
348285760
203061371
75996340
286415768
272456168
339986461
22001922
365077381
83570086
82291011
261276809
246283075
254960497
300402495
207559940
257253212
140210038
230591482
255824467
315623995
19283119
332836082
382819329
358426982
291883484
381178838
70770073
318223268
5078764
217937278
125244749
298026750
109177765
276276747
6986210
243785177
2619903
106804622
159230340
277273485
353987316
362419667
301222433
40559296
359194285
199203405
271543041
210575186
335988514
85646724
24789475
348797916
330355699
170729240
160265438
209864061
271347123
241950551
256258073
81911328
10698945
330873835
27806498
225979775
101419577
273864664
376966113
394720908
273099810
253897506
48871858
123616099
213874144
60449144
76903275
309678516
154069831
388286575
163186107
233712785
377322906
283077362
381334940
170143865
338159689
171027837
355551479
70259995
189066046
13782842
76777909
215922005
276918266
111673766
150102866
29106365
396676300
258568320
22787755
73403053
48166466
392385624
314521565
345738373
21224039
249592977
314909740
268304655
93817824
300630072
266565310
167638669
338365977
358886755
345263636
3201498
278651098
142596902
350113369
174593155
126477887
275381146
198917477
375650198
214173300
168777121
289186779
342418810
185718740
385402007
332229688
238241194
389597011
374792130
259957982
363297958
256058169
78974244
335400601
283628852
388370507
187702934
170331774
230826961
205277275
310247688
222018979
225351851
354908569
204589470
173069271
67351945
131401195
75531748
194204102
63361213
177119350
159386531
513409
116885882
286271395
48220715
276574468
130755528
110600364
3441613
97360868
301195892
126746648
76093961
135043926
282473548
399739777
169188770
188974814
205764468
184539328
395464302
348125996
134254761
302837623
323275471
261404883
396120044
293318237
320559741
351455565
363588421
141849378
214626524
13201915
302187489
195411787
261341677
305327304
264358785
92664675
68298834
265086867
124899274
150382734
12221896
338838965
60380773
376383059
109538692
276003885
217386212
88490682
131986948
142943141
352650131
369059424
47013615
287219135
54202329
392414146
157786152
65915389
111680149
20473042
16406422
109782160
121491684
154315442
234050258
216891278
128370127
50699030
129361434
202340853
53987383
136219544
250254321
246434923
170098510
369363580
116136798
311501299
350466817
397416629
237990985
72680916
350593478
398074578
214731505
214119598
296258453
193888385
62937207
252011202
250582224
296360610
266474412
172756806
376562927
281457507
298170304
329825913
211786636
106982188
238674638
62972087
159323078
328740393
320094888
90451097
351125362
287563402
393092231
368428395
122607051
65257532
397007467
234111003
296164668
143100270
30116518
202440229
347014903
233648192
62938290
380116995
367463597
282780306
257395527
320334652
197864838
359383155
258720911
180890988
387863647
109973046
48125397
228717771
376614545
201472807
225451021
354389554
331965965
362018300
18468229
301182749
206604561
55543456
43963095
386739340
344558495
367762054
160378405
233523964
112193597
175586170
309943823
332032120
232579054
184854663
31671551
14429312
347645756
286988349
44837053
359931654
175266180
331363501
48535612
54348523
168406159
141563678
393618838
388939407
41492748
253273465
163915169
270051374
293833203
47747699
344061117
86028032
37731222
347290770
136981116
172338804
127327778
307845861
52780844
218035555
48330925
136619549
125495928
397346072
246524933
147446811
283666615
285092454
324827124
294865354
100402644
73909708
251252995
5374489
346315889
375521639
222333958
47335833
52130159
281490066
120161560
196406153
137914779
244413244
354571285
304914542
165407200
321913993
288720919
289907384
44504461
236916745
274823416
132049867
65142279
393308849
203456294
132561152
338210586
87787597
213314957
159272922
264586782
33635197
342762478
3641966
132201541
190344246
333459565
34649420
23023382
224462200
293000678
383405040
132146623
43569324
302564925
281025185
276056881
240474836
108274197
301553284
204564618
96187706
331812125
236279524
302166921
191128808
390665518
93642937
66495857
134795410
374593723
277276301
315312398
153667922
300729863
71312298
149338455
352509551
78136369
286484321
95415226
263020701
334670345
180829182
244480029
272656639
170388453
365124933
254986592
197622895
210294116
247662855
272508202
76631956
4320988
187860842
222996110
174923117
166890170
376685851
370606514
11942817
129442707
187374303
232602007
163692695
188685512
212768822
300923453
205427870
257022946
303775646
176838119
128615720
189178990
294881111
241852036
251211762
390094037
104796647
378883075
252588186
248089854
376752207
193805767
356850012
208493272
119505021
94323940
113869811
58131115
59253671
189425461
7916031
346242310
276845723
230579613
389957621
129845791
157105681
74759088
146324621
81713824
149388479
39223781
283055167
379857366
125529560
324879513
371357036
331083536
233381076
301271682
282526251
200598064
101477430
106847048
260876465
153990048
338595487
392176249
164721216
352004910
68163824
126925616
49678752
88882714
57379764
13777654
17718627
118228489
272935552
54907286
105337654
65748667
270775519
90419409
68985897
184662979
350128347
256718667
27102500
256636710
281647689
99574160
61815727
27547390
236117241
16201725
80627
79318302
244879122
102873019
217421796
319078297
390492498
219001703
325702737
20351886
290979010
269960920
309125532
316715634
132146558
51525022
149994921
100552564
307689456
338250321
330464229
367029512
253769897
124498172
19450967
229982446
293471052
221388241
168498688
378112775
262894992
381249960
45359849
139234237
202377883
230628318
258360079
133024125
78199128
334957481
181797516
258467761
165349040
377105852
238673120
355448468
382131803
93520435
365263885
163241217
336840987
59865658
60407446
177906180
27079520
296207790
399207809
121901199
60323194
239643118
349679609
387191092
382167473
129719631
4567495
375435865
276141372
236830450
239045675
272084041
368078450
290278477
347377370
88975886
213208695
291185402
33474450
324316824
347798917
381620534
227832371
222858603
252135156
349768957
67428557
110137139
239915811
85231006
372431395
54871826
276994480
195270419
88195495
139930494
150381097
88830341
320031883
188298136
147370283
332568729
187700317
153510201
302445655
200887232
126855108
322545792
167775830
183232058
325792986
38300072
27606075
184536739
165432202
254458133
313409087
381110471
278101323
124236848
89277519
247432422
296176469
373422129
273123003
281190920
393163118
60505595
189268488
109226632
170320909
307494929
231334611
104818616
205434209
390791193
309976915
399692575
270508360
192683446
193012496
329378149
100590596
340889321
374202509
338601723
246041340
34062419
10920096
59367470
120459384
358876909
378110888
95124464
74700496
219297643
192010096
343650110
220282352
162208444
219026256
248095525
126952080
244028228
343082352
386711477
294161934
142535543
174359983
52615920
70402263
236594405
344609834
256789622
395538530
129828341
364359227
107942711
198613325
236462280
114796554
314696827
136035935
130449011
55220730
285511128
244007639
395827290
99858308
320987314
386401672
155835538
38140945
194233237
70927544
283457035
55082184
274727420
210427716
67740235
55487582
137057906
28626051
39111264
5819364
22135573
366597912
282248205
14187007
66588238
383680430
111715360
124549557
298325301
303056815
341773895
210724278
138682806
357897423
300604347
319055166
79346639
259110182
329707407
356077721
290485547
378047448
137601893
185802231
61717981
333111912
232948891
9482777
291770959
328638588
378841135
158325526
311842923
396964914
119389105
82676507
25163496
246410026
360134327
260941696
300511210
157821134
99035875
232652471
384586430
103395953
196607120
44387201
60526139
208793382
191689774
152991677
332862448
44696250
336450021
58249616
135287582
336423730
59141958
302459885
251699529
207303923
229511775
266631894
92131841
227871073
63094149
321291445
47520680
192116537
93947662
334767708
152103780
57630149
356857551
156305350
254357042
135564727
264120234
334730607
151968825
11776673
146958503
303734991
180247294
314199911
164034308
101623080
343192765
114911523
173097517
30831189
228957232
4297429
49642474
394296398
292158393
253746979
273396862
353263370
390684851
88288356
221831626
240579553
21501005
46862837
396046873
329122603
193539914
294619693
104934974
224085697
372210779
207366790
118862865
93782167
14421100
16004574
164312099
322613352
177973664
30755052
346968918
268635612
55696471
274834056
110534866
231352104
46678838
357573020
193289673
47849086
199126624
352484214
255530979
241392076
279152284
31956847
294849301
27695639
226676297
335391436
54977939
263626593
23430717
195664869
233608401
64934902
108957440
370965184
39163771
53984683
198803024
170252845
313486434
249040188
40264819
149134500
301227812
79477618
320320449
393378514
11842852
282550412
20242761
191961397
175720109
382114068
97161279
291132948
84069536
342693706
88421811
55240737
196486196
90367988
178980007
158060595
74259106
336895963
48051814
261086959
351351506
245755345
343147541
258840772
389842477
88550874
158683334
147520579
301216897
173621760
188100874
296420904
339939672
291532356
12857741
350464618
22154126
214825260
100658638
93717852
22337010
101965549
176302830
321487543
114858497
95666152
256451051
179322379
245184409
27422116
27296792
230861409
121581791
322737538
267318599
351121352
201874266
105645502
2023055
342613352
371143524
221342997
278584858
378172426
208268033
21761566
256198438
354990688
389418625
361058811
179817499
385538920
333957828
359468218
284511035
28340045
13741318
257315476
14389993
265426602
375646370
65998808
68405655
279189315
112760065
345468636
281054099
88939788
204544939
363805364
56928055
210910936
282023772
294857106
225801777
62827901
219221856
6212501
263809111
61017553
120922456
258072545
251313718
123568225
266290858
207227217
283210673
358488608
211661649
96631368
341742578
399615579
344697570
210412541
392886617
342919714
88839347
256808619
79056715
294704145
250740926
351270846
298684297
369372716
5238932
49118782
276342762
65682054
177086284
91706748
314122124
185414446
115179068
243255914
297663932
333944269
68864337
3638668
129285660
391831011
375310012
270499356
199805590
34065430
182873265
268982424
392553144
321237043
65309507
376446379
353902817
346624733
249437458
217302338
200443850
135690823
84577547
276807935
66927307
205599197
235164117
252308698
323411588
84865094
213387963
184230947
28734518
340757927
88533239
141677027
191752966
362244082
131262751
178813329
7639271
60717031
213594964
344933447
188558394
199417653
310513476
306539879
94144397
347130214
373574443
369156995
193413995
178482323
139721291
314118403
91042799
62610007
265653827
15421666
398261264
284055584
51452147
154020419
375191970
263221362
96955008
4855167
150466180
61520470
361837878
309838931
256024078
69484072
78945364
350051363
398033932
28994423
397651333
95667765
18656941
321886428
33663726
12715255
292755520
390275569
248558947
136075108
134620743
54184043
191207739
194843682
174809552
241976272
141248913
394851970
348099440
205901986
190232747
208721587
93957828
168046452
392256029
342798389
276835879
177680920
303547892
382502964
92299312
353704026
134461924
75949504
134592932
145852869
177273759
22720218
143458200
148504543
42509048
156657327
194579854
165856813
199844712
255302970
235918467
147420371
226616358
185850803
254228202
332263782
155103046
259035188
129719350
66953381
248756759
125874646
385265606
11258564
37820078
228686662
141077062
228380652
272939925
388934917
159388799
196791256
269809525
389876413
106268981
8810339
78424606
128496117
91299293
383798020
11116680
313554081
232668276
332743604
286173807
19133204
370102423
166242818
229867852
373447569
323382130
187295207
129576814
233734079
44911768
127109240
65498322
385134146
219018769
374863134
246929850
72664005
335413889
29281808
344201303
357894467
63443156
341167304
107714969
292074288
137437807
364301266
389450422
269635523
5672569
256139305
35950134
161771735
54377519
225972640
205414171
333988684
27250631
217558749
373658628
68366533
61293106
142303562
324304401
377505999
75949635
188237539
314965185
132648168
261856327
339058845
365738528
122216507
214755036
252545163
338155817
231178253
366519320
301072725
117059411
197918213
210424551
301945877
239485480
288812855
177565105
316103381
367540386
168903396
126970602
147422514
355177285
338330006
130978476
200521098
16369043
171522648
162698255
109333327
11261664
129900025
393326655
162637927
298512377
397480518
327338067
228682096
227098083
173266830
258234551
378790882
235699320
32490401
2243916
300176381
389588332
155767357
223568067
353252679
397676517
44503110
298691759
251662132
186276944
363212433
125118990
342768177
364207280
176138945
344428939
184195004
1829134
208224631
379215123
249887263
299168721
122064716
264370841
235800177
372129948
270555789
237083845
69780781
320171259
239940400
371544459
211175773
352276514
171538018
305306592
286997670
303205060
110535381
371227736
195868262
340358228
112487015
369946682
190023978
292754425
399823046
391987071
335136220
9809364
358721175
47668621
70786859
249984400
336125412
399145686
103894139
172156683
310427367
91451841
137616220
266709166
111040233
349101922
220508522
196761577
93812062
137510497
179967477
156911625
392413271
37408889
361278957
291312813
66176345
91942173
161216682
123563755
8111466
245817286
175184482
125961025
168771284
87829967
87019499
286544764
194960843
63693413
130023699
299408153
308448519
313951452
307981808
10080169
325207175
93531365
293409245
106703207
320831279
211810279
339380418
344800669
268347881
131059951
130134200
381940434
325887704
283128007
320081298
71077373
99369476
346832800
131913951
51332219
258849775
66663498
58231046
324030026
104492572
235173260
300384230
251523964
136905305
220974504
223806591
114762377
193946800
193109446
91623303
322893245
279411941
331715895
333347906
6033668
119194505
74543212
205552189
395380652
40334659
39060159
317827203
158257417
365837707
304542359
182646508
397973619
198950947
307613493
141102972
97221358
307111331
238273775
51601024
348029625
109704228
107092045
120527805
7979915
169614558
170215858
152143441
49973395
39415779
371257948
394504428
269844228
297233256
204587670
293341331
392857248
148678542
379971060
210206881
222467482
139747024
200167607
219675195
71579986
191949726
330124378
201124166
99877329
345898087
378191340
223345258
187307710
294942208
240537271
360218322
362303797
396404638
320956437
231304267
376440572
328478191
258035855
14124206
113406338
23021975
350564534
360739157
363935698
391370976
149518283
339223195
197117963
212571446
65796626
206582463
90305699
308089286
149274175
77615704
238784106
222206768
331488146
346304086
40210328
156189464
234597326
115386408
373561985
287096374
394504117
309137754
149782317
249555358
80330656
386015638
250393786
157955876
40634204
7136519
53801314
357717793
72938117
75302056
213874128
393055317
375160932
109476454
237309696
111828217
285707908
262926530
315296663
36273325
85217027
314945992
281539089
196065949
352333709
205708209
349840854
368749721
38251726
109400120
235832330
204691446
395716263
174249635
172045772
282701569
372591234
181485359
135425995
80821615
275737009
354795007
179232073
39197814
85871555
350910198
39079748
293573569
350225396
162037085
379607306
358937766
61594288
311786153
166105047
261675244
170958275
316692695
83251153
252750632
180547204
233932821
384629649
375853622
348379170
74810671
99122152
240045300
53619647
91097309
74970041
266004947
129506930
224742486
383478782
118372848
303937738
289130099
310911929
245804881
42769487
34156642
173936433
212060180
61683531
336735195
383872479
344960174
354084583
369770815
34441321
135403668
202332777
397490053
193249545
326152335
285034181
179870408
287838614
55091668
388852004
245650963
387989049
122128008
121448744
261935125
221516363
123280064
8988838
346040913
196825011
349407648
24196856
324833816
92122807
201111667
112948710
32902906
18957661
78681441
162528084
66899805
380055448
249140883
151857415
33339230
172472732
387924559
19305219
37771371
372380593
399160734
156238033
232553569
206728393
207582708
270654291
362807030
372188148
248285935
361252572
346681702
152903879
192051961
348540816
133449796
264926395
169609222
87505746
282168289
323073615
226675659
197431995
303739071
136120876
368268803
375692358
304890535
219240463
238010539
176045541
348996458
66960227
382485988
24781317
165548433
142579228
282363437
344632003
122212286
46083557
332551833
306203845
98922233
26726220
112778654
41343541
302986926
362688588
30997360
179064678
134479162
171811645
12659762
215397508
326652704
217093739
149140411
295190852
15733905
123712435
342367413
351300125
78281751
31519520
336411959
100298218
83839797
45671000
174020819
19027074
216821436
265676254
156872533
262270760
267281649
15914868
154514643
390157199
382717588
270080678
159037388
249395648
221409262
93040008
385842717
392703049
198216597
275034545
127282507
398642324
225376224
273659629
304806360
99459900
378530378
15247794
280001078
206284624
142209587
253213955
129084241
54115121
89583507
275080971
270663780
288873633
33763290
135467280
85974429
13231580
193490265
116677329
124680251
27879039
201845849
127074452
344309603
223977727
38679827
162436031
277553730
303379236
165872902
229865174
206219593
9083058
78594741
384383828
108566902
113698795
22374093
5258158
126787352
270822580
208658203
291044188
181646173
249555098
199519310
323065724
268802531
87042004
367357217
91660208
386188543
75929678
391235097
388071634
142504216
203081786
159039540
257160586
378943190
271077306
49282031
321427763
105498862
291040680
368513031
367025454
270881389
261062421
291401705
315828874
97026912
322085903
393360168
374812065
248723935
177471030
299604799
295627219
16463973
24970162
192282612
151773144
21542446
291246373
310541213
147237695
24664
355606927
125229704
108713784
256901179
3377046
217706410
398171308
50398774
122259163
384430857
109726045
49982587
328252718
159560954
392566389
201138870
184278455
340973557
367128488
303230399
377375560
256291406
11841518
320303957
363595040
200427897
148385268
90118493
125837834
194490175
129787047
363398584
82587073
63405409
285633897
97491479
16319200
200530157
123165693
18717288
316791926
168922921
207424282
172341536
17072832
162208867
330016411
170263080
26972934
328465616
139239426
68891610
178020804
243349381
249200989
16918827
343645419
289816351
202668822
314486338
14554581
388585173
116114379
74271524
159398293
52379614
244282919
325872035
331661466
390774040
209210459
187580621
156179724
344661704
337585877
34465232
20180211
51406030
73249157
30454481
147321362
181353168
77943345
185685224
312970766
247966797
63198195
350585183
366192958
364620688
123968179
218169024
3133087
198223309
206273435
4694243
323257090
15223516
327572474
344879493
206735562
36570492
106116522
108127188
399375601
317702364
21548813
5801728
313940307
123023345
298491312
233118470
244597193
13115687
89565449
316249694
191779031
355589364
53816762
195324790
167138863
119784656
251309539
381003363
215099816
263537581
355474975
372108221
169551844
248204748
4476893
112999753
257080040
343045699
110767809
354074439
345375822
266758565
128623556
321374229
243853789
77168195
120269551
389429150
22667274
338111398
282256825
168898907
129335152
293858986
196898636
55144067
277435738
209341268
144590963
321323717
396088816
396353109
78987980
377986450
128212918
289047791
155220772
87535651
86261674
314361251
276793963
242602331
255841483
66396848
191385856
188752007
189662771
213134970
55870666
390003108
337943510
80058930
361766648
44005782
70850532
213276059
370021142
339364536
303935699
268899114
219877658
18616656
171563459
387927869
95722748
257216307
158801861
147705450
348245759
263420201
168463283
77747264
163520098
173537436
212732596
154749511
17533076
131729959
90425238
285761420
304718967
27531131
270806585
354608053
110868712
197465713
85808239
335728674
21975081
185157971
335367898
51845088
50238828
83245014
330244622
392775437
3347546
335606721
256187971
192982723
126221161
299295599
101770018
286538761
317305429
222498399
136650539
230758613
168301865
9766700
305802119
356617896
379150050
165126933
341288598
311400972
19246912
194347962
382586117
187895628
193803697
231689827
362994536
338381641
176130224
211894887
52823321
169925033
356208910
137056577
67405411
266136247
373035621
340952014
384199835
148782784
44865362
165509381
162119590
176056456
217810264
57184735
901744
48315606
115606999
204745333
146220973
100649663
343058172
152886222
85398626
21353767
348692668
367383067
261950
181562713
27967192
382775754
206570677
81060645
377788040
229225633
294571818
3997988
147565333
367913394
225644927
10823466
372533753
181089009
353375507
224490163
263325827
324585863
247120816
165416846
261382490
7716927
118870496
318926792
293512588
237594583
106723383
292785558
35455946
108331048
250323199
347896545
230527804
68872555
7953672
154808524
355200209
180140751
48217531
35585012
292565444
37479496
147246579
84326599
330624661
7854677
348109787
276839373
304567167
8632140
58988787
255728236
138403164
317210073
30640408
242565595
282680373
15334500
234792460
131880567
185849549
124216373
59756322
51679086
79384540
310635420
208070145
344030000
357152602
217275292
153256540
132298436
193706405
42176463
195765083
244681081
181894340
390959373
175694490
103569250
231401619
209036548
275755651
58711740
91271207
234386896
308583406
320014755
95207777
153816229
348898185
334706343
239787533
364574247
208969180
212004832
137158581
209065538
397439349
367930866
229438513
329644293
131431799
348369791
380811200
13204687
120245359
376907719
94447071
330786774
116506469
93590009
18102330
31696256
166370612
247637927
393969462
341734016
209743062
341084176
114952364
217153058
278386673
354250218
28473143
326974808
210141089
224278640
120870260
253458480
27725625
130317462
12073364
228225965
177661345
13518808
344448663
72242996
155757132
297775963
172097312
186003980
76351946
154348607
79554073
383765490
126597828
2366661
253430675
34742614
317487819
154710048
130058702
228726318
81749765
158025018
312085428
114710185
102485557
152771150
81665691
55857663
258268700
263151472
31568866
311583600
345436006
350431452
286716926
205175257
181236068
374228915
296098851
14389604
188614773
292350817
252355812
211652658
126852608
279679825
95793361
4683885
396944461
350713678
374477737
219774926
314408545
335596025
295195544
21777936
13256821
371708350
132563950
155909815
261422727
348068652
269377230
298014170
326666762
105246130
360809293
238981721
113056149
115224316
303882737
57128430
11557383
20905005
319288241
121859740
309176081
313392276
351659075
284366089
330786668
370559618
187844598
213857479
370680854
229845686
30543361
387983617
237083873
82418900
44993740
211931545
310796251
364514258
70356439
375217495
55902825
120586366
335837484
255249560
293917507
331120915
203998552
280566657
203942348
276685494
165614068
19359771
168103588
272381270
15095756
129852635
43958846
294535887
360062491
350614118
312035056
133607283
235977897
26212971
239252526
373705074
113057212
335721762
268289458
379693718
219810349
234204911
44631179
99825213
127013362
381902440
249122396
273045177
150602788
354633330
231950201
382264767
104099147
31722552
281325132
229062744
39516246
219840819
262508576
335856602
141271362
291096706
40538627
297854658
254917981
319451702
302581907
177909637
226607752
334186860
82426454
270351163
353326263
27326491
386305270
322218321
254568170
344019732
300014243
351797661
62275646
135406694
312558373
16128480
373300227
395240587
101373430
347694161
273120570
116114836
108088457
165587414
149270398
180360286
296423845
73374565
145069339
73128269
195830256
219677882
318292654
303856862
365911370
358250844
23707762
2880437
362779319
16860872
232114866
4489275
345566251
172553545
24341708
208489548
260826920
179839495
229739562
169495251
138796250
261453513
3977628
311236178
167750045
344973137
102889256
175597804
131338523
104143940
18560039
118178522
26460146
398819500
372344054
79097160
329105997
394910267
116451076
242524924
300240630
131934974
163015725
33663051
114061201
213113221
27087872
41133001
300787315
399457498
211280320
229314997
279808033
298016896
265024795
372404583
196113251
372443845
2223577
388191122
247227170
20452622
20201779
259842758
2908248
396293032
14685880
20240488
35235831
360703994
161023063
18263227
26219803
238625776
243526932
117387884
228139092
121647640
300814798
327543701
374879839
196455049
13657839
252651912
121955372
77078816
266054813
75898657
182329063
65998505
233776146
203573810
373447199
62517018
241220385
164695894
29577540
190884881
119224151
254882118
209811512
286444390
283994115
351630337
195157320
92816173
279014318
56294176
228490115
324486404
289652997
30200505
119298032
375188326
112011867
398431390
117178333
397719665
357088722
295662285
237583926
83749372
96113647
202461738
138769653
397935509
261868316
348194078
143300860
309044926
153585072
107318623
257549167
230947355
385122190
267156123
23431404
101709454
305813352
398148457
362680888
356298536
397125587
395322227
230751385
295419071
259510322
11761314
213613209
238262214
222859343
117456185
391821760
292656071
396583677
349932616
310815084
379448502
346126471
309262351
333997917
293438366
52421911
62516360
159987299
229009883
295894556
381218896
39076373
152872073
127634314
41596889
326602332
303479352
352158205
354139383
54165438
108654807
289194465
303656761
10157420
371568859
254364860
91537290
331859878
17287748
204587284
165441050
47891953
228517888
19845229
156457546
245782905
91591208
344832836
109142463
167999409
248988787
249846312
219941340
60801008
172521595
136572177
117916143
173590172
398002236
187356454
152761525
72289268
350644153
349881925
371349613
29236746
200666217
286362124
275933289
304792422
150104687
51591443
381467499
206087101
91225978
75035231
305451754
163483950
233209253
39686072
327180922
386310832
269624540
159799662
242957196
50641846
205463725
362199295
361782505
33582871
315123471
386247946
254013710
203925973
384239474
381245660
291087975
142054631
51550714
305195001
353814782
382577848
214484381
11703939
377533243
392091404
130873828
285890006
173114160
120518636
44112886
394225467
147200763
229470607
132519870
78947543
226264030
17633755
175185738
281578249
387500732
205918983
20663448
120201832
201674866
68319890
261150626
308677543
125502082
317026167
398096615
13689376
84431660
520954
41797941
63515142
67231832
213465336
192768134
293997473
375481053
241938992
389005770
398483427
70876588
214222867
25081375
202851709
250794414
350135195
183540777
25547256
160185026
32648969
261489386
373059212
381921286
359062785
132441284
134779227
95399159
8323101
151112216
377277776
288066744
161728768
139688766
310392642
25542643
223288904
178981396
81650616
366463332
48070031
370909166
295260934
131950971
300470616
5434154
9263488
391001138
308078135
392269406
335117328
7691058
112599726
188986759
182417093
354105567
198148019
23285743
98479973
361323202
292999743
248174256
47469863
278870297
384795889
148135153
166981414
294076101
144303393
264489060
126517741
114404914
73940188
297466088
171207075
42012092
119121790
331199117
346466183
185613010
7478355
260758382
149842314
377423182
265074128
8468901
296722924
255073492
299169006
177461516
300311859
326404023
165632569
85310720
185377285
370577097
292384818
368399174
360997335
159442543
314008649
199696963
205681848
166544088
79419561
55547328
327825080
183569871
189187137
260995856
15229125
257463735
379416806
253116160
23850845
288831398
361764386
338515260
195119534
348053973
107732244
325850590
311647945
395532800
285875574
21881476
146367173
391219994
34846074
231733082
357474323
15437023
280395523
277453765
284696229
8325119
182750873
278743019
353490110
384666798
267291905
363255734
97870003
341542974
12855710
107088274
110927101
394311147
190976509
90544461
306008255
134557352
120678325
295307320
380646541
124454746
263200399
245972489
310320931
88925722
181766658
150133431
133218047
138438422
263055839
94495282
1199512
130528235
354490464
372465150
100125496
23056243
298306279
94665315
269289619
111371934
263983897
368652668
58543474
284488414
250219564
80155442
352724739
185582885
234011994
317364888
194042041
114697370
253847669
161276141
315898096
389682173
220033356
242989568
224772060
292563336
386278834
96389769
394788322
123583965
89817979
292589912
59216317
178451653
113031543
296113771
251411260
311617641
327741639
158681301
205963594
388347507
279925201
51009926
298778729
294887088
193038711
251086636
150924406
275517197
47939054
138130003
104607864
387929474
56012351
98598041
57644236
283491025
204865484
5061335
292866165
296418577
347353301
13616236
261195487
50003622
108269808
179087747
292510789
59992758
216179062
153914210
199198738
270923877
263635949
309474080
26240202
330951226
19070447
267181712
33987965
22739909
108402859
182197744
112676495
317437358
340634264
183912953
253703113
374737210
240228465
320045993
68807900
190510803
358651687
40968705
170211250
392722396
342746118
32926336
158294001
303772718
32322383
363516898
129784927
168316701
235250179
123461310
385730750
269968584
104669337
92879809
19141014
87731074
10497853
4015957
393493405
285263949
370556243
322616110
39756535
61830421
152360416
207386367
48802092
32088360
356499178
256837709
146348258
397216226
303971116
14276290
136539601
312479109
271926690
289677034
210464865
90396489
35768139
373350091
271771418
338247869
251893957
111034274
378033845
177297400
35788583
200707511
354767407
372949078
354665573
131664394
101013475
367382094
32238586
229365901
319154543
51882114
356983906
254498210
170168831
169020725
283953138
132079287
189284847
336521275
206153869
162626464
66553603
230792879
189425728
63536826
93693854
373832412
18966954
117542490
350579428
324577573
172729468
172862104
56549925
233978487
333056218
340829264
377517710
252939332
341911507
61318862
243563788
329698776
351382858
312629411
25389340
383359330
7189753
351000070
129436404
325005622
291878297
158278108
265725845
277118280
72455374
23978279
165511117
106609780
159717442
243005187
25009070
290648381
303702933
315087454
40722645
77799251
82930245
69724743
367669898
316237615
214522926
300317938
308642545
28065705
281504968
244278878
287192705
265921984
316948473
345948544
3889742
303617721
12205737
21859149
354002791
248298264
171061567
398199662
247363120
395073796
169884838
259253625
318551891
352127339
266175546
27184113
390916989
306887159
214145030
387804032
110077962
14655998
18734702
290905322
393002164
360426365
396917654
73913698
63712764
111444562
227991867
70590485
364681589
181792751
316655195
160155086
271733059
257975061
190515044
213569904
224698990
274438629
277138100
284952813
270795376
150018110
394124947
45539803
126007452
267341459
114567582
223262861
232725266
3084255
54287678
377203000
398185827
209091599
234817520
177568903
15743978
296967587
18481399
100520571
32250509
73200233
287655745
398262408
330167978
284515832
191561891
355035447
40324810
315345096
197150740
214849718
362449381
20078230
291405848
144230322
304438108
369333909
99477635
38185431
73056381
201440886
368974870
81505007
360271361
201160930
147816333
67953679
329329421
210111392
22430134
978421
116671749
17958890
74829674
151527679
272349718
70403103
79859332
343265589
289991763
114234014
289983854
287551242
99464097
66262735
56607160
206636501
375500661
151502546
236439983
240773974
324490275
136506277
81075980
36202548
282574333
112156433
365932289
92393128
6119454
342472543
28011879
37402264
83197096
292055370
209816106
33447397
356498705
10046477
290284898
81715758
265013795
257732592
386580089
237670367
26112952
265280108
327020896
260497378
237724336
138623536
43896931
112265692
207737135
30469122
142867286
256967941
114753808
301868439
3462619
87890892
57666521
355345697
153434469
251688075
89728244
379499964
283432490
378053147
101240894
83106798
70163765
92866594
210844713
286455107
306133393
333656253
217886214
333172731
387214493
218703834
158905791
142476674
259174723
171219248
21596310
133598451
185173918
316603783
318307894
3214641
13327407
81136188
26013621
374911684
169223772
131968856
199116362
372230408
256186353
90154951
61339688
99997934
153088124
146669564
233471114
395084509
120445302
379668095
327897310
4985439
127952078
373015776
258360267
298901654
35961419
385201792
59899771
23011346
259786016
188094932
157608864
261712093
263587718
93960965
24091659
365665491
144028401
239389353
162551817
285851030
50015445
276828889
251505234
240677036
58068911
330293127
115941769
117611292
215157637
42886173
150862332
65930981
381061253
166712642
138656473
311095947
394265641
379970908
174248708
98082086
215366304
248555539
139001008
339517938
136345921
187105373
181430821
169419731
177213183
399659310
311037691
246867923
1584336
386914943
271983636
56581565
375281343
151161119
341479406
161922354
161111501
45003810
298103482
261281731
312076044
42010060
395299546
364350128
110126313
14704290
260037157
11474300
153312975
333242876
134806437
99229732
178200237
27077699
118608377
318617715
343551686
351691179
286326612
302702591
323220529
372696617
297247723
307694810
201778716
125045485
303548137
93369941
315210339
242053090
338425501
176833535
90208184
231172171
382812283
329528852
209636164
220968714
14475871
209642027
240340787
23013330
267764839
58785347
587768
394156363
349524766
88583
299569665
36106758
285625706
192213011
41366113
277058709
191498355
155866266
137995377
335507627
52470637
196518766
191400413
206570866
177461748
204914948
16826153
201695210
64914136
81949097
118775932
45458816
275635393
232303904
320818784
396927598
152503279
52208630
396788915
250998701
69118733
322496134
274800905
267572295
72043501
65704948
319733726
247928812
184894600
96815923
39171140
158832775
383783050
97034808
80551209
384053883
199830323
249411434
227066524
95116322
47200065
7121069
189019976
323150666
247338596
286471799
163318235
357743888
81559497
341004227
319700630
197898188
201757800
312241139
208993914
284293956
176562035
146116762
142843448
359487237
9117164
92417378
343719470
253072160
2497004
173256745
343422869
228213158
140074198
288324686
128878269
134489132
325879579
393303054
313637939
371980908
387956024
259323016
87344940
259554321
202101134
117771213
349592338
361904814
244071483
343679614
39632275
282194718
91652659
331963253
289202084
