10641984
313457852
335956413
252005284
325856117
68023259
134961230
91918668
159337154
341362361
10745807
83531359
180913000
219186939
192744111
232924012
112472129
25337714
319881225
95697415
231236381
25403193
72622146
292876407
88673162
241620263
265782241
358257974
284418009
187162826
261348773
353235356
41617684
341713878
162372842
34168257
67304922
51862375
284042893
248802790
374808302
237757364
93262541
387694579
257129656
8201357
377814041
266179808
378517943
101794784
377239527
356453864
175461791
136363545
192756219
166823789
265015054
40061857
126843222
225234545
360074017
319086956
85349357
258405008
358498426
251328014
399462314
331572034
32356583
129979167
366626468
189787512
145390798
352187939
270139575
372104101
227536620
299464321
122681853
174789751
124536685
158557244
96286608
2782833
177318379
364734769
238024200
63510020
155091187
179399240
124781258
372641857
121844248
251631591
138247767
83551594
30152928
220521470
379395804
253502669
191987089
206989707
280736084
99878188
140002384
334783943
42463098
352351338
22272414
35197588
220489839
108716238
275603873
323308228
294324244
179944770
295272531
225482836
76584821
26889265
184585005
25833904
356016903
296980959
320210539
110515754
235101318
240215355
231049717
311928807
162882999
369313242
352904966
283901722
272910037
370363736
249835072
364314522
182103435
67080373
340511828
292235121
136743615
307912460
63664636
344462527
262477190
95246559
275176098
166860266
52021640
6740347
340284198
169148189
36970837
266502159
135327881
47278875
50094814
384530378
110611051
301739459
369411471
249792748
45208255
307128613
17741600
346297762
186611425
200973236
175242968
156869291
360275920
390430959
288456846
229888669
62901135
189918421
345871578
31318772
248251061
241068216
26881712
28856995
367284216
187474670
75579821
146377923
76593180
29791750
322019876
329643549
328938975
154768295
180144842
43799456
338170219
252109540
169054062
153496240
199246273
237155221
374459363
67439401
222844965
386732041
100293650
329671757
347919409
271931234
314943244
227486516
13545943
302617965
62010936
391233898
200692742
67196378
236651930
40648215
330330086
43075386
145994996
203657457
284179232
60493789
222748238
54442958
361829100
253784826
232518310
198691101
189511874
11009220
337345179
252062045
268755674
386278137
306731961
228974869
182842888
84668621
395098258
74347263
128862801
356055558
237896179
289972520
318598708
188777105
247905289
245904988
261916522
176062233
389429004
331574297
128468208
199878857
233788101
149774774
358768616
170360042
167414792
169178253
145345685
293668661
312874880
292573434
86496500
144898547
357855338
126486365
333231009
302938469
311756870
83894546
190398957
100020391
298053852
254007307
288921468
306067292
283594000
274483261
106099006
274369042
251951940
187724635
258022592
97963902
399485104
1322061
303167149
118703460
370344854
166548882
226259016
183671665
372275857
335459084
266604233
397541684
389178173
232909540
318313099
69503316
419805
318976133
94347403
230535103
19896425
280226120
349164043
85308154
131468657
30204601
302121046
360162241
360815161
117967343
335422278
330576911
61317343
161641748
98129713
48430745
137751444
349790964
106328534
314871444
344209232
196923075
177495354
361187025
194130029
378916334
53304555
101089602
106672776
356426358
394990309
371624036
309236742
39796229
58768448
134149069
95401033
330278058
347681407
321377392
277830368
85169474
71640137
228560660
353507590
203633052
228858124
122377192
137014541
328160296
4686159
197588032
297046775
202064236
134627093
273954637
74322444
86171475
206673496
243268223
353397287
83204236
124397212
194656785
107864989
190795419
240909752
176762243
55020830
182572300
164742986
52922237
132830440
204062702
266460439
80715191
168189709
122129787
396109480
233797686
390839713
389675758
316567542
91951542
291283200
281163414
126879450
388382170
123598220
30713380
265209345
112609227
63474953
165537844
2372498
398430404
16537038
67725057
137395174
134187312
377997408
27277259
220814682
266852313
119948121
58234987
92130884
131827998
385704079
395425843
83984392
363088040
315008736
372398028
247351794
135056951
278461340
397974909
359359047
300744000
357564164
210623669
191282235
87820638
81251689
83656067
168261297
232975096
182798794
243067635
72056541
45257913
169361315
364160817
185096653
63542068
99821186
73511102
223822225
23588264
385465198
342933320
44827023
332589507
88357069
45676713
142336477
262761589
318429295
136302501
16077766
399120074
238998022
232830054
140257183
337886237
109197488
23970405
38544408
311103453
215707842
42419951
126286280
196771885
36306291
297305808
237686887
129709546
191592749
285621527
169830172
362983256
175485727
384957968
56211001
162701300
314162580
200680950
80334862
174906538
143776901
302808094
92907719
387390371
103721553
85759797
88135668
243107811
388067334
11034397
347108840
339799867
334245690
339897169
315629981
346784693
184853161
185359428
167915820
98055560
89193234
164853400
81487210
77817061
394287416
300255609
270332031
395384970
352306635
190618387
160376547
77548195
100037701
120056162
176931355
151822018
260954143
170235312
355654121
111140916
57172471
301795781
206474748
73229852
61436197
111679594
363475876
261575778
56269646
94710149
174387822
350000022
180564732
20384585
391171827
171975405
345517171
267628886
338405890
384990212
155535271
137826834
203380991
158572726
103602533
247124004
180755899
273361695
128581074
76561037
45603484
201642139
272516041
356244206
92292677
242567380
389369238
353925059
128875449
316105527
162336866
287834080
57775617
339964811
361625998
143029458
181818375
205735577
59137262
298755933
117566765
332462540
90199791
9229341
299689789
393751414
57309048
318524669
252019384
98373815
187920746
115573464
114538966
69278267
362216320
331073739
111190672
46896708
133892744
74079455
206511554
191713455
79614519
388789425
185952702
127737516
62451542
85579045
366060398
197273022
143359794
253393669
324857108
207309695
3672486
308047664
389745805
242319307
112412558
201582548
289375143
168343629
280283846
355531510
248828439
236756801
379038307
30676554
989953
4317728
62369924
339923281
341473611
279871262
288191879
212341568
171648982
347685631
296073712
232972522
119658193
247745912
345688683
287807927
365303405
315425421
310002587
293242135
71435908
355102929
221443027
393356887
219868980
176618858
262130978
44515873
26551829
218370731
186289628
282193448
259423402
342208266
233375962
182320053
131602392
385877041
41256347
274061134
223537803
341354863
26133394
196394692
31900212
23229703
385386152
217109716
100336344
73598289
265509886
285838757
341847708
264746665
388127440
177683794
50301057
115614802
271908792
223243242
189300607
343770958
262069647
293967523
157764602
338949336
54226276
189503435
96552071
225151622
327380477
369274550
327527791
135472467
347887354
31025812
99257993
346893617
168592149
126835095
143377930
28732513
292325171
176226378
267212099
240268989
284365423
375834957
234020498
215934329
69443854
182154303
108350857
188669610
283844900
1906381
370841170
378632834
30537734
367401308
390745975
345180596
171183116
309703493
351046978
257575674
379399716
70250459
180381331
18464887
224875968
362008211
138766456
305357605
18934465
3836526
206671799
186554910
278197359
200425484
304976265
325246445
281371631
256668338
262514312
126063262
79056053
107083460
72913480
346459830
356982205
39968433
188771967
82441450
78646817
232948306
252574707
337633398
185866623
174670029
136371829
353116210
102871152
357080474
306991105
386838709
90013039
45399361
319896779
40922923
353810279
146666968
7617170
112089280
115305097
148731228
296551837
322243079
227234868
299255000
355390437
300883169
223054513
391000117
48566847
191389758
217560106
103650001
28633706
165692007
249972368
392849437
73395975
147781930
376892932
54999644
5147124
41110711
320078566
239143872
190056830
88616302
241447919
320608571
273034302
107524544
169140172
375105127
358852509
364520546
264075605
142164296
296437159
299943264
368693346
15534395
276284837
158871199
133831516
65080290
82858084
264259322
370197720
258840579
168825284
8765890
164080233
188239883
275153197
71464994
392254529
208739449
180300688
294178554
339148946
372875111
273960128
224930986
242855183
101012127
42049342
2967315
392909515
205782033
317724427
34723869
155114631
396409815
375200442
368297058
87328793
370487299
204992525
77638049
76960175
258037979
371899033
58712593
118806509
345488550
333600668
336612428
385165902
398354256
279752073
65983519
366830869
351359974
238638600
317698137
79345882
220064634
103010826
322262950
163236667
335061473
180316542
377409917
370655693
269950134
319041518
16593968
151383553
268275144
146061011
103553639
246991399
328384599
291610096
234470895
376314008
110127046
143567071
296892287
332812239
253795245
272388858
112925150
280274899
361200217
340570225
273559791
208124493
25032464
165967972
280061926
135272097
296172929
235740810
93422256
359791696
137217830
44146770
166116601
122889538
330601213
11206559
285858820
228144705
375134168
187665049
18277907
96954367
28203573
391796498
345602568
185078048
156310976
330357680
309263306
72643628
78819587
346464176
109917926
148909315
267620170
188068118
267210270
10415581
339790321
43700946
262058355
293156401
48440844
243957306
45719036
289398254
194509553
381119075
233473363
42808357
192223205
398443840
227184594
81032926
45772033
344916051
35678520
217663911
282010456
352607252
233247598
41730020
220627126
211386222
146777995
254692160
89530243
149588124
140907324
215096532
199873840
165077426
322752660
202900370
30198178
97260956
60332235
378396772
98544075
279276918
352278859
172984163
369122287
227700127
337062280
153169577
293987656
335411983
57630286
322965298
377057375
