10641977
313497849
335916426
251785299
325816111
67923260
134861237
91738659
158997150
341302365
10925819
83271365
180913002
219206927
192864107
232704006
112772140
25137715
319901205
95677415
231096375
25563182
72682160
292876405
88753175
241540277
265942243
358037973
284518016
186962835
261348759
352995355
41657707
342013867
162532842
34028252
67344920
51802374
283982901
248562787
374948296
237917372
93222544
387514570
257369668
8081362
377434039
266219813
378457970
101754788
377199547
356413875
175401785
136503543
192856213
166883786
265035050
39941856
126843216
225334546
360094018
319106949
85089368
258525003
358518434
251528011
399462325
331732042
32296587
129719158
366426475
189787518
145610795
352287948
270159571
372104086
227516633
299324304
122741842
174729751
124256682
158237252
96726596
3002836
177278381
364914785
238204203
63550014
155031183
179619241
125041258
372381849
121484251
251711586
138247781
83731592
29652943
220161466
379555797
253462653
192127088
207209704
280976082
99858177
140182374
335183934
42643093
352131353
22732403
35017587
220269835
108536230
275503859
323348212
294324253
179844773
295472536
225742836
76724812
27049253
184745002
25893888
355976909
296740968
319790556
110835760
235161305
240455374
231089720
312368805
162483003
369073249
352824964
283961737
273090030
370143735
249755084
364254532
182123418
67200373
340211813
292495109
136583621
308132469
63584638
344402521
262177185
94946563
275376097
167060270
52021640
6700335
340104202
169048189
36930849
266362160
135147897
47698878
50134819
384830375
110331049
302139460
369511462
249872741
45088242
307208619
17881585
345997757
186771429
201033234
174782980
157169284
360415911
390130961
288776846
230268669
62701127
189978422
345851570
31278762
248631048
240968208
27021697
28996995
367324210
187274663
75459834
146217916
76333191
29551743
322279881
329723568
328838967
154928280
179964853
43739455
338430209
252129539
169094056
153036241
199086272
237295228
374459362
67479401
223064961
386672051
100333648
329771746
348079411
271791241
314943257
227426505
13465928
302517974
61870944
391173892
200752737
67016383
236691927
40868208
330250088
42895410
145934981
203657448
283659239
60233793
222428239
54502949
361669104
253804822
232558299
198511102
189491873
11009218
337445181
252122052
268935682
386198128
307071984
228914876
183082897
84608620
395078267
74387257
128582809
356155552
238036167
289792526
318438685
188737098
248185293
245844982
262156527
175842229
389289034
331494296
128788206
200038843
233948092
149614775
358728616
170740025
167534787
169118274
145305675
293468658
313294877
292713434
86616505
145158545
358195340
126286371
333291013
302758467
311656852
84014535
190638946
99740380
297953832
254247305
288901460
306027286
283673997
274643248
105978999
274449050
252151927
188024646
258122574
97923914
399405099
1262069
303147153
118703465
370424859
166428878
226399023
183411674
372255862
335339089
266204237
397481689
389098182
232809554
318393100
69483332
319817
318896134
94727400
230515106
19876442
280246112
348964035
85528140
131328657
30264587
302101057
360102246
360895165
118007359
335462293
330516914
61217338
161861736
97969710
48130730
137851454
349650963
106728521
314591438
344049227
196863075
177215360
361247023
194190010
378916345
53104554
101209598
106752768
356526361
394930301
371564020
309236732
39816224
58948437
134409062
95361043
330058063
347901415
321197392
277710373
85169484
71600143
228320658
353447594
203593049
229198112
122317188
137074545
328200294
4826154
197568022
297166784
201844232
134587084
274254650
74182441
85851481
206753501
242848233
353337284
83184223
124077207
194656773
107804986
190715433
240929761
176962251
55000842
182452299
164942997
53142230
132930444
204222682
266340427
80255176
168009695
122369791
395809485
233877682
390999717
389555765
316567534
91851542
291263198
281203421
126819440
388322172
123458215
30653380
265489333
112509245
63434945
165897859
2352500
398790413
16417037
68005064
136975171
133847305
377977413
27437263
220894679
266892328
119928125
58294992
92390881
131587989
385564073
395505836
84164381
362848030
315068748
372618033
247551795
135216961
278341348
398294915
359439040
300884010
357704158
210623664
191022234
87620660
81491683
83416069
168041293
233095088
182618803
243047638
71536542
45277912
169341305
364240812
185156650
63782054
99821186
73611107
223622232
23448263
385565189
342513320
44847009
332589495
88697078
45576710
142436470
262621595
318389292
136402491
16237783
399080094
239038005
232750045
140457170
338046237
109537484
23950407
38224411
310823451
215887848
42479960
126386298
196791894
36026285
297165793
237466886
129929543
191692753
285381520
169850158
363023261
175545723
384997965
56291018
162681297
313982590
200820965
80174853
175106539
143696896
302888088
93167712
387310380
103781552
85799798
88235662
242747786
388327336
10914402
347168835
339939857
334025695
339917177
315569972
346424707
184773162
185019432
167835816
97775566
89313248
164773390
81407204
77817053
394327424
300075600
270092014
395404967
352186636
190618394
160336567
77628200
99957714
120096152
177051341
151882020
260694149
170375313
355454133
111200918
57472463
301895782
206534758
73129861
61476185
111559602
363175869
261035784
56169628
94830156
174507808
350040030
180304742
20384582
391351835
171735397
345537174
267768882
338465892
385190201
155335267
137446814
203620997
158552720
103402527
246784012
180875904
273121705
128701073
76601040
45423472
202002143
272856037
356324189
92412681
242507366
389469237
354045061
129075435
316425516
162256876
287534080
57635623
340024810
361606007
142949464
181558353
205495563
59137241
298615921
117526775
332682546
90039794
9389345
299649784
393991387
57209043
318544674
252019389
98133825
187840745
115553449
114298966
69218276
362136311
331233740
110910666
46796704
133812740
74159450
206711555
191973466
79854515
388889424
186052699
127637505
62611555
85339055
365960371
197433010
143479785
253433670
324937120
207349692
3372495
307987655
389725796
242119316
112312551
201582536
289575148
168503648
280363845
355311514
248748451
236796818
379238291
30316558
1069941
4217729
62289915
340123275
341593633
279931266
288131888
212701558
171628967
347825635
296233714
232792521
119478189
247485923
345608696
287787929
365423396
315285421
309582598
293302129
71435901
355282902
221483031
393416892
220168983
176558874
262070970
44515881
26311845
218450724
186049634
282433456
259603393
341948246
233235955
182240052
131222389
385937039
40936330
274101130
223477817
341254855
26293383
196634674
31480220
23049692
385506154
217109715
100496341
73698299
265649870
285398745
341947693
264746659
388047426
177643788
50461039
115234806
272128796
223443231
189420606
343870974
262289648
293927532
157824601
338849333
53966274
189643428
96772077
225271636
327640474
369334545
327567800
135412458
347907350
31185812
99098000
346673599
168592146
127015113
143557926
28572505
292425167
175966382
267152089
240549004
284045435
376014968
234000493
215894327
69203860
181994303
108730836
188669605
283964901
1746376
371021163
378832828
30397740
367521305
390505972
345340596
171143111
309763489
351126968
257775667
379439722
70590461
180301317
18184891
224935965
361548201
138646446
305257615
18494459
3856521
206911795
186894911
278177379
200165478
304936266
325386436
281191624
256648350
262494314
126123255
78936047
107103445
72933489
346339822
356842194
40348428
188731971
82081442
78486826
232948299
252474713
337793407
185646626
174770032
136451829
353016211
103131152
356780472
307111117
387078702
90073029
45219358
319816770
41102927
353890264
146586985
7597164
112129283
115185080
148951227
296651834
322003081
227294884
299335008
355210438
300903164
223314516
391200114
48266860
191089755
217340105
103969996
28613726
166052011
249872364
393169422
73435975
147981932
377192921
54899631
5227130
41030713
320118558
239203873
190176832
88836304
241627928
320288560
272934301
107384557
169180165
375105111
358912508
364780557
263995589
142184305
296377167
300123255
368613338
15394373
276244842
158891206
133711521
64880279
82738081
264319309
370557716
259100578
168705286
9005917
164080215
188019891
275033192
71444998
392394517
208879452
180040678
294058556
339228950
373035122
274300111
225271003
243035170
100972123
42129333
3047311
392929522
205602035
317504407
34623891
155134636
396429817
375320451
368377070
87368790
370347300
205232538
77798035
77180184
258077974
371619027
58752570
118666506
345388552
333480663
336452430
384985905
398094265
279452085
66063522
366650875
351179976
238658606
317698122
79245874
220304634
103170815
322342948
163456669
334841479
180416551
377229918
370815677
269990129
319121505
16613966
151563536
268395137
145840994
103933632
246751396
328324601
291670097
234490897
376214017
110407033
143487074
297072281
332732248
253895252
272508862
112865153
280234915
360940208
340750225
273479782
207944504
25052475
165767962
279701928
135272100
296132940
235540810
93682254
359831683
137257839
44066752
165756579
122749540
331061213
11046559
286058806
228204702
374954175
187605049
18257904
97194362
28303579
391796494
345522567
184758052
156250986
330177679
309383318
72883634
78819589
346684181
110017940
148989310
267380170
188108108
267170280
10435588
339630317
43920938
262178348
293256402
48280843
243977310
46039026
289438259
194429555
381019076
233593378
43008344
192023220
398283836
227084605
80972919
45792011
344676064
35578501
217783917
282130453
352587234
233047597
41350001
220387123
211506221
146878002
254992169
89530251
149588106
140667315
215036526
199673839
164957429
322792668
202780366
30358173
97200956
60292235
378556762
98764061
279816911
352498880
172824165
369382294
227320133
336982290
153369579
294187650
335171979
57770295
322885301
377197368
