10701982
313397849
335976426
251825293
325696109
67863260
134961232
91658660
159097151
341322371
10805814
83391359
180912997
219106930
192784107
232724010
112672135
25217714
320001208
95617421
231156376
25483187
72602156
292956409
88713172
241420272
265882237
358077973
284518022
186982830
261448758
352935359
41697708
341933869
162652844
34148252
67244920
51922376
284002896
248562781
375048294
237917376
93282539
387554576
257349668
8181366
377494041
266219812
378537964
101794786
377119541
356473870
175341782
136383537
192776216
166783787
265055055
40021854
126863217
225454545
360014021
319206955
85109368
258605006
358498428
251488010
399422322
331652037
32356585
129659158
366326470
189707512
145550800
352207947
270199577
372104084
227516633
299404305
122641842
174809748
124256680
158297247
96706602
2942840
177158375
364854782
238284203
63650017
155151186
179539238
124981264
372401849
121504255
251731590
138327781
83751590
29772939
220181460
379615803
253462656
192187084
207229704
280896079
99838178
140262377
335063935
42563099
352151353
22712409
35097586
220389833
108656231
275563860
323328217
294424259
179784774
295532531
225622838
76644814
27149251
184624998
26013891
356036903
296860963
319890553
110735760
235041301
240375370
230969716
312308807
162602998
369193247
352904959
283901733
273130036
370183736
249855082
364154536
182043421
67300376
340271815
292495110
136703622
308132471
63564636
344522518
262197179
95026563
275256096
166940273
52141634
6680341
339984205
169028183
36810847
266362161
135147893
47618883
50094819
384770381
110371050
302059456
369451467
249852741
45068246
307248614
17821587
346077758
186731424
201133230
174802975
157149288
360375913
390210956
288876845
230248670
62701130
189898426
345731568
31398761
248511054
241068210
27041703
28897001
367304214
187394660
75479830
146317910
76273191
29631741
322159887
329603567
328798966
154868282
179984849
43799449
338310205
252129534
169034062
153076246
199106268
237255233
374539356
67579395
222944963
386732056
100313652
329771747
348039408
271751239
315023257
227426503
13345924
302477971
61990949
391053892
200792739
66956384
236751927
40828210
330210094
42915412
145814983
203677452
283779240
60153794
222548235
54522948
361729102
253884816
232538304
198551106
189451867
11129217
337525182
252002051
268915676
386238123
306991980
228934875
183022893
84728620
395118266
74447252
128582808
356215552
238016166
289872523
318498689
188737096
248125287
245784977
262156526
175862235
389349030
331394297
128708204
199958845
233828091
149654780
358848617
170680027
167494787
169038276
145385672
293408656
313274876
292713429
86636504
145078549
358115339
126306369
333251007
302858473
311736853
84074541
190678945
99720380
297993837
254307309
289001465
305967290
283694000
274743252
105978999
274389051
252031927
188024651
258222580
97903908
399365096
1242071
303147151
118663465
370364855
166528875
226379027
183491670
372255867
335279092
266224238
397501692
389038178
232709550
318393094
69443330
439815
318956135
94707406
230555103
19896436
280326109
349084031
85528146
131268658
30144589
302221053
360122249
360895159
118107354
335402297
330616911
61197343
161781733
97949714
48250735
137851451
349570965
106688527
314691438
343929228
196743078
177295356
361207020
194130016
378956341
53224555
101129602
106632769
356506365
395050303
371584025
309156728
39696230
58888439
134329058
95441045
330178061
347801411
321237395
277690373
85209483
71620137
228300662
353567594
203633051
229138118
122417184
136994544
328180290
4846154
197508027
297066778
201884236
134567084
274254648
74162440
85951486
206813495
242868231
353437290
83224228
123977208
194576778
107744986
190735429
240989766
176902252
55120838
182372295
164862997
53022233
132810446
204182687
266420421
80275178
167989689
122409797
395849483
233857685
390879712
389455765
316587535
91911544
291243193
281283418
126859437
388302171
123438220
30653385
265429335
112489239
63454950
165817853
2392496
398670408
16437037
67885062
137035177
133967304
377937407
27477258
220834683
266972322
119988120
58254993
92270877
131707995
385564072
395425834
84124379
362788033
315088748
372598027
247511792
135136960
278261346
398374909
359419038
300924004
357704160
210723667
190962238
87720658
81511687
83536074
168161293
233155086
182698801
242947635
71656546
45297907
169341304
364160815
185196650
63762052
99781189
73531106
223582229
23548267
385465187
342593318
44947012
332609499
88657078
45636707
142396464
262661599
318309295
136442493
16177778
399120090
239058007
232630051
140517164
338106238
109457481
23850403
38344412
310823449
216007842
42459960
126366294
196771894
36146280
297205798
237486887
129989547
191652748
285421526
169850161
363103257
175585729
384997963
56191012
162561296
314102584
200740961
80294857
175026533
143716896
302968085
93047717
387270376
103741550
85679796
88115662
242827792
388307333
10894400
347228841
339919862
334105701
339957173
315509976
346544704
184653160
185139431
167795810
97835561
89213252
164793384
81387202
77737053
394287421
300115602
270132020
395324962
352146633
190718398
160356565
77748197
99937711
120156152
176991343
151802014
260734148
170415318
355574127
111220921
57372468
301795781
206614756
73029858
61436183
111459600
363175868
261075788
56289634
94750156
174387814
350060030
180324737
20384580
391291831
171795401
345417168
267868881
338525889
385290196
155375273
137566819
203500994
158432715
103502528
246884009
180855904
273221699
128581073
76621038
45523473
201882143
272816038
356404183
92332677
242487372
389369237
354005060
129035439
316405518
162296881
287654075
57655624
339904805
361686012
143029460
181558359
205455563
59237245
298515915
117606774
332702545
90099789
9389343
299669779
394051389
57269043
318464669
251939395
98233823
187880750
115513449
114298968
69278271
362136313
331213741
110970666
46716708
133852739
74279452
206611552
191873461
79814521
388769429
186072700
127537503
62711558
85439053
365840375
197353015
143399790
253373676
324997120
207229686
3332501
308027649
389785795
242179321
112372553
201502537
289495153
168623643
280283842
355231511
248648448
236736814
379218295
30436557
989940
4257732
62389919
340003281
341653631
279891264
288131886
212641562
171728973
347805632
296213714
232732515
119598194
247525919
345588691
287667924
365343401
315345427
309502598
293342130
71395904
355162908
221523025
393476891
220208985
176478872
262110974
44395884
26431840
218490726
186089629
282453455
259523397
342068252
233255957
182120048
131182389
385817041
40856334
274121135
223537817
341254861
26173379
196634680
31580223
22989686
385526159
217229711
100556341
73718300
265529876
285458743
341827696
264746659
387987431
177763793
50361043
115354807
272208791
223443236
189460611
343830970
262249648
293987528
157924603
338909336
54006277
189583423
96692080
225331634
327680470
369294548
327627803
135452460
347947351
31205816
99197996
346693604
168672140
127075111
143517927
28492511
292445164
175946387
267092083
240589005
283985431
376054964
234000492
215834323
69223864
182074302
108650837
188709608
284044901
1706382
370981163
378772830
30297741
367401304
390445976
345220596
171063112
309803483
351086974
257675668
379499717
70490457
180221320
18204891
224895970
361588202
138766451
305197617
18494465
3756516
206791801
186814910
278257373
200125477
305016260
325326437
281151629
256548346
262394320
126203260
78836042
107223450
72953486
346459820
356802200
40228431
188811974
82141440
78606823
232888303
252494716
337693403
185686629
174690032
136511826
352956209
103151156
356860471
306991117
386958707
90013035
45299354
319856765
40982926
353890267
146646980
7537161
112249286
115225081
148911226
296531831
322123080
227354886
299415006
355170436
300843168
223294515
391200119
48366863
191069753
217260103
103869999
28673722
166032012
249932364
393249428
73515972
147941933
377192922
54919634
5147131
41030708
320138564
239283869
190096827
88856299
241567930
320348559
272914299
107344552
169140169
375065114
358792514
364720553
264115595
142104309
296477167
300123260
368713333
15494377
276184848
158911200
133591526
64840277
82818081
264439311
370437718
259080584
168825284
8945911
164140214
187939891
275033196
71484993
392274518
208919448
180160680
294178550
339228953
373095120
274260114
225230998
242995176
101012125
42209339
3127315
392869523
205642029
317544411
34663886
155014642
396389820
375300449
368497070
87408793
370387297
205112543
77678033
77260187
258137973
371679023
58852573
118606502
345288552
333420667
336332436
385105903
398114265
279492079
65943525
366530870
351159981
238598601
317718127
79265874
220244640
103170817
322442954
163396668
334961473
180516548
377149912
370855683
269990133
319161510
16633960
151483538
268295136
145961000
103833635
246671400
328424606
291590094
234550902
376294019
110307038
143507079
297192286
332692243
253775246
272468866
112965156
280194915
360980205
340670220
273359778
208024503
24972469
165887965
279781927
135172097
296212943
235540812
93622258
359811689
137157834
44106755
165756584
122789534
330981215
10946563
286078802
228264703
374994170
187605043
18337910
97174361
28183578
391776500
345562563
184798052
156250987
330197680
309463316
72763631
78779590
346764183
110077935
148869307
267420166
188208108
267090277
10335594
339610313
43900943
262098349
293216404
48340843
244057314
46119032
289358256
194389553
381079075
233693373
43028343
192083220
398403836
227184599
81072920
45872014
344696065
35498506
217683912
282090447
352667236
232927594
41470004
220447127
211506215
146838004
254932164
89410249
149668112
140767317
215016524
199633844
165037430
322712662
202860370
30398176
97320954
60232232
378516765
98744060
279696915
352378874
172764164
369482291
227440133
337002292
153249578
294147652
335231975
57850294
322925300
377177363
