65 140
82 40
59 0
88 73
44 120
48 95
142 79
129 86
117 88
63 129
66 33
101 47
53 28
8 130
37 17
129 136
141 103
96 27
81 6
89 44
11 26
118 39
87 81
66 119
93 111
110 144
67 29
2 15
64 78
26 29
12 119
9 90
39 95
27 96
82 0
142 28
140 0
122 73
118 58
125 93
11 80
106 129
131 113
11 105
56 21
75 51
3 20
52 130
140 28
129 82
50 39
83 100
95 144
19 7
66 78
78 20
31 99
32 88
96 31
48 48
60 117
72 134
23 129
61 5
134 11
9 61
39 47
139 108
27 137
135 53
11 63
60 15
65 91
29 122
15 92
34 113
11 100
34 5
43 8
37 26
72 141
13 37
118 73
95 89
97 16
100 18
61 25
73 129
97 135
4 65
139 80
48 35
38 75
70 65
6 23
76 114
15 31
9 124
48 56
143 84
97 51
115 63
60 107
112 90
17 1
22 92
23 98
29 28
134 133
60 40
33 94
49 83
58 91
55 32
0 17
37 31
0 43
130 19
3 141
26 123
29 114
66 50
4 29
21 142
110 3
143 108
132 8
21 68
89 54
114 116
27 88
106 59
134 74
119 82
123 104
96 84
109 29
101 87
10 92
89 49
23 78
128 50
127 65
28 112
78 116
83 112
45 25
43 44
0 117
132 92
121 100
42 32
28 37
53 102
49 66
17 99
28 138
44 24
6 56
31 65
139 2
71 86
40 124
80 99
81 12
13 96
38 106
14 87
132 108
133 0
28 142
123 22
100 5
30 128
36 84
9 63
51 134
44 82
94 128
63 30
2 81
133 88
26 109
14 44
118 130
87 111
8 71
59 76
95 75
76 86
51 71
85 101
101 116
67 99
127 42
89 132
6 98
25 27
67 83
37 0
30 76
6 126
78 103
12 53
66 95
130 95
112 13
29 105
51 98
16 10
120 129
129 140
74 2
44 17
57 85
37 66
3 134
117 86
104 110
128 29
100 0
4 0
131 137
121 66
8 84
110 82
3 122
61 142
81 50
35 109
2 29
107 45
60 70
9 29
37 101
24 39
62 122
58 55
129 51
13 25
54 106
36 27
132 38
26 102
88 61
35 55
143 40
47 138
113 108
122 78
111 55
71 20
126 70
109 53
119 107
136 108
79 61
39 117
25 57
40 74
107 7
119 124
123 43
65 93
21 96
44 86
142 71
137 81
31 130
68 102
62 106
59 31
117 97
75 42
1 69
53 14
115 66
126 10
84 79
109 68
49 123
20 80
131 6
127 11
29 24
74 122
33 19
45 137
87 134
129 60
27 7
73 46
119 111
9 103
5 106
103 39
30 22
59 9
106 24
38 63
138 123
4 14
117 144
23 89
84 93
106 94
16 50
8 52
49 115
137 98
113 135
115 24
54 123
67 56
111 50
16 16
5 40
130 66
64 23
7 28
141 61
127 129
127 44
20 101
84 8
39 39
78 140
131 73
18 108
35 53
36 115
128 13
114 74
102 95
11 131
108 125
11 82
99 50
89 34
136 114
102 68
111 110
115 33
15 24
13 73
82 108
75 27
9 139
63 8
104 100
137 43
87 24
114 49
43 93
18 9
26 14
69 120
9 0
89 129
39 48
76 80
106 122
10 79
86 28
93 99
96 8
4 84
45 123
12 19
20 50
131 143
79 114
144 86
41 79
138 88
98 9
132 77
35 43
22 50
8 12
58 127
109 42
61 58
71 129
95 49
91 97
1 23
78 74
23 94
123 13
34 80
25 19
0 112
41 112
1 11
135 34
39 64
106 33
42 71
91 108
34 50
2 83
24 35
108 67
101 33
120 114
61 80
35 125
87 141
103 105
54 57
75 88
118 48
103 51
119 60
111 40
64 9
127 115
55 95
115 26
46 51
15 12
85 140
37 22
21 87
96 40
38 130
92 138
98 78
73 41
11 13
70 76
47 103
141 69
111 86
134 70
135 65
106 39
57 140
13 121
124 74
124 53
48 3
87 96
125 140
82 72
7 26
116 48
8 34
112 21
41 11
99 104
67 75
96 6
48 58
91 133
79 53
11 57
56 61
18 115
73 6
77 9
109 114
131 102
95 105
143 50
3 11
127 118
91 93
115 96
139 58
62 120
52 9
28 73
62 137
85 74
64 87
109 14
84 12
69 5
38 86
42 40
56 72
123 47
57 6
128 37
10 102
92 91
22 2
60 132
9 109
135 59
50 111
11 125
11 0
36 122
23 58
52 89
8 92
78 32
77 61
113 97
89 67
9 50
64 16
88 143
128 24
88 47
60 55
57 62
86 0
126 1
81 44
143 140
81 53
30 33
25 119
35 89
109 133
142 130
42 67
53 1
54 30
6 19
119 16
8 115
96 113
123 33
32 69
52 107
122 88
110 70
0 100
37 42
35 134
27 3
93 23
84 67
101 139
95 15
20 129
137 66
132 84
137 15
117 33
9 99
10 4
85 21
17 54
32 12
105 29
38 119
20 25
97 97
27 9
82 123
23 40
27 81
14 137
11 110
65 41
17 141
90 137
73 26
109 119
64 28
56 30
44 50
55 117
54 135
69 82
126 47
63 12
137 48
135 93
14 74
30 74
22 13
111 98
97 102
140 9
92 143
81 83
71 96
105 65
104 18
67 139
120 102
18 57
117 51
45 5
130 21
105 116
116 74
92 59
103 144
15 78
100 12
33 82
140 17
97 1
119 50
36 24
66 129
116 128
7 77
125 55
118 43
43 118
99 60
28 125
58 45
27 133
109 19
56 87
38 94
78 94
78 24
117 102
92 29
77 112
68 37
107 123
126 95
16 127
117 94
67 35
121 10
78 46
18 26
115 4
98 65
51 103
133 98
104 47
144 78
140 118
115 105
75 66
91 104
124 85
101 64
61 83
92 27
3 143
134 123
30 89
137 126
86 37
73 0
47 118
71 8
121 133
71 52
76 13
62 21
114 142
70 134
68 45
131 121
21 57
115 107
92 62
16 135
82 84
125 19
101 102
59 90
113 50
8 126
62 110
7 21
43 80
107 9
124 8
96 122
31 24
13 17
98 122
72 61
17 65
88 86
25 104
28 57
102 31
70 122
15 114
136 143
125 118
29 1
42 54
24 64
4 63
124 39
98 137
112 139
9 41
83 88
113 26
79 30
63 133
125 91
12 143
14 61
8 32
86 116
98 93
134 42
141 127
15 118
70 104
84 61
100 22
37 97
93 139
39 34
117 15
138 32
17 19
49 62
139 38
38 140
8 36
27 79
94 63
58 36
80 39
15 96
78 67
29 60
128 31
44 130
18 101
13 131
103 56
118 77
143 132
86 104
125 13
41 26
86 92
89 81
8 119
132 20
101 60
86 114
108 48
70 92
67 5
115 35
143 64
41 19
74 141
60 33
142 24
25 84
69 19
68 80
83 26
115 126
112 88
19 20
108 106
54 80
72 125
16 42
74 91
115 89
96 20
33 46
135 51
68 71
108 55
88 115
48 140
28 93
122 69
21 31
58 74
52 21
142 94
47 11
50 79
101 126
95 117
41 9
135 110
45 63
74 11
4 68
59 142
105 80
36 129
113 55
22 126
14 110
43 29
56 16
126 4
44 31
6 42
7 133
125 65
73 19
11 16
117 71
84 57
63 65
70 9
134 36
4 50
75 4
18 62
133 128
23 110
134 38
87 129
71 94
40 93
5 87
37 70
142 90
15 33
20 27
136 46
109 77
141 83
50 138
0 12
9 21
128 54
57 138
54 108
96 127
128 127
7 45
52 34
101 81
12 136
69 72
62 108
55 100
102 19
78 50
60 105
34 102
94 41
72 110
53 112
21 64
45 36
65 24
9 70
98 73
91 9
121 54
114 45
138 71
104 132
27 44
89 11
41 81
84 19
137 75
38 108
126 30
141 117
30 91
12 87
0 36
69 97
121 136
138 18
44 74
83 135
117 1
119 105
130 106
2 3
139 36
63 90
77 30
56 84
39 61
113 40
67 39
2 64
30 66
67 25
67 113
13 68
118 69
66 54
3 95
110 135
14 82
78 127
31 11
112 126
125 27
73 116
1 53
25 65
119 14
47 71
105 38
90 37
88 16
143 45
9 141
35 12
91 12
107 79
100 14
2 101
63 56
71 73
131 44
0 110
78 59
58 40
90 32
101 24
124 21
98 39
90 127
90 125
58 125
5 104
58 95
110 47
122 53
7 57
22 76
63 114
116 78
18 15
8 79
62 54
113 114
104 73
19 141
130 114
2 5
54 67
87 84
115 18
21 140
105 19
24 17
63 92
35 132
73 82
131 30
44 128
31 105
141 41
17 133
143 93
117 136
60 74
17 82
94 53
101 121
133 113
69 59
103 25
68 14
20 135
18 88
119 91
14 135
121 17
133 2
114 28
84 31
103 134
51 12
101 4
126 131
45 60
81 1
127 137
110 21
111 66
92 129
84 36
138 10
60 94
137 51
139 132
22 81
41 139
66 87
47 122
117 64
73 124
32 107
104 52
64 72
53 117
92 127
57 2
134 20
75 40
43 133
61 71
48 127
139 40
90 103
134 85
85 112
117 132
58 134
25 12
92 86
74 14
44 143
7 116
50 73
36 120
67 142
130 109
98 95
37 88
29 18
53 3
102 124
90 58
143 115
80 67
136 139
87 100
81 136
123 79
13 1
47 43
101 91
143 6
135 26
76 142
77 101
70 30
49 85
36 113
137 104
141 7
72 143
127 125
110 1
54 88
111 77
126 144
68 49
7 97
18 73
36 105
89 39
74 25
45 66
43 99
115 11
110 104
41 56
110 62
61 49
109 31
116 116
29 52
105 134
57 100
48 89
37 14
124 102
23 91
144 19
51 0
87 119
67 3
78 36
93 4
42 89
15 141
111 42
53 45
42 36
92 116
1 123
19 118
41 30
13 34
130 97
46 74
130 77
80 119
67 60
138 22
124 96
94 59
78 78
130 84
3 87
136 118
111 108
109 10
69 87
140 33
6 71
119 120
74 80
121 115
34 72
82 61
119 85
89 65
3 57
44 9
99 45
51 100
142 1
56 120
27 41
11 38
76 96
128 106
104 98
23 131
63 42
129 69
88 3
101 41
118 46
135 132
84 14
46 14
2 114
99 54
110 137
79 120
21 122
23 9
68 112
3 116
46 88
120 29
31 81
27 59
141 98
61 64
61 101
48 105
56 13
130 57
84 110
90 86
59 44
111 96
11 115
71 90
10 48
101 141
97 107
38 143
121 2
44 89
140 140
59 103
115 100
92 70
89 25
119 18
86 40
73 57
137 135
0 140
44 109
141 46
136 61
43 135
91 68
123 41
89 19
14 129
134 54
25 45
90 2
0 125
56 58
144 134
33 62
6 124
103 115
70 32
104 84
48 125
136 90
141 52
138 34
39 51
3 93
123 140
117 92
120 143
38 127
99 117
109 92
70 11
35 38
22 124
37 61
52 75
54 37
27 118
39 27
18 34
105 63
0 51
110 142
31 36
1 105
86 34
22 116
4 113
143 135
73 97
53 23
53 53
114 112
24 115
36 138
61 27
36 140
68 0
119 93
27 144
19 38
2 51
27 69
59 58
19 98
11 95
74 85
121 56
34 98
42 128
133 59
17 21
32 143
49 6
14 5
137 36
46 106
38 7
66 103
77 66
32 22
46 28
72 138
59 131
29 134
65 21
40 59
50 4
61 51
80 132
86 50
98 27
29 50
75 72
126 97
67 89
17 27
65 43
96 66
52 91
80 10
30 57
43 22
125 32
120 135
143 62
97 141
131 86
113 140
130 123
75 18
82 24
85 4
42 126
125 112
95 51
47 124
113 78
56 123
4 80
21 144
64 37
59 19
129 4
31 28
34 51
114 3
78 142
21 109
82 31
78 130
104 16
85 52
124 64
83 59
52 140
94 33
29 65
121 26
115 58
14 127
131 81
102 43
52 138
43 78
68 16
142 73
143 60
80 93
31 31
18 17
73 71
90 7
83 44
6 4
64 6
73 59
99 134
47 40
132 90
54 43
106 139
141 136
60 42
24 108
11 50
112 59
46 90
32 38
71 136
4 6
62 98
58 117
14 103
79 8
30 107
21 19
96 73
27 11
135 97
80 109
73 102
142 75
22 4
0 34
93 97
140 71
25 71
86 132
82 38
21 120
90 24
42 111
58 43
88 126
40 104
97 128
73 95
3 75
46 58
73 54
30 118
3 61
66 105
126 75
125 107
96 70
100 98
53 132
112 122
110 27
11 41
112 120
137 5
40 63
137 100
18 46
59 113
79 101
23 74
0 88
41 13
34 139
31 18
96 47
79 122
133 26
113 86
95 17
1 27
42 86
52 66
20 103
91 114
139 127
139 13
102 27
116 43
59 88
125 2
49 70
63 48
120 83
122 29
111 118
17 106
37 82
140 93
1 126
105 90
98 82
19 71
105 130
124 51
48 112
32 119
49 60
141 120
133 137
121 127
71 26
65 70
35 32
60 53
85 128
93 89
90 53
76 135
133 34
116 122
112 3
72 41
57 25
100 94
143 118
70 138
136 9
3 9
49 20
130 142
38 137
54 52
32 5
94 132
54 0
54 115
132 116
141 85
87 121
127 100
89 13
106 70
107 75
54 110
96 79
19 123
79 57
101 114
44 111
124 125
105 58
10 132
117 19
133 118
112 48
62 79
134 105
108 89
77 121
137 113
74 118
30 14
80 91
71 37
104 78
98 56
140 100
107 121
119 0
2 103
127 140
95 4
91 33
56 107
88 107
44 58
132 94
111 8
141 107
76 116
80 106
69 67
135 29
51 29
130 7
124 138
137 102
2 44
49 46
122 134
63 40
28 110
104 68
76 78
32 14
84 17
100 20
93 105
53 32
100 68
26 43
110 6
132 96
4 42
29 102
35 76
94 113
47 109
115 7
53 81
76 130
130 55
61 119
82 82
12 97
61 17
7 61
88 83
110 130
25 7
137 26
84 81
53 95
13 46
139 15
133 79
70 106
95 23
94 28
137 133
72 10
82 125
119 140
9 134
49 87
102 35
86 143
16 80
8 56
103 140
142 144
18 77
50 124
37 3
62 127
62 81
126 39
23 52
107 53
74 110
72 18
49 103
17 40
24 102
86 80
106 8
128 58
63 67
115 131
16 37
135 67
48 51
15 2
25 0
46 38
74 138
119 100
108 136
138 7
62 37
40 83
103 41
61 13
93 39
13 23
5 141
7 120
105 11
52 30
71 39
138 90
56 70
29 41
134 77
87 38
22 22
96 120
124 72
15 125
136 84
40 107
13 139
2 49
49 12
6 89
55 45
20 1
115 52
139 21
35 93
107 73
92 64
112 129
143 82
114 13
92 45
51 65
101 89
120 24
72 88
129 130
75 134
30 44
143 56
23 104
50 41
93 75
71 75
69 33
94 43
129 35
31 3
31 16
51 69
18 119
0 82
117 38
116 76
67 67
46 62
89 121
89 9
94 47
70 126
79 129
76 139
44 95
131 1
88 63
92 11
75 31
69 136
51 32
112 100
94 77
104 142
132 16
10 86
17 92
6 6
41 122
130 39
26 83
0 80
43 60
90 91
43 10
85 97
90 63
38 99
49 117
94 123
55 112
66 44
71 0
21 7
111 30
102 109
12 111
23 83
36 29
139 49
142 142
44 15
68 28
75 106
81 138
58 15
121 112
30 112
76 11
42 24
50 131
26 32
51 50
52 94
20 45
120 8
65 82
99 102
64 135
42 65
20 70
80 14
137 73
100 109
141 132
24 133
109 103
21 94
87 75
93 93
72 84
75 6
62 100
3 52
62 143
6 47
127 133
134 119
64 118
19 36
39 69
95 119
96 35
136 22
52 7
53 39
98 84
124 17
80 32
129 118
41 77
70 13
66 14
34 68
94 82
54 47
60 22
123 121
49 77
67 111
32 40
7 137
5 7
7 103
39 139
72 2
52 18
61 3
11 24
19 113
26 116
27 49
32 29
92 52
96 10
112 63
128 26
132 138
4 108
93 109
32 135
90 143
67 62
18 86
32 56
19 40
101 49
52 38
117 120
60 78
144 57
95 140
7 14
36 136
1 96
73 38
64 120
1 142
97 33
27 51
9 116
141 67
57 8
106 47
122 11
84 90
31 52
139 113
3 59
67 20
4 120
80 73
107 18
26 126
9 27
6 113
123 112
101 130
80 17
99 24
61 9
78 92
6 131
105 92
11 7
36 102
140 137
127 27
79 105
110 132
57 68
6 69
41 5
83 86
71 45
25 3
25 89
73 74
53 85
108 101
56 43
75 20
74 49
106 96
5 31
18 70
126 85
43 113
65 39
97 104
66 127
48 14
33 124
112 27
108 111
52 123
70 49
81 37
47 33
112 57
69 53
61 104
48 38
122 63
46 143
23 141
104 94
51 78
122 8
75 100
53 134
125 103
25 95
97 71
108 46
69 57
37 20
3 136
26 16
126 8
7 122
114 88
122 117
35 91
120 122
106 124
55 28
59 79
49 75
123 55
106 37
120 126
84 70
127 135
117 7
55 23
122 31
37 10
3 31
33 64
34 75
22 102
77 129
103 7
13 41
14 70
65 125
124 77
34 95
46 18
24 60
86 106
40 32
2 99
100 35
34 144
54 119
7 16
113 35
41 42
24 93
15 20
91 135
81 48
14 108
39 131
68 133
77 4
138 129
57 10
1 32
113 11
17 63
131 65
80 97
132 10
111 72
2 57
62 34
117 5
64 18
21 71
121 35
70 101
9 73
122 102
117 106
55 62
54 83
134 28
5 118
7 8
133 142
3 35
143 120
107 82
25 91
14 112
116 130
143 67
121 39
112 137
49 99
129 80
131 59
0 136
121 59
111 14
40 53
47 24
84 45
106 72
110 38
112 70
33 127
48 135
122 65
45 43
62 60
119 142
17 79
62 112
12 5
49 50
95 85
27 65
41 117
49 130
133 52
88 51
46 134
20 43
32 54
21 28
25 10
103 117
89 105
4 27
37 50
42 103
67 109
122 24
30 94
