65 141
82 40
59 0
88 73
44 120
48 95
142 80
129 85
117 88
63 129
67 33
101 47
53 28
8 130
37 17
129 136
142 103
96 27
81 6
89 44
11 26
118 39
87 81
66 118
93 111
110 144
66 30
2 15
64 78
26 29
12 119
8 90
38 95
27 96
82 0
142 28
140 0
123 73
117 58
125 93
11 81
106 129
131 112
11 105
56 21
75 51
3 20
51 130
140 27
130 82
50 39
83 100
95 144
19 7
66 78
78 20
31 99
32 88
96 31
48 48
61 117
72 134
23 129
60 4
134 11
9 61
39 46
139 108
26 137
136 53
11 63
61 15
65 91
29 122
15 92
34 113
12 99
34 5
43 8
37 26
72 141
13 37
118 73
95 90
97 16
100 18
61 24
73 129
97 135
4 65
139 80
48 35
38 75
70 65
6 23
76 114
15 32
9 124
48 56
143 84
97 51
115 63
60 107
112 90
16 1
22 93
23 98
29 29
133 133
60 40
33 93
50 83
57 91
56 32
0 17
37 31
0 43
130 19
3 141
26 123
29 114
66 49
4 30
21 142
110 3
143 109
132 8
21 68
89 54
114 116
27 88
106 59
134 74
118 82
123 104
96 84
109 29
101 87
9 92
89 49
23 78
127 50
127 65
27 112
78 116
83 112
46 25
43 43
144 117
132 92
121 100
42 32
27 37
53 102
49 66
17 99
28 138
44 24
6 56
31 65
139 2
70 86
40 124
80 100
81 12
13 95
38 106
14 87
132 108
133 0
28 142
123 23
100 5
30 128
37 84
9 63
50 134
44 82
94 128
63 30
2 81
133 88
26 109
14 44
118 130
86 111
9 71
59 76
96 75
76 86
50 71
85 101
101 116
66 100
128 41
89 132
5 98
25 27
67 83
37 0
31 75
6 126
78 103
12 53
66 95
130 95
112 13
29 105
51 98
15 10
120 129
129 140
74 2
44 17
57 86
37 66
4 134
117 86
104 110
128 29
100 144
5 0
131 137
121 67
8 84
109 82
3 122
61 142
81 50
35 109
2 29
107 45
60 69
9 29
37 100
24 39
62 122
58 55
129 51
13 25
54 106
35 27
132 37
26 102
88 61
35 56
143 40
47 138
113 108
122 78
111 55
72 20
126 69
109 53
119 107
135 108
79 61
39 117
25 57
40 74
107 7
119 124
123 43
65 93
21 97
44 86
143 71
137 80
31 130
68 102
62 106
60 30
117 97
76 42
1 70
52 14
115 66
126 9
84 79
109 68
49 123
20 80
131 6
127 11
29 24
74 122
33 18
45 138
87 135
129 60
27 7
73 46
119 110
9 103
4 106
103 39
30 22
59 9
107 24
38 63
138 124
4 14
116 144
23 89
83 92
106 94
16 49
8 51
49 115
138 98
113 135
116 24
54 124
67 56
111 50
16 15
5 41
130 66
63 23
8 28
141 61
127 129
127 43
20 101
84 8
39 39
78 140
131 73
18 108
35 54
36 115
128 13
114 75
102 95
12 131
108 125
10 82
99 50
89 34
136 115
102 68
111 110
114 33
15 24
13 72
82 108
75 27
9 138
63 8
104 100
137 43
87 24
114 49
43 93
17 9
26 14
69 120
9 144
88 128
39 49
76 80
106 122
10 79
86 28
93 100
96 8
4 84
46 123
12 19
20 50
131 143
79 114
144 86
42 80
138 88
97 9
132 77
36 43
22 50
8 12
58 127
109 42
61 58
71 130
94 49
91 97
1 24
78 74
23 95
124 13
33 80
25 19
144 112
40 112
1 10
135 35
39 65
106 33
42 71
91 109
34 49
2 83
24 35
107 67
101 33
120 114
61 80
34 125
87 141
103 105
54 57
75 88
118 48
103 50
119 59
111 40
64 9
127 115
56 95
115 26
46 52
15 12
85 140
37 22
21 87
95 40
38 130
92 138
98 78
74 41
10 12
71 77
47 103
142 69
111 86
134 70
135 65
107 39
56 140
13 121
124 75
124 53
48 2
87 97
125 140
82 72
7 26
116 48
8 34
112 21
41 11
100 104
67 75
95 6
48 58
91 133
79 53
11 57
56 61
18 115
73 7
77 9
109 114
132 102
96 105
143 50
3 11
127 118
91 93
115 96
138 58
62 120
52 9
28 73
62 137
85 74
64 87
109 14
84 11
70 5
37 86
41 40
55 72
124 47
57 6
127 37
10 102
92 91
22 3
60 132
9 109
135 59
50 110
10 125
11 0
36 122
23 58
52 89
7 93
78 32
77 61
113 96
90 67
9 50
64 16
88 143
127 24
88 47
60 55
56 63
86 0
126 2
81 44
143 141
81 53
30 33
25 119
35 89
109 134
143 131
41 67
52 1
54 30
6 19
119 16
7 115
97 113
123 33
32 69
52 107
121 88
110 70
0 101
37 41
35 134
27 3
93 23
84 68
101 139
94 15
20 129
136 66
132 84
137 14
116 33
8 99
10 4
85 21
17 55
32 12
105 29
38 119
20 24
97 97
27 9
82 123
23 41
27 81
14 137
11 110
65 41
17 141
90 137
73 26
109 119
64 28
56 30
44 50
55 117
54 135
69 81
126 47
63 12
138 47
135 94
14 74
30 73
22 13
111 98
97 102
140 9
92 143
80 83
71 96
105 65
103 18
67 139
119 102
18 57
117 51
45 5
130 21
105 116
116 74
92 59
103 144
15 78
100 12
33 82
139 17
96 1
119 50
37 24
66 129
115 128
7 77
125 55
118 43
42 118
98 60
28 125
57 44
27 133
109 18
56 87
37 93
78 94
77 24
117 102
92 29
77 112
68 37
108 123
126 95
16 126
117 94
67 35
121 10
78 45
18 25
115 4
98 65
51 103
133 97
104 47
143 78
140 118
115 106
74 66
92 104
124 85
101 64
62 83
93 27
4 143
134 123
30 89
137 126
86 37
73 0
47 118
72 8
121 132
71 52
76 13
62 21
114 142
70 134
68 45
131 121
21 57
115 108
92 62
16 136
82 84
125 19
101 102
59 90
113 50
8 126
62 110
7 21
44 80
107 9
124 8
96 123
31 24
14 17
98 122
72 60
18 65
88 86
25 104
28 57
102 31
69 122
16 113
136 142
125 117
29 2
42 55
24 64
3 63
124 39
98 137
112 139
9 41
83 88
113 26
79 30
63 134
125 91
12 144
14 61
9 32
86 116
98 94
134 42
141 127
15 118
70 104
84 61
100 22
38 97
93 139
38 33
118 15
138 32
17 19
49 62
138 39
38 140
8 36
27 79
94 63
58 36
80 39
15 96
78 67
29 60
128 31
44 129
18 101
14 131
103 56
118 77
143 133
85 104
126 13
41 26
85 92
89 81
8 119
132 20
100 59
86 114
108 48
70 91
67 5
115 35
144 64
41 19
75 141
60 32
142 24
24 84
70 19
68 79
83 26
115 126
112 87
19 20
108 106
54 79
71 125
17 43
73 91
115 89
95 19
33 45
135 51
68 71
109 55
88 115
48 140
29 93
122 68
21 32
58 74
52 21
142 94
47 11
50 79
101 126
95 117
41 9
136 109
44 63
74 11
4 68
59 142
105 79
36 129
113 55
22 126
14 110
43 29
57 16
126 3
43 31
5 43
8 132
125 65
74 19
12 16
117 71
84 57
63 65
70 10
134 36
4 50
75 4
18 62
134 127
23 110
134 38
86 129
71 94
39 93
5 88
37 70
142 90
15 34
20 26
136 46
109 77
141 83
50 138
0 12
9 21
128 54
57 138
54 108
96 127
128 127
7 45
53 34
101 81
12 136
69 72
62 108
55 100
102 19
78 50
60 105
33 102
94 41
71 110
53 112
21 65
46 36
65 23
9 69
98 73
91 9
121 54
114 44
139 71
104 132
27 44
89 11
41 82
84 19
137 75
38 108
126 30
141 117
30 91
12 87
0 36
70 98
122 136
139 19
44 74
83 134
117 1
119 105
130 107
3 3
139 36
63 90
77 30
56 84
39 61
113 40
67 39
2 64
30 66
67 25
66 113
13 68
118 69
66 54
3 95
111 135
14 82
78 127
31 10
112 125
125 27
73 116
1 53
25 65
119 14
47 71
105 38
90 38
88 16
143 44
9 140
35 11
91 12
107 79
100 14
2 101
63 55
71 72
130 44
0 110
78 59
58 39
89 32
101 24
124 21
97 39
90 127
90 125
58 125
5 104
59 96
110 47
122 53
7 58
22 76
63 114
116 78
18 15
8 79
62 54
113 114
104 73
19 141
130 114
2 5
54 66
87 84
116 18
21 139
105 19
24 17
63 92
35 132
74 83
132 29
44 127
31 105
141 42
16 134
143 92
117 136
60 75
16 82
94 53
101 121
133 113
69 58
103 25
68 14
20 135
18 88
119 91
14 135
121 17
133 2
114 28
84 31
103 133
51 12
102 4
126 131
45 60
80 1
127 137
110 21
110 67
93 130
84 36
138 10
60 94
137 51
139 132
22 81
41 138
66 87
47 122
117 64
73 124
32 107
104 52
64 72
53 118
92 128
56 3
134 21
75 40
43 133
60 71
49 127
139 40
90 102
134 84
85 112
117 131
58 134
25 12
92 86
74 14
44 143
7 117
50 73
36 120
67 142
130 109
99 96
37 88
29 18
53 3
101 124
90 58
143 115
80 67
135 139
87 100
81 135
123 79
13 1
47 43
101 91
143 6
135 26
76 143
77 101
70 30
49 85
36 113
137 104
141 7
72 143
127 125
109 1
54 89
111 77
126 0
68 49
7 97
18 73
36 105
89 39
74 25
45 66
43 99
116 11
111 104
40 56
109 63
60 50
109 31
116 116
29 52
105 134
58 100
48 88
37 15
124 102
23 91
144 19
50 0
87 119
66 3
78 36
93 4
42 89
15 140
111 42
53 45
42 36
92 116
1 123
19 118
41 30
13 34
130 97
45 74
130 77
80 118
68 60
138 22
124 96
94 58
78 79
130 84
3 87
136 118
111 108
108 11
68 87
140 32
6 71
120 120
74 81
121 116
34 73
82 61
118 84
89 65
3 56
44 9
98 46
51 100
142 2
56 120
26 41
11 38
77 96
128 107
104 98
23 131
63 42
130 69
88 3
101 41
119 46
135 132
83 13
46 15
2 114
99 54
110 137
79 120
21 121
23 10
68 113
3 116
46 88
120 30
31 81
27 59
140 98
61 64
61 101
48 105
56 13
130 57
84 111
90 86
59 44
111 96
12 115
71 89
10 48
101 141
96 107
38 142
121 2
44 89
140 140
60 103
115 100
92 70
89 25
120 18
87 40
73 56
137 135
1 140
43 109
141 46
136 61
43 135
91 68
124 41
89 19
14 129
134 54
25 45
90 2
144 125
56 59
0 134
33 62
6 124
103 115
70 32
104 84
49 125
136 90
141 52
138 34
39 51
3 93
122 140
117 92
120 143
38 127
99 117
109 92
70 12
34 38
21 123
37 61
53 75
54 37
26 118
38 27
18 34
106 63
0 51
110 142
31 36
1 105
86 34
21 116
4 114
143 135
72 98
53 23
53 53
114 112
23 116
36 138
61 26
36 140
68 0
119 93
26 144
18 38
2 51
27 69
59 58
19 97
11 96
74 85
121 56
35 99
42 128
133 60
17 21
32 143
49 6
14 5
137 36
45 106
38 7
67 103
76 67
32 22
46 28
72 138
59 131
29 135
65 21
40 59
50 3
61 52
80 132
85 50
98 27
29 50
75 73
126 98
67 89
16 27
65 43
96 66
52 91
80 11
30 57
43 22
125 32
120 134
143 62
97 141
131 86
114 140
129 122
76 18
82 24
85 3
42 126
125 112
95 51
47 124
113 78
56 123
4 80
21 144
64 38
59 18
129 4
31 28
34 51
114 3
78 142
21 109
82 31
78 130
104 16
84 52
124 64
83 59
52 140
95 33
29 64
121 26
115 59
14 127
131 81
102 42
52 138
43 78
68 16
141 73
143 60
80 93
31 32
17 17
73 72
90 7
83 44
6 4
64 6
73 58
99 134
47 40
132 90
54 43
106 139
141 136
60 42
24 109
11 49
112 59
46 90
32 38
71 136
4 5
62 97
59 118
14 103
79 9
30 107
21 20
96 73
27 11
135 98
80 109
74 102
141 75
22 5
0 34
93 97
141 71
25 71
86 133
82 38
21 119
91 24
42 111
58 42
88 126
40 104
97 128
73 96
3 74
46 58
72 54
30 118
3 61
66 105
126 74
125 107
96 69
100 98
53 132
112 122
110 27
11 42
112 120
137 5
40 63
136 100
19 46
59 113
79 102
23 74
0 88
41 13
34 139
31 18
96 47
80 122
133 25
113 86
95 17
0 28
42 87
52 66
20 103
91 114
139 127
140 13
103 27
116 43
59 88
124 2
49 70
62 48
120 83
122 29
111 119
17 107
38 82
139 93
1 126
106 90
98 82
19 71
105 130
124 51
48 111
32 119
49 60
141 120
133 137
121 127
71 26
65 70
35 31
60 53
85 128
93 89
91 54
76 135
133 34
116 123
112 3
72 41
57 24
100 94
142 118
70 138
135 9
3 9
50 20
130 142
38 137
54 51
32 5
94 132
54 144
54 116
132 115
141 85
86 121
127 100
89 13
106 70
108 75
54 110
96 79
19 122
79 57
101 114
44 111
124 125
105 57
10 132
118 19
133 117
112 48
62 79
134 105
108 89
78 121
137 113
74 118
30 14
80 91
71 37
104 78
98 56
140 101
107 121
119 1
2 103
127 140
95 4
91 33
56 107
88 107
44 58
131 94
111 8
141 107
76 115
80 107
69 67
135 29
51 28
130 8
125 138
137 102
2 44
49 46
122 134
63 40
28 110
104 68
76 78
32 14
84 17
100 20
94 105
53 32
100 68
25 43
109 6
132 96
3 42
29 102
35 76
95 113
48 109
115 6
53 81
76 130
130 55
60 119
82 82
12 97
61 17
7 61
88 83
110 130
25 6
137 26
84 81
54 95
13 46
139 15
133 79
70 106
95 23
94 28
137 133
72 10
83 125
119 140
9 134
49 87
102 35
86 143
16 80
8 56
103 140
142 144
18 77
51 125
37 4
62 127
63 81
126 39
23 52
107 54
73 110
72 18
49 103
16 41
24 102
85 80
105 8
128 58
63 67
115 131
16 38
135 67
48 51
14 2
25 1
46 38
74 138
119 100
109 136
138 6
62 37
40 83
103 41
62 13
93 40
13 23
5 141
7 120
105 11
52 30
71 39
138 90
57 70
28 41
134 77
87 38
22 22
96 121
125 73
15 125
136 84
40 107
13 140
2 49
49 12
6 89
55 45
20 1
115 52
139 21
35 93
107 73
92 64
112 129
143 82
115 13
92 45
50 65
101 89
120 24
72 88
129 130
74 134
31 44
143 56
23 104
51 41
93 75
71 75
69 34
93 43
129 36
31 3
31 16
51 69
17 118
0 82
117 38
117 76
67 67
46 62
88 121
89 9
94 47
69 126
79 129
76 139
44 95
131 1
87 63
92 11
75 31
69 136
51 32
113 100
94 77
104 142
132 15
10 86
17 92
6 6
41 122
131 39
26 83
0 80
43 60
90 91
43 10
85 97
90 63
38 99
49 117
94 123
55 112
67 44
71 0
21 7
111 30
102 109
13 111
23 82
35 29
139 49
142 142
44 15
68 29
75 106
81 137
59 15
121 112
29 112
76 11
42 24
50 132
26 31
51 50
52 94
20 45
120 8
65 81
99 102
64 135
42 65
20 70
80 14
137 73
100 109
141 132
24 133
109 103
21 95
87 74
93 93
72 84
75 6
62 99
3 52
62 144
7 47
126 132
134 119
63 118
19 36
39 69
95 119
96 35
136 22
53 7
53 40
98 84
124 17
80 32
129 118
41 78
70 14
66 14
34 68
94 82
54 47
61 22
124 120
49 77
67 111
33 40
7 137
4 7
7 103
39 139
72 2
52 18
60 2
11 24
19 113
25 116
28 49
32 30
92 52
96 10
111 63
128 26
132 138
4 108
93 109
32 135
90 143
67 62
18 86
32 56
18 40
101 49
52 38
118 120
61 78
144 57
96 140
7 14
36 136
2 96
73 38
64 120
1 142
97 33
27 51
9 116
142 67
57 8
106 47
123 11
84 90
31 52
139 113
3 58
68 20
4 120
80 73
107 18
27 127
9 27
6 113
123 112
101 130
80 17
99 24
61 9
78 92
6 132
105 92
12 7
35 102
139 137
127 27
79 105
111 132
57 67
6 69
41 5
83 86
71 45
25 3
25 89
73 74
53 85
108 101
56 43
75 20
74 49
106 96
4 32
18 70
126 85
42 113
65 39
98 104
66 127
48 14
33 123
112 28
109 111
52 123
70 49
80 37
47 33
111 57
69 53
62 104
48 38
122 64
46 143
23 141
104 94
51 77
122 8
75 100
53 134
125 103
25 94
97 71
108 46
69 56
37 20
3 136
26 16
126 7
7 122
114 87
122 117
36 91
120 122
106 124
55 28
59 79
50 75
123 55
106 37
120 126
85 70
127 134
117 7
55 23
122 31
37 10
2 31
33 64
34 75
22 103
77 129
103 8
13 41
14 70
66 125
124 77
35 95
46 18
24 60
86 106
40 32
2 99
100 35
34 144
55 119
7 16
113 36
41 42
24 93
15 20
91 135
80 48
14 108
39 131
68 133
77 4
138 129
57 10
0 32
114 11
17 63
131 64
81 98
132 10
111 72
1 58
62 33
117 5
65 18
21 71
121 35
70 101
9 73
122 102
117 107
54 62
54 83
134 27
5 117
6 8
133 142
3 36
143 120
107 82
25 91
14 112
116 129
143 68
120 39
112 137
49 99
129 80
131 59
0 136
121 59
111 14
40 54
47 23
84 46
106 72
111 38
112 70
34 127
48 135
122 66
45 43
62 61
119 142
17 79
62 112
11 5
49 50
95 86
28 65
41 117
49 130
134 52
88 51
46 134
20 43
31 54
21 28
25 10
103 117
90 104
4 28
37 50
41 103
67 109
122 25
30 95
