63 142
83 39
59 0
88 73
45 118
46 96
142 80
130 85
118 88
63 128
66 33
101 48
53 28
8 131
37 15
129 136
141 103
96 28
80 6
89 45
11 25
119 38
86 83
66 118
92 111
110 0
65 31
2 15
64 78
26 29
13 118
8 90
37 95
26 96
81 0
143 27
141 0
123 73
118 57
125 94
11 80
107 129
131 113
11 103
57 22
76 50
3 20
52 130
142 26
130 83
49 39
84 100
95 0
20 7
66 78
77 20
32 99
31 89
96 31
48 47
62 118
72 134
24 130
60 4
134 11
10 61
40 47
139 108
26 139
136 53
10 62
61 15
65 90
28 124
16 92
34 113
11 99
32 6
43 8
36 26
73 141
13 38
118 73
95 90
97 17
100 18
62 24
74 129
98 136
5 65
140 81
48 34
38 73
68 64
7 23
75 114
14 32
8 124
47 56
144 84
97 50
115 63
60 107
113 89
17 1
22 93
21 98
30 30
135 133
61 40
32 94
50 83
56 90
55 31
0 17
37 31
144 44
130 19
2 141
26 121
29 113
66 49
4 29
21 141
110 4
142 109
132 8
21 68
87 53
114 115
26 88
106 57
132 74
118 83
124 104
96 84
109 28
101 86
10 91
89 49
24 78
127 50
127 66
27 112
78 116
82 113
43 26
43 44
0 118
133 92
121 102
41 33
28 36
53 104
49 65
17 101
27 137
43 24
6 56
32 66
139 2
70 87
40 124
80 100
81 13
13 95
39 106
13 86
133 108
132 144
26 143
123 22
99 5
30 128
35 83
8 62
50 133
42 81
93 127
63 31
2 80
132 89
26 111
15 44
119 131
86 111
8 72
59 76
96 75
74 87
49 71
85 101
101 116
67 101
128 43
90 133
6 99
25 27
66 80
38 0
29 76
5 127
78 103
13 51
64 93
130 95
112 13
28 104
49 99
16 9
119 129
128 140
75 2
44 17
58 86
37 66
2 134
118 86
104 111
128 29
101 1
5 143
131 137
121 65
8 82
109 82
4 123
60 0
81 50
36 108
2 28
107 45
59 70
9 29
37 101
24 40
61 121
59 55
129 51
13 25
53 107
35 27
132 36
27 102
90 62
34 55
143 42
47 139
113 109
122 77
111 53
72 20
126 71
109 52
118 107
136 107
79 63
39 117
24 57
39 72
109 7
119 123
123 42
65 92
20 96
45 86
143 71
138 80
31 130
68 103
62 106
59 31
116 96
75 41
0 70
53 13
114 65
125 11
85 79
108 69
49 124
22 81
131 6
127 11
30 24
74 124
32 17
46 137
88 134
129 60
26 8
72 45
119 111
9 104
5 106
103 39
30 22
59 9
106 23
36 62
137 123
3 14
116 1
22 89
84 92
106 94
18 50
8 52
49 116
137 97
113 135
115 26
55 124
67 56
111 51
16 15
5 42
129 66
64 23
8 27
142 61
127 130
127 45
21 102
82 7
39 40
78 139
131 72
19 108
33 53
35 115
128 13
114 75
102 95
11 131
109 125
10 82
99 51
90 35
135 115
102 68
112 110
113 32
15 24
14 72
83 106
74 27
9 137
63 8
104 100
136 42
87 23
113 48
43 94
18 8
24 15
69 119
11 143
88 128
39 48
76 79
106 123
9 80
85 29
92 99
95 8
3 84
46 124
12 18
20 50
130 143
78 114
0 85
42 79
137 88
97 8
132 77
36 42
22 51
7 13
56 126
110 41
62 58
71 129
93 48
90 97
2 26
79 73
23 94
124 12
33 80
27 18
143 111
40 112
1 10
136 35
38 64
107 34
41 72
92 109
33 51
2 82
23 34
108 67
101 32
121 114
61 80
34 124
88 141
103 106
56 57
74 89
118 48
103 49
118 59
111 40
63 10
128 114
54 95
115 28
46 51
17 11
86 141
39 22
21 88
96 40
39 130
92 139
97 77
73 42
9 14
70 76
48 103
142 69
110 85
133 71
133 64
105 39
58 141
12 121
124 74
124 54
49 3
87 98
124 139
83 71
8 25
116 48
8 35
112 21
42 11
99 104
66 76
96 6
48 58
91 135
79 53
13 55
56 61
17 115
72 7
76 9
108 114
132 102
95 106
143 49
3 11
127 118
90 93
115 97
140 60
62 120
54 9
29 72
63 135
86 73
65 87
108 14
83 11
69 6
36 85
41 41
57 71
124 47
55 7
128 37
9 102
91 91
22 2
61 132
10 109
134 60
50 112
9 125
11 0
35 122
23 59
53 89
9 92
78 32
78 61
113 97
90 66
9 50
64 15
88 143
127 26
89 47
61 55
55 63
87 0
127 1
81 45
143 142
81 52
29 34
25 120
35 89
109 134
142 131
42 67
52 0
54 30
7 20
119 16
6 116
95 111
123 32
33 69
52 108
122 86
110 71
0 101
38 41
36 134
28 2
93 23
84 68
101 139
96 16
22 129
135 64
132 83
138 13
115 32
8 99
9 4
84 20
17 54
32 13
106 30
37 119
19 24
98 96
26 10
81 124
23 42
28 82
15 138
11 110
65 41
17 141
91 137
72 26
109 120
64 29
56 29
45 49
55 117
54 134
68 81
125 45
63 12
136 47
135 92
15 74
30 74
21 12
110 97
96 104
138 8
90 144
82 83
71 96
104 65
102 17
64 140
120 103
17 56
117 50
47 5
130 21
105 116
116 73
92 57
105 144
16 78
101 14
34 82
139 17
95 2
119 49
37 24
65 128
116 128
7 77
125 56
117 46
43 118
99 60
26 123
58 44
27 134
108 18
56 86
36 93
77 94
77 25
118 103
93 31
77 113
68 37
108 123
126 96
16 127
118 94
67 35
121 10
79 45
18 26
114 4
96 65
51 104
133 97
104 48
143 78
141 119
114 107
75 66
91 104
123 85
103 63
61 82
92 29
3 143
132 123
29 90
139 126
86 36
74 0
48 117
72 9
119 133
71 52
77 12
62 22
115 141
70 134
68 45
130 120
22 57
115 108
91 63
17 136
82 85
125 19
100 102
58 90
113 50
7 126
61 110
6 22
44 80
107 8
124 9
96 122
32 24
13 17
97 121
72 60
18 64
88 86
26 104
29 57
102 31
69 122
16 113
135 144
125 118
30 1
41 55
24 64
4 63
124 38
98 138
112 139
9 40
83 89
113 27
78 30
63 133
125 92
13 144
15 61
9 33
86 117
99 94
134 42
140 127
17 117
70 104
84 59
101 22
37 97
94 139
37 33
117 15
137 33
17 18
50 61
139 39
38 141
8 37
27 80
93 63
57 35
81 39
15 94
78 67
29 61
128 31
44 128
19 101
13 130
102 58
118 77
142 134
85 104
126 13
41 25
86 92
88 82
7 119
132 20
100 59
86 115
106 48
69 91
68 4
115 34
143 63
43 18
75 141
61 31
141 24
24 84
70 19
68 79
82 27
114 126
112 87
19 20
110 107
54 80
72 125
17 44
73 90
116 87
95 20
33 43
135 51
68 71
109 54
88 116
46 141
29 92
121 67
21 31
59 74
53 22
141 93
47 12
49 79
100 127
95 118
41 9
137 108
43 63
74 10
5 67
59 143
105 80
37 130
112 55
21 125
14 109
42 30
59 14
126 3
42 32
5 44
9 132
125 66
73 19
12 16
117 71
84 56
63 66
70 10
135 36
4 50
74 4
19 63
135 127
23 110
133 38
86 129
72 94
38 93
5 88
38 71
142 87
16 33
20 26
135 45
111 75
142 84
51 138
144 11
8 22
130 53
57 139
54 109
95 126
128 128
7 44
53 33
99 81
13 137
70 71
62 108
57 99
102 19
79 51
60 105
33 100
95 42
70 111
52 112
22 64
47 36
66 23
8 69
98 74
91 9
121 54
115 45
139 72
105 132
25 44
88 11
40 81
84 18
136 75
38 108
126 30
141 117
30 91
11 87
1 36
70 98
122 136
139 19
43 76
82 135
116 3
118 105
131 106
3 5
139 37
64 89
77 31
57 84
37 60
113 39
68 39
3 64
30 67
67 24
68 114
12 69
118 69
66 54
3 95
111 135
15 82
78 128
32 10
112 126
125 26
75 116
1 52
26 65
119 14
46 70
104 37
90 37
88 17
144 46
8 139
35 10
90 10
107 80
100 16
2 102
63 55
71 73
129 45
0 110
80 61
59 40
89 33
101 24
123 20
98 40
90 127
90 125
57 125
7 104
60 95
110 48
123 53
7 57
23 76
63 113
115 77
18 15
9 78
62 53
113 114
105 72
19 140
130 114
1 6
55 65
86 85
116 18
21 139
104 18
25 18
64 91
36 132
75 83
132 29
42 127
30 104
141 41
16 134
143 94
118 136
61 75
17 82
93 52
100 121
133 113
67 58
103 25
68 13
19 135
19 88
120 91
15 136
121 17
132 1
113 29
84 30
103 133
51 13
101 3
126 132
45 59
79 1
127 137
110 20
110 69
93 129
84 36
137 10
60 93
137 51
138 132
23 80
41 139
67 88
48 123
116 65
72 123
31 106
105 50
64 71
53 118
91 128
55 3
134 22
74 40
43 132
61 71
50 128
139 41
90 103
134 83
85 113
117 131
57 133
23 13
92 85
76 13
45 0
6 118
49 73
36 120
65 142
131 108
100 96
36 87
29 19
53 2
102 126
90 58
143 116
80 67
137 138
86 100
80 135
122 79
13 1
47 42
100 90
142 6
135 26
76 143
78 100
68 29
49 85
36 113
139 103
140 7
74 143
126 127
111 2
54 88
111 77
128 0
68 50
7 97
19 73
37 106
89 39
75 25
44 65
43 99
115 12
109 105
40 54
111 63
61 50
108 30
115 117
28 53
105 134
59 100
47 88
37 13
123 102
23 91
143 18
51 2
86 119
66 4
79 38
94 6
42 88
15 140
112 42
53 45
42 37
90 114
2 122
19 117
40 31
15 34
130 97
45 75
130 76
79 118
67 60
138 21
124 96
93 55
78 78
131 85
4 86
135 118
111 109
109 9
69 88
139 33
6 71
119 120
75 81
120 116
32 73
82 60
118 84
88 65
2 57
45 9
99 47
50 101
141 2
57 120
25 42
11 39
78 96
130 105
104 98
22 131
63 42
130 71
87 2
102 41
119 46
136 131
83 14
47 14
2 114
99 53
110 137
79 120
21 121
23 11
69 112
2 116
46 88
120 30
31 80
29 59
139 99
63 64
60 101
49 105
55 14
131 57
84 111
90 85
60 44
112 95
11 117
71 89
11 48
101 141
97 107
39 143
120 1
44 89
141 139
61 103
115 99
93 69
89 24
120 18
87 40
70 56
137 135
0 141
42 109
142 46
134 62
42 134
91 68
124 40
88 19
15 129
135 55
24 46
89 1
0 124
55 59
144 134
34 63
6 125
103 115
67 31
105 84
50 126
136 90
142 51
138 35
39 50
2 93
123 141
118 92
121 144
38 128
101 118
110 93
70 12
34 37
20 123
35 61
51 76
53 38
26 118
37 27
16 35
105 63
0 51
109 143
31 35
1 104
85 34
21 117
4 115
142 135
72 98
53 24
54 52
114 112
23 116
36 138
61 26
37 139
69 1
120 93
26 0
17 39
2 50
27 69
61 57
18 97
11 95
75 85
121 56
35 100
40 128
132 58
17 20
33 142
50 6
13 5
137 37
47 105
38 6
66 103
77 66
32 21
44 29
73 137
59 132
28 135
64 21
39 60
51 4
61 52
80 133
86 50
98 27
28 51
75 72
125 98
67 90
17 28
65 43
95 67
52 91
79 11
30 55
42 22
124 31
120 135
0 61
96 139
131 87
113 140
130 122
75 18
81 25
85 1
40 126
123 110
95 50
48 125
113 76
57 123
4 80
21 144
65 38
60 18
130 4
30 29
35 52
114 2
77 141
21 109
82 32
79 131
104 16
85 51
124 64
82 58
53 140
95 33
30 64
121 25
116 58
14 127
131 81
103 42
53 138
43 78
68 15
141 73
144 59
79 94
31 32
18 17
73 71
90 7
83 44
5 4
63 5
71 58
99 134
47 40
132 91
54 43
106 139
141 137
60 42
25 109
11 50
111 57
46 90
32 37
71 136
3 7
62 98
60 117
12 105
78 10
29 106
19 22
96 73
25 11
135 98
81 107
74 101
140 74
22 4
1 34
92 96
140 70
28 70
86 133
83 37
20 119
91 24
41 110
58 42
88 126
41 106
95 128
73 96
2 74
46 58
72 54
30 117
3 61
66 105
126 74
124 108
95 71
99 98
53 132
112 122
110 26
11 41
113 120
138 4
38 62
137 100
18 45
57 112
80 102
22 74
144 87
43 12
34 139
30 18
96 48
80 122
133 25
113 85
95 17
0 28
43 86
53 65
21 104
91 113
139 128
141 16
103 27
117 44
57 88
125 2
48 70
62 48
120 83
122 28
111 120
17 107
38 83
139 92
2 125
106 91
98 82
19 72
107 131
124 51
48 113
33 117
50 59
142 120
132 136
120 127
71 27
66 72
35 32
60 53
86 127
93 90
89 53
76 135
133 35
114 124
112 3
72 40
55 26
101 94
143 118
71 138
135 10
3 9
51 21
130 141
38 138
52 51
31 5
93 131
54 0
53 116
132 115
143 86
86 121
126 99
89 12
105 70
109 74
53 110
95 79
19 121
78 59
101 114
43 110
121 125
104 57
11 133
118 18
131 117
111 49
62 79
132 104
108 89
78 122
137 113
74 118
30 14
80 93
71 37
103 79
99 55
139 101
107 121
119 0
3 104
126 139
95 4
91 33
55 107
88 107
44 57
131 94
110 6
141 107
76 115
81 105
69 66
135 29
51 28
130 8
125 137
137 102
1 43
49 46
121 134
64 40
28 110
104 68
76 77
32 15
86 18
100 20
94 104
53 32
100 68
23 44
109 5
132 96
3 43
29 102
36 74
93 113
48 111
114 6
54 82
77 132
131 55
60 119
84 83
12 97
61 17
8 60
88 84
109 130
24 7
137 25
85 81
53 96
13 45
139 15
132 79
69 105
94 22
94 29
137 133
72 11
83 124
118 141
9 134
49 87
102 34
86 143
16 80
8 56
103 140
143 1
17 77
51 125
37 5
63 126
62 81
126 37
23 53
107 52
72 111
71 18
50 103
17 42
25 102
87 81
107 6
129 58
62 67
115 130
16 37
135 66
48 52
15 2
24 2
46 38
74 139
119 101
109 136
139 6
63 38
40 83
104 41
63 14
94 40
13 23
4 141
7 121
107 10
52 30
70 39
138 90
57 69
27 42
134 78
88 38
21 22
95 120
125 72
15 125
136 85
40 108
14 139
2 48
49 12
7 89
56 44
20 1
115 50
140 21
34 93
108 72
92 65
111 130
143 82
114 13
93 45
51 65
100 88
121 23
72 88
129 130
74 134
31 44
144 55
24 104
51 41
94 75
72 75
68 33
93 43
130 35
29 3
30 16
50 69
18 119
0 82
117 37
117 75
67 66
44 61
88 120
89 9
94 47
70 125
79 129
76 139
45 94
130 1
88 63
92 11
75 30
69 136
51 32
113 100
95 77
106 142
132 18
10 86
17 91
5 6
41 122
131 38
26 82
144 80
43 59
89 91
43 10
85 98
90 64
37 99
49 118
94 122
54 112
66 45
72 144
22 7
110 30
102 111
13 111
24 82
35 30
137 49
142 143
45 15
66 30
75 107
82 136
59 16
120 113
29 111
76 11
41 23
51 132
25 31
50 50
51 94
19 44
120 8
64 80
98 103
64 134
42 65
19 70
79 14
138 74
100 111
140 133
24 132
109 103
21 94
87 75
92 93
73 85
73 6
60 99
3 52
63 144
8 46
127 133
133 118
64 118
18 37
37 69
93 119
96 35
136 22
54 7
53 40
98 84
123 18
80 31
130 118
41 77
70 14
66 13
33 67
96 82
55 46
60 22
125 120
48 77
67 112
33 39
7 137
5 8
7 102
39 140
73 1
52 20
60 2
11 23
18 114
25 116
26 49
32 30
91 53
95 10
112 61
129 27
133 138
5 108
94 110
30 134
90 142
67 62
20 86
32 55
19 40
100 50
51 39
118 122
61 77
143 57
95 137
5 13
37 136
1 95
72 38
64 120
1 143
97 33
26 51
7 117
142 67
57 8
106 46
123 11
85 90
30 52
139 114
3 59
69 21
5 121
81 72
106 18
26 126
10 27
5 114
122 112
101 130
80 17
100 22
61 8
78 93
7 133
105 92
12 7
35 102
139 138
127 28
80 104
110 132
57 67
6 68
40 6
82 87
70 44
26 2
25 89
73 74
53 86
107 101
56 42
75 20
74 51
104 96
5 31
17 71
125 84
42 112
66 39
97 105
65 126
49 14
33 122
111 28
110 110
53 124
70 49
81 36
48 32
110 55
70 54
62 104
48 38
122 64
46 143
23 141
104 94
50 77
122 9
76 101
52 134
125 103
25 95
97 72
108 47
69 57
38 20
5 135
26 16
126 9
6 123
114 87
122 116
35 91
120 122
107 125
55 28
59 78
49 75
123 55
107 37
119 126
85 70
127 135
116 7
56 24
122 30
37 11
3 30
33 65
34 74
23 103
77 130
103 8
13 40
13 70
65 124
124 78
34 95
46 16
25 59
87 105
39 32
1 100
100 34
34 144
55 119
6 15
113 34
42 43
24 93
15 19
89 136
79 49
15 107
38 131
69 133
76 3
137 130
58 10
2 32
113 11
16 63
131 65
78 98
132 10
111 72
1 58
63 33
116 5
64 17
21 70
123 34
69 102
10 73
122 104
116 106
54 61
55 84
134 27
4 117
7 7
131 142
3 35
0 120
107 82
25 91
15 111
117 129
144 68
121 38
112 137
48 101
129 81
131 59
0 136
120 58
110 14
42 53
45 24
84 45
107 71
109 39
112 70
34 126
48 137
123 66
45 43
62 60
119 142
18 79
62 111
11 5
48 49
96 86
28 65
41 117
50 130
134 53
88 51
47 135
21 43
31 53
22 27
24 9
103 117
89 105
4 27
37 50
41 104
68 110
123 24
30 93
