64 142
82 39
59 1
87 71
44 117
44 96
142 80
129 85
117 88
64 128
66 34
102 48
53 27
8 131
39 14
129 136
141 102
96 28
82 8
90 46
10 25
119 38
86 82
65 120
92 112
108 1
65 32
2 15
65 77
25 29
13 118
9 88
37 94
27 95
79 142
143 26
141 1
124 70
120 56
125 94
11 80
108 128
132 114
10 101
57 22
77 52
2 19
53 130
141 26
130 83
49 40
84 100
97 1
20 8
67 78
76 21
33 97
31 89
96 30
48 47
62 118
72 134
25 130
59 3
133 9
9 61
39 48
139 108
27 141
135 52
9 63
61 14
65 89
26 121
16 92
36 114
12 98
31 6
43 7
35 26
73 140
15 40
119 73
95 90
98 16
100 17
61 24
74 130
99 138
4 65
141 82
46 36
37 73
68 64
7 24
75 114
15 33
7 124
48 57
0 84
97 50
113 63
60 107
113 88
18 1
22 93
22 98
30 31
136 132
62 40
32 95
48 84
56 88
55 31
2 17
37 31
0 42
131 20
2 141
24 121
29 113
67 50
4 29
21 142
111 4
142 109
129 9
20 68
88 53
114 114
26 88
105 58
133 76
117 82
123 105
96 85
110 28
101 89
11 89
91 50
25 80
126 51
128 66
27 112
78 117
84 114
43 26
44 44
0 118
132 93
121 102
41 33
28 35
54 105
49 64
16 102
28 139
42 23
5 54
31 66
140 3
70 87
42 125
80 99
81 11
14 96
39 107
15 86
133 106
131 144
26 0
122 22
99 4
29 128
36 84
8 62
50 133
41 82
93 127
64 31
2 80
131 89
25 111
16 44
119 131
86 111
8 71
60 75
96 75
74 87
49 72
85 102
102 116
67 101
128 43
89 132
5 98
24 28
67 80
39 0
31 76
4 127
78 102
13 51
64 93
131 96
112 12
28 103
50 100
16 8
120 129
129 139
74 1
45 16
58 87
37 67
2 135
116 86
103 111
128 29
102 1
5 144
131 137
122 65
7 81
109 84
4 123
60 144
80 51
36 108
2 28
107 46
59 70
10 29
36 100
23 41
60 121
59 56
127 53
12 26
54 107
34 28
132 36
26 102
89 62
35 53
143 41
48 139
112 106
124 78
110 53
72 20
128 70
109 52
118 107
135 107
78 62
38 117
24 57
39 72
109 7
118 124
124 43
66 91
21 96
44 85
143 71
140 80
31 129
68 103
62 106
60 30
116 96
75 41
144 69
53 14
113 65
126 11
84 79
108 70
50 124
22 81
131 8
128 11
29 24
74 122
33 16
46 137
87 133
127 59
25 8
71 43
120 111
9 103
5 103
104 38
30 22
59 8
105 23
36 63
137 123
4 14
116 1
23 89
83 90
105 94
21 50
9 53
47 117
136 98
112 135
114 25
55 123
67 56
110 50
18 15
5 43
129 65
63 23
8 28
143 60
127 131
128 45
20 103
82 6
39 41
79 140
132 74
20 108
33 52
38 115
129 13
115 74
103 96
12 130
108 126
9 81
99 50
90 34
136 114
102 68
113 109
115 34
13 26
14 72
82 106
73 27
7 136
64 8
103 100
138 43
88 22
113 48
43 94
18 7
24 15
71 118
10 1
87 129
37 49
75 79
107 122
9 79
84 30
93 99
94 8
3 84
46 123
10 18
23 50
129 143
78 115
1 85
42 80
136 89
96 8
131 77
35 43
25 52
7 14
56 125
109 41
62 57
73 129
93 49
91 98
2 26
79 72
23 95
125 12
34 81
27 18
143 111
39 112
2 11
136 35
37 64
107 35
41 72
92 110
33 50
3 82
25 33
108 68
103 32
122 114
61 79
34 123
88 141
101 106
55 58
74 89
117 47
103 50
119 58
111 39
62 10
128 115
53 95
115 27
47 50
18 9
86 140
39 24
20 89
96 41
39 129
93 136
97 77
73 42
9 14
70 76
49 104
142 69
111 85
133 72
132 64
106 39
58 142
12 120
125 72
124 52
51 3
87 98
125 139
83 72
8 26
115 47
8 34
112 19
42 10
99 105
67 76
95 6
49 59
91 133
80 54
15 55
56 62
17 116
74 7
76 8
109 114
133 103
95 105
143 50
4 12
127 117
90 92
114 97
139 61
62 120
55 9
30 72
64 136
85 72
65 87
108 13
83 11
69 5
37 86
40 42
57 70
126 46
56 7
126 37
8 101
91 91
21 2
61 134
12 109
133 61
49 112
8 126
12 2
35 121
24 59
53 89
10 90
79 32
77 61
112 97
89 67
9 51
65 13
88 143
125 26
90 48
61 56
55 64
86 0
127 2
82 44
143 143
81 53
29 33
23 119
36 90
109 134
141 131
42 67
52 1
54 29
5 21
120 16
6 116
94 113
123 33
30 68
52 108
123 87
110 71
0 102
37 41
37 134
27 2
92 22
83 68
101 140
96 16
24 129
135 64
132 83
138 13
117 35
7 100
10 3
83 18
17 54
34 12
106 30
38 119
19 24
98 97
26 10
82 123
22 43
28 82
15 137
14 109
66 41
18 140
91 135
72 25
108 120
65 29
56 29
47 48
55 116
54 134
68 81
126 44
63 12
135 47
133 91
16 71
30 74
22 13
110 96
96 103
139 8
90 0
82 83
71 96
104 66
102 16
65 141
119 104
17 56
116 49
47 5
133 21
105 116
117 72
91 55
107 0
17 78
101 14
35 83
138 16
95 3
118 49
37 25
66 128
117 128
8 76
125 54
116 45
42 118
99 61
25 123
58 44
27 135
105 19
56 86
35 94
76 94
76 26
117 103
93 31
77 114
69 37
108 124
127 96
15 128
116 94
68 36
122 10
80 44
18 25
113 4
97 66
52 105
135 96
104 49
143 78
141 121
114 105
75 67
92 104
123 85
103 64
64 82
92 29
3 143
133 122
29 91
138 125
85 37
74 144
45 118
72 9
120 133
70 53
78 12
61 22
114 141
70 135
67 44
130 120
22 58
114 107
91 64
17 135
82 85
126 19
100 103
56 90
112 50
6 126
61 110
5 23
43 81
107 8
125 9
95 123
31 23
12 17
97 122
70 60
15 64
88 85
26 104
32 57
104 30
70 120
16 114
135 143
126 118
29 1
43 55
24 64
4 63
124 40
97 137
111 139
10 41
83 88
113 27
79 30
62 136
124 93
12 0
15 60
8 32
87 117
99 95
135 42
140 126
16 117
70 103
85 59
101 21
37 96
93 138
37 33
118 15
137 33
17 19
51 63
139 39
37 142
9 36
27 80
93 65
56 35
81 38
15 94
78 69
29 60
128 31
43 129
18 102
13 131
102 57
117 76
142 133
86 103
127 13
41 25
85 91
88 81
8 119
133 19
100 59
86 115
106 49
69 91
67 6
115 36
0 62
43 17
75 141
62 31
142 24
24 83
70 20
69 79
81 26
117 126
112 87
18 20
109 107
55 80
74 124
17 43
73 90
115 88
95 19
33 44
134 51
68 71
108 54
88 116
47 141
29 93
122 67
20 30
60 73
51 23
139 94
48 13
48 78
98 127
96 119
41 8
137 108
43 63
74 10
6 66
58 143
104 80
37 129
112 54
21 124
17 110
41 29
59 14
125 3
42 31
5 45
10 132
126 67
73 19
10 16
119 71
83 58
61 66
70 10
134 37
2 50
73 3
16 62
135 130
23 110
133 38
85 129
73 96
37 92
6 87
37 71
142 87
17 33
20 26
135 45
112 74
142 84
50 136
2 13
7 22
128 54
58 140
54 109
94 125
127 129
7 44
52 33
98 81
13 137
70 72
62 108
59 99
102 19
79 52
60 105
33 99
94 41
70 110
51 112
22 65
46 38
65 22
8 69
98 74
92 8
121 54
115 44
139 73
105 131
26 44
89 9
40 81
85 18
136 75
38 108
126 30
141 119
31 91
13 87
3 35
69 97
120 137
139 19
44 77
81 135
115 3
118 105
131 106
3 5
139 37
63 89
77 31
58 85
36 61
112 38
68 39
2 64
29 67
65 24
68 113
12 70
118 69
65 57
3 96
110 135
15 82
76 129
35 10
115 126
124 27
75 116
1 53
26 64
120 14
45 70
105 37
89 36
87 17
144 44
7 138
36 12
91 10
106 82
100 15
3 102
63 55
72 73
130 44
0 110
79 60
60 40
90 32
101 23
124 20
98 40
89 129
90 127
57 124
7 104
59 95
109 46
122 52
5 56
24 78
61 114
116 76
20 16
10 78
62 54
113 113
104 72
19 142
130 114
1 7
55 66
86 84
116 17
21 140
103 18
24 18
64 91
36 132
75 83
133 29
42 127
30 103
141 40
16 133
141 93
118 133
62 75
17 82
93 51
101 120
134 115
66 58
101 25
69 13
18 134
18 89
120 92
15 135
122 17
131 1
114 29
82 32
105 133
51 13
101 3
126 133
45 60
79 0
127 136
111 21
110 69
93 129
84 35
137 8
61 94
136 50
139 131
23 79
40 139
67 88
48 122
115 64
72 123
31 105
105 51
65 70
53 118
91 128
55 3
135 20
74 40
42 131
59 72
50 128
139 41
90 102
133 84
86 113
117 131
58 135
24 13
91 86
76 13
45 144
6 118
49 74
37 120
66 142
132 108
101 96
36 88
29 18
54 1
98 124
90 57
142 117
80 68
138 137
86 100
79 136
122 79
14 1
47 43
100 91
141 4
135 26
75 143
78 100
68 30
47 85
37 113
139 103
140 6
74 142
127 126
110 3
54 87
112 76
127 0
68 52
7 98
19 74
37 106
89 38
74 26
43 65
44 98
115 13
108 105
41 55
111 62
59 51
108 30
116 115
28 52
107 133
59 101
46 87
36 14
123 103
23 91
0 18
53 3
85 118
66 4
80 36
93 6
41 88
16 139
111 42
54 44
43 35
90 115
2 122
18 117
40 31
16 35
131 98
42 76
131 75
78 119
68 60
137 19
125 96
92 56
77 80
131 85
4 86
135 116
111 108
109 9
69 88
139 33
6 70
120 121
76 81
121 116
31 74
84 61
117 84
88 66
3 58
45 8
100 48
52 101
142 3
56 120
24 43
12 40
77 96
130 105
104 98
23 131
64 42
131 72
86 2
102 39
118 45
137 130
82 13
48 15
3 113
97 54
110 137
80 119
21 121
23 11
69 112
2 115
44 87
121 30
32 80
30 58
138 99
63 65
61 102
50 105
55 12
131 57
84 112
90 84
60 44
112 95
11 119
71 89
11 50
101 142
97 107
38 143
119 1
43 89
140 138
60 103
115 100
92 70
90 22
120 18
87 39
69 56
138 134
0 141
42 109
144 47
134 63
44 132
90 69
123 42
89 18
15 130
134 54
25 46
88 1
0 122
55 60
144 133
34 63
5 125
103 115
67 32
104 82
50 126
135 90
142 52
138 35
39 50
3 94
127 140
117 92
120 144
39 127
101 118
113 93
71 12
33 38
20 123
34 61
52 76
53 40
26 119
36 27
18 35
105 64
144 53
109 144
30 35
1 104
86 35
20 117
4 115
143 135
71 98
53 24
53 50
113 111
23 117
36 138
60 25
36 140
70 0
118 94
24 0
17 39
1 51
28 69
60 57
20 97
12 96
75 85
122 56
35 99
41 128
131 59
16 21
35 141
52 6
12 4
137 37
48 106
39 5
66 103
76 68
32 21
42 28
73 138
60 135
28 137
63 21
38 60
52 4
61 52
80 134
87 51
98 28
29 50
76 73
126 98
67 90
18 27
65 43
96 68
52 91
79 10
31 55
42 21
124 31
119 135
1 60
95 138
130 87
112 141
131 122
75 19
81 23
85 1
40 126
122 110
95 50
48 125
114 75
57 122
4 80
23 143
65 38
61 18
131 6
31 29
35 51
114 1
77 142
22 108
80 33
78 133
103 15
85 50
126 65
82 60
52 138
95 32
29 65
121 25
118 57
13 129
131 81
103 41
52 136
44 79
68 15
141 73
144 58
78 94
31 33
18 17
74 72
91 6
84 42
5 4
63 6
70 58
98 135
47 41
131 91
55 42
108 138
142 136
61 42
25 109
11 52
111 56
45 89
31 37
72 136
3 7
63 100
60 116
11 103
77 10
29 105
18 22
96 73
25 11
134 98
80 106
74 100
140 74
22 4
1 34
93 97
141 71
28 71
87 131
83 37
19 119
91 24
41 110
59 42
88 127
41 107
95 127
73 98
2 73
47 59
70 55
30 117
2 62
67 105
127 72
123 108
96 71
100 98
54 132
111 122
111 27
12 42
112 120
139 5
38 62
136 100
18 45
55 111
80 101
23 76
0 87
43 11
34 139
31 17
95 48
81 121
134 25
113 85
96 18
0 27
42 87
53 64
22 105
90 113
138 127
139 15
103 26
117 44
58 89
125 1
48 71
61 50
119 82
123 29
110 120
18 108
38 85
139 92
2 124
105 90
98 83
20 72
107 130
124 51
47 112
32 116
50 61
143 121
133 138
120 127
71 26
66 71
35 31
60 54
86 127
93 91
90 53
75 135
134 35
115 124
112 2
72 41
54 25
101 94
143 119
71 138
135 10
3 9
49 22
129 141
38 138
51 51
30 4
95 129
53 144
53 115
132 116
143 85
85 120
127 99
90 11
105 70
110 73
53 110
95 78
19 121
77 58
102 113
43 111
120 125
104 57
12 132
118 18
131 118
111 48
63 78
132 105
106 92
79 121
138 114
73 117
32 13
79 93
71 37
102 80
98 56
139 101
109 122
118 143
3 104
127 138
95 5
92 33
56 107
88 105
45 58
132 95
111 6
141 108
76 116
82 104
70 65
135 28
51 27
128 8
125 137
137 101
1 44
50 47
121 135
64 40
27 110
104 68
77 78
33 14
87 19
100 19
94 104
53 31
100 68
24 45
109 5
133 97
3 44
28 102
35 73
92 114
48 111
113 6
56 82
76 134
130 55
60 119
84 83
14 98
62 16
8 60
88 83
109 130
23 8
136 23
84 81
53 93
14 45
137 15
132 79
69 105
94 21
94 30
138 132
72 11
83 125
118 141
10 134
49 87
103 34
86 142
16 80
7 56
103 141
143 1
19 78
52 125
38 4
63 126
63 80
125 38
26 53
107 52
71 112
71 18
51 103
16 42
24 102
86 80
107 6
129 57
60 68
116 130
16 37
133 66
49 51
16 1
23 2
46 40
75 139
119 101
108 136
138 6
63 38
39 83
104 40
63 14
96 39
13 24
4 142
6 121
107 10
52 29
70 39
137 91
58 68
27 42
133 78
87 37
20 22
95 121
126 70
13 127
135 85
40 108
14 139
0 49
49 12
7 89
56 43
22 1
114 49
138 21
33 94
108 72
91 66
111 131
143 82
113 13
94 45
51 64
99 89
121 23
72 88
128 130
74 134
31 44
0 55
24 104
50 42
94 74
72 75
69 34
95 43
128 35
29 3
31 15
49 69
17 119
1 82
117 37
117 74
68 66
44 62
87 120
90 8
94 47
72 125
78 130
77 140
45 95
129 0
88 64
93 10
75 29
70 137
51 31
113 99
95 76
105 143
131 18
13 85
17 90
5 6
40 124
131 38
26 82
0 80
43 60
89 90
43 9
85 98
89 65
37 98
47 119
93 122
53 112
66 45
72 143
22 6
110 30
101 110
15 111
24 81
36 29
135 49
142 144
46 15
66 30
75 109
81 137
60 16
120 113
28 111
76 11
40 23
52 132
26 31
51 49
51 92
20 45
121 8
65 79
98 103
63 134
41 65
19 70
79 13
138 74
99 109
140 133
25 132
106 104
20 94
87 73
92 92
73 85
73 5
61 100
3 52
62 143
7 46
128 132
133 117
64 119
18 37
38 70
94 120
96 34
136 21
54 7
53 42
98 86
124 18
80 31
129 118
42 78
70 14
67 13
32 67
96 83
55 45
60 23
124 118
49 76
67 111
32 39
5 137
5 8
7 102
38 140
72 1
51 21
61 1
11 24
18 114
25 118
27 49
32 31
91 52
95 10
113 61
127 27
131 139
5 105
94 111
29 135
90 142
69 62
20 87
33 54
18 41
101 50
51 40
118 122
62 77
0 57
95 136
6 13
37 136
1 95
72 39
64 121
1 143
97 32
27 51
8 117
141 67
58 6
106 47
124 11
85 89
30 51
137 116
3 60
70 22
4 121
81 73
105 16
27 123
10 27
6 114
122 112
104 132
81 17
100 22
62 8
77 93
8 133
104 92
12 6
34 101
140 135
126 28
80 104
109 132
56 67
7 68
41 6
82 86
69 44
25 2
25 89
74 74
54 85
107 102
57 42
74 21
75 52
105 96
3 31
18 72
125 85
41 112
66 39
97 105
65 126
50 14
33 121
112 29
111 110
54 125
69 51
82 36
48 34
110 55
68 54
62 104
47 39
124 64
46 142
23 141
103 94
50 77
123 9
76 101
52 134
125 104
25 95
97 72
108 47
68 58
38 22
4 136
25 16
127 9
6 123
114 86
123 116
35 92
120 123
106 124
55 27
60 77
51 75
123 54
107 37
119 127
84 70
128 134
114 7
55 23
122 31
38 12
2 30
33 65
34 74
22 103
76 132
105 8
14 42
14 70
65 124
124 80
34 96
47 17
26 57
88 103
39 33
2 100
101 33
34 143
55 118
6 15
113 35
42 42
24 93
15 19
89 134
78 50
16 108
38 131
68 136
76 3
138 129
57 8
1 32
114 11
14 62
131 66
78 98
131 10
112 72
1 58
63 32
115 5
64 15
21 70
124 35
69 101
10 70
121 104
116 106
54 62
56 84
134 27
4 117
7 7
130 142
3 33
0 120
107 83
25 91
17 112
118 130
143 68
119 36
112 137
50 102
129 81
129 59
0 134
121 58
110 13
42 53
44 24
84 44
106 71
109 39
112 70
34 125
48 137
124 66
45 42
62 59
120 142
18 80
61 112
10 5
49 49
97 87
27 65
40 117
51 129
133 52
89 51
47 135
22 45
31 53
20 28
24 10
103 117
90 105
4 27
37 51
40 105
68 110
123 24
31 93
