64 142
82 39
59 1
87 71
44 116
44 96
142 80
129 85
117 88
64 128
67 34
102 49
53 27
8 131
38 15
129 136
141 102
95 28
82 8
90 46
10 25
119 38
86 82
65 120
92 112
108 1
65 32
2 15
65 77
25 29
13 119
9 88
37 94
26 96
79 142
143 26
141 1
124 70
120 56
125 95
11 79
108 129
132 114
10 101
57 22
77 52
3 19
54 130
141 25
130 83
49 40
84 100
96 1
20 8
67 78
76 21
33 97
31 89
96 30
48 47
62 117
72 134
25 130
59 3
133 9
9 61
39 48
139 107
26 141
135 52
9 63
61 14
65 89
26 121
16 92
36 113
12 98
31 7
43 7
35 26
73 140
14 40
119 73
94 89
98 16
100 17
61 24
74 131
99 138
3 65
141 82
47 36
37 74
68 64
7 24
75 114
15 33
7 124
48 57
0 84
97 50
113 63
60 107
113 88
18 1
22 93
22 98
30 32
135 132
62 40
32 95
49 84
56 88
55 31
2 17
37 31
144 43
131 20
2 141
24 121
29 113
67 50
3 29
21 142
111 4
142 109
129 10
19 68
88 53
114 115
26 88
106 58
133 76
117 82
123 105
96 85
110 28
101 89
11 88
91 50
25 80
126 51
128 66
27 112
78 117
84 114
43 26
44 43
0 118
132 93
121 102
41 33
29 36
54 105
49 65
16 102
27 139
42 24
5 54
31 66
140 3
70 87
42 125
80 99
81 12
14 95
39 107
15 86
133 106
130 144
26 0
123 22
100 4
30 128
36 85
7 62
50 133
41 82
93 126
64 31
2 80
131 89
25 111
16 44
119 131
86 111
8 71
60 75
96 75
74 86
49 72
85 102
101 115
67 101
127 43
89 132
5 98
23 29
67 80
39 0
31 76
4 127
78 102
13 51
64 92
131 96
112 12
28 103
50 100
17 7
120 129
128 139
74 1
45 16
58 87
37 66
2 134
116 86
103 112
128 29
102 1
5 144
131 137
122 65
8 81
109 84
4 123
60 144
80 50
35 108
2 28
107 46
59 70
10 29
36 100
23 41
60 120
59 56
127 53
12 26
53 107
35 28
133 36
26 102
89 62
35 53
143 41
48 138
113 107
124 78
110 53
72 20
127 69
109 52
118 107
135 107
78 62
38 116
24 56
39 72
109 7
119 124
124 43
66 91
21 96
43 85
143 71
140 80
30 130
68 103
62 106
60 30
116 96
75 42
144 69
53 14
113 65
126 11
84 79
108 70
50 124
22 81
131 8
128 11
29 24
74 122
32 16
46 137
87 133
127 58
25 8
71 42
121 111
9 103
5 103
104 38
30 22
59 8
106 22
36 63
138 123
4 14
116 1
22 89
83 90
106 94
21 51
9 53
47 116
136 97
112 134
114 25
55 124
67 57
110 50
17 15
5 43
129 65
63 23
8 28
143 61
126 131
128 45
20 103
82 6
39 41
79 140
132 74
20 108
33 52
37 114
129 13
115 73
103 96
12 130
107 126
10 81
99 50
90 35
136 114
102 68
113 109
115 34
13 27
14 72
82 106
72 27
7 136
64 8
104 100
137 43
88 22
113 48
43 95
19 6
24 15
71 118
10 1
87 129
37 49
75 79
107 122
9 79
84 31
93 99
94 8
3 84
47 123
10 18
23 50
129 143
79 115
1 86
42 80
136 89
96 9
131 77
35 43
25 52
8 13
56 126
109 41
62 57
73 129
93 49
91 98
2 26
79 72
22 95
125 13
34 81
26 18
143 111
39 112
2 11
136 35
37 64
107 35
41 72
92 110
33 50
3 82
25 33
108 68
103 32
122 114
61 79
34 123
88 142
101 106
55 58
74 89
117 47
103 50
119 58
111 39
62 10
128 115
53 95
115 27
48 50
18 8
87 141
39 24
20 89
96 41
39 130
93 135
97 77
73 42
9 14
71 77
49 104
142 69
111 85
133 72
133 64
106 39
57 141
12 121
124 72
125 53
51 2
87 98
125 139
83 72
8 26
115 47
8 35
111 19
42 10
99 105
67 76
96 7
49 59
91 133
80 54
16 55
56 61
17 116
74 7
76 8
109 113
133 103
95 106
143 51
4 12
127 117
90 92
114 97
139 61
62 120
55 9
30 72
63 137
85 72
65 87
108 13
83 11
69 6
37 86
40 42
57 70
126 46
56 7
126 37
8 101
91 91
21 2
61 134
12 109
133 61
49 112
9 126
12 2
35 121
25 58
53 89
10 90
79 32
77 61
112 97
89 67
9 51
65 13
88 144
125 26
90 49
61 56
56 63
87 0
127 2
82 43
143 143
81 52
29 34
23 119
36 90
109 134
141 132
42 66
52 1
54 29
5 21
120 16
6 116
94 113
123 33
30 68
52 108
123 87
110 71
1 102
37 42
37 134
27 2
92 22
83 68
101 140
96 15
24 129
135 64
132 83
138 13
117 35
7 100
10 3
83 19
18 54
34 12
107 30
38 118
19 24
99 97
26 10
82 123
22 43
28 82
15 137
14 109
66 41
18 140
91 135
73 25
108 120
65 29
56 29
47 48
55 116
54 134
69 81
126 44
63 12
136 47
133 91
16 71
29 74
21 13
110 97
96 104
139 8
90 0
82 82
72 96
103 66
102 16
65 141
119 104
17 56
116 49
47 4
133 21
105 116
117 72
90 55
107 0
17 78
100 13
35 83
138 17
95 3
118 49
37 25
66 128
117 127
8 76
125 55
116 45
42 118
99 61
25 123
58 44
27 135
105 19
56 86
35 94
77 94
76 26
117 103
93 32
77 113
69 37
108 124
127 96
15 128
116 94
68 36
122 10
81 44
18 25
113 3
98 66
52 105
135 96
104 49
143 78
141 120
114 106
75 67
92 104
123 85
102 64
64 82
92 30
3 143
133 123
29 90
138 125
85 37
74 144
45 117
72 9
120 133
70 53
78 12
61 22
113 141
70 135
67 44
130 120
23 58
114 108
91 63
17 135
83 85
125 19
100 103
56 90
112 49
7 126
61 110
5 23
43 81
107 7
125 9
95 123
31 23
12 17
97 123
70 60
15 64
88 86
26 104
32 57
105 30
70 120
16 114
134 143
127 119
29 1
42 54
24 64
4 63
124 40
97 137
112 139
10 41
82 88
113 27
79 30
61 136
124 93
12 0
16 60
9 33
87 117
99 95
135 43
140 126
16 118
70 103
84 59
102 21
36 96
93 137
36 33
118 16
137 33
17 19
50 63
139 39
37 142
9 36
27 80
93 64
56 35
81 38
15 93
79 69
28 59
128 31
43 129
18 102
14 131
102 58
117 76
142 134
86 103
127 13
41 25
85 91
88 81
8 119
133 19
100 59
86 115
106 49
69 90
67 6
116 36
0 62
43 17
75 141
62 31
142 23
24 83
69 20
69 79
81 26
117 125
112 87
18 20
109 107
54 80
74 124
18 43
73 90
115 88
95 19
33 44
134 51
69 71
108 54
88 115
47 141
29 92
122 67
20 30
60 73
51 23
139 94
48 13
48 78
97 126
96 119
41 8
137 108
43 63
74 9
5 66
58 143
104 80
37 129
112 54
22 124
17 110
41 29
59 15
126 3
42 31
5 45
10 131
126 67
73 18
10 16
119 71
83 58
61 66
70 10
135 37
2 50
74 3
16 62
135 130
23 110
133 38
85 130
73 96
37 92
6 87
37 71
142 87
17 33
20 26
136 45
112 74
142 84
51 136
2 13
7 22
128 55
58 139
54 109
94 125
126 129
7 44
52 33
98 81
13 137
70 72
62 108
59 99
102 19
79 52
60 105
33 99
94 41
70 109
51 112
22 65
46 38
65 22
8 69
98 74
92 8
121 54
115 44
139 73
106 131
26 44
89 9
40 81
85 18
136 75
37 108
126 30
141 118
31 91
13 87
2 35
70 97
120 137
139 19
44 77
81 135
115 3
118 105
131 106
3 5
139 37
63 88
77 31
58 85
36 61
112 38
68 39
2 64
29 67
65 24
68 113
12 70
118 69
65 57
3 96
110 135
16 82
76 130
34 10
115 126
124 27
75 116
1 53
26 64
120 14
46 70
105 37
89 37
87 17
0 45
7 138
36 12
91 10
105 82
100 15
3 103
63 56
72 73
129 43
0 110
79 60
60 40
90 32
102 23
123 20
98 40
89 129
90 127
57 124
7 104
59 95
109 46
123 52
5 56
24 78
61 114
116 75
19 15
10 77
62 54
113 113
104 72
19 142
130 114
1 6
55 66
86 84
117 17
21 140
103 17
24 18
64 90
36 132
75 83
133 29
42 127
30 103
141 41
16 133
142 94
118 133
62 75
18 82
93 51
101 120
134 115
66 59
102 25
69 13
18 134
18 88
120 92
15 135
122 17
131 1
114 29
82 32
105 133
51 13
101 3
126 133
46 60
78 0
127 136
111 21
110 69
93 129
84 35
137 8
61 94
136 50
139 131
23 79
40 139
67 88
49 123
115 64
72 123
31 105
105 51
65 69
53 117
91 128
55 3
135 20
74 40
42 131
59 72
51 128
139 41
91 103
133 85
86 113
117 131
58 136
23 13
91 86
76 13
45 144
6 118
49 74
37 120
66 143
132 108
101 96
37 88
28 17
54 1
98 124
90 57
142 117
81 68
138 137
86 100
79 136
122 79
14 1
47 43
100 91
141 4
136 26
75 143
78 100
68 30
48 85
37 112
139 102
140 6
74 142
126 127
110 3
54 87
113 76
127 0
68 52
7 98
18 74
37 106
89 38
74 26
44 65
45 98
115 13
108 105
40 54
111 62
59 51
109 30
116 115
28 52
107 133
59 101
46 87
36 14
123 103
23 91
0 19
53 3
86 118
66 4
80 36
93 6
41 89
16 139
111 41
54 44
42 34
90 115
2 122
18 118
40 31
15 35
131 98
42 76
131 75
78 119
68 60
137 19
125 97
92 57
77 80
131 85
5 85
135 116
111 108
109 9
69 88
139 34
6 70
120 121
75 81
121 116
31 74
83 61
117 84
88 66
3 58
45 8
100 48
52 101
142 3
55 120
24 43
12 40
78 96
130 105
104 98
23 131
64 42
131 73
87 2
102 39
118 45
137 131
82 13
48 15
3 113
98 54
110 137
80 120
21 121
23 11
69 111
3 115
44 87
121 29
31 81
30 58
138 99
63 66
61 102
50 105
54 12
131 57
84 112
90 84
60 44
112 95
11 119
71 89
11 50
101 142
97 107
39 142
119 1
43 89
140 137
59 103
115 99
92 69
90 22
120 18
86 39
69 56
138 135
0 141
42 108
0 47
134 62
44 132
90 69
123 42
89 18
15 130
134 54
25 46
88 1
0 122
54 60
143 132
34 63
5 125
103 115
67 32
103 82
50 126
135 90
142 52
138 35
39 50
3 94
127 140
117 92
120 144
39 128
101 118
112 93
71 12
34 37
20 123
34 61
52 76
54 40
25 119
37 27
17 35
104 64
144 53
109 0
31 35
1 104
86 35
20 117
4 115
144 135
71 98
53 24
53 50
113 111
22 117
36 138
60 25
36 140
70 144
118 94
24 0
17 39
1 51
27 69
60 57
20 98
12 96
75 85
121 56
35 99
41 128
131 59
16 21
35 141
52 6
12 4
137 37
48 106
39 6
66 103
77 68
32 21
41 27
73 138
60 135
28 137
63 21
38 60
52 4
61 52
79 134
87 51
97 29
28 50
76 73
126 98
67 90
18 27
65 43
96 67
52 91
79 11
32 55
42 21
124 31
119 135
1 60
95 138
130 87
111 141
131 122
75 19
81 24
85 1
40 126
122 110
95 50
48 125
114 74
57 122
4 80
23 143
65 38
62 18
131 6
31 30
35 51
114 1
77 141
22 108
80 33
78 133
104 15
85 50
126 65
82 59
52 138
95 32
29 65
121 25
118 57
13 129
131 81
103 41
53 136
44 79
68 15
141 73
144 59
79 94
31 33
18 17
74 72
91 6
84 42
5 4
63 6
71 58
98 136
48 41
131 91
55 42
108 138
142 136
61 42
25 109
11 52
111 56
45 89
32 37
72 136
3 7
63 100
60 116
11 104
78 10
29 105
18 22
96 73
25 12
134 98
80 105
75 100
140 75
22 4
1 34
93 97
141 71
28 71
87 131
83 37
19 119
91 24
40 110
59 42
88 127
41 107
95 127
73 98
2 73
47 59
71 55
30 117
2 62
67 105
127 72
122 108
96 71
100 98
54 132
111 122
111 27
12 42
112 120
139 5
38 62
136 99
18 45
55 111
80 101
24 75
0 87
43 11
34 139
30 16
96 48
80 122
134 25
113 85
96 18
0 27
42 87
54 64
22 105
90 113
138 127
139 15
103 26
117 43
58 89
125 1
48 70
61 50
119 83
123 29
110 120
18 108
38 85
138 92
2 124
105 90
98 84
19 72
108 131
124 51
47 113
32 116
50 61
143 121
133 137
121 127
71 26
66 71
35 31
60 54
86 128
93 91
90 53
75 136
134 35
115 124
112 2
72 41
54 25
102 94
143 119
71 138
135 10
3 10
49 22
128 141
38 138
52 51
31 5
95 129
54 144
53 115
132 116
143 85
85 120
128 99
90 11
105 70
110 73
53 110
95 79
19 121
77 59
102 113
43 110
121 125
104 57
12 132
119 18
131 118
111 48
63 78
132 105
106 92
78 121
137 114
73 117
32 13
80 93
71 37
102 81
98 56
139 100
109 122
118 143
3 105
127 138
95 5
92 33
55 107
88 105
45 58
132 95
111 6
141 108
77 116
82 104
70 65
135 28
51 27
128 8
125 137
137 101
1 44
50 47
121 135
64 40
27 110
104 68
77 78
33 14
87 19
100 20
94 104
53 31
100 68
24 44
109 5
133 97
3 44
28 101
35 73
92 114
48 111
113 6
55 82
76 134
130 55
60 118
84 83
14 98
62 16
8 59
88 83
110 130
23 8
136 23
84 81
53 93
14 45
137 15
132 79
69 105
93 21
94 30
138 133
72 11
82 125
118 141
10 133
49 87
103 34
87 143
16 80
7 56
103 141
143 1
19 78
52 125
38 4
63 126
63 80
125 38
26 53
107 52
71 111
71 18
51 103
16 42
24 102
86 80
107 5
129 57
60 68
116 129
16 37
133 66
50 51
16 1
23 2
46 40
75 139
119 102
108 136
138 6
63 38
39 83
104 40
63 14
96 39
13 24
4 142
6 121
107 10
52 29
70 39
137 91
58 68
26 42
133 78
87 37
20 22
96 121
126 70
13 127
135 86
40 108
14 139
0 49
49 12
7 89
56 44
22 0
114 49
138 21
33 94
108 72
91 65
111 131
143 82
113 13
94 45
51 64
99 89
121 23
72 88
128 130
74 134
31 45
0 55
24 104
50 42
94 75
72 75
69 34
95 43
128 35
29 3
31 15
49 69
17 119
1 82
117 37
117 74
68 66
44 61
87 120
90 8
94 47
73 125
78 131
77 139
45 94
129 1
87 64
93 10
75 30
70 137
51 31
113 99
95 77
105 143
131 18
13 85
17 90
5 6
40 124
131 38
26 82
0 80
44 59
89 90
43 9
85 98
89 65
37 98
47 118
94 122
53 112
65 45
72 143
22 6
111 30
101 110
15 111
24 81
36 29
135 49
142 144
46 15
66 30
75 109
81 137
60 16
120 113
28 111
76 11
40 23
52 132
26 31
51 49
51 92
20 45
121 8
65 79
98 103
63 134
41 65
18 70
79 13
138 74
100 109
140 133
24 132
106 104
20 94
87 73
92 93
73 85
73 5
61 100
3 51
62 143
7 46
128 132
133 117
64 119
18 37
38 70
94 120
96 34
136 21
54 7
53 42
98 86
124 18
80 31
129 118
42 78
70 14
67 13
32 67
96 83
55 45
60 23
125 118
48 76
67 111
32 39
5 137
5 8
7 102
38 140
72 0
51 21
61 1
11 24
18 114
25 117
27 49
32 31
91 52
95 10
113 61
127 27
131 139
5 105
94 111
29 135
90 143
69 62
20 87
33 54
18 41
101 50
51 40
119 122
62 77
0 57
95 136
6 12
37 136
1 95
72 39
63 121
1 143
97 32
27 51
8 117
141 67
58 7
106 47
124 11
84 89
30 52
137 116
3 60
70 22
4 121
81 73
105 16
27 123
10 27
6 114
122 112
104 132
82 18
100 22
62 8
78 93
8 133
104 92
12 6
35 101
140 135
126 28
80 103
109 132
56 67
6 68
41 6
82 86
69 44
25 2
24 89
74 74
54 85
107 102
57 42
74 20
75 52
105 96
3 31
17 72
125 85
41 112
66 39
97 105
65 126
50 14
33 121
112 29
111 110
54 125
69 51
82 36
48 35
110 55
69 54
61 104
48 39
124 64
46 142
23 141
104 94
50 77
123 9
76 101
52 134
125 104
24 95
97 72
108 48
68 58
38 22
4 136
25 17
127 9
6 123
114 86
123 116
34 92
121 123
106 124
55 27
60 77
50 75
123 54
107 37
119 126
84 70
128 134
114 7
55 23
122 31
38 13
1 30
32 65
33 74
22 103
76 132
105 8
14 42
14 70
65 124
124 80
34 95
47 17
26 57
88 103
38 33
2 101
101 33
33 143
55 118
6 14
114 35
42 42
24 93
15 19
89 134
78 50
16 109
37 131
68 136
76 2
138 129
57 8
1 32
114 11
14 62
131 66
78 98
131 10
112 72
1 58
63 33
115 5
64 15
20 70
123 35
69 101
10 70
121 104
116 107
54 62
56 84
134 27
4 117
7 7
130 142
3 33
0 120
107 83
25 91
17 112
118 129
143 68
119 36
112 137
50 102
129 81
129 59
0 133
121 58
110 13
42 53
44 24
84 44
106 71
109 38
112 70
34 125
48 137
124 66
46 42
61 59
120 142
18 80
61 112
10 5
49 49
96 87
27 66
40 117
52 130
133 53
89 51
47 135
22 45
32 53
20 28
24 10
103 117
90 105
4 27
37 51
40 105
68 110
123 24
31 93
