64 142
82 39
59 1
87 71
43 117
43 96
142 80
130 85
117 88
64 128
67 34
102 49
53 27
8 130
38 15
129 136
141 102
95 28
82 8
89 47
9 25
120 37
86 82
65 120
92 111
109 1
65 33
2 15
65 77
25 29
13 118
9 87
37 94
27 95
79 143
143 27
141 1
124 70
120 56
125 95
11 79
107 129
132 114
10 101
57 22
77 51
3 19
53 131
141 25
130 83
50 40
84 100
96 2
21 8
67 78
76 21
33 97
31 89
96 30
49 47
62 118
72 135
25 131
59 3
133 9
9 60
40 48
139 107
27 141
135 52
9 62
61 14
65 89
26 121
16 92
36 114
12 98
32 6
43 7
35 26
73 140
15 40
119 73
94 89
98 17
100 17
62 24
74 130
98 138
3 65
141 82
47 36
37 74
68 63
7 25
75 114
15 33
7 124
48 57
0 84
97 50
113 62
60 107
113 88
18 2
22 93
22 98
30 32
136 132
62 40
32 95
50 85
56 88
55 31
2 17
37 31
0 43
131 20
2 141
24 121
29 113
67 50
3 29
21 142
111 4
143 110
129 9
19 68
88 53
114 114
26 88
105 58
133 76
117 82
123 105
96 85
110 29
101 89
11 89
91 50
25 80
126 52
128 66
27 112
78 117
84 114
43 26
44 43
144 118
132 92
121 102
41 33
28 36
54 105
50 64
16 101
27 139
42 24
5 54
31 65
140 3
71 87
41 125
80 99
81 12
14 95
39 106
15 86
133 106
130 144
26 0
123 21
100 4
29 128
36 85
7 61
50 133
41 82
93 127
64 31
2 80
130 89
25 111
16 44
119 131
86 111
8 71
60 75
96 75
74 87
49 72
86 102
101 116
67 101
127 43
89 132
5 98
23 29
67 80
40 0
31 76
4 127
78 102
13 51
64 92
131 96
112 12
28 103
50 100
17 7
120 129
128 139
74 1
44 16
58 87
37 66
2 134
116 86
103 112
127 29
102 1
5 143
131 136
122 65
8 80
109 83
4 123
60 0
80 50
36 108
2 28
107 46
60 69
10 29
36 100
23 41
60 120
59 56
127 54
11 26
53 107
35 28
132 36
27 102
89 62
35 53
143 42
48 139
113 106
124 78
110 53
72 20
127 69
109 52
118 107
135 106
78 62
38 117
24 57
39 73
109 7
119 124
125 43
66 91
22 96
43 85
143 71
140 80
31 129
68 103
62 106
60 30
116 96
75 42
144 69
53 14
113 64
126 11
85 79
108 70
50 124
21 81
130 8
128 11
29 24
74 121
32 16
46 137
87 133
127 58
25 8
71 43
121 111
9 102
5 103
104 38
30 22
60 9
106 22
36 63
137 123
4 13
116 1
22 89
83 90
105 94
21 51
10 53
47 116
136 98
112 135
114 26
55 124
67 56
110 50
17 15
5 43
129 65
64 23
8 28
143 61
127 131
128 45
20 102
82 5
38 41
79 141
133 74
20 108
33 52
37 115
129 13
115 74
103 96
12 130
107 126
10 81
99 49
90 35
135 114
102 68
113 109
115 35
13 26
14 72
82 106
72 27
6 136
64 8
103 100
138 43
88 23
113 47
43 94
19 6
24 15
72 118
10 2
87 129
38 49
75 79
107 123
9 79
84 31
92 99
94 9
3 84
47 123
10 18
23 50
129 143
79 115
1 85
42 80
136 89
96 9
131 77
35 43
24 52
7 13
56 126
109 41
62 57
73 129
93 49
91 97
2 26
79 72
23 94
125 13
33 83
26 19
144 112
39 112
2 10
136 35
37 64
107 35
41 71
92 109
33 50
3 82
25 33
108 68
103 32
123 114
62 79
34 123
88 141
101 106
54 58
74 89
117 47
103 51
119 58
111 39
62 10
128 116
54 95
115 28
48 50
19 8
86 140
39 25
20 89
96 41
39 130
93 135
96 78
73 42
9 14
71 77
49 104
142 69
111 85
132 72
132 64
106 38
58 142
13 120
125 72
125 53
51 3
87 98
125 139
83 72
8 26
115 47
7 35
111 19
41 10
99 105
67 76
95 7
49 59
91 133
79 54
16 54
56 61
17 116
74 8
76 9
111 113
133 103
95 106
143 51
4 11
128 118
90 92
115 97
140 61
62 120
55 9
30 72
63 136
85 72
65 87
108 13
84 12
69 5
37 86
40 42
58 70
126 47
56 7
126 37
8 100
91 91
21 2
61 133
12 108
132 61
49 112
8 126
12 2
35 121
24 59
53 89
9 89
79 32
76 61
113 97
90 66
10 51
65 13
88 143
125 26
89 49
61 56
56 63
87 0
127 2
82 43
143 143
81 52
29 34
23 119
35 90
109 134
141 132
42 67
52 1
54 29
6 21
120 17
6 116
94 113
123 33
30 68
52 108
123 86
110 71
1 102
37 42
37 134
27 2
92 22
83 68
101 140
96 15
24 129
134 64
133 83
139 13
117 35
6 100
10 4
83 19
18 55
34 13
107 30
38 119
19 24
99 97
26 10
82 123
22 43
28 82
15 137
14 110
66 41
18 140
91 135
72 25
108 121
65 29
56 29
47 48
55 117
54 135
69 81
126 45
63 12
135 46
133 91
16 71
29 74
21 13
111 97
96 104
139 8
90 144
83 82
72 96
103 66
102 16
65 141
119 104
17 56
116 49
46 4
133 21
105 116
117 72
90 55
108 144
17 78
100 13
35 83
138 17
94 3
118 49
37 25
66 128
117 128
9 77
125 55
116 45
42 118
100 60
25 123
58 44
27 135
105 18
56 86
35 94
77 94
76 26
117 103
93 32
77 114
69 37
108 124
127 96
15 127
116 94
68 36
122 10
81 44
17 25
113 4
97 65
52 105
135 96
104 49
143 78
141 121
115 105
75 68
92 105
122 84
102 65
64 82
92 30
3 143
133 122
29 90
138 125
85 37
74 144
45 118
72 9
120 133
70 53
78 12
62 22
113 142
70 135
67 44
130 119
22 57
115 108
91 63
17 136
82 84
125 19
100 103
56 90
112 49
6 126
62 110
5 23
43 81
107 8
125 9
95 123
31 23
12 16
97 123
70 60
15 63
88 86
26 104
32 57
105 31
71 120
16 114
134 143
126 119
29 1
42 54
24 63
3 63
124 40
97 137
112 139
10 40
82 88
113 27
79 30
61 135
124 93
12 0
16 60
8 33
87 117
99 95
136 43
140 126
16 118
70 103
85 60
102 21
36 96
93 137
36 33
118 16
137 33
17 19
51 62
139 39
37 142
9 36
27 80
93 64
56 35
81 38
15 94
79 70
28 59
128 31
43 129
18 102
14 131
102 58
118 76
142 134
86 104
127 13
41 25
85 91
88 82
7 119
133 19
100 58
86 115
106 49
69 90
68 6
116 37
0 62
43 17
75 141
62 31
141 23
24 83
70 20
69 79
81 26
117 125
112 87
18 20
109 106
55 80
74 123
17 43
73 90
115 88
95 19
33 44
134 50
69 71
108 53
88 115
48 141
29 92
122 67
19 29
60 73
51 23
140 94
48 14
48 78
97 126
96 119
41 8
137 107
43 63
74 10
5 66
58 144
104 80
37 129
112 55
21 123
17 110
40 29
59 15
125 3
42 31
5 45
10 131
126 67
73 19
10 16
118 71
84 58
61 66
70 10
134 36
2 50
73 4
16 62
135 130
23 110
133 38
85 130
74 96
36 92
6 87
37 72
142 87
17 33
20 26
136 45
112 74
142 84
51 137
2 13
7 23
129 54
57 140
54 109
95 125
127 129
7 43
52 32
98 81
13 137
71 72
62 108
59 99
102 18
79 52
60 105
32 99
94 41
70 109
51 112
22 64
46 38
65 22
8 69
98 74
92 8
121 53
114 44
139 73
105 132
26 44
89 9
40 81
85 18
136 75
38 108
126 30
141 119
31 91
13 87
2 36
70 96
120 137
139 19
44 77
81 135
115 3
118 105
131 106
3 5
138 37
63 88
77 31
58 85
37 61
113 38
68 39
1 64
29 66
65 24
68 113
12 70
119 69
65 57
4 96
110 135
16 82
76 129
34 11
115 126
124 27
75 116
1 53
26 64
120 15
45 71
105 36
90 37
87 17
144 45
7 138
36 12
91 10
106 81
100 15
3 102
63 56
72 74
129 44
0 110
78 60
60 40
90 33
102 23
123 19
98 40
89 129
90 127
57 124
7 104
60 96
109 46
123 52
5 56
24 78
61 114
116 76
19 16
11 77
62 54
113 113
104 72
19 141
130 115
2 6
55 66
86 85
116 17
21 140
103 17
24 19
64 90
36 133
75 83
133 29
42 127
30 103
141 41
16 134
142 94
118 133
62 75
18 82
93 51
101 120
134 115
66 58
102 25
69 13
18 134
18 88
119 93
15 135
122 17
131 1
114 29
82 32
105 134
51 13
101 3
127 133
46 60
78 0
127 136
110 21
110 69
93 129
84 35
137 8
61 94
136 50
139 131
23 79
40 139
67 88
49 123
115 63
72 123
31 104
105 51
65 70
53 117
91 128
55 3
135 20
74 40
42 131
59 71
51 128
139 41
90 103
134 85
86 113
117 131
57 136
23 13
92 85
76 13
45 143
6 118
49 74
37 120
66 143
132 108
101 96
36 88
28 17
54 1
98 125
90 57
142 117
80 68
138 137
86 100
79 136
122 79
14 1
48 43
101 91
141 4
136 27
75 143
78 100
68 30
48 86
38 113
139 103
140 6
73 142
126 127
110 3
54 87
112 76
127 0
68 52
7 98
18 74
37 106
89 39
74 27
44 65
45 98
116 12
108 105
40 55
111 61
60 50
109 30
116 115
28 52
107 133
59 101
47 87
36 14
123 103
23 91
1 18
53 3
86 119
66 5
80 36
93 7
41 89
16 139
111 41
54 44
43 33
90 114
2 122
18 118
39 31
15 35
131 98
42 76
131 75
78 119
68 60
137 19
125 97
92 57
77 80
132 85
4 86
135 116
111 108
109 9
69 88
139 34
6 70
121 121
75 81
122 116
31 74
84 61
116 84
88 65
3 58
45 8
100 48
51 101
142 3
55 121
24 43
13 40
77 96
130 104
104 98
23 131
64 42
131 73
87 2
102 39
118 45
137 130
82 13
48 16
3 113
98 55
110 138
80 119
20 121
23 11
69 111
2 116
44 87
121 29
31 81
30 59
138 99
63 66
61 102
50 105
54 13
131 57
84 112
90 85
60 44
112 95
11 119
71 89
11 50
101 142
97 107
39 142
119 0
43 89
140 137
60 103
116 99
93 69
90 22
120 19
87 39
69 56
138 134
0 141
42 108
0 47
134 62
44 132
91 68
123 42
89 17
15 129
134 54
25 46
88 1
0 122
55 60
143 132
33 63
5 125
103 115
67 32
104 82
50 126
135 91
142 52
138 35
39 50
3 94
127 140
117 92
120 143
38 128
101 118
112 93
71 12
34 37
19 123
35 61
52 77
54 40
25 119
37 27
17 35
104 64
144 53
110 144
30 36
1 104
86 35
20 118
4 115
144 134
71 98
53 24
53 50
113 111
22 118
36 138
60 25
36 140
70 0
118 94
24 0
17 39
0 51
27 70
60 57
20 97
12 96
75 85
122 56
34 99
40 128
131 59
16 21
35 141
52 6
12 4
136 37
48 106
40 6
66 103
77 69
32 21
41 27
73 138
59 135
28 137
63 21
39 61
52 4
61 52
79 134
87 51
98 29
28 50
76 73
127 98
67 90
18 27
65 43
97 67
52 91
80 11
32 55
42 22
124 31
119 135
0 60
95 138
131 87
111 141
131 121
75 19
81 24
85 1
40 126
123 110
95 50
48 125
114 75
57 122
4 80
23 143
65 38
62 18
131 6
31 30
35 51
114 1
77 142
22 108
80 33
78 132
103 15
85 50
126 65
82 60
52 138
95 32
29 64
122 25
118 57
13 129
131 81
102 41
53 136
44 79
69 15
141 73
144 59
79 94
31 34
18 17
74 72
91 6
83 41
5 4
63 6
70 58
98 135
48 41
131 91
55 42
108 138
142 136
61 42
25 109
11 52
111 57
45 89
32 37
71 137
3 7
63 100
61 116
11 103
78 9
29 105
17 22
96 73
25 12
134 98
80 105
74 100
140 74
22 4
1 34
93 97
140 71
28 71
87 131
83 37
19 119
91 24
41 110
59 42
88 127
41 107
95 127
73 98
1 73
47 59
70 55
31 117
2 62
67 105
127 72
122 108
95 71
100 98
54 133
111 122
111 27
12 42
112 121
139 5
38 62
136 100
17 45
55 111
80 101
24 75
0 87
43 11
34 139
30 16
95 48
81 121
135 25
113 85
96 17
0 27
42 87
54 64
22 104
90 112
138 127
139 15
103 26
117 43
58 89
125 1
47 70
62 50
118 83
123 29
110 121
18 108
38 85
139 92
1 124
105 90
98 84
19 72
107 131
124 51
47 113
32 116
51 60
143 121
133 138
121 128
70 26
67 72
35 31
60 54
86 128
93 91
90 53
75 135
134 34
116 124
112 2
72 41
55 25
101 94
143 119
71 139
135 9
3 9
49 22
128 141
38 138
52 52
31 4
95 129
53 144
53 115
132 116
143 85
85 120
128 100
89 11
105 70
110 73
53 110
94 79
18 121
76 59
102 113
43 110
121 125
104 56
12 132
118 18
132 118
111 48
63 78
132 104
106 92
79 121
137 113
73 116
32 13
80 93
71 37
102 81
99 56
139 101
109 123
118 143
3 104
127 138
95 5
92 33
55 107
88 105
45 58
132 94
111 6
141 108
77 116
82 104
69 64
135 29
51 27
128 8
125 137
137 101
1 44
51 48
121 135
64 40
27 110
104 68
77 78
33 15
87 19
100 19
94 104
53 31
100 68
24 45
109 5
133 96
3 44
29 101
35 73
92 114
48 111
113 6
56 82
76 133
130 55
60 118
84 83
14 97
63 16
8 59
88 84
109 130
23 8
136 23
84 81
53 93
15 46
137 15
132 79
69 105
93 20
94 30
138 132
72 11
83 125
118 141
10 133
49 88
102 34
86 142
16 80
7 56
103 141
143 1
19 78
52 125
38 4
63 126
63 80
126 39
26 53
107 52
71 111
71 18
51 103
16 42
25 102
86 80
107 6
129 56
60 67
116 129
16 37
133 66
50 51
16 2
23 2
46 40
75 139
119 102
108 136
138 6
63 38
40 83
104 40
63 14
96 39
13 24
4 141
6 121
107 10
52 29
70 39
137 90
58 68
26 42
133 78
87 37
19 22
96 121
126 70
13 127
135 86
40 108
14 139
0 49
49 12
8 88
56 44
22 0
114 49
138 21
33 94
108 72
91 65
111 131
143 82
114 13
94 45
52 65
99 90
122 23
73 88
129 130
74 134
31 44
0 55
24 104
51 42
94 75
72 76
69 34
94 43
128 36
29 3
31 15
50 70
17 119
1 82
118 37
117 74
68 65
44 61
87 120
90 8
94 47
73 125
78 130
77 140
45 95
129 1
88 63
93 10
75 30
70 137
51 31
114 99
94 77
106 142
131 18
13 85
17 90
5 6
39 124
131 38
26 81
0 80
44 59
89 90
43 9
85 98
90 64
36 98
47 118
94 122
53 112
66 45
72 143
22 6
111 31
101 111
15 111
24 81
36 29
135 48
141 144
46 15
66 31
75 109
81 137
61 16
121 113
29 111
76 11
40 23
52 132
25 31
51 50
51 92
19 45
121 8
65 79
98 103
63 134
42 65
18 70
80 13
138 74
101 109
140 133
24 133
106 105
21 94
87 73
92 92
73 85
73 6
61 100
2 51
62 143
7 46
129 132
134 117
64 119
18 37
39 70
94 120
96 34
136 21
54 7
53 42
98 86
124 17
80 31
130 117
42 78
70 14
67 14
32 66
96 83
55 46
60 23
125 118
49 76
67 111
33 39
5 137
5 8
7 102
38 140
72 1
51 21
61 1
11 24
18 114
24 118
27 49
32 32
91 52
95 11
113 60
127 27
131 138
5 105
94 111
29 136
90 142
69 62
20 87
33 54
18 41
101 50
52 40
119 122
62 77
0 57
95 136
5 12
37 136
2 95
72 39
63 121
1 143
97 32
26 51
8 117
141 67
58 7
106 47
124 11
84 89
30 52
137 115
3 60
71 22
4 121
81 73
105 16
28 123
10 27
6 114
123 112
103 132
81 18
100 22
62 8
78 93
8 133
104 92
12 6
34 101
140 135
126 28
80 103
109 132
56 67
6 68
42 6
82 86
69 43
25 2
24 89
74 74
54 85
106 103
57 42
74 21
75 52
105 96
3 31
17 72
124 85
41 112
66 39
97 105
66 126
49 14
33 122
112 29
111 110
54 125
69 51
82 36
48 34
110 55
68 54
61 104
48 39
124 64
46 142
23 141
103 94
50 77
123 9
76 101
52 134
125 104
25 95
97 72
108 48
68 58
39 23
4 136
25 17
127 9
6 123
114 86
124 116
34 92
121 123
106 124
56 27
60 78
51 75
123 54
107 37
119 126
84 70
128 134
114 7
55 23
122 31
38 13
1 30
32 64
33 74
22 102
76 131
105 9
14 42
14 69
65 124
124 80
34 95
46 17
26 58
88 104
38 33
3 100
101 32
33 143
54 119
5 15
114 36
42 42
24 93
15 19
89 134
78 50
16 109
37 131
68 136
75 3
139 129
58 9
1 32
114 11
15 61
131 66
78 98
131 10
112 72
1 58
63 33
115 5
65 15
20 70
122 35
69 101
10 70
121 104
116 107
54 62
56 84
134 27
4 117
7 7
130 142
3 34
0 120
107 83
25 91
17 112
118 129
143 67
119 35
112 137
49 102
129 81
129 58
0 133
121 58
110 13
41 53
44 24
84 43
106 72
109 39
112 70
35 125
48 137
124 66
46 42
61 59
120 141
18 80
61 112
11 6
49 49
96 87
27 65
40 117
51 130
133 52
89 51
47 135
22 45
31 53
20 28
24 10
103 117
90 105
4 27
37 50
40 105
68 109
123 23
31 93
