63 142
82 40
60 1
87 71
43 119
43 96
143 80
130 85
116 89
63 126
66 34
102 48
53 27
8 131
38 14
128 136
140 102
95 28
81 6
88 48
9 25
120 36
86 82
66 120
91 112
110 1
65 33
2 14
65 76
23 30
13 118
9 87
37 94
27 95
79 143
143 26
140 1
124 71
121 56
126 94
12 79
107 129
131 114
10 101
55 22
76 52
2 17
53 131
141 25
131 83
50 41
84 100
95 3
20 7
67 78
75 20
33 97
30 89
96 30
48 47
62 117
73 135
25 130
61 3
133 9
9 60
39 49
139 109
25 140
136 52
8 62
61 14
65 89
26 121
16 91
36 113
12 98
32 5
44 7
35 26
74 140
15 41
119 73
95 90
98 17
100 18
61 23
74 131
98 137
3 65
142 82
48 36
37 74
68 63
7 25
75 115
15 33
7 124
49 57
0 84
97 49
112 60
60 107
112 88
16 2
22 93
22 99
31 32
136 132
62 40
32 95
49 85
56 89
55 31
0 16
37 31
0 44
131 20
2 142
24 121
29 112
66 50
3 29
21 142
111 4
142 110
130 10
18 68
88 53
115 112
25 88
104 58
134 76
116 83
122 105
96 84
110 28
101 89
10 89
91 50
26 80
127 51
129 65
27 112
78 118
84 114
43 26
44 43
0 118
132 92
120 102
41 32
29 36
54 105
50 62
17 103
26 139
42 24
6 55
31 65
139 2
70 87
42 124
80 99
81 12
14 94
39 106
13 87
134 106
130 143
26 1
123 21
100 5
30 129
37 84
7 60
49 133
41 82
93 127
64 31
2 80
130 89
25 111
16 45
119 131
86 111
9 71
60 75
96 76
74 86
49 72
84 102
102 115
67 101
128 44
89 132
6 98
22 28
67 80
41 143
31 75
4 127
78 102
14 50
64 92
131 96
112 11
28 104
50 100
17 7
121 129
128 138
74 2
44 17
58 87
38 66
2 135
116 87
103 111
127 28
102 1
5 144
130 137
123 66
8 80
109 83
3 123
61 144
80 51
36 108
2 28
107 46
59 69
10 29
36 99
23 41
60 120
59 56
127 53
11 26
53 106
35 28
133 36
27 102
90 62
34 52
143 42
48 138
113 107
124 78
110 53
71 20
126 68
108 51
118 106
135 107
79 61
38 117
25 57
38 73
109 7
119 124
126 43
66 91
22 97
44 86
142 71
141 80
32 128
68 103
61 106
60 30
116 95
75 42
143 70
52 14
112 62
126 11
84 79
108 70
50 124
22 81
131 8
128 11
30 24
73 121
31 16
46 137
87 133
127 58
24 8
71 43
121 111
8 102
5 103
104 37
30 21
60 8
105 22
36 62
138 124
4 13
116 1
22 89
84 90
105 93
23 52
12 53
47 117
136 97
112 136
115 28
55 124
67 56
110 50
17 15
5 43
130 63
63 23
8 29
143 61
126 131
129 46
21 102
83 5
38 43
79 140
133 74
19 109
32 52
37 115
129 13
115 74
103 96
12 130
107 126
10 81
99 48
91 35
135 114
103 69
113 109
115 35
13 27
14 71
82 105
71 27
7 136
63 8
102 98
139 43
89 21
113 48
42 94
18 6
24 15
72 119
10 2
88 129
37 49
75 79
107 122
10 79
85 34
92 100
94 9
2 84
46 124
9 17
24 50
128 142
78 116
1 85
42 80
135 89
96 9
132 77
36 43
25 53
7 13
55 126
109 40
62 58
73 129
93 48
91 98
2 26
80 72
23 95
125 12
34 84
27 19
143 111
39 112
2 10
136 35
37 64
107 35
40 72
91 109
31 50
3 82
24 34
108 68
104 33
122 114
62 78
35 123
87 141
101 105
53 58
74 88
117 47
102 50
120 58
110 38
63 10
128 117
52 93
115 30
48 51
19 8
85 141
39 25
20 90
96 41
39 129
92 134
97 78
73 43
9 13
71 75
49 104
141 69
111 85
133 72
132 64
106 38
58 142
13 120
125 72
125 53
51 2
87 99
125 138
83 73
8 27
115 47
7 36
111 18
42 10
99 104
67 75
96 7
50 59
91 133
79 55
16 54
56 61
16 116
74 8
76 9
112 112
134 103
95 106
143 51
4 11
128 119
89 92
115 97
139 62
62 119
56 8
29 72
63 135
85 72
65 87
108 11
83 13
70 5
37 86
40 41
58 71
127 47
56 6
126 37
8 100
91 90
20 2
60 133
13 109
132 62
50 113
8 126
12 2
35 121
24 59
55 90
8 89
79 33
77 60
113 96
90 66
11 51
65 13
88 143
124 26
89 50
61 56
55 63
87 0
127 1
82 44
143 143
81 53
30 34
23 119
36 90
109 135
142 132
44 67
53 1
54 29
6 21
120 17
5 116
93 112
122 32
32 67
52 108
122 86
110 71
1 101
37 41
36 134
27 3
92 22
83 69
101 140
96 16
24 128
134 64
133 83
140 14
117 35
6 100
11 4
83 20
18 54
34 13
106 29
38 119
19 24
99 97
25 10
81 123
23 43
28 82
15 138
14 111
65 41
18 140
91 135
72 25
108 121
64 29
56 29
47 49
55 118
53 135
69 81
127 45
64 12
137 46
133 91
16 71
29 74
21 13
111 98
95 104
139 8
90 143
83 83
72 96
103 67
102 17
65 141
118 104
18 56
116 49
47 3
133 20
105 116
117 73
91 56
109 144
16 79
102 14
35 85
137 17
93 5
118 48
37 25
65 127
117 127
9 77
126 55
115 45
41 119
100 58
25 123
58 44
26 135
105 18
56 87
35 93
76 94
75 26
116 103
93 32
77 114
69 38
108 124
128 96
16 127
116 93
67 36
122 10
81 45
17 26
113 4
100 65
52 104
135 96
104 49
144 78
141 120
115 106
75 69
91 105
121 84
103 65
64 81
92 30
3 143
133 122
28 90
140 126
85 37
74 0
45 118
73 9
120 133
69 52
78 12
62 21
113 142
71 135
67 43
130 120
23 57
115 108
92 63
17 136
83 85
125 20
99 102
56 91
112 50
6 126
61 110
6 23
43 82
107 8
125 9
95 123
32 23
11 16
97 123
69 60
16 63
88 85
26 104
32 57
104 31
71 120
16 114
132 142
126 118
28 1
41 52
24 65
4 63
126 41
96 136
111 140
11 39
82 89
113 28
80 31
61 135
124 95
11 0
17 60
8 34
88 116
99 95
137 43
141 127
15 118
70 103
84 60
102 21
36 95
93 136
37 33
118 16
137 34
17 19
52 62
140 39
37 141
9 36
28 80
93 64
55 33
81 38
15 93
78 71
28 58
127 30
43 128
19 102
14 131
102 56
118 77
142 134
86 103
127 13
41 26
86 89
88 81
7 119
133 18
100 56
86 115
106 49
69 90
69 7
116 37
0 62
42 17
76 141
62 31
140 23
25 83
69 20
69 79
79 27
117 125
111 87
18 20
109 107
56 81
74 123
18 43
73 89
114 89
95 19
34 44
135 50
69 71
107 53
88 114
47 141
29 92
124 68
19 30
60 73
52 23
140 93
47 14
47 77
96 125
97 120
42 8
137 108
43 63
74 10
5 67
59 144
104 81
37 129
111 55
21 123
18 110
40 29
59 15
125 2
42 31
6 45
10 131
127 66
72 18
9 15
118 71
83 58
60 67
71 9
135 37
2 50
74 4
18 62
136 130
23 111
133 38
86 129
74 96
36 92
5 86
37 72
143 87
17 34
19 26
138 45
112 74
143 84
50 138
2 12
8 23
129 55
59 140
54 108
94 125
126 129
7 43
51 32
98 81
13 138
71 72
61 108
60 99
102 19
78 53
60 105
32 99
94 40
70 110
52 112
22 64
47 38
66 23
9 69
98 75
92 8
122 55
114 44
139 73
105 132
26 44
88 9
40 81
85 19
138 76
38 108
125 30
141 118
30 91
11 87
2 36
70 96
120 137
139 18
44 78
80 134
115 3
117 105
132 106
3 5
139 38
63 88
78 31
57 85
37 61
112 38
68 39
2 64
30 66
65 25
67 113
12 69
117 70
65 56
4 96
110 136
15 83
75 130
33 11
116 126
123 27
74 117
1 53
26 66
120 14
45 69
105 36
89 36
87 18
0 46
7 138
35 11
91 9
105 83
100 16
3 102
63 56
72 73
130 44
0 110
78 59
60 40
91 33
102 23
123 20
97 40
90 129
91 127
57 125
7 104
59 97
109 46
123 53
5 57
25 78
61 113
116 76
19 15
11 77
62 54
113 113
105 71
20 140
129 116
1 6
55 65
86 84
116 17
22 140
103 17
25 19
64 90
37 132
75 83
133 28
42 126
30 104
142 40
16 134
141 94
118 133
62 74
17 82
93 50
102 118
133 115
66 58
103 25
69 13
18 135
19 88
120 93
15 136
122 18
130 1
113 30
83 34
105 134
50 14
101 2
127 133
46 60
78 144
127 135
111 20
110 69
94 129
84 36
137 8
61 96
137 50
140 131
23 79
40 139
67 87
48 123
114 62
72 122
31 106
104 51
66 69
53 119
92 129
55 4
135 19
73 41
41 130
60 71
51 127
140 41
90 103
134 85
86 113
117 131
58 136
23 13
92 84
76 13
45 144
5 118
48 73
36 120
65 143
133 108
101 97
36 88
27 16
55 2
98 125
91 58
143 117
79 70
139 137
86 101
80 136
123 80
13 0
47 43
102 90
140 4
136 26
76 143
78 100
68 30
47 86
38 113
138 103
140 6
74 142
125 127
110 3
54 88
112 76
127 143
67 52
8 98
19 73
37 106
89 38
73 27
44 65
43 98
116 12
108 106
40 53
110 60
60 50
108 29
115 114
28 52
107 133
60 101
47 88
36 13
122 103
23 91
1 18
53 3
87 118
68 5
80 36
94 7
41 89
16 140
111 40
54 44
43 32
90 115
2 122
17 117
40 31
15 35
132 98
42 76
132 75
77 120
67 60
137 19
126 96
93 56
77 79
132 85
3 85
135 116
111 108
109 9
69 88
139 34
7 70
121 121
76 81
122 116
31 73
83 62
116 85
88 65
3 58
46 8
100 47
51 101
141 2
55 122
25 42
13 40
76 96
130 105
104 97
23 130
63 41
131 73
88 2
102 39
118 45
138 130
82 14
47 16
1 114
98 55
110 138
79 119
20 121
22 12
69 112
1 116
45 88
121 28
33 82
30 57
138 99
62 66
61 102
50 105
53 12
131 58
84 112
90 84
60 44
111 96
11 119
71 89
12 49
100 142
97 107
39 142
120 0
43 89
141 137
60 103
115 99
92 69
90 23
120 19
87 39
69 56
139 135
0 142
42 108
144 47
134 62
44 130
91 67
124 42
89 18
16 129
136 54
25 46
89 0
0 122
54 60
144 133
34 62
5 125
104 115
67 32
103 83
50 126
135 91
142 53
138 36
37 51
6 94
126 139
118 92
121 143
39 127
101 117
111 94
71 12
33 36
19 123
35 60
51 77
54 41
25 119
37 27
18 36
105 66
144 53
111 144
31 36
1 103
86 35
19 117
3 115
0 135
71 98
54 23
53 50
113 111
21 118
36 137
59 24
37 139
71 0
118 94
24 1
17 39
0 51
27 70
60 58
20 98
12 95
75 85
123 56
34 98
41 128
131 60
16 21
35 141
52 6
13 4
137 37
48 106
40 5
66 103
77 69
32 21
42 27
73 138
59 134
27 137
64 21
39 61
51 4
61 52
78 135
87 51
97 29
28 50
76 73
127 98
67 89
18 28
65 43
98 66
52 90
80 11
31 55
41 22
124 31
119 135
1 60
94 137
131 87
112 142
132 121
74 18
80 26
86 2
40 126
123 110
95 50
48 125
114 76
57 123
4 80
23 144
65 38
62 18
130 6
32 31
33 50
114 2
77 142
21 110
81 34
78 133
103 15
87 49
127 65
82 60
52 137
95 32
30 64
122 25
119 56
14 129
132 81
103 41
51 136
44 80
69 15
141 73
144 59
78 95
32 34
18 17
74 72
92 6
83 42
5 4
62 7
70 58
98 135
48 41
132 90
55 42
108 139
143 136
61 42
24 110
13 51
110 57
45 90
32 38
72 137
3 7
63 101
61 116
10 103
78 10
29 106
17 22
96 74
24 12
134 98
80 105
74 100
139 75
21 4
1 34
93 98
140 71
27 72
87 131
83 38
18 119
91 24
41 110
59 42
89 127
41 107
95 127
73 98
2 73
47 59
70 54
31 118
2 62
67 105
127 72
122 109
96 72
100 99
53 133
111 123
112 27
12 41
113 121
138 4
38 63
136 99
18 45
55 110
79 101
26 76
1 87
43 11
35 139
29 16
95 47
81 121
135 25
113 85
97 18
0 27
43 87
53 64
22 103
89 113
139 127
139 16
105 24
116 43
58 89
125 0
47 70
62 51
118 83
123 29
111 121
17 108
39 85
139 91
1 124
104 90
98 83
19 71
107 131
124 51
48 113
32 116
51 61
143 121
132 138
121 127
70 25
67 71
35 31
60 54
87 128
93 91
90 53
75 135
134 35
116 124
112 2
71 41
54 25
101 95
143 119
71 139
135 7
4 9
51 21
128 140
38 138
52 51
30 4
96 128
54 0
53 117
131 116
144 86
85 119
127 100
89 11
106 70
110 73
53 110
95 79
17 121
77 58
103 113
43 110
121 125
104 56
12 132
118 18
132 118
111 48
64 77
132 104
105 91
79 121
136 112
72 117
32 13
79 93
71 37
102 81
98 57
139 101
109 123
119 143
3 104
127 137
95 5
93 34
55 106
87 105
46 58
132 95
111 6
140 110
76 116
82 103
70 63
135 28
51 27
129 8
125 136
137 101
2 44
50 47
121 135
64 40
26 110
105 69
77 77
32 14
87 20
100 20
94 105
53 31
101 70
24 44
109 5
133 96
4 44
29 102
35 73
91 114
49 111
113 6
56 83
76 134
131 56
60 118
85 83
14 96
63 16
8 58
88 83
109 130
22 8
135 23
84 81
53 92
15 47
138 15
133 80
69 105
94 21
94 30
138 133
72 11
83 122
118 141
11 133
49 87
101 33
86 143
16 81
7 56
102 141
142 0
18 78
51 125
38 5
63 124
63 79
126 39
26 53
106 51
71 113
70 18
51 103
16 43
25 102
86 80
107 6
129 57
58 67
116 129
16 37
133 66
50 51
14 2
22 2
46 40
75 139
118 101
108 137
137 6
63 38
39 83
104 39
63 14
96 39
13 25
4 142
6 121
107 10
52 29
70 39
137 90
57 69
27 42
134 78
87 37
20 22
96 121
126 70
14 126
134 87
40 108
14 140
0 49
48 13
7 87
56 44
21 1
114 49
138 20
33 93
109 72
92 65
111 132
144 82
114 13
94 44
51 64
100 91
122 23
72 87
128 130
74 133
32 45
0 55
24 103
51 43
94 75
73 75
68 34
94 42
128 36
29 3
30 14
49 69
16 119
1 82
118 36
117 75
69 65
44 61
87 120
90 7
93 46
73 124
77 131
77 140
45 94
129 0
88 63
93 10
76 31
70 137
50 30
113 98
95 77
107 144
131 18
12 85
18 90
5 6
40 124
131 37
26 82
0 80
44 59
89 90
44 9
85 99
90 64
36 97
47 119
94 121
54 112
66 45
72 144
22 6
110 30
101 109
16 112
24 81
36 29
136 48
141 143
45 16
66 31
73 109
82 136
61 16
121 113
28 110
76 11
40 24
51 132
24 32
51 49
51 91
20 46
121 8
65 79
97 103
62 133
42 65
18 70
80 13
137 74
101 107
140 133
24 131
106 105
21 95
87 73
91 92
74 84
73 6
61 100
3 52
63 144
8 45
128 132
133 117
64 118
18 38
38 71
95 120
96 34
136 21
54 7
53 42
98 85
124 18
81 32
130 118
42 78
71 14
67 14
33 66
96 82
55 46
60 22
124 118
47 75
67 111
34 38
5 137
5 8
6 102
39 140
72 1
53 21
62 1
11 24
18 115
24 117
26 49
33 33
91 52
95 11
111 58
126 26
130 139
5 105
93 110
28 135
89 141
68 61
21 88
33 54
17 41
101 49
52 41
119 122
62 76
0 57
94 135
6 12
38 136
4 94
72 39
64 120
1 143
97 32
26 51
6 117
140 67
59 6
106 47
124 10
84 88
30 51
136 115
3 60
70 22
4 121
82 72
105 16
27 122
10 27
5 114
123 112
104 133
82 18
100 22
62 9
77 93
9 133
103 92
14 6
34 100
141 135
125 28
80 103
109 132
56 67
7 68
42 6
83 87
69 42
24 3
24 90
74 74
54 86
108 104
57 42
73 20
74 53
105 95
3 32
17 72
123 85
42 112
66 39
97 105
65 125
49 15
33 123
111 29
112 110
54 125
68 50
82 36
47 34
109 55
68 54
61 104
48 39
125 64
47 143
24 142
103 94
49 77
123 8
76 101
51 134
124 104
25 95
97 73
108 48
68 58
38 23
5 135
25 17
127 9
5 123
114 87
124 115
34 91
121 123
106 124
55 27
60 77
49 75
124 55
107 37
119 126
83 71
128 134
114 7
56 24
122 30
37 12
1 30
33 64
33 73
23 102
76 132
105 8
14 42
15 69
65 123
125 80
34 95
46 18
26 59
88 103
39 33
3 100
102 31
35 143
55 120
6 14
114 37
42 42
24 93
15 19
89 134
78 51
16 109
38 131
69 135
76 3
140 129
58 8
1 32
114 11
16 61
131 65
78 98
132 10
112 72
1 58
63 33
115 5
65 15
20 69
123 34
69 101
10 69
120 105
117 107
54 62
55 85
134 26
3 117
7 7
130 141
3 34
0 120
107 83
25 92
18 112
118 129
142 68
119 35
112 138
49 102
130 81
129 59
1 133
122 58
110 12
39 51
44 24
84 43
107 72
108 39
112 70
33 125
48 137
125 66
46 42
61 60
120 142
18 80
60 112
12 6
49 49
96 86
28 66
40 118
51 129
134 52
89 52
47 135
22 45
31 53
20 28
23 10
103 116
89 105
4 27
35 50
40 105
69 110
124 24
31 93
