65 142
84 40
59 144
87 72
43 119
40 92
0 80
132 85
114 88
63 124
65 36
102 48
53 27
7 129
38 15
128 136
139 102
94 30
85 6
88 48
8 26
119 33
87 83
65 119
92 111
109 1
64 34
4 15
66 77
24 30
13 119
11 88
38 92
28 95
78 144
141 25
142 1
123 72
121 57
128 96
11 80
107 129
132 114
10 101
56 22
78 52
3 17
53 130
140 24
133 84
49 41
85 99
93 3
19 8
67 78
75 22
34 96
34 88
94 32
48 46
62 117
72 135
26 130
60 1
133 9
8 59
38 50
139 109
24 140
136 51
10 60
61 14
66 89
25 119
16 93
36 113
14 96
33 3
44 8
35 25
73 140
16 42
119 72
93 89
98 19
100 19
62 23
74 132
97 136
5 64
143 82
46 37
36 75
67 64
6 25
75 116
15 35
6 125
48 59
2 84
98 50
111 58
59 107
110 89
15 2
22 93
22 99
32 33
137 131
62 40
33 94
47 86
57 87
56 30
2 16
37 30
143 44
133 22
3 142
23 120
27 110
68 51
1 28
22 142
110 4
140 110
129 10
20 70
89 53
116 112
22 88
103 60
135 77
113 83
122 105
95 85
110 29
102 88
11 90
91 50
26 80
126 52
129 66
25 110
77 120
85 114
43 26
44 42
0 117
133 94
121 102
40 32
30 37
56 105
50 62
19 100
26 141
42 24
6 57
32 65
140 3
71 86
41 124
80 99
81 11
14 93
38 106
14 87
134 106
130 143
26 1
124 22
102 1
30 127
38 85
8 61
49 132
42 83
93 127
63 32
4 80
132 89
23 110
18 46
119 132
87 111
9 70
61 74
97 78
75 85
48 70
84 101
103 114
66 102
129 43
88 132
6 97
22 30
67 80
39 0
32 74
3 127
78 102
13 51
65 92
130 96
111 9
28 103
51 99
17 5
121 130
128 138
72 1
42 16
59 86
40 65
1 137
113 87
105 111
126 29
101 0
7 143
130 137
124 66
8 79
106 84
3 123
61 142
81 52
34 107
144 27
108 46
58 70
9 30
37 98
24 42
60 120
59 55
127 54
10 26
54 106
34 27
131 38
27 101
93 62
33 52
141 43
49 138
113 107
126 77
110 53
71 20
126 69
108 51
119 105
135 108
80 63
37 117
27 56
38 75
108 7
120 125
128 41
67 91
23 97
44 87
143 71
142 80
30 128
67 103
61 106
62 31
115 94
74 44
0 69
51 13
111 60
126 11
85 80
108 70
50 123
23 81
130 8
128 11
33 26
72 118
31 16
47 136
87 133
127 57
23 7
70 44
122 113
8 102
4 103
105 37
31 24
60 5
105 22
37 63
141 125
5 14
115 1
21 90
86 89
104 93
22 54
11 54
47 119
136 97
111 137
116 28
53 125
67 56
110 51
16 17
3 42
130 64
64 23
7 29
144 61
126 131
128 44
21 101
85 3
41 44
78 142
134 75
19 111
31 52
37 115
128 13
116 73
102 96
11 129
105 123
9 80
99 48
88 34
135 113
103 70
114 109
114 36
12 27
14 70
83 103
72 29
5 137
62 7
102 98
137 44
90 19
113 48
43 92
19 5
25 15
71 117
10 3
87 129
36 49
76 78
107 120
10 79
85 34
92 100
94 8
4 84
47 122
10 17
23 52
128 142
78 118
3 86
41 81
136 89
96 8
134 79
36 44
24 54
9 13
54 127
110 39
62 57
74 130
94 48
91 98
143 25
80 73
24 95
124 12
34 85
28 17
140 112
38 111
2 11
135 37
38 65
107 34
41 75
92 109
30 50
5 82
25 32
108 68
105 33
125 115
62 78
36 122
87 141
100 108
53 61
75 87
117 47
102 50
120 59
111 38
61 9
129 117
54 93
115 30
47 49
17 7
85 141
39 25
19 90
95 43
40 129
92 133
97 80
72 44
11 13
71 74
51 103
142 69
108 86
133 73
132 63
107 37
60 140
14 121
125 73
125 54
50 3
88 101
124 138
83 72
6 27
115 48
10 38
112 24
41 10
98 107
68 76
95 6
49 60
90 132
79 55
13 54
56 62
15 116
74 7
76 8
112 112
135 104
94 106
142 52
4 12
129 119
89 90
115 96
140 66
62 119
56 8
29 72
61 135
85 71
66 87
108 11
83 12
69 3
38 86
40 43
57 71
126 44
56 6
124 37
8 100
91 89
21 3
58 136
14 109
130 62
53 113
7 127
12 3
35 120
25 58
56 89
9 89
79 34
78 62
113 95
92 66
10 52
64 11
88 143
124 26
89 50
61 55
55 64
87 0
127 1
83 44
0 0
81 54
31 35
22 119
36 88
108 134
142 132
46 66
52 2
54 28
7 22
120 18
4 116
94 112
121 32
32 67
53 108
122 88
110 71
1 101
38 44
36 134
27 3
92 20
82 69
98 140
96 18
25 129
134 63
135 85
140 14
115 35
6 99
11 5
85 20
15 53
34 13
108 32
37 119
21 25
98 97
25 8
82 122
23 43
29 83
16 138
14 111
65 41
18 140
91 134
74 29
109 119
64 30
56 28
47 47
54 120
53 134
68 82
127 43
62 10
138 48
135 92
16 69
30 74
23 14
111 96
95 104
138 8
90 143
83 82
73 97
103 68
101 18
66 0
119 103
15 56
116 49
49 5
135 21
106 117
117 71
90 55
108 144
17 79
101 16
36 85
137 17
92 4
118 49
37 25
65 126
118 128
10 77
126 55
115 46
41 119
101 61
25 121
58 44
28 138
105 20
57 85
36 92
76 95
76 30
117 102
90 32
77 116
68 39
107 122
129 98
14 127
115 92
67 37
121 10
81 43
19 26
112 3
101 67
54 104
134 95
104 49
1 78
141 119
115 105
76 71
91 104
121 86
103 65
65 81
91 30
5 144
134 122
32 88
139 126
86 37
72 144
45 118
73 8
120 134
70 54
78 11
63 21
110 141
70 135
66 43
131 119
25 56
115 107
95 64
18 136
83 84
126 20
99 106
58 89
112 50
5 127
60 111
5 23
43 81
106 8
125 9
95 124
33 24
11 15
97 124
68 61
18 58
88 86
26 103
32 56
106 32
70 119
15 114
132 142
127 118
28 1
40 50
25 67
4 62
127 39
96 134
109 140
12 42
84 88
114 29
79 32
60 137
126 96
11 1
16 55
11 36
89 116
98 95
136 46
141 127
14 118
69 103
83 62
102 22
37 94
93 135
36 32
118 18
136 36
17 21
52 62
138 42
37 142
12 37
28 81
96 65
56 32
82 39
15 91
78 72
29 57
126 31
43 127
20 102
12 130
102 59
119 75
142 134
85 103
126 13
41 26
88 88
89 82
5 120
133 20
100 59
87 115
106 49
70 90
70 5
116 36
1 62
42 14
75 141
61 32
140 22
25 83
70 18
69 80
78 31
118 126
109 87
19 22
110 107
57 80
74 120
19 45
74 89
112 89
94 19
35 46
135 50
70 70
108 53
89 114
47 139
31 90
124 68
18 30
61 72
52 24
140 90
46 14
48 76
96 125
97 120
42 8
137 108
44 63
74 9
6 66
58 142
104 81
38 129
111 54
21 121
17 111
40 28
60 15
125 2
41 30
2 44
9 130
128 67
73 19
9 15
118 70
83 60
59 68
71 8
133 39
0 49
74 3
18 56
137 129
21 110
132 40
85 129
75 96
37 90
7 86
38 73
0 87
17 35
20 27
139 46
113 74
0 84
51 137
3 13
7 24
129 54
58 140
55 108
94 125
126 129
5 43
54 33
96 82
14 137
71 72
60 108
61 99
102 20
79 53
59 105
34 98
93 43
72 111
52 111
24 65
48 37
66 22
9 68
98 77
92 8
122 55
114 44
140 73
105 132
25 46
88 9
40 82
87 21
140 76
36 107
124 30
141 117
33 90
13 88
3 34
71 98
119 137
139 18
41 77
79 135
114 3
117 104
132 106
4 6
137 40
64 88
77 33
58 84
38 61
113 38
67 41
3 63
30 66
66 24
68 112
13 68
116 70
65 56
4 96
109 136
13 80
75 131
34 11
116 126
122 27
74 118
0 53
26 66
119 16
47 67
106 35
90 36
87 19
0 46
5 139
36 12
90 9
106 82
99 17
3 102
63 55
73 73
130 45
142 111
80 61
60 40
89 32
102 24
123 20
96 41
89 129
90 127
55 125
6 103
60 97
110 47
123 54
5 56
26 78
61 114
116 75
18 19
12 78
62 53
114 113
105 71
20 141
130 115
2 7
54 66
86 85
117 19
22 140
103 19
26 19
65 90
38 133
75 82
137 28
42 126
30 103
140 42
17 134
138 92
118 133
63 74
15 81
93 50
103 118
134 115
66 58
104 25
68 11
19 135
18 89
119 92
16 135
122 18
130 0
114 31
83 35
105 134
49 14
100 2
126 133
45 61
76 0
126 135
110 24
110 69
94 129
84 36
136 7
62 97
137 50
141 131
24 79
40 139
68 87
49 122
112 59
72 120
31 105
104 51
68 70
52 119
92 129
54 5
135 19
73 42
42 129
59 71
50 127
139 44
90 102
136 87
87 113
117 131
57 138
25 13
90 84
76 12
48 142
4 118
48 72
37 121
64 144
133 107
100 96
35 87
27 15
54 3
98 125
91 57
143 116
80 71
138 136
86 101
79 137
124 79
13 1
46 42
101 90
141 5
139 26
74 143
78 100
67 32
46 87
39 113
137 102
140 6
73 142
128 128
109 3
55 87
113 76
126 143
68 53
8 98
15 73
35 105
89 38
74 31
46 64
39 94
114 11
110 105
41 52
109 60
62 49
108 30
116 114
28 53
107 133
60 101
47 89
36 14
122 103
23 91
1 18
52 4
87 117
68 4
80 38
93 6
42 91
16 140
112 40
54 44
42 31
91 115
2 122
16 118
39 30
16 37
131 97
39 77
133 77
78 122
66 60
137 19
127 98
92 55
78 79
134 86
5 86
136 115
112 108
108 9
70 88
138 37
7 69
123 122
76 80
124 116
31 72
82 64
112 85
91 65
3 57
45 10
100 47
53 101
142 3
52 123
25 44
14 42
76 97
131 104
104 97
24 131
63 41
132 75
88 2
104 39
117 45
139 130
81 13
46 16
1 113
98 60
108 138
79 120
20 120
23 12
70 111
0 115
45 89
121 28
34 83
31 57
137 99
60 70
62 102
52 105
49 12
131 58
85 112
90 86
60 44
111 94
12 121
72 88
11 50
100 141
94 108
39 142
120 144
44 91
140 137
60 103
115 99
92 68
90 21
121 20
88 39
69 57
139 134
1 143
40 108
144 48
132 61
44 129
94 68
126 41
89 18
14 129
136 53
24 47
89 0
0 122
55 61
144 133
35 63
4 125
105 115
66 34
104 83
49 125
134 90
141 53
137 38
37 51
6 95
126 139
117 91
120 142
39 127
102 116
113 93
70 10
34 36
20 122
36 61
51 74
53 41
24 118
36 27
18 37
104 66
143 53
110 143
32 37
1 103
86 35
18 117
3 115
144 136
73 99
54 23
53 49
114 111
20 118
36 138
60 23
36 140
69 144
117 93
24 1
18 41
144 51
27 71
60 57
21 97
13 95
76 84
123 57
36 97
41 127
130 60
17 23
35 141
53 6
13 5
135 39
50 105
40 7
65 104
78 70
32 22
42 28
73 138
59 138
26 139
65 21
40 61
51 5
61 51
77 136
88 51
96 31
27 51
76 73
129 100
68 89
19 28
64 43
99 68
54 89
80 10
30 55
41 22
122 31
119 135
1 60
95 136
132 87
108 142
133 120
75 20
78 29
86 2
40 126
123 111
95 50
48 124
114 75
54 123
6 80
23 144
65 38
64 16
130 6
33 31
32 50
113 1
76 143
20 109
81 36
77 134
103 17
87 50
127 65
82 62
53 136
92 33
30 64
123 25
119 57
12 128
135 83
104 41
51 135
42 79
68 13
142 73
144 59
78 96
33 35
16 19
74 72
91 6
83 42
6 5
62 5
70 59
98 135
47 41
133 92
55 42
106 138
142 136
61 42
22 109
12 52
110 56
46 91
34 38
71 137
4 8
64 102
60 116
10 103
78 9
29 105
19 24
96 76
25 10
134 97
82 104
74 100
141 75
22 4
1 33
93 98
141 71
28 73
86 131
84 38
18 119
92 22
39 110
59 42
88 127
40 106
95 127
75 98
143 78
47 61
71 56
32 114
3 61
66 105
127 71
121 111
96 74
100 99
53 132
111 123
112 28
13 44
113 122
139 4
39 63
135 99
20 46
56 110
80 101
25 76
2 87
42 12
34 139
29 16
97 48
81 120
138 24
110 85
96 20
142 27
43 89
53 64
22 103
91 112
139 128
139 16
104 23
116 44
59 87
125 0
47 69
63 51
114 85
122 29
111 121
17 109
40 86
138 90
1 123
103 90
97 84
17 72
107 131
124 52
51 115
32 116
51 60
143 120
132 138
122 128
73 27
69 72
35 31
60 53
86 127
93 91
91 53
73 136
133 37
117 124
111 2
70 42
53 25
100 94
143 118
71 139
135 9
4 10
50 22
128 140
38 138
51 51
31 3
96 129
54 1
54 118
132 116
1 86
86 116
126 100
89 11
107 69
111 73
54 110
95 81
18 121
78 60
104 113
41 110
122 126
104 58
11 131
119 19
133 118
111 49
64 77
133 104
105 91
80 122
137 112
73 116
32 13
80 95
70 39
102 82
99 61
138 100
109 121
118 143
3 104
126 137
94 5
90 34
56 107
87 105
46 59
131 94
110 6
139 111
76 118
82 102
68 63
139 28
51 28
128 8
124 136
136 100
0 44
50 46
121 136
64 40
24 108
105 68
78 76
33 15
89 20
100 21
93 104
54 31
103 72
23 45
109 5
132 96
1 42
29 101
36 73
93 113
51 113
112 5
57 82
75 135
131 56
60 118
85 84
15 94
63 14
6 59
88 84
109 130
21 9
138 22
85 82
55 91
19 48
138 15
134 81
68 105
94 21
92 31
139 132
72 10
83 121
117 142
9 132
48 87
103 33
86 143
15 79
5 58
100 139
144 2
18 80
51 125
41 5
63 122
63 79
125 39
26 55
106 52
72 113
72 18
53 103
17 44
25 101
87 81
107 6
129 56
57 68
117 129
17 39
133 65
49 50
14 3
23 3
47 39
75 139
119 101
107 136
138 6
63 38
41 84
106 39
63 12
94 41
11 25
5 142
6 121
106 10
52 29
69 41
136 91
56 69
27 44
136 79
88 36
21 23
96 122
125 71
12 126
138 88
38 108
14 139
143 50
47 13
9 87
56 44
22 1
114 50
139 20
34 92
109 72
94 66
110 131
1 82
112 10
96 44
51 64
100 89
123 23
73 87
128 130
74 134
37 46
144 55
24 103
50 43
95 77
73 75
68 36
94 44
126 37
29 3
31 14
49 68
16 120
3 82
118 35
118 73
69 65
43 61
86 118
90 8
96 46
73 122
77 132
76 140
41 94
128 144
91 63
93 10
76 32
70 138
52 31
113 97
95 79
106 144
131 21
12 86
17 91
6 7
39 124
130 39
27 82
2 80
43 59
89 88
43 10
87 99
93 64
38 96
45 120
94 122
54 112
65 45
71 143
21 6
110 31
103 110
15 112
25 81
35 29
136 48
143 0
44 15
65 32
73 108
81 136
62 16
123 115
26 108
76 10
40 24
51 131
23 32
51 48
53 91
22 47
121 8
65 79
97 105
59 135
44 65
18 70
79 12
139 75
101 109
140 133
26 132
108 105
22 95
85 73
91 91
74 83
73 5
62 100
1 51
63 142
4 45
128 132
134 117
64 118
19 39
40 73
95 120
92 35
137 21
54 7
52 43
97 86
125 18
81 33
131 117
40 79
70 12
66 11
34 66
95 83
55 46
61 21
125 118
48 74
69 110
36 38
3 138
6 9
6 101
38 140
70 0
52 22
61 144
9 24
17 116
22 117
25 51
34 33
92 52
95 10
109 57
126 27
130 139
5 105
94 110
27 140
89 141
66 62
20 88
32 54
18 43
101 49
51 41
121 123
62 76
144 57
94 134
6 12
37 136
4 94
71 41
63 120
3 0
94 34
26 53
6 118
141 67
58 4
106 47
123 10
86 87
29 51
137 114
3 59
69 21
4 121
82 71
105 18
27 121
8 28
5 114
124 113
103 133
85 18
100 23
60 7
78 94
7 131
103 92
13 7
36 99
140 135
124 28
80 103
108 132
55 67
8 67
42 7
84 86
68 43
25 3
23 89
75 74
54 85
109 103
57 42
73 21
76 53
104 95
2 30
16 71
123 86
40 111
66 39
96 107
65 123
48 15
34 122
112 30
112 110
52 127
70 52
82 37
47 35
109 55
69 55
61 104
49 39
125 65
48 140
24 142
102 94
50 75
123 8
76 101
51 133
124 104
26 95
98 75
108 48
68 58
38 23
3 136
26 17
127 9
5 123
111 87
126 116
35 90
122 124
105 121
55 26
60 76
50 73
124 55
108 35
120 127
83 70
128 134
114 7
55 24
121 30
38 13
0 29
34 64
33 73
23 101
75 133
104 8
15 44
15 68
65 121
126 79
35 94
44 17
27 58
87 103
38 32
2 99
104 32
35 143
53 121
7 14
115 38
42 43
24 93
16 22
89 134
79 51
15 110
39 131
68 136
74 1
141 129
58 6
1 31
113 9
16 57
131 65
78 98
131 10
112 72
1 58
62 34
114 5
65 13
19 72
122 33
68 101
11 69
120 104
117 106
54 62
56 84
137 26
2 117
8 8
130 141
3 32
0 120
108 84
25 91
17 114
119 130
143 67
117 33
110 138
51 101
133 82
129 59
1 135
122 59
110 10
39 52
44 25
85 42
107 71
109 37
112 70
35 124
49 136
126 67
45 40
61 59
119 141
16 81
59 112
11 7
49 48
95 87
28 65
39 118
51 129
134 52
90 51
47 134
21 45
30 53
20 29
23 10
104 116
89 104
1 26
35 51
39 104
71 109
124 24
32 92
