66 142
84 40
60 144
87 73
42 120
41 92
0 80
131 86
114 88
63 125
65 35
102 48
53 27
7 128
37 16
128 136
139 102
94 30
84 2
89 48
8 25
119 34
87 83
65 119
93 111
110 0
64 34
4 15
65 77
25 31
13 119
10 88
39 92
28 95
78 0
141 26
142 1
124 72
120 57
128 95
11 81
107 129
132 114
9 101
55 22
78 51
4 17
53 130
139 24
132 84
49 41
84 100
94 2
19 7
66 78
75 22
34 95
35 88
94 32
49 46
61 117
71 135
26 129
61 1
133 10
8 58
38 49
137 109
22 140
138 51
10 59
61 14
66 89
25 119
16 92
36 114
13 95
31 3
44 7
34 25
73 141
16 42
119 72
93 89
97 19
99 19
63 23
73 132
97 135
4 64
143 82
47 36
37 75
67 64
6 25
75 117
15 35
6 125
47 59
2 84
98 50
111 57
58 107
110 89
16 1
22 93
22 99
32 33
137 131
61 40
33 93
48 86
58 87
56 30
2 17
37 30
143 43
133 22
3 142
23 120
27 112
68 51
1 28
21 144
111 3
139 108
129 10
20 71
89 53
115 111
23 88
102 61
133 77
111 83
122 105
94 85
111 29
102 88
10 90
92 50
27 80
126 53
131 67
25 111
77 121
86 114
43 26
44 40
0 118
133 94
120 102
40 31
30 37
56 104
50 63
19 100
24 141
42 24
7 57
32 66
141 3
71 86
40 124
80 99
81 11
14 91
37 107
14 89
135 106
130 143
26 1
124 22
103 144
28 128
39 84
8 60
49 131
43 83
93 128
63 32
4 80
132 90
23 111
18 46
120 132
87 110
8 70
60 74
97 78
74 85
50 70
84 102
103 115
65 102
130 42
88 131
5 97
23 30
66 80
40 144
32 74
4 127
78 102
14 51
65 92
130 95
110 7
28 103
53 98
18 4
121 130
128 138
72 2
42 15
59 85
41 65
1 136
112 87
104 111
127 29
102 142
7 143
129 137
126 66
8 81
105 85
3 123
61 142
81 51
34 108
144 28
108 46
58 70
9 29
38 97
24 41
59 121
59 56
127 54
10 26
55 106
34 27
131 38
27 102
95 63
33 51
141 42
49 138
113 106
125 77
110 52
71 20
128 69
108 51
118 105
135 108
79 63
39 116
27 56
39 75
109 6
120 125
129 41
67 91
23 97
44 87
144 71
142 81
30 128
67 103
60 107
61 30
114 95
73 43
144 69
51 13
110 59
126 11
86 80
109 70
49 124
23 82
131 9
128 12
32 26
72 119
30 15
47 136
87 133
127 58
23 8
69 44
122 114
8 102
4 102
105 36
31 24
60 4
106 21
37 63
141 125
5 14
116 0
22 90
85 89
104 93
22 53
10 52
46 121
135 97
112 137
116 28
53 124
67 56
110 50
16 18
2 41
131 65
65 23
7 29
144 61
126 131
130 44
21 100
86 3
42 44
78 142
133 75
19 110
31 51
37 116
128 14
115 73
102 96
10 129
105 122
10 82
99 48
88 34
135 113
103 69
113 108
114 36
12 27
14 71
84 104
73 29
5 136
62 7
102 98
137 43
90 19
113 48
43 92
19 5
24 15
71 117
10 3
87 129
36 49
76 80
108 120
10 80
85 34
90 100
94 8
4 84
46 123
10 16
24 51
128 142
78 119
3 86
42 81
135 89
96 8
132 79
39 44
24 53
8 13
54 126
110 39
62 58
73 130
95 49
89 98
143 26
80 73
24 95
124 12
35 84
28 16
140 110
37 112
2 12
135 39
39 65
107 33
41 76
93 109
31 49
5 82
24 33
109 68
105 33
126 115
61 78
37 121
88 140
100 107
53 61
75 87
117 47
103 50
119 59
111 37
61 8
129 117
54 92
116 30
47 49
18 6
86 140
39 25
20 90
95 43
38 129
92 131
97 80
71 44
10 13
71 74
51 102
142 70
107 86
132 73
132 63
107 37
60 140
14 120
126 72
125 54
51 3
88 100
124 138
83 73
7 27
115 48
8 37
112 22
42 11
98 107
67 76
95 6
49 61
90 131
80 54
12 54
56 63
15 116
73 7
75 8
111 111
137 105
94 106
141 51
4 12
130 119
89 90
114 97
139 69
61 120
57 7
30 71
61 135
85 72
65 87
108 10
83 12
68 2
38 86
41 43
57 71
128 45
57 5
123 39
7 100
91 90
21 4
58 136
14 108
130 62
53 112
8 126
13 3
36 119
26 57
56 89
8 88
79 34
78 61
112 96
93 67
11 50
64 11
88 142
125 26
90 50
61 56
55 65
87 144
126 1
83 43
1 0
81 53
31 35
22 119
37 88
109 134
143 132
46 65
52 1
54 28
7 21
120 18
4 116
95 112
121 33
32 68
53 107
121 88
111 71
0 100
41 45
36 134
27 3
92 20
81 70
99 140
96 18
24 128
134 62
134 85
141 15
116 35
5 99
11 5
85 20
14 53
34 13
109 32
37 118
21 25
98 97
25 9
82 123
23 43
30 82
17 137
14 111
65 41
19 141
91 133
75 28
110 119
64 30
56 28
47 47
53 120
53 134
67 82
128 43
62 10
139 47
135 92
16 70
30 73
23 14
111 97
95 104
138 7
90 143
83 82
74 97
103 67
101 18
67 144
118 103
14 55
117 49
49 4
135 21
107 116
117 71
90 55
108 144
17 79
100 16
37 84
138 17
92 4
119 49
37 25
65 126
118 128
10 78
126 56
116 46
41 118
100 61
25 121
58 44
26 138
105 19
57 85
37 91
77 95
76 29
116 102
91 31
77 117
68 39
107 122
129 97
14 128
114 93
66 37
122 10
81 43
19 26
113 3
101 66
54 104
134 95
104 48
1 79
141 120
115 105
76 71
91 103
119 87
103 65
64 81
91 29
5 144
135 121
33 87
139 126
86 37
72 0
44 119
72 8
121 134
70 54
77 11
64 22
110 140
69 136
66 43
132 120
25 55
115 107
96 65
18 135
83 84
126 20
99 105
58 89
112 50
6 127
60 111
6 23
44 81
107 6
126 9
95 125
33 24
11 15
97 125
68 61
17 58
88 87
26 103
33 55
107 31
70 119
15 114
131 142
128 119
28 1
40 50
25 68
4 62
127 39
97 133
108 140
12 42
84 88
114 29
80 32
60 136
126 95
12 1
15 54
9 36
89 116
99 95
137 45
141 127
15 118
69 103
83 63
102 22
37 93
93 133
36 32
118 18
136 38
18 21
52 63
138 41
38 142
10 37
29 80
97 67
55 32
82 39
16 90
78 72
29 56
127 32
42 128
20 102
12 130
102 59
119 75
143 134
86 103
126 13
41 26
87 89
89 83
5 119
133 20
100 59
87 115
106 49
70 90
70 3
116 37
1 62
42 13
74 142
61 32
140 22
26 84
69 19
68 80
78 31
118 126
108 88
19 22
109 106
58 80
73 121
19 45
74 89
112 89
94 19
37 45
136 49
70 70
108 53
89 113
47 138
32 89
126 68
19 30
61 72
51 23
139 89
46 13
47 75
96 126
97 121
42 9
137 107
44 63
73 9
5 66
59 142
104 81
36 129
112 53
22 121
17 111
39 28
60 16
124 2
41 29
2 43
8 130
129 68
73 19
9 14
118 70
83 61
60 68
70 9
133 39
144 49
73 3
17 56
137 129
21 111
131 40
85 129
75 96
38 90
7 86
38 74
0 88
18 35
21 27
139 45
112 74
0 84
51 137
3 14
8 23
129 55
58 140
55 107
94 126
126 128
4 43
53 32
96 82
15 136
71 72
60 109
60 99
101 20
80 52
59 105
34 97
93 43
72 111
52 111
24 66
49 37
67 23
9 68
99 78
91 7
122 56
115 44
141 74
106 133
25 45
88 8
40 83
87 21
142 77
36 108
125 31
141 118
34 89
12 89
4 34
72 97
121 137
139 19
42 77
78 136
115 2
116 104
133 105
3 6
136 42
64 88
78 33
58 83
38 61
113 38
67 41
3 63
30 67
66 25
68 111
12 69
116 70
65 56
4 96
110 136
13 81
75 131
34 11
116 127
123 27
74 119
0 53
26 66
120 16
47 68
106 35
90 36
87 19
143 45
5 138
36 13
90 9
106 83
99 17
2 101
63 56
72 73
132 43
141 108
80 61
59 40
89 32
103 24
123 20
96 41
89 129
90 128
55 124
6 103
61 97
110 47
123 54
5 56
26 78
59 114
116 75
18 19
12 79
62 54
113 112
105 70
19 143
130 116
1 7
54 66
86 85
117 20
20 142
103 18
27 18
65 90
38 133
78 84
136 28
41 126
30 104
140 41
18 133
138 91
119 134
62 74
15 82
94 51
105 119
134 114
66 58
105 24
68 11
20 134
18 88
118 93
16 135
122 18
130 0
114 31
83 35
106 135
49 14
101 144
126 133
44 61
76 0
126 135
110 22
110 69
93 130
85 36
136 7
62 99
138 49
141 131
24 80
40 138
68 87
47 122
112 59
71 121
31 106
104 51
68 69
52 119
91 129
55 4
135 19
72 42
40 130
59 72
50 127
139 43
90 102
135 87
87 113
118 132
57 138
24 13
90 84
75 12
49 142
3 118
48 71
38 120
65 144
133 107
100 96
36 86
26 14
54 2
98 127
91 57
143 117
80 71
139 136
86 101
78 138
125 79
14 1
46 41
101 90
141 5
139 26
74 144
79 100
67 32
46 87
38 114
137 103
139 6
72 143
127 127
110 2
56 87
113 76
126 143
68 53
7 98
15 74
35 106
90 38
74 30
46 64
39 94
114 8
111 105
40 53
109 58
62 50
109 30
115 113
28 52
107 133
60 101
47 89
35 15
122 103
23 91
3 19
53 3
88 117
68 4
81 38
93 6
42 90
18 139
112 39
54 44
42 31
91 114
2 121
16 117
39 30
16 37
131 97
40 77
131 77
78 123
66 60
137 19
127 97
92 56
78 80
133 86
5 86
136 115
111 107
108 8
70 88
138 39
7 69
122 122
77 82
125 117
32 72
81 64
111 85
92 65
3 57
46 8
100 47
54 100
143 3
51 123
25 43
14 42
77 97
133 103
104 97
24 130
63 41
131 75
87 1
104 38
118 45
139 130
81 13
45 15
0 113
98 58
108 138
79 121
20 120
23 12
70 111
0 115
45 89
121 29
35 82
31 56
137 99
60 70
61 103
52 104
50 12
131 58
85 112
90 86
60 44
111 95
13 121
72 88
13 50
100 142
94 108
40 142
120 0
44 90
141 137
59 103
114 99
92 69
90 21
121 20
88 38
69 57
139 134
1 143
40 109
143 47
132 61
42 130
94 69
127 41
88 18
14 130
137 53
24 47
89 0
0 122
55 61
0 133
35 63
4 125
105 114
66 33
104 83
49 126
134 90
141 53
136 40
37 51
5 95
126 139
116 92
121 143
38 127
103 117
113 94
70 11
35 36
20 122
36 61
51 75
53 41
24 118
36 27
18 37
105 66
143 53
110 143
32 37
0 102
86 35
18 116
2 115
0 135
73 99
53 23
52 50
113 110
20 118
35 138
60 24
37 140
69 144
116 94
24 1
18 41
143 51
29 70
60 57
21 97
13 93
76 85
122 57
36 96
40 128
130 60
18 23
36 142
53 5
13 5
134 41
50 104
40 8
65 104
78 70
32 22
41 28
73 139
59 138
24 139
66 22
40 61
51 5
61 52
77 137
88 51
96 31
27 50
76 73
128 99
68 89
19 28
64 43
101 69
54 88
79 10
31 55
41 22
123 32
120 136
1 60
95 134
131 88
108 142
134 120
75 20
78 29
85 1
39 126
124 112
96 50
47 124
114 75
53 122
6 80
22 0
64 37
64 16
131 7
33 31
33 49
114 1
76 143
20 109
81 35
77 135
102 16
88 50
129 66
81 62
53 136
92 33
30 65
123 25
118 57
12 128
133 83
104 40
51 135
43 79
67 13
143 73
144 59
79 96
33 35
16 20
74 72
91 5
82 41
5 5
62 5
70 59
99 134
47 40
133 92
55 42
106 137
143 136
61 42
23 109
12 52
111 55
46 91
34 38
71 137
3 8
63 102
59 116
9 103
77 9
29 105
20 24
98 76
25 11
133 97
82 105
75 100
142 75
23 5
2 34
91 98
142 72
29 72
86 131
84 38
18 119
92 22
39 111
59 42
88 127
39 107
95 128
75 98
143 79
47 61
71 56
33 114
3 61
66 105
128 71
121 112
98 74
100 98
53 132
111 122
113 28
13 44
113 121
139 4
39 63
134 99
20 46
56 110
80 101
25 76
2 88
44 12
35 140
28 14
97 48
81 121
137 25
109 86
96 20
142 28
43 89
53 65
22 102
91 112
139 128
140 17
104 22
117 44
60 87
124 0
47 70
63 52
113 85
123 30
111 120
17 109
40 86
137 89
1 123
103 89
96 84
17 73
107 131
124 52
51 114
34 115
51 61
143 121
131 138
122 128
73 27
69 71
35 31
60 54
86 127
92 91
91 54
73 136
133 37
116 125
112 1
70 42
53 25
100 94
143 119
71 140
134 8
3 10
50 22
128 140
37 138
51 51
30 4
95 130
54 0
54 118
132 116
1 86
86 116
126 99
89 10
107 69
111 73
54 109
95 81
18 121
78 59
103 113
41 111
122 126
104 59
10 131
119 20
133 118
111 48
63 77
135 104
105 91
80 123
136 111
73 117
32 12
81 95
70 38
102 82
98 60
138 101
109 121
119 143
2 103
126 137
94 4
90 33
57 106
87 105
45 59
131 94
111 5
138 110
76 119
82 103
68 63
138 28
51 28
129 8
124 136
136 101
0 44
51 47
122 136
64 39
25 109
105 68
77 78
32 14
88 20
100 21
93 104
54 30
103 71
23 45
109 4
132 95
0 42
29 102
36 73
93 113
51 112
113 5
57 82
75 136
131 56
59 119
85 84
15 93
63 14
6 59
88 85
109 130
21 8
138 23
85 82
55 90
19 48
139 15
133 81
68 105
94 21
92 30
139 132
72 10
83 121
117 142
8 132
48 87
103 33
86 142
15 80
5 58
102 140
144 2
19 80
51 125
40 6
63 123
62 79
125 40
27 54
106 51
71 113
71 18
53 102
17 44
25 101
87 81
107 4
129 57
58 68
117 130
17 39
134 64
49 50
15 3
23 3
47 38
75 140
118 101
108 135
137 5
62 38
41 85
106 38
62 12
94 41
12 25
5 142
6 121
106 8
52 29
69 40
136 91
56 69
27 44
134 79
88 36
21 23
96 123
126 70
13 126
137 87
38 109
16 138
142 49
48 13
9 86
56 44
22 2
114 50
139 21
34 91
109 72
95 67
111 131
1 82
112 9
96 45
51 65
100 89
123 23
73 87
127 130
73 134
39 46
144 55
24 103
50 43
96 77
72 75
67 35
94 45
125 38
29 2
30 13
49 68
16 119
3 82
118 35
117 73
69 65
42 61
86 118
89 7
95 47
72 122
77 132
76 141
41 94
128 144
93 63
92 9
76 32
69 138
52 31
112 98
95 79
107 143
131 20
13 88
18 90
5 7
38 124
129 39
28 82
2 80
43 59
89 88
44 10
86 99
94 65
38 95
44 121
94 123
54 111
65 44
70 143
21 6
111 31
103 109
15 112
25 82
35 29
137 47
144 0
44 14
65 32
73 109
80 137
62 16
123 115
27 110
75 10
40 24
51 131
23 32
51 49
53 90
22 47
122 8
64 79
97 105
59 135
44 65
17 71
79 12
140 76
101 109
141 133
25 131
109 104
22 95
85 74
90 92
76 83
74 5
62 101
1 51
63 142
3 45
128 132
134 116
63 118
19 39
40 74
95 121
92 35
137 21
55 6
52 42
95 86
125 18
81 33
131 118
41 79
69 13
66 11
34 67
94 83
55 46
61 22
126 119
47 73
69 109
36 38
3 137
5 9
6 101
39 140
70 1
52 21
62 144
10 24
17 115
22 117
25 50
34 33
92 52
94 10
109 56
126 27
130 139
4 104
94 110
26 140
90 141
66 62
21 88
32 53
18 43
101 49
51 41
120 123
61 76
144 57
95 132
6 12
36 136
4 94
71 40
63 121
3 0
94 34
26 52
5 117
141 68
58 4
106 47
124 10
86 87
29 51
137 113
3 59
69 21
4 121
81 72
104 17
27 121
9 27
4 114
125 114
104 134
85 18
101 23
60 6
79 94
6 130
103 91
14 7
36 98
141 135
125 28
80 104
109 132
56 67
7 67
42 6
84 86
68 42
25 3
24 89
74 74
55 85
111 103
57 42
73 21
78 53
104 95
2 30
15 72
121 86
39 113
66 39
96 106
65 124
47 15
34 121
113 30
111 109
52 126
70 52
83 37
49 35
110 54
69 55
61 105
49 39
127 65
48 140
22 142
102 93
49 75
124 8
77 101
51 133
124 104
26 95
100 76
108 48
68 59
38 23
3 135
26 16
127 10
5 123
110 87
127 117
36 89
122 124
106 120
55 26
59 76
49 73
124 56
108 35
120 127
83 71
128 134
114 6
55 24
121 31
37 14
0 30
34 64
34 73
23 101
75 133
105 7
15 44
14 69
65 121
127 78
35 93
44 16
28 58
88 102
38 32
2 99
105 31
37 144
51 121
7 14
115 38
43 42
24 93
16 22
89 133
80 50
16 110
37 131
68 137
74 1
141 129
59 6
1 32
112 7
15 56
133 65
79 98
131 11
112 72
1 58
62 34
115 4
64 12
19 73
123 34
67 101
10 70
120 104
116 106
54 63
56 83
137 27
2 117
7 8
130 141
3 32
0 120
107 84
25 91
17 113
119 130
143 67
117 33
110 138
52 100
131 82
129 59
1 134
121 59
110 9
38 52
44 24
84 42
107 71
109 37
112 70
35 123
49 136
127 67
45 39
61 59
119 141
17 81
60 113
12 7
49 48
93 87
28 66
39 118
52 128
136 51
90 52
47 134
21 45
30 53
21 29
23 10
105 116
89 104
0 26
35 50
39 105
71 109
125 24
32 91
