66 142
84 40
60 143
87 73
42 120
41 92
0 80
131 86
114 88
63 124
65 36
102 48
52 27
8 128
36 16
127 135
139 103
94 30
84 2
89 48
8 25
119 33
87 83
65 119
93 111
111 0
64 34
3 16
65 77
25 31
13 119
11 87
39 92
27 93
78 144
140 26
143 1
124 71
121 57
129 95
11 81
106 130
131 114
9 101
56 22
77 51
4 18
53 130
139 24
132 84
49 41
84 100
94 2
19 7
66 79
75 22
34 95
35 88
94 32
48 46
61 117
71 135
26 129
61 0
133 9
8 58
38 50
136 109
22 141
138 51
10 59
61 13
66 89
26 119
16 91
35 114
13 94
31 2
44 8
34 25
72 141
16 42
118 71
92 89
98 19
100 19
62 24
73 132
97 134
4 64
144 82
47 36
37 76
67 64
6 25
76 117
16 35
7 124
47 59
2 84
98 50
111 58
58 107
110 90
17 2
22 94
22 99
32 33
137 132
62 40
33 93
47 86
58 87
55 30
2 17
36 30
141 44
133 21
3 142
24 120
27 112
68 51
1 28
20 144
111 4
138 108
129 10
19 70
89 53
116 111
23 88
101 61
133 77
111 84
122 104
94 85
111 29
102 88
10 89
92 50
27 80
127 53
131 66
25 111
77 121
85 114
42 26
44 41
0 117
134 94
120 101
40 31
30 37
55 104
50 63
19 101
24 142
42 24
7 56
32 66
141 3
71 86
40 124
81 100
81 10
14 91
37 107
14 89
135 106
130 143
25 1
125 22
103 143
28 129
39 85
8 60
49 132
43 83
93 128
63 32
4 80
132 90
23 111
18 46
120 132
87 110
8 70
60 74
97 78
74 85
49 69
84 102
103 115
65 101
131 42
88 131
6 97
24 29
66 81
40 143
33 73
4 127
79 102
14 51
66 93
131 95
110 8
28 103
53 98
18 4
121 130
128 137
72 2
41 15
59 85
40 66
2 137
112 87
104 111
127 29
103 141
7 142
129 136
126 66
7 82
105 85
3 123
61 141
81 50
34 108
143 28
108 46
58 70
9 29
38 98
24 42
59 120
59 56
127 54
10 26
54 105
34 27
131 38
27 101
94 64
34 51
142 42
49 138
113 106
124 78
110 52
71 21
128 69
109 51
118 104
134 108
79 62
38 116
28 56
39 76
109 6
120 125
129 41
67 91
23 97
44 87
144 71
142 80
30 128
67 103
60 107
62 30
114 95
74 44
0 69
50 13
110 60
126 11
85 79
109 70
49 124
23 82
131 8
128 11
32 25
72 119
29 15
47 137
87 132
127 58
23 8
70 44
123 113
7 102
4 102
105 37
31 24
60 4
106 21
37 64
141 126
5 14
116 0
22 90
85 89
105 93
23 53
10 52
46 121
136 97
111 137
116 29
52 125
67 56
111 50
16 18
1 41
131 64
64 25
7 29
144 60
125 130
130 44
21 101
86 3
42 45
78 142
132 75
19 110
31 51
36 116
128 13
115 73
103 96
11 129
105 121
9 82
99 48
88 34
135 113
103 69
113 108
114 36
12 26
14 70
84 104
72 29
5 137
63 6
102 98
138 43
90 19
113 48
43 92
19 5
24 15
72 117
12 3
87 129
37 49
76 79
108 119
9 80
84 34
90 100
93 7
4 83
45 123
10 17
24 52
128 142
78 120
3 85
42 81
136 89
95 8
132 79
39 44
25 53
8 13
54 126
110 39
62 57
74 130
95 48
90 97
142 26
80 73
24 95
124 12
35 84
27 15
140 109
37 113
2 12
135 39
38 65
107 33
41 76
92 109
31 49
5 82
24 33
109 68
105 33
126 116
61 78
37 122
88 141
100 107
53 62
75 87
117 47
103 50
119 59
111 37
61 8
129 118
54 92
116 31
47 49
17 6
86 140
38 25
20 90
95 43
39 129
92 131
97 80
72 44
10 13
71 73
50 101
142 69
107 87
131 73
133 63
107 37
61 140
15 120
126 72
125 54
51 3
88 100
124 138
83 73
6 27
115 47
8 37
111 21
42 10
98 107
67 77
95 6
49 61
90 131
80 53
12 53
56 64
15 116
73 7
75 8
112 112
136 105
94 106
141 51
4 12
130 120
88 90
114 97
139 67
61 119
57 7
31 70
62 134
85 72
66 87
108 10
83 11
68 2
38 86
41 43
57 71
128 45
57 5
124 39
7 100
90 89
21 4
58 136
14 109
131 62
53 112
8 126
14 3
36 120
26 57
57 89
9 87
79 34
78 61
113 96
92 67
11 50
64 10
89 143
125 26
89 50
61 55
55 65
87 0
126 0
82 43
2 1
82 51
31 35
22 119
37 88
109 135
143 133
47 65
52 2
54 28
7 21
121 18
4 116
94 112
121 32
33 68
53 107
120 89
110 71
0 100
40 45
37 134
27 2
92 20
82 70
100 139
96 18
24 128
134 62
134 85
142 15
116 34
6 99
12 5
85 20
14 53
33 13
109 32
37 118
22 25
99 97
24 9
82 124
22 43
30 82
17 137
14 111
65 41
18 141
91 133
74 28
110 118
64 30
56 28
47 47
53 121
53 134
67 82
129 43
62 10
139 47
135 92
16 70
31 72
22 14
111 97
95 105
138 7
91 144
83 82
74 97
103 67
101 18
67 143
118 102
13 55
117 49
49 5
135 21
106 116
116 71
90 55
109 144
16 78
100 16
37 85
139 17
92 3
119 49
36 25
64 125
118 128
9 78
126 56
116 45
41 119
99 60
26 122
58 44
25 138
105 19
57 85
36 92
78 95
76 29
116 102
90 31
78 118
68 39
107 121
129 97
15 127
114 93
67 37
122 9
80 42
20 26
113 3
102 66
53 103
135 96
104 48
1 78
141 119
115 105
76 71
91 103
119 87
103 65
63 81
91 29
5 143
133 122
33 88
139 127
86 37
72 0
44 120
71 9
121 134
70 53
77 11
64 23
110 141
69 136
66 43
132 120
26 55
115 107
95 65
18 136
82 84
126 20
99 105
59 89
113 50
6 126
60 111
5 23
44 82
107 7
125 9
96 125
33 23
11 15
98 125
68 60
16 58
87 86
26 103
33 55
107 31
70 118
15 114
131 141
128 119
27 0
40 51
25 67
5 62
127 40
96 132
108 140
12 42
83 87
115 29
79 32
61 136
126 95
13 1
15 54
8 35
89 116
99 95
137 45
141 128
15 118
69 102
82 64
102 22
37 94
93 133
36 32
119 18
137 38
18 21
52 63
138 41
38 142
10 37
29 81
96 67
55 32
82 39
16 89
78 72
30 56
127 32
42 128
19 103
13 130
101 59
118 75
143 135
86 103
126 13
40 26
87 88
89 82
6 119
134 19
99 58
87 115
106 49
71 90
70 3
116 36
1 61
41 12
74 142
61 32
140 22
27 84
69 20
68 80
78 31
118 126
108 88
20 22
110 107
59 81
73 121
19 45
74 88
112 89
94 19
37 44
137 49
70 69
108 53
89 113
47 139
32 89
126 68
20 30
61 72
52 23
140 89
45 13
47 75
96 127
99 122
42 8
136 107
44 64
73 9
6 65
59 141
104 82
37 129
112 53
22 121
17 111
39 28
60 15
125 1
40 29
1 43
9 129
129 68
72 19
9 15
117 70
83 62
60 68
70 10
133 39
144 49
74 3
17 56
137 130
21 111
131 40
85 129
76 96
38 90
7 86
38 74
0 87
18 35
22 27
139 45
112 75
0 84
51 137
3 14
7 23
129 55
58 139
55 107
94 126
125 128
3 42
52 32
96 82
15 136
71 71
59 109
60 99
102 20
79 51
58 105
34 97
93 43
72 111
53 110
25 65
49 37
66 25
9 68
99 78
91 7
122 56
115 44
141 73
105 133
25 46
88 8
41 83
87 21
142 77
36 108
125 30
141 117
34 90
12 89
4 34
72 98
121 138
140 19
42 78
78 136
115 2
116 104
133 104
3 6
136 42
64 89
77 33
58 83
38 62
113 37
67 41
3 63
31 68
65 26
68 113
12 69
115 70
65 56
4 96
109 137
13 80
75 132
33 11
116 127
123 27
74 119
144 53
27 67
120 17
46 67
106 35
90 35
87 19
143 46
5 139
35 12
90 8
106 83
99 17
2 101
63 55
73 72
132 43
140 107
80 60
60 40
88 32
103 24
124 20
95 41
89 129
91 128
54 124
6 103
61 97
110 47
123 54
5 55
26 79
58 114
116 75
18 19
11 79
62 54
114 112
105 70
18 143
130 116
1 8
53 67
86 85
118 20
20 142
103 19
27 18
65 91
38 133
77 83
135 28
41 126
30 104
140 41
18 133
138 91
119 134
62 74
14 81
94 50
103 118
133 114
66 58
104 25
68 11
20 134
19 88
118 93
16 135
123 18
130 0
114 31
83 34
105 135
48 14
101 143
125 132
45 62
76 0
126 134
109 23
110 69
94 130
84 36
136 7
62 99
139 49
141 132
25 80
40 138
68 88
47 123
112 59
71 120
31 106
105 50
68 70
52 119
92 130
55 4
136 19
72 42
41 129
59 72
50 127
140 43
89 102
135 87
87 112
118 132
57 138
24 13
90 84
76 12
49 142
4 118
48 71
38 120
64 143
133 106
101 96
36 86
26 14
54 2
98 127
91 57
143 116
80 71
139 137
86 101
78 138
125 80
15 1
46 42
102 90
142 5
138 26
74 144
79 100
67 32
46 87
38 115
137 103
140 6
72 143
127 127
110 2
56 87
113 77
126 143
68 53
7 98
15 74
35 106
89 37
74 30
46 63
39 94
114 8
111 105
40 53
109 58
62 50
109 30
116 113
28 52
107 134
60 101
47 89
35 14
122 102
23 92
3 19
53 4
87 117
68 4
80 37
93 5
42 91
17 139
112 39
54 44
42 31
91 114
2 121
17 117
38 30
16 37
131 97
40 78
131 77
78 123
66 60
138 19
127 97
92 55
78 80
133 86
5 85
135 115
111 107
108 8
70 88
139 39
7 69
121 122
76 81
125 117
33 71
80 64
111 86
91 66
3 56
46 9
100 47
54 100
143 3
51 123
24 44
14 42
77 97
133 102
104 97
24 130
63 41
130 75
87 2
103 38
118 45
139 131
81 12
44 15
1 113
97 58
107 138
79 122
20 120
22 12
70 112
0 115
45 89
121 28
34 83
32 56
137 99
60 70
61 103
51 103
49 12
131 58
85 112
90 86
60 44
111 95
13 121
72 88
13 49
101 141
94 108
40 141
121 0
44 91
141 138
59 103
114 99
91 69
90 21
122 20
88 38
69 57
139 135
1 143
40 110
143 48
133 61
43 130
93 69
127 42
89 18
15 129
138 53
24 47
89 0
0 122
55 62
0 134
35 63
5 125
105 115
66 34
104 84
48 126
134 90
140 52
137 40
37 51
6 95
126 139
116 92
121 143
38 127
102 117
113 94
70 12
34 36
20 122
36 62
51 74
53 40
24 118
36 27
18 37
105 66
142 53
110 143
32 37
0 102
86 35
19 117
2 114
0 136
73 99
54 23
52 50
114 110
20 118
36 138
60 24
37 140
68 0
116 94
24 1
17 41
143 51
29 69
60 57
21 97
13 92
76 85
123 57
36 96
40 127
131 60
18 23
36 142
53 6
14 5
135 41
49 103
40 7
65 104
78 70
32 22
41 27
73 138
59 138
24 139
66 23
40 62
51 5
61 52
76 137
88 51
96 31
27 50
76 73
128 99
68 90
20 28
64 43
101 68
55 88
79 9
31 54
41 22
123 31
120 136
1 59
95 134
132 88
108 142
134 120
74 20
78 28
85 1
39 126
124 112
96 50
47 125
114 75
53 123
6 80
22 0
64 38
64 15
130 6
32 31
33 49
114 1
76 143
21 109
81 35
77 135
103 17
87 49
129 66
81 62
53 136
92 33
30 66
123 25
119 57
13 128
134 83
104 40
51 135
43 80
67 13
143 73
144 58
79 96
33 35
16 20
74 71
91 5
82 41
5 5
62 4
70 59
98 132
47 40
133 92
55 42
106 137
143 137
61 42
23 109
12 51
111 55
46 91
33 38
71 137
3 8
63 102
60 116
9 103
77 9
29 105
20 24
98 76
24 11
134 97
82 105
75 100
143 75
23 5
2 33
92 99
142 71
29 71
86 131
84 38
18 119
92 22
38 111
59 42
89 127
39 108
95 128
75 98
143 78
47 61
71 55
32 115
3 60
67 105
128 71
122 112
98 74
100 98
53 132
110 122
113 28
13 44
112 122
140 4
39 64
135 99
20 46
56 109
80 102
26 77
2 87
43 12
35 140
28 13
97 48
81 122
137 24
109 86
96 20
141 28
43 89
53 65
21 103
91 112
139 129
141 17
104 23
117 43
60 87
124 144
47 69
63 52
113 85
123 29
111 120
18 109
40 87
138 89
1 123
103 89
96 84
17 73
107 132
124 52
52 114
34 116
51 61
143 121
131 137
121 128
73 27
69 71
34 31
60 54
87 127
92 91
91 53
73 136
133 37
116 125
112 2
70 42
53 25
101 94
143 118
71 139
135 8
4 10
50 22
128 140
38 138
51 51
29 3
96 130
53 0
54 119
132 116
1 85
85 116
126 98
88 10
107 69
110 74
54 109
95 81
18 121
78 59
104 113
40 112
121 126
103 60
11 131
120 20
133 118
111 48
63 78
135 104
105 91
80 124
136 111
74 117
31 12
81 95
70 39
102 82
97 60
138 101
109 120
119 144
2 103
126 136
94 4
90 33
56 105
87 104
45 60
132 93
111 6
138 110
76 119
82 103
69 62
137 28
50 27
129 8
124 136
136 101
143 44
50 47
122 136
64 39
25 110
105 68
77 78
31 14
89 20
100 21
93 104
53 30
103 71
23 45
109 4
133 95
144 42
29 102
36 74
93 113
51 112
113 5
57 81
75 136
131 56
59 118
84 83
15 93
63 14
7 59
88 84
108 130
21 8
138 22
85 81
56 90
18 48
140 15
133 81
68 104
94 21
92 31
139 133
72 11
83 123
118 143
9 131
48 87
103 33
87 142
15 79
5 57
102 139
0 2
18 80
50 125
41 5
63 122
62 80
125 40
27 54
107 51
72 113
70 19
52 101
17 44
25 101
87 81
107 5
129 57
58 68
117 130
17 39
135 64
49 50
16 3
23 3
47 38
74 140
118 100
107 136
138 5
62 38
41 85
105 38
63 12
93 41
11 24
5 141
6 121
106 9
52 29
69 41
136 90
56 69
26 44
134 79
88 36
22 23
97 123
126 70
13 126
137 87
38 109
15 138
142 49
47 13
9 86
56 44
22 2
115 49
139 21
34 91
109 72
94 67
110 131
1 82
112 9
96 44
51 65
100 89
123 23
73 86
127 129
73 134
38 46
143 55
24 103
50 43
96 77
72 74
67 35
94 45
126 38
29 1
29 13
48 67
17 119
3 82
118 34
117 73
69 64
43 62
86 118
89 6
96 46
71 122
77 133
76 141
41 94
128 144
91 64
92 9
76 31
69 138
51 31
113 98
95 79
107 143
132 19
13 87
18 90
5 7
38 124
129 39
28 82
2 80
43 60
89 88
44 10
86 99
93 66
38 96
44 122
95 123
55 111
65 45
70 144
21 6
111 31
103 109
15 112
26 82
35 29
137 47
0 0
43 14
65 32
72 109
80 137
62 15
124 115
27 110
75 10
40 24
51 131
23 31
50 49
53 90
22 47
121 7
64 79
97 105
60 134
45 65
17 71
79 11
141 75
102 108
141 134
26 131
109 105
22 96
85 74
90 91
75 83
74 5
62 101
0 51
63 142
2 44
127 131
134 116
63 118
19 39
40 74
97 121
92 35
137 21
55 6
52 42
96 86
125 18
81 33
131 118
41 79
69 13
66 11
34 67
94 83
55 46
62 22
126 119
47 73
68 111
35 38
4 138
5 9
5 101
39 140
70 1
52 21
62 143
9 24
17 115
22 117
25 50
34 33
92 52
94 9
109 56
127 27
129 138
4 104
94 110
25 140
90 142
67 62
21 88
32 53
18 43
101 49
51 41
120 123
62 76
144 56
94 132
6 13
36 136
4 94
71 40
63 120
3 144
94 34
26 52
6 117
141 68
58 3
106 47
124 10
85 87
29 50
137 113
3 58
70 22
4 121
82 72
105 17
27 121
9 27
4 113
125 114
103 134
85 18
101 24
61 6
79 94
7 130
103 92
15 7
36 98
141 136
125 28
80 104
109 132
56 67
7 67
42 6
84 85
68 42
25 3
24 90
74 74
55 85
111 103
57 42
73 21
78 53
104 95
2 30
15 72
121 87
39 113
66 39
96 107
65 123
46 15
34 122
113 30
112 110
52 127
70 51
82 37
48 35
110 54
69 55
60 105
49 39
127 65
48 140
22 143
103 94
49 74
123 8
77 101
51 133
124 103
26 95
100 76
108 48
68 58
38 23
4 136
25 16
127 9
6 123
110 88
127 117
36 90
121 124
105 119
55 26
60 76
49 72
124 56
108 35
120 127
83 71
127 133
114 6
55 24
121 30
37 14
0 30
34 65
34 73
23 101
75 134
105 7
15 44
14 68
65 121
127 78
35 93
42 16
28 58
88 102
38 32
2 99
105 31
38 144
51 121
7 15
115 38
43 43
24 93
16 22
89 133
78 50
16 110
37 131
67 137
74 1
141 130
59 5
1 32
112 7
15 56
133 65
79 98
131 10
112 73
1 57
62 34
115 4
65 12
19 72
123 34
67 101
10 70
120 103
117 106
54 63
56 83
136 26
2 116
7 8
129 140
3 32
0 120
107 85
25 92
17 113
119 130
143 67
117 33
109 139
52 100
131 82
129 59
2 135
121 59
110 10
38 52
44 24
84 42
107 71
109 37
112 70
35 123
49 136
128 67
45 39
61 59
120 142
16 81
60 113
13 7
49 48
94 87
29 67
39 118
51 129
136 51
90 51
47 134
21 45
30 52
22 29
23 10
104 117
89 104
0 26
35 49
39 106
70 110
125 24
32 91
