66 144
84 41
61 144
88 72
43 121
40 92
1 79
130 86
113 89
63 122
65 35
102 47
53 27
6 129
36 16
128 136
139 103
95 31
86 3
92 47
7 25
120 34
86 83
65 117
92 111
108 1
64 34
5 16
66 75
24 32
12 118
11 87
38 92
26 94
77 144
140 26
142 1
124 71
119 58
129 95
11 80
107 130
132 115
11 100
55 21
79 49
5 18
54 131
139 24
131 85
49 40
84 100
93 1
20 6
67 77
76 24
34 95
35 87
94 33
48 45
61 115
71 135
26 128
61 1
134 9
8 59
37 50
136 109
23 140
139 51
10 60
61 12
67 91
25 120
15 92
36 115
11 93
31 3
45 8
33 25
72 141
16 43
117 71
93 87
98 19
99 20
63 25
73 132
97 134
4 65
0 81
45 36
38 75
66 65
6 24
74 118
17 35
7 125
48 59
3 83
99 49
110 57
57 108
109 89
17 2
22 95
22 100
30 32
138 133
61 39
33 93
48 86
58 86
56 29
3 17
35 30
142 44
133 20
3 142
23 120
28 112
66 51
0 27
21 143
110 4
138 108
131 10
18 69
90 52
117 111
22 89
97 62
132 77
111 84
122 103
95 86
112 30
100 89
10 89
94 50
26 80
126 55
131 66
26 112
75 122
85 113
41 26
43 41
1 118
134 94
119 100
38 31
29 36
55 104
50 63
19 102
25 141
41 24
6 57
34 67
141 2
71 88
40 124
81 100
81 9
14 90
37 108
14 88
135 106
129 143
26 1
124 22
103 0
26 126
39 85
8 61
50 132
43 83
93 128
63 32
5 80
132 90
23 111
18 47
120 132
87 110
8 70
61 72
96 78
74 86
45 69
84 102
104 114
64 102
131 42
88 131
7 96
24 30
66 79
41 142
35 73
4 127
79 102
14 50
67 95
131 95
110 9
29 103
49 100
18 3
122 131
127 138
72 2
41 14
58 84
42 65
2 138
112 87
104 112
126 29
103 142
6 141
129 137
126 65
8 82
105 85
4 123
62 142
82 51
33 109
143 27
108 45
58 69
8 29
37 97
24 43
60 118
59 56
126 57
9 26
54 106
32 27
132 38
27 101
94 63
32 51
142 42
48 138
114 107
126 79
110 51
72 23
128 68
108 50
118 104
135 108
79 61
39 117
27 56
40 75
108 7
120 126
130 41
68 93
23 98
44 87
143 71
144 79
28 127
66 102
59 108
62 30
114 96
73 44
144 69
50 14
110 59
127 10
84 80
108 70
49 124
23 80
132 8
129 11
31 25
71 119
29 15
47 137
87 132
127 59
23 7
69 44
123 115
9 101
5 101
105 37
30 23
60 3
105 23
39 63
141 127
6 14
114 0
21 91
86 89
104 93
22 54
10 52
46 122
136 97
110 139
117 30
53 125
66 57
110 49
18 17
2 41
131 64
65 24
6 28
144 61
126 130
131 44
21 102
88 4
42 42
78 142
131 76
19 110
30 51
37 117
129 13
115 74
102 97
10 129
103 119
10 82
99 47
89 35
135 113
103 71
114 109
115 34
11 27
13 72
84 104
73 30
6 137
63 5
103 99
138 44
90 20
113 47
43 92
20 4
23 15
70 117
12 5
88 129
36 49
75 80
107 119
9 80
85 35
90 100
93 6
5 83
46 124
11 17
23 52
127 142
77 120
4 85
42 81
136 88
95 6
131 79
38 43
24 54
9 13
54 127
111 39
62 57
73 130
95 49
88 99
142 26
80 73
23 96
125 11
35 84
27 16
140 110
37 113
3 12
136 39
40 65
108 34
42 76
92 109
29 49
6 81
23 33
108 68
106 33
126 116
62 76
37 122
89 141
99 108
53 62
75 87
117 47
103 49
118 59
110 37
62 7
130 118
55 92
117 32
48 49
18 5
87 141
37 25
19 91
93 44
39 130
93 131
96 81
71 44
11 13
72 75
49 104
142 70
107 86
130 74
133 63
107 37
62 140
14 120
126 72
124 56
51 5
88 101
124 137
84 72
6 26
115 47
10 35
108 17
42 10
97 107
68 75
94 4
49 61
91 131
79 53
12 53
56 65
14 116
73 6
75 7
114 112
137 105
94 105
142 51
5 13
131 120
89 89
114 98
138 68
61 117
58 7
33 70
64 136
86 71
66 90
108 12
83 10
68 2
38 86
40 42
58 71
129 45
57 5
125 39
9 99
91 88
22 4
61 136
14 108
131 62
53 113
8 127
14 4
36 120
25 58
57 88
9 88
80 35
78 59
112 97
91 66
10 49
64 9
90 143
124 26
92 49
61 55
54 66
89 0
125 0
82 44
1 1
81 53
29 34
21 119
37 88
108 135
143 134
46 65
52 3
55 28
7 21
120 18
4 116
94 112
121 32
34 69
53 107
119 92
110 71
2 99
40 44
38 133
28 2
92 21
82 69
103 139
96 18
24 128
134 62
134 85
142 15
117 34
7 98
14 6
85 22
14 52
32 13
110 33
37 119
23 25
99 99
25 9
80 124
23 44
29 83
18 137
14 110
65 41
20 140
91 133
75 29
109 119
64 30
56 27
47 47
54 121
53 135
67 81
129 43
62 9
139 47
136 92
15 70
33 72
22 13
111 98
95 104
138 7
92 143
82 83
74 97
102 69
101 19
67 1
117 102
13 54
116 49
50 7
135 20
106 117
115 71
90 54
107 0
17 78
101 17
37 84
139 17
92 2
118 49
35 24
65 123
118 129
8 78
125 58
116 46
42 119
97 60
24 122
57 43
27 138
105 21
56 84
36 91
78 95
77 30
115 102
91 32
76 118
68 39
105 120
130 97
14 127
114 94
66 37
123 8
80 42
21 26
112 3
100 68
53 104
135 96
104 48
2 78
142 120
115 105
77 71
91 103
117 91
102 67
64 79
91 30
5 143
134 122
33 87
139 128
87 38
72 0
45 120
72 8
121 134
69 54
77 10
64 23
108 142
69 136
66 42
133 120
24 56
116 107
95 65
20 136
82 85
125 20
99 106
59 88
112 49
6 127
57 111
5 22
44 82
106 8
127 8
96 125
32 23
12 15
98 125
67 61
17 57
88 86
27 103
32 55
108 32
69 119
15 113
131 142
128 120
28 0
39 52
27 68
4 62
128 39
97 132
106 141
12 42
84 88
115 30
80 33
63 137
127 95
13 3
15 53
9 36
89 115
99 97
138 46
141 129
14 118
68 101
82 62
101 23
37 93
93 133
34 32
118 17
138 38
20 20
52 64
139 42
39 140
8 34
28 81
95 67
56 31
83 40
16 90
79 72
29 56
126 31
42 128
20 104
12 130
99 60
119 74
143 136
86 103
127 12
39 25
88 88
87 82
6 120
134 18
99 58
87 114
106 49
71 91
70 3
116 36
1 62
41 12
74 142
61 32
140 22
25 83
70 23
68 79
78 32
118 127
108 88
21 22
110 108
58 81
71 121
19 45
74 89
111 89
94 19
37 44
137 50
69 72
108 52
89 113
46 139
31 89
126 67
21 30
62 70
51 23
140 88
45 13
43 74
96 126
98 121
43 8
137 107
44 62
73 8
5 67
60 142
105 81
37 130
111 53
21 121
17 111
38 27
60 14
123 1
39 29
1 43
8 130
129 67
73 21
10 15
116 69
83 60
59 67
70 9
134 39
0 50
74 3
17 55
137 131
21 111
132 40
86 128
76 96
38 90
8 86
39 73
1 87
19 36
23 27
140 45
113 73
1 83
50 137
4 14
7 23
128 55
60 140
55 108
94 126
126 128
3 42
54 32
96 83
17 135
71 73
58 109
61 101
101 21
80 51
58 106
34 97
92 45
72 114
53 111
28 67
47 36
67 24
8 68
98 77
91 6
121 56
115 44
141 74
105 133
25 47
88 7
41 83
87 23
143 77
35 110
124 30
142 118
34 89
12 89
4 33
72 97
121 138
140 18
43 78
78 136
114 3
116 104
134 104
4 6
137 42
65 91
78 34
57 83
39 62
113 35
67 40
2 63
32 68
67 26
68 113
11 71
114 70
64 57
5 97
108 138
12 78
75 132
33 11
117 128
122 27
73 119
0 53
29 69
120 16
44 66
106 35
90 36
87 21
143 46
6 139
34 13
90 8
106 83
99 18
3 100
63 55
73 74
133 44
140 108
80 59
59 39
89 33
102 25
123 20
93 42
90 129
91 127
55 125
7 102
62 99
109 46
122 55
5 56
26 78
58 113
117 75
20 18
10 78
62 53
116 113
105 71
19 142
131 116
2 8
53 68
86 85
117 19
21 141
103 20
26 18
66 93
40 132
77 84
134 27
41 126
31 103
141 41
21 134
139 90
119 134
63 72
14 80
95 51
103 117
134 115
65 59
104 26
68 10
22 135
18 90
117 93
19 135
123 18
129 0
115 32
83 35
105 135
48 15
101 143
126 132
45 60
76 0
126 134
110 18
110 69
94 130
85 37
136 6
63 101
139 49
141 133
24 79
41 137
68 90
48 123
112 58
69 121
32 104
104 50
68 73
52 120
92 129
55 5
136 18
72 42
41 130
60 71
50 128
140 43
90 102
135 87
87 112
118 132
59 138
24 13
89 83
76 11
50 139
4 119
44 70
38 121
65 0
133 106
101 98
36 86
25 14
54 3
99 127
90 57
144 117
80 71
140 138
86 101
78 138
128 79
15 2
45 41
100 92
141 4
137 26
74 144
79 100
67 31
46 87
38 115
137 103
139 5
72 143
128 127
108 3
55 86
112 75
125 143
67 54
9 97
16 74
35 108
90 38
75 31
46 62
39 94
113 9
112 107
38 54
108 57
61 50
110 31
118 113
27 52
107 134
60 102
47 89
34 15
121 101
23 93
3 19
53 5
87 116
68 4
81 38
92 4
42 90
18 139
112 37
53 43
40 31
90 114
2 122
16 117
37 29
17 37
132 97
41 77
130 77
76 124
65 61
138 19
128 97
92 55
77 81
133 86
6 85
136 115
112 109
108 9
70 89
139 40
6 69
122 122
76 82
125 118
35 71
80 62
111 86
91 64
3 57
46 9
101 46
51 101
143 3
51 124
25 45
14 42
77 97
134 102
104 97
25 130
63 41
129 76
89 2
103 38
118 46
139 132
81 12
44 15
1 114
98 56
106 139
77 122
19 120
22 11
70 114
1 116
45 89
121 28
37 82
31 56
137 99
60 69
61 104
51 105
49 13
130 58
85 111
89 85
59 43
110 96
12 120
72 89
12 49
102 141
94 108
41 140
121 0
44 91
142 139
59 104
115 100
90 68
91 22
121 20
88 39
68 58
140 136
1 143
40 110
144 48
133 61
43 130
92 68
128 42
88 20
14 129
138 53
24 48
91 0
0 123
55 63
0 135
37 64
5 125
106 115
66 33
104 83
49 126
135 90
140 53
137 40
35 51
6 95
126 139
115 92
121 143
38 128
102 115
112 95
70 11
33 36
19 122
37 62
47 72
53 39
23 118
34 26
19 38
104 67
142 53
108 144
31 36
1 101
87 36
18 116
3 115
0 137
74 99
53 22
53 48
115 111
20 118
37 137
61 25
38 139
68 0
116 94
24 1
18 41
144 51
31 69
60 57
21 99
12 91
76 86
121 58
36 96
40 128
131 60
19 23
37 141
54 7
16 6
135 41
49 106
41 6
65 104
78 70
30 21
40 27
72 139
61 138
25 139
66 22
42 61
52 7
60 52
76 137
90 50
96 32
26 50
77 73
129 99
69 91
21 28
64 42
101 70
54 88
79 9
30 54
40 22
123 31
120 136
1 60
95 134
131 88
106 143
135 120
75 22
79 29
87 2
39 126
124 113
97 50
47 125
114 75
53 123
7 80
23 0
64 37
64 15
132 6
31 30
31 49
112 1
76 143
21 109
81 36
76 135
103 18
90 48
129 65
81 61
52 137
93 34
32 66
122 25
117 57
12 128
133 83
104 40
51 135
43 80
67 12
143 73
144 59
79 96
31 34
18 19
75 72
90 4
82 42
5 5
62 3
69 60
99 132
47 40
133 92
54 41
105 137
143 138
60 41
23 109
12 51
111 55
46 91
32 37
71 137
4 9
63 104
59 114
10 102
77 8
30 105
21 24
96 76
24 11
134 97
82 105
75 100
143 75
24 5
1 33
90 98
141 72
31 71
86 130
85 39
18 118
93 23
38 112
58 41
89 127
39 108
95 128
76 98
0 77
47 61
69 56
34 115
3 61
67 104
128 71
122 113
95 74
101 100
53 133
108 123
114 29
13 44
110 123
139 3
41 63
135 99
20 47
56 109
80 102
25 76
3 87
43 12
36 139
27 14
97 48
79 122
137 24
109 86
96 20
141 28
43 89
52 66
23 104
90 112
139 130
141 17
103 24
117 44
60 86
123 144
44 68
62 51
113 85
123 29
109 121
18 109
40 86
138 88
2 124
102 90
96 85
17 73
107 132
124 54
52 115
35 117
51 62
143 121
131 138
122 129
74 28
70 74
33 30
59 54
87 127
93 89
92 53
73 137
134 37
117 126
110 2
70 42
53 24
100 96
144 119
70 139
136 8
4 11
49 22
127 140
39 137
52 49
29 3
96 130
53 1
54 119
133 116
2 85
85 116
127 99
89 9
106 70
111 73
54 109
94 82
17 120
78 57
106 113
40 112
122 127
99 62
10 131
119 19
134 118
111 47
64 76
135 104
104 91
78 124
136 111
72 117
31 12
81 95
70 38
102 82
97 58
138 101
107 121
120 144
3 102
126 136
94 3
91 34
56 106
87 105
46 59
132 94
110 6
138 110
75 120
82 103
68 63
136 27
51 28
131 7
124 135
136 101
144 44
50 45
122 136
63 39
25 110
104 69
77 79
31 14
89 22
100 22
93 103
54 30
103 73
23 46
108 5
133 96
0 42
29 101
37 73
92 113
51 113
112 6
56 81
74 136
130 56
60 116
84 84
13 92
63 13
6 59
87 84
108 131
21 8
138 22
84 82
56 90
18 49
140 15
132 81
69 103
94 22
93 31
139 134
72 10
82 123
118 143
8 132
49 88
104 33
88 143
15 78
5 58
104 140
0 2
18 80
51 126
42 4
63 120
63 78
126 40
26 54
106 51
71 115
71 21
51 103
17 45
25 102
86 81
106 6
128 57
57 68
117 130
18 39
135 64
50 49
16 4
24 3
46 38
74 140
117 100
106 136
137 5
62 37
42 85
105 39
63 11
91 43
11 25
4 141
7 122
106 10
53 29
69 40
137 90
56 70
27 45
133 79
88 37
23 23
97 123
126 70
12 126
137 87
38 110
17 137
143 49
47 13
10 86
55 43
22 2
114 49
139 20
34 91
109 72
93 67
110 132
2 81
111 10
95 45
50 65
98 91
122 23
73 88
128 129
73 134
39 45
143 55
25 103
50 41
94 78
73 76
67 35
93 46
127 38
30 1
29 13
46 67
16 119
4 81
118 35
117 73
68 65
43 60
85 118
89 6
95 47
70 123
77 133
76 141
41 94
127 144
92 63
92 8
76 32
69 138
53 31
113 99
94 80
105 144
132 18
13 87
17 92
6 7
38 124
130 39
27 82
3 79
44 58
89 87
44 10
86 99
93 65
38 95
44 122
95 123
55 111
65 44
70 144
22 6
112 32
102 110
15 111
25 81
34 28
137 48
144 0
43 14
65 32
73 112
80 138
62 14
124 116
27 110
75 9
39 23
52 131
23 31
51 47
54 90
22 48
123 6
65 77
97 105
62 135
44 64
17 71
79 11
141 76
101 108
141 135
27 130
109 106
21 97
86 73
91 90
75 84
75 5
62 102
1 52
64 143
3 44
128 131
135 116
63 116
19 40
41 74
96 121
92 36
137 20
56 7
52 41
96 87
125 18
82 34
132 118
41 79
69 12
66 10
36 67
94 84
54 45
62 23
126 120
43 72
69 112
34 37
4 139
6 9
7 100
40 139
70 1
51 21
63 0
9 24
16 115
22 117
24 50
32 32
94 52
94 8
109 55
126 27
129 139
5 103
94 110
27 140
91 141
66 63
20 89
31 53
18 43
101 48
51 40
120 123
62 74
144 57
95 132
7 13
38 135
4 96
71 40
63 118
3 144
94 35
25 52
6 118
140 69
58 3
106 46
125 9
86 87
28 51
137 113
3 59
70 25
5 121
82 71
105 18
26 121
8 27
5 114
125 115
103 134
85 20
100 24
61 5
80 94
6 131
102 92
18 7
35 98
142 137
124 28
80 104
108 133
55 68
7 67
43 6
84 86
68 42
26 3
23 91
75 74
54 84
111 105
56 41
74 23
78 51
104 95
1 29
15 72
118 90
39 113
66 39
95 106
65 121
46 15
35 122
113 31
113 110
52 127
68 52
83 37
46 34
109 53
67 56
60 106
48 38
127 64
48 140
23 142
102 95
45 73
125 7
77 101
51 133
123 101
25 96
97 75
108 47
67 59
37 23
4 136
25 16
129 9
6 123
110 87
127 118
36 89
122 124
105 118
55 26
60 74
45 71
123 57
108 36
120 128
84 70
128 133
113 7
55 24
121 30
36 14
144 29
35 65
37 71
23 102
75 134
104 9
15 44
13 70
65 119
127 77
35 93
42 15
27 58
88 103
36 31
3 98
106 31
38 142
52 122
8 15
114 36
41 40
24 94
18 22
89 133
81 49
16 109
38 132
67 137
74 1
141 131
59 5
0 31
112 8
15 55
133 65
79 98
133 10
112 71
1 58
62 34
114 5
65 11
19 71
123 33
65 101
10 70
120 102
117 106
54 64
55 83
135 25
3 117
7 8
129 141
2 31
1 121
107 84
25 92
17 113
119 131
142 68
119 33
108 140
49 102
130 83
129 59
2 136
120 60
110 11
37 52
43 24
84 43
107 72
109 38
112 69
36 124
49 136
127 66
45 39
61 59
120 142
16 80
59 111
16 8
49 47
95 88
30 67
40 119
52 129
137 52
92 51
47 135
21 46
29 53
23 29
23 9
104 116
89 104
144 25
34 49
38 106
71 112
124 24
32 91
