66 0
84 41
61 143
87 72
42 121
40 92
1 80
130 87
114 89
62 123
65 35
103 46
52 27
7 129
36 16
128 135
141 103
95 31
87 3
92 47
8 26
120 34
86 84
65 117
92 111
109 1
64 34
4 17
65 75
23 33
13 118
11 88
38 91
25 94
77 0
139 27
143 1
124 71
120 56
129 97
11 80
107 130
132 114
10 100
54 22
79 48
6 18
54 130
138 25
130 86
49 40
84 100
93 1
20 6
67 77
75 27
34 94
35 87
94 33
47 46
61 115
70 136
25 128
61 1
135 8
8 58
38 50
136 109
23 140
139 51
10 59
62 11
68 92
25 119
15 92
37 116
10 93
32 3
44 8
33 25
72 142
16 42
117 72
94 87
98 18
100 19
64 23
72 133
98 135
4 64
144 81
45 37
38 75
66 65
7 24
75 118
18 34
7 125
48 59
2 83
99 48
112 55
57 108
110 89
17 2
21 95
21 101
30 33
138 133
62 39
33 92
48 86
58 87
55 29
4 19
35 30
142 44
132 20
3 142
23 120
27 113
68 52
0 27
21 143
110 4
138 108
132 9
18 69
91 52
117 110
22 90
97 61
131 79
112 84
122 101
95 85
112 30
100 90
10 90
94 50
28 79
127 54
131 66
25 112
75 122
84 113
41 26
44 42
1 119
134 94
119 99
38 32
29 37
55 105
50 63
19 103
25 141
41 24
6 57
33 66
141 2
71 88
40 125
81 100
82 9
13 91
37 109
14 89
136 105
130 143
26 0
125 22
103 144
25 126
39 84
8 60
50 132
43 83
93 129
63 32
5 80
132 91
23 111
18 46
120 133
86 110
9 68
61 73
96 78
74 86
45 69
84 102
104 113
64 103
131 43
89 132
7 96
23 31
66 79
40 141
35 72
4 127
79 102
14 51
69 96
132 96
110 8
28 102
49 100
19 3
121 131
128 138
71 3
41 15
60 85
42 65
3 137
113 87
104 111
126 29
104 142
7 141
130 136
126 66
8 82
106 84
4 123
63 142
81 51
34 110
143 27
108 45
58 70
7 30
37 97
24 42
59 118
59 57
127 56
10 27
53 106
32 27
132 39
27 101
95 64
33 51
142 42
49 138
114 106
126 79
110 50
71 24
128 69
108 49
118 103
135 107
80 61
39 118
26 55
40 75
108 7
119 127
129 42
69 94
22 99
44 87
143 71
143 79
27 127
66 103
59 108
62 31
113 95
73 44
144 69
50 13
113 57
128 10
83 81
108 71
49 124
24 81
133 8
130 10
31 25
71 118
29 15
48 137
87 133
127 58
23 7
69 44
123 115
8 101
5 101
105 38
30 24
60 3
105 23
39 63
141 127
5 15
115 1
21 92
87 90
104 94
22 52
10 53
45 122
137 98
110 138
117 30
52 125
67 57
110 48
19 17
1 41
131 64
66 23
6 28
144 61
126 130
131 45
21 103
89 4
42 43
77 143
131 77
19 110
31 51
37 118
131 13
114 75
102 97
11 129
103 118
10 82
99 46
89 35
135 112
103 71
115 108
115 35
11 29
13 71
84 104
73 30
6 137
64 4
102 99
138 44
91 19
114 48
42 92
20 4
23 15
71 116
13 5
88 130
36 49
76 80
106 118
9 80
85 34
90 100
94 6
4 83
45 124
10 17
23 51
128 142
77 120
3 85
42 81
135 89
96 6
130 80
39 41
24 53
8 13
54 126
111 39
63 57
72 131
96 49
88 98
141 26
80 73
23 97
127 11
35 84
27 15
139 110
38 114
2 13
135 39
40 65
108 35
42 75
92 109
30 49
6 82
21 34
108 69
106 34
126 117
61 76
38 123
90 141
99 109
53 62
75 87
117 49
103 48
118 57
111 37
63 6
130 118
55 93
117 32
49 49
18 5
88 141
37 25
19 92
93 44
40 131
93 132
96 80
71 44
10 13
71 75
49 105
142 70
107 86
130 75
133 63
107 38
63 140
14 119
126 72
125 55
51 6
88 100
124 138
84 72
6 26
116 49
10 34
111 16
42 11
97 108
67 75
95 4
49 61
91 132
78 52
12 54
56 65
15 115
74 6
76 7
114 111
138 105
93 106
142 51
4 13
131 120
91 89
114 97
140 71
61 117
59 7
32 70
66 136
85 71
66 91
107 11
84 9
68 3
38 86
41 41
57 72
129 46
57 5
124 40
8 99
92 88
22 4
63 136
14 108
131 62
53 114
8 127
15 4
37 121
25 57
57 89
8 88
79 35
78 59
112 96
92 67
11 51
65 9
90 143
125 26
92 49
61 56
54 66
89 0
126 0
82 43
2 0
79 52
29 35
22 119
37 88
109 135
143 134
46 65
52 4
54 28
9 22
121 19
4 116
93 112
121 32
34 68
52 108
118 90
110 72
1 98
40 43
40 134
28 2
93 20
81 69
103 139
96 18
23 127
134 62
132 85
142 16
117 34
7 98
14 6
86 21
14 53
33 13
110 33
38 120
22 26
98 99
25 9
80 125
23 43
30 82
18 136
14 110
65 41
19 140
91 134
75 29
108 118
64 30
56 27
47 48
53 120
53 134
68 81
129 44
63 8
139 47
135 92
15 70
33 72
22 13
110 97
95 105
139 7
93 143
82 85
74 96
102 69
101 18
66 2
117 101
13 55
116 51
50 8
134 21
106 116
115 73
91 54
107 0
16 79
101 16
37 84
139 17
92 2
118 52
35 25
64 124
117 130
8 78
125 57
117 47
42 119
98 59
25 121
58 43
26 138
105 21
57 85
36 91
78 95
76 30
115 100
91 32
77 118
68 39
105 119
131 98
14 127
113 93
67 37
124 9
80 42
20 26
112 3
101 68
53 105
136 96
105 47
2 78
142 121
115 104
76 71
91 103
116 90
102 66
64 79
91 30
5 142
134 121
33 87
139 128
86 38
72 1
44 121
72 8
121 135
70 54
78 10
65 21
109 141
68 137
66 43
133 120
24 55
116 106
95 66
20 135
83 87
126 20
99 107
60 89
112 49
6 127
56 112
7 22
44 81
106 8
128 8
96 125
32 23
11 15
98 126
67 61
16 58
88 87
26 103
32 55
108 33
69 117
15 113
131 142
129 120
28 0
40 51
26 68
4 62
128 40
97 133
107 140
12 42
85 89
115 31
80 33
65 137
127 97
13 3
15 55
10 36
88 115
98 97
138 46
141 129
14 117
67 102
84 62
101 23
37 93
93 134
34 32
118 19
137 38
20 21
52 64
138 42
39 140
8 34
30 80
96 68
55 31
82 39
15 90
78 72
28 56
126 32
43 129
20 105
12 130
99 61
118 76
143 136
86 103
129 12
39 26
89 89
87 83
6 119
134 19
100 59
86 114
106 48
72 92
70 4
117 36
1 62
41 13
74 143
61 32
139 23
27 83
70 23
68 79
78 31
117 128
109 88
21 22
110 107
60 82
71 120
19 45
74 89
112 89
94 19
37 42
137 50
69 72
108 51
88 113
48 139
31 89
126 68
19 30
61 71
50 24
139 88
45 13
43 74
97 127
99 122
42 9
137 107
43 62
74 8
6 65
61 141
106 81
38 131
112 51
21 121
17 111
38 28
60 12
124 1
39 30
1 43
9 130
129 68
73 23
9 15
116 71
84 59
59 68
71 9
133 40
0 49
73 4
17 56
138 131
21 111
131 41
86 129
76 96
37 89
7 87
39 73
0 87
20 35
22 28
140 45
112 75
0 83
51 137
3 15
9 24
129 55
61 139
55 108
95 127
126 128
3 42
53 32
97 82
16 136
71 73
58 110
61 101
101 21
79 50
58 107
33 96
92 45
72 113
52 112
28 66
47 37
68 22
10 66
98 77
92 6
122 55
117 45
141 74
105 133
25 46
88 7
41 83
87 22
142 78
36 111
124 30
142 119
33 89
12 89
4 31
72 97
121 139
140 19
43 77
77 137
114 3
116 102
134 103
3 7
136 43
66 93
78 33
59 84
39 61
113 36
67 41
3 63
32 68
68 24
69 115
11 70
114 71
65 56
5 97
109 137
12 78
74 132
33 11
116 129
123 27
73 119
0 53
28 68
120 17
44 66
107 36
90 36
87 20
143 46
6 139
35 12
90 7
107 82
100 17
3 100
63 55
73 74
133 44
140 108
80 59
59 39
89 33
101 25
124 20
93 42
90 130
91 128
54 124
6 102
62 100
110 46
123 54
4 56
27 77
57 114
116 76
20 19
10 78
61 54
116 111
105 71
19 142
131 116
1 8
53 68
86 86
117 21
21 141
103 20
26 18
67 94
41 132
76 83
134 28
42 127
30 102
140 41
19 133
138 90
119 135
63 73
13 80
96 51
103 116
134 114
65 59
103 26
69 10
21 134
17 90
116 92
18 134
123 19
130 0
115 33
83 35
105 135
48 14
102 143
126 132
45 60
75 1
126 134
109 18
110 70
94 131
85 36
137 7
63 101
139 49
141 133
26 79
41 136
68 90
47 123
114 56
69 119
31 103
105 49
67 73
51 119
92 130
55 5
136 19
72 42
42 131
59 71
50 128
140 43
90 102
134 87
86 112
118 134
61 137
24 13
89 83
77 11
51 139
4 119
44 70
39 122
64 1
134 105
100 98
36 86
25 14
54 4
99 128
91 57
143 118
80 71
140 138
86 101
77 139
128 79
15 2
46 42
100 92
142 4
137 26
73 0
79 100
67 32
47 88
39 116
139 103
140 6
72 144
127 127
109 3
56 87
111 77
126 143
68 54
9 97
15 74
35 109
90 38
74 31
46 62
39 93
113 9
112 105
40 53
111 56
60 51
110 31
118 112
27 52
107 134
60 103
47 90
34 15
121 99
22 93
5 20
53 6
86 116
68 5
81 38
93 4
42 90
18 139
113 38
53 43
40 31
90 114
2 122
16 117
37 30
18 36
133 98
40 77
129 78
76 124
65 61
138 19
129 98
93 55
77 81
132 87
5 85
136 114
112 107
108 9
70 90
139 40
8 67
120 123
75 82
126 118
34 70
82 62
112 86
91 65
3 57
46 9
101 45
51 101
143 3
51 123
25 44
14 42
78 97
135 101
104 98
23 130
63 41
129 76
90 2
104 39
119 48
139 132
82 11
45 16
1 114
100 56
107 138
77 122
20 119
22 11
71 114
1 117
45 89
121 28
37 82
30 56
138 99
60 69
61 105
51 106
49 12
131 58
84 111
90 85
60 43
110 95
12 120
72 90
13 50
103 141
93 108
41 140
122 0
44 91
142 139
59 105
114 99
90 68
91 22
122 20
88 39
69 58
140 136
1 143
40 111
0 47
132 61
44 130
92 69
127 42
89 19
14 129
139 53
24 47
91 0
0 123
55 63
0 134
37 64
5 125
106 114
66 34
105 83
48 126
134 91
141 53
137 41
36 51
5 95
126 139
114 91
122 143
39 129
102 114
111 94
71 11
33 36
19 121
37 62
47 72
53 40
23 118
34 27
19 37
104 67
143 53
109 143
31 37
1 100
87 36
18 116
2 115
1 137
74 98
52 23
52 45
115 110
20 117
37 136
62 24
38 138
68 1
115 93
24 1
18 41
144 51
30 69
61 58
20 99
11 91
76 85
122 57
35 96
41 129
131 60
19 23
37 140
54 7
16 6
135 41
49 107
41 7
65 105
78 70
31 22
40 28
72 140
63 138
24 139
67 20
41 61
52 7
60 53
76 138
90 50
96 32
27 50
76 73
130 100
70 92
20 28
64 43
101 70
55 89
80 8
30 54
40 22
122 31
120 137
1 60
96 134
131 89
107 143
135 120
75 25
78 29
88 2
39 127
124 113
98 50
47 125
113 76
53 123
7 80
23 0
65 37
64 14
133 5
31 31
32 49
113 1
75 144
21 108
81 36
76 136
103 18
90 48
129 66
82 60
53 136
92 33
32 66
123 25
118 55
12 128
131 84
104 41
51 135
43 79
67 12
143 73
144 59
80 96
31 35
18 19
74 73
91 4
82 41
4 6
62 2
69 60
99 133
47 40
133 93
54 41
105 137
144 138
61 41
23 109
12 52
112 53
46 91
32 38
70 139
3 9
63 105
59 114
10 102
78 8
29 104
21 24
96 76
24 11
135 98
82 105
76 100
143 76
24 5
2 32
90 97
141 72
31 71
87 131
84 38
18 118
93 22
39 113
59 41
89 128
39 109
95 129
76 98
0 78
47 61
70 57
34 116
3 61
67 105
128 71
122 113
96 74
100 100
53 132
107 122
114 29
13 44
109 123
140 4
41 63
136 99
20 47
56 110
81 102
25 77
2 87
43 12
36 138
27 13
97 48
79 123
136 24
109 86
96 20
141 28
43 89
52 66
22 104
90 112
139 130
141 18
103 24
119 46
61 87
124 144
44 68
61 52
114 85
123 29
109 121
18 108
40 86
137 89
2 124
102 91
97 84
17 73
107 132
125 53
52 115
35 118
51 62
143 122
131 137
121 129
73 28
69 74
33 31
59 55
87 128
94 89
92 53
72 138
134 38
115 127
111 2
70 42
52 25
100 96
143 120
70 141
137 9
3 11
49 23
128 140
39 136
52 47
30 3
96 131
53 2
53 118
133 116
1 85
84 115
128 100
89 9
106 70
110 74
53 110
95 81
18 120
79 57
106 112
41 113
121 127
99 63
10 131
120 20
134 118
112 47
63 76
136 103
104 92
78 124
135 110
73 117
31 12
82 95
70 39
104 81
98 57
139 101
107 120
121 144
3 102
126 137
94 2
91 34
56 107
88 105
46 59
132 94
110 6
137 110
75 120
82 103
68 63
136 28
50 28
131 7
124 136
137 101
144 44
49 45
122 137
64 39
25 110
104 69
78 79
31 14
89 21
100 22
93 104
54 30
103 73
23 45
108 5
134 96
144 42
29 100
37 73
92 113
51 114
112 6
58 82
74 137
131 56
59 116
84 85
12 93
64 12
6 59
88 85
108 131
21 8
137 23
84 83
56 91
18 48
140 16
130 82
68 103
95 21
93 31
140 134
73 10
81 124
119 143
8 132
49 88
104 34
88 143
14 78
4 58
105 140
0 2
17 80
50 126
41 5
63 121
63 78
126 41
26 53
107 50
72 115
72 22
51 104
17 44
24 102
85 82
106 6
129 57
57 68
117 132
18 39
135 64
51 48
17 4
24 3
46 38
74 141
116 99
107 136
138 5
62 37
41 85
106 40
64 10
91 43
12 26
5 140
7 121
106 10
52 29
69 41
136 90
56 70
27 44
132 81
88 37
23 24
97 124
126 70
13 126
136 87
38 111
16 138
143 49
47 13
9 86
56 43
22 2
114 50
139 21
34 91
109 73
94 67
110 132
1 81
111 10
95 45
50 65
98 91
123 23
73 88
127 129
72 135
38 43
144 55
24 104
50 42
94 77
73 76
68 35
94 46
126 39
30 1
29 13
46 67
16 119
4 82
119 35
116 74
68 65
43 60
84 117
89 6
95 47
70 121
76 134
75 142
41 94
128 144
93 63
92 8
76 32
68 139
52 31
112 98
94 79
105 144
132 18
13 87
17 92
5 8
38 125
130 39
28 81
3 80
44 58
90 87
44 10
86 99
93 65
37 95
43 123
95 123
54 112
65 45
70 0
22 6
112 32
102 109
15 111
26 81
34 29
137 48
0 0
43 14
65 32
72 111
79 138
62 13
124 117
27 111
76 9
39 24
52 131
21 32
51 46
54 91
22 47
124 7
65 77
97 106
65 135
44 64
17 71
80 10
141 76
101 108
142 135
25 130
110 105
20 97
86 73
93 90
74 84
75 5
62 103
1 51
64 143
2 44
128 131
135 116
63 116
19 40
41 73
96 122
92 35
137 21
57 7
52 42
97 86
125 18
81 34
132 118
41 79
69 12
67 10
35 67
95 83
55 45
63 22
127 120
43 72
69 113
34 38
4 138
5 10
6 100
40 138
70 2
50 22
63 0
10 25
17 115
22 117
25 49
32 33
94 52
94 8
111 54
126 27
130 139
4 103
93 110
26 140
92 141
66 63
19 90
31 53
18 43
101 47
51 40
118 125
62 74
144 57
95 132
6 13
38 134
3 95
71 41
63 118
3 144
94 35
25 51
6 117
140 69
58 3
106 46
126 9
87 88
29 50
137 112
3 59
69 25
5 121
82 72
105 19
27 121
8 28
4 114
125 115
103 134
85 19
100 24
61 4
80 94
7 131
102 93
18 7
35 98
142 137
125 28
80 104
108 133
55 68
8 65
43 7
85 87
68 43
26 2
23 91
75 75
55 85
111 104
56 41
73 26
77 49
104 96
1 28
15 72
118 88
40 115
66 39
95 107
64 122
47 15
35 123
113 31
113 109
52 127
69 52
83 37
45 35
110 52
68 56
60 107
48 38
127 65
49 140
23 142
102 95
45 73
126 7
77 101
52 133
123 99
25 96
97 75
108 47
67 59
37 23
4 136
25 16
130 8
6 123
111 88
128 118
35 89
120 125
105 117
54 26
60 75
45 71
123 56
109 37
119 129
83 70
128 133
114 7
54 24
121 30
36 14
144 29
35 65
36 71
23 102
74 135
104 8
15 44
13 69
64 120
127 77
35 93
43 16
27 57
88 103
36 32
3 97
106 32
38 142
51 121
7 15
115 37
43 41
23 95
18 21
89 134
81 49
16 109
39 132
66 138
73 2
141 131
59 5
1 30
112 8
15 57
133 65
80 98
134 10
112 73
1 58
62 34
114 5
65 11
18 72
122 33
65 101
11 68
119 101
117 104
54 64
56 83
135 26
2 118
7 9
130 141
3 30
0 121
108 84
24 93
17 113
119 132
142 68
119 33
109 139
49 102
129 84
129 59
2 135
120 58
109 10
38 52
43 25
84 43
107 72
109 39
112 71
36 125
50 136
128 67
45 40
63 59
121 142
15 80
59 112
16 8
49 47
96 87
30 67
40 120
52 129
137 52
92 51
48 135
21 45
29 52
21 30
23 9
104 115
90 104
143 25
34 50
39 107
70 112
125 24
32 90
