49 167
194 84
30 139
198 187
141 88
125 174
105 151
1 39
79 135
185 210
41 225
142 201
41 199
157 207
159 19
90 37
6 69
65 109
60 210
4 70
56 213
128 122
175 123
182 200
180 28
225 104
164 145
107 45
16 208
90 78
31 132
60 87
21 100
6 28
114 193
126 100
203 184
197 224
6 164
117 132
87 3
127 216
107 187
123 135
80 154
154 167
148 3
34 67
172 205
61 27
104 166
222 181
155 97
73 227
6 202
24 163
144 21
10 109
127 130
79 137
82 188
126 47
200 144
153 206
76 4
114 29
189 190
69 207
225 167
95 194
146 95
134 210
56 159
199 5
158 72
111 184
222 185
53 76
134 83
11 160
98 95
135 28
151 76
84 205
180 192
66 148
27 58
126 181
219 63
123 25
189 104
160 108
133 106
15 205
170 166
130 147
58 39
196 212
13 98
166 124
12 83
13 53
131 104
60 40
195 80
109 159
184 14
143 150
11 87
167 108
174 98
212 5
56 65
173 194
61 10
131 65
110 211
222 118
226 74
66 79
226 190
51 42
48 74
93 153
33 166
44 208
217 101
170 135
112 49
86 29
190 32
172 207
35 82
93 181
150 40
175 154
27 9
51 73
181 135
152 145
140 165
205 66
189 101
148 172
215 34
182 159
79 168
43 180
207 185
161 169
188 166
127 159
153 185
131 36
133 172
145 178
207 124
225 121
72 72
137 156
82 10
26 185
68 126
13 192
123 97
175 39
73 144
145 37
128 137
191 128
69 7
53 191
73 63
62 95
28 163
154 154
155 224
36 226
175 190
159 155
202 179
130 113
90 209
41 13
176 47
149 76
125 202
150 30
207 164
121 199
134 121
186 47
223 170
160 76
13 173
204 60
31 32
91 79
37 23
122 180
86 169
193 149
108 82
157 211
210 203
14 82
129 206
34 105
52 104
79 212
20 212
57 83
108 223
216 223
99 185
164 60
182 109
35 192
12 184
8 117
74 48
19 120
109 93
141 120
68 136
158 189
3 94
140 82
168 177
43 16
110 57
79 194
179 36
109 54
179 52
202 14
157 84
94 119
52 54
103 200
73 54
8 77
125 213
17 124
80 107
127 54
184 213
47 85
170 33
134 177
88 72
16 184
86 52
67 130
49 130
213 86
63 164
145 137
226 201
161 24
57 100
96 56
112 127
130 211
157 142
181 63
194 210
183 105
20 44
143 142
95 161
67 199
208 54
61 53
29 119
56 182
160 47
8 227
8 69
85 36
116 172
121 39
61 79
168 72
26 179
130 25
72 15
164 185
162 78
170 201
85 130
140 127
68 179
22 136
38 212
74 97
37 85
118 26
194 219
30 159
162 44
173 79
172 11
155 212
206 191
6 172
150 167
88 201
214 40
189 5
153 159
180 129
15 48
214 62
182 27
170 123
140 99
71 209
121 50
221 141
187 67
188 56
178 128
119 36
32 221
128 157
104 142
12 51
187 126
88 157
31 176
217 12
67 62
45 95
171 18
4 223
85 214
45 173
138 114
153 198
205 93
12 78
66 196
17 158
184 191
28 153
116 24
44 181
126 119
62 176
216 41
206 31
121 129
52 197
213 136
170 67
141 153
33 189
150 155
142 16
5 7
102 43
31 84
41 99
108 29
91 141
197 95
104 192
224 206
224 136
191 28
78 88
141 181
30 44
171 133
225 225
121 210
203 122
95 116
153 223
30 20
96 44
196 200
206 162
202 217
50 15
130 214
47 211
6 106
22 147
170 89
6 21
218 73
126 138
226 85
158 200
67 14
93 223
144 1
128 35
47 178
6 197
72 92
52 218
111 216
119 45
178 15
145 24
4 117
133 41
188 135
171 23
208 157
190 223
76 116
30 123
42 164
147 205
33 64
221 19
140 105
172 118
75 80
131 74
140 135
76 120
224 178
36 131
101 54
60 195
182 19
30 16
200 89
76 159
189 121
225 196
174 61
155 210
134 114
47 68
136 160
182 146
22 160
25 133
6 121
72 194
137 131
221 80
113 22
147 13
19 18
75 222
108 216
63 143
192 43
207 71
19 34
96 139
183 90
81 150
171 156
100 122
143 9
47 72
94 200
215 194
124 108
75 35
86 46
42 22
7 94
155 216
12 194
74 208
226 29
32 133
80 192
189 154
40 165
27 220
180 151
160 191
88 111
70 183
180 202
99 224
40 50
73 107
105 53
181 208
35 30
84 54
151 197
41 62
29 131
61 114
172 181
36 184
1 141
4 88
29 112
80 48
179 155
223 161
125 25
96 121
227 133
49 216
130 171
16 174
61 219
23 226
88 205
5 86
47 157
128 22
46 7
195 25
168 163
21 157
117 11
113 15
213 173
159 41
197 171
20 169
105 103
82 60
20 114
179 127
189 98
165 128
126 183
62 147
160 66
213 225
208 120
26 84
149 191
130 43
79 34
39 95
99 220
159 27
54 134
57 133
217 99
53 3
81 74
111 14
60 199
66 221
147 94
29 101
74 30
198 172
131 192
174 14
145 145
226 98
102 171
173 83
15 74
163 45
228 34
21 226
173 126
91 150
48 26
150 49
186 90
178 91
122 85
107 127
119 138
146 106
14 72
75 90
183 140
19 142
62 84
38 17
18 30
155 105
140 187
69 214
11 164
204 219
52 109
91 5
187 210
179 84
16 29
76 181
118 127
16 101
19 78
202 19
120 22
169 57
227 186
141 109
30 48
17 111
18 178
179 208
85 121
25 201
177 188
172 110
183 84
164 65
228 52
102 38
155 137
195 52
194 99
49 11
128 28
160 112
3 20
181 225
145 211
127 153
149 176
213 141
186 136
118 215
2 22
130 197
195 134
21 216
198 88
196 61
13 224
223 140
104 116
135 2
125 46
148 17
25 107
60 206
218 68
200 18
185 81
192 106
126 28
160 91
6 39
35 211
220 30
206 75
221 32
102 143
184 222
9 41
192 192
111 191
13 1
166 77
53 105
90 119
30 83
95 17
202 175
42 3
112 6
71 189
58 214
105 63
215 125
57 167
100 152
193 176
111 210
139 221
69 186
7 37
67 163
25 89
71 200
210 72
27 110
217 4
202 44
66 60
149 140
10 98
115 56
22 208
154 135
123 33
212 8
201 80
204 153
13 179
0 172
190 78
185 11
160 13
105 180
224 115
34 139
24 17
217 193
225 176
102 183
53 90
7 24
169 174
159 150
97 81
173 71
36 135
151 217
16 119
166 153
197 182
149 186
80 117
117 12
181 227
119 156
104 220
211 33
138 38
206 177
158 47
211 79
179 43
58 2
196 191
159 43
10 11
221 89
38 223
185 175
203 186
7 81
127 202
199 195
214 212
142 78
111 100
186 53
153 93
50 151
168 70
146 182
58 159
84 153
101 132
86 150
215 208
199 166
63 76
73 43
58 117
62 66
95 11
147 100
200 206
60 19
169 192
52 114
196 48
81 177
102 31
81 7
100 41
84 86
76 188
11 74
107 6
209 153
36 1
189 211
58 29
130 178
224 219
102 73
3 1
90 98
152 175
188 66
204 95
150 131
53 183
54 68
104 32
134 205
171 142
137 138
181 72
151 127
218 79
0 198
106 121
185 139
52 80
122 189
41 217
211 217
75 44
77 24
1 215
62 223
129 109
27 146
204 152
118 92
28 47
201 228
204 210
33 52
194 67
186 155
182 182
86 157
68 210
54 16
214 54
208 151
22 108
88 19
24 170
114 219
201 108
113 78
17 108
223 91
70 82
23 80
32 74
199 34
50 79
26 68
143 48
2 91
186 21
158 4
95 59
25 31
9 151
172 19
225 204
122 157
131 45
80 145
109 141
180 93
39 181
108 106
68 91
107 35
77 176
4 162
77 72
190 181
173 173
205 146
68 52
75 174
100 146
188 13
115 153
183 18
100 65
128 198
54 26
167 207
115 34
95 39
61 197
119 12
15 87
62 33
224 78
146 200
35 175
179 97
99 162
222 159
194 105
146 112
76 21
13 136
65 87
53 126
104 199
0 125
99 154
32 185
80 173
180 101
2 27
212 146
122 101
136 5
117 64
13 210
162 5
51 2
38 155
1 146
144 225
4 179
194 195
70 156
74 168
10 165
103 29
198 12
84 177
218 6
165 24
23 187
110 82
215 116
147 185
122 118
102 79
192 112
96 179
174 89
213 58
197 11
31 102
154 145
152 46
27 189
118 190
194 89
141 68
129 71
182 14
141 225
84 35
216 19
67 7
75 212
108 180
131 112
35 110
187 0
146 3
55 24
136 1
162 196
92 192
225 213
174 101
134 227
163 138
58 222
115 177
196 222
90 27
78 53
30 127
100 73
189 8
87 90
225 9
29 110
124 148
84 213
16 21
36 57
151 165
62 190
87 207
173 187
2 85
210 53
224 181
196 217
204 5
183 52
140 208
22 129
221 71
144 94
215 99
4 50
119 147
155 11
60 62
61 169
151 16
115 58
127 41
151 201
220 137
109 130
187 174
165 174
19 189
84 82
193 221
150 143
95 28
117 194
164 9
5 140
221 210
168 76
221 200
161 129
166 106
150 58
201 137
58 186
13 150
84 91
12 22
37 200
67 76
155 125
26 53
162 30
82 101
185 94
206 5
5 122
212 118
186 131
23 111
22 11
33 58
67 46
107 196
151 205
19 68
154 122
40 135
180 222
44 228
134 153
212 77
66 124
77 208
95 148
194 20
72 74
36 197
162 37
107 91
46 201
115 142
227 213
163 228
194 31
154 57
217 155
30 42
39 29
85 170
29 178
50 147
151 190
183 44
85 124
60 17
14 207
108 39
211 188
226 127
78 145
220 25
145 29
114 8
223 131
28 7
139 152
209 87
64 72
26 98
37 40
172 81
55 171
117 216
6 225
40 46
192 167
31 219
152 55
112 12
95 53
63 36
49 214
209 55
208 220
28 134
146 56
228 82
50 221
205 117
133 99
35 7
116 218
31 143
55 19
185 113
108 133
186 18
21 85
161 204
58 172
80 95
41 81
6 126
43 113
161 57
137 152
219 208
12 153
45 127
127 143
155 111
17 53
178 159
95 22
99 196
147 85
4 137
3 214
121 150
46 84
9 23
101 14
0 116
2 66
50 175
194 13
12 107
141 114
56 71
64 90
126 6
34 114
21 92
137 42
78 184
198 62
69 166
148 89
151 10
98 19
36 224
123 198
172 2
166 215
224 14
218 168
170 111
123 164
69 55
135 37
7 185
89 101
170 140
59 115
169 202
11 27
183 118
40 152
129 127
69 147
160 224
156 148
95 35
137 52
91 17
52 84
33 109
218 107
205 35
110 187
123 137
89 159
15 189
96 160
5 190
191 22
122 115
62 121
40 27
20 140
42 87
128 18
21 172
204 27
174 182
81 166
173 105
92 195
208 15
16 78
121 185
143 32
39 72
211 165
25 44
185 137
38 25
205 46
179 78
197 77
139 123
75 144
32 12
169 223
166 66
92 45
20 152
51 88
114 46
205 174
117 134
190 203
181 211
166 165
118 206
103 226
214 25
115 65
137 205
73 98
8 10
204 118
0 161
138 211
102 28
137 56
192 161
60 0
225 132
139 158
102 206
54 206
70 202
125 142
74 218
127 57
146 157
88 23
15 22
81 193
214 12
135 196
174 5
142 44
132 11
108 86
46 205
173 37
198 31
2 151
226 33
167 39
51 26
169 43
209 227
189 75
227 67
148 123
224 111
53 223
114 214
124 127
79 202
122 122
199 91
11 133
179 125
72 150
103 96
8 92
129 139
67 27
6 80
65 133
77 221
210 20
145 202
184 56
117 228
19 4
86 104
131 81
200 117
115 160
130 40
121 70
66 3
0 154
56 115
45 113
208 168
219 133
15 137
201 104
52 50
27 40
177 37
85 191
205 122
220 17
83 124
204 82
152 82
170 109
134 63
200 179
2 144
39 114
45 77
29 59
113 86
223 55
43 108
111 222
213 91
40 5
202 135
9 156
99 119
191 7
87 31
143 186
47 98
216 2
81 55
98 147
116 200
146 118
106 170
222 114
108 200
88 153
87 144
112 112
179 105
16 85
201 214
131 61
171 43
78 99
12 25
220 58
96 123
78 39
215 157
196 198
76 52
22 38
36 126
114 91
217 175
204 141
136 69
108 65
1 194
63 61
14 148
207 111
85 49
187 40
11 36
110 180
211 103
163 226
34 170
78 215
3 32
40 120
217 14
168 62
214 203
202 143
215 104
40 10
91 60
175 34
223 103
127 49
97 49
82 137
212 43
50 64
100 187
93 165
37 210
35 44
162 208
50 101
41 150
227 209
100 107
82 4
112 158
57 147
57 120
208 42
199 39
165 102
26 114
215 148
205 206
74 172
180 88
73 189
104 196
95 112
156 91
129 152
18 166
70 96
84 52
6 49
205 30
17 202
217 120
55 163
6 104
69 28
187 25
186 206
193 157
16 116
167 24
226 47
143 40
177 176
39 158
75 163
222 48
227 51
6 159
190 88
133 69
66 98
87 24
14 127
26 62
82 119
81 168
151 219
174 167
46 155
183 3
36 50
8 109
56 194
179 216
1 2
196 136
103 63
78 107
133 133
127 88
106 206
94 129
28 38
0 41
36 172
106 80
96 158
144 62
223 9
175 202
228 218
22 179
228 22
200 146
194 61
155 142
39 99
156 205
94 227
157 74
102 147
150 1
138 145
13 63
45 99
122 215
188 150
210 197
125 125
5 206
170 183
154 30
40 42
49 228
164 20
207 200
204 43
212 215
148 131
47 92
109 14
12 16
80 160
5 149
54 148
207 208
216 199
210 220
25 51
114 128
56 124
84 84
59 197
58 129
221 212
46 0
114 166
167 55
118 65
113 62
135 178
102 34
81 157
106 52
41 154
208 181
111 109
65 172
164 31
165 53
130 184
208 62
92 120
1 23
51 36
131 159
136 101
118 79
65 226
222 0
55 96
131 218
213 209
64 176
150 91
180 132
39 109
153 21
8 16
125 33
59 168
74 56
45 164
167 57
174 30
42 134
129 93
185 34
16 193
15 14
82 217
145 161
96 226
26 23
92 161
88 133
91 95
139 215
111 24
228 141
117 171
112 70
141 13
67 86
61 106
184 7
63 109
12 144
4 79
121 55
18 194
49 110
90 143
63 25
100 35
10 226
224 150
103 8
111 147
36 103
166 36
50 49
120 79
98 113
171 144
95 102
112 77
59 166
36 28
125 41
164 181
79 112
117 19
187 164
55 202
127 227
164 112
30 2
209 137
35 53
166 209
157 15
67 139
43 31
221 104
140 7
113 31
21 88
101 69
99 29
156 8
35 18
53 150
2 182
16 145
180 45
82 110
5 145
215 52
30 208
195 76
163 70
33 226
53 52
85 43
162 178
43 94
205 157
51 226
5 176
150 226
141 21
137 74
207 142
175 208
21 70
15 93
143 60
103 110
10 175
21 190
144 66
94 92
73 161
22 228
228 10
23 138
68 124
109 143
31 25
39 169
160 221
214 1
106 78
109 123
223 68
224 51
225 72
190 56
168 102
49 27
5 212
35 71
51 46
113 188
94 121
22 31
181 66
33 99
47 117
202 206
190 13
197 98
128 174
41 193
208 0
112 39
59 75
62 150
147 145
175 194
39 221
224 36
205 223
28 198
130 2
81 26
52 179
220 144
186 38
185 184
166 134
114 42
200 69
110 35
216 176
54 83
142 140
209 68
88 129
105 21
194 143
130 97
81 14
2 37
189 28
10 222
72 217
18 59
167 19
124 194
27 51
155 120
18 101
113 105
60 30
0 203
37 20
155 26
52 205
218 91
10 43
169 29
190 49
39 132
189 146
223 128
209 48
167 46
89 6
149 222
101 215
117 184
225 184
93 125
181 42
142 178
86 45
215 68
198 44
77 140
136 119
61 98
141 74
70 65
144 208
112 162
151 117
122 159
25 85
183 183
39 160
123 110
85 185
65 200
160 100
60 22
25 203
170 35
91 89
144 156
160 81
40 204
133 142
83 149
52 189
13 95
220 224
35 160
177 43
119 145
25 220
54 176
20 54
144 134
44 212
83 160
89 76
19 134
88 34
106 56
10 199
62 183
200 60
121 63
66 211
60 179
145 130
111 152
89 136
205 187
151 90
24 121
97 218
155 48
186 143
74 133
166 190
63 21
4 196
195 149
57 42
103 1
51 119
3 227
168 186
19 66
192 131
21 201
28 142
186 65
154 79
95 153
124 58
43 104
142 70
52 60
15 44
25 192
200 44
185 102
116 114
106 186
30 180
67 193
161 176
92 54
109 184
34 150
78 18
97 111
164 110
124 6
38 88
69 26
91 186
163 35
34 216
54 71
19 192
37 143
217 157
25 173
88 227
56 30
36 194
105 99
217 135
4 63
150 62
159 203
183 47
47 83
227 151
147 44
134 24
46 191
79 41
96 64
163 88
43 8
115 14
170 101
205 127
121 43
227 41
4 27
2 105
187 105
198 110
180 110
85 136
109 31
165 39
98 4
199 170
178 1
168 212
27 89
144 125
92 169
132 137
196 178
157 28
60 185
123 38
215 46
107 131
140 64
128 84
193 46
158 121
151 119
170 52
165 200
135 199
32 4
60 59
91 19
116 186
216 183
166 119
130 30
40 127
132 143
140 94
224 146
198 104
3 90
153 204
29 36
103 215
170 219
192 59
99 108
136 218
228 15
98 42
39 41
35 119
67 108
180 59
139 125
85 226
111 174
23 5
201 218
152 122
127 72
210 225
95 173
15 211
154 4
68 217
153 141
100 169
19 148
133 174
14 188
151 7
8 155
80 92
113 38
224 192
195 172
79 30
33 199
194 217
48 201
200 209
150 192
85 106
217 190
44 48
67 41
73 29
82 47
131 134
184 29
81 207
192 228
63 185
43 85
158 34
142 72
158 94
166 85
155 152
87 6
146 219
110 15
172 227
88 148
145 133
117 59
22 13
129 111
141 133
36 74
3 153
202 10
228 179
39 138
17 35
72 179
49 122
104 176
186 145
23 44
56 104
151 18
217 60
117 163
192 204
156 19
62 195
55 88
111 168
178 181
76 77
192 96
13 43
196 163
43 172
171 75
208 184
192 185
7 3
107 70
211 75
156 128
5 83
1 133
1 57
217 29
115 208
74 20
196 106
93 127
15 201
110 20
122 29
177 153
47 192
197 37
129 78
152 88
7 175
91 166
28 165
46 148
206 40
111 26
148 196
214 219
96 177
113 20
124 220
101 16
193 120
108 115
118 178
58 225
128 178
168 0
43 218
14 41
176 174
169 78
189 164
222 111
203 77
162 188
156 192
48 170
34 210
39 106
71 9
1 52
191 140
220 194
221 116
95 0
219 41
54 66
217 93
41 69
144 217
166 50
7 150
169 103
139 201
15 151
40 82
151 22
197 100
217 70
215 196
182 148
157 227
161 161
70 222
0 175
105 42
100 11
24 59
184 203
208 22
91 8
154 71
117 38
81 218
33 92
17 182
71 113
140 137
199 189
40 66
26 45
172 69
125 195
198 125
103 92
69 37
100 87
8 46
66 9
105 0
31 76
141 60
39 21
66 90
166 149
191 71
169 26
80 133
10 135
19 109
48 136
200 161
228 93
18 49
97 216
87 210
172 217
162 154
159 32
140 199
168 149
219 37
222 137
186 57
222 93
194 154
12 28
162 165
138 97
137 19
97 145
227 115
100 192
66 74
198 220
55 140
141 103
35 10
138 176
112 97
84 133
43 118
3 44
38 15
203 101
157 133
32 227
114 206
181 35
124 81
40 144
19 16
86 187
97 33
173 219
54 45
10 177
73 2
189 123
201 202
176 109
195 226
183 177
71 60
151 210
27 15
48 113
131 17
29 202
188 80
18 181
129 163
102 168
228 129
214 96
146 14
139 86
168 160
51 129
32 157
73 204
105 211
186 194
196 84
184 162
124 105
167 223
17 133
121 61
200 110
199 152
96 76
225 2
202 111
131 140
213 113
143 110
135 106
34 134
192 198
37 216
20 160
191 47
204 168
39 200
203 115
202 62
86 196
123 23
133 78
59 138
96 172
43 61
100 43
222 189
20 59
14 112
122 91
81 139
44 139
136 63
56 173
212 106
7 98
119 58
91 178
214 76
66 159
157 10
7 145
1 16
134 8
5 111
74 149
147 122
145 41
19 131
29 173
166 88
65 114
217 62
13 167
45 125
147 129
32 216
214 180
9 172
173 148
163 18
142 93
193 2
224 41
215 189
193 182
160 152
202 53
100 49
190 220
119 50
24 158
81 81
50 197
163 166
95 70
142 51
4 14
160 45
45 79
211 204
55 47
212 71
73 66
171 197
178 83
131 124
131 146
66 152
164 215
161 142
100 101
66 39
101 173
122 153
169 128
120 4
64 51
211 153
117 85
42 186
73 4
41 141
11 58
17 226
119 221
32 169
40 40
84 6
86 164
184 152
164 68
100 159
49 68
3 81
117 159
205 138
182 116
104 58
176 170
143 83
46 52
171 153
82 127
151 141
95 78
222 73
223 80
189 35
176 214
38 35
164 33
119 76
128 60
125 164
183 63
188 73
74 125
142 104
32 139
28 170
64 119
133 188
143 162
180 68
187 198
6 15
117 110
26 0
176 28
60 73
125 191
206 13
159 96
129 118
134 90
92 42
30 149
71 76
11 8
201 166
121 9
107 25
58 31
220 107
90 174
79 222
166 7
63 53
68 176
194 132
12 99
195 208
92 215
150 56
187 11
107 119
165 158
41 160
153 65
81 2
93 218
162 182
93 1
130 53
119 25
161 215
71 175
153 35
33 208
136 127
13 93
117 224
103 136
211 91
8 199
119 167
72 130
203 0
175 222
75 59
11 2
162 1
80 148
33 97
18 25
122 168
0 205
79 84
77 122
72 116
169 178
19 111
81 69
183 112
19 206
139 107
4 131
88 220
131 89
107 48
59 102
223 221
109 204
142 0
58 135
13 155
117 201
194 117
129 73
175 16
84 139
80 57
43 203
53 96
209 171
118 113
145 59
124 114
212 149
91 52
0 48
43 132
10 33
4 164
206 8
0 79
213 163
223 33
74 84
143 152
193 108
173 65
31 188
22 163
26 198
13 140
218 185
55 10
40 101
118 211
91 172
128 58
92 83
207 102
153 103
103 170
59 44
103 26
11 92
218 219
209 46
50 56
132 15
152 182
57 91
25 2
124 85
157 59
50 194
190 112
228 187
36 64
220 85
79 179
140 141
95 126
45 204
105 182
5 133
101 219
49 177
220 47
132 196
5 16
176 49
55 130
174 134
49 19
32 78
34 129
146 89
214 78
186 63
57 219
53 34
49 84
25 150
126 62
95 134
165 11
45 16
60 124
160 118
174 113
143 121
31 120
86 63
130 128
200 24
117 87
126 39
3 217
197 51
79 188
7 132
80 228
132 119
35 124
7 211
67 118
34 194
56 112
162 123
82 182
90 213
91 103
15 140
38 205
194 212
138 228
78 86
101 124
174 46
134 217
71 170
69 191
136 193
66 18
7 112
168 183
51 140
99 137
129 188
134 167
193 122
203 57
106 140
5 109
207 182
220 148
98 22
60 50
101 142
141 190
87 57
6 178
45 226
86 67
159 174
164 41
163 103
21 134
98 86
100 55
123 171
74 139
125 19
158 80
95 138
35 209
172 170
157 224
166 132
117 119
189 45
210 129
191 11
12 182
75 62
40 189
169 85
126 15
109 178
71 118
176 75
65 53
45 20
66 38
76 103
30 18
72 142
14 122
72 100
26 225
99 53
27 211
40 125
183 220
74 220
11 218
113 125
188 202
206 130
52 116
46 42
27 216
2 173
68 31
228 54
71 86
172 162
210 157
98 36
103 158
27 207
205 216
49 21
90 185
39 76
99 156
64 136
152 14
13 160
20 143
64 156
111 170
63 138
83 204
10 213
219 120
206 175
182 165
80 196
37 180
45 63
9 19
83 24
57 44
222 219
90 41
62 205
128 168
113 89
22 8
83 176
131 200
202 158
123 71
71 212
119 106
159 134
7 209
57 158
222 178
50 157
93 134
158 69
218 88
178 95
39 78
141 148
62 69
219 77
177 53
125 103
115 78
85 78
75 204
181 81
144 215
38 145
41 94
50 54
88 215
23 194
76 30
7 123
178 89
169 99
186 179
157 125
121 45
155 214
221 66
182 167
16 148
22 23
138 171
225 161
52 55
111 139
14 118
47 33
122 225
179 139
87 88
27 161
190 62
134 161
162 9
174 180
195 11
42 19
48 108
4 42
157 2
173 39
35 164
30 66
80 80
203 166
3 55
75 196
98 191
221 24
167 3
187 216
155 179
72 81
154 114
145 153
63 216
122 14
21 82
113 100
92 188
134 21
207 116
145 169
168 106
48 221
26 118
88 17
85 65
151 26
29 117
201 8
87 95
44 210
94 79
25 140
177 185
43 145
137 187
59 69
219 130
106 65
144 89
68 47
17 8
73 14
12 131
16 55
218 176
210 122
127 65
200 129
165 114
211 168
200 159
196 128
149 213
126 92
165 169
111 5
84 209
69 120
76 95
86 182
0 112
73 58
46 195
119 179
59 162
189 3
208 91
228 70
209 131
171 214
195 142
203 69
153 61
117 226
96 66
111 62
164 74
228 208
102 68
40 88
25 194
48 187
37 3
92 213
84 12
211 114
9 115
200 31
88 151
45 89
139 166
121 106
65 168
206 214
93 60
107 145
96 31
80 114
62 29
20 96
98 189
1 120
60 183
226 182
73 45
179 5
152 48
74 131
75 112
154 150
130 99
30 182
182 209
161 49
84 97
14 220
146 42
56 86
45 107
217 90
22 64
185 78
71 53
92 25
65 181
59 107
183 194
184 33
159 49
126 173
133 32
170 63
118 94
190 83
106 202
223 62
156 82
72 70
134 95
14 124
89 181
170 225
46 35
21 206
121 155
33 54
1 89
137 216
34 60
214 8
85 39
29 194
57 144
167 125
107 194
123 78
115 224
84 57
15 223
210 179
11 111
180 6
78 61
153 32
187 110
35 86
146 47
18 220
220 118
46 182
174 143
23 182
165 221
155 15
203 91
48 6
113 43
105 71
33 201
104 222
66 34
174 218
146 150
111 218
106 85
58 156
109 195
95 143
114 137
58 152
8 206
137 85
73 173
227 166
51 99
200 74
85 166
102 139
119 108
104 12
212 194
127 9
134 223
225 144
3 3
138 3
100 84
126 26
38 31
219 111
128 103
66 69
68 143
18 197
91 228
209 26
13 3
112 226
53 210
188 9
211 222
105 216
76 215
134 97
69 104
200 16
81 43
146 33
84 111
122 89
209 206
1 18
67 36
43 54
140 78
110 38
197 57
159 136
91 10
49 62
86 74
14 218
218 102
59 5
7 219
124 65
11 105
189 207
172 160
50 153
144 108
30 226
5 4
203 224
7 148
189 37
225 169
132 211
126 134
215 161
108 23
107 31
31 147
175 71
93 86
123 55
65 104
83 33
52 133
42 142
95 48
40 79
35 145
151 168
203 79
71 19
205 208
130 88
216 24
94 147
144 52
3 74
17 195
14 20
98 66
167 170
208 13
115 158
33 21
220 43
96 96
176 142
111 205
19 217
208 197
183 201
103 5
38 46
155 194
45 58
121 97
221 175
60 2
212 15
46 142
26 153
115 191
53 143
199 202
135 58
66 183
130 8
10 191
185 3
28 92
139 103
111 132
211 65
8 28
183 80
182 185
124 88
20 46
202 68
156 77
57 180
2 0
220 10
121 173
208 175
157 96
77 226
206 51
197 54
165 64
148 80
80 130
202 197
149 184
186 223
139 47
39 93
8 33
30 27
24 68
46 40
22 48
96 3
176 226
167 118
36 31
12 188
87 70
196 120
217 46
66 103
49 218
26 21
70 187
97 197
136 147
125 0
134 14
122 148
107 4
226 22
96 60
175 210
178 12
127 126
15 10
5 214
164 183
89 16
37 62
94 110
221 132
17 79
49 66
207 50
31 114
60 174
142 24
132 98
139 191
179 218
15 61
29 214
166 15
199 164
174 184
107 224
118 139
87 224
171 121
127 225
51 184
101 21
23 118
122 193
157 43
173 124
146 180
170 58
221 151
181 105
121 111
90 133
100 150
217 81
81 152
134 132
41 56
57 178
167 48
95 26
53 23
113 19
119 227
224 28
172 92
9 190
189 140
164 97
30 8
104 125
104 35
44 196
116 4
200 131
20 222
70 1
0 189
140 197
22 74
111 78
22 197
196 176
94 31
79 27
74 123
195 29
49 106
190 64
49 87
75 85
77 84
55 150
109 48
84 10
144 198
76 190
209 125
219 214
62 100
1 139
60 14
126 193
187 148
182 82
100 210
97 126
72 48
94 90
151 105
19 92
133 108
118 42
65 92
20 200
207 30
77 182
68 222
15 99
147 168
85 148
219 124
201 72
54 11
127 105
155 177
66 30
49 183
174 87
62 128
42 215
123 205
154 163
219 226
23 76
161 120
225 139
92 197
113 151
210 142
222 14
138 48
113 195
4 11
211 190
226 211
118 49
156 161
161 171
26 116
82 179
105 136
119 189
113 93
60 147
178 210
33 147
139 11
181 131
125 160
116 54
66 47
62 13
173 130
188 213
198 84
81 93
125 67
35 108
32 197
209 139
220 1
46 13
202 220
122 18
163 86
152 170
196 228
174 165
213 115
167 28
44 152
183 121
176 90
142 208
93 14
213 151
46 203
184 54
143 173
121 83
80 65
84 69
215 63
155 102
193 174
29 104
41 44
85 116
38 149
226 27
13 31
205 227
164 130
54 168
100 197
69 155
183 72
199 7
121 165
183 142
170 5
186 124
175 115
201 183
16 125
90 64
147 65
4 76
43 37
198 114
61 192
133 29
146 227
173 156
53 63
218 173
10 72
209 110
30 34
97 204
131 163
190 165
109 88
177 29
97 186
127 205
130 174
212 97
209 81
24 142
81 109
127 210
106 125
108 163
78 129
214 193
93 48
21 52
11 202
158 65
136 21
80 21
46 197
66 226
188 125
187 85
178 32
108 122
190 17
127 34
17 117
78 51
211 35
43 130
104 88
62 116
179 50
89 50
224 118
217 198
215 15
161 147
73 216
30 134
158 89
212 130
144 139
75 186
107 155
48 179
93 74
38 218
218 217
121 77
156 54
223 60
88 46
156 188
168 166
40 212
196 153
112 118
14 65
69 62
179 120
87 136
9 192
45 109
100 178
160 130
188 156
195 16
19 128
216 212
37 174
64 84
90 106
75 127
34 123
196 55
178 142
25 82
39 116
25 73
191 34
106 72
14 105
144 159
223 119
83 199
107 60
51 111
160 64
57 211
127 214
179 19
151 100
45 150
79 126
145 68
136 50
21 186
29 6
163 80
224 46
163 11
70 124
211 148
48 9
159 195
127 124
91 46
222 4
47 123
171 93
2 110
9 60
9 30
167 168
176 68
17 88
0 143
115 74
105 19
185 86
26 11
56 67
83 197
5 58
56 93
32 212
75 93
177 97
175 121
199 19
51 31
70 111
188 86
155 35
208 143
146 102
9 51
94 177
227 158
228 124
36 140
17 63
27 222
8 102
145 185
156 70
98 88
185 181
190 132
197 9
175 22
57 46
41 65
151 228
0 102
56 200
176 144
144 7
143 46
20 49
56 56
155 183
75 78
220 206
173 8
99 208
60 131
138 101
110 162
33 164
60 224
7 42
198 132
205 78
147 221
163 115
144 112
66 203
108 98
212 100
164 213
190 94
83 147
148 43
218 51
191 98
133 55
141 35
63 201
158 179
198 199
105 13
111 89
1 171
95 204
34 5
159 15
135 73
178 133
190 39
86 222
210 164
66 178
206 10
151 42
129 11
88 14
155 218
120 74
173 48
226 90
228 104
30 13
121 58
93 142
53 181
84 222
104 23
7 189
27 86
174 206
22 213
38 185
146 12
193 103
191 171
60 158
213 30
135 71
126 158
214 228
132 155
10 182
226 136
124 18
126 52
115 32
104 118
51 142
19 185
51 70
91 71
101 191
178 200
88 74
1 30
58 55
158 157
15 133
177 114
50 92
44 186
216 106
182 29
195 4
40 206
189 160
16 165
78 46
101 66
11 30
178 26
122 177
193 134
47 144
65 228
192 187
84 128
132 31
217 115
121 11
191 142
40 84
202 208
57 126
148 113
67 24
134 0
91 31
212 48
157 61
40 197
105 167
159 170
166 21
201 175
199 119
122 64
147 82
11 216
135 80
213 217
184 19
73 10
175 0
32 2
59 140
23 150
86 201
221 168
148 36
90 189
134 46
34 72
193 55
176 33
215 30
83 3
227 164
75 39
0 63
23 26
98 166
137 196
94 209
185 134
93 18
79 166
130 161
75 121
6 182
81 19
117 69
80 73
13 100
76 151
198 72
48 24
184 168
133 59
57 37
129 86
121 144
110 50
31 95
153 174
189 24
185 45
209 34
157 5
96 223
50 219
207 223
159 184
61 212
224 197
120 14
22 126
49 160
171 126
62 63
193 76
3 65
5 166
141 205
8 55
222 142
120 154
7 129
219 156
59 203
100 227
214 168
3 225
79 122
150 21
88 113
24 176
47 45
128 66
118 98
138 186
132 91
3 58
204 52
156 24
169 11
94 88
89 211
65 170
178 161
163 219
193 127
146 163
62 152
119 0
168 210
76 56
171 222
12 178
106 107
122 204
222 42
165 34
112 201
224 74
122 140
193 51
139 223
209 208
77 113
138 213
66 12
167 197
33 107
6 162
158 109
148 174
123 66
53 107
180 180
98 80
33 43
93 111
98 199
167 53
63 48
182 61
10 162
79 144
66 132
99 211
207 106
184 96
96 141
94 83
90 194
19 176
143 146
60 226
85 23
121 206
33 26
207 69
155 1
24 113
15 113
207 218
169 132
3 156
66 106
110 73
86 159
219 203
16 46
111 134
172 90
36 117
98 131
53 120
51 224
140 31
25 95
63 208
195 147
1 99
70 80
219 89
209 101
58 145
96 18
167 179
194 191
206 37
172 28
135 225
120 85
79 198
56 187
194 188
49 58
9 140
90 204
78 20
89 9
136 121
55 72
164 187
9 86
27 69
170 16
74 223
142 55
211 137
136 33
202 37
9 111
226 93
190 96
103 81
161 226
211 44
220 73
146 73
205 111
17 167
193 69
102 114
41 174
117 199
21 14
40 146
21 105
144 128
44 73
59 52
14 5
223 76
66 28
105 17
119 197
197 155
219 84
47 209
90 123
30 86
155 37
228 4
39 55
105 204
135 16
94 61
132 184
105 213
218 201
186 122
211 182
9 25
106 173
228 109
188 96
40 52
41 180
70 160
189 148
71 3
125 144
227 71
193 91
63 82
148 68
58 94
98 128
10 158
169 145
123 219
89 173
28 97
133 151
106 2
141 19
41 77
115 184
130 130
82 91
77 217
200 150
15 59
191 152
212 50
172 30
116 98
205 140
48 194
40 208
185 141
214 139
141 49
12 64
56 15
138 173
206 99
83 211
76 70
35 181
43 163
205 58
36 186
119 81
68 204
90 152
90 108
9 184
221 61
116 95
50 98
218 183
114 212
201 163
50 75
122 99
42 228
57 192
72 156
216 26
1 14
26 217
59 217
1 84
225 79
12 206
196 40
30 64
92 146
183 41
112 45
131 126
68 16
13 60
55 132
87 128
79 78
2 62
68 68
30 4
211 214
151 39
64 153
89 87
8 95
18 222
113 111
174 160
23 61
141 211
67 190
20 219
81 24
213 93
198 141
25 66
47 121
133 17
142 99
178 85
64 37
60 34
47 166
21 61
178 24
184 70
198 67
208 60
17 189
189 22
148 158
71 34
132 51
118 151
26 5
116 202
139 154
155 52
123 129
90 157
127 145
213 83
128 220
72 185
59 18
70 101
103 49
103 98
120 96
75 72
143 87
50 211
21 25
208 99
149 205
140 29
70 216
123 74
189 184
19 74
207 35
34 88
62 11
39 68
221 64
149 26
189 33
209 79
101 71
204 180
4 59
158 176
203 28
164 140
15 97
4 127
138 77
164 151
53 19
214 223
26 77
34 49
96 100
193 141
40 137
55 58
1 227
132 47
111 116
110 23
135 112
139 59
205 109
109 175
95 14
210 59
187 51
4 181
35 55
10 117
18 139
209 64
14 35
34 190
174 81
93 167
22 113
99 116
124 99
5 168
165 56
137 79
111 67
104 186
206 155
142 223
184 76
161 86
117 125
83 18
199 75
91 223
115 179
106 150
163 135
24 21
151 67
211 172
138 40
132 209
181 177
225 66
24 126
181 215
226 12
112 166
48 156
95 5
218 56
106 67
71 136
140 25
34 186
43 65
195 18
158 113
106 217
113 146
215 146
216 36
127 77
222 126
52 124
119 7
98 187
30 75
26 48
59 65
121 109
202 168
153 138
181 191
45 132
11 45
189 108
226 219
104 122
197 202
110 1
161 219
33 155
169 48
147 149
121 197
198 27
30 204
26 122
72 0
134 194
32 100
178 205
47 3
178 226
26 175
136 110
73 171
120 192
98 76
26 55
214 200
182 10
180 226
35 143
221 130
59 191
184 160
58 177
70 21
68 5
7 193
97 208
118 181
227 39
128 55
186 55
55 80
214 18
23 103
50 165
184 123
99 164
204 8
162 184
32 106
152 149
199 46
136 144
217 181
167 194
97 202
33 14
30 192
128 193
164 93
86 146
168 80
121 31
207 192
134 184
218 171
51 9
158 55
130 225
82 112
96 220
106 112
152 200
26 91
2 168
65 43
144 192
76 131
32 223
101 90
116 138
208 95
98 8
223 199
3 68
162 200
109 90
75 200
210 27
24 213
8 90
173 154
161 159
125 110
49 70
225 223
115 104
38 170
28 26
185 224
148 107
126 149
225 63
17 74
202 133
101 47
1 187
202 99
7 204
170 39
124 215
95 181
130 216
54 8
122 125
211 210
221 154
134 85
223 25
215 154
128 172
186 128
3 139
135 19
34 34
166 111
147 143
160 188
196 157
78 3
65 6
34 126
21 34
22 27
106 10
192 74
133 115
185 170
63 2
14 171
107 54
109 217
114 82
163 92
139 57
213 23
135 35
195 63
216 170
9 79
150 179
19 102
112 220
155 66
16 36
165 22
123 8
206 103
16 172
105 193
166 92
82 172
34 77
141 184
92 116
118 96
178 59
8 44
99 203
166 151
47 173
123 50
87 197
160 7
7 191
105 160
143 167
52 195
43 4
64 58
156 86
136 206
26 124
110 166
100 199
167 98
14 15
44 30
75 9
108 149
86 162
161 14
48 226
213 121
60 122
24 218
212 27
176 14
145 85
222 2
216 91
12 14
103 182
223 101
156 200
29 212
185 37
151 214
92 152
171 190
184 26
176 133
219 174
25 101
151 79
10 196
175 24
53 208
119 38
8 119
156 164
184 154
79 183
162 98
171 100
4 208
141 54
23 165
207 132
124 187
44 39
149 38
67 144
212 228
152 40
119 43
201 84
30 56
196 184
190 118
13 215
71 67
30 141
131 173
112 180
142 22
158 151
159 219
146 213
48 128
176 56
20 26
186 212
223 97
105 146
26 29
108 151
10 6
2 175
38 112
181 21
101 60
105 95
64 100
63 107
38 6
68 96
115 228
194 159
83 62
215 214
174 174
68 220
15 129
109 135
54 154
122 221
112 72
61 112
135 134
28 77
20 166
196 89
225 96
48 116
69 226
65 151
101 121
41 33
137 44
47 112
199 123
26 19
159 226
175 41
54 21
112 102
193 200
104 60
88 165
192 90
55 75
47 138
33 116
3 34
61 149
217 166
73 134
20 20
217 161
192 35
52 82
44 224
24 174
216 201
223 175
126 188
25 103
213 51
60 108
39 179
219 150
97 24
165 109
94 158
29 162
220 163
113 169
49 4
172 0
147 51
85 174
54 152
153 227
103 156
153 164
18 151
130 165
188 131
182 153
86 114
109 59
179 56
222 123
172 45
84 218
124 178
131 183
161 179
65 165
162 28
214 101
150 51
193 171
194 23
197 71
36 25
156 220
116 1
62 15
80 67
86 119
152 218
16 3
13 23
36 93
119 128
80 101
74 36
30 81
203 193
35 152
112 199
135 192
163 159
79 150
180 115
2 201
220 146
123 228
64 126
106 143
35 204
140 92
134 197
92 199
4 48
177 39
72 23
105 225
11 167
29 54
145 127
111 142
193 53
25 154
187 196
226 146
66 213
45 169
180 161
191 181
183 101
146 171
162 96
178 147
60 216
117 30
139 217
41 58
135 152
117 130
89 94
135 30
182 23
228 27
7 1
133 186
149 211
215 141
65 154
118 72
122 68
149 111
194 206
145 77
216 87
154 47
69 113
128 91
102 133
103 131
197 169
165 205
42 52
38 122
49 126
135 215
9 125
206 219
18 199
171 13
114 26
179 157
83 37
31 37
27 60
170 204
181 52
192 219
167 200
158 213
53 6
9 217
221 38
37 18
68 80
222 224
165 58
224 18
92 105
1 8
30 60
32 10
66 59
195 54
191 147
98 11
176 191
7 83
35 95
102 23
180 185
137 16
6 74
47 22
134 203
10 65
54 53
222 149
8 105
172 198
113 84
135 60
16 103
190 20
131 29
201 35
220 215
25 156
203 202
156 72
31 195
27 102
109 186
104 178
20 0
142 2
178 137
193 37
112 121
71 167
181 171
92 88
22 96
78 138
68 70
207 97
57 188
157 21
148 72
38 157
213 127
61 166
63 134
144 34
191 45
110 77
180 86
24 19
223 217
216 139
224 49
8 174
102 97
58 212
172 212
41 54
95 80
24 37
188 119
208 88
64 49
216 143
75 40
66 209
123 217
171 32
112 156
110 102
117 32
147 35
175 196
44 46
59 38
111 114
45 60
148 33
224 153
182 139
37 16
33 218
211 162
45 157
47 154
43 175
185 110
128 95
27 130
175 3
177 172
26 25
103 162
48 15
76 33
124 116
219 169
161 222
65 131
87 82
178 10
133 219
39 228
210 73
41 105
85 26
187 159
93 36
87 125
205 124
42 120
223 155
13 138
154 193
55 120
225 164
179 166
168 214
178 170
0 156
138 127
95 104
56 129
209 70
60 145
86 178
156 13
67 169
74 151
137 36
3 194
168 219
226 123
222 44
150 3
119 20
138 140
173 202
87 65
219 210
150 152
60 91
194 228
171 51
55 161
37 208
46 31
15 120
18 204
189 197
186 153
11 38
29 96
91 69
212 175
227 2
116 118
77 10
33 124
187 188
34 42
124 122
169 138
173 56
89 39
79 225
73 38
11 148
22 54
73 197
184 98
187 176
14 199
203 207
226 83
24 0
8 178
86 227
140 116
213 36
223 66
51 213
42 190
75 153
201 189
170 65
18 19
36 170
213 104
200 50
47 5
17 90
66 111
157 45
163 172
109 42
212 13
203 160
69 9
144 207
205 192
221 187
18 213
205 107
34 28
59 133
5 147
5 46
178 109
50 82
16 177
218 147
43 125
69 198
154 160
45 2
81 121
144 196
115 52
153 128
218 95
82 83
190 217
117 157
156 80
176 102
194 198
216 109
147 187
223 109
196 13
22 195
95 214
173 139
6 174
162 140
204 148
113 65
96 74
157 137
134 181
105 46
193 4
43 99
69 122
83 215
103 124
159 107
197 42
14 142
211 18
194 74
43 59
202 87
23 134
199 211
85 96
54 102
167 203
47 20
115 136
158 63
159 59
183 125
174 12
198 153
204 87
142 164
133 5
222 78
170 76
172 64
188 220
156 109
212 1
219 98
18 1
54 138
87 174
156 150
18 21
77 164
181 4
10 47
65 160
195 82
179 198
162 121
90 53
73 118
21 132
71 41
223 105
169 22
72 205
143 119
70 32
211 7
160 110
18 162
184 189
31 190
114 202
4 210
0 106
120 57
23 40
19 85
20 9
134 165
91 36
145 194
206 64
161 103
219 53
130 227
80 10
40 112
124 92
152 95
132 153
38 58
63 102
147 119
219 100
59 10
88 139
210 41
3 98
150 115
87 59
163 3
79 177
74 103
100 103
112 60
227 91
203 127
98 180
187 8
135 126
148 57
213 67
212 154
1 21
177 195
102 129
217 209
132 113
102 3
46 47
112 8
159 103
115 132
196 118
122 35
60 120
170 92
214 84
177 178
70 137
214 170
194 107
207 79
67 218
129 49
105 188
16 38
80 214
114 157
220 161
199 192
129 144
150 80
134 76
45 105
159 51
163 211
84 29
54 158
90 23
130 4
120 222
100 27
47 184
106 87
222 37
148 15
110 157
107 68
91 184
171 57
65 206
158 167
104 113
205 22
206 28
215 56
110 65
188 209
122 22
5 1
174 59
44 220
52 98
65 188
134 11
211 133
196 113
7 61
116 212
203 212
1 216
142 6
161 213
202 199
52 203
117 146
137 116
57 140
158 78
63 17
201 101
130 194
215 132
10 77
147 30
128 212
141 221
177 65
149 64
55 6
