48 166
194 84
29 140
197 188
141 88
126 175
105 151
1 39
78 135
185 210
40 226
142 201
40 199
156 205
159 21
89 37
7 69
64 108
58 211
5 69
56 214
129 123
175 124
180 201
180 27
224 104
165 147
108 44
16 206
91 77
31 131
60 85
21 102
7 28
112 194
126 98
202 185
198 225
6 165
117 132
86 4
128 216
107 187
123 136
78 153
154 167
148 4
34 66
172 205
62 26
105 167
223 182
155 97
73 227
6 204
25 162
145 21
9 109
127 132
79 137
82 187
127 48
199 144
153 205
76 2
112 29
187 190
70 208
224 166
95 195
145 94
133 212
55 159
198 5
158 73
111 185
222 186
52 76
135 83
11 160
97 94
134 28
151 76
84 205
180 191
68 147
27 59
125 181
219 64
123 24
190 107
159 108
133 105
15 204
168 167
131 148
57 39
196 212
14 97
166 124
12 83
12 54
132 104
59 40
194 81
109 160
183 16
144 149
11 88
167 109
175 98
212 5
55 65
173 195
60 10
130 65
109 210
222 117
226 74
65 78
226 191
52 41
49 74
93 152
32 165
46 208
216 100
170 134
113 48
86 31
191 31
173 207
36 82
94 182
150 40
175 152
26 8
51 74
180 136
153 145
139 163
205 66
191 100
149 172
215 35
183 160
79 168
43 180
207 186
162 169
188 165
127 159
155 185
130 34
133 174
145 178
208 124
225 122
70 72
135 156
81 8
27 184
67 125
13 191
124 97
175 38
73 144
146 36
127 139
192 128
69 7
52 191
73 61
62 93
26 163
154 154
155 225
34 224
176 189
161 156
202 180
130 114
89 209
40 15
176 46
150 77
126 201
151 32
206 165
121 199
134 120
188 48
223 168
161 76
14 172
205 59
30 32
92 79
37 22
121 180
87 168
193 148
109 81
158 211
209 204
14 83
128 206
33 105
53 104
79 212
21 212
58 83
110 223
216 222
99 186
163 59
181 108
35 192
12 184
8 117
73 47
18 119
110 92
141 120
67 136
158 188
2 95
140 82
168 178
43 16
110 56
78 194
178 36
108 55
178 53
202 13
158 83
95 119
52 53
104 200
73 54
8 77
125 214
18 124
80 106
127 55
184 211
48 85
170 33
133 176
87 72
17 185
85 51
67 131
50 128
215 85
63 163
144 137
228 201
162 24
58 101
95 57
113 127
129 210
157 142
181 63
193 210
182 106
20 44
143 142
95 161
67 200
208 54
61 53
29 119
58 181
160 48
7 227
9 70
86 37
115 171
122 38
61 78
167 72
27 180
130 24
72 16
163 186
162 78
170 201
84 129
140 127
68 179
23 135
38 211
74 96
37 84
117 25
194 218
30 159
161 44
172 79
171 13
155 213
206 190
7 172
150 166
87 201
214 39
188 6
155 159
181 129
17 48
215 62
182 27
171 123
139 99
70 210
122 51
222 141
187 66
189 57
179 129
117 36
32 221
127 157
103 142
12 52
187 126
87 158
31 177
216 11
67 61
44 94
172 18
5 223
84 215
44 174
139 114
153 198
206 94
11 79
67 197
18 159
183 190
27 152
116 24
45 181
126 118
61 176
216 40
207 33
121 129
51 198
212 136
171 67
142 151
32 189
150 154
141 17
7 8
100 43
30 85
41 98
109 29
91 141
196 96
103 192
225 204
224 135
192 29
78 87
141 182
31 44
171 132
224 225
120 210
203 122
93 115
153 224
30 20
96 45
196 200
205 163
202 217
49 16
129 214
48 212
7 106
21 147
170 89
6 22
219 71
125 138
225 85
159 201
66 15
94 223
144 3
128 35
48 178
6 197
70 94
53 217
111 217
119 45
177 15
145 25
4 118
131 40
188 136
172 21
207 157
191 225
76 117
28 123
42 165
147 206
34 63
223 19
139 105
173 119
75 80
130 72
140 134
76 120
222 178
36 131
101 54
60 195
181 19
29 16
200 90
77 159
190 121
224 195
175 62
156 211
134 113
47 68
136 161
181 146
22 160
25 133
6 121
75 193
139 132
221 80
111 22
147 13
19 18
75 222
109 218
64 142
192 44
207 71
20 34
96 139
184 90
81 150
172 155
101 123
143 8
48 72
95 198
215 194
123 108
74 35
86 47
42 23
7 94
156 217
10 194
73 206
226 30
32 133
81 192
190 154
40 166
27 219
181 152
162 191
86 110
71 184
180 203
97 227
40 50
72 106
104 54
181 209
35 30
83 55
151 198
41 59
29 132
60 114
173 181
36 184
0 142
4 87
29 112
81 46
178 155
224 161
125 25
96 121
225 133
48 216
130 171
16 174
59 220
24 227
89 205
5 85
47 158
130 20
47 7
196 26
169 163
19 158
117 11
115 14
214 172
159 42
196 171
20 169
105 103
84 61
20 115
180 127
189 98
165 127
125 183
62 146
161 66
212 224
209 120
26 84
149 189
129 44
78 33
38 95
102 219
159 26
53 133
57 132
217 98
53 4
81 75
111 14
60 198
66 222
147 94
29 101
75 30
198 172
131 192
173 15
144 146
224 99
101 171
174 82
16 74
163 46
228 34
22 226
174 126
92 149
48 26
151 50
187 89
178 89
123 85
107 125
118 137
145 107
14 73
75 91
183 139
20 141
62 83
39 16
19 30
155 106
140 186
68 215
11 164
204 218
51 107
91 7
187 210
180 84
18 28
77 180
118 127
15 101
18 80
202 19
120 22
169 56
225 186
142 110
28 49
17 112
19 177
179 208
87 120
25 202
177 188
172 110
184 83
165 65
228 53
102 39
155 137
194 51
194 99
48 11
127 28
158 111
3 20
181 227
144 212
127 152
147 176
213 140
187 137
118 214
3 22
131 197
195 134
23 217
198 89
197 61
12 224
224 141
104 116
135 3
125 48
149 16
25 108
59 205
217 69
201 17
185 80
192 106
125 29
160 91
7 37
36 211
222 30
205 75
221 32
101 143
184 223
9 42
192 192
110 193
12 1
166 76
53 106
91 118
32 83
96 17
202 175
43 3
110 7
71 190
58 215
105 65
215 123
57 168
99 153
192 175
111 210
140 221
70 186
5 38
65 162
25 90
70 200
210 72
26 110
215 4
202 44
68 59
150 142
10 99
115 56
22 207
154 135
123 33
212 9
201 78
205 151
13 179
0 172
189 79
185 12
160 13
106 180
225 116
33 138
24 18
217 193
224 177
103 183
53 91
7 26
169 174
160 150
98 81
174 72
36 135
150 218
16 120
167 153
196 181
149 187
82 117
117 13
180 228
119 157
103 221
211 33
139 38
204 176
158 47
211 79
179 44
58 1
196 190
159 44
10 10
220 87
38 222
184 175
203 187
6 82
127 202
198 194
215 211
142 78
110 101
184 53
151 92
50 151
166 71
147 181
59 158
84 152
101 131
86 150
215 208
200 164
63 78
73 43
60 117
62 64
95 10
147 101
200 206
60 19
168 190
52 114
196 49
82 177
102 31
80 7
101 41
84 85
75 188
12 72
106 5
209 152
36 1
189 211
57 29
130 179
224 219
101 74
3 1
91 100
151 175
188 64
204 94
150 130
52 183
52 67
104 33
135 204
170 142
137 139
182 71
150 128
218 79
1 198
107 122
185 139
52 80
122 188
41 217
211 218
75 44
79 23
2 215
62 222
127 111
29 146
203 151
119 92
27 48
201 0
204 211
33 51
193 66
186 155
181 183
86 156
67 210
54 17
215 55
207 152
23 107
90 18
23 172
114 219
201 109
112 78
16 107
223 92
70 82
23 81
32 75
199 34
49 80
26 69
144 47
2 91
186 22
159 4
94 59
25 32
8 150
170 19
223 205
123 156
130 45
80 144
109 141
179 91
40 182
108 105
68 90
109 34
77 177
5 162
79 72
190 182
174 173
205 147
71 52
73 174
101 146
188 13
113 153
182 18
100 63
129 198
53 27
166 208
115 32
94 40
61 197
119 12
16 88
62 32
224 78
146 201
36 175
178 97
98 163
223 159
194 105
146 111
78 21
13 138
64 86
53 127
106 199
228 125
99 155
32 186
80 173
178 101
3 27
212 146
122 101
135 5
117 66
12 211
161 5
52 3
39 155
1 145
143 225
4 180
193 197
70 157
76 168
9 165
103 29
199 12
84 177
217 4
164 24
22 187
108 83
215 116
147 186
123 119
103 80
193 113
97 179
174 88
213 58
197 10
30 102
155 145
153 46
28 189
117 190
194 89
141 70
128 71
181 16
141 224
84 35
215 18
67 8
75 212
108 180
131 112
34 110
187 0
146 3
54 25
137 1
162 195
91 191
225 212
175 102
135 228
163 139
60 222
115 179
197 223
89 28
79 53
31 127
99 73
189 8
89 89
225 11
28 110
125 147
83 213
16 21
36 57
152 165
61 191
89 207
173 185
3 85
210 54
224 180
195 216
204 5
182 53
141 207
21 131
221 71
143 94
215 98
3 50
119 147
155 11
60 63
61 169
151 17
116 57
127 40
150 201
222 136
108 129
186 174
165 173
18 188
83 82
193 220
151 143
95 28
118 194
163 9
6 139
220 211
168 75
222 199
161 129
166 107
152 56
202 137
58 187
14 151
82 90
13 22
38 200
68 76
155 125
26 53
162 30
81 101
184 95
206 5
5 123
212 117
186 132
22 112
22 11
36 59
67 45
107 196
151 205
19 67
154 121
40 134
180 221
44 226
134 154
212 77
67 123
75 206
95 148
194 18
71 74
35 197
162 37
107 90
46 202
115 142
227 214
163 0
194 32
155 58
217 154
30 43
40 30
86 169
29 177
50 149
150 191
183 44
83 126
60 17
14 206
108 40
212 189
227 127
77 146
220 25
143 30
114 8
224 130
28 7
140 151
208 85
64 72
25 96
39 39
172 81
55 171
117 216
6 225
40 46
192 167
32 219
151 54
109 12
95 51
65 36
49 214
209 56
208 219
30 135
146 56
0 82
51 220
206 116
133 99
35 7
116 218
31 143
54 19
184 113
108 133
184 18
21 85
161 202
59 173
80 95
41 81
6 125
43 113
159 56
139 153
218 207
13 153
45 126
128 144
155 110
16 52
179 159
95 23
98 196
148 85
4 138
3 213
121 148
46 84
7 24
100 15
0 115
3 66
50 175
195 13
14 108
141 114
57 72
64 90
125 7
32 114
20 91
137 41
77 184
198 63
70 168
148 90
150 11
98 18
36 223
123 198
170 1
165 215
222 14
219 167
170 110
122 164
70 54
135 36
8 184
89 101
170 140
59 115
169 203
11 26
184 116
40 152
129 126
70 148
160 224
158 149
94 33
137 52
92 17
52 83
33 109
217 106
206 34
109 186
123 138
89 157
15 190
96 159
5 190
190 23
122 117
62 120
39 28
19 140
41 86
129 18
22 173
205 27
173 183
81 166
175 104
93 195
208 14
16 78
122 186
144 32
39 74
211 166
24 45
185 137
39 23
205 47
180 78
198 76
137 124
75 145
31 12
168 224
167 66
93 44
21 150
51 90
113 44
204 174
117 134
191 203
182 211
167 164
118 204
104 224
213 25
115 65
137 205
74 98
8 10
205 118
228 162
137 212
104 27
138 57
192 159
59 228
225 131
139 157
102 207
55 206
69 202
127 142
73 218
128 57
145 160
89 24
14 22
80 193
213 14
135 196
175 4
142 46
132 11
107 87
46 206
173 36
199 30
4 152
226 32
166 40
51 27
169 43
208 228
188 74
226 66
147 123
224 112
54 223
114 211
125 127
78 203
121 122
198 91
12 133
178 126
72 151
103 95
9 93
129 139
67 27
5 80
64 133
77 221
210 21
144 202
185 56
118 227
19 5
88 104
132 80
199 116
116 160
130 42
122 68
66 4
1 154
57 115
45 113
207 168
219 133
14 136
202 103
51 51
27 39
177 38
84 192
204 123
221 18
82 124
207 82
152 81
170 108
133 63
200 178
2 143
39 114
45 77
29 58
112 84
223 55
44 110
112 223
214 91
42 5
201 135
9 156
97 117
190 6
88 30
144 186
47 99
217 2
81 54
99 147
116 200
145 118
107 171
225 114
108 200
89 152
86 145
111 113
180 106
16 85
201 213
134 61
171 44
77 100
13 26
219 57
96 123
77 40
216 156
197 199
77 53
22 38
36 127
114 91
217 175
203 142
136 69
109 64
3 194
63 61
12 149
207 112
85 49
186 41
11 37
110 179
211 103
163 227
35 169
79 214
3 33
41 121
217 13
170 62
215 203
201 143
215 104
39 10
91 61
175 33
223 103
127 50
95 48
81 137
211 43
51 64
100 187
93 164
38 209
35 43
161 208
51 100
40 150
226 210
100 109
82 4
112 159
58 147
57 120
209 43
201 39
163 103
25 115
213 147
204 205
74 172
181 88
73 190
105 194
95 111
156 91
129 151
18 166
70 97
84 53
5 49
206 31
17 203
217 120
54 163
6 104
68 29
186 24
186 205
193 157
16 116
169 23
225 48
143 43
176 176
39 159
77 162
222 49
228 51
7 161
189 88
134 70
66 96
87 24
15 126
28 62
83 119
81 168
151 220
175 166
46 156
182 2
36 51
7 109
56 193
180 216
1 1
194 135
103 64
78 106
133 133
126 86
106 206
94 128
28 38
1 41
36 171
107 80
96 157
143 61
223 10
174 200
227 218
21 179
228 21
200 145
195 62
155 143
39 99
157 203
94 227
156 73
103 147
150 1
138 144
14 62
45 99
122 215
188 150
211 195
125 125
5 206
171 184
153 31
40 42
49 226
165 20
207 200
203 43
211 216
149 129
48 90
109 14
13 17
79 159
4 150
53 149
207 207
217 200
210 220
25 51
115 127
56 128
85 83
59 196
58 128
222 212
46 227
114 167
167 55
119 66
112 63
134 178
102 33
80 158
105 52
40 154
208 180
110 109
65 171
163 32
166 52
131 186
208 61
93 119
1 22
50 35
131 159
136 100
118 80
64 227
221 0
55 96
132 217
213 208
64 176
149 92
179 131
38 107
152 21
7 16
125 33
59 168
74 56
45 166
167 57
174 32
42 134
128 93
185 36
17 193
15 14
81 217
144 161
96 226
26 23
93 162
89 134
91 94
138 214
112 24
227 142
117 170
112 71
141 13
66 85
61 106
185 8
62 109
11 143
3 79
122 56
18 194
50 109
90 143
63 26
98 34
9 226
222 148
104 8
110 146
35 105
167 36
51 49
119 78
97 112
170 144
95 101
111 76
59 166
37 28
125 40
164 182
79 112
118 19
188 163
54 201
126 226
166 112
29 3
209 137
35 52
167 209
158 13
68 140
43 32
221 103
142 7
114 30
20 87
101 69
100 29
157 7
36 19
53 151
1 183
18 144
180 45
82 110
5 144
214 53
31 209
196 76
164 69
32 224
53 52
86 43
162 177
42 95
206 156
51 226
6 176
151 224
141 21
138 74
207 144
174 208
20 69
14 92
143 59
102 109
10 175
21 188
144 65
94 92
75 161
22 228
0 10
22 137
69 124
108 144
31 27
39 169
159 221
215 2
108 78
108 124
224 66
223 51
225 73
189 55
168 101
49 27
5 212
35 71
52 47
113 189
94 121
20 31
182 66
32 98
48 118
202 205
190 13
195 97
128 174
41 192
210 0
112 39
59 75
62 150
146 145
174 193
37 220
223 36
204 224
27 198
130 3
80 27
53 179
219 144
187 39
185 183
167 133
114 42
200 70
110 35
216 177
54 83
142 140
209 69
86 129
105 20
195 143
130 98
81 12
3 38
190 29
9 220
71 218
17 59
168 20
124 194
27 51
156 120
17 101
114 107
59 29
1 202
38 20
155 25
54 204
218 91
10 43
170 28
190 50
38 132
189 146
221 128
209 47
167 46
89 7
149 222
101 214
117 185
225 184
93 125
181 44
144 177
86 45
215 69
198 45
78 139
136 119
62 100
141 74
70 65
144 209
111 160
152 117
121 157
25 86
183 183
40 161
122 109
85 185
65 201
162 101
60 21
26 204
172 35
91 88
144 158
160 82
41 205
132 141
82 149
51 189
14 95
222 225
35 163
177 44
118 145
25 220
56 175
19 54
144 135
44 211
81 160
90 75
19 134
88 34
106 56
10 198
62 183
201 60
122 62
65 210
59 179
145 132
111 152
89 136
205 186
150 90
26 120
96 218
156 48
186 141
74 133
167 189
62 20
4 196
195 148
58 42
104 2
53 119
2 226
168 188
18 65
192 132
21 200
29 142
186 65
154 79
95 153
123 57
43 104
143 71
50 60
16 44
25 192
200 43
185 103
116 114
106 186
30 179
67 193
160 175
91 54
109 184
35 149
78 17
97 110
164 111
124 6
37 87
69 27
92 185
164 35
35 216
55 71
19 192
36 143
218 156
26 172
87 226
56 30
37 192
106 98
217 134
4 63
150 63
159 203
182 45
48 83
227 152
147 45
135 22
47 191
79 40
98 63
164 87
43 7
116 12
170 101
205 127
121 42
228 42
5 27
3 106
188 105
197 109
180 110
85 135
110 31
166 38
98 5
198 170
180 1
168 211
27 90
145 126
92 167
132 136
197 178
157 26
59 185
124 38
215 47
108 131
142 63
127 84
193 46
159 121
152 119
170 53
165 201
135 200
32 4
62 59
92 19
116 187
215 183
167 119
130 30
40 126
131 143
139 94
222 146
200 103
4 90
155 204
30 36
103 215
170 218
191 59
99 111
136 217
0 15
99 39
38 41
34 117
66 107
181 61
139 125
85 225
111 173
24 7
200 218
152 121
127 73
209 226
94 173
14 210
155 6
69 217
153 143
99 171
20 148
131 175
13 189
150 5
7 156
80 91
114 38
225 193
194 172
80 31
34 199
193 216
48 202
201 209
148 190
87 106
217 189
45 48
67 41
73 29
82 47
131 132
183 28
82 206
193 226
62 185
42 84
157 32
143 73
158 94
165 85
154 152
88 5
146 220
110 16
173 227
87 149
146 134
117 59
22 13
128 112
141 132
37 72
3 154
203 9
228 179
39 136
18 36
71 179
49 122
104 176
185 143
22 45
57 102
151 20
217 61
117 162
192 205
158 19
62 195
55 90
112 168
177 180
77 79
192 96
14 42
197 162
42 173
171 75
207 184
192 184
6 2
107 70
211 75
155 127
4 83
227 133
1 58
217 27
115 208
73 21
195 106
93 127
15 202
110 20
121 28
177 153
48 193
195 37
130 79
152 89
8 175
92 165
28 165
46 149
204 41
110 26
148 199
214 219
96 177
112 20
124 221
102 16
192 120
110 114
118 178
58 224
129 177
169 227
43 218
13 41
177 174
168 77
190 164
222 110
204 77
162 189
156 192
47 171
34 211
40 107
72 10
1 52
191 139
217 195
223 115
95 228
219 40
53 65
217 93
41 69
143 216
166 50
6 150
169 103
139 201
15 153
40 83
151 23
196 99
216 71
216 196
182 148
158 227
161 161
69 221
228 174
106 40
100 11
23 58
184 203
208 22
90 9
155 71
116 38
80 218
33 91
16 183
71 113
141 136
199 188
40 67
26 46
174 70
126 195
199 125
103 93
68 37
99 87
7 45
65 8
106 1
31 77
141 60
39 21
66 91
166 149
192 70
169 26
80 133
10 135
18 108
49 137
201 161
227 94
18 49
96 216
88 210
171 216
161 154
159 32
139 199
168 149
221 37
223 137
187 56
221 93
194 155
12 28
162 165
139 97
138 19
98 145
227 114
100 193
67 74
198 221
54 140
140 103
36 8
139 176
112 98
83 135
43 117
3 44
38 14
204 100
159 132
32 227
113 207
180 36
123 79
40 146
19 16
86 187
96 33
172 218
54 46
9 177
73 2
190 123
201 203
177 108
195 226
183 177
71 61
152 211
29 14
48 114
131 18
28 202
187 79
18 182
128 163
103 168
228 129
213 95
146 14
139 86
169 161
52 129
32 157
72 204
105 211
186 195
195 85
184 162
124 106
166 223
17 133
123 60
199 110
198 151
95 77
224 3
201 111
130 141
213 114
144 110
135 106
33 135
192 199
37 216
20 160
191 48
205 167
40 201
201 116
203 62
87 196
124 23
134 77
57 138
96 172
43 61
99 41
222 188
19 59
15 112
122 92
80 139
45 137
135 63
57 173
211 105
8 97
119 59
91 179
214 76
65 158
156 9
7 144
2 16
133 8
5 113
73 150
148 121
145 42
19 131
28 173
166 87
66 114
218 63
13 168
46 125
147 130
34 215
216 181
9 171
172 147
164 18
141 93
195 1
223 40
216 190
194 182
160 152
203 53
101 49
190 219
120 50
24 157
81 82
49 196
163 167
96 69
142 51
4 15
159 46
44 79
211 205
56 46
212 73
74 66
171 197
178 83
131 125
130 146
67 153
163 215
162 143
99 102
66 39
101 173
120 154
169 129
119 2
64 50
211 153
116 84
42 185
74 4
41 141
12 56
16 225
118 222
33 169
40 40
83 5
86 164
185 152
165 67
102 159
49 68
4 81
117 158
204 138
182 114
105 58
176 171
142 83
46 53
171 153
83 128
152 141
95 79
223 73
223 80
190 34
176 214
37 34
164 33
119 76
128 61
124 164
182 64
187 72
72 125
141 105
31 138
26 169
64 119
131 188
142 161
182 68
188 198
6 15
118 110
26 0
178 28
59 73
126 191
207 12
159 96
128 119
134 89
92 43
30 147
71 76
11 7
202 165
122 9
108 25
58 31
219 107
90 175
79 222
166 8
62 52
67 177
194 132
12 98
193 208
90 216
150 56
187 11
108 120
164 159
41 159
153 65
82 2
92 217
162 183
93 0
130 53
118 23
161 216
71 175
153 35
33 209
137 125
13 94
117 223
103 135
212 91
8 197
120 167
72 129
203 228
176 222
75 59
10 2
162 2
80 148
33 96
18 26
121 169
0 204
79 83
77 122
73 115
169 180
18 110
80 70
183 112
18 206
137 105
5 131
87 221
132 89
107 46
60 100
223 221
108 205
142 2
58 134
14 155
118 200
193 117
129 73
175 16
84 140
82 56
43 202
53 95
210 172
118 112
144 57
123 115
212 149
91 52
227 49
43 133
10 35
4 164
205 6
227 80
212 162
222 34
73 85
144 151
192 108
174 64
30 189
23 162
25 197
14 140
218 187
56 9
41 100
117 211
91 173
128 59
92 83
207 101
155 104
102 170
59 44
102 26
11 93
218 219
208 45
50 56
131 16
150 183
58 92
25 2
125 85
158 60
49 194
191 113
227 187
36 63
220 85
79 179
141 142
95 126
45 204
107 182
6 133
102 217
50 177
220 48
132 196
5 17
177 48
54 129
175 135
49 19
33 77
34 130
147 88
213 78
187 63
57 220
55 34
50 84
25 152
126 62
95 134
165 10
44 18
59 123
160 120
175 113
143 121
31 119
87 63
129 128
202 23
117 86
126 38
2 217
196 52
80 188
7 132
80 227
133 119
35 124
6 211
69 118
35 194
56 111
160 123
82 183
90 213
90 103
16 140
39 205
194 212
138 0
76 86
101 125
175 45
134 216
71 170
70 191
135 194
65 16
6 112
169 184
52 141
99 137
129 187
132 167
194 121
203 59
104 140
4 111
207 182
221 147
97 22
60 51
99 142
141 192
87 57
5 178
46 225
85 67
159 173
164 39
162 105
21 135
97 86
99 55
122 171
73 139
125 18
158 81
95 137
35 209
174 171
157 226
167 131
117 118
189 47
209 130
191 11
13 183
75 61
38 187
171 83
125 16
108 178
72 117
176 77
64 53
45 20
66 37
77 102
30 18
72 142
14 122
72 100
26 227
99 53
25 213
39 124
184 221
74 220
10 218
112 125
189 202
207 131
50 115
46 41
27 216
2 172
67 32
226 54
72 87
172 162
209 156
97 36
104 159
26 207
205 216
49 22
90 183
39 76
98 157
65 137
151 15
12 159
19 143
64 156
110 168
62 137
81 204
10 211
219 120
206 175
181 166
79 195
38 182
44 62
8 18
84 25
57 44
222 220
90 41
60 204
130 167
112 90
22 9
82 175
131 200
202 159
123 70
70 214
119 107
159 135
7 209
57 158
220 178
51 157
93 134
158 69
218 87
178 95
38 78
142 149
64 69
220 78
177 54
125 104
114 79
84 78
75 205
181 80
143 214
38 144
40 94
50 54
89 215
24 194
77 31
7 123
180 89
170 99
186 179
157 125
121 44
156 215
221 66
183 167
13 147
22 23
138 171
226 162
52 55
111 141
14 118
47 33
122 226
179 139
87 88
27 161
190 64
134 161
161 8
175 180
195 11
42 18
48 108
3 42
157 3
173 38
34 164
28 66
80 81
204 165
4 56
75 195
98 192
222 23
166 4
188 216
154 181
70 80
153 115
144 153
62 217
121 14
22 83
112 100
91 187
135 20
208 115
145 167
168 107
49 221
27 118
88 17
85 65
150 25
30 117
201 7
87 95
45 209
94 80
27 141
179 186
42 146
137 188
60 68
219 131
107 65
145 87
67 48
16 10
73 14
11 131
16 54
218 176
211 121
126 64
199 130
165 114
209 167
200 158
197 129
151 213
126 92
165 169
111 5
85 210
68 120
76 95
87 182
0 113
74 58
46 196
120 179
59 163
189 4
209 90
228 71
211 131
172 214
195 141
202 69
153 59
118 225
96 65
110 63
166 74
228 209
101 67
39 87
26 194
46 187
35 3
91 215
84 12
211 115
9 115
201 30
88 150
46 91
140 165
121 107
66 167
207 215
93 61
107 145
94 31
81 113
60 28
19 94
99 190
1 121
60 184
225 182
73 45
178 4
152 48
73 131
75 112
154 150
131 99
32 181
183 209
160 50
84 97
15 219
146 43
57 88
44 108
217 89
23 65
185 76
72 56
93 23
65 181
59 106
184 195
185 33
158 49
126 173
132 33
170 64
119 94
192 82
107 202
224 61
156 82
71 71
134 95
15 124
88 180
170 224
47 35
20 207
120 156
33 53
2 88
137 217
35 61
213 7
85 39
30 195
56 144
167 126
107 193
121 79
115 223
85 57
14 224
208 178
10 111
180 5
77 61
153 33
187 109
36 86
145 45
17 220
221 119
46 183
175 141
23 180
166 221
156 15
205 92
48 6
112 43
106 72
34 201
105 222
66 34
173 216
146 149
112 219
106 85
58 156
108 195
94 142
114 139
56 152
7 207
137 86
72 173
226 166
53 99
200 74
86 166
102 141
118 108
105 12
212 193
128 8
134 224
224 144
2 3
139 2
99 85
126 27
39 31
220 111
128 105
66 71
68 144
18 196
92 227
209 27
12 3
113 224
55 210
188 10
209 222
105 216
77 213
134 97
70 103
199 17
81 43
145 33
84 110
122 90
209 206
2 18
67 35
42 55
140 78
110 39
197 57
160 136
92 9
50 62
86 74
15 217
217 102
60 5
8 218
124 64
12 106
190 207
171 161
49 153
146 109
30 225
4 3
203 222
6 148
190 36
225 168
130 212
126 134
216 161
108 23
108 31
32 146
176 70
93 87
124 55
65 104
85 33
52 132
42 142
94 46
39 80
35 145
152 167
203 79
71 20
205 207
130 87
216 24
94 146
143 52
2 75
16 195
14 20
98 65
167 171
209 12
115 158
32 21
220 42
96 96
177 142
110 204
18 218
209 196
182 202
104 6
39 47
156 194
45 58
122 97
221 175
60 1
211 14
47 142
25 154
115 191
54 142
199 202
136 58
66 182
130 8
11 192
183 4
28 93
138 103
110 132
211 65
9 27
183 80
181 185
124 87
21 46
200 68
155 78
57 180
2 228
221 10
122 173
208 176
157 96
78 226
206 53
197 54
167 64
148 80
79 131
201 199
148 185
186 222
137 46
38 93
7 35
31 29
24 68
46 39
22 48
97 3
178 227
167 117
37 30
11 190
86 70
196 120
216 46
65 102
49 218
26 21
71 188
97 197
135 149
125 228
133 15
123 148
107 4
226 21
96 59
176 209
177 13
127 126
14 11
5 214
164 184
90 16
37 61
95 109
221 133
16 81
50 66
208 52
31 112
60 175
141 23
132 97
139 191
179 218
15 60
28 214
165 16
199 162
175 185
108 224
118 139
86 224
170 122
128 225
50 183
102 23
25 118
122 194
157 43
173 124
146 180
170 58
221 151
181 104
120 111
91 134
100 151
218 81
79 152
134 131
40 56
57 178
167 48
95 26
55 23
113 18
120 227
224 29
172 92
9 190
189 140
163 98
30 7
103 126
103 35
44 196
115 4
200 131
20 222
71 2
0 189
140 198
22 74
110 78
22 197
198 176
92 30
80 25
74 124
193 31
49 107
189 66
50 88
75 84
77 85
55 150
109 47
83 10
146 199
75 190
208 126
219 213
62 102
1 140
61 14
126 193
188 148
182 82
100 209
96 127
72 49
95 90
153 104
18 92
134 107
118 41
64 92
19 200
208 31
77 182
68 222
15 99
146 169
84 149
220 124
200 72
56 11
127 106
155 177
65 31
48 183
172 87
62 130
43 216
122 205
155 163
220 226
23 76
162 120
224 139
94 197
113 151
208 142
223 12
138 48
112 196
4 11
210 188
227 211
118 50
156 161
162 171
27 116
83 179
104 137
118 188
113 93
60 147
178 210
33 144
139 12
181 131
125 160
115 54
65 47
63 14
173 132
188 212
198 85
80 93
125 66
34 108
32 197
209 139
220 1
46 13
202 219
122 19
163 85
152 169
196 228
174 165
213 116
168 28
45 150
184 122
176 89
143 207
95 14
212 151
47 204
184 55
143 173
121 84
80 66
87 68
216 63
156 103
193 174
29 103
41 44
86 114
38 151
226 28
12 30
203 226
166 129
53 168
100 197
70 155
184 71
197 7
121 165
182 141
171 4
186 124
173 115
200 184
17 126
92 63
147 66
4 75
44 38
198 114
60 192
133 29
145 226
174 156
55 64
217 173
11 70
208 110
31 34
97 204
130 163
190 166
108 89
177 29
97 186
127 205
130 173
211 97
211 81
23 141
81 108
127 210
105 125
108 161
78 129
214 193
93 48
21 52
12 204
159 65
137 20
79 20
45 198
66 227
188 125
187 85
178 31
109 122
189 15
126 35
16 118
78 51
212 35
44 131
104 88
61 115
179 51
90 50
224 117
216 198
215 14
160 146
72 216
30 133
158 91
211 129
143 139
73 188
106 154
49 179
92 75
37 218
218 217
121 77
156 54
222 59
88 47
156 187
169 165
40 211
195 153
112 117
13 64
69 61
178 121
87 135
9 192
46 108
101 175
159 130
188 155
195 15
20 129
217 211
37 173
64 84
90 105
73 127
33 124
196 55
179 141
26 82
40 115
27 71
191 33
108 72
14 106
143 160
223 119
84 199
107 59
52 109
160 64
56 211
127 214
180 21
149 101
44 148
77 127
146 66
136 50
20 187
28 5
161 80
223 47
163 11
71 124
211 148
48 9
160 194
127 125
92 46
221 3
47 123
171 93
3 109
6 59
8 29
167 169
177 69
18 87
0 143
114 72
105 18
185 84
26 10
54 67
83 197
5 57
57 94
32 210
76 93
176 96
175 122
200 19
51 30
69 112
187 87
154 36
209 144
145 100
10 50
95 178
227 157
228 123
35 139
17 63
27 221
8 102
145 185
156 69
98 88
185 181
190 133
196 9
173 22
58 46
42 66
151 228
227 104
56 200
175 143
145 7
143 45
20 48
57 57
154 183
75 78
219 205
174 8
98 209
61 131
138 101
110 162
33 163
60 224
7 42
198 132
205 79
147 222
164 116
144 112
66 203
108 98
213 98
164 213
191 94
83 147
148 43
216 53
191 98
132 58
141 35
63 201
160 180
198 200
107 14
110 88
1 170
96 202
34 5
160 15
136 73
178 132
191 38
85 222
211 164
65 177
206 8
150 42
130 11
88 14
154 218
119 74
174 47
225 91
228 106
29 12
121 58
92 143
52 181
83 222
104 22
7 189
27 86
174 206
23 213
38 185
145 12
192 104
190 171
61 157
215 31
136 71
126 158
215 0
132 154
11 183
225 137
124 17
126 53
116 30
103 118
52 143
17 187
51 70
91 71
101 191
178 200
88 74
1 28
59 56
159 157
15 133
175 115
50 91
43 186
215 106
181 29
196 3
41 207
188 160
16 165
79 45
101 65
10 28
178 26
122 178
193 134
48 144
64 0
191 186
85 127
132 31
217 116
123 11
191 141
40 85
201 207
57 126
150 114
68 22
135 1
91 30
211 48
157 62
38 198
107 167
160 170
167 21
200 176
200 118
122 64
147 82
11 217
136 77
213 217
183 20
74 10
174 0
31 3
58 140
23 150
86 200
221 168
148 36
91 189
134 47
35 73
194 55
176 31
217 29
84 3
227 164
75 38
1 63
23 25
98 165
137 196
95 209
184 133
94 17
79 166
130 161
75 122
5 182
80 18
116 71
80 74
14 99
75 151
198 73
48 24
183 169
134 59
57 37
128 86
120 144
111 49
31 96
153 176
188 23
185 43
210 35
157 5
98 222
51 218
206 224
160 184
60 212
224 197
119 14
21 127
49 160
172 125
62 62
194 76
2 64
4 166
143 203
8 52
222 143
118 155
7 129
219 155
58 204
99 0
215 168
4 225
79 122
150 21
87 112
24 176
47 44
127 66
119 98
138 187
132 91
3 58
205 54
156 23
169 12
95 88
89 211
66 169
180 160
163 221
194 126
146 161
63 151
119 0
169 210
75 57
170 222
11 178
106 106
120 203
221 41
166 35
113 202
224 75
122 139
192 51
140 222
209 208
77 112
136 213
65 13
168 199
32 107
6 163
158 109
149 176
122 65
53 108
179 181
97 79
33 43
93 111
97 199
168 53
63 47
182 62
11 162
79 145
66 133
99 211
207 106
186 95
96 141
94 82
92 193
17 175
143 147
59 226
85 24
120 205
33 27
207 69
157 1
24 113
15 113
207 217
169 132
3 156
64 106
110 72
85 158
219 203
16 46
110 134
172 90
36 117
97 133
53 121
53 225
141 29
26 94
65 207
194 147
1 101
68 81
219 89
209 102
58 145
96 19
166 179
194 191
206 37
172 28
135 226
121 86
79 197
56 186
193 186
49 58
10 140
91 204
78 19
90 11
136 121
55 73
161 187
9 87
28 68
171 16
75 224
143 55
211 137
134 33
202 37
8 111
225 93
190 96
103 82
161 226
210 45
220 73
147 72
205 111
16 167
192 68
102 115
41 175
117 198
20 14
38 146
21 106
145 130
43 72
59 53
13 5
222 76
65 26
103 18
119 198
196 155
218 83
47 210
91 123
29 87
153 37
226 4
39 54
107 204
135 17
95 61
132 184
105 213
219 201
186 123
212 182
9 25
106 172
0 108
188 96
40 52
41 180
71 160
190 148
72 4
125 144
227 72
194 91
64 82
147 68
59 95
98 128
11 158
169 145
123 219
89 173
27 96
134 151
106 3
141 19
40 78
115 185
130 130
82 92
77 215
200 150
14 59
191 153
212 49
173 30
116 98
203 140
47 195
39 208
184 141
214 138
143 49
12 63
55 15
138 173
206 99
83 211
77 71
36 181
44 164
204 57
36 186
120 80
68 204
90 150
90 107
10 185
222 61
117 94
51 98
217 185
115 210
201 162
50 76
122 99
43 228
58 192
72 156
215 25
2 14
25 216
60 218
1 83
225 79
12 206
197 41
30 65
93 147
184 40
111 45
131 127
68 16
13 61
55 131
87 127
79 79
2 61
66 69
30 5
209 216
151 39
65 153
89 87
7 96
18 222
113 112
173 160
23 60
139 210
68 192
19 220
82 25
213 93
198 142
26 67
47 121
133 17
141 99
178 85
64 38
60 34
46 167
21 59
177 24
183 69
199 66
207 60
16 189
188 21
151 159
69 35
132 52
119 152
26 6
117 202
141 153
157 53
123 128
88 156
126 146
214 84
129 221
72 186
58 18
71 102
103 49
104 97
120 96
77 73
143 88
50 211
21 25
208 100
149 206
142 28
70 216
124 75
190 184
20 74
208 36
34 87
62 12
39 68
221 63
148 24
189 32
209 79
101 72
204 179
4 59
158 175
204 29
164 141
16 96
5 127
138 76
165 151
53 20
214 223
27 77
35 50
96 99
193 142
38 135
55 57
0 226
133 46
110 116
110 24
134 111
140 59
206 110
110 175
96 12
209 59
187 50
3 182
35 54
10 117
17 139
208 65
15 34
34 190
174 80
94 166
22 114
99 117
124 99
4 168
165 56
138 79
111 67
104 187
205 154
142 222
183 75
162 87
117 125
82 18
200 76
92 223
117 179
107 151
162 136
24 22
153 67
212 171
139 40
131 210
181 176
225 64
23 127
181 214
227 11
112 165
48 156
96 5
219 55
106 67
70 134
139 24
34 185
44 64
196 17
158 113
107 217
112 147
214 146
217 36
126 76
222 126
50 124
118 7
99 188
30 75
25 47
60 65
120 109
203 167
154 137
182 192
45 132
11 45
188 107
225 218
105 123
197 202
111 3
161 220
32 155
169 48
148 148
121 197
197 27
28 204
27 122
73 0
133 194
32 100
178 204
46 3
178 225
26 174
136 111
72 171
120 194
97 76
27 55
215 201
183 11
180 226
34 143
222 131
59 190
185 160
58 176
69 20
67 6
7 193
96 208
119 180
228 40
129 55
186 54
56 83
212 18
23 102
49 164
184 124
100 164
203 6
162 185
31 105
153 148
200 45
136 143
217 183
166 195
99 203
33 13
29 191
127 192
163 94
85 147
167 80
120 30
206 192
134 184
218 171
50 9
158 55
129 224
83 112
97 220
105 112
152 200
26 92
2 168
67 43
146 191
75 131
33 223
102 92
116 140
208 96
99 7
224 199
4 68
163 202
109 90
77 201
210 28
24 215
9 91
173 153
160 159
124 110
49 70
224 223
116 104
38 171
29 26
186 224
147 107
125 149
225 62
18 73
201 133
102 47
0 187
202 99
7 205
168 38
124 215
95 180
130 216
55 7
121 124
211 208
221 154
135 85
222 25
215 154
128 172
187 128
4 140
136 18
35 34
166 111
146 143
160 188
195 157
77 3
65 6
34 126
21 33
22 27
107 12
193 74
133 115
185 169
61 3
15 170
106 54
110 219
115 82
162 92
140 57
214 23
133 35
196 63
216 171
9 79
150 181
19 102
111 221
155 66
16 35
165 22
123 7
207 103
16 172
105 192
165 94
82 173
35 77
140 183
91 116
118 96
179 60
8 43
99 205
167 151
46 173
124 49
87 198
160 7
7 191
105 160
143 168
51 195
45 4
64 59
156 84
135 207
26 123
110 166
99 199
169 97
15 16
44 30
76 9
108 149
84 162
162 14
47 226
213 122
60 121
25 218
212 27
175 14
146 84
222 2
216 91
14 15
105 182
223 101
157 201
27 212
186 37
153 213
91 151
170 189
184 26
176 133
219 174
25 101
152 78
10 196
175 24
55 208
118 38
9 119
157 163
184 154
79 182
161 97
172 100
5 208
142 57
24 163
209 132
124 187
44 40
149 38
66 146
213 1
152 41
119 43
202 84
31 57
196 183
191 118
13 216
72 65
31 140
132 173
112 179
143 22
158 151
159 219
145 214
48 127
174 56
20 27
186 212
222 97
105 146
26 30
109 151
9 8
1 174
39 111
182 21
98 60
105 95
64 101
63 107
40 7
68 97
116 228
194 159
84 63
216 213
175 175
67 221
14 128
108 135
54 154
122 221
112 73
61 112
134 133
29 76
20 167
196 90
224 97
49 117
68 226
65 151
101 121
41 32
137 43
46 114
199 123
25 19
159 226
174 40
55 21
112 102
194 201
105 60
88 165
192 89
53 74
47 138
34 115
1 33
61 148
216 167
72 134
20 20
218 161
192 35
53 81
45 223
24 174
217 202
223 176
125 189
25 103
213 51
61 108
39 180
219 150
96 24
165 109
95 159
29 163
219 163
112 170
48 4
173 1
144 50
86 173
54 152
151 226
103 157
153 163
19 150
129 165
188 132
183 152
85 112
109 58
181 59
222 124
173 45
83 217
123 180
130 184
161 179
65 165
163 28
214 100
150 52
192 172
195 24
197 72
37 24
156 219
114 0
62 16
80 68
85 120
152 219
15 4
13 24
37 94
119 129
79 101
74 37
31 81
204 193
34 151
112 200
134 192
162 159
79 150
180 115
1 200
219 146
124 227
63 128
105 144
35 206
140 92
134 198
93 199
4 48
176 40
72 23
106 224
11 166
29 56
145 128
110 143
193 53
24 155
187 197
225 146
66 212
46 169
181 162
192 181
183 101
147 171
163 96
178 148
60 216
118 30
139 216
42 57
135 153
118 130
89 95
135 29
181 23
228 27
7 1
133 186
150 211
215 140
66 155
118 73
121 67
150 112
193 206
144 76
216 87
154 48
69 114
128 90
102 133
103 131
196 169
166 206
42 52
37 123
48 125
136 215
8 122
206 218
18 198
170 14
115 26
178 157
84 37
30 38
29 60
171 204
180 52
192 218
166 200
157 213
53 6
9 217
221 39
37 18
67 79
222 223
165 58
225 19
92 104
1 8
31 59
30 10
66 58
195 53
191 147
97 11
175 191
6 84
35 94
103 24
179 184
137 17
6 73
47 22
134 202
11 65
54 54
221 149
8 104
171 199
114 84
136 60
16 103
191 21
131 29
200 36
219 215
25 156
203 202
157 71
32 195
27 102
108 185
104 178
20 227
142 4
179 137
194 36
114 121
72 167
182 171
93 89
21 95
77 138
68 70
208 98
56 188
157 21
148 70
38 157
212 127
61 167
63 135
143 34
191 46
109 76
182 86
24 20
223 218
216 138
224 49
8 173
103 98
58 213
172 212
41 54
96 81
23 36
189 119
209 88
65 49
216 142
75 40
66 209
123 217
171 31
112 157
110 103
117 32
147 34
175 195
44 46
59 38
112 115
45 60
147 32
223 153
181 139
37 16
34 217
210 162
45 158
48 154
43 175
185 109
128 95
27 131
175 6
176 173
27 25
103 160
47 15
76 34
124 117
219 169
161 222
65 131
87 82
177 11
134 218
41 228
209 73
41 105
86 26
186 159
93 35
85 125
206 125
42 119
222 155
15 138
154 192
55 120
225 164
176 164
167 213
178 172
228 156
138 127
96 103
56 130
209 71
60 144
85 178
156 13
67 170
74 152
137 37
6 195
168 217
226 124
221 43
149 3
118 21
139 141
172 201
87 66
219 209
149 152
59 90
194 228
171 51
55 161
37 207
45 32
14 120
18 204
189 196
186 153
13 38
29 96
89 69
214 174
226 2
116 116
78 10
32 125
186 188
34 41
123 123
168 139
173 57
89 40
78 224
73 39
11 148
21 54
74 196
184 97
186 176
14 200
203 207
227 84
24 0
7 177
86 227
140 116
214 36
223 65
51 213
42 190
76 153
201 189
172 65
18 20
37 169
213 103
200 47
47 5
17 89
66 109
157 45
163 172
109 43
212 12
204 159
70 9
145 207
204 191
220 186
19 212
206 108
35 28
59 132
6 146
5 46
179 108
51 82
17 177
219 148
44 124
69 199
154 161
44 2
81 121
145 197
114 52
152 129
216 95
83 84
190 217
117 156
156 80
177 103
194 199
216 111
147 188
224 110
197 12
22 195
94 217
174 140
6 174
162 141
204 149
113 65
96 75
157 136
134 180
106 45
194 2
43 98
69 122
82 215
103 124
157 107
198 42
15 142
210 19
195 74
43 59
202 86
23 133
202 211
85 95
55 103
167 204
47 20
116 138
158 63
159 61
183 126
173 13
197 153
204 87
141 163
134 6
222 78
169 76
172 63
188 220
156 108
213 3
220 98
18 228
55 139
87 174
156 151
18 22
78 163
180 3
9 45
65 160
196 83
180 199
161 122
89 53
74 117
21 133
73 41
222 105
170 21
71 206
143 119
69 33
211 7
159 110
19 161
185 189
31 191
115 202
5 210
1 106
120 57
22 40
19 85
20 10
131 165
91 36
146 193
206 65
161 103
219 53
130 226
79 9
41 113
124 91
151 94
133 153
38 59
64 103
146 119
218 100
58 9
89 141
209 41
2 98
151 116
86 59
161 3
80 177
75 103
98 104
111 61
227 92
203 127
97 181
187 8
135 125
148 56
213 68
213 153
1 20
176 193
102 129
217 209
132 114
103 4
46 46
112 8
160 101
115 133
195 119
123 35
61 119
170 91
216 84
176 178
69 136
214 170
194 107
207 79
67 218
129 49
106 188
17 37
81 214
114 157
220 161
199 192
128 146
150 80
132 76
44 106
158 51
162 212
85 29
55 157
91 23
130 5
120 220
102 28
47 185
105 87
223 38
148 15
110 158
107 68
93 183
171 56
65 205
157 165
104 114
206 22
206 29
214 56
111 65
189 209
122 22
5 1
175 60
44 220
53 97
65 188
134 10
211 133
196 114
6 61
115 212
203 213
0 216
144 6
162 214
201 201
53 202
117 147
137 115
56 140
157 79
62 18
202 101
129 193
215 132
10 77
145 31
128 212
143 220
177 63
149 64
55 5
