48 166
194 83
30 140
197 189
141 87
126 175
105 151
1 39
78 135
186 210
41 226
142 201
39 199
156 205
159 20
90 38
7 69
64 108
58 210
5 69
57 214
129 123
175 124
181 200
180 27
224 104
166 148
108 44
16 206
91 77
31 131
61 84
22 103
6 27
112 194
126 97
203 185
196 225
6 165
117 132
87 3
128 215
108 187
123 137
79 154
154 167
148 4
34 65
172 205
62 27
104 166
224 183
156 97
72 227
6 204
25 161
145 22
8 109
126 133
80 136
82 186
126 49
200 143
153 205
76 2
113 29
187 189
70 208
224 166
94 195
145 95
132 211
56 159
198 5
159 72
111 185
222 186
53 76
135 83
10 160
95 94
134 28
152 77
84 205
181 192
69 147
27 59
124 181
220 64
122 24
190 106
159 108
133 106
16 204
168 167
130 147
58 40
195 212
14 97
166 124
12 84
12 54
132 105
59 41
195 81
109 160
184 17
144 149
11 88
168 108
175 98
212 5
56 66
173 194
60 11
130 65
109 211
222 117
225 74
65 78
226 192
52 41
50 74
92 153
31 164
46 208
216 100
170 133
112 48
86 30
190 31
173 207
37 82
94 182
150 40
175 153
26 8
52 74
181 136
153 145
140 163
205 67
191 99
149 171
215 35
183 160
79 167
44 180
207 186
162 169
188 165
127 159
155 185
130 34
133 174
146 178
207 123
226 123
70 72
135 156
82 8
28 185
66 125
13 191
124 97
175 38
72 144
146 36
127 139
193 128
69 8
53 191
73 61
62 93
27 163
154 154
155 225
35 224
176 189
161 156
202 178
129 114
89 209
40 15
176 46
150 78
126 200
151 31
207 165
121 199
134 121
187 48
223 168
160 77
14 173
205 59
30 32
92 78
37 21
121 180
86 168
193 148
109 82
158 211
208 204
15 84
128 206
34 104
53 104
79 212
21 212
58 83
110 224
215 222
98 186
163 58
182 108
35 191
12 185
8 117
72 47
18 118
109 93
141 120
66 135
158 189
1 94
139 83
167 177
43 16
109 56
78 194
179 36
108 55
179 53
202 14
158 83
95 119
51 53
104 199
73 55
8 77
125 214
17 123
80 107
126 55
184 211
48 84
171 33
133 176
88 72
18 184
85 51
67 131
50 128
215 86
63 164
144 137
228 201
162 23
58 102
95 57
113 127
129 210
157 142
181 63
194 210
183 106
21 44
142 142
95 161
67 200
208 54
61 53
29 120
59 181
159 48
8 228
9 70
85 36
115 170
121 38
61 78
166 72
27 180
130 24
72 16
163 186
161 78
169 201
84 129
140 126
68 179
23 135
38 211
74 97
37 84
117 25
194 218
30 159
161 45
172 79
172 12
155 213
206 191
7 172
150 165
88 200
215 39
187 6
155 159
181 129
17 48
215 62
182 27
171 123
138 99
70 210
122 50
222 141
187 67
189 57
178 129
118 37
32 221
128 157
103 142
10 52
187 126
87 158
31 178
218 12
67 61
44 93
172 18
5 223
84 214
45 174
139 114
153 198
206 94
11 79
67 198
18 159
183 190
27 152
116 24
45 181
126 118
61 175
216 40
207 33
121 129
51 197
211 135
171 66
142 151
32 188
151 154
140 18
7 8
99 43
30 85
41 98
109 29
91 142
196 96
102 193
226 205
225 136
192 29
78 87
141 182
31 45
171 132
224 225
119 210
203 122
92 114
153 225
30 20
96 46
196 200
206 163
202 217
48 16
129 213
48 212
7 105
20 147
170 88
7 21
219 71
126 138
225 85
159 200
66 15
93 222
143 3
128 36
48 178
6 197
71 95
52 217
111 217
119 45
177 15
145 24
3 118
132 41
188 136
172 21
208 157
191 225
76 116
29 123
42 166
147 207
34 63
223 19
139 105
174 117
75 80
130 71
140 133
76 120
222 177
36 131
101 55
60 195
181 20
30 16
199 89
77 160
190 121
224 195
175 62
156 211
133 113
47 69
136 161
181 146
22 160
24 133
6 121
76 192
138 132
221 80
111 22
147 13
19 18
74 222
108 217
64 143
193 44
206 71
19 34
96 139
184 90
81 150
173 154
100 123
143 7
48 72
95 198
215 194
123 108
75 35
86 47
42 23
7 94
156 217
10 194
73 206
225 31
33 133
80 191
189 154
40 166
27 219
180 151
162 191
86 110
71 184
180 202
97 228
40 50
71 106
104 54
182 209
35 30
83 54
151 198
42 59
29 132
59 113
174 181
35 184
1 141
3 88
29 112
81 45
178 155
224 162
124 25
96 121
225 134
48 216
130 171
16 173
60 220
24 227
90 205
4 86
47 158
130 20
47 7
195 26
169 163
19 158
118 11
115 14
214 172
159 42
196 171
20 169
104 104
84 61
20 115
179 127
189 98
167 128
126 183
62 146
161 66
212 224
211 119
26 84
149 189
131 44
78 33
39 95
102 219
159 27
53 133
57 131
217 98
53 4
82 74
111 14
59 198
65 222
147 95
29 100
75 31
198 172
131 192
174 15
145 146
224 99
101 171
174 82
16 74
163 45
228 34
22 226
173 125
92 149
49 26
150 50
188 89
178 89
123 85
107 125
119 138
145 106
14 73
75 91
183 139
20 141
63 84
38 16
19 30
155 107
140 186
68 215
10 164
204 218
51 107
90 7
188 210
180 85
18 28
76 179
117 127
16 100
18 79
201 20
120 22
168 56
226 186
142 111
28 49
17 112
19 176
180 209
88 121
25 202
177 187
171 110
184 82
165 65
228 53
102 40
156 137
194 51
193 99
49 10
127 27
157 112
3 19
182 226
143 212
127 153
147 177
214 141
187 138
118 215
3 21
130 197
195 134
24 217
197 89
198 61
12 224
224 141
104 116
136 3
125 47
150 16
24 108
60 206
218 68
201 18
185 79
192 106
126 28
161 91
6 36
36 210
222 30
205 75
222 32
102 143
184 222
9 42
192 193
110 193
12 1
166 76
53 106
91 118
31 83
96 17
202 176
43 3
110 7
71 189
59 215
105 65
214 123
58 167
99 153
192 175
111 210
141 221
70 186
5 38
64 162
25 91
71 200
210 72
26 110
215 3
201 45
68 59
151 141
10 99
115 55
23 207
154 136
123 33
212 8
202 77
206 152
12 179
0 172
189 79
185 12
161 13
105 181
226 116
33 139
24 18
215 193
224 177
103 182
54 90
7 25
169 174
160 150
98 82
175 72
36 134
150 218
16 119
168 153
196 182
149 187
82 117
117 13
180 228
119 157
103 221
212 34
138 38
204 177
158 47
211 79
179 44
58 0
195 190
159 44
11 9
220 88
38 222
183 175
205 187
6 82
126 202
198 195
215 212
141 78
111 101
184 53
151 92
51 152
165 70
146 182
58 158
84 150
101 132
86 150
215 209
200 164
63 77
73 43
60 117
62 64
96 10
147 100
200 206
60 19
169 190
52 114
196 48
82 178
103 32
80 7
101 41
84 85
75 188
12 73
106 5
209 153
36 1
190 211
57 30
129 179
224 220
102 73
3 1
91 99
151 175
188 65
204 94
151 130
52 183
52 66
104 33
135 204
169 142
137 139
181 70
151 128
219 78
2 199
107 122
185 139
51 80
122 188
42 217
211 218
75 44
79 22
1 215
62 222
127 110
29 146
204 151
120 92
26 48
201 1
204 211
33 52
193 66
185 155
181 183
86 157
67 210
55 17
216 55
207 153
22 108
90 17
23 172
114 219
201 108
112 79
15 107
223 92
70 82
23 82
32 75
199 35
49 80
26 69
144 47
2 91
187 22
159 3
94 59
25 32
8 150
170 19
224 206
122 157
130 46
80 144
109 141
179 91
40 182
107 105
68 90
109 34
77 177
4 162
79 72
190 181
174 174
204 147
72 53
74 174
101 145
188 13
113 152
182 18
100 63
129 197
53 26
167 208
116 32
95 39
61 197
119 13
15 87
62 32
224 78
146 201
35 174
179 96
98 163
224 160
194 105
146 111
77 21
13 138
63 86
53 127
105 200
228 126
99 155
32 186
80 174
178 101
4 28
212 146
123 100
136 5
117 65
12 211
160 5
51 4
40 156
1 145
143 226
5 180
193 197
69 157
77 168
8 165
102 29
198 12
84 177
217 4
164 23
21 187
108 84
215 115
147 187
122 119
103 79
193 114
96 179
174 88
213 57
197 10
31 102
155 145
153 46
28 189
116 191
194 89
142 70
128 71
182 16
142 224
84 35
215 19
67 8
75 212
109 180
131 112
34 109
186 1
146 3
54 25
137 1
161 195
91 192
225 212
174 103
134 228
163 139
59 222
115 179
197 223
89 28
79 53
32 127
100 73
189 8
89 89
225 11
28 111
125 147
82 213
16 21
36 57
152 165
61 191
89 207
173 185
2 85
210 54
224 180
195 216
204 5
182 53
141 207
21 131
221 71
144 94
215 98
3 50
119 146
156 11
61 62
61 169
151 18
117 56
126 41
150 202
223 136
109 129
185 174
166 173
18 188
84 81
193 220
152 143
95 28
119 194
163 9
6 139
219 211
168 75
222 198
160 129
166 107
151 55
202 136
59 187
14 151
82 90
12 22
38 201
69 75
154 125
26 53
163 30
80 100
184 94
206 5
5 123
212 117
186 132
22 112
22 11
35 59
66 45
107 196
151 205
20 66
154 121
40 133
180 220
44 226
134 154
211 77
67 123
76 206
95 147
194 17
71 75
36 197
162 37
108 91
45 203
115 142
227 213
163 0
194 31
153 57
217 154
31 43
39 30
86 170
29 178
51 150
150 191
183 43
83 126
60 17
14 206
108 40
212 188
226 127
77 145
220 24
143 31
114 7
223 131
28 8
140 151
208 85
64 72
25 96
38 40
172 81
55 172
117 216
6 225
41 46
192 167
32 219
150 54
110 12
96 52
65 36
49 214
209 56
208 219
31 135
145 56
228 82
52 220
207 117
133 99
35 7
116 218
32 143
54 19
184 114
108 133
184 19
21 85
160 202
59 172
81 95
40 81
6 125
43 112
159 55
139 153
218 207
13 153
46 126
128 144
154 110
16 52
180 158
95 22
99 196
148 85
4 138
3 213
121 147
46 83
7 23
101 16
0 116
3 66
50 176
194 13
13 107
141 114
57 71
64 90
125 7
33 114
21 92
137 41
78 183
199 63
70 168
148 89
148 11
98 17
37 223
123 197
171 1
165 214
222 13
219 168
169 110
122 163
71 55
135 36
8 184
90 101
170 140
59 115
169 203
10 26
184 116
40 152
129 126
71 148
160 224
158 149
94 33
136 52
92 16
52 83
33 108
217 107
206 34
109 186
124 139
89 157
15 190
97 160
6 190
190 23
122 117
62 121
38 28
18 140
41 87
129 18
22 174
205 28
173 183
80 166
176 104
92 195
208 14
16 79
123 186
144 33
38 74
211 166
25 45
185 137
38 23
205 47
179 79
198 77
137 123
74 144
31 11
168 225
167 66
93 44
22 150
51 90
112 44
203 175
117 134
192 203
182 211
167 165
118 203
104 225
213 25
115 65
137 205
74 99
8 9
206 119
228 162
136 211
104 28
138 57
192 159
60 228
225 131
138 157
100 207
55 206
70 202
127 142
73 218
128 56
145 160
89 24
14 22
80 193
213 14
135 196
175 4
142 46
133 12
108 87
47 206
172 36
198 30
4 152
227 32
166 40
51 26
170 43
209 228
188 73
226 66
149 122
224 112
54 222
114 210
125 127
76 203
121 122
198 91
12 133
178 125
71 152
102 96
9 93
129 139
67 27
6 80
64 133
76 221
210 21
144 201
185 56
118 227
19 4
88 104
131 80
200 116
115 159
130 42
122 68
66 4
1 154
56 115
45 113
207 167
218 133
14 136
202 103
51 51
28 39
177 38
82 192
205 123
221 18
82 124
207 83
152 81
170 108
133 62
200 178
2 143
39 114
44 77
29 58
112 84
222 55
45 109
111 223
214 92
42 5
201 135
8 157
96 118
189 6
88 30
145 186
47 98
216 2
80 54
99 147
116 200
144 119
107 171
225 114
108 200
89 152
87 145
111 113
181 106
16 85
201 211
133 60
171 45
77 100
12 26
219 58
95 123
77 39
216 156
197 198
77 53
23 38
36 126
114 91
217 175
203 142
135 69
109 65
5 194
62 61
13 149
206 112
85 49
186 41
10 37
111 179
211 102
163 227
35 169
78 214
2 34
41 121
217 14
170 62
215 202
202 144
215 104
39 10
91 60
175 33
222 103
127 51
95 48
82 137
211 44
51 64
100 187
92 163
37 209
35 43
161 208
51 100
40 150
225 210
99 108
82 4
112 158
58 148
56 121
209 43
202 40
162 103
25 114
213 147
205 205
74 172
182 88
73 190
105 195
96 111
157 91
129 151
18 167
70 96
84 53
5 49
206 31
17 203
218 121
53 162
7 103
68 29
186 24
185 204
193 157
15 115
169 23
225 49
142 43
176 177
39 159
77 162
222 49
227 51
6 161
188 87
134 71
66 96
87 24
15 127
28 62
82 119
81 168
150 220
175 167
47 156
181 3
36 51
6 110
56 193
179 215
1 2
194 136
103 65
78 106
132 133
126 87
106 206
94 128
28 37
1 41
36 171
108 80
96 158
143 61
223 10
174 200
227 217
21 179
228 21
200 145
196 61
156 143
40 99
157 203
94 227
157 73
103 146
150 1
139 143
14 62
45 99
122 215
188 150
210 195
126 125
5 206
171 184
153 31
41 42
49 226
164 20
207 201
202 43
211 216
149 129
48 90
109 14
14 17
79 159
5 150
53 149
207 207
217 200
209 220
26 50
115 128
55 128
85 83
59 197
57 128
221 213
45 227
113 166
167 55
119 67
112 63
133 178
102 34
81 158
105 52
40 154
208 180
111 108
65 170
164 32
167 52
131 186
208 61
93 119
1 22
50 36
131 160
137 100
118 79
64 227
222 228
55 97
132 217
213 208
63 176
149 91
180 131
39 107
152 21
7 16
125 33
60 168
74 56
44 166
166 57
175 31
42 133
128 92
185 35
17 193
15 14
81 217
144 161
96 226
26 23
93 161
88 134
91 94
138 214
112 24
228 141
117 170
112 70
141 13
66 86
61 105
185 6
62 109
10 143
4 79
121 56
18 194
50 109
91 144
64 27
97 34
9 226
222 148
103 7
110 145
35 105
167 36
51 49
120 78
98 112
169 144
96 100
111 77
60 166
36 28
124 41
164 182
78 113
117 19
188 163
54 202
126 225
166 112
29 4
209 137
35 52
167 210
159 13
68 138
42 32
221 104
141 6
114 31
20 86
101 69
100 29
157 7
36 19
53 151
2 183
18 144
180 46
81 110
5 144
214 53
30 208
196 76
164 68
33 224
53 51
86 43
161 177
42 93
206 156
51 226
6 176
151 224
141 21
137 74
207 145
175 208
20 68
15 92
143 59
101 109
10 175
20 188
143 66
94 92
75 161
22 228
0 10
21 136
68 124
108 143
31 27
39 169
159 221
214 1
108 78
108 123
224 66
222 51
224 72
189 55
168 100
49 28
4 212
36 71
52 47
113 189
94 121
19 32
182 66
32 98
48 119
202 205
190 13
194 97
128 174
41 192
211 228
112 39
59 75
63 149
146 144
174 193
37 221
223 36
204 225
26 198
130 3
80 26
51 179
219 145
186 39
184 183
167 133
113 42
200 71
111 35
216 177
54 83
141 140
210 69
86 128
105 20
195 143
130 98
82 12
3 38
190 29
9 220
71 217
17 60
168 19
124 194
28 51
156 121
18 101
113 106
59 30
1 201
38 19
155 25
54 204
218 91
10 43
169 29
191 50
38 132
190 147
221 128
209 47
167 47
88 7
150 222
101 214
117 185
225 184
93 124
181 44
144 177
87 45
215 69
198 44
78 139
136 119
62 100
142 74
71 65
144 209
111 160
152 117
121 158
25 86
182 184
39 161
122 109
85 185
65 201
162 101
60 21
26 204
172 34
91 89
144 158
160 81
42 205
132 141
82 149
52 189
14 95
222 225
34 162
177 44
117 145
25 220
57 173
20 54
144 135
44 211
81 160
90 75
19 134
87 33
106 56
11 197
61 183
201 60
122 62
65 211
59 178
146 131
111 152
89 136
205 185
150 90
26 120
96 218
156 48
186 141
74 133
167 189
62 20
5 196
195 149
58 42
104 2
54 119
2 227
169 188
18 65
192 132
21 199
30 142
186 65
154 80
94 153
123 58
43 104
144 70
49 60
15 44
24 192
200 43
185 103
117 115
106 186
30 179
66 193
160 175
91 54
109 184
35 150
77 17
97 110
165 111
123 6
37 88
69 27
92 185
163 35
35 216
55 72
19 192
36 144
218 156
25 173
87 226
56 31
37 192
106 98
217 134
4 62
150 63
159 202
182 45
48 82
228 153
148 45
136 22
46 191
79 39
97 64
165 87
43 7
116 12
170 101
206 127
121 42
0 42
5 26
3 106
188 105
197 110
181 110
85 135
109 32
166 38
99 4
198 170
180 1
168 212
27 90
145 125
92 167
132 135
197 177
157 26
58 185
123 39
215 47
108 131
142 63
127 85
193 46
159 122
153 119
170 53
164 200
134 200
32 4
62 58
92 19
116 187
216 184
167 119
130 31
40 125
131 143
139 94
222 146
200 103
4 90
155 204
30 36
103 215
170 217
190 59
99 111
136 217
0 15
100 39
39 42
34 117
66 107
181 61
139 125
85 225
111 173
25 7
200 218
152 121
127 73
209 226
94 174
14 211
155 5
69 217
154 143
99 171
20 149
131 175
13 189
149 5
6 156
80 91
114 37
225 194
195 172
79 31
34 199
193 216
47 202
201 209
148 191
88 106
217 189
45 47
67 41
73 29
82 47
130 132
183 28
82 206
193 226
62 184
42 84
156 32
143 72
159 94
166 85
155 151
88 5
146 221
110 16
173 227
87 149
145 133
117 58
21 13
129 112
140 131
37 72
3 154
204 8
227 179
39 135
18 36
72 179
49 122
103 177
185 143
23 45
56 101
151 20
217 61
117 160
193 205
158 19
62 195
55 91
112 167
178 180
77 79
192 95
14 42
198 161
43 174
170 74
207 184
192 183
6 3
107 70
210 75
155 127
4 84
227 132
1 57
216 28
116 208
73 20
195 106
93 126
15 202
110 20
122 28
178 153
48 193
195 37
131 78
152 91
8 176
91 165
28 165
46 149
204 41
110 25
147 200
214 219
97 177
112 20
124 221
103 15
192 120
110 114
118 178
58 224
129 177
169 228
43 218
12 42
177 175
167 77
190 163
223 111
204 77
161 189
155 192
47 171
34 210
40 106
72 10
1 51
192 140
217 194
224 115
95 0
220 40
54 65
216 93
41 69
144 215
165 50
6 149
168 102
140 200
15 153
40 83
151 23
195 99
217 70
216 196
181 148
158 227
161 160
69 220
227 174
106 40
100 11
23 58
184 203
208 23
89 9
155 71
116 38
80 219
33 91
16 183
71 113
141 135
199 188
41 67
26 46
174 70
126 195
198 125
103 93
69 37
100 87
7 45
65 8
106 2
30 77
141 61
39 21
66 91
166 150
192 70
169 27
80 133
10 133
17 108
48 138
201 161
227 93
18 49
96 216
88 211
172 216
160 154
158 32
138 199
168 150
221 37
224 137
187 56
221 93
194 155
12 28
161 165
139 97
138 19
99 145
227 115
101 193
67 75
199 221
54 140
140 103
37 8
139 176
111 99
83 135
43 117
3 44
38 14
204 101
158 132
32 226
114 207
181 36
124 79
40 145
20 16
86 187
96 32
172 218
54 47
9 177
74 2
190 123
201 203
178 108
195 226
182 177
71 61
151 211
29 14
48 115
131 18
28 202
187 80
17 181
128 163
104 168
227 129
213 95
146 14
139 86
169 161
52 129
31 157
72 204
105 211
185 195
195 85
184 162
125 107
167 223
17 133
122 60
199 109
198 151
95 77
224 3
201 110
130 141
214 114
144 110
135 106
34 134
193 199
37 216
20 160
191 48
205 167
40 201
201 117
203 61
87 196
124 23
134 77
57 139
96 173
43 60
99 41
221 188
19 59
15 111
122 91
80 138
46 137
135 62
57 171
211 104
9 98
119 59
93 179
212 76
64 158
156 9
7 145
1 16
134 9
4 113
73 151
148 120
144 43
19 131
27 173
167 87
66 113
218 63
12 167
46 124
147 130
33 216
215 182
9 172
173 147
164 18
141 94
195 1
223 40
215 190
194 182
160 152
202 53
101 50
190 218
120 50
24 157
82 82
49 196
162 167
95 69
143 51
3 15
159 46
45 79
210 204
56 45
212 73
75 66
170 197
179 83
131 125
130 145
67 153
163 215
162 143
100 102
66 40
101 173
120 154
168 130
119 2
63 50
211 153
116 84
42 184
75 3
41 142
12 56
16 225
118 222
33 168
40 40
83 6
86 164
184 152
165 67
102 160
49 68
4 81
117 158
203 138
182 114
105 58
176 171
141 82
45 54
171 152
83 128
153 142
96 79
222 73
223 80
190 34
177 213
38 34
165 34
120 76
128 61
124 165
182 64
188 71
72 125
142 105
31 138
25 169
63 119
131 188
142 162
181 68
188 197
5 15
119 111
26 0
178 28
58 73
125 191
208 12
159 96
128 119
134 89
92 43
30 148
72 76
12 7
203 164
121 9
108 25
58 32
219 106
89 174
78 222
165 7
63 52
66 178
194 132
12 98
193 209
91 216
149 56
187 11
108 120
163 159
41 159
153 65
83 2
92 218
162 183
93 0
130 54
118 23
161 216
71 175
152 35
33 208
137 125
13 93
117 224
103 135
212 91
8 197
121 167
72 130
202 228
176 223
75 60
10 2
163 2
80 148
34 97
18 26
121 169
0 203
79 81
77 122
72 115
168 179
17 110
79 70
183 112
18 207
137 105
5 131
86 220
132 89
107 46
60 101
223 221
108 205
142 2
57 134
14 154
118 200
195 117
129 73
175 16
85 140
82 56
43 204
53 95
210 171
117 113
144 58
124 116
213 149
91 52
228 49
44 132
9 35
5 164
205 7
227 80
212 162
223 34
73 85
144 151
191 108
174 63
30 188
23 161
24 197
14 140
218 187
57 9
41 100
117 211
91 173
128 58
92 83
207 102
155 104
102 170
59 44
103 26
11 93
218 218
208 45
50 56
131 16
150 185
57 91
24 2
125 85
158 60
49 194
191 113
227 188
36 63
220 86
78 179
140 141
95 126
45 205
107 182
5 133
103 217
50 178
220 49
133 197
5 17
176 48
54 129
175 135
49 20
32 77
34 130
146 88
213 78
187 63
59 219
56 35
50 84
25 152
127 63
94 136
165 9
44 18
58 122
160 120
173 113
143 121
31 120
88 64
129 128
202 22
117 86
125 39
2 217
196 51
80 187
7 132
80 227
133 119
36 124
6 211
69 119
35 193
56 113
160 124
83 183
89 213
90 103
16 140
40 205
193 212
138 0
76 86
102 125
175 45
134 216
71 169
69 191
135 194
65 17
6 112
169 184
52 142
98 137
129 187
133 167
194 121
203 59
104 140
5 111
207 182
220 147
97 23
61 51
100 141
141 191
86 58
5 178
46 225
86 67
159 173
164 39
161 105
21 134
98 86
99 55
122 171
73 139
125 19
158 81
95 138
35 208
174 172
157 225
166 132
117 118
189 47
209 130
192 12
13 183
75 62
38 186
171 82
125 16
109 178
72 117
177 76
64 51
45 20
66 38
76 102
30 18
71 143
15 122
73 100
26 227
99 53
25 213
39 123
185 220
74 220
10 218
112 125
190 201
208 131
50 116
45 41
28 215
2 172
67 32
226 54
72 87
172 162
208 155
99 35
104 159
26 206
205 217
49 22
91 184
39 76
97 156
66 137
152 16
12 158
20 143
65 157
110 169
63 137
82 204
10 212
219 120
205 176
182 167
79 195
38 181
45 62
8 18
84 24
57 44
222 219
90 42
61 204
130 167
112 90
22 9
82 176
130 199
202 159
122 70
70 213
119 107
158 134
7 209
56 157
220 178
51 157
92 134
158 69
218 88
178 95
38 78
142 149
64 70
220 77
178 54
125 105
114 79
83 78
74 204
181 80
143 214
38 144
40 94
50 54
89 215
23 194
77 32
7 123
180 89
170 99
187 180
157 125
121 44
156 215
221 66
184 167
13 147
22 23
140 171
226 162
52 55
111 141
14 118
46 33
122 226
180 140
87 88
28 161
190 64
134 162
161 9
176 181
195 11
42 18
48 108
3 43
157 3
173 38
33 164
28 66
81 80
205 165
5 56
76 195
99 192
222 23
166 4
189 215
154 182
71 80
153 115
144 153
62 217
120 15
22 83
113 100
91 188
135 20
208 115
146 168
168 107
50 222
28 118
88 16
86 65
150 25
30 118
201 8
87 94
45 210
94 80
28 141
179 186
41 147
138 188
60 68
219 131
107 65
144 89
68 47
16 10
73 14
10 131
16 54
218 176
211 121
126 64
199 130
165 114
209 167
201 159
197 129
151 213
126 92
165 169
112 6
86 211
68 120
75 95
88 182
0 114
73 58
46 196
120 178
59 164
188 4
210 89
228 71
211 131
173 214
195 141
202 69
153 59
119 225
97 65
110 63
166 74
227 208
101 67
39 87
25 194
46 187
36 3
91 214
84 12
212 115
8 115
200 30
88 150
46 91
140 165
121 107
65 166
206 215
93 61
106 144
94 31
80 112
60 28
20 94
99 190
2 120
60 185
226 182
73 45
178 4
152 48
74 131
75 110
155 149
131 99
32 179
184 209
160 50
84 97
15 219
146 44
56 89
44 108
217 89
22 65
184 77
72 56
93 24
64 180
59 106
183 195
184 33
158 49
126 173
132 33
170 64
119 94
192 81
107 202
224 61
156 82
71 70
135 95
15 124
89 181
170 225
48 35
21 207
121 156
33 54
2 89
137 216
35 61
213 6
85 38
29 195
57 144
167 126
106 194
122 79
115 223
85 57
14 224
208 178
10 111
180 5
77 61
153 33
188 109
36 86
146 46
17 220
220 118
47 183
175 142
23 180
167 221
158 14
205 92
49 6
111 43
106 72
35 201
104 222
66 34
174 216
146 148
112 219
107 85
58 156
108 194
94 142
115 138
56 151
7 207
137 85
72 173
226 166
53 99
201 74
85 166
102 140
118 109
105 12
212 194
128 8
134 224
224 144
2 3
139 2
99 85
125 27
38 32
221 110
126 103
66 71
68 145
18 196
92 227
210 26
12 3
113 224
56 210
188 10
210 222
105 216
77 213
133 96
69 103
200 17
79 44
146 34
83 110
122 89
209 206
1 18
67 36
43 55
139 77
110 39
197 57
160 136
91 9
50 62
86 73
13 218
217 102
60 5
8 219
123 64
12 106
189 206
171 161
49 153
145 108
30 225
4 3
203 223
4 148
190 36
225 168
130 212
125 135
215 161
108 23
108 31
31 146
176 70
92 88
123 56
66 104
86 34
52 132
43 142
94 46
39 80
35 145
151 167
203 79
71 19
205 207
130 88
217 24
93 145
144 52
2 76
16 195
14 20
99 65
166 171
210 13
115 157
32 19
220 42
96 96
177 142
110 204
17 218
209 197
182 202
104 5
41 48
155 194
46 58
122 96
220 176
60 1
211 14
47 141
25 154
114 190
54 143
199 202
136 58
66 181
130 7
11 192
183 3
28 94
138 103
110 132
211 65
8 27
183 79
180 185
124 87
21 46
200 68
155 78
57 180
2 0
222 11
121 172
208 176
157 96
78 226
206 52
197 53
167 64
148 79
78 132
203 200
148 185
186 221
136 47
38 93
7 35
32 28
24 68
45 39
22 48
97 3
178 227
168 117
37 30
11 190
88 70
196 120
216 46
66 102
49 218
26 21
70 187
97 197
135 149
126 227
133 15
123 148
107 4
226 21
96 59
176 210
177 13
127 126
14 10
5 214
164 184
90 15
37 61
95 109
220 132
17 81
50 66
208 52
31 113
59 174
141 23
132 97
139 192
179 217
16 61
29 214
164 16
200 162
175 184
108 224
118 140
86 223
169 121
128 227
50 182
102 23
25 118
123 195
157 43
173 123
145 180
170 58
221 151
182 104
121 111
90 135
99 150
218 81
80 152
134 132
41 55
57 178
167 49
96 26
55 23
113 18
120 227
224 29
172 91
9 190
190 140
163 98
30 7
103 126
104 35
44 197
115 4
201 131
21 222
72 2
0 189
140 198
22 74
110 78
20 196
198 176
92 30
80 24
73 123
192 31
49 107
189 66
50 89
75 85
77 85
55 150
109 47
83 10
145 199
75 190
207 125
219 213
62 102
2 139
61 14
126 193
188 148
183 81
100 209
96 128
71 48
95 90
153 104
19 92
135 108
118 41
64 92
20 200
208 31
77 181
67 222
16 98
146 170
85 149
220 125
201 72
57 11
127 106
155 177
65 32
49 183
172 87
61 129
44 216
122 205
156 163
220 227
23 76
162 120
225 139
94 197
113 150
207 143
223 12
138 48
112 196
3 11
210 189
227 211
118 50
156 161
162 171
27 116
83 179
104 136
116 189
115 93
60 147
178 210
33 145
139 13
182 130
125 159
116 54
65 47
63 14
172 132
188 212
197 84
80 93
125 65
35 107
33 197
209 139
221 1
45 13
202 219
123 20
163 85
153 169
196 228
174 165
214 116
167 28
45 150
184 122
176 89
143 207
96 15
212 151
47 204
184 55
143 173
121 84
81 66
87 68
216 63
156 103
193 173
29 103
42 44
86 114
38 151
226 29
11 30
204 227
165 130
54 168
100 197
70 155
183 71
197 7
121 165
182 140
171 3
187 124
174 115
202 184
17 125
92 62
147 66
4 75
43 38
199 114
60 193
133 30
145 227
173 156
55 63
217 173
11 70
208 110
29 34
97 203
130 163
190 165
108 89
177 30
97 187
127 204
130 173
211 97
210 81
22 142
81 108
127 210
105 126
107 161
78 130
213 193
93 48
21 52
11 203
159 65
137 20
79 20
46 198
66 228
189 125
187 85
179 31
109 122
189 15
126 35
16 117
78 51
211 36
45 130
104 88
61 115
179 51
89 51
224 117
216 198
215 14
161 146
72 216
31 133
159 92
211 129
143 139
73 188
106 153
49 180
92 76
37 218
218 216
122 77
156 54
222 60
88 47
157 187
169 165
40 212
195 153
112 117
13 64
69 61
177 120
87 136
9 193
46 108
101 175
159 131
187 155
194 15
21 129
216 210
37 173
65 84
90 105
73 127
34 124
196 55
179 141
25 82
38 115
27 71
191 33
108 71
14 106
143 160
222 119
84 199
106 59
52 109
160 64
56 212
127 213
179 21
149 100
45 148
79 128
145 66
136 50
19 186
29 6
159 79
224 48
164 11
70 124
211 148
48 9
159 194
128 124
92 46
222 3
48 123
170 92
3 109
7 59
8 29
167 169
175 68
18 87
0 143
114 71
104 19
185 84
25 9
54 67
84 197
6 57
58 93
32 210
76 93
177 97
174 122
199 19
51 29
69 113
186 87
154 36
209 145
145 100
11 50
95 178
227 157
228 124
35 139
16 64
27 221
8 102
146 185
156 69
98 88
186 182
190 133
196 8
174 22
58 45
42 65
152 228
226 104
56 201
175 144
145 7
144 45
20 48
57 57
154 184
75 78
219 205
174 8
98 208
60 131
138 101
109 162
32 163
60 224
6 42
199 132
205 79
148 222
164 116
144 112
66 203
108 98
213 97
164 213
191 94
83 147
148 43
216 53
192 97
132 57
142 35
64 200
159 181
198 200
107 14
110 89
1 170
97 201
34 5
160 15
136 73
178 132
190 38
85 222
211 164
65 176
206 8
150 42
131 13
88 14
154 218
119 74
174 47
224 91
228 105
30 13
121 58
92 143
52 181
83 221
104 22
7 189
27 86
174 206
23 213
37 185
145 13
192 104
191 170
60 157
215 31
136 71
126 157
214 228
132 154
11 183
226 137
123 18
127 53
117 31
103 118
52 144
17 186
51 70
90 71
101 191
179 200
88 74
2 28
59 55
159 157
15 133
175 114
50 91
43 186
215 106
181 29
195 3
41 206
188 161
16 165
79 46
101 65
10 28
178 26
122 178
193 134
48 143
64 0
191 185
85 127
132 31
217 116
123 10
191 142
40 85
201 207
57 126
150 113
68 22
135 1
90 30
211 48
157 62
37 199
106 167
160 170
166 20
200 176
200 118
121 64
147 81
11 217
136 77
213 218
183 20
74 9
174 0
31 3
58 141
24 150
86 200
221 168
148 37
91 190
133 47
35 73
194 55
177 32
216 30
84 4
227 164
75 38
1 63
23 25
100 165
137 196
94 209
186 134
94 18
79 165
129 161
75 122
6 182
79 18
116 72
81 73
14 99
75 151
199 73
48 24
183 169
134 58
58 38
129 86
119 144
110 48
31 96
153 176
188 23
185 42
210 35
157 5
96 222
51 219
206 224
160 184
60 211
224 197
118 15
21 127
50 160
171 125
63 62
194 76
3 64
5 166
143 203
7 53
222 143
119 155
7 130
219 155
59 204
99 0
215 168
4 225
79 121
150 22
87 112
25 176
47 44
127 65
119 97
140 188
132 91
3 57
204 53
156 23
169 12
94 88
90 211
65 168
180 160
163 221
194 126
146 161
63 151
119 0
169 210
75 58
169 223
11 177
105 106
120 203
222 41
165 36
113 202
223 75
122 139
192 51
140 223
209 208
77 111
136 213
65 13
168 199
33 106
6 163
157 110
149 175
123 66
53 108
180 181
98 80
33 43
94 111
97 199
168 53
63 47
182 62
10 162
79 145
67 133
98 210
207 106
186 95
95 140
94 82
91 194
17 175
143 147
59 226
86 23
120 205
33 26
207 69
157 0
23 113
15 113
207 217
168 132
3 156
65 106
110 71
85 159
218 203
15 46
110 135
172 89
36 117
97 132
52 120
53 224
141 29
26 94
64 207
195 147
1 101
69 81
219 90
209 102
58 146
97 19
166 179
194 191
206 36
171 29
134 226
121 86
79 197
57 186
193 184
50 58
10 141
91 204
77 19
89 11
136 121
56 73
161 187
10 86
28 68
171 16
75 224
143 56
211 137
133 32
202 37
8 111
225 93
190 96
102 81
161 226
210 45
220 73
148 72
204 111
16 167
192 68
103 114
41 175
117 198
20 14
38 146
21 106
145 129
43 73
59 52
13 5
222 76
66 26
103 17
119 198
196 155
218 82
47 210
92 123
29 87
153 37
226 3
39 54
107 204
135 17
95 61
132 184
104 213
219 201
186 122
211 183
9 25
106 173
228 107
188 96
40 52
42 181
70 159
190 149
73 4
126 144
226 72
194 91
64 82
147 68
59 95
98 128
10 158
169 146
123 219
89 172
27 96
134 151
105 3
142 19
40 78
115 185
130 130
82 92
77 215
199 150
15 59
191 153
212 50
173 31
117 97
202 140
47 195
39 207
184 141
214 139
143 49
12 62
55 15
138 172
206 100
84 212
77 71
36 180
43 164
204 57
35 186
120 80
68 203
90 150
89 107
10 185
222 62
117 94
51 98
218 185
115 210
202 162
51 75
122 98
43 228
58 193
71 157
215 26
2 14
26 216
60 218
1 83
225 79
12 205
197 41
29 65
93 147
184 40
110 44
131 127
67 17
13 60
55 131
87 126
79 79
2 62
65 69
30 5
209 217
151 39
64 153
89 88
7 96
19 221
113 112
172 160
23 60
138 211
68 192
19 219
82 25
212 93
198 142
26 67
47 121
133 17
140 99
178 85
64 38
61 33
46 167
21 59
177 24
183 69
199 66
207 59
16 189
189 21
152 159
69 35
132 53
119 152
27 6
117 201
141 153
157 53
123 128
87 156
126 146
214 84
129 221
72 186
58 18
71 101
103 49
104 97
120 95
77 72
142 89
50 212
21 25
208 100
149 206
143 29
70 215
124 75
190 184
20 74
208 35
35 87
62 12
39 68
221 63
149 26
189 32
209 79
101 71
204 179
5 59
158 175
204 30
164 141
16 96
5 127
138 76
164 151
52 21
214 224
27 78
34 50
96 98
193 143
38 134
55 57
0 227
132 46
110 116
110 23
135 112
141 59
206 110
109 175
96 13
209 59
187 50
3 182
35 54
10 116
17 138
209 65
15 34
33 190
174 80
93 165
22 114
98 117
124 99
3 168
165 55
138 78
112 67
104 187
205 154
142 222
183 75
162 87
118 125
81 18
200 76
91 223
117 179
107 151
162 137
24 22
153 68
212 171
138 40
131 210
181 175
225 64
23 127
181 215
227 11
111 165
49 157
97 5
219 56
105 67
70 134
139 24
33 185
43 63
196 16
159 113
107 217
111 146
214 145
217 37
125 77
221 126
50 124
117 7
98 188
30 75
24 47
60 64
120 109
203 166
154 138
183 192
46 132
11 45
188 107
225 218
106 124
197 202
111 4
161 220
31 155
169 48
148 148
121 197
197 27
28 204
27 121
72 0
133 195
31 99
178 202
46 3
178 225
26 175
137 111
73 171
120 195
97 76
28 54
215 200
184 10
180 226
34 143
221 130
59 191
185 161
59 176
69 20
68 6
7 193
96 208
119 180
228 40
128 54
186 54
56 83
213 18
24 103
49 164
185 124
100 163
203 6
162 185
32 105
154 147
199 45
137 143
217 183
165 195
99 202
32 13
29 190
127 191
163 94
86 147
168 79
121 30
206 193
134 184
218 171
50 8
157 55
128 225
83 112
97 220
106 112
152 200
27 92
1 168
67 43
146 190
76 132
33 222
101 92
116 140
208 96
99 6
224 199
4 67
163 202
110 91
76 201
210 28
24 215
9 91
174 152
159 159
124 109
49 70
224 223
116 104
38 171
29 26
186 223
147 107
125 149
225 62
18 74
201 133
101 48
0 187
202 99
7 205
168 38
124 216
94 180
131 215
55 7
122 124
211 207
221 153
135 85
222 25
215 154
128 172
187 128
4 139
136 19
36 34
167 110
146 142
160 188
195 157
77 3
65 6
34 126
21 33
22 26
108 12
194 74
133 115
185 169
61 3
14 171
106 54
110 219
114 83
162 92
140 57
215 24
133 34
197 63
216 172
9 79
150 183
19 102
111 220
154 67
16 35
165 22
123 8
208 104
15 171
105 193
165 95
82 173
35 77
140 184
91 116
118 96
179 60
8 43
99 204
166 152
46 173
124 49
87 198
160 7
7 191
105 160
143 167
51 195
45 4
64 59
157 84
135 206
26 123
110 167
99 198
168 98
16 16
44 30
76 8
109 149
84 162
162 15
47 226
213 121
60 120
25 218
212 27
175 14
147 83
223 1
216 91
14 15
105 183
223 100
157 201
27 213
186 37
153 212
91 151
171 189
184 26
176 133
219 174
25 101
152 79
9 195
175 22
56 208
117 39
10 118
158 163
184 154
79 182
161 97
172 100
5 208
142 57
24 163
209 132
124 187
44 40
149 38
67 146
212 1
152 41
119 43
202 85
31 57
195 184
192 118
13 216
73 66
32 140
132 172
113 179
142 22
158 151
159 219
145 213
48 127
174 55
20 26
186 212
222 97
105 146
26 30
109 151
9 7
1 174
39 112
181 22
98 60
104 95
64 101
63 107
41 7
68 97
117 228
194 159
84 63
217 212
175 175
66 220
14 128
108 135
54 154
122 221
112 72
60 111
134 134
28 76
20 167
196 90
225 97
49 117
67 226
65 151
100 121
40 32
138 43
47 114
200 123
26 19
159 226
174 40
54 21
112 102
194 201
105 60
87 165
192 90
54 74
46 139
35 115
0 33
61 148
217 167
72 134
19 20
217 161
192 35
52 81
44 224
24 174
217 202
222 175
124 189
26 103
213 51
61 107
40 180
219 150
95 24
165 109
94 159
29 163
219 163
112 170
48 4
173 1
145 50
86 172
54 152
152 226
102 158
154 163
20 151
129 165
188 133
182 152
85 112
108 58
181 59
222 124
173 45
83 216
123 180
130 184
161 179
65 164
163 28
214 99
150 52
192 171
195 24
197 73
36 23
156 219
115 0
62 16
81 68
86 120
152 219
15 3
12 24
37 94
119 129
78 101
73 36
31 81
203 193
33 151
112 200
134 193
161 158
79 150
180 115
0 199
218 146
124 226
63 128
104 144
35 207
141 92
134 198
93 199
3 48
177 40
72 22
106 224
11 166
29 56
145 127
110 143
193 53
24 155
186 197
224 147
66 212
47 169
181 162
192 181
184 101
147 171
163 96
179 147
60 216
119 31
139 216
42 57
135 152
117 130
89 95
135 30
181 24
0 28
7 1
133 186
149 212
216 140
66 155
118 73
121 66
149 112
194 207
143 78
216 87
154 48
70 115
127 90
103 133
103 130
197 169
166 206
42 52
37 123
48 125
136 215
8 122
206 219
18 199
170 14
116 26
179 156
83 37
29 39
29 60
171 204
181 52
192 218
166 200
157 213
53 6
9 217
221 39
37 17
67 79
222 223
164 57
225 19
91 104
0 8
30 59
30 10
66 59
195 53
191 148
97 11
176 191
6 84
34 95
103 24
179 184
137 17
4 73
47 23
135 202
11 64
53 54
221 149
9 104
170 199
114 85
135 60
16 102
191 21
131 29
201 36
219 215
26 156
203 202
157 71
31 196
27 101
107 185
105 179
20 227
141 4
179 138
193 36
114 121
72 167
181 171
93 90
22 93
78 137
67 69
208 98
57 188
158 21
148 70
38 157
213 128
61 167
64 135
144 35
191 46
109 76
182 86
24 20
223 218
216 138
224 50
8 174
102 98
58 212
172 213
41 54
96 81
24 36
190 119
209 87
64 49
216 142
75 40
66 209
123 217
171 31
111 156
110 103
118 33
148 34
175 195
44 45
59 39
112 115
45 60
147 32
222 152
181 138
37 15
34 218
210 162
45 157
48 155
43 176
186 109
127 94
27 132
175 6
176 173
27 25
104 161
47 15
76 34
124 118
219 170
161 222
65 131
87 83
177 11
133 218
41 228
209 73
41 104
85 25
186 160
92 34
85 125
205 125
41 119
222 154
15 138
153 193
54 121
225 164
176 165
167 213
178 173
228 155
138 127
96 102
56 130
208 71
60 145
85 178
157 13
67 170
73 153
136 38
7 195
168 217
226 125
222 43
149 3
118 21
138 141
172 201
87 66
219 209
149 153
59 89
194 228
171 51
54 160
37 207
44 32
14 120
18 205
187 195
186 153
12 37
29 96
89 69
213 174
225 1
118 116
78 9
32 125
186 187
33 41
123 123
168 140
172 56
90 40
78 224
73 39
11 148
22 54
74 195
184 96
184 176
14 201
203 206
227 84
24 0
7 178
85 227
140 116
213 36
223 65
51 214
42 190
75 153
201 189
172 64
17 20
37 169
213 103
201 47
47 5
17 88
66 109
157 45
164 171
108 42
212 12
204 158
71 8
145 206
204 191
220 187
19 211
207 108
34 28
59 133
5 146
5 46
180 108
50 82
17 177
219 148
44 125
69 199
154 161
45 2
81 121
144 198
114 53
152 129
216 95
83 83
191 217
117 156
156 80
176 102
195 199
217 111
147 189
224 110
196 12
21 195
94 216
174 140
6 174
162 141
204 149
113 65
96 75
158 136
134 180
106 44
194 2
43 99
69 122
82 215
104 124
157 107
199 42
15 142
211 20
196 74
44 58
203 87
22 133
203 210
85 95
54 103
167 204
47 21
117 138
158 63
159 61
183 125
173 13
197 153
205 87
142 164
134 7
222 78
169 76
172 62
188 220
156 109
213 3
219 98
18 227
55 139
87 174
156 150
18 22
79 163
179 3
9 45
64 160
196 83
180 199
161 122
89 53
74 116
20 133
73 41
222 105
170 21
71 206
142 119
69 33
211 6
159 110
19 161
185 189
31 190
115 201
5 210
1 106
119 57
21 40
18 85
20 9
132 165
91 36
147 192
207 66
160 103
218 54
130 226
80 9
41 113
124 91
151 94
133 152
37 59
64 103
146 119
218 100
58 10
89 141
210 42
1 99
151 115
85 59
161 3
79 177
75 103
98 103
111 61
226 91
204 126
96 181
187 8
135 126
147 56
214 68
213 153
1 20
176 193
101 130
217 209
132 114
103 3
46 46
112 8
160 101
115 133
195 119
124 35
61 119
170 90
216 84
176 179
68 135
214 170
193 107
207 78
68 219
128 49
106 188
17 37
80 213
113 157
219 161
200 194
128 146
150 80
132 77
44 106
158 51
162 212
85 29
55 158
91 24
131 5
120 222
101 28
47 185
106 87
223 38
148 14
110 158
107 68
93 184
171 56
65 205
157 165
105 114
207 21
206 29
214 55
111 65
189 209
122 22
5 1
174 60
44 220
53 97
64 188
134 11
211 133
197 113
6 61
115 212
202 212
0 216
143 5
162 214
201 201
52 203
117 147
138 116
56 140
157 79
62 18
202 101
129 193
215 131
10 77
145 32
128 212
143 220
177 64
148 64
55 5
