48 167
194 83
31 139
197 188
141 87
126 175
106 151
1 39
78 134
186 209
42 227
142 200
39 199
156 205
159 21
90 38
8 70
64 108
58 210
6 69
57 214
129 123
174 124
180 200
179 27
224 104
165 148
108 43
16 206
90 78
31 131
60 84
22 102
6 27
111 194
125 98
203 186
196 224
6 165
118 132
87 3
128 215
107 187
124 137
80 154
154 167
147 3
34 66
172 205
62 27
105 167
223 182
157 97
72 227
6 203
26 161
144 22
9 109
125 133
80 135
82 186
126 49
199 144
153 204
75 1
113 29
188 189
70 207
224 166
95 195
145 95
132 212
57 159
200 6
159 72
111 184
221 187
53 75
134 83
10 160
96 94
133 28
152 77
83 205
180 192
69 147
27 59
124 182
220 64
122 24
190 107
159 109
134 107
16 204
167 166
130 147
58 39
195 212
14 97
166 124
13 84
11 55
132 105
59 41
194 81
109 160
183 16
144 149
11 88
168 108
175 98
211 4
55 66
174 195
60 10
132 64
110 211
222 117
225 74
65 79
226 191
52 40
50 74
92 153
31 163
46 208
216 100
169 133
112 47
86 31
191 31
172 207
38 82
94 182
149 40
176 152
26 8
52 74
181 137
153 146
140 163
205 67
191 99
149 170
215 36
182 160
79 168
43 180
206 186
162 169
189 165
127 158
156 185
129 35
133 174
146 178
206 123
226 123
70 73
135 156
81 9
27 183
66 125
13 191
123 97
175 38
73 144
146 36
127 139
193 129
69 8
54 191
73 60
62 92
27 163
154 153
155 224
35 223
176 189
161 156
202 178
130 114
89 209
40 15
176 47
150 78
126 200
151 32
206 165
121 199
135 120
187 48
223 168
159 77
14 173
205 59
30 33
92 79
37 21
121 179
87 168
193 148
108 82
158 211
208 204
15 84
128 205
33 104
52 103
78 212
21 212
57 84
110 224
215 224
98 186
162 58
182 108
35 192
12 185
8 116
72 47
17 119
109 93
141 120
67 135
158 188
1 94
140 83
167 178
43 16
109 57
78 193
178 36
107 55
179 53
202 13
159 83
95 120
51 53
104 199
72 55
8 77
125 214
16 123
79 108
127 55
184 211
48 85
170 33
133 176
88 72
18 184
84 51
68 131
50 128
215 86
63 164
143 137
0 202
163 22
58 101
95 57
113 126
129 210
157 142
181 64
194 210
183 106
21 45
141 142
95 161
68 201
208 54
61 53
28 120
58 181
159 48
7 227
10 70
85 37
115 171
122 37
61 79
166 71
28 180
130 24
71 16
163 186
161 78
169 201
84 129
140 125
67 180
22 135
38 210
75 97
38 84
117 26
194 218
30 159
161 45
173 79
172 12
155 213
207 191
7 172
150 165
89 199
215 38
187 6
156 160
181 129
16 48
214 62
182 27
171 122
138 99
69 209
122 50
222 141
188 67
189 57
179 129
117 38
32 221
127 156
104 141
10 53
187 126
88 158
31 176
218 12
67 62
44 93
172 18
5 224
84 214
44 175
139 114
153 199
206 94
12 79
67 199
18 159
184 190
26 153
115 24
45 181
126 118
61 176
216 39
207 33
121 128
51 197
211 135
171 65
142 151
32 189
151 154
140 17
8 8
99 42
29 85
42 98
109 29
91 142
196 96
103 192
226 204
226 136
192 29
78 86
141 183
32 44
171 132
224 225
119 210
203 121
91 114
153 225
30 20
96 46
196 200
206 163
202 217
48 16
129 213
47 212
8 105
19 147
170 88
7 21
218 72
125 138
226 84
158 200
66 15
94 222
143 4
128 37
48 178
6 198
71 95
52 216
111 217
120 45
177 15
145 24
3 118
132 42
187 135
172 21
208 157
191 225
76 116
28 123
42 166
147 205
35 64
222 20
139 105
174 117
75 80
130 71
140 134
75 120
222 177
37 131
101 55
60 195
181 19
29 16
199 89
78 160
191 121
225 195
176 62
156 211
133 113
47 69
137 161
182 147
22 159
24 133
6 122
76 192
139 132
221 80
111 22
147 12
19 18
75 222
109 217
63 143
193 44
207 71
19 33
97 139
183 90
82 150
173 154
100 124
143 8
48 72
95 198
214 194
123 107
75 36
86 47
43 24
7 94
155 217
11 194
74 205
225 31
33 132
80 191
189 154
40 165
27 218
181 150
163 191
85 110
71 184
180 202
97 0
41 50
72 107
104 54
181 208
35 30
82 55
151 198
41 59
30 132
60 114
174 182
35 184
0 141
3 87
30 112
81 46
178 155
224 162
124 25
96 122
226 134
49 215
130 171
16 173
61 220
24 227
90 205
4 85
47 158
130 19
47 7
195 26
169 163
20 157
117 12
115 14
214 172
159 42
196 171
21 169
105 104
84 61
20 115
180 127
190 98
167 128
125 183
62 146
161 66
211 224
211 119
26 85
150 189
131 44
78 33
38 95
102 218
159 26
53 133
57 132
217 98
53 4
82 74
111 14
60 198
65 222
146 96
29 101
74 31
198 172
130 191
173 15
145 146
224 99
102 172
174 82
15 73
162 46
227 33
22 226
172 125
92 149
49 26
150 50
187 89
178 90
123 84
107 125
119 138
145 106
13 73
74 91
183 139
20 141
63 84
38 16
19 29
155 107
140 185
69 215
9 163
204 218
51 107
90 7
188 210
181 84
18 28
77 180
117 128
16 100
17 79
201 20
119 23
168 57
227 185
142 111
28 49
17 112
19 174
180 210
87 120
25 202
177 187
171 110
184 82
165 65
0 53
102 39
156 137
194 51
193 99
49 10
127 26
157 112
2 19
182 227
144 212
127 152
148 177
213 140
187 138
117 215
3 21
131 198
195 134
23 217
197 89
199 61
13 224
224 141
103 115
136 3
124 48
150 15
25 108
59 206
218 68
201 18
185 79
192 106
126 28
161 90
6 36
36 210
223 31
205 75
221 32
102 143
185 222
8 41
193 193
109 193
12 1
166 76
52 106
91 119
30 83
96 17
202 176
43 3
110 7
71 190
59 214
105 64
214 124
57 168
99 152
193 175
112 211
140 221
70 186
5 38
64 162
25 91
70 200
210 72
27 109
215 4
202 44
67 60
150 142
10 98
114 55
23 206
154 136
124 33
212 8
202 77
206 152
13 178
228 172
189 80
185 12
161 13
106 180
226 116
34 139
25 18
215 192
224 176
104 181
53 91
7 25
168 174
160 150
98 81
174 71
36 134
150 218
15 120
167 154
196 182
149 187
81 117
117 14
180 228
119 157
103 220
211 35
138 38
203 177
158 47
211 80
179 44
59 0
195 190
159 44
11 9
221 88
39 222
183 175
205 187
5 82
126 202
197 194
216 212
141 79
111 101
184 53
151 92
51 152
165 69
145 181
59 158
84 151
101 132
86 151
214 209
200 164
63 78
73 43
59 117
62 64
96 10
146 99
199 206
60 19
169 190
52 115
195 47
81 177
102 32
80 7
100 41
84 85
74 188
11 73
106 5
209 154
36 2
190 211
56 29
130 179
224 220
102 73
3 1
91 100
152 176
189 65
204 94
150 130
52 183
52 66
104 32
135 204
169 142
137 139
182 70
150 128
219 78
1 198
107 122
186 139
51 80
122 188
42 216
211 219
74 44
79 23
2 215
62 222
127 111
29 147
203 151
120 93
26 49
201 0
204 212
32 52
192 66
185 155
181 183
86 158
67 210
54 17
216 55
207 153
23 108
91 18
23 173
114 219
201 108
112 78
16 108
224 92
70 82
24 81
31 75
200 34
49 81
26 70
143 47
2 91
187 22
159 3
94 59
25 32
7 151
170 19
224 206
123 157
131 46
79 143
109 141
179 91
40 182
108 106
67 90
110 33
77 178
5 162
79 72
190 181
173 174
204 148
71 53
73 174
101 145
187 13
114 153
182 18
99 64
129 197
53 25
167 208
115 32
96 39
61 196
119 13
16 86
63 32
224 78
146 201
35 174
179 96
98 163
223 161
194 105
145 110
77 22
13 138
64 86
53 127
105 201
228 126
98 154
33 187
80 175
177 101
3 27
211 146
123 101
136 5
117 66
13 212
160 5
51 4
40 156
1 145
143 226
4 180
193 197
69 157
77 168
8 165
103 30
198 12
83 177
217 4
164 23
21 186
108 84
215 114
147 186
122 119
104 79
193 113
96 179
174 88
213 57
196 10
30 102
155 146
153 46
28 188
117 191
195 89
143 70
128 71
181 16
142 224
84 35
215 18
67 8
75 213
109 180
131 112
34 109
185 0
145 4
53 23
137 1
161 194
91 192
225 212
174 103
134 228
163 140
60 222
115 179
197 223
89 28
79 53
32 127
100 73
189 7
88 90
225 10
28 111
125 147
82 212
16 21
35 58
152 165
61 191
91 207
173 185
2 85
210 54
224 180
194 216
204 5
182 53
141 206
21 131
220 72
144 93
215 98
2 49
119 146
156 11
61 62
61 170
151 17
116 56
126 41
150 202
223 136
108 129
185 174
166 172
18 188
83 81
194 220
152 144
95 29
119 194
163 9
6 139
219 211
168 75
222 199
161 129
166 107
151 56
202 137
58 187
15 150
82 90
12 22
38 201
70 75
154 126
27 53
164 30
80 100
185 94
206 5
5 123
212 117
186 131
22 112
22 11
35 60
67 45
106 196
151 204
20 66
154 121
40 133
179 220
44 226
134 154
211 78
66 123
76 205
94 146
194 17
72 74
36 197
162 37
108 91
45 203
115 141
227 213
163 228
195 30
152 57
217 154
31 42
39 30
87 170
29 177
51 150
150 191
183 43
83 126
60 17
14 206
108 41
212 187
226 127
77 145
220 24
143 31
114 6
223 131
28 7
140 151
208 85
64 72
26 96
39 39
172 81
55 172
116 217
7 225
42 46
191 167
32 219
150 54
110 12
95 52
65 36
48 213
209 56
208 219
32 135
145 56
0 81
50 219
208 117
133 98
36 6
116 219
32 142
53 19
184 114
108 133
184 18
21 85
160 201
59 172
80 95
40 81
6 125
43 112
159 56
139 153
218 207
13 152
46 126
128 144
153 109
16 52
180 158
95 23
99 196
148 84
4 137
3 214
121 146
46 83
7 23
101 16
0 116
3 66
50 176
194 13
14 108
141 114
57 72
64 90
125 7
33 114
21 91
137 41
77 183
200 63
70 169
148 90
148 11
98 18
37 223
123 198
171 1
165 214
222 13
219 167
169 110
123 163
70 55
134 36
9 185
90 101
170 140
58 115
169 203
10 26
183 116
40 152
129 127
71 145
159 224
158 149
94 33
136 52
92 17
52 83
33 108
217 107
206 34
109 185
124 139
89 157
15 190
96 160
5 190
190 23
122 117
61 120
38 28
18 140
41 87
129 18
22 174
204 29
173 183
80 167
176 104
93 195
208 13
15 79
123 186
144 33
39 74
211 166
25 45
185 137
38 22
205 46
180 79
198 76
136 123
75 143
31 11
168 224
166 66
93 44
21 150
51 90
112 44
203 175
117 134
192 202
182 210
168 164
119 203
104 224
213 25
115 65
137 205
74 99
9 9
207 119
228 162
137 211
104 28
138 57
192 159
61 228
225 132
139 158
100 207
54 206
69 202
127 142
73 218
128 56
144 160
90 23
14 22
80 194
213 14
135 196
174 5
142 45
133 12
108 87
46 206
173 36
197 30
3 152
227 31
166 40
51 26
169 43
209 228
187 73
227 65
149 121
224 112
55 224
114 212
124 126
76 203
121 122
198 91
11 133
178 126
72 152
102 95
9 95
129 139
68 27
5 80
65 133
76 220
210 20
144 201
185 56
118 227
19 3
88 105
131 80
200 116
115 159
130 42
122 67
67 4
1 154
56 116
45 114
207 167
218 133
14 136
202 103
51 51
28 39
177 38
82 193
204 123
221 18
83 124
208 83
152 81
170 108
132 63
200 177
2 143
39 114
44 78
29 58
112 85
221 55
46 109
112 223
214 92
42 5
201 135
8 157
96 118
189 6
88 30
145 186
47 98
216 2
80 54
99 147
116 200
144 119
106 171
225 114
107 199
90 152
85 145
112 113
181 106
17 84
201 211
133 61
171 45
77 99
12 26
219 58
95 123
77 39
216 156
197 198
77 52
22 38
36 126
114 90
217 175
203 142
136 69
108 65
5 194
63 61
13 149
206 111
85 49
186 41
9 36
111 179
212 102
163 226
34 169
78 214
2 33
40 121
217 13
169 62
214 202
201 143
215 104
38 7
91 61
175 33
223 102
127 51
95 48
82 136
211 44
50 65
100 187
92 163
37 208
35 42
161 208
51 101
40 150
225 210
98 108
83 3
112 159
58 147
56 121
209 44
203 40
162 104
25 114
213 147
205 205
74 173
182 89
73 190
105 194
96 112
158 91
129 150
18 167
69 96
83 53
4 49
206 32
17 202
218 121
54 162
7 103
68 29
186 24
185 204
193 157
15 115
169 23
225 48
143 43
176 177
38 158
78 162
222 50
228 51
7 161
188 87
135 71
66 96
88 24
15 126
28 62
82 119
80 169
151 220
174 166
47 156
181 3
35 50
7 110
56 194
179 216
1 1
194 136
103 65
78 106
132 132
126 86
107 206
95 128
28 37
2 41
35 171
109 80
96 158
143 61
223 10
173 200
227 217
22 180
228 22
201 145
197 61
156 144
40 99
157 203
94 227
157 73
103 145
150 0
139 142
14 63
46 99
122 216
188 151
210 195
125 125
5 205
171 184
153 31
40 42
49 227
164 20
208 200
202 42
211 216
148 129
48 89
109 14
15 17
79 158
5 151
53 149
207 207
217 200
210 220
26 51
114 128
55 128
84 82
59 196
58 128
220 213
45 227
114 166
167 55
119 67
112 63
132 177
102 34
81 157
104 52
39 154
207 180
113 108
65 170
165 32
167 51
131 185
206 60
93 120
1 22
50 35
130 160
137 101
118 79
64 226
222 227
54 97
132 216
212 208
63 176
149 92
180 131
38 107
152 21
7 16
126 34
59 169
74 56
44 166
166 57
175 31
42 133
127 91
186 35
17 193
15 13
81 216
144 162
96 227
26 23
93 161
88 134
91 93
138 214
112 24
227 142
117 170
113 71
141 14
66 86
60 106
185 6
62 109
11 142
3 79
122 56
18 194
50 109
91 144
64 26
97 34
10 227
222 148
103 7
109 145
35 105
167 36
51 49
120 78
98 112
170 144
97 100
111 76
59 167
36 28
124 41
164 182
78 112
117 19
188 163
55 202
126 225
166 112
29 3
209 137
34 52
167 210
159 13
68 138
42 32
221 103
141 6
114 30
20 86
101 69
101 30
157 7
35 19
53 151
2 183
18 142
180 46
81 111
4 145
214 53
30 209
196 75
163 69
33 225
53 51
87 43
159 177
42 94
206 156
51 226
6 176
151 224
141 21
137 74
207 145
174 208
21 67
14 92
143 59
101 108
10 175
20 188
143 66
94 93
76 161
22 228
0 10
21 136
68 124
108 143
31 27
39 169
158 222
214 2
108 78
108 123
225 66
223 52
224 73
189 55
168 100
50 28
4 212
36 71
52 47
114 189
94 122
20 31
181 66
32 98
48 119
201 205
189 13
194 97
128 174
42 192
211 0
112 38
59 75
63 149
146 144
175 193
37 221
223 35
205 224
26 197
130 4
81 26
51 179
220 145
187 39
184 183
167 133
112 42
200 71
111 35
216 177
54 83
142 140
209 68
86 129
104 21
195 143
129 98
82 12
3 38
190 29
9 220
71 217
17 60
168 20
124 194
28 51
156 121
17 102
113 106
59 29
1 200
37 19
156 24
54 204
218 91
10 43
169 29
191 50
38 132
189 147
221 129
209 47
167 46
88 7
151 222
101 215
117 186
225 184
93 125
181 44
144 177
87 45
216 69
198 44
79 139
137 119
62 101
143 74
72 65
145 209
111 161
152 117
121 158
24 86
183 184
39 160
122 109
86 185
66 201
162 102
60 21
26 204
171 34
90 89
143 158
160 81
41 204
132 141
83 149
52 189
14 95
222 225
34 162
177 45
117 146
25 220
57 173
20 54
143 135
44 212
81 159
90 76
18 134
86 33
105 56
10 197
61 183
201 60
122 62
65 210
58 179
146 132
112 152
89 136
205 185
150 90
26 120
96 218
156 49
186 141
74 133
168 188
62 20
5 196
195 149
57 41
105 2
54 119
3 227
170 188
17 65
192 132
22 199
30 141
187 65
154 80
94 153
123 58
43 104
144 71
50 60
15 45
24 192
200 43
186 103
117 115
105 186
30 178
66 192
160 176
92 54
109 183
34 150
77 17
97 110
165 110
124 6
37 89
70 28
92 186
163 35
36 217
55 72
18 192
36 144
218 156
25 173
87 225
56 31
37 192
106 98
217 134
4 62
149 63
158 202
182 45
48 83
228 154
148 46
136 22
46 191
79 39
97 64
165 87
43 7
115 12
170 101
206 127
120 42
0 43
5 26
3 107
188 105
197 109
181 110
85 135
110 31
166 38
99 4
198 170
180 1
168 212
27 90
144 126
93 166
133 135
197 177
157 25
58 185
123 39
214 47
108 131
142 63
127 85
193 47
159 122
153 119
170 53
164 201
135 200
33 4
62 59
92 19
115 187
216 185
167 119
129 30
41 125
131 143
139 94
222 146
200 103
4 89
155 204
30 36
103 214
171 217
190 59
99 110
136 217
0 15
100 38
39 41
34 116
66 107
180 62
138 124
85 225
111 173
25 7
200 217
152 121
127 73
209 226
94 173
15 211
156 5
69 217
154 144
100 172
19 149
131 175
13 189
149 4
6 156
80 91
114 37
225 193
194 171
80 32
35 199
192 216
47 202
201 209
148 190
88 107
216 188
45 47
67 41
73 30
82 48
131 131
183 28
82 207
193 226
62 185
41 85
156 32
143 72
159 94
166 85
155 152
88 5
147 221
110 16
172 228
87 149
145 133
118 57
21 12
129 112
141 132
37 72
3 154
204 8
227 178
39 135
18 35
72 179
49 122
103 177
185 143
23 46
56 101
151 19
216 61
117 160
192 205
159 19
62 194
55 91
112 167
178 181
77 79
192 95
14 43
198 161
43 174
170 74
207 184
192 183
6 2
107 69
210 76
156 127
4 83
227 132
2 56
216 28
116 208
73 20
195 107
93 127
15 202
110 20
122 29
178 153
47 193
195 36
130 79
152 90
8 176
92 165
28 165
47 149
204 42
110 25
147 199
214 218
96 177
112 20
124 220
103 15
192 120
110 114
118 177
59 224
130 177
170 228
43 218
12 42
177 175
167 77
190 163
222 111
204 77
162 189
155 192
46 171
34 210
40 106
71 10
1 51
192 139
216 194
224 115
95 0
220 40
54 65
216 93
42 69
144 215
165 50
6 149
168 102
140 200
15 152
40 84
151 23
195 98
218 70
216 196
181 148
158 228
161 160
69 221
227 174
106 40
99 10
23 59
184 203
209 22
89 9
156 71
115 38
80 218
32 91
16 183
72 114
141 135
198 189
41 67
26 47
173 69
126 195
199 125
103 93
68 37
100 87
7 45
64 8
107 2
30 76
141 61
39 21
66 91
165 150
192 71
169 27
80 133
9 133
18 108
48 138
202 160
227 94
18 49
95 216
88 210
172 216
160 154
158 32
138 199
167 150
221 37
224 137
187 55
222 92
194 155
12 28
161 165
139 98
138 19
99 145
227 115
101 193
68 75
198 221
54 141
141 103
37 8
140 176
112 99
83 135
42 118
3 45
38 14
204 101
158 132
31 226
114 208
180 37
123 79
40 145
19 16
86 187
96 32
173 218
54 47
9 177
73 2
190 123
201 203
178 108
195 226
183 177
71 61
152 211
29 14
48 115
131 17
27 202
187 79
18 182
128 163
103 169
228 128
213 96
146 14
139 86
169 161
52 129
31 157
72 204
104 210
185 195
195 84
183 162
125 107
167 223
17 133
122 60
199 108
197 151
95 77
224 2
200 110
130 141
213 113
143 110
136 106
33 134
193 199
38 217
20 159
191 48
205 167
40 201
202 117
203 61
86 196
123 23
134 77
58 140
96 172
43 61
98 40
220 189
19 59
15 111
122 92
80 138
46 138
134 62
57 171
211 104
8 98
119 59
92 179
212 76
63 158
157 9
6 146
1 16
134 8
4 112
73 151
148 120
145 43
19 130
27 173
167 87
68 113
218 63
11 167
46 124
148 131
34 216
216 183
9 171
173 147
164 18
142 93
195 1
223 40
215 190
194 182
160 152
203 54
101 50
190 219
121 49
24 158
81 82
49 196
162 167
94 69
142 50
4 16
159 46
45 80
210 205
56 45
211 74
76 66
170 197
179 84
130 125
130 145
66 153
163 215
162 144
99 103
66 39
101 174
121 154
168 130
118 1
63 50
211 153
116 85
43 184
75 3
41 141
13 56
16 226
119 222
33 168
41 40
84 5
86 164
184 151
165 67
102 160
48 68
4 81
117 158
203 138
182 114
105 58
176 171
142 82
44 55
172 153
83 128
153 142
95 79
222 73
223 80
190 34
178 214
37 34
164 34
120 76
127 60
124 165
183 64
187 71
72 124
141 105
32 138
26 168
63 119
132 187
142 162
181 68
188 197
5 15
119 111
26 228
178 28
58 73
125 191
208 12
159 96
127 120
134 89
91 43
30 148
72 76
12 8
202 165
122 9
108 25
58 31
219 107
89 174
77 222
163 7
63 52
66 178
194 132
12 98
193 208
90 216
149 56
186 11
108 120
163 159
40 159
152 66
84 1
92 218
162 183
93 0
131 54
117 24
162 216
71 174
152 35
33 208
136 125
13 94
117 224
103 135
212 92
8 197
121 167
73 130
202 228
176 223
75 60
10 2
162 1
81 148
34 97
18 26
120 169
2 202
79 81
77 121
72 116
168 180
17 110
79 70
183 112
19 206
137 105
6 132
86 221
132 89
108 45
60 102
223 221
109 204
142 2
57 134
14 154
118 200
196 118
129 73
175 16
85 140
81 56
43 203
53 95
210 170
118 113
144 58
124 116
213 149
92 52
227 49
44 132
9 34
5 164
205 7
227 81
211 163
223 33
73 86
144 151
192 108
174 62
30 189
23 161
24 197
14 140
217 187
57 8
42 100
117 211
91 173
128 58
92 83
208 102
155 105
102 170
59 43
103 26
10 94
217 218
208 46
50 56
132 16
150 184
57 91
25 2
125 85
158 59
49 194
191 113
227 187
37 63
220 86
79 179
140 140
95 126
45 205
108 182
6 134
103 216
50 178
220 49
133 197
5 17
176 49
54 129
175 134
49 20
32 77
35 130
146 89
213 78
187 63
59 219
56 34
50 84
24 152
127 62
94 136
165 8
44 18
58 121
160 120
173 113
143 120
30 120
88 64
129 129
201 22
117 87
125 39
2 217
196 51
80 187
8 132
79 227
133 120
36 124
6 211
68 118
36 194
56 114
160 124
84 183
90 213
90 104
16 140
39 205
193 211
138 0
76 86
102 124
175 45
134 215
72 170
70 191
135 194
64 16
6 112
169 184
52 141
98 138
130 187
133 167
194 121
203 59
104 139
5 110
206 182
220 147
97 23
61 51
101 142
141 192
87 59
5 178
45 225
85 67
159 174
164 39
161 105
20 134
98 87
99 55
122 170
73 139
125 17
158 81
95 137
35 208
174 172
157 226
166 131
118 118
189 47
209 130
191 13
12 182
74 62
39 186
172 83
124 16
109 178
74 118
177 76
65 51
46 19
66 37
76 101
31 18
71 143
14 122
73 101
26 226
100 53
25 213
40 123
185 220
74 220
9 218
111 125
190 202
207 131
50 116
45 41
28 216
1 172
67 33
227 53
73 88
173 162
207 155
98 35
104 159
26 206
205 217
48 22
91 184
38 76
97 156
66 137
152 15
12 159
20 143
64 157
110 169
64 137
81 205
11 212
219 119
205 176
182 167
79 195
38 180
45 62
7 18
84 24
57 43
222 219
89 42
60 204
131 167
112 90
23 9
83 175
129 199
203 159
123 69
70 213
119 107
158 134
6 209
57 157
220 178
50 158
93 134
158 69
219 88
178 94
37 78
142 149
64 70
220 77
177 54
125 105
114 79
83 77
74 203
181 80
143 214
38 144
40 94
50 54
89 214
23 194
76 32
7 123
180 89
170 99
187 180
156 125
121 44
156 215
221 65
184 167
14 147
22 23
140 170
226 162
52 55
111 141
14 118
47 33
122 226
180 140
87 88
28 161
191 65
135 161
161 8
176 181
194 11
42 18
48 109
2 43
157 3
173 38
33 164
28 66
81 80
204 165
4 56
76 194
99 191
222 24
167 5
189 216
154 182
70 81
153 115
145 153
62 216
120 15
22 83
113 100
91 188
135 21
208 115
146 167
168 107
49 221
27 118
89 17
86 65
149 24
29 118
202 8
87 95
44 210
94 80
29 140
179 186
41 147
138 188
59 68
219 131
107 65
144 88
67 47
16 11
72 14
10 131
16 54
218 176
212 121
125 63
199 130
164 114
209 166
201 159
197 131
151 213
125 92
165 169
112 6
86 211
68 120
75 95
87 181
0 113
73 58
45 196
120 178
59 165
188 4
210 88
228 71
211 131
174 214
195 141
202 70
153 59
119 225
96 66
110 63
166 74
227 209
100 67
39 88
25 194
46 187
36 4
91 214
84 12
212 115
9 114
199 30
88 151
46 90
140 165
121 107
65 166
207 215
93 60
106 144
94 31
80 113
61 29
20 93
100 189
2 119
60 185
225 182
72 45
178 5
152 48
75 131
75 110
155 149
131 99
32 178
184 209
160 50
84 96
15 219
146 44
57 89
44 108
217 89
22 65
184 77
72 57
93 24
65 180
59 107
183 195
186 33
158 50
126 173
131 33
170 64
119 94
192 81
107 201
224 61
157 82
71 71
135 96
15 124
89 181
170 224
48 34
21 206
121 156
33 54
2 89
138 216
35 62
213 5
85 39
30 195
57 143
168 126
106 193
122 79
115 223
85 57
14 226
208 178
10 111
181 5
76 61
153 33
188 109
37 87
146 46
17 220
221 118
47 182
175 142
23 181
166 221
158 15
205 93
49 6
110 43
107 71
36 201
104 222
65 34
174 216
145 148
112 219
106 85
59 156
108 195
94 142
115 138
56 151
7 207
137 85
72 172
226 166
53 100
200 74
86 166
102 141
118 109
106 12
212 194
127 8
134 224
224 145
2 3
139 2
99 85
125 26
38 32
221 110
127 104
66 71
68 145
18 196
92 227
209 27
12 3
113 224
56 209
188 9
210 222
105 216
77 213
133 96
69 103
200 17
80 44
146 34
83 110
122 89
209 206
0 18
67 35
42 55
139 77
110 39
196 57
160 136
91 9
50 63
87 74
14 218
217 102
59 4
7 218
123 63
12 106
188 207
171 162
49 153
145 108
31 224
4 3
203 223
4 149
191 36
225 168
130 211
125 136
215 161
108 23
108 30
31 146
175 70
92 88
124 56
66 105
86 35
51 134
43 142
94 46
39 80
35 145
152 167
203 79
71 21
205 207
130 88
217 25
92 145
143 52
2 75
16 195
14 20
98 65
166 170
210 13
115 157
32 20
220 42
96 95
177 143
111 204
17 218
209 196
182 202
104 5
41 48
155 194
45 58
121 97
220 176
60 1
211 15
47 142
25 154
115 191
54 143
199 202
136 58
66 182
129 7
11 192
183 3
28 93
138 103
110 132
211 65
8 27
183 78
181 185
124 86
21 47
200 68
156 78
56 179
2 228
222 11
121 172
207 176
157 95
79 225
206 53
197 53
166 64
149 79
78 132
203 200
148 185
186 221
137 47
38 93
7 35
32 29
24 69
45 39
22 49
97 2
179 227
168 117
37 30
11 190
87 70
196 120
216 46
66 102
49 218
26 21
70 188
97 197
135 149
126 227
134 16
123 147
107 4
226 21
96 58
176 209
177 13
127 126
14 10
5 213
164 184
90 16
37 61
95 110
220 133
16 81
50 67
208 52
31 113
59 175
140 23
131 97
139 192
179 218
16 61
28 214
164 16
200 162
175 184
108 224
118 139
87 223
169 121
128 227
50 183
103 22
25 118
123 195
157 43
173 123
144 179
170 58
220 151
182 104
121 111
90 134
99 150
218 80
80 152
134 131
40 56
57 177
167 49
95 27
55 22
113 18
120 227
224 29
172 91
9 191
190 140
163 98
30 7
103 126
104 34
44 197
115 4
201 131
21 222
71 2
0 188
140 198
21 75
110 78
20 195
198 176
92 31
80 24
73 123
193 31
49 107
190 67
50 89
75 85
77 84
54 150
109 47
83 10
145 199
75 190
207 125
218 213
62 103
1 139
61 14
126 193
188 149
183 80
100 209
97 127
71 48
94 91
153 104
19 92
135 108
118 41
64 92
20 199
208 31
78 181
67 222
16 98
145 169
85 149
221 125
201 72
56 10
127 106
154 175
65 32
48 183
172 87
61 129
44 216
122 205
156 163
220 227
23 76
162 120
225 139
94 197
113 151
209 143
224 12
138 49
112 196
2 10
210 188
227 211
119 49
157 162
163 171
27 116
82 179
104 136
116 189
115 92
60 146
178 210
33 145
139 13
182 131
125 158
116 54
65 47
63 14
173 132
188 212
197 84
81 93
125 65
35 107
34 197
209 139
221 0
46 13
202 218
124 19
164 85
153 169
196 228
174 164
214 115
167 28
45 150
184 123
176 89
143 207
96 15
212 151
47 204
184 55
144 174
121 84
81 67
87 68
216 63
156 104
193 173
29 103
41 44
86 113
38 152
226 29
11 30
203 226
166 129
53 168
101 197
70 155
183 71
198 7
122 165
182 141
171 3
187 124
174 115
201 184
17 125
92 62
146 66
4 74
43 38
200 114
60 193
133 30
145 226
173 156
56 64
217 173
12 71
208 110
29 35
97 203
130 163
191 165
109 89
177 30
96 187
126 204
130 173
211 96
209 81
22 142
81 109
127 210
105 125
107 162
78 130
213 192
93 48
21 52
12 203
159 65
137 21
79 21
46 198
66 228
189 125
187 85
179 31
109 121
188 15
127 36
16 118
78 51
211 37
44 130
104 88
61 116
179 51
90 51
224 117
216 198
215 15
162 146
73 216
31 133
160 92
211 129
144 139
72 188
106 153
49 180
92 77
37 219
218 216
122 77
156 53
223 59
88 47
156 187
169 165
40 210
195 153
112 117
13 64
69 61
177 120
87 135
9 193
46 107
102 176
159 131
187 154
193 15
21 129
215 210
37 172
65 84
90 106
72 126
34 123
196 55
178 142
25 83
37 114
27 72
191 33
109 71
14 106
142 160
223 119
85 200
107 59
52 109
160 64
56 211
127 213
179 21
148 100
46 147
78 128
145 68
136 49
19 186
29 5
160 79
223 48
165 10
70 123
211 148
49 8
159 195
128 125
92 46
222 2
48 123
170 93
3 109
7 59
8 29
166 168
175 68
18 86
0 143
114 72
103 19
185 84
25 9
54 67
85 198
5 57
58 93
32 209
75 93
177 96
174 122
200 19
51 30
70 114
186 87
154 36
209 145
145 101
11 51
94 178
227 157
228 123
36 139
16 63
27 221
8 102
146 184
156 69
98 89
186 182
190 133
197 9
173 22
58 45
42 65
152 0
226 104
56 200
175 144
144 7
144 45
20 48
57 56
154 184
75 78
218 205
174 8
98 208
60 131
139 101
109 162
32 162
61 224
6 42
199 132
205 79
149 221
164 116
144 112
67 203
108 99
213 98
163 213
191 94
84 147
148 44
216 53
192 97
132 57
143 37
64 201
159 180
198 200
107 14
111 89
0 171
96 201
34 5
160 15
135 73
178 132
190 38
85 223
210 164
65 177
206 9
149 42
132 13
89 15
154 219
119 74
174 47
226 91
228 105
30 13
121 58
92 143
52 181
83 221
105 23
7 189
26 87
174 206
23 213
37 185
145 13
192 104
191 169
60 157
215 31
137 71
125 156
213 0
132 154
10 184
226 138
123 17
127 53
116 31
103 117
52 144
17 186
50 69
89 70
101 191
178 201
89 74
1 27
58 55
159 157
15 132
175 114
49 91
42 186
215 106
181 29
195 3
41 206
188 161
16 165
79 45
100 65
10 28
178 26
122 178
193 134
48 143
64 228
191 185
85 127
131 31
217 116
123 10
191 141
39 86
201 207
57 126
150 113
67 21
135 1
90 30
211 48
157 61
37 199
107 168
161 170
166 20
200 175
200 118
121 64
147 80
10 216
136 77
213 217
183 20
73 9
174 228
31 3
58 142
23 150
87 200
221 168
148 37
92 190
132 47
35 73
194 55
177 32
217 30
85 3
227 164
75 38
1 64
23 25
99 165
137 196
94 208
186 134
94 18
78 166
129 162
75 122
5 182
79 18
116 72
81 72
14 99
75 152
199 72
48 24
183 169
134 59
58 37
128 87
118 144
110 49
32 96
153 177
188 23
185 42
209 36
158 5
96 221
51 217
207 225
160 184
60 211
223 197
118 15
21 127
50 160
171 124
63 63
194 75
3 64
4 166
143 202
8 53
223 143
119 155
7 130
219 154
58 204
99 1
215 169
5 226
79 122
150 21
87 112
25 176
48 44
127 64
118 98
139 187
132 91
3 58
205 54
156 22
170 12
94 89
90 211
65 168
180 160
162 221
194 128
146 161
63 151
119 0
169 210
75 58
169 222
11 177
106 106
121 203
221 41
165 36
113 201
223 75
122 138
192 51
140 223
209 208
77 111
136 213
65 13
168 199
33 106
6 163
157 110
150 176
122 65
53 108
180 182
97 79
33 43
94 111
97 199
168 53
63 47
182 62
11 162
79 145
67 133
98 210
207 105
186 96
96 141
94 82
91 194
17 175
143 147
60 226
86 23
120 205
33 27
207 69
158 1
24 113
15 113
207 217
169 132
3 156
64 106
111 71
86 160
218 203
15 47
110 134
172 89
36 116
98 133
52 120
53 225
141 29
26 94
65 207
195 147
0 101
68 81
219 90
210 102
58 145
96 19
166 180
194 192
205 36
171 29
135 226
122 86
80 197
56 186
193 184
50 58
10 140
91 203
77 19
90 11
137 121
56 73
162 187
10 86
28 69
171 16
75 224
143 56
211 137
133 32
202 38
8 111
225 93
190 96
103 81
161 226
210 46
220 74
148 71
204 111
16 167
192 68
103 113
41 174
117 198
20 14
38 146
21 106
146 130
44 73
59 53
14 5
222 77
66 27
103 17
119 198
196 155
217 82
46 210
92 123
28 87
152 37
226 3
39 54
107 204
135 17
95 60
132 184
104 212
219 201
186 123
209 182
9 25
105 172
228 107
188 96
40 52
42 181
71 159
190 149
73 4
126 144
226 72
193 90
63 82
147 69
59 95
98 129
10 158
169 145
123 219
89 173
28 95
134 151
105 4
140 19
40 78
115 185
131 129
82 92
77 215
199 151
15 59
191 153
213 50
173 31
116 97
202 140
47 195
38 207
184 141
215 138
144 49
12 62
55 15
138 172
207 100
84 212
77 71
36 180
44 164
204 57
36 186
120 80
69 204
90 150
89 108
10 186
222 61
116 94
51 99
218 185
115 210
202 163
51 75
122 99
43 228
58 193
71 157
215 26
2 14
25 216
60 218
0 83
225 80
12 205
197 41
28 64
93 147
185 40
110 45
131 127
66 17
14 61
55 131
87 127
79 79
2 62
66 69
31 5
209 218
151 39
64 153
89 88
7 96
19 221
114 112
172 160
23 61
139 211
68 192
19 219
82 25
213 94
199 142
26 68
47 121
133 17
140 99
180 86
64 38
61 33
46 167
21 59
177 24
183 69
199 67
206 58
16 188
189 21
153 161
69 35
131 52
119 153
27 6
117 202
141 153
158 54
123 128
88 156
126 146
214 84
130 222
72 186
58 18
71 101
103 49
104 96
119 96
77 73
142 88
49 212
21 25
209 100
149 205
143 29
71 215
125 75
190 183
19 75
207 35
35 87
61 12
39 68
221 63
148 25
189 32
209 79
100 71
203 179
4 59
158 176
204 31
164 142
16 96
5 127
137 76
164 152
53 21
213 224
27 78
33 50
96 98
193 142
38 134
55 57
1 226
133 45
110 116
110 23
135 112
140 59
206 109
110 175
96 13
208 59
185 48
3 182
35 54
10 116
17 138
209 65
15 34
33 191
174 80
94 164
22 114
98 117
124 99
3 167
165 55
138 78
112 67
104 187
206 154
142 222
182 76
163 87
118 126
81 17
200 76
92 221
117 179
108 151
162 136
24 22
153 68
212 171
138 40
132 210
181 175
225 64
23 127
181 214
227 11
112 165
49 157
97 4
219 56
105 66
71 133
139 24
34 185
43 63
195 16
158 114
107 217
111 146
213 145
216 37
125 77
221 127
50 124
117 7
98 188
29 74
24 47
60 63
120 109
203 167
154 138
182 192
46 132
11 45
188 107
225 218
106 124
197 202
110 5
160 220
31 155
168 47
148 148
121 197
197 26
28 204
27 122
72 0
133 195
31 100
178 203
47 3
178 225
26 175
135 110
73 171
121 195
97 76
28 54
215 200
184 10
180 226
34 143
221 131
59 191
184 160
59 177
69 20
68 6
7 194
96 208
119 179
228 41
129 54
186 54
56 82
213 18
24 103
49 165
185 125
100 163
203 6
162 185
31 104
154 147
200 45
137 143
218 183
165 194
98 201
32 13
29 190
127 191
163 94
86 147
168 79
120 29
206 193
134 184
218 171
51 9
157 55
128 225
83 112
97 219
105 112
151 200
27 92
1 169
67 43
146 190
76 132
33 223
101 92
116 140
207 96
98 6
224 199
4 67
162 202
110 91
75 201
210 28
24 215
9 92
174 153
159 159
124 109
49 70
224 223
117 106
38 171
29 25
186 223
147 107
124 149
226 62
17 74
200 133
101 48
0 186
202 99
7 205
168 38
124 215
94 180
130 215
55 7
121 124
211 207
220 153
135 85
221 26
215 154
128 172
187 128
4 139
136 19
36 35
167 110
146 142
160 188
195 157
77 3
66 6
34 126
21 33
22 27
108 12
193 73
134 115
185 169
61 3
13 171
106 54
110 219
115 83
162 92
140 57
215 24
133 34
198 63
216 171
9 79
150 182
19 102
111 220
154 66
16 35
165 22
123 8
208 104
15 171
105 192
165 95
82 173
34 77
139 183
91 117
117 96
178 61
8 43
99 203
166 152
45 173
124 50
87 198
159 7
7 192
105 161
144 168
51 195
45 4
64 59
157 84
135 207
26 123
110 167
99 198
168 98
16 15
44 30
75 9
109 150
86 162
162 15
47 226
214 122
60 119
25 218
212 27
175 14
146 82
223 0
216 91
14 15
106 182
223 100
157 201
26 214
186 37
153 213
92 151
171 190
184 26
177 134
219 174
25 101
152 79
9 195
175 23
56 207
117 40
10 118
158 163
184 153
79 183
161 97
172 100
5 207
142 57
24 163
209 132
124 187
43 40
150 38
67 147
212 2
151 41
119 43
202 86
30 57
195 184
192 118
12 216
74 66
32 140
132 172
113 178
143 23
158 151
158 220
145 214
48 127
174 55
20 26
186 211
222 97
105 146
25 30
110 152
10 8
0 174
40 112
181 21
97 60
104 94
64 101
62 107
41 7
68 98
116 0
194 159
84 63
217 211
175 175
67 220
14 128
108 135
55 154
123 221
112 73
59 112
134 133
28 76
20 167
196 91
224 96
49 117
66 226
65 151
101 122
40 32
138 43
47 114
200 123
26 19
159 226
174 40
55 20
112 102
194 200
105 60
88 165
193 88
54 73
47 140
35 114
0 32
61 148
217 167
73 134
19 20
217 160
192 35
52 81
44 224
24 174
216 201
222 175
124 189
26 103
214 51
60 108
40 180
218 150
95 25
165 109
94 159
29 163
218 162
112 170
49 4
173 1
144 51
86 172
54 152
152 226
102 158
154 163
20 151
129 165
188 132
182 152
85 112
109 59
180 60
223 125
173 46
83 216
123 180
130 184
161 179
65 164
163 28
214 100
150 52
192 171
194 24
197 74
36 23
156 219
114 0
62 16
80 68
85 121
152 219
15 4
12 24
36 94
119 129
78 101
74 36
31 82
204 193
33 152
112 200
134 193
161 158
80 150
180 115
228 200
218 146
124 226
63 128
104 144
34 206
140 92
134 198
93 198
3 47
176 40
73 22
106 223
10 165
29 56
145 128
110 143
193 53
23 156
186 197
224 147
67 212
47 169
181 162
192 181
184 101
147 171
163 96
180 147
59 216
118 31
140 215
42 57
135 153
117 130
89 94
135 29
181 23
228 28
7 0
133 186
149 211
215 140
65 155
119 72
120 66
149 112
194 206
143 79
216 87
154 48
70 116
126 90
103 133
103 130
196 169
166 206
42 52
38 123
48 125
136 215
8 122
206 219
18 198
171 14
115 26
180 156
83 37
30 38
28 60
171 204
181 52
192 218
166 200
157 213
54 6
8 216
221 39
36 17
67 79
222 223
164 57
224 20
91 105
1 8
30 59
29 11
65 60
195 53
191 148
98 11
176 191
6 84
35 95
103 24
179 184
137 17
5 73
47 23
135 202
11 64
53 53
220 149
9 103
170 199
114 85
135 60
16 102
191 21
131 29
201 36
219 215
25 156
203 202
158 71
32 196
27 101
107 184
104 179
20 227
141 4
179 138
193 37
112 121
72 167
181 170
92 90
22 93
78 137
68 70
208 98
57 188
157 20
149 69
38 156
212 127
61 168
65 135
144 35
191 46
109 76
182 86
24 20
223 218
217 139
224 50
8 174
102 97
58 212
172 213
41 54
96 81
24 37
190 119
210 86
64 49
216 142
75 40
66 208
123 217
171 31
111 157
110 103
117 32
147 35
176 195
44 46
60 39
112 115
45 60
147 33
222 152
181 139
36 15
34 218
209 163
45 157
49 155
42 176
186 110
127 93
28 131
175 7
175 173
27 25
103 161
47 15
76 34
124 118
219 169
160 222
66 131
86 84
178 12
134 217
41 0
209 74
41 105
86 25
186 159
93 35
85 125
205 125
41 119
222 154
15 138
154 193
54 121
225 164
176 165
167 214
177 173
0 156
138 126
96 102
56 130
209 70
60 144
84 179
157 13
67 169
74 153
136 37
7 196
169 216
226 125
222 43
149 2
118 21
138 141
171 201
87 66
218 209
150 152
59 90
194 228
172 53
55 160
36 207
45 32
14 120
18 204
187 195
186 153
12 37
30 96
89 68
213 174
225 1
119 116
77 9
32 125
187 188
33 41
123 123
168 140
172 56
90 40
79 223
73 38
12 148
22 54
74 194
184 96
185 176
13 201
203 206
227 83
24 0
7 178
85 227
139 116
213 36
223 64
51 213
43 190
76 154
200 190
172 64
17 20
36 169
213 104
202 46
47 5
16 88
66 109
157 45
165 171
107 42
212 13
205 158
71 8
145 207
205 191
219 187
19 211
207 108
34 28
59 132
5 147
5 46
180 108
50 82
19 176
218 148
44 126
69 199
155 162
45 2
81 121
143 199
114 53
152 129
216 95
83 84
190 217
117 156
156 80
176 102
195 199
217 110
148 188
224 110
195 12
22 195
94 217
175 140
6 174
162 142
205 150
113 65
95 74
158 136
132 180
106 44
193 2
44 99
68 122
82 214
104 124
157 108
198 42
15 142
211 19
195 73
43 59
202 88
22 133
203 210
85 94
54 103
167 204
47 21
117 138
159 63
159 61
183 125
173 13
197 153
204 87
142 164
134 6
222 78
169 76
171 62
189 220
155 109
213 3
219 98
18 226
56 139
87 174
156 150
18 22
79 164
179 3
9 45
64 160
196 82
179 199
161 122
90 53
74 116
20 132
73 41
222 105
170 21
72 206
142 118
69 33
211 6
159 111
19 161
186 189
31 191
115 202
4 210
1 106
120 57
21 40
19 84
21 9
132 165
92 36
147 192
207 67
160 103
218 54
130 226
79 9
41 113
124 91
150 94
133 152
37 59
64 104
146 119
218 100
58 10
88 142
210 42
0 99
151 115
85 59
161 3
79 177
76 103
97 103
111 61
227 92
204 126
96 181
187 8
135 127
147 56
214 68
213 153
1 20
177 193
101 129
216 209
132 114
103 3
46 46
112 8
160 101
116 132
194 119
125 35
61 118
170 90
216 84
177 179
69 134
214 170
194 107
207 78
68 219
128 49
106 188
18 37
80 213
113 158
219 161
199 193
128 146
150 80
132 78
44 106
158 52
161 212
87 29
55 158
92 23
131 6
121 221
102 28
47 185
106 88
223 37
148 14
110 159
107 67
93 184
170 56
66 205
157 165
105 114
207 21
206 30
214 55
111 65
189 209
121 22
5 1
175 60
44 220
52 98
65 187
134 10
211 133
198 113
6 61
116 212
202 212
0 216
143 6
161 214
201 201
53 202
118 148
137 115
56 141
158 79
62 18
202 101
128 193
215 130
10 77
145 32
128 211
142 220
176 64
148 65
55 5
