47 166
194 83
31 139
196 188
140 87
126 175
106 150
1 39
78 134
185 210
42 226
142 201
39 199
157 205
159 21
91 38
7 70
64 108
58 211
5 69
57 214
129 124
175 124
181 201
179 27
224 103
166 148
108 43
17 206
90 77
32 131
61 84
21 102
6 28
112 194
125 99
203 186
195 224
6 165
118 132
87 3
128 215
108 187
123 138
80 154
154 167
147 3
34 66
172 205
62 27
104 167
224 183
158 98
70 227
6 203
25 161
144 22
8 109
124 134
80 135
82 187
126 49
199 144
153 204
75 1
113 29
188 189
70 207
224 166
96 195
145 95
132 212
57 160
200 6
159 72
111 184
221 187
53 75
135 84
10 160
96 93
133 28
152 76
83 204
180 191
69 147
27 59
124 182
219 64
122 24
190 106
159 109
133 107
16 204
167 167
131 146
58 40
195 212
14 97
167 124
13 84
11 54
132 105
59 41
195 81
108 160
184 16
144 149
11 87
168 109
175 98
211 4
55 66
174 195
60 11
130 64
110 212
222 116
225 74
65 79
227 192
53 41
50 73
91 153
31 163
46 208
215 100
170 133
112 46
86 31
191 31
173 207
38 82
94 182
149 40
176 153
26 8
52 74
181 137
153 146
140 163
205 67
191 99
149 171
215 36
183 160
78 167
43 180
207 185
163 169
189 165
126 158
156 185
130 35
133 174
146 177
206 123
226 123
69 73
135 156
81 9
27 184
66 124
13 191
123 98
175 38
73 144
146 36
127 139
193 129
69 8
53 191
73 60
62 93
26 163
154 153
156 224
35 224
176 189
161 155
202 178
130 113
89 209
39 16
176 47
150 78
126 201
151 32
206 165
121 199
134 120
188 47
222 167
160 78
14 173
205 60
31 33
92 79
37 21
121 180
87 168
193 149
109 82
158 211
209 204
15 84
128 206
34 103
52 103
79 212
21 213
57 84
110 223
214 224
98 186
163 57
182 108
34 193
13 185
9 116
72 47
17 119
109 93
142 121
67 135
158 188
2 95
140 84
166 178
43 15
108 57
78 193
178 36
107 55
180 54
200 12
158 83
95 119
51 53
105 199
72 55
9 78
126 215
16 123
80 108
126 54
184 211
47 85
170 33
133 176
88 72
18 185
85 51
68 131
50 128
215 85
64 165
143 137
0 201
163 21
58 101
95 57
113 125
130 210
157 142
181 64
195 210
183 106
21 46
141 141
96 161
68 201
208 54
61 53
28 120
58 180
159 49
7 227
9 70
85 36
115 171
123 37
61 79
166 71
28 179
129 24
71 16
164 186
161 79
168 201
84 129
140 126
67 179
23 135
38 210
75 97
38 84
117 26
194 218
32 159
161 46
172 79
172 12
154 213
207 192
6 172
150 165
88 200
215 38
188 6
156 160
181 129
16 49
214 61
182 27
171 122
138 100
69 209
123 50
222 141
189 67
189 57
179 130
118 38
32 221
127 156
104 142
9 53
188 126
88 159
30 176
218 12
67 62
44 94
171 18
5 223
84 214
44 175
139 115
153 199
207 95
12 80
67 199
18 159
184 190
25 153
116 24
45 181
126 119
61 175
217 39
208 33
121 127
51 196
210 135
170 65
143 151
32 189
151 155
140 17
7 8
99 42
30 85
42 98
110 29
91 142
196 97
103 192
224 205
226 136
193 29
78 86
141 184
31 44
171 132
223 225
119 210
203 121
93 115
154 225
30 20
96 46
196 201
205 163
203 217
48 16
129 213
48 211
8 105
19 147
170 88
6 22
218 71
125 138
225 83
159 200
66 16
94 221
143 4
129 37
48 178
7 197
70 97
52 215
111 217
120 45
177 15
146 24
3 118
132 41
186 136
172 21
208 157
191 226
76 117
28 123
42 167
147 206
35 64
222 20
139 105
174 117
75 80
130 72
140 134
75 120
221 177
36 131
101 55
59 194
181 20
30 17
199 89
77 159
191 121
225 195
175 63
155 211
133 112
47 69
136 162
182 146
22 160
24 133
6 122
77 192
139 132
221 80
111 22
147 13
18 18
74 222
109 217
63 143
192 45
207 71
18 33
96 139
184 89
82 150
173 155
100 125
143 8
49 72
95 199
214 194
123 108
76 36
86 47
43 23
6 93
155 217
11 194
73 205
226 31
33 132
80 193
190 154
41 165
27 218
181 150
163 190
85 110
71 184
180 203
96 1
41 50
72 107
104 54
182 208
35 30
82 54
151 198
41 59
30 132
60 114
173 181
35 184
1 142
4 88
29 112
81 46
177 155
224 162
124 24
96 121
226 134
49 215
130 171
16 173
60 220
24 228
89 205
4 86
46 158
130 19
47 7
196 25
169 163
20 158
117 12
114 15
213 172
160 43
196 171
20 169
106 104
84 61
20 116
179 128
190 98
167 128
125 184
62 146
161 65
211 224
212 119
25 84
150 188
132 43
78 33
38 95
102 219
160 26
53 133
57 131
216 98
54 3
82 74
111 14
60 198
66 222
146 97
29 101
74 32
198 172
130 192
173 15
144 146
224 99
102 172
173 82
16 74
163 47
228 33
22 227
173 125
92 149
49 25
150 50
187 88
178 89
123 85
107 125
120 138
144 106
14 73
75 91
184 139
20 141
62 85
37 17
20 29
156 107
139 185
68 215
9 163
204 219
51 107
91 7
187 210
181 84
19 28
77 180
117 128
16 100
17 79
202 20
119 22
169 57
227 185
142 111
27 49
17 112
19 174
180 209
88 120
25 202
177 187
171 111
184 83
165 66
0 53
102 39
156 137
194 51
193 99
49 10
127 26
157 112
2 19
182 227
144 212
128 152
148 177
213 140
187 138
116 214
3 21
131 198
194 135
23 216
197 89
199 61
13 224
224 141
104 116
136 3
124 48
150 16
25 107
59 206
219 68
202 18
184 79
192 105
126 28
160 90
5 36
36 210
224 32
205 75
221 32
102 143
185 222
8 42
192 192
110 194
12 2
166 75
52 105
91 118
30 83
96 16
202 176
43 3
110 8
71 190
59 215
105 66
215 124
57 168
99 153
193 175
112 211
140 222
69 186
5 38
64 163
25 91
70 200
210 72
26 109
215 3
202 44
67 60
151 142
10 97
114 55
23 205
154 137
124 34
213 8
202 77
205 152
13 178
228 172
188 80
185 12
161 13
106 180
226 116
34 139
25 18
216 193
223 176
104 181
53 91
7 25
167 174
160 151
97 81
173 71
35 135
150 218
15 119
167 154
196 183
149 186
82 117
116 14
181 228
119 157
104 221
211 35
137 38
203 177
157 48
211 79
179 45
59 0
195 190
159 45
11 10
220 88
39 223
183 175
205 187
5 82
127 202
198 193
216 212
141 78
111 101
184 52
151 92
51 152
165 69
145 181
58 158
84 151
101 132
86 151
215 208
200 164
63 78
73 43
59 117
62 64
96 11
146 99
200 205
60 19
170 190
52 115
195 47
81 177
101 31
80 7
101 40
84 84
74 188
12 73
107 5
209 153
35 2
189 211
57 29
131 179
224 220
101 73
3 1
90 100
151 176
189 65
205 95
150 130
52 183
52 65
104 32
135 204
169 142
137 139
182 69
151 128
220 79
1 198
107 121
186 139
50 80
122 187
42 216
211 218
75 44
79 22
2 215
61 222
127 112
29 147
203 151
120 93
25 49
201 0
204 212
32 52
193 66
185 155
181 183
86 158
68 210
54 18
216 54
207 152
23 108
91 18
23 172
114 219
201 108
112 78
15 108
224 92
70 83
24 81
32 75
199 35
48 81
26 70
144 47
2 91
187 21
159 3
94 59
24 32
6 151
170 20
224 207
123 157
131 45
79 143
108 141
179 91
39 181
109 106
67 90
111 33
77 177
5 162
79 72
191 181
173 174
204 148
71 53
73 174
101 146
187 13
114 152
182 18
99 63
129 198
53 26
167 208
115 32
98 38
61 196
118 13
16 86
64 32
224 78
147 201
36 174
179 96
99 164
222 161
194 104
145 110
77 21
13 137
64 86
53 127
105 201
228 126
98 155
33 187
81 175
178 101
3 28
211 146
121 101
135 5
117 66
12 212
160 5
52 4
39 155
0 145
144 226
4 180
194 197
69 157
76 168
8 165
103 30
197 11
84 177
217 3
163 23
21 186
108 84
214 114
147 186
122 119
104 79
192 114
97 179
174 89
214 57
196 10
30 102
155 146
152 47
28 188
117 191
195 89
142 70
128 71
182 16
142 225
83 35
215 18
67 8
75 214
109 181
131 112
34 109
183 0
145 3
54 24
137 1
160 194
92 192
225 212
174 103
134 228
163 140
59 222
115 179
197 223
89 29
79 53
32 126
99 73
189 7
89 89
225 10
28 111
125 147
82 212
16 21
35 58
152 165
61 190
90 207
172 185
2 85
210 53
223 181
194 216
204 5
182 53
141 206
21 131
220 71
143 94
214 98
2 49
120 146
156 11
61 62
61 170
151 18
116 55
126 41
151 203
224 135
107 129
184 174
167 172
18 188
82 81
194 220
152 144
95 29
119 194
162 9
5 139
219 211
168 75
222 198
161 130
167 107
151 56
202 137
58 187
15 150
82 90
12 21
38 201
70 75
154 125
27 52
164 30
80 100
185 95
206 5
5 124
212 117
186 132
21 113
22 10
35 60
66 45
106 195
151 205
20 66
154 121
40 134
180 220
44 226
134 154
211 77
67 122
75 205
94 146
195 17
71 74
36 197
162 37
108 91
45 203
115 141
227 213
162 228
195 30
153 57
216 154
32 42
39 30
87 170
28 177
51 150
150 190
183 43
83 126
60 17
15 206
109 41
212 189
226 127
77 144
221 24
143 31
113 6
223 131
28 8
140 151
208 86
64 72
27 96
40 39
172 81
55 172
116 216
6 225
42 46
191 167
32 219
150 54
110 12
96 52
65 36
48 213
209 55
208 219
32 135
145 56
0 82
50 219
207 117
133 98
36 6
116 219
32 143
53 20
183 115
109 133
184 19
21 84
160 202
59 172
80 95
40 81
7 125
43 112
159 55
139 152
218 207
14 152
46 126
128 144
153 109
15 52
180 158
95 23
98 196
147 84
4 137
3 213
122 146
46 84
7 23
101 16
0 116
3 66
49 176
193 13
13 108
141 115
57 71
64 90
126 8
33 114
21 92
136 40
77 182
201 62
69 169
148 90
147 11
98 17
37 224
123 198
172 1
165 214
223 13
219 168
169 110
124 164
70 55
135 35
9 186
89 101
170 140
58 115
169 203
10 26
182 116
40 151
129 126
71 145
160 224
158 149
94 33
136 51
92 17
51 84
32 108
216 107
206 34
109 185
123 140
90 158
14 190
97 160
5 190
190 23
123 117
61 120
38 28
18 140
41 87
129 17
21 174
205 28
172 183
80 167
176 104
94 195
208 13
15 78
123 185
144 33
37 75
209 167
25 45
185 137
38 22
205 46
180 79
198 76
137 123
75 144
32 11
168 225
166 68
93 44
21 150
51 90
112 44
203 175
117 133
192 202
182 210
167 165
119 203
104 224
213 25
115 65
136 205
74 99
8 10
205 118
228 163
136 211
104 28
138 58
191 158
61 228
224 132
138 158
100 207
55 206
70 202
127 142
73 218
127 56
145 160
89 24
14 22
80 195
213 15
135 196
176 5
142 46
134 12
108 87
46 206
173 36
197 30
2 152
228 31
166 40
51 26
169 43
209 228
187 72
226 65
150 121
224 112
54 224
114 212
125 127
76 203
121 121
198 91
11 134
177 127
72 152
102 96
8 94
129 139
68 26
5 80
66 133
76 221
209 20
145 201
185 56
118 227
19 2
87 104
132 80
200 116
115 159
130 42
122 67
67 4
1 154
56 115
44 114
207 167
218 133
15 136
202 103
50 51
29 40
177 38
82 194
204 123
220 19
83 124
207 84
152 81
170 109
132 62
200 177
2 144
39 114
44 78
28 59
112 85
221 56
46 109
112 223
214 92
42 5
202 135
8 157
96 118
190 5
88 31
145 186
47 99
216 1
80 55
99 147
116 200
145 119
106 171
226 114
107 200
90 152
85 145
112 112
181 106
17 84
201 211
133 61
171 45
76 98
12 26
219 58
95 123
77 40
216 156
197 199
77 52
24 39
36 126
114 91
216 175
203 142
135 69
109 65
5 194
63 61
13 150
206 111
86 49
187 41
9 36
111 180
212 103
163 226
34 169
78 214
3 31
40 121
217 14
169 61
214 202
201 143
215 104
38 7
91 61
174 32
222 102
127 51
95 48
82 136
211 43
50 65
100 187
92 163
37 208
35 42
162 208
51 101
39 150
225 210
98 108
83 3
112 160
58 147
56 121
209 44
203 40
162 103
25 114
213 147
204 205
74 172
182 88
73 190
104 194
96 112
158 91
129 151
19 167
68 96
84 53
4 49
206 31
17 202
218 121
53 161
7 104
68 28
186 23
184 205
193 157
16 115
170 24
226 48
143 43
176 177
39 158
78 161
222 49
227 51
7 161
188 87
135 71
67 97
88 25
14 125
28 63
82 120
79 169
151 220
175 167
46 156
182 3
35 51
6 110
56 193
179 216
1 2
193 136
103 65
78 107
133 133
126 87
107 206
95 129
28 38
2 42
36 171
109 80
95 158
143 61
223 10
172 200
227 217
22 179
228 21
201 145
197 61
156 144
40 99
156 203
93 227
157 73
103 145
150 0
139 142
15 63
45 99
122 216
188 151
210 195
125 125
5 205
170 184
153 31
40 43
49 226
164 20
208 199
202 42
210 216
149 129
48 90
109 14
15 16
79 158
4 151
53 149
208 207
217 199
210 220
26 51
114 127
55 128
84 82
59 196
57 128
220 213
45 227
114 166
168 55
119 66
112 64
131 177
102 33
81 156
104 52
39 153
207 179
112 108
66 170
164 32
167 51
131 185
207 60
92 120
1 22
50 35
130 160
137 101
118 79
65 226
222 227
54 97
132 216
213 208
62 176
149 92
181 131
39 108
152 21
7 16
126 34
59 169
74 56
44 167
166 57
175 30
41 133
127 91
186 35
17 193
16 13
82 216
144 162
95 227
26 24
93 162
89 133
90 94
138 214
111 24
228 141
117 171
113 70
141 14
66 85
60 106
185 6
62 109
10 142
3 79
122 56
18 194
50 109
90 144
64 26
96 34
9 226
222 148
103 7
110 145
35 105
167 36
51 49
120 78
98 112
169 144
97 99
111 77
59 167
36 28
124 40
164 182
78 112
118 20
188 163
55 202
126 226
166 112
29 4
209 137
34 52
167 210
159 13
67 138
42 33
221 104
141 6
114 31
20 86
101 69
101 30
157 7
35 19
53 151
2 183
18 142
181 46
81 111
5 145
215 53
31 208
196 76
163 70
33 225
52 51
87 43
159 177
42 94
206 156
51 226
6 176
152 224
141 21
137 74
207 145
175 208
21 67
14 93
143 59
100 108
10 175
20 188
144 66
94 93
76 161
22 0
0 10
21 136
68 124
108 143
31 27
39 169
158 221
214 2
108 78
108 123
224 66
223 51
224 73
189 55
169 99
49 27
4 211
37 71
52 48
114 189
94 121
20 31
181 66
32 98
47 119
202 205
189 13
194 97
128 174
41 191
211 0
112 39
60 74
63 149
145 144
175 193
37 222
222 36
205 224
25 198
130 4
80 26
52 179
220 145
187 39
184 183
168 133
112 42
200 71
111 35
216 177
53 83
141 139
209 68
86 129
104 21
195 143
129 98
81 12
3 39
191 29
10 220
71 217
18 60
168 20
124 194
28 51
155 123
17 102
113 107
59 29
1 200
37 19
156 23
54 204
217 91
9 43
169 30
190 50
38 133
189 147
220 129
210 47
166 47
89 6
151 222
101 216
116 185
226 183
94 125
181 44
144 177
87 45
216 68
199 44
78 139
136 119
62 101
143 74
72 65
145 208
110 161
153 117
121 158
24 86
183 184
40 160
122 109
85 184
66 201
162 101
60 21
26 204
171 35
91 90
144 158
160 82
41 204
132 141
83 149
52 189
14 95
221 225
34 162
177 45
118 146
26 220
57 173
19 53
143 135
44 211
81 159
91 75
18 134
87 33
105 56
10 196
61 183
201 60
122 62
66 211
58 178
147 132
112 153
89 135
205 185
150 90
26 119
96 217
156 49
186 141
74 133
168 188
62 20
5 196
195 149
57 42
105 2
53 118
3 227
170 187
18 65
192 132
21 199
31 141
187 66
154 79
93 153
123 58
43 105
144 70
50 61
15 46
24 193
200 43
186 103
118 115
106 186
30 179
66 193
160 176
92 53
109 183
34 150
77 17
97 110
165 110
124 7
37 88
70 27
93 186
163 35
36 218
55 72
19 192
36 144
218 156
25 172
87 225
55 30
36 192
106 98
217 135
4 62
150 63
158 202
183 45
48 83
228 153
148 46
137 22
47 191
78 38
97 64
166 86
43 7
115 13
170 100
206 127
121 42
0 43
5 26
3 107
188 106
198 110
181 110
85 135
110 31
166 38
99 4
198 170
181 1
169 212
27 90
144 126
93 167
133 135
196 177
158 25
59 186
123 39
214 48
109 131
142 63
127 85
193 47
159 122
153 119
169 54
164 200
136 200
33 5
62 59
92 19
115 187
216 185
166 119
129 30
40 125
131 143
139 94
222 146
200 103
4 90
155 204
29 36
103 215
171 218
189 59
99 110
135 217
1 14
100 39
39 41
35 115
66 107
180 62
138 124
85 225
110 172
25 7
201 216
152 121
126 72
208 226
94 173
14 211
156 5
69 217
154 144
100 172
19 149
131 175
13 188
149 4
6 156
81 91
114 38
226 193
194 171
80 32
35 199
193 216
47 202
201 209
148 190
88 106
216 189
44 47
67 41
72 31
81 48
131 131
183 28
82 206
193 227
63 184
41 85
157 32
143 72
159 94
166 85
155 151
88 5
147 221
110 16
173 228
87 149
145 134
118 57
21 12
129 112
141 132
38 73
3 154
203 8
227 178
39 136
19 35
71 179
49 122
102 178
185 143
23 45
56 102
151 20
217 61
117 160
193 204
159 19
61 194
55 91
112 168
177 181
77 80
192 95
14 44
198 161
42 174
170 74
206 183
192 183
6 2
108 69
210 75
155 127
4 83
226 132
2 56
216 27
117 209
74 21
196 106
94 127
15 202
110 20
121 29
178 153
47 193
195 36
131 78
152 91
8 175
91 165
28 165
47 149
204 41
110 25
147 199
213 219
97 177
112 20
124 220
103 14
193 120
110 114
118 177
59 225
129 178
170 228
43 218
13 42
176 175
167 77
190 163
222 111
204 77
162 189
155 191
46 172
34 210
40 106
72 10
0 50
192 140
216 195
224 115
94 0
220 41
54 65
216 93
41 69
144 216
165 50
5 149
169 101
140 201
16 152
40 84
151 23
195 99
218 70
215 196
181 148
158 228
162 160
69 220
227 174
107 40
99 10
23 59
184 203
209 22
89 8
156 72
116 38
81 218
32 91
16 184
72 114
142 135
198 189
41 66
26 47
173 69
126 194
199 125
103 93
68 36
100 87
6 45
65 8
107 2
30 77
141 61
39 20
66 91
165 150
192 70
170 28
80 133
9 134
17 108
47 137
202 161
227 94
18 49
95 216
88 211
172 216
159 155
159 32
139 199
167 151
221 37
224 137
187 56
222 92
194 155
12 28
161 165
139 98
138 19
99 145
227 114
101 193
68 75
198 221
54 141
140 103
37 8
139 175
111 99
83 135
42 118
3 45
38 15
203 100
158 132
31 226
115 208
179 38
123 78
40 145
20 16
85 186
96 32
173 218
54 47
9 177
73 2
190 123
201 203
178 108
195 226
183 177
71 61
151 211
29 15
48 115
131 17
27 202
186 79
17 182
128 163
104 169
228 128
214 96
146 14
139 85
168 161
52 129
31 158
72 203
104 211
185 195
196 84
183 162
125 108
167 223
18 132
122 60
199 108
197 152
94 76
224 2
200 110
130 141
212 114
143 110
135 106
34 134
193 199
38 218
20 160
191 49
205 167
40 201
201 118
203 61
87 196
123 22
134 77
58 140
96 172
43 60
98 40
220 189
19 58
15 111
121 91
80 138
45 137
134 62
57 171
210 104
8 97
119 58
93 179
212 76
63 159
156 9
7 146
1 16
134 8
4 113
73 151
149 120
145 43
19 131
27 173
168 86
68 114
218 63
11 167
46 124
148 131
35 216
216 183
8 171
171 147
164 18
141 94
195 1
223 40
215 191
194 183
160 153
203 53
101 50
190 219
121 48
24 158
80 82
49 196
161 167
94 69
143 50
3 17
159 47
45 80
211 204
56 46
211 73
75 67
170 197
179 84
130 125
130 144
66 154
164 215
161 143
99 102
66 39
101 174
121 154
168 130
118 1
63 50
211 152
116 86
43 184
74 3
41 141
12 56
16 227
119 222
33 168
41 41
83 5
86 164
184 151
164 68
102 161
48 68
4 81
117 158
203 139
182 113
105 58
176 171
142 83
44 54
172 153
82 128
153 142
95 78
222 73
223 80
190 34
177 215
38 34
165 34
120 76
128 60
123 166
183 64
188 71
72 124
141 105
32 138
25 167
63 118
132 187
142 162
182 67
187 197
5 15
119 111
26 0
178 28
58 73
125 191
209 11
159 97
128 120
134 89
91 43
30 148
72 76
12 8
202 165
122 9
108 25
57 31
218 107
89 174
76 223
163 7
63 52
66 177
194 133
12 98
193 208
90 216
149 56
187 11
108 119
164 158
41 158
152 66
84 1
92 217
162 183
92 0
131 55
118 24
162 216
71 174
152 35
33 208
136 125
12 94
117 224
104 134
212 92
8 197
121 167
73 129
202 227
177 224
75 60
10 2
162 1
81 148
33 97
18 26
120 169
2 202
79 81
77 121
72 116
168 180
16 110
79 69
184 113
19 206
137 105
6 132
85 221
132 89
108 46
60 102
223 221
109 205
141 2
57 133
14 154
119 200
196 118
128 73
175 16
85 140
82 56
43 203
53 95
210 169
118 113
144 57
125 117
213 149
92 51
228 49
43 132
9 34
5 164
205 6
226 82
211 163
223 34
73 85
145 151
192 107
173 62
30 189
23 161
24 196
14 139
217 187
56 8
41 100
117 211
91 173
127 58
92 83
208 102
155 105
102 170
59 43
103 26
10 93
218 218
208 46
50 57
132 15
150 185
57 92
26 2
125 85
158 60
49 193
191 113
227 187
37 63
219 86
79 179
139 140
96 127
45 205
107 182
7 134
103 217
50 178
220 49
133 197
5 17
175 49
54 129
176 135
49 20
32 77
35 130
146 90
213 78
188 64
58 219
55 36
49 85
23 153
127 62
94 136
164 8
44 17
58 121
161 120
173 114
144 121
30 120
87 64
129 128
202 22
118 86
125 39
2 217
196 52
80 187
8 132
80 227
132 120
36 124
6 211
68 118
36 194
55 113
160 124
84 183
89 213
89 103
16 139
39 205
193 211
138 0
76 87
102 124
175 45
134 215
71 171
69 191
135 194
64 17
6 112
169 183
53 142
98 137
130 187
132 167
194 121
203 59
103 140
4 111
206 181
220 147
97 23
61 51
100 143
141 192
87 58
6 178
46 225
85 67
160 173
164 39
161 105
20 135
98 86
98 55
121 171
72 140
125 18
158 81
96 137
35 208
173 172
157 226
167 131
118 119
189 49
209 130
191 13
12 183
74 62
39 186
172 83
124 16
109 179
73 118
177 76
65 51
46 19
66 37
76 100
31 18
71 143
15 121
73 101
25 226
99 53
25 213
39 123
184 220
74 220
10 218
111 125
190 202
207 131
50 116
46 41
28 216
1 172
67 33
227 53
71 87
172 161
207 155
98 34
104 159
27 206
205 217
48 22
91 185
38 76
97 156
66 137
152 16
12 159
20 143
65 157
111 169
64 137
81 205
10 212
219 119
205 176
182 168
78 195
38 179
44 62
7 18
84 24
57 44
222 220
90 42
61 204
130 167
112 90
22 8
83 175
130 200
203 159
123 69
70 213
119 107
159 134
6 209
56 158
219 178
50 158
92 134
157 69
218 88
178 94
37 78
142 149
65 70
221 77
178 54
125 106
114 78
83 77
74 203
181 80
143 214
38 144
40 94
49 55
89 215
23 194
76 33
7 124
180 89
170 98
186 180
156 125
121 44
156 215
221 66
184 168
14 148
22 22
139 170
226 162
51 55
110 141
14 118
46 33
122 227
180 140
88 87
27 161
191 65
133 161
161 8
175 181
194 11
42 17
48 108
2 44
157 3
173 38
33 163
27 66
81 80
204 165
4 56
76 194
99 191
223 24
167 4
189 216
155 182
70 81
153 115
146 153
61 217
120 14
22 82
113 100
92 188
135 21
208 115
146 168
169 107
49 220
27 118
89 17
85 65
149 24
29 118
201 8
86 95
44 209
94 79
29 140
179 186
41 147
137 188
59 68
219 131
107 65
144 88
67 47
16 11
72 14
10 132
16 54
218 176
212 121
125 63
199 130
164 114
208 165
201 159
197 131
150 213
126 92
165 169
111 6
86 211
67 120
76 95
88 181
1 114
73 58
45 196
120 178
59 165
188 4
210 87
228 71
211 131
173 214
195 141
202 70
152 59
118 225
97 66
110 63
166 73
227 209
100 67
39 88
26 194
47 186
35 4
91 214
83 13
211 115
9 114
199 30
88 151
46 89
140 165
121 107
66 166
206 215
93 61
106 144
94 31
80 113
60 28
21 94
100 189
3 120
61 185
225 181
73 45
179 4
152 49
74 131
75 110
155 149
131 99
32 177
184 209
159 51
84 96
16 219
146 44
57 90
44 108
217 89
22 65
184 77
72 57
93 24
65 181
58 107
183 196
185 33
157 50
126 173
131 33
170 63
119 94
193 81
107 202
224 60
156 82
70 71
135 97
14 123
90 181
170 224
48 34
21 206
121 156
33 54
2 89
137 216
35 62
213 6
85 38
30 196
56 144
167 126
106 193
122 79
115 224
85 57
15 225
208 178
10 110
181 5
76 61
153 33
188 110
37 86
146 46
17 220
221 118
47 182
175 142
23 181
166 221
158 15
206 93
48 6
110 43
107 71
36 201
105 222
65 34
174 216
145 148
112 218
107 85
58 156
108 195
94 142
115 137
57 151
7 207
137 85
72 172
226 166
53 99
199 74
86 166
102 141
118 109
106 12
212 194
128 7
134 224
224 145
2 3
139 1
99 85
125 26
39 32
220 110
126 104
66 71
69 145
18 196
91 227
209 27
12 4
113 224
56 210
188 9
211 222
105 216
77 213
133 96
69 102
200 17
80 44
146 34
83 111
122 89
209 206
0 18
67 35
42 55
139 77
110 40
196 57
160 136
91 9
51 63
87 73
14 219
216 102
59 3
8 219
123 63
12 106
187 208
170 162
49 153
145 108
31 224
4 3
205 222
3 149
191 36
225 168
130 212
125 136
216 161
107 23
108 31
31 147
175 70
92 89
124 56
66 105
85 34
51 133
43 142
94 46
38 80
35 146
151 167
204 79
72 20
206 206
130 87
216 25
92 145
143 52
1 74
16 195
14 20
99 65
166 170
210 13
115 157
32 20
220 43
96 95
177 143
111 204
18 218
209 196
182 202
105 6
41 48
155 194
45 58
122 96
220 175
61 1
211 15
46 141
24 155
115 191
54 143
199 202
136 59
67 181
129 6
11 191
183 5
28 93
138 103
110 132
210 64
8 27
182 79
181 185
124 86
22 47
200 69
156 78
56 179
1 0
222 11
119 170
207 176
158 96
79 225
206 52
197 53
167 66
149 79
78 132
203 200
148 184
186 221
137 47
38 93
8 35
32 29
24 69
45 39
22 49
97 2
179 227
167 117
37 30
11 189
88 70
196 120
216 47
66 103
48 217
26 22
70 188
96 197
134 149
126 228
134 15
123 148
108 3
226 21
96 58
176 209
177 13
127 127
14 11
5 213
164 184
90 16
37 61
95 110
220 133
16 80
50 67
209 52
31 113
59 174
140 23
131 97
139 192
180 218
16 61
28 214
164 16
200 162
174 183
108 225
118 140
86 223
170 121
128 227
50 183
103 22
25 118
123 196
158 43
173 123
145 179
171 58
220 151
182 104
121 111
91 134
99 151
219 80
81 152
134 131
40 55
57 177
166 49
95 27
55 22
114 19
120 226
224 30
172 92
9 190
190 140
163 96
30 7
103 126
104 34
44 197
115 5
201 131
21 222
71 2
228 188
141 199
22 75
110 78
20 196
198 176
92 31
80 24
74 123
193 31
49 107
191 67
49 89
75 85
77 85
55 150
110 47
83 11
145 199
75 190
207 125
218 213
62 103
1 140
60 15
125 193
188 149
183 81
100 209
97 128
70 48
95 91
153 104
19 92
135 108
119 41
64 92
19 200
208 31
79 181
68 222
16 98
146 170
85 149
221 125
200 72
56 10
127 106
154 175
65 32
48 184
172 87
60 129
44 216
122 205
155 163
220 227
24 75
163 120
224 139
94 197
113 151
208 143
224 12
138 49
112 196
2 10
210 189
227 211
119 48
157 162
163 171
26 116
82 179
105 136
116 189
116 92
60 146
178 210
33 145
140 13
182 130
124 159
115 53
65 47
62 14
173 132
188 212
198 84
81 93
125 65
35 107
34 197
209 139
221 0
46 13
202 218
124 19
164 85
153 168
196 228
174 165
213 115
168 29
45 150
184 123
176 88
143 208
97 15
213 151
46 204
184 54
143 174
121 84
81 66
87 68
216 63
156 103
193 173
28 103
41 44
86 114
38 151
226 29
11 30
203 225
166 130
53 169
100 196
70 155
184 71
198 7
122 165
182 141
171 3
187 124
174 115
202 184
16 125
92 62
147 66
3 74
43 38
199 115
60 192
133 30
145 227
174 156
56 64
217 173
11 72
208 111
29 34
97 203
130 163
191 165
108 89
177 30
96 187
127 204
130 173
211 96
209 81
22 142
82 109
128 210
105 125
107 161
78 130
214 192
93 48
21 52
14 204
159 65
137 20
79 20
45 198
64 228
189 125
187 85
178 32
109 121
188 15
127 35
16 117
79 51
211 37
44 130
104 89
60 116
178 52
90 51
224 117
216 198
215 15
162 145
72 216
32 133
160 92
211 129
143 139
72 188
106 152
50 179
92 77
37 220
219 217
122 77
156 54
222 60
88 47
156 187
169 165
39 212
196 153
113 116
13 64
69 61
177 120
87 134
9 192
46 107
101 176
160 132
187 154
194 15
21 129
215 210
37 172
64 84
89 105
72 126
34 123
196 55
178 141
24 82
37 113
26 72
191 33
109 70
14 106
143 160
223 118
84 199
107 59
52 109
160 63
56 212
127 213
179 21
148 100
45 148
78 128
145 67
136 49
19 186
29 6
160 80
224 48
164 11
70 123
211 148
49 8
158 195
127 125
92 46
222 2
47 123
170 93
3 109
6 59
8 29
166 168
175 68
18 86
0 143
115 71
103 19
185 84
24 9
54 67
85 198
5 57
59 92
32 210
76 93
177 96
175 122
200 19
50 29
70 113
186 86
154 37
209 145
145 100
10 51
95 178
226 155
228 124
36 139
17 63
28 219
8 102
146 184
156 70
98 88
186 182
190 133
198 9
174 22
58 45
42 65
151 228
226 104
54 201
175 144
145 7
144 45
20 48
56 56
154 183
76 78
218 205
174 9
98 208
58 130
139 101
109 162
32 161
61 224
6 42
199 132
206 78
149 221
164 116
144 112
68 203
108 98
212 98
163 213
191 94
84 147
148 44
216 52
192 97
132 58
144 37
64 201
159 179
198 200
107 14
110 89
0 171
96 201
34 6
160 15
136 72
179 132
190 38
84 223
210 165
64 177
205 8
149 42
132 13
89 15
154 219
119 74
174 47
225 91
228 105
30 13
121 58
92 143
52 181
83 221
105 22
7 189
26 86
174 206
23 213
37 185
145 13
192 103
192 169
60 157
215 31
137 70
125 157
213 0
132 154
11 184
226 138
123 17
128 53
116 31
102 117
53 144
17 186
50 69
90 70
101 191
179 201
89 74
1 28
58 56
160 157
16 132
175 113
49 91
41 186
214 106
181 29
195 3
40 206
188 161
18 165
79 46
101 65
10 28
177 26
123 178
192 134
48 142
63 227
191 185
84 127
131 31
215 116
123 11
191 142
39 86
202 207
56 126
151 114
68 21
135 1
90 31
212 48
157 61
37 199
106 168
161 170
166 21
200 175
199 118
121 64
147 80
10 216
136 78
213 217
183 20
73 8
175 228
31 3
58 142
23 151
86 200
221 168
148 37
92 190
132 47
36 73
194 55
176 32
216 29
85 3
227 164
75 38
1 65
23 24
100 165
137 196
94 209
186 134
94 17
79 165
129 162
76 122
6 182
79 18
117 72
81 72
14 99
75 151
198 72
48 24
183 170
134 59
58 38
128 87
119 144
111 48
31 96
153 177
188 23
185 42
209 36
158 5
96 221
50 217
207 225
160 183
60 211
224 197
118 15
21 127
50 160
171 124
63 63
194 76
3 64
4 166
144 203
7 53
223 143
119 155
7 130
219 154
59 204
99 1
215 168
4 226
79 122
150 22
87 112
24 176
47 44
127 64
119 98
139 187
133 90
3 58
205 54
156 21
170 13
94 89
90 211
66 168
180 160
162 221
194 127
146 162
63 151
120 0
169 210
75 57
169 223
12 176
107 106
121 203
222 41
166 36
113 201
223 74
121 139
192 51
140 224
210 208
77 111
136 213
64 15
168 199
33 106
7 163
157 110
149 175
123 65
53 107
179 182
97 79
33 43
94 112
97 199
167 53
63 48
182 62
11 162
79 145
68 133
98 210
207 105
186 97
96 141
94 81
92 194
17 175
143 147
61 226
86 23
120 205
33 27
207 69
158 1
23 114
15 113
207 217
169 132
2 155
64 106
111 70
87 160
218 203
15 48
110 134
172 90
37 115
96 134
52 120
53 226
140 30
27 94
66 206
194 147
1 101
68 81
219 90
210 102
58 145
96 18
166 180
194 191
206 36
171 29
135 226
122 86
79 197
57 186
193 185
50 59
9 140
90 203
77 19
90 10
136 121
56 73
162 187
9 88
28 68
171 16
75 224
143 55
211 137
133 32
202 38
8 111
225 93
190 96
104 81
161 226
210 45
220 73
149 71
204 110
17 167
192 68
104 114
40 175
117 198
20 14
39 146
22 107
147 130
43 73
60 52
14 5
223 77
66 27
103 17
120 198
196 156
218 82
46 210
93 123
28 86
152 37
226 2
39 54
107 204
135 17
96 60
132 183
104 213
219 201
186 123
209 182
9 25
105 173
228 107
188 96
40 52
41 181
70 159
189 150
72 3
126 144
226 72
193 90
63 83
147 68
58 94
99 128
10 158
170 145
122 219
89 172
28 95
134 151
106 4
140 19
39 78
114 185
130 129
82 92
77 215
199 151
16 59
191 153
213 50
173 31
116 98
202 140
47 195
38 207
184 141
215 139
144 49
13 62
54 16
139 172
207 100
84 211
77 70
36 180
43 165
205 58
35 186
120 80
69 204
90 150
89 107
11 186
222 62
117 94
51 99
218 185
115 211
202 163
51 75
122 99
43 228
58 193
71 157
215 26
3 15
25 216
60 218
1 84
225 80
13 206
197 41
29 65
92 147
185 40
110 45
130 127
66 18
14 61
55 131
86 127
79 79
2 63
66 69
31 5
209 218
151 39
64 153
90 88
7 95
19 221
114 111
171 160
22 61
138 210
68 193
19 219
82 25
213 94
199 142
26 67
47 121
133 17
140 99
180 86
64 38
62 32
46 168
21 59
177 24
184 69
199 67
206 58
16 188
189 21
153 161
69 34
130 53
119 153
27 6
117 202
141 153
158 54
123 127
88 157
127 146
214 84
130 223
71 186
59 18
71 101
103 50
104 97
120 96
77 72
142 88
50 212
21 24
209 100
149 205
142 29
70 215
126 76
190 183
20 74
208 35
35 87
60 13
39 68
221 63
149 26
189 32
209 79
100 71
203 179
4 59
159 175
204 30
163 142
16 96
4 126
137 76
164 152
53 22
213 222
27 78
33 50
97 97
194 142
38 135
55 58
1 226
133 45
111 116
109 23
136 112
140 59
206 109
110 174
96 13
208 59
186 48
4 182
35 54
11 116
18 138
209 66
15 35
33 191
174 80
93 165
22 115
98 119
123 100
3 167
166 55
138 78
112 67
104 187
205 154
142 222
181 77
163 87
119 127
81 17
200 76
92 222
117 179
108 151
162 136
24 22
153 68
212 170
138 40
132 210
181 176
225 64
23 127
181 214
227 11
112 166
48 157
97 4
219 56
106 67
71 133
138 23
34 185
42 63
196 16
159 113
106 217
112 146
213 145
217 37
125 78
221 127
49 124
117 7
98 188
30 74
24 47
60 63
120 109
203 167
155 139
182 191
45 132
10 45
189 108
225 218
106 123
197 202
109 6
160 220
31 156
168 48
147 147
121 197
198 25
28 204
27 121
72 0
133 195
31 100
178 203
47 3
178 225
25 174
136 110
73 170
121 195
96 76
28 54
215 200
185 10
180 226
34 144
221 131
59 191
185 161
59 176
70 21
68 6
7 193
96 209
119 179
0 41
129 55
186 54
55 83
213 19
24 102
49 165
185 125
101 164
203 6
162 185
31 104
154 148
200 45
137 143
218 183
166 194
98 201
32 13
29 190
127 191
163 93
86 147
169 78
119 29
205 193
134 183
217 171
51 9
157 55
128 225
82 112
97 219
105 113
152 200
26 92
2 169
67 43
146 190
76 132
33 223
101 92
116 139
207 97
98 6
224 199
4 67
162 201
110 91
75 201
211 29
24 214
9 92
174 153
160 159
124 109
48 70
224 223
117 106
38 171
29 26
187 223
146 107
124 149
224 62
18 74
201 133
102 48
0 186
202 99
7 205
168 38
124 216
94 180
130 215
55 7
121 123
211 206
221 153
136 86
222 26
214 154
128 172
187 128
3 139
136 19
36 34
167 110
145 142
160 188
195 157
76 3
66 6
34 125
20 33
22 26
108 12
193 74
134 114
185 169
61 3
13 171
106 54
110 219
114 84
162 92
140 57
215 24
133 34
198 62
215 171
10 80
149 183
19 102
111 220
154 66
17 35
165 22
124 9
208 104
15 171
105 192
165 95
82 173
34 77
139 183
91 116
118 96
178 61
7 43
99 203
166 152
44 173
125 50
87 198
159 7
7 191
106 160
144 168
51 194
45 4
64 59
157 84
135 206
26 123
110 167
98 198
169 97
17 14
43 31
75 9
109 150
86 162
162 15
47 227
214 122
59 119
25 218
212 27
175 14
146 82
223 0
215 91
14 14
105 182
223 100
157 201
26 214
186 37
152 213
92 151
172 189
184 27
177 133
218 174
25 101
152 79
9 194
175 23
56 208
117 40
10 118
157 164
184 153
79 183
161 96
172 99
5 207
142 57
24 163
209 132
124 187
44 40
150 38
68 146
212 2
151 41
119 43
202 85
30 58
195 184
193 118
12 217
74 66
32 140
132 173
113 179
142 23
158 151
158 219
145 214
48 127
173 55
20 26
186 212
222 98
105 146
25 31
110 152
9 8
1 174
39 112
181 22
98 60
104 95
64 102
62 107
41 7
69 98
117 228
194 159
84 63
217 211
174 175
67 220
14 128
108 135
55 154
122 221
113 72
58 113
135 134
28 76
21 167
196 91
223 97
48 117
66 227
65 152
100 123
41 31
138 42
46 114
200 123
26 20
159 226
174 40
55 20
113 102
194 201
105 60
88 166
193 88
54 74
46 139
35 114
1 32
61 148
217 167
73 134
19 20
218 161
192 35
52 82
44 224
23 174
217 201
222 175
123 189
26 102
214 51
60 108
40 179
218 150
95 25
166 108
94 160
29 163
219 162
113 169
48 4
174 1
145 51
87 172
55 152
152 226
102 159
153 163
19 151
129 165
188 133
182 152
84 112
109 59
180 60
223 126
173 45
84 216
123 180
130 183
161 178
65 164
163 28
213 100
149 52
192 171
194 25
197 74
36 23
156 218
115 0
62 16
80 68
86 121
152 219
16 4
12 24
36 94
119 129
78 99
74 37
31 82
203 192
33 152
112 200
134 193
162 158
80 150
180 114
228 199
218 146
124 226
62 129
104 144
34 206
140 92
134 198
93 198
3 47
176 40
73 22
106 224
10 165
28 56
145 128
110 143
193 53
23 156
185 197
224 147
67 212
46 170
181 162
193 181
184 102
147 171
162 95
180 146
59 217
118 31
139 216
41 57
135 153
117 130
88 95
135 29
182 24
0 29
7 0
133 185
149 212
215 141
64 155
119 72
121 66
149 113
193 206
143 79
216 87
154 48
70 115
125 90
103 132
102 131
196 169
168 206
42 52
37 122
48 125
136 215
8 122
206 219
19 198
171 14
115 26
179 156
83 37
30 38
28 61
171 204
180 52
192 218
166 200
157 213
54 5
8 217
221 39
35 17
67 80
222 223
164 56
224 20
91 104
1 9
30 60
30 11
65 61
195 53
191 148
98 12
176 191
6 84
35 96
104 24
179 184
137 17
5 73
46 22
135 202
11 63
53 53
220 149
9 103
170 199
114 86
135 61
15 102
191 21
131 29
201 36
219 215
25 156
203 202
157 71
32 197
27 101
107 185
104 179
20 228
141 4
179 138
193 37
113 120
72 169
181 170
93 91
23 93
78 137
68 70
208 98
56 188
157 20
149 69
37 156
212 127
61 168
65 135
144 35
190 47
109 76
182 86
24 20
223 218
217 140
224 50
8 173
102 98
58 213
173 212
41 54
95 80
25 37
191 119
210 85
65 49
217 142
75 40
66 209
123 218
171 31
112 157
111 103
117 33
148 35
176 195
44 45
60 39
112 114
45 60
147 33
222 152
182 139
36 15
34 218
209 163
45 157
48 155
42 176
187 111
127 93
29 130
174 7
175 173
28 24
104 161
47 15
77 34
124 119
219 170
160 222
66 131
86 83
178 12
133 217
41 0
209 74
41 104
86 25
186 159
93 35
84 125
205 125
42 120
223 154
16 137
153 193
54 120
225 164
176 165
167 212
177 173
0 155
138 126
97 101
56 130
209 70
60 144
84 179
157 13
67 169
74 153
135 37
7 195
169 216
226 125
222 43
149 2
117 22
137 141
170 202
87 66
219 209
151 153
59 90
194 228
171 54
55 161
36 206
44 32
13 120
18 204
187 195
186 153
11 37
29 97
89 68
213 174
225 0
119 117
77 9
32 124
187 187
33 41
123 122
168 141
172 56
90 40
78 223
73 39
12 148
21 54
75 192
184 96
184 176
13 202
204 207
227 83
24 1
8 178
85 227
140 117
213 36
223 65
50 214
43 190
75 153
200 190
172 64
17 20
36 169
213 104
203 46
47 5
17 87
66 109
158 46
165 172
107 42
212 13
204 157
71 8
145 206
205 191
219 187
19 212
207 108
34 28
59 132
5 147
5 47
180 108
50 82
19 176
218 148
44 126
69 199
155 162
45 2
81 121
143 199
113 53
152 129
215 94
82 83
191 217
117 156
156 80
176 102
195 199
217 109
148 188
224 110
195 12
22 196
94 218
174 140
6 174
161 141
204 150
113 65
96 75
157 135
133 178
106 44
193 1
43 100
69 122
82 214
104 124
157 108
198 42
15 141
210 19
195 74
43 58
202 87
22 133
203 210
85 94
54 103
167 204
47 20
117 138
158 63
159 61
183 125
173 13
198 154
204 86
142 164
133 6
222 78
169 76
171 62
188 220
155 109
213 4
218 98
18 228
56 139
87 174
156 150
18 21
79 163
180 3
8 45
64 161
196 82
179 199
162 122
90 53
74 117
20 133
73 41
223 105
170 22
71 205
143 119
69 32
211 6
159 111
18 161
186 189
31 191
115 202
4 209
1 106
120 56
22 39
19 84
20 9
131 165
93 37
147 192
207 67
160 103
218 54
130 226
79 9
41 113
124 91
151 94
133 152
37 59
64 104
147 119
217 100
58 9
89 142
210 42
1 99
151 116
85 59
161 3
79 177
75 102
97 103
111 62
227 92
203 126
96 181
187 8
135 126
147 56
215 68
213 153
1 20
177 193
100 130
217 209
132 114
104 4
46 45
112 8
160 101
116 132
195 119
125 35
61 118
170 90
216 83
176 179
69 135
214 170
194 106
208 77
68 219
128 49
106 188
18 37
80 213
114 158
220 161
200 193
129 146
151 80
133 78
44 106
157 52
161 212
87 29
55 159
91 24
131 6
120 221
102 28
46 184
106 87
223 38
149 14
110 159
108 67
93 184
170 56
67 205
156 165
105 115
207 21
206 29
214 55
111 65
189 209
121 22
5 1
175 61
44 220
52 97
65 187
134 10
211 133
198 113
6 61
116 213
202 212
0 216
143 6
162 214
201 201
53 202
119 148
137 117
56 142
158 79
62 18
201 101
128 193
214 131
11 78
145 32
128 211
141 220
177 64
148 65
56 5
