47 166
195 83
31 140
196 188
140 87
126 175
106 150
1 40
79 135
186 209
42 226
142 201
39 199
156 205
158 21
91 38
7 70
64 108
58 211
5 69
56 214
129 124
175 124
181 201
179 27
224 103
165 149
108 43
17 205
90 77
31 130
60 83
21 102
6 27
111 194
125 98
202 186
196 224
6 165
118 132
87 3
128 215
108 186
123 138
81 154
154 166
147 3
34 66
172 205
62 27
103 167
223 183
158 98
70 227
6 203
25 161
144 23
9 109
124 134
81 135
82 187
126 49
199 143
153 204
75 1
112 29
188 189
71 207
223 166
96 195
145 95
132 212
57 160
200 7
159 71
110 183
221 187
53 76
135 84
10 161
95 93
133 28
152 76
83 205
180 191
70 147
26 60
123 182
219 64
122 24
190 106
159 109
133 107
16 204
168 167
131 146
57 40
194 211
14 97
167 123
13 84
11 55
133 105
59 41
195 81
108 160
184 17
144 149
12 87
168 109
175 97
211 4
55 66
174 195
60 11
130 63
110 212
222 116
225 74
65 79
227 191
53 41
50 73
91 153
30 162
46 208
215 100
170 133
111 46
86 31
191 31
173 207
38 82
94 182
149 40
177 153
26 9
52 74
181 137
153 146
140 163
205 67
191 99
149 171
215 36
182 160
78 167
43 181
206 185
163 169
188 165
126 158
156 184
130 35
133 174
146 177
206 123
227 122
69 73
134 156
81 9
26 185
66 124
13 190
123 97
175 38
72 143
146 36
127 139
193 129
69 8
52 191
73 60
63 93
26 163
154 153
156 225
35 224
176 189
161 155
202 178
130 113
88 209
40 16
176 47
150 78
126 201
151 33
206 165
121 199
134 120
189 47
222 167
160 78
14 173
205 59
31 33
92 78
37 21
121 180
88 168
193 149
109 82
157 211
209 204
15 84
128 206
33 103
53 103
78 212
21 213
57 85
110 223
213 224
98 186
163 58
182 108
34 193
13 185
9 117
72 46
18 119
109 93
142 121
67 135
158 188
2 95
140 84
166 178
44 16
108 57
78 193
178 36
107 55
180 54
201 12
158 83
94 119
51 53
104 199
73 54
9 78
126 215
17 123
80 109
126 54
184 211
47 85
170 33
133 176
88 72
18 185
85 51
68 131
50 128
216 85
64 165
143 137
0 201
163 21
58 101
95 57
113 125
130 210
155 142
181 64
194 209
183 106
21 45
141 142
96 161
68 201
208 54
61 53
28 120
58 180
159 49
6 227
9 70
85 36
115 170
124 37
61 79
166 72
28 179
129 24
70 16
164 186
162 79
168 201
84 130
140 126
67 179
23 135
38 210
75 97
38 84
117 26
194 218
33 159
161 46
172 79
171 12
154 213
207 192
6 172
150 165
88 200
215 38
187 6
156 159
181 129
16 48
215 62
181 27
171 123
138 99
69 209
123 50
223 141
189 67
189 56
179 130
118 38
33 221
126 156
104 142
9 53
187 126
88 159
30 177
218 12
67 62
44 94
171 18
4 224
84 213
44 175
139 115
153 199
207 95
12 80
66 199
19 159
184 190
25 153
116 24
45 181
126 119
61 175
217 39
208 33
121 128
51 196
210 135
171 65
143 151
32 189
151 154
140 17
7 9
100 43
29 85
42 98
110 30
91 142
196 96
102 192
225 205
226 136
193 29
78 85
141 184
32 45
171 132
223 225
119 209
202 122
93 115
154 225
30 20
96 46
196 201
205 163
203 217
48 16
129 214
48 211
8 105
19 148
170 89
7 21
218 72
125 139
226 83
159 200
66 16
94 220
143 3
129 37
48 178
7 197
71 97
52 215
111 217
120 46
177 15
146 24
3 118
131 41
187 136
172 20
208 156
191 226
76 118
28 123
42 166
147 205
35 64
223 20
139 105
173 117
75 80
130 71
140 134
75 121
221 177
37 131
101 54
59 194
181 19
30 16
199 90
78 159
191 121
225 195
176 62
155 211
134 112
46 69
135 162
182 146
22 160
24 133
6 122
77 192
139 132
221 80
110 22
148 13
19 18
74 222
109 217
63 143
192 46
207 71
19 33
96 139
184 89
82 151
173 155
100 125
143 7
49 72
95 198
214 194
123 108
76 36
86 47
44 23
6 93
155 216
11 193
73 205
226 31
33 131
80 193
190 154
42 164
27 218
182 150
163 190
85 110
71 184
180 203
96 1
40 50
73 106
104 54
182 208
35 30
82 54
151 199
41 59
30 132
60 114
173 181
35 184
1 141
3 87
29 112
81 46
177 155
224 162
124 24
96 121
226 134
48 215
130 171
16 173
60 220
24 228
89 205
4 85
46 158
130 19
47 8
196 25
169 163
21 158
117 12
115 15
213 172
160 43
196 171
20 169
107 104
85 61
20 116
179 128
190 98
167 128
125 184
62 145
162 65
211 224
212 119
25 84
149 189
132 43
78 33
38 95
103 219
159 26
53 132
57 131
216 98
54 3
81 74
111 14
60 198
66 222
146 97
29 101
74 32
198 172
129 192
173 15
144 146
224 99
102 172
173 83
16 73
163 48
228 33
22 227
173 125
92 149
49 26
150 50
187 88
178 89
123 84
107 125
119 138
144 106
13 73
75 92
184 139
20 141
62 85
38 17
20 30
156 107
139 186
69 215
10 163
204 219
51 107
90 7
188 210
181 84
19 28
77 179
117 128
15 100
18 79
202 20
119 22
169 57
226 186
142 111
27 49
17 112
20 174
180 209
87 120
25 202
177 187
171 111
184 83
165 66
1 52
102 39
156 136
194 51
193 99
49 10
127 26
156 112
3 19
182 226
143 213
129 151
148 177
213 140
187 138
116 214
3 21
131 198
194 135
23 216
197 89
200 60
13 224
224 142
103 115
136 3
124 48
150 16
26 108
59 206
219 68
202 18
185 79
192 105
126 28
160 91
6 36
36 210
224 32
206 76
222 32
102 143
185 221
8 41
192 192
109 193
12 1
166 76
52 105
91 118
29 83
96 17
202 176
43 4
110 8
71 190
58 215
105 66
214 124
57 168
99 153
193 175
112 210
140 222
70 186
5 38
64 163
25 90
70 200
210 72
26 110
215 3
202 44
67 60
151 142
10 97
114 55
22 204
154 136
124 33
212 8
202 77
205 152
13 177
228 172
187 79
185 12
161 13
106 180
226 116
34 139
25 18
216 193
223 177
104 181
53 90
7 25
167 174
160 151
97 81
173 71
36 134
150 219
16 119
167 154
196 182
149 187
82 118
117 14
181 228
119 157
104 221
211 35
137 39
204 177
157 48
211 79
179 45
59 0
195 190
160 45
11 10
220 88
39 223
183 175
204 187
6 82
127 202
197 192
216 212
140 79
111 101
184 53
151 92
51 152
165 70
145 181
58 158
84 151
101 132
86 151
215 209
200 164
63 79
74 42
59 117
61 64
97 10
147 99
201 205
60 19
170 190
52 115
195 48
82 177
102 31
80 8
101 41
84 85
74 189
11 74
107 6
209 153
35 2
190 211
57 29
130 179
224 220
101 73
3 1
90 100
152 176
189 65
205 95
150 130
52 183
52 65
104 32
135 204
169 142
136 139
182 69
150 128
220 78
1 197
107 122
186 139
50 80
123 187
42 216
211 218
75 44
79 23
2 215
61 221
128 112
29 147
203 151
120 93
25 49
201 0
204 212
32 52
192 66
186 155
181 183
86 159
68 210
55 18
216 54
207 152
24 108
91 17
23 172
114 219
200 108
112 78
16 108
224 92
69 83
23 80
31 75
199 35
48 81
26 70
144 47
3 91
187 21
159 3
94 58
23 32
5 151
170 20
224 207
123 158
131 45
78 143
109 141
179 91
39 181
109 105
67 90
112 33
78 177
5 162
79 71
191 181
173 174
204 148
71 53
73 174
101 146
187 13
114 153
182 18
100 63
129 198
53 25
167 208
115 32
98 39
60 196
118 13
16 86
64 32
224 79
146 201
36 174
179 96
98 164
222 162
193 104
145 110
77 21
13 137
64 86
53 128
105 201
228 126
98 155
34 187
81 175
178 101
3 27
211 146
122 100
135 5
117 65
12 212
160 5
52 4
40 155
0 145
144 226
4 180
194 197
69 156
77 169
8 165
103 30
197 12
84 177
217 2
163 23
21 186
108 84
215 114
147 186
122 119
104 79
192 114
96 179
174 88
213 57
196 11
30 102
155 146
152 47
28 188
116 190
195 89
142 70
128 71
182 16
142 224
84 35
215 18
67 8
75 214
109 181
132 111
34 109
183 228
145 3
54 23
138 2
160 194
92 192
225 212
174 103
135 228
163 140
59 222
115 179
197 223
89 29
79 53
32 125
99 73
189 7
89 89
225 9
28 111
126 148
82 212
16 21
35 58
152 165
61 190
89 207
172 185
2 84
210 53
224 181
195 216
204 5
182 54
142 207
21 131
221 72
144 94
214 98
2 49
120 145
157 11
61 62
61 170
151 18
117 55
126 41
151 203
224 136
108 129
184 173
167 172
18 188
82 81
194 220
152 144
95 29
120 194
162 9
5 139
220 211
168 75
222 198
160 130
167 107
151 56
202 137
58 188
15 150
82 90
12 21
38 201
70 75
154 125
27 52
164 30
80 100
185 95
206 5
5 124
212 117
186 132
21 113
22 10
35 60
65 45
105 195
151 205
20 65
154 121
40 134
180 220
44 226
134 154
211 77
66 122
75 205
94 145
195 17
71 73
36 197
162 37
108 91
45 203
115 141
227 213
162 228
195 30
153 57
216 154
32 43
39 30
87 170
28 177
51 150
150 191
183 44
83 126
60 17
15 205
109 41
212 190
225 126
76 144
221 24
143 31
113 5
223 131
28 8
141 151
208 86
64 71
26 96
40 39
171 81
56 172
116 216
6 225
42 46
191 168
32 219
150 54
110 12
95 52
65 36
48 213
209 55
208 220
32 135
145 56
0 81
50 218
208 117
133 98
36 6
116 218
33 143
53 19
184 114
108 133
184 19
21 84
161 202
59 172
79 95
40 81
6 126
43 112
159 55
139 153
218 207
13 152
46 127
128 144
153 109
16 52
180 157
95 23
98 195
147 84
5 137
3 214
122 146
46 83
7 23
101 16
0 116
3 66
49 176
193 13
14 108
141 115
57 71
65 90
126 7
34 113
22 92
136 41
77 182
201 62
69 169
148 90
148 11
98 18
37 223
123 198
172 1
166 214
223 13
219 167
169 111
123 164
71 55
135 35
9 185
89 101
170 140
58 115
169 203
10 26
182 115
41 152
129 126
71 145
160 224
158 149
93 33
135 51
92 16
51 84
32 108
216 106
206 33
109 185
123 140
89 158
14 189
97 160
5 190
190 22
123 117
61 120
38 28
18 140
41 87
129 17
21 173
204 28
172 183
80 167
176 104
94 194
208 13
16 78
123 185
144 33
37 75
209 167
25 45
185 137
38 22
205 46
180 78
198 76
137 123
75 143
32 11
168 225
166 68
93 45
21 150
51 90
112 44
203 175
117 134
192 201
182 210
167 165
118 204
104 224
213 25
115 65
137 205
74 99
9 10
206 118
228 163
136 211
104 28
138 57
191 158
60 228
224 133
138 158
100 207
56 205
69 202
127 142
73 218
127 56
145 160
89 24
14 22
80 195
213 15
134 196
176 4
142 46
134 12
107 88
46 206
172 37
197 30
2 152
228 31
166 40
51 26
169 44
209 228
186 71
226 65
150 121
224 112
53 224
114 211
125 127
76 203
121 121
197 91
11 134
178 126
72 152
102 96
8 94
129 139
68 27
6 80
65 133
76 221
209 20
144 201
185 56
118 227
19 1
88 104
132 80
200 116
115 159
130 42
122 67
66 5
1 154
56 115
44 114
207 167
218 133
15 136
202 103
50 51
29 39
177 38
82 194
204 123
221 19
83 124
208 84
153 80
170 109
132 63
200 177
1 143
40 114
44 78
28 59
112 85
220 56
46 110
112 222
214 92
42 5
203 135
8 157
96 119
190 5
88 31
145 186
47 99
216 1
80 54
99 148
117 200
145 119
106 170
225 114
106 200
90 152
85 145
111 112
181 106
17 84
200 211
133 61
171 44
76 98
12 26
219 57
95 123
77 40
216 156
197 199
77 52
24 39
35 126
114 92
216 175
203 142
135 69
109 65
5 194
63 61
13 150
205 111
85 49
186 41
9 36
111 179
212 103
163 226
34 169
78 214
3 31
40 121
217 14
169 61
214 202
202 143
215 104
38 7
91 61
174 32
223 102
127 51
95 48
82 136
211 43
50 65
100 188
92 163
37 208
35 42
162 208
51 101
40 150
225 210
99 108
83 3
112 160
58 147
56 120
209 44
203 40
162 104
25 114
213 147
205 204
74 172
182 88
73 190
104 194
96 112
158 91
130 150
19 167
69 96
84 53
4 49
206 31
17 202
218 121
54 161
7 104
67 29
186 23
183 205
193 157
16 115
169 23
226 48
143 44
175 177
39 158
79 161
222 49
228 52
7 161
188 87
135 71
67 97
88 25
14 125
29 63
82 120
79 169
151 221
174 166
46 156
182 3
35 51
7 110
56 193
179 216
1 2
192 136
103 65
79 107
132 133
126 86
106 206
95 128
28 37
1 42
36 171
109 80
95 158
143 61
223 9
172 200
227 216
23 179
0 21
201 145
197 60
156 144
40 98
157 203
93 227
158 73
103 145
149 1
139 142
15 63
45 99
122 216
188 151
210 195
125 125
5 205
170 184
152 31
41 42
49 226
164 20
208 200
202 42
210 216
149 129
47 90
109 14
16 16
80 158
4 151
53 149
208 207
217 200
210 220
26 51
114 126
55 128
84 83
58 196
57 128
220 213
45 228
114 166
168 55
119 67
112 64
131 177
103 33
81 157
105 52
39 153
206 179
113 108
66 170
164 32
167 51
131 185
207 60
92 120
1 22
49 35
130 160
137 101
118 78
64 226
222 227
54 97
132 216
213 208
62 177
149 92
180 131
39 107
152 21
6 16
126 34
59 169
74 56
44 167
167 57
175 30
41 133
127 91
186 35
17 193
16 12
81 216
144 162
96 228
25 24
94 162
89 133
89 94
138 214
111 24
227 141
117 171
113 70
141 14
66 85
60 106
185 6
62 109
10 142
4 79
122 56
18 194
50 109
91 144
64 26
96 34
8 226
222 148
103 7
110 145
35 105
167 36
51 49
120 78
99 112
169 144
97 99
111 76
59 167
36 28
124 41
165 182
78 112
118 20
188 163
55 203
126 226
165 112
29 4
208 136
34 52
167 210
159 13
67 139
42 33
221 104
141 6
114 30
20 86
100 69
101 29
157 7
35 19
53 151
2 183
18 142
181 46
81 111
5 145
214 53
31 208
196 76
163 70
33 225
52 51
86 43
159 177
42 94
206 156
51 226
6 176
152 224
141 21
137 74
207 145
175 207
20 67
14 93
142 59
101 108
10 175
20 188
144 66
93 93
77 161
22 0
228 11
21 136
68 124
108 143
31 27
38 168
158 221
214 1
108 78
108 123
224 66
223 51
224 73
189 54
168 100
50 28
4 212
37 71
52 47
113 188
94 121
20 32
181 66
33 99
47 119
203 205
189 13
194 97
128 174
41 192
210 1
112 39
60 73
63 149
144 144
175 193
38 221
223 36
205 224
26 197
130 4
81 26
52 179
220 145
186 39
184 183
167 133
112 42
199 70
111 35
216 177
53 83
142 140
209 68
86 129
105 21
195 143
130 99
81 13
3 40
191 29
10 220
71 217
18 60
168 21
124 194
28 51
155 123
17 101
113 106
59 29
1 200
37 19
157 23
54 205
217 91
9 43
169 30
190 51
38 133
189 147
220 129
210 47
166 47
88 7
151 223
101 215
116 186
225 184
95 125
181 44
144 177
87 45
217 68
199 44
79 139
136 119
62 101
143 74
71 66
146 207
110 161
153 117
121 159
24 86
183 184
41 159
122 109
86 184
66 201
162 102
60 21
26 204
171 35
91 90
144 158
160 82
41 204
132 141
83 149
52 189
14 95
221 225
34 162
177 45
118 145
26 220
57 173
19 53
144 135
44 211
82 159
91 75
19 134
87 33
105 56
10 196
61 183
202 60
122 62
66 210
59 178
146 132
112 152
89 135
204 185
150 90
26 119
96 218
155 48
187 141
75 133
168 188
62 20
5 196
195 150
57 42
105 2
53 118
3 227
171 188
18 65
191 132
21 199
31 142
187 66
154 79
93 153
123 58
43 105
144 71
50 61
13 46
25 193
200 43
187 103
118 115
106 186
30 179
65 192
161 176
92 53
108 183
34 149
78 17
98 110
165 110
124 7
37 88
69 28
93 186
163 36
36 218
55 72
19 192
36 144
218 156
25 172
86 225
56 30
36 192
106 98
217 135
3 62
150 63
159 202
183 46
48 83
228 154
148 46
137 22
47 191
78 39
98 64
165 86
43 7
115 13
170 101
205 127
120 42
0 43
5 26
3 107
188 106
198 111
181 110
85 135
110 32
166 38
99 4
198 170
181 1
168 212
28 90
144 126
93 166
133 135
196 177
158 25
58 186
123 39
213 47
109 131
142 62
127 85
193 48
160 121
153 119
169 54
164 200
135 200
33 4
62 60
92 18
115 187
216 185
165 119
129 30
41 125
131 143
140 94
222 146
200 102
4 89
155 204
30 36
103 215
170 217
189 58
100 110
135 217
1 14
100 39
39 41
34 115
66 107
180 62
138 124
84 225
110 172
25 7
201 216
152 120
127 72
208 226
93 173
14 211
155 5
69 217
154 144
100 172
19 149
131 175
13 188
149 5
6 157
80 91
114 38
226 193
194 171
80 32
35 199
193 216
47 202
201 209
148 190
88 106
216 189
44 47
67 41
72 30
82 47
132 131
182 29
81 206
193 226
62 184
41 85
157 32
142 72
159 95
166 84
154 151
88 5
147 221
110 16
172 228
87 149
145 133
118 57
21 12
130 111
141 132
38 73
3 154
204 8
226 177
39 136
19 35
71 180
49 122
102 178
185 143
23 45
56 102
151 20
217 61
117 160
193 203
159 19
61 194
55 91
112 168
178 181
77 80
192 95
15 44
198 162
42 174
170 75
205 183
192 183
6 2
108 69
210 75
155 126
4 83
226 132
1 56
216 28
117 209
74 20
195 105
94 126
15 202
110 20
121 29
178 154
47 193
194 36
130 80
152 91
8 176
92 165
27 165
47 149
204 41
110 26
147 199
213 219
97 177
112 21
124 220
103 15
192 120
110 114
118 177
59 224
129 178
170 228
43 218
13 42
176 175
167 77
190 164
223 110
204 76
162 188
155 192
45 172
34 210
40 106
72 10
1 50
192 140
216 195
224 115
94 0
219 40
54 65
216 93
41 68
145 216
165 50
5 149
169 102
140 201
15 152
40 83
152 23
195 98
218 70
215 196
181 148
158 228
162 159
69 220
226 174
107 40
99 10
23 59
184 203
210 22
89 9
156 72
116 38
81 218
32 91
16 184
72 114
142 135
198 189
41 66
26 47
173 69
126 194
198 125
102 94
68 37
100 87
6 45
65 8
107 2
30 76
141 61
39 20
65 92
165 151
191 70
169 28
80 133
9 134
18 108
48 137
202 161
227 95
18 49
95 216
88 211
172 216
159 155
159 32
139 199
167 151
221 37
224 138
187 55
222 92
194 155
12 28
161 165
139 98
138 18
99 146
227 114
100 193
68 75
198 221
54 141
140 103
37 8
140 176
111 99
84 134
41 118
3 45
38 15
203 101
158 133
31 226
115 208
179 37
123 79
40 146
20 16
85 186
95 32
172 218
54 46
9 177
73 2
190 123
201 203
178 109
195 226
183 177
71 60
151 211
30 14
48 115
131 17
27 202
186 78
18 183
127 163
103 169
227 128
214 96
146 14
139 85
168 162
52 129
31 158
72 203
103 211
185 195
196 84
183 162
125 108
167 223
18 132
122 60
198 109
198 153
94 76
224 2
200 110
129 141
213 113
143 110
135 106
34 133
193 199
38 217
20 160
191 49
205 167
40 201
201 118
204 61
87 196
123 22
134 78
58 140
95 172
43 60
99 41
220 189
19 58
15 111
121 91
81 137
45 137
134 62
57 171
210 104
9 96
119 58
93 179
212 76
63 159
157 9
7 146
1 16
134 8
4 113
73 151
148 120
145 43
19 131
27 173
167 86
69 114
218 62
10 167
46 124
148 131
35 216
216 183
8 171
171 148
164 18
142 93
195 1
223 40
215 191
194 182
160 153
203 53
101 49
190 219
122 48
24 158
81 82
49 196
161 167
94 68
143 51
3 17
159 47
45 80
211 205
56 46
211 73
75 66
170 197
179 84
130 125
130 144
66 154
164 215
161 143
99 102
66 39
101 174
121 154
168 130
118 1
63 50
211 153
116 86
43 184
74 3
41 141
12 56
17 226
119 223
33 168
42 41
84 5
86 165
185 151
164 68
103 161
48 68
4 81
117 158
203 139
182 113
105 58
176 172
142 83
43 53
172 153
82 128
153 142
95 78
222 73
223 80
190 34
177 215
37 33
164 34
121 76
128 60
123 166
183 64
187 69
72 124
141 105
32 138
25 167
63 119
132 187
142 162
183 67
187 198
4 15
118 111
26 0
178 28
58 73
125 191
208 11
159 97
128 119
133 89
91 43
30 148
72 75
12 8
202 165
122 8
108 25
58 31
217 107
90 175
76 223
163 7
63 52
65 177
193 133
12 98
193 207
90 216
149 56
187 11
108 120
163 158
41 157
152 66
84 1
92 217
163 183
92 0
131 55
118 24
162 216
71 174
152 35
33 208
136 125
12 93
117 224
104 134
212 92
9 196
121 167
73 129
203 228
177 223
75 60
11 3
161 1
81 149
33 97
18 26
120 169
2 202
79 81
77 121
72 116
168 179
16 110
80 69
184 112
19 206
137 105
6 132
85 221
131 89
108 45
60 102
223 222
108 205
142 2
58 133
14 154
119 200
196 118
129 73
175 16
85 141
82 56
43 203
53 95
211 168
119 113
144 57
125 117
213 149
91 51
227 49
43 132
9 34
5 164
205 6
227 81
211 163
223 34
72 86
145 151
192 107
174 62
30 188
23 161
24 196
14 139
217 187
57 8
41 100
117 211
91 174
127 58
93 84
208 102
155 105
101 170
58 43
103 26
10 94
218 218
209 46
50 56
132 15
150 185
57 91
26 2
125 85
159 59
49 194
191 112
227 188
37 63
219 86
79 179
140 140
96 126
44 205
107 181
7 133
103 217
50 178
220 49
133 197
5 17
175 48
54 130
177 135
49 20
31 77
35 130
146 89
213 78
187 64
58 219
56 35
49 84
23 153
127 62
94 135
164 9
44 17
58 121
161 120
173 114
144 121
30 120
87 64
128 128
203 22
118 86
125 39
1 217
196 51
80 188
8 132
81 226
132 120
36 124
6 211
69 119
36 194
54 114
160 123
84 183
89 213
89 103
16 139
39 205
192 210
139 0
76 86
102 124
175 45
134 215
71 170
69 191
135 194
64 17
6 112
168 183
53 142
97 137
130 187
131 167
194 121
203 59
103 140
5 111
206 181
220 147
97 24
61 51
100 142
141 191
87 58
6 179
46 226
85 67
161 174
164 39
160 105
21 134
98 86
99 55
121 171
72 140
125 18
158 81
95 137
35 208
174 172
157 227
167 131
117 118
189 49
209 130
191 13
13 183
74 62
39 186
171 83
124 16
109 179
73 118
176 75
65 51
45 19
66 37
76 101
31 18
70 143
15 121
72 100
26 227
100 53
25 212
39 123
185 219
74 220
10 218
111 126
190 202
207 131
50 116
46 40
28 216
1 172
67 33
228 54
71 87
172 161
207 154
98 35
104 159
26 206
205 217
48 22
91 185
38 76
97 156
66 137
152 16
12 159
20 143
64 157
111 169
64 137
81 204
10 212
219 119
205 176
182 168
78 195
38 179
44 62
7 18
84 24
56 44
222 220
90 42
60 204
129 167
112 90
22 8
83 175
130 200
203 159
123 69
70 213
119 107
160 134
6 209
56 158
219 178
50 158
92 135
157 69
218 88
177 94
37 78
142 149
65 69
221 77
178 54
124 106
114 78
83 78
74 203
181 80
143 215
38 144
40 95
49 54
89 215
23 194
76 33
7 124
180 89
170 99
186 180
156 124
121 44
155 215
221 65
184 168
14 148
22 23
139 170
226 162
51 55
111 141
14 118
46 32
122 227
180 140
88 87
27 161
191 65
133 161
161 8
175 181
194 11
42 17
48 108
2 44
156 3
173 38
32 163
28 67
81 80
204 165
4 56
76 194
99 192
223 23
167 5
189 216
154 181
70 81
152 115
145 153
61 216
120 14
22 82
113 100
92 188
135 20
208 115
146 168
169 107
49 219
28 118
89 16
85 65
150 24
30 118
202 8
86 95
44 209
93 80
29 141
179 186
40 148
138 187
59 69
219 131
107 65
144 89
67 47
16 10
72 15
10 132
16 54
218 176
211 121
125 63
200 130
164 113
208 165
201 159
198 131
150 213
125 92
165 169
111 6
86 210
67 120
76 96
87 182
0 114
74 58
45 196
120 178
59 165
188 4
210 87
227 70
211 131
174 215
195 140
201 70
153 59
118 225
97 66
110 63
166 74
227 209
100 67
39 88
25 195
47 186
36 4
91 214
83 13
211 115
10 115
199 29
88 151
45 89
140 165
121 108
66 166
206 216
93 60
106 144
94 31
80 113
60 27
21 94
99 190
3 120
60 185
225 182
73 44
179 4
151 49
74 131
75 110
155 149
132 99
32 178
184 209
159 51
84 96
16 218
146 45
57 89
44 109
217 89
22 66
184 77
72 56
94 24
65 181
59 107
183 196
185 33
157 50
126 173
131 34
170 63
119 94
193 81
107 202
224 60
156 82
70 71
135 97
15 123
89 183
170 224
48 34
21 206
121 157
33 54
2 89
137 216
35 62
213 6
85 38
30 196
57 144
167 126
106 193
121 79
115 225
85 57
15 225
208 178
10 111
181 4
76 61
153 33
188 110
37 86
146 47
17 220
221 118
47 182
175 142
22 181
166 221
158 15
206 93
49 6
110 43
107 71
36 201
106 222
65 34
174 217
145 147
112 219
107 86
58 156
107 195
93 142
115 137
56 151
7 207
137 85
72 172
226 166
53 99
199 74
86 167
102 141
118 109
106 12
212 194
128 7
134 224
223 144
2 3
140 1
100 85
124 26
39 31
221 110
126 104
66 71
69 145
18 196
91 227
209 28
13 3
114 223
56 210
188 9
210 222
105 216
77 213
133 96
68 101
200 17
80 44
146 34
83 111
122 89
209 206
1 18
67 35
42 55
139 77
111 41
196 57
160 136
91 9
51 63
88 74
14 218
216 102
60 3
8 218
123 63
12 107
187 208
170 162
50 154
145 108
31 224
4 3
206 222
3 149
190 36
224 167
130 212
125 136
216 161
107 23
109 30
31 146
174 70
92 89
124 56
66 105
85 34
51 133
42 142
94 46
38 80
35 146
152 166
204 78
72 20
206 206
130 87
216 25
92 146
143 53
2 74
16 195
14 20
99 65
166 170
210 13
115 157
32 20
220 42
95 95
177 142
110 204
18 218
210 197
182 203
105 6
41 48
155 194
45 58
122 96
220 176
60 1
211 15
46 141
24 154
114 190
55 143
199 202
136 58
67 181
130 7
11 191
183 5
28 93
138 103
110 132
210 64
8 27
182 79
181 185
124 86
22 47
200 69
156 78
56 179
1 0
222 11
119 171
207 176
158 96
79 225
207 52
197 53
167 66
149 79
78 132
203 200
148 185
186 221
137 47
38 93
7 35
32 29
24 68
45 39
22 49
97 3
179 227
167 117
37 30
11 189
88 70
196 120
215 47
66 103
48 217
26 22
70 188
96 197
134 149
126 228
134 15
124 147
108 4
226 20
96 58
176 209
176 13
127 127
14 11
5 213
164 184
91 15
37 61
96 110
220 133
16 81
50 67
209 52
31 113
59 174
140 23
131 97
139 192
180 218
17 61
28 214
164 16
200 162
174 183
109 224
118 140
86 223
170 121
128 227
50 183
103 22
26 117
123 196
158 43
173 123
144 179
171 58
220 151
182 104
120 111
91 134
99 151
219 80
81 152
134 132
40 55
57 177
166 49
96 27
55 22
114 20
120 226
224 30
172 92
9 190
190 141
163 96
30 7
103 126
105 33
43 197
115 6
201 131
21 222
71 2
0 188
141 199
22 74
110 78
20 196
198 176
92 31
80 24
73 123
193 31
49 107
191 67
49 89
75 85
76 84
54 150
109 47
82 11
145 199
75 191
207 125
218 213
62 103
1 139
61 15
125 193
188 149
183 81
99 209
97 128
70 47
95 91
153 104
20 92
135 108
118 42
63 91
19 200
208 31
79 181
68 222
16 98
145 170
85 149
221 125
200 72
57 10
126 106
154 175
66 32
48 184
172 88
60 130
44 216
122 204
155 163
220 227
24 74
163 120
224 140
94 196
113 151
208 143
224 11
138 49
111 196
1 11
210 188
227 211
120 48
156 161
163 171
27 116
83 179
105 136
115 189
116 92
60 146
178 210
33 145
140 13
182 131
125 159
115 53
65 47
62 14
173 133
188 212
198 83
80 93
125 65
34 107
34 197
209 138
221 0
46 13
202 218
124 19
164 84
153 168
196 228
174 164
213 116
167 29
45 150
183 124
176 89
144 207
96 14
212 151
46 204
184 55
144 175
121 84
81 67
87 68
216 63
156 103
194 173
28 103
42 44
86 114
39 151
226 29
11 30
203 226
166 129
54 168
100 196
71 155
184 71
198 8
121 165
183 141
171 3
187 124
175 115
202 184
16 125
93 62
147 66
4 74
43 39
199 115
60 192
133 30
145 227
174 156
56 64
217 173
11 72
207 111
30 34
96 202
129 163
190 166
109 89
177 30
96 186
127 204
130 174
211 96
210 81
22 142
82 109
128 210
105 125
107 162
78 130
214 192
93 48
21 52
14 204
159 65
137 20
79 21
45 198
64 228
189 125
187 85
178 32
109 121
188 15
127 36
16 117
79 51
211 37
44 130
105 89
60 116
179 52
89 51
224 117
215 198
215 14
162 145
72 216
32 133
160 93
211 129
143 139
72 188
106 152
50 180
92 76
38 219
219 217
122 77
156 54
222 60
88 47
157 186
169 166
40 211
196 154
112 116
13 64
69 61
177 121
87 134
9 192
46 108
102 176
159 132
188 154
195 15
21 129
215 211
37 172
64 84
89 105
72 126
34 123
196 55
179 142
24 82
38 114
27 71
192 33
109 71
14 106
143 160
222 118
84 200
107 59
52 109
161 63
56 212
127 213
179 20
149 100
46 148
78 128
145 67
136 49
19 186
29 6
160 80
224 48
163 11
70 123
211 148
49 8
158 195
127 125
92 46
222 2
47 123
171 93
3 109
6 59
8 29
166 168
174 68
18 86
228 143
115 71
104 19
185 85
24 9
53 67
85 198
5 57
59 92
32 210
76 94
177 96
174 122
200 19
51 30
71 113
186 86
153 37
209 145
145 101
10 51
95 178
227 156
228 124
36 139
17 63
28 219
8 102
146 184
155 70
98 88
186 182
190 134
198 10
173 22
58 45
41 64
151 228
226 104
54 201
176 144
145 7
144 45
20 48
57 57
154 183
76 78
217 205
174 8
98 207
58 130
139 101
109 162
32 161
61 223
6 42
199 132
206 78
149 221
164 115
144 112
67 203
108 99
212 98
164 213
191 94
84 147
148 44
216 52
192 97
132 57
144 37
64 200
159 179
198 201
107 14
111 89
0 170
96 200
34 5
160 15
137 72
178 132
190 38
84 223
210 165
64 176
206 8
149 42
132 13
89 14
154 218
119 74
174 47
226 91
228 105
30 12
121 58
93 144
51 181
83 221
105 23
7 189
26 86
174 205
23 213
37 185
146 12
192 103
192 169
60 156
215 32
137 70
125 157
212 0
132 153
11 184
226 138
123 18
128 53
116 31
102 117
53 144
17 187
50 69
90 70
101 191
179 201
90 73
1 27
59 56
159 157
16 132
175 113
49 91
41 186
214 106
180 29
194 3
40 206
188 161
17 165
79 46
101 65
10 28
177 27
122 178
192 134
48 141
62 227
191 185
84 128
131 31
215 116
123 10
192 142
39 85
202 207
56 126
151 114
68 22
136 1
90 31
212 48
158 61
37 199
105 168
161 170
166 21
200 175
199 118
121 64
148 80
10 216
136 78
212 217
183 20
73 9
175 228
31 3
58 142
23 151
86 200
221 169
148 37
91 190
132 47
36 73
194 55
176 32
216 29
85 3
227 164
75 38
1 65
23 24
100 166
136 195
94 208
187 134
94 17
79 165
128 162
75 123
6 182
79 19
117 72
81 72
14 99
75 151
198 72
48 24
183 169
134 59
58 38
128 86
119 143
111 48
31 97
153 177
188 23
185 43
209 36
158 5
95 221
50 216
207 224
161 183
60 211
224 196
118 15
21 127
50 160
171 125
63 63
194 76
3 64
4 166
143 203
7 53
222 143
119 155
7 130
218 154
58 204
98 1
215 168
5 226
79 122
150 22
86 112
24 176
47 44
127 64
119 98
140 188
133 90
3 58
205 53
156 21
169 13
94 89
90 211
65 168
180 159
162 221
194 127
146 162
63 151
120 0
169 210
76 58
169 223
11 176
107 106
120 203
221 41
165 36
114 201
223 75
121 139
192 51
140 224
209 208
77 111
136 213
64 15
168 199
33 105
7 163
157 110
150 176
123 65
53 107
179 182
97 79
33 44
94 112
97 199
167 53
63 48
182 62
12 162
78 145
67 133
97 209
207 106
186 96
95 141
94 82
92 194
17 175
143 147
61 226
86 24
120 205
33 27
207 69
157 1
23 114
16 113
207 218
169 131
2 155
64 106
111 70
87 161
218 203
14 48
110 134
172 90
37 115
97 133
52 120
53 226
140 30
26 94
66 207
194 148
1 100
68 81
219 89
210 102
58 145
96 19
166 180
194 192
205 35
171 29
134 226
122 86
79 197
56 186
193 184
50 59
9 140
90 203
77 19
90 11
136 121
56 73
161 186
10 88
27 69
171 16
74 224
143 55
211 137
133 32
202 38
8 111
225 93
190 96
104 82
161 226
211 45
220 74
149 70
204 110
17 167
192 68
104 113
40 175
117 198
20 14
38 146
22 107
147 130
43 74
59 52
14 5
223 77
66 27
103 17
120 198
196 156
218 82
46 210
93 123
28 87
151 37
226 2
39 54
107 204
135 17
95 60
132 184
104 213
218 201
185 123
210 182
9 25
105 172
228 107
188 97
40 52
41 181
69 159
190 149
72 3
126 144
226 72
193 90
62 82
147 68
58 93
99 128
10 159
171 146
122 220
90 173
28 95
135 151
106 4
140 19
39 78
115 185
130 129
82 92
77 215
199 151
16 59
191 153
213 49
173 30
116 98
202 141
47 195
38 207
185 141
215 139
144 49
13 62
54 16
139 172
207 100
84 211
78 70
36 179
44 165
205 57
36 186
119 80
69 204
90 150
90 107
11 186
223 62
117 94
51 99
218 186
115 210
202 163
51 75
122 98
43 228
58 192
71 157
214 26
3 14
26 216
60 218
1 83
225 80
13 205
197 41
28 65
93 147
184 41
110 45
130 127
66 18
15 60
55 131
86 127
79 79
1 63
67 69
31 5
209 218
151 39
63 153
90 88
7 95
19 221
114 112
171 160
22 60
138 209
67 192
19 219
82 25
213 94
200 141
26 68
47 121
133 17
140 99
180 86
64 38
62 31
46 168
21 59
176 25
184 69
199 67
207 58
16 189
189 21
152 161
69 35
130 53
119 153
27 7
118 202
142 153
158 54
123 128
87 157
126 146
214 84
130 223
72 186
58 18
70 101
103 49
104 97
120 96
77 72
142 88
50 212
21 25
209 100
149 204
142 29
70 215
125 75
190 183
20 74
207 35
35 87
61 13
39 68
221 63
149 26
190 32
209 79
100 71
204 179
4 59
159 175
204 30
163 142
16 96
4 126
137 77
164 152
54 21
213 222
28 78
33 50
97 97
194 141
38 135
55 58
1 226
133 45
110 116
109 24
136 112
140 59
206 109
111 174
96 12
209 58
187 48
4 182
35 54
11 116
17 138
209 66
15 34
33 191
173 81
94 164
22 115
98 119
123 99
3 168
166 55
138 78
112 67
104 188
205 154
142 222
182 77
163 86
119 127
80 17
200 76
92 222
117 179
108 151
162 136
24 22
153 68
212 170
138 40
132 210
181 176
225 64
23 126
181 215
226 11
112 166
48 157
97 5
218 55
106 67
70 133
138 23
34 185
42 62
196 16
158 114
107 217
112 145
213 145
217 37
125 77
221 127
49 124
117 7
98 188
29 74
24 47
59 63
120 109
203 167
155 138
182 191
45 132
10 45
189 108
226 218
106 124
197 202
109 6
160 220
30 156
168 48
147 147
121 197
198 26
28 204
27 121
72 0
133 195
31 100
178 202
47 3
178 225
26 174
136 110
73 170
122 195
96 77
28 54
215 200
185 10
180 226
34 144
221 131
59 191
184 160
59 176
70 21
68 6
7 193
96 208
119 179
228 41
129 55
185 54
55 83
213 18
23 102
49 165
185 125
100 164
203 6
162 184
31 104
153 148
201 45
137 143
218 184
166 193
98 201
32 13
29 190
127 191
164 93
86 147
169 79
119 29
205 193
134 183
217 171
51 9
157 55
128 225
82 113
97 220
106 112
152 201
27 92
2 169
67 43
146 190
76 132
33 223
101 92
116 139
207 97
98 6
224 199
5 67
163 202
110 91
75 201
211 29
24 214
10 92
175 153
160 159
124 110
48 70
224 224
117 106
38 170
29 26
186 223
146 107
124 149
225 62
18 74
201 134
102 47
228 186
202 99
7 205
168 38
124 216
94 180
130 215
56 6
121 123
211 207
220 153
135 86
223 25
214 155
128 172
187 128
3 139
136 19
35 34
167 110
145 142
160 188
195 157
76 3
66 7
34 125
21 34
22 26
108 12
193 74
134 114
185 169
62 2
13 171
106 54
110 219
114 84
162 92
140 57
214 24
133 35
199 62
215 171
10 80
149 183
19 101
111 221
154 66
17 34
165 22
124 9
208 104
15 171
105 192
164 94
82 173
33 76
139 184
92 116
117 96
178 61
7 43
98 203
166 153
44 173
125 50
87 198
159 7
7 191
106 160
144 168
51 194
45 4
64 59
157 84
135 206
26 123
110 167
98 197
168 98
17 14
43 31
75 9
109 150
85 163
162 15
47 227
213 122
59 119
25 218
211 27
175 14
146 82
223 0
215 91
15 14
106 182
223 100
157 201
26 214
187 37
152 213
92 151
172 189
183 27
178 133
218 174
25 100
152 78
9 194
175 23
56 208
117 40
11 118
157 163
184 153
79 183
161 96
172 99
5 207
142 57
24 163
209 132
125 187
44 40
149 38
68 146
212 2
151 41
119 44
203 85
30 58
195 184
192 118
12 217
73 66
32 140
132 173
113 179
142 22
158 152
158 219
145 214
48 127
173 54
20 27
186 211
222 98
105 145
25 32
110 152
9 8
0 174
39 112
181 21
97 60
104 95
64 102
62 107
41 7
69 98
117 0
193 159
84 63
217 211
174 176
67 220
13 127
108 135
54 155
123 221
113 72
58 113
134 134
28 75
21 167
195 91
223 97
48 117
66 227
65 152
100 123
41 31
137 42
46 114
200 124
27 20
159 226
175 40
55 20
113 102
194 201
105 60
87 166
193 88
54 74
46 139
36 114
1 32
61 148
217 168
73 133
19 20
218 160
192 35
52 82
45 224
23 174
216 202
222 175
125 189
25 102
214 51
60 108
40 179
218 150
95 25
166 108
94 160
28 163
218 163
113 170
49 4
174 1
145 51
88 172
54 152
152 226
102 159
153 163
20 152
128 165
188 132
183 152
84 112
109 59
180 60
223 127
173 45
83 215
123 180
130 184
161 178
66 164
163 28
213 100
149 52
192 171
194 25
197 74
36 23
156 218
115 1
62 16
79 67
85 121
152 219
16 4
12 24
36 94
119 129
78 100
74 37
31 82
203 192
33 152
112 200
133 193
161 157
80 151
180 114
228 199
218 146
124 227
62 129
104 144
34 206
140 92
134 198
93 198
3 47
177 40
73 22
106 224
10 165
28 56
145 128
110 143
193 53
23 156
185 197
224 147
67 212
45 170
181 161
193 181
185 102
147 171
162 94
180 146
59 217
118 31
139 216
41 57
135 153
117 130
88 96
135 29
181 23
228 28
7 0
133 185
149 212
215 141
64 155
119 72
120 65
149 113
194 205
142 80
216 87
153 48
70 115
125 90
103 132
102 130
196 169
168 206
42 52
37 123
48 125
136 215
9 122
206 219
19 198
171 14
115 26
179 156
84 37
30 38
28 61
171 203
181 52
192 218
166 200
156 213
54 5
8 216
221 39
36 17
67 79
222 223
164 56
224 21
91 104
1 9
30 60
30 10
65 61
195 53
191 148
98 12
175 191
6 84
35 95
103 24
179 184
137 17
5 73
46 23
135 202
11 63
53 53
220 149
9 104
170 199
114 86
135 60
15 102
191 20
131 29
201 36
219 215
25 156
203 202
157 71
32 196
27 101
107 184
104 179
20 228
141 4
180 138
192 37
113 121
72 169
181 169
93 91
23 93
79 137
68 70
208 98
55 188
157 20
149 68
38 156
212 127
61 168
65 135
144 35
191 47
109 76
182 86
24 20
223 218
217 140
224 50
8 173
102 98
58 213
173 213
41 53
95 80
25 37
191 119
210 85
65 49
217 142
75 40
67 209
123 218
171 31
112 158
111 103
117 33
147 35
176 194
44 45
59 39
112 114
45 60
147 33
222 152
182 139
36 15
34 218
209 163
44 157
48 155
42 176
186 111
127 93
29 130
175 6
175 174
27 25
105 161
47 15
77 35
124 119
219 169
160 222
66 131
86 84
178 12
133 217
41 228
209 73
41 104
86 26
186 159
92 34
85 126
205 125
42 120
222 154
15 137
153 193
54 120
225 164
176 165
166 212
177 174
0 156
138 126
97 101
56 130
209 70
60 144
85 179
157 13
67 168
74 153
135 37
7 195
169 216
226 124
222 43
149 3
117 22
137 141
170 201
87 66
219 209
150 152
59 90
194 228
171 54
56 161
36 207
44 32
14 120
18 204
187 196
186 153
11 36
29 97
89 68
212 173
225 0
118 117
77 9
32 123
187 187
33 41
123 122
168 141
172 56
90 40
78 223
73 39
12 148
21 54
75 193
184 97
185 175
13 202
204 206
228 83
24 1
7 178
85 227
139 116
213 36
223 65
50 214
43 190
76 153
201 189
172 64
17 19
36 169
213 104
203 46
47 5
17 87
66 109
158 46
165 172
107 42
212 13
204 157
71 8
145 205
205 191
219 188
19 212
207 108
34 28
59 132
5 147
5 47
180 108
50 82
19 176
218 148
44 126
68 199
154 161
45 2
81 121
143 199
113 53
152 129
215 94
82 83
191 217
117 156
156 80
176 102
195 199
217 109
147 188
225 110
195 13
22 196
94 217
174 140
6 174
161 141
205 150
113 66
96 75
158 135
132 178
106 44
193 1
43 100
68 122
82 214
104 124
157 108
199 42
15 141
211 19
195 74
43 58
203 87
22 133
202 211
84 94
54 102
167 204
47 21
117 138
158 63
160 61
183 126
173 13
198 155
205 87
142 164
133 6
222 79
169 77
172 62
188 220
155 109
213 4
219 98
18 228
56 139
88 174
156 150
18 21
78 163
180 2
8 45
64 161
197 82
180 199
162 122
90 53
74 117
20 133
73 41
223 104
170 22
71 205
143 119
69 32
211 6
158 111
18 161
186 189
31 190
115 202
4 209
1 106
120 56
22 39
19 84
20 9
130 165
92 36
147 192
207 67
160 103
218 53
129 226
79 9
41 112
123 91
151 94
133 152
37 59
64 104
147 118
217 100
59 9
89 142
210 42
2 99
151 116
85 59
161 3
79 177
75 102
97 103
112 62
227 93
203 126
96 181
187 8
135 126
147 56
215 69
213 153
1 20
177 192
100 130
217 209
132 113
104 4
46 45
112 7
160 101
116 132
194 119
125 35
61 118
171 91
216 83
176 179
69 134
214 170
194 106
208 77
68 219
128 49
106 188
18 36
80 213
114 158
220 161
199 193
128 146
151 80
132 78
44 107
157 52
162 212
87 29
55 159
92 24
131 6
121 221
102 28
46 184
105 86
223 38
148 15
110 159
108 67
93 184
170 56
67 205
156 165
105 114
208 22
206 29
215 55
111 65
189 209
121 23
5 1
174 60
44 220
52 97
65 187
134 10
211 133
198 113
5 61
116 212
202 212
0 215
143 5
162 214
201 201
53 203
119 147
137 116
56 141
158 79
62 18
201 101
128 193
214 131
11 78
145 32
128 212
141 220
177 64
149 65
56 4
