47 166
195 83
30 140
196 189
141 86
126 175
106 149
2 40
79 134
186 210
42 226
142 201
39 199
156 205
158 21
91 38
7 70
64 108
58 210
5 69
56 214
129 124
175 124
181 201
179 26
225 104
164 148
109 43
17 205
90 77
31 130
60 84
21 102
6 27
112 193
126 98
202 186
196 224
6 165
119 132
87 3
128 215
108 187
123 138
81 155
154 166
147 3
34 66
172 205
62 27
103 168
223 184
158 98
70 228
6 203
25 161
144 23
8 109
124 135
81 135
82 187
126 49
199 143
153 204
75 2
112 30
188 189
70 207
223 165
95 195
146 95
133 212
57 159
200 7
159 71
110 183
220 186
53 75
136 84
11 160
95 93
133 29
152 77
82 205
180 191
70 147
27 59
123 182
220 65
122 24
190 106
159 109
134 108
16 203
168 167
131 146
57 40
194 211
14 97
167 123
13 84
11 54
133 106
59 41
196 81
109 160
184 16
144 149
11 88
168 109
175 98
211 4
55 65
174 195
60 11
131 64
110 211
222 116
225 74
65 79
228 192
52 41
50 73
92 154
31 162
47 208
215 100
169 133
112 46
86 31
191 30
173 207
38 82
94 182
150 40
177 152
26 9
52 73
181 137
153 146
140 163
205 67
192 100
149 171
214 37
182 159
77 167
43 182
205 185
163 169
188 165
126 157
157 184
131 36
133 174
146 178
206 123
227 122
69 73
133 156
81 9
26 185
65 124
12 190
124 97
175 38
73 144
146 36
127 138
193 129
69 8
52 190
73 60
62 93
27 163
155 153
156 225
35 224
177 189
161 156
202 178
131 113
88 209
39 16
176 47
150 78
127 200
151 33
206 165
122 200
134 120
189 47
222 167
159 77
14 173
205 59
31 34
92 78
37 21
121 180
88 168
194 149
109 82
157 211
208 204
15 83
128 206
33 103
52 103
78 212
21 213
57 84
110 222
214 224
99 186
163 58
181 108
34 192
13 184
9 117
72 46
17 118
110 93
143 121
67 135
158 187
2 96
141 84
166 179
44 16
108 57
78 193
178 35
107 55
180 54
201 12
158 83
94 119
51 53
105 198
73 55
9 78
126 215
16 123
80 109
126 55
184 211
47 85
171 33
133 176
89 72
18 185
85 51
68 131
50 129
215 85
65 165
143 137
0 201
163 21
58 101
95 57
112 125
130 210
155 142
181 64
193 209
182 106
21 46
141 141
96 161
68 201
208 53
61 53
28 120
58 180
159 49
6 227
9 70
85 36
115 169
123 37
61 79
166 72
28 180
130 24
69 15
163 186
161 78
169 201
84 130
140 126
67 179
23 135
38 210
75 97
38 84
117 25
194 218
33 159
161 46
172 80
171 12
154 213
207 191
6 172
151 165
88 200
215 39
188 6
156 159
181 129
17 48
215 61
182 27
172 122
138 99
68 208
123 50
223 140
188 68
188 56
179 130
118 38
33 221
126 155
104 142
9 53
187 125
88 159
30 177
217 13
67 61
44 93
172 18
5 224
84 213
44 175
138 115
152 200
207 95
13 79
66 199
19 159
184 190
25 152
116 23
45 181
126 119
61 175
217 40
208 33
121 127
52 196
210 135
171 65
143 151
32 189
151 154
140 17
8 9
99 42
30 84
42 99
110 29
92 142
196 96
103 191
224 206
225 136
193 29
79 85
140 184
31 44
171 132
223 225
119 209
202 122
93 115
154 225
29 20
96 46
196 201
205 163
203 217
48 17
129 213
48 211
7 105
19 148
170 88
7 21
218 72
125 139
225 83
159 200
66 16
93 219
143 3
129 36
49 178
7 197
70 97
52 215
111 217
119 46
177 15
145 25
3 118
132 41
186 136
172 20
208 156
192 226
76 119
28 122
42 167
148 206
34 64
222 20
138 105
173 116
75 81
130 71
140 134
75 121
221 177
37 131
101 55
59 194
181 19
30 16
199 90
78 160
190 121
224 194
176 62
155 211
134 112
46 69
135 163
182 147
23 160
24 133
6 122
76 192
139 132
220 80
111 23
148 12
20 18
74 222
109 217
62 144
192 46
208 71
19 33
96 139
184 89
82 151
173 155
100 125
143 7
49 71
95 199
214 194
123 108
76 37
86 47
44 23
7 93
155 216
11 193
73 205
226 31
33 131
80 193
189 153
42 165
27 218
182 150
164 188
85 111
71 184
180 203
96 1
40 50
72 107
104 54
182 208
35 30
83 54
150 199
41 59
30 132
60 114
174 181
35 184
1 141
3 87
30 112
81 46
177 154
224 162
125 24
96 121
225 134
48 215
130 172
16 172
60 220
24 227
90 205
4 85
46 159
130 19
47 8
197 25
168 164
21 158
117 11
115 14
213 172
160 43
196 171
20 168
108 104
86 61
22 116
180 128
190 98
168 127
124 184
62 146
162 65
211 224
212 119
25 84
149 188
132 43
77 33
38 96
104 219
160 26
53 133
57 131
216 99
54 3
82 73
112 13
59 198
66 222
145 97
29 101
73 33
198 171
129 192
173 15
144 146
224 100
102 172
173 83
15 74
163 48
227 32
22 226
173 125
92 150
49 26
149 50
187 88
178 88
123 84
107 125
119 138
144 106
14 73
76 92
184 139
20 141
62 85
37 17
20 30
155 107
138 185
69 214
10 163
203 219
51 107
90 7
188 210
181 84
19 28
77 180
117 128
16 100
18 79
202 21
119 22
169 57
227 186
142 111
28 48
17 112
19 174
180 210
87 120
25 202
177 187
171 111
183 83
165 66
1 53
101 39
157 136
194 51
194 99
50 10
126 25
157 112
3 19
182 227
143 213
129 151
148 177
213 140
187 137
116 214
3 21
130 197
194 135
23 216
196 89
199 60
13 225
224 142
104 116
136 3
124 48
150 15
27 108
59 206
219 68
202 19
185 79
192 105
126 27
160 91
6 36
36 210
224 32
206 76
222 33
102 143
185 221
8 42
193 192
110 194
13 2
166 76
52 105
92 118
30 82
96 17
202 176
43 3
110 8
71 190
58 215
105 66
214 124
57 169
98 153
193 174
112 210
140 222
70 186
6 38
64 163
26 89
70 200
210 72
27 110
215 3
202 43
67 59
151 142
10 97
115 55
21 205
154 137
124 34
212 7
202 77
205 152
13 177
228 172
188 78
185 12
161 12
105 180
226 116
34 139
25 18
216 193
223 177
104 182
53 91
7 25
167 175
160 151
97 81
173 71
35 134
150 219
16 119
166 154
196 182
149 187
82 118
117 13
180 228
119 158
105 221
211 35
137 39
204 177
157 48
211 79
179 45
59 0
195 191
160 45
11 10
220 88
39 223
183 174
204 186
6 82
127 202
196 191
216 212
140 79
111 101
184 53
151 93
51 153
166 70
145 181
58 158
84 151
100 132
86 151
214 208
200 164
63 79
73 42
59 117
61 63
97 11
146 99
201 206
60 19
169 190
52 115
194 49
81 177
102 31
80 7
100 41
84 85
74 189
12 73
107 6
209 153
35 3
190 211
57 28
131 179
224 220
100 73
2 1
90 101
152 175
189 66
204 95
150 130
52 183
52 65
104 31
135 204
170 142
136 139
183 70
150 128
220 79
2 198
107 122
186 139
51 80
123 188
41 217
211 219
75 44
79 23
2 215
61 221
129 113
29 146
203 150
120 93
26 49
201 0
203 212
32 52
192 66
185 155
181 183
86 159
67 210
55 17
216 54
207 152
25 107
90 18
23 172
114 218
200 108
112 78
15 108
224 92
69 84
23 81
32 75
200 35
49 81
27 70
144 47
2 90
187 21
158 3
94 59
23 32
6 152
170 20
225 208
123 158
131 45
79 143
109 142
179 90
39 181
109 106
67 90
112 33
77 178
5 162
79 72
191 181
173 174
205 148
71 53
73 173
101 146
187 12
113 152
182 18
100 64
129 198
52 24
167 208
115 32
97 39
60 196
119 13
16 85
64 32
224 79
146 201
36 174
178 95
98 164
222 161
194 104
146 110
77 22
14 137
64 86
53 127
105 200
228 126
98 155
33 187
80 175
178 101
3 28
211 145
122 101
136 5
117 66
12 212
160 5
52 4
39 156
228 145
144 225
4 180
194 198
69 156
76 169
8 164
104 30
198 12
83 176
218 3
163 23
21 186
108 84
215 114
146 186
122 120
104 79
192 113
96 179
174 89
214 57
196 10
30 102
155 146
152 47
28 188
116 191
194 89
143 70
128 71
182 16
142 224
84 35
215 18
67 8
75 214
109 181
132 111
34 109
183 0
145 2
54 23
138 1
161 195
91 191
225 212
175 103
134 228
164 140
59 222
115 178
197 222
90 29
79 53
32 125
98 73
189 8
89 89
225 9
28 112
125 147
82 212
17 21
36 58
153 164
61 191
89 207
172 184
3 84
210 53
224 182
195 216
204 5
182 54
142 208
21 131
220 72
143 95
214 98
2 49
120 145
158 11
61 61
61 169
150 18
117 54
126 41
151 203
223 136
108 129
185 173
167 173
18 188
83 82
193 220
152 144
95 29
120 195
162 9
5 138
219 211
167 75
222 198
160 130
167 107
151 56
201 137
58 187
14 150
82 90
13 21
38 201
69 75
154 124
28 52
165 30
80 100
185 95
206 5
5 124
212 117
186 132
22 114
22 10
35 60
66 45
105 195
151 205
19 66
154 121
39 134
180 220
44 226
133 154
211 77
66 122
75 204
94 146
194 16
71 74
36 197
162 37
108 91
45 203
115 141
227 213
161 228
195 30
153 58
217 154
31 42
39 30
86 169
28 178
51 150
150 190
183 43
83 127
60 17
15 205
109 41
211 189
226 126
77 144
221 25
144 31
113 5
224 130
28 8
140 151
208 86
65 72
26 95
41 39
171 82
56 171
115 216
6 225
42 46
191 168
32 219
150 54
110 12
95 52
65 36
48 213
210 55
208 220
33 134
145 55
0 81
50 218
208 117
133 98
36 6
116 218
33 143
54 19
184 115
109 133
184 19
21 84
161 201
60 172
79 95
40 81
6 126
43 113
159 55
139 152
218 207
13 152
47 127
128 144
153 108
16 53
180 157
95 22
97 195
148 83
4 137
3 213
122 145
46 83
7 23
101 15
0 116
4 65
50 176
193 13
13 108
140 115
57 71
64 90
126 8
33 113
21 92
136 40
77 182
201 62
69 169
148 90
148 10
98 18
37 223
124 199
172 1
166 215
222 13
219 167
169 111
123 164
71 55
135 35
10 186
88 101
169 140
58 115
169 203
10 26
182 115
40 152
128 126
71 145
159 224
159 149
94 33
135 52
92 16
51 84
32 107
216 106
206 34
109 185
123 140
89 158
14 189
96 159
5 190
190 22
123 118
61 120
38 28
18 140
41 87
129 18
21 173
205 28
172 182
79 167
177 103
93 195
208 13
16 78
123 186
144 33
37 75
209 167
25 45
185 138
38 22
205 45
181 79
198 76
137 123
75 143
32 11
168 224
166 68
93 44
22 151
51 90
112 44
204 175
118 134
192 201
182 210
167 166
118 204
105 224
213 25
115 65
137 205
74 99
9 10
206 118
0 163
136 211
105 28
138 58
192 159
61 228
224 132
138 158
100 207
55 206
70 202
127 142
72 219
128 56
145 160
89 24
15 22
80 195
213 14
134 196
176 5
143 46
134 12
107 88
46 206
172 37
197 29
2 152
228 30
165 39
51 25
169 44
209 228
187 71
226 66
150 121
225 112
54 224
114 212
125 128
75 202
120 121
197 91
11 134
178 126
71 152
102 96
9 93
129 138
68 26
6 80
65 133
76 221
209 20
144 201
186 56
118 227
20 0
88 103
132 80
199 116
115 159
131 42
121 67
67 5
1 154
56 115
45 113
207 167
219 133
15 135
202 102
50 51
29 39
177 37
82 194
204 123
220 19
83 125
208 84
152 81
170 109
132 62
200 177
1 144
40 114
45 78
28 58
113 84
220 56
46 109
112 222
214 93
42 5
202 135
8 157
96 119
190 6
88 31
144 186
47 99
216 1
80 54
99 147
117 200
145 118
106 171
226 114
106 199
90 153
85 146
111 113
180 106
17 83
200 210
133 60
171 45
76 99
12 25
219 57
95 123
76 40
215 156
197 199
77 52
24 39
36 126
114 91
216 175
203 142
136 69
109 65
5 194
63 61
12 150
205 112
85 49
186 41
10 36
111 180
211 103
162 226
34 170
78 214
2 32
40 122
217 15
169 61
214 202
202 143
214 104
38 7
92 60
174 32
223 103
127 51
95 48
83 136
211 43
50 64
100 188
92 163
37 208
35 43
162 208
52 101
40 150
225 210
98 108
83 3
112 159
58 147
56 120
209 43
203 40
162 104
26 115
213 147
205 204
74 171
182 88
73 190
104 193
96 112
158 92
130 149
19 167
68 96
84 53
4 48
206 31
17 201
217 120
54 160
6 103
68 29
186 23
183 205
193 157
15 115
169 23
226 49
143 44
175 177
39 158
79 161
222 50
228 51
7 161
188 86
135 71
67 97
87 25
13 125
29 62
82 120
79 169
151 221
174 167
46 157
182 3
36 51
6 110
56 192
179 216
0 1
193 136
103 66
78 108
133 132
126 86
105 205
95 128
28 37
1 42
35 171
109 80
95 158
144 61
223 9
172 200
227 217
23 181
228 21
201 145
197 61
156 144
40 98
157 203
93 228
157 73
103 145
150 0
139 142
15 62
45 100
122 216
188 151
210 194
125 126
6 205
170 183
152 31
41 42
49 226
164 20
208 200
202 41
210 217
149 129
47 90
110 14
15 16
79 158
4 151
52 149
207 207
217 199
210 220
27 50
114 126
55 128
84 83
58 196
57 128
220 212
45 228
114 166
168 55
119 67
113 64
131 177
103 33
80 157
105 52
39 153
206 179
113 109
66 169
165 32
166 51
131 185
207 60
92 119
1 22
49 34
129 160
137 101
118 79
64 226
222 227
54 97
132 215
213 207
61 177
149 92
180 131
38 107
152 21
6 16
126 34
59 169
74 56
44 168
167 57
175 30
41 133
127 91
186 35
17 193
16 13
82 216
143 162
95 228
25 24
94 162
88 133
89 94
138 215
111 25
228 141
117 171
113 70
142 14
66 85
60 106
186 6
62 109
11 141
4 79
121 56
18 194
50 108
91 144
64 27
96 34
8 226
222 147
103 6
110 145
35 105
167 36
52 49
120 78
98 112
170 144
96 99
110 76
59 167
36 28
124 41
165 183
78 112
118 20
188 163
55 203
126 226
165 112
29 4
209 136
34 52
166 210
159 12
68 138
42 33
221 104
141 6
115 30
20 86
99 69
101 30
157 7
35 19
53 151
1 183
18 142
181 46
81 111
5 146
214 53
31 208
196 76
164 70
33 225
52 51
86 43
159 177
42 93
206 156
51 226
6 177
152 224
140 21
137 75
207 145
175 207
20 67
15 93
143 59
101 108
9 174
20 188
143 67
93 93
76 161
22 0
228 11
21 137
67 124
109 144
31 26
38 168
158 221
214 1
107 78
108 123
224 65
223 52
224 73
189 55
168 100
50 27
4 211
37 71
52 47
113 189
94 121
21 32
182 66
32 98
48 119
203 205
189 13
194 97
128 174
41 191
211 0
112 39
60 73
63 149
144 144
175 193
38 221
222 36
205 224
26 197
131 4
81 27
52 180
220 144
186 39
184 183
167 133
113 42
199 71
111 36
216 177
54 83
141 139
209 67
86 129
105 20
196 142
130 99
81 13
3 38
191 28
9 220
71 218
18 59
168 21
124 194
29 50
155 122
17 102
114 107
60 28
1 200
37 19
157 23
54 204
217 91
9 43
169 30
190 51
37 133
190 147
220 129
210 47
166 47
88 7
151 223
101 216
116 185
225 185
94 125
181 44
145 177
87 45
217 68
199 44
80 138
136 119
62 100
143 74
71 66
146 207
111 161
153 117
121 159
25 86
183 185
41 159
121 109
86 185
66 201
161 102
60 21
26 204
172 35
91 90
144 158
160 81
41 204
132 141
83 149
52 189
14 95
221 225
34 162
177 45
118 144
26 220
58 173
19 52
144 135
44 211
82 158
91 75
19 134
87 33
105 56
10 195
60 183
201 60
122 61
65 210
59 178
146 131
111 152
89 135
203 184
150 91
26 119
96 218
155 48
187 141
75 133
168 188
62 20
5 196
196 150
57 42
105 2
53 118
3 227
170 188
17 65
192 132
20 199
31 142
187 67
154 80
93 153
122 57
43 105
145 71
49 60
13 46
25 193
200 43
186 103
119 115
106 186
30 179
65 191
161 176
93 53
108 183
34 149
78 17
97 110
165 110
124 7
37 88
70 27
93 186
164 36
35 218
55 72
19 192
36 145
218 156
25 172
87 224
56 30
36 191
106 98
218 135
3 61
151 65
159 202
182 45
48 83
228 154
148 46
137 22
47 191
78 39
98 64
165 86
42 7
115 12
170 101
206 127
120 42
0 42
5 26
3 106
188 106
197 110
181 110
85 135
111 31
165 37
98 4
198 169
181 1
168 212
28 90
144 126
93 166
133 134
196 177
158 25
58 185
122 39
213 47
109 131
142 62
127 84
193 48
159 121
153 119
169 53
165 201
134 200
33 4
62 59
92 18
115 187
216 185
165 119
129 31
40 124
130 142
141 95
222 145
200 102
4 89
155 203
29 35
103 215
170 218
189 58
99 110
135 217
1 14
99 39
40 41
35 115
66 106
180 62
138 125
85 224
109 172
25 7
201 216
152 121
127 73
207 227
93 173
13 211
155 5
69 217
154 144
100 172
20 150
131 175
12 188
149 4
6 157
80 91
114 38
226 193
194 170
80 32
34 199
193 216
47 202
201 209
148 190
87 105
217 189
44 47
67 41
72 31
82 48
131 131
182 29
80 207
194 226
62 184
41 85
157 32
142 72
159 95
167 85
155 151
88 5
147 221
111 15
172 228
87 149
145 133
117 56
22 12
130 111
141 133
38 73
3 153
204 8
226 176
39 136
19 35
71 180
49 122
102 178
186 143
23 45
56 102
151 19
217 61
117 160
193 203
159 19
61 194
55 92
112 167
178 181
77 81
192 95
15 45
199 161
43 174
169 75
205 183
192 183
6 2
109 69
210 75
155 126
4 83
226 133
2 56
216 27
117 209
74 20
196 106
94 127
15 201
110 21
120 30
179 153
47 193
194 35
130 79
152 91
7 176
92 165
28 165
47 149
204 42
110 26
147 199
213 219
97 177
112 21
124 219
103 15
192 120
110 114
118 177
59 224
129 178
170 0
43 218
13 44
176 175
167 77
190 164
223 111
204 76
162 188
155 191
45 171
34 210
40 106
72 10
1 50
192 140
216 195
224 115
94 1
219 40
53 64
216 93
41 68
145 216
165 50
5 150
168 102
140 201
15 152
40 83
151 23
196 98
217 70
214 196
181 148
158 0
161 160
69 221
227 174
108 40
99 10
23 59
184 203
210 22
89 9
156 72
116 39
81 218
32 91
16 183
73 115
142 135
198 190
41 66
26 47
173 69
126 195
198 125
102 94
69 36
99 87
7 46
65 8
107 2
30 76
142 61
39 20
65 92
165 150
190 70
169 28
81 133
9 134
17 108
46 137
203 161
227 95
18 49
95 216
88 211
172 217
159 155
159 32
139 199
167 151
221 37
224 138
187 54
222 92
195 156
12 27
162 166
139 98
138 17
99 145
227 115
101 193
67 75
198 221
55 141
140 103
37 8
140 176
111 99
83 134
42 118
3 45
38 15
203 101
158 133
32 226
115 208
179 37
123 78
40 146
21 16
84 187
96 32
172 219
54 46
9 177
73 2
190 123
201 204
177 108
196 226
183 176
71 60
151 212
30 14
49 115
130 16
27 202
186 78
18 183
127 164
103 170
227 128
214 96
146 14
139 85
168 162
52 129
31 158
71 203
103 212
184 195
196 84
183 161
125 108
167 223
18 132
122 59
198 108
197 153
94 76
224 2
200 110
130 140
213 113
144 109
135 106
34 132
193 199
37 217
20 160
191 49
205 167
40 201
200 118
203 61
87 196
123 22
134 78
58 140
95 172
43 60
98 41
221 188
19 57
15 111
121 91
81 137
44 138
134 62
58 171
210 105
9 95
118 58
93 179
212 76
62 159
158 9
7 146
1 16
135 8
4 112
72 151
148 121
145 43
19 131
27 173
167 86
69 114
219 63
11 167
46 125
148 131
35 216
216 183
7 171
172 147
164 18
142 93
196 1
223 40
216 191
194 182
160 153
203 54
101 49
190 218
122 48
23 158
81 83
50 196
161 168
95 69
143 51
3 17
159 47
44 80
210 205
56 46
211 73
75 66
169 197
179 84
130 125
130 144
65 154
164 215
161 142
99 102
66 39
101 174
121 155
168 129
118 1
63 50
211 153
116 86
43 185
74 3
41 141
11 56
17 227
119 222
32 169
42 41
84 5
86 165
185 151
164 68
103 161
48 67
4 81
117 158
203 139
182 113
105 58
176 172
142 82
43 53
173 153
82 129
153 142
95 78
222 73
223 80
190 34
177 216
36 32
164 34
120 76
128 60
123 166
183 64
187 69
71 124
140 105
32 139
26 165
63 118
132 187
141 162
183 67
187 198
4 15
118 111
25 0
178 28
58 72
125 191
208 11
159 97
128 121
134 89
91 44
30 148
71 76
12 8
202 165
122 9
108 25
58 30
217 107
89 174
76 223
163 7
63 52
65 178
194 133
12 98
193 207
90 216
149 56
186 11
107 120
163 159
41 157
153 66
84 1
92 218
163 183
92 0
131 55
118 23
162 216
71 174
152 35
33 208
136 125
12 93
117 223
104 133
212 92
9 196
121 168
73 131
202 227
177 224
75 60
11 3
161 1
81 149
33 97
19 26
120 169
1 202
79 82
77 122
72 117
168 180
16 110
80 70
184 113
19 205
136 105
6 132
85 221
131 89
108 45
60 102
223 221
107 205
142 2
58 133
14 154
119 200
196 118
129 73
175 16
85 141
82 56
43 203
53 95
211 168
119 113
144 57
125 117
212 149
92 52
228 49
43 132
9 34
5 164
205 7
227 81
211 163
223 34
73 87
145 151
192 107
174 62
30 188
23 162
24 196
14 139
217 187
57 7
41 100
117 211
91 173
127 58
93 84
207 102
154 105
101 170
58 43
104 26
11 94
219 218
209 45
50 56
131 15
150 185
57 92
25 2
125 84
159 59
49 194
190 112
227 188
36 63
219 86
79 179
139 140
96 126
44 205
107 181
7 134
103 217
51 178
220 49
132 196
5 17
174 49
54 129
178 135
48 20
32 77
35 130
146 89
213 78
187 65
58 219
55 36
50 84
23 152
127 62
94 135
164 9
44 18
58 121
161 120
174 114
145 120
30 121
87 64
128 128
203 22
118 87
125 39
1 217
196 51
80 186
8 132
80 226
132 120
36 124
6 211
69 120
36 193
54 115
159 123
85 184
89 213
90 103
16 139
39 204
192 211
139 0
77 86
102 124
175 45
134 215
70 170
69 191
135 194
64 17
6 112
169 182
53 142
97 137
130 187
131 167
194 121
203 59
103 140
4 110
205 181
220 146
97 23
61 51
100 143
141 191
87 59
5 179
46 226
85 67
161 174
164 38
160 105
21 135
98 86
99 55
121 171
72 140
125 18
158 81
95 137
35 208
174 172
156 227
167 131
117 119
189 49
209 130
191 13
12 182
74 61
39 185
171 84
125 16
109 179
73 119
176 75
65 51
46 19
67 37
76 101
30 18
71 143
15 121
73 100
25 227
99 53
25 212
39 123
185 219
74 219
10 218
111 127
190 202
207 131
51 116
46 41
27 216
2 172
67 33
228 54
71 86
172 162
207 154
98 35
105 159
27 206
205 217
48 22
91 185
39 76
97 157
66 137
152 16
11 158
20 143
63 157
111 169
64 137
80 204
10 211
219 119
205 176
182 168
78 195
38 179
44 62
6 18
84 24
56 44
222 220
90 42
60 205
129 167
112 90
23 8
82 175
130 199
203 159
123 69
71 214
119 107
160 134
6 209
56 157
219 178
50 156
92 135
157 68
218 88
176 94
38 78
142 149
65 70
221 77
178 54
124 106
114 78
83 79
73 203
181 81
143 215
38 144
40 95
49 54
89 215
23 194
75 33
7 124
180 89
170 99
187 180
156 124
121 44
156 214
222 65
184 168
13 149
22 23
138 171
226 163
51 55
111 141
14 118
46 32
122 227
181 141
88 87
27 161
191 65
133 161
161 7
176 181
194 11
42 17
48 108
1 44
156 3
173 39
32 163
28 66
81 81
204 165
4 56
76 194
99 192
222 23
166 4
190 215
154 182
70 82
153 115
145 153
61 216
120 14
22 82
113 100
92 188
135 20
207 115
147 168
169 108
49 219
28 118
89 17
85 65
149 23
30 118
202 8
86 95
45 209
93 80
29 141
179 186
39 148
138 187
59 68
220 131
107 65
144 88
67 47
16 11
71 14
10 132
16 55
218 176
212 121
125 62
199 130
164 114
208 165
201 160
198 131
150 214
125 92
165 170
111 5
86 211
67 120
76 96
89 181
1 114
74 58
46 195
120 178
60 165
189 4
210 87
227 71
211 131
174 215
195 140
201 71
152 60
118 225
97 66
111 63
166 74
226 209
101 67
39 87
25 195
48 185
37 4
91 214
83 12
211 115
10 115
199 29
88 151
45 90
141 165
121 108
67 165
206 216
94 61
107 144
94 31
80 112
60 27
22 94
99 190
3 120
60 185
225 183
73 44
178 4
151 49
76 131
76 110
155 149
131 100
32 178
184 209
158 51
84 96
16 218
147 45
56 90
44 109
217 89
21 65
184 78
72 56
93 24
65 180
59 107
183 197
186 33
157 50
126 173
131 34
170 63
119 94
194 81
106 201
224 60
156 82
70 72
135 97
14 123
89 183
170 224
48 33
20 207
121 157
33 54
2 88
137 217
34 62
213 5
85 38
30 196
56 144
167 125
106 193
122 79
115 224
85 57
15 225
207 177
10 110
180 5
76 61
153 33
188 109
37 86
146 47
17 220
220 117
47 182
175 142
21 181
166 221
158 14
206 93
48 7
111 43
107 70
35 201
106 222
65 34
174 217
145 148
112 219
108 86
58 156
108 195
94 142
115 138
56 151
7 207
137 86
72 172
225 166
53 99
199 74
86 167
102 141
117 109
106 13
212 193
128 8
134 224
223 144
2 3
140 2
100 85
125 26
38 32
221 110
125 105
67 71
69 145
18 196
91 227
209 28
13 4
114 223
56 210
188 10
210 222
105 216
76 213
133 96
69 100
200 17
80 44
146 34
83 111
123 89
208 206
1 18
67 35
42 55
140 77
111 41
195 57
160 136
91 9
50 62
89 74
14 218
216 102
61 3
8 218
123 63
12 106
187 208
170 162
49 154
145 108
32 224
4 3
206 223
3 149
190 36
224 167
130 212
125 137
217 160
107 23
109 31
31 146
174 70
92 89
123 56
66 104
85 34
52 134
42 142
94 46
39 80
35 146
152 166
204 78
72 20
207 205
130 87
216 25
92 146
144 53
2 76
16 194
15 20
99 66
167 171
210 13
116 157
31 20
219 42
94 95
177 142
109 204
18 218
210 196
182 203
105 6
41 48
154 193
45 58
122 97
220 176
61 1
211 14
45 141
24 154
114 191
55 143
200 203
136 58
67 181
130 7
11 191
182 5
28 93
138 103
110 132
210 64
8 27
183 79
181 186
124 86
22 47
200 69
156 78
57 179
1 228
222 11
119 171
207 175
158 96
79 225
206 52
197 53
167 66
149 79
79 132
203 201
148 185
187 221
136 48
38 94
8 36
32 28
25 69
45 39
21 49
97 3
178 228
166 118
37 30
11 189
88 70
196 120
215 48
65 102
48 217
26 22
70 188
96 197
135 149
126 228
133 15
123 147
108 4
226 20
96 58
176 209
177 13
127 127
14 12
5 213
164 184
90 15
36 61
95 110
221 133
16 81
50 66
208 51
31 114
59 174
140 23
131 98
139 192
180 217
17 61
28 214
164 16
201 162
174 183
109 224
118 140
86 223
171 121
128 227
50 183
103 22
26 117
124 197
158 44
173 123
145 179
171 57
221 150
181 104
120 111
90 134
99 151
218 80
81 152
134 131
40 55
57 177
167 49
95 27
56 22
113 19
120 226
224 30
172 92
9 190
190 140
163 96
30 7
103 126
105 33
44 197
114 6
201 131
20 222
71 2
1 188
141 199
22 74
110 78
20 196
198 176
92 31
80 25
73 123
193 31
49 106
190 67
49 89
75 85
77 84
54 150
110 47
82 11
145 199
75 191
207 125
218 212
62 103
1 139
60 15
125 193
188 149
184 81
99 209
97 128
71 48
95 91
153 103
20 93
136 108
118 42
63 92
18 200
208 31
79 181
68 222
16 98
145 169
85 149
221 125
200 72
56 9
126 107
154 176
66 32
48 183
172 87
60 130
43 216
121 203
155 163
220 227
24 74
163 122
225 140
94 197
112 150
209 144
224 11
137 50
111 195
1 11
210 187
227 211
120 48
157 161
163 171
28 116
83 178
104 135
115 189
115 93
60 146
178 210
33 145
140 13
182 131
125 159
115 53
65 47
62 14
172 133
188 212
198 84
80 93
124 64
34 107
34 197
209 138
221 0
45 13
201 218
123 19
164 84
153 168
197 228
174 165
213 115
167 30
45 149
183 124
176 89
144 207
96 15
212 151
46 204
184 55
144 175
121 84
81 66
87 68
217 63
155 103
195 172
28 103
42 44
85 114
38 152
226 29
12 29
203 225
166 129
53 168
99 196
71 155
185 70
198 8
121 165
183 141
171 3
187 123
175 115
201 184
15 125
92 62
147 66
3 74
43 39
198 114
60 193
133 31
146 226
175 156
55 63
217 173
10 72
207 111
29 33
96 203
129 163
190 166
109 89
177 30
97 186
127 204
130 174
212 96
209 81
22 142
82 109
128 209
105 126
107 162
78 130
214 192
93 48
21 51
14 203
160 65
137 19
79 21
47 197
64 228
189 124
187 85
178 31
109 121
188 14
127 36
16 117
79 51
211 37
43 130
105 88
60 116
179 52
90 52
224 117
215 198
215 14
162 144
72 217
32 132
160 93
210 129
143 139
72 188
106 152
50 180
92 76
37 219
218 216
122 77
156 54
222 60
88 47
156 186
169 166
40 211
196 154
112 117
14 64
69 60
177 121
87 135
9 192
46 107
102 176
159 132
187 154
195 14
20 129
215 210
37 172
64 84
89 105
73 125
35 123
196 55
179 142
24 82
38 113
26 72
191 33
109 71
14 106
142 160
222 118
84 199
107 59
52 109
161 63
56 212
127 213
179 20
148 100
46 147
77 128
145 67
135 50
19 186
29 6
160 79
224 48
163 11
69 123
211 147
48 9
159 195
127 125
92 46
222 2
47 123
170 93
3 109
6 60
8 29
167 169
175 68
18 85
228 143
115 71
104 18
185 84
24 10
53 66
85 198
5 58
59 92
32 210
76 94
177 96
175 122
200 19
50 30
71 113
186 86
153 37
209 146
145 101
11 52
95 178
227 156
228 124
36 140
17 63
28 219
7 102
146 184
155 70
97 87
186 182
190 134
198 10
173 22
58 45
42 64
152 228
227 104
55 201
176 144
145 7
145 45
20 48
57 57
155 184
76 79
218 205
175 8
98 208
58 130
139 101
109 162
32 161
61 223
6 42
199 132
206 78
149 221
165 116
144 111
68 203
106 100
212 98
164 213
191 94
84 147
149 44
216 52
192 98
132 57
144 37
64 200
160 180
198 201
108 14
111 89
1 170
95 201
35 5
160 14
137 73
178 131
191 38
84 222
210 165
63 177
206 8
150 42
132 13
88 15
154 218
120 74
174 47
226 91
228 105
30 12
120 58
93 144
51 181
83 220
105 22
7 189
27 86
174 205
23 213
37 185
146 11
192 103
192 169
60 156
216 31
137 71
124 157
213 0
131 154
11 184
226 138
123 17
127 53
117 31
102 118
53 144
17 187
50 68
90 70
101 190
179 201
90 73
1 28
59 57
159 157
17 131
175 113
49 91
41 186
214 106
180 29
195 3
40 206
187 161
17 166
79 45
101 65
10 28
177 26
122 178
192 134
47 141
62 226
191 185
84 128
131 32
215 116
123 11
192 142
39 85
203 207
56 126
151 114
68 22
136 1
90 31
211 49
158 61
37 199
105 169
161 170
166 21
200 175
198 118
121 63
147 80
10 216
136 78
212 217
183 20
73 8
174 227
31 3
58 143
24 151
86 200
220 168
148 37
91 189
132 47
36 73
194 55
176 32
215 29
85 3
227 165
75 38
2 65
23 24
100 165
137 196
94 208
187 134
94 17
78 165
127 162
75 123
5 182
80 19
117 71
81 72
14 99
74 151
198 72
48 24
183 169
134 59
57 38
128 86
119 143
111 48
31 97
152 177
188 22
185 43
209 36
157 5
95 220
50 216
207 225
161 182
60 211
223 196
118 15
21 127
50 158
172 124
63 63
194 76
3 63
4 166
143 203
7 52
222 142
119 155
7 130
219 154
59 204
98 1
215 168
4 226
79 122
150 21
86 112
24 176
46 44
126 64
118 98
140 186
132 91
3 58
204 52
156 22
169 13
94 89
90 211
65 167
180 159
162 221
193 127
146 162
62 151
120 0
168 210
75 57
169 223
11 176
107 106
119 202
221 41
166 35
114 200
223 75
121 138
192 51
140 224
209 208
78 110
137 213
64 15
168 199
33 105
7 163
157 110
150 176
122 65
53 107
179 182
97 79
33 44
94 112
97 199
167 53
63 48
182 62
12 162
79 145
67 133
97 210
207 106
186 97
95 141
94 82
92 193
17 174
143 147
61 225
86 23
120 205
33 27
207 69
157 1
24 113
15 113
207 218
169 131
2 155
64 105
111 70
86 161
218 203
15 47
110 134
172 90
37 115
97 131
52 120
52 225
141 30
26 93
66 206
195 148
0 101
68 82
219 90
209 103
58 145
95 19
167 181
194 193
205 36
171 29
134 226
122 86
80 197
56 186
194 184
50 58
9 141
90 203
78 20
90 11
136 121
56 73
161 186
10 87
28 68
171 16
74 224
143 55
210 137
133 33
203 38
8 111
225 93
190 96
104 81
160 226
211 45
220 73
149 69
204 111
17 168
192 68
103 114
41 175
118 198
21 14
38 146
23 107
147 129
44 73
59 52
15 4
223 77
66 28
103 17
120 198
197 156
218 82
46 210
93 123
29 86
151 37
226 2
39 54
107 203
134 17
96 60
132 184
104 213
218 201
185 123
211 182
8 25
105 172
228 107
188 97
40 52
41 181
69 159
190 150
72 3
125 144
226 72
193 91
62 83
147 68
58 94
99 129
9 159
171 146
122 219
89 172
28 95
134 151
106 4
139 19
40 78
114 185
130 129
82 92
76 215
199 151
16 59
191 154
213 49
173 30
116 97
202 141
48 195
38 206
185 141
215 139
144 49
13 62
54 16
138 173
207 100
84 211
78 70
36 179
44 166
204 57
35 186
120 80
69 204
90 151
89 107
12 186
222 62
117 94
51 99
218 186
115 210
202 163
51 75
122 99
43 228
58 193
71 158
214 26
2 15
25 216
60 218
1 83
225 81
13 205
197 41
28 64
93 148
184 41
110 45
130 127
66 18
15 60
55 131
86 127
79 80
1 63
67 69
31 5
209 218
151 39
63 153
90 88
7 95
18 221
112 111
171 161
21 61
137 210
67 192
19 219
82 25
213 94
200 141
26 67
47 121
132 17
140 100
180 86
65 38
62 31
46 167
20 59
176 25
185 68
200 67
206 58
16 188
189 21
153 160
69 34
129 53
120 153
27 7
117 202
141 153
158 53
123 128
87 157
127 146
214 84
131 224
72 186
58 17
71 101
103 50
104 97
120 96
77 72
142 88
50 212
21 25
209 101
149 204
142 29
71 216
125 76
190 183
20 74
207 35
35 87
61 12
39 67
221 63
149 25
189 32
209 79
99 71
204 179
4 60
159 175
204 30
163 142
15 96
4 126
137 77
163 152
54 21
212 222
28 77
34 50
95 97
194 142
37 135
55 57
1 226
133 45
110 116
109 24
136 112
141 59
205 110
110 174
96 13
208 58
187 49
3 182
35 54
11 116
18 138
209 65
16 35
33 190
173 81
94 164
24 115
98 119
124 100
3 167
166 55
138 79
112 67
104 188
205 154
142 222
182 77
163 86
119 127
80 17
200 76
93 221
117 178
108 151
162 136
24 23
153 67
212 170
138 41
132 210
181 175
225 64
23 126
181 216
226 11
112 165
48 157
96 5
218 55
107 67
71 134
138 23
34 185
42 62
196 16
159 113
107 217
112 144
213 145
217 38
125 78
221 127
49 124
116 7
98 188
30 74
24 47
59 62
119 109
203 167
156 138
182 191
45 131
11 45
190 108
226 218
106 124
197 203
109 6
160 220
30 156
168 48
147 147
122 197
198 26
28 204
26 121
72 0
133 195
31 100
178 203
47 4
178 226
25 174
135 110
72 170
122 195
96 77
29 54
215 200
184 10
180 226
35 144
222 131
59 191
184 160
59 176
70 21
68 6
7 193
96 208
119 179
0 40
129 55
185 53
56 84
212 18
23 101
48 164
185 125
100 163
203 6
162 184
31 104
154 147
201 45
137 143
218 184
165 192
97 201
31 13
29 190
127 192
164 93
86 147
169 79
118 29
206 193
134 183
217 171
50 8
157 55
127 225
82 112
97 219
105 113
151 201
27 91
2 169
67 43
146 190
77 132
33 223
102 92
116 140
207 97
97 6
224 198
4 67
163 201
110 91
74 200
211 29
24 214
10 92
175 153
159 159
123 110
48 69
224 223
117 106
37 170
29 26
186 223
146 106
124 149
224 62
18 74
201 133
102 48
0 186
202 99
8 205
167 38
124 216
94 180
130 215
55 7
120 123
210 207
220 152
135 86
223 25
215 154
128 172
186 127
3 139
136 18
35 34
167 111
144 142
160 188
195 158
76 3
66 6
34 125
21 34
23 26
108 12
193 74
135 114
185 170
63 2
12 172
106 54
110 219
115 85
162 92
140 57
214 24
133 35
199 62
215 172
11 80
149 183
19 102
111 221
155 66
17 34
165 22
124 9
208 104
14 171
105 191
165 95
81 173
34 76
139 183
91 115
118 96
178 61
7 44
98 203
165 152
45 173
125 50
88 198
159 7
7 191
107 160
145 167
51 194
45 4
64 59
157 84
135 206
27 123
110 167
98 197
168 98
16 15
42 31
75 8
110 151
86 163
162 14
47 228
213 122
59 119
25 218
211 27
175 14
146 82
223 0
215 91
14 14
106 182
222 101
157 201
26 214
186 37
152 213
92 152
172 190
184 27
177 133
218 174
25 100
152 79
9 194
175 23
56 208
118 40
11 118
157 163
184 153
79 183
161 96
172 100
5 207
142 57
25 163
209 132
125 187
44 41
150 38
68 146
212 2
152 41
119 44
203 86
30 57
196 184
192 118
12 217
73 66
32 141
132 173
113 180
142 22
158 151
158 219
145 214
49 127
174 54
21 27
186 212
222 99
105 146
25 31
109 152
10 8
0 174
39 112
181 21
98 60
104 95
63 101
62 107
40 6
69 98
117 0
194 159
84 63
217 210
174 176
67 220
14 127
108 135
55 154
123 221
113 72
58 113
135 133
28 75
21 166
195 91
223 98
49 118
66 227
64 152
101 123
40 32
136 42
47 115
200 124
27 20
158 226
175 40
56 20
113 102
194 201
105 60
88 166
192 89
54 74
46 139
36 113
0 31
61 148
217 168
73 133
20 20
219 159
192 35
52 82
45 224
23 174
216 201
222 175
125 189
25 102
214 51
61 108
40 179
219 150
95 24
166 109
94 160
29 163
218 161
113 170
49 5
174 0
145 51
88 171
54 152
152 226
103 159
153 162
20 152
128 165
188 132
183 152
84 112
109 59
180 60
223 127
173 45
84 215
123 180
130 184
161 178
66 163
163 29
213 100
149 52
193 171
195 25
197 74
36 23
156 218
115 1
62 16
80 68
85 121
152 219
17 3
13 23
37 95
119 129
78 100
74 37
32 83
204 192
33 151
112 200
134 192
161 158
80 151
180 114
0 199
218 146
124 227
62 129
104 144
34 207
140 93
134 198
93 198
3 47
177 39
72 22
107 224
10 165
28 56
145 128
111 143
193 53
23 156
185 197
224 146
66 212
45 169
181 161
193 181
185 101
148 170
163 94
180 146
59 217
119 31
139 216
42 57
135 153
118 130
88 96
134 30
180 23
228 28
6 0
133 185
149 213
215 141
63 155
119 72
120 65
149 113
193 205
142 80
216 87
153 48
71 115
125 90
102 131
101 130
196 169
168 207
42 51
37 122
48 125
136 215
8 122
205 219
19 198
171 14
115 25
179 155
83 37
30 37
29 60
171 203
181 52
192 218
167 200
156 212
53 5
8 216
221 39
35 17
67 81
222 223
165 56
224 20
91 104
0 9
30 59
30 10
65 60
195 53
192 148
98 12
176 191
6 84
35 96
104 24
179 184
136 16
5 72
46 23
136 202
12 64
53 53
220 148
8 104
170 199
114 86
135 60
15 102
191 20
131 30
201 37
219 214
25 156
203 203
157 71
32 196
27 101
107 185
103 180
20 227
141 4
180 139
192 37
115 119
71 168
181 169
93 91
23 92
80 136
68 71
208 99
56 188
157 20
149 67
37 156
211 127
61 167
65 135
144 35
191 48
108 76
182 86
25 20
223 218
216 140
224 50
7 173
102 98
58 213
172 214
41 53
95 80
25 37
190 119
210 85
65 49
217 142
74 40
66 209
123 218
171 31
112 157
111 103
117 33
148 35
177 195
44 45
59 39
112 115
45 60
148 33
222 152
182 139
36 15
33 218
209 163
44 158
48 155
42 176
187 111
128 93
29 130
175 6
175 174
27 25
105 161
46 15
77 35
124 119
218 169
160 222
66 131
86 84
178 11
133 217
41 228
209 74
41 105
85 25
186 159
93 35
85 126
205 125
42 120
221 154
16 137
153 191
54 120
225 164
176 166
166 212
177 174
0 156
138 127
98 100
56 129
209 69
60 144
85 178
157 13
67 167
73 153
136 37
7 195
170 216
226 124
221 43
148 2
117 22
137 141
171 201
87 66
218 209
149 153
58 90
195 228
172 54
56 161
36 207
44 32
14 120
18 203
186 196
186 153
12 36
29 97
89 68
213 174
225 0
118 117
77 8
33 123
187 187
33 42
122 122
168 141
172 56
90 40
78 223
73 38
11 148
21 53
74 193
184 96
185 175
13 201
205 206
227 83
23 1
7 178
86 226
139 117
213 36
223 63
50 214
42 189
75 153
200 190
172 63
18 19
36 169
212 105
203 45
47 6
16 87
66 108
158 46
165 172
107 42
212 13
204 157
71 8
146 205
205 191
219 188
20 211
207 108
34 29
59 131
5 148
5 46
179 108
50 82
18 176
218 148
45 126
68 199
155 161
45 2
81 122
143 199
113 54
152 129
215 94
83 84
191 216
118 156
156 80
176 102
195 199
218 109
147 188
225 110
196 12
22 196
94 217
174 140
6 174
162 140
205 150
113 66
96 75
158 135
133 178
107 44
194 1
43 101
68 122
82 214
104 124
157 108
198 42
15 141
210 18
195 74
43 58
202 88
22 133
202 210
85 94
54 102
168 205
47 21
117 138
159 63
160 61
183 126
173 13
198 154
204 87
142 163
134 6
222 79
169 77
172 61
188 219
155 109
213 3
218 99
18 228
56 139
87 173
157 150
19 21
77 163
180 3
9 45
64 161
197 82
180 199
161 122
91 54
74 117
20 133
72 40
223 105
170 22
71 205
143 119
69 32
211 6
159 111
18 161
186 189
31 190
115 202
4 209
1 107
119 56
22 38
19 84
21 9
130 165
92 36
147 192
207 67
160 103
218 53
129 226
79 9
41 112
123 91
151 95
133 152
37 59
64 103
147 120
217 101
58 9
90 142
210 41
2 100
151 116
85 59
160 3
79 177
75 102
97 103
112 62
227 93
204 126
96 181
187 8
134 125
147 56
215 70
213 153
1 20
177 193
99 131
216 209
133 113
104 4
46 46
112 7
159 101
117 132
194 119
125 36
61 118
170 90
216 84
177 179
69 134
214 170
194 106
208 77
69 219
128 49
106 188
18 36
80 213
114 158
220 161
198 193
129 146
150 80
132 78
44 107
156 52
162 212
87 29
55 159
91 23
132 6
121 221
103 28
46 184
106 86
223 38
148 14
110 159
109 67
93 184
170 55
67 205
156 165
105 115
208 22
206 29
215 55
111 65
189 209
121 22
4 1
175 60
43 220
52 97
65 187
135 10
211 133
198 112
5 61
116 212
201 212
0 216
143 5
162 214
201 202
53 202
119 147
137 116
56 142
158 79
62 18
201 100
127 194
214 130
11 78
146 32
128 211
141 220
177 64
149 65
55 5
