46 165
195 82
31 140
196 190
142 86
126 175
105 150
1 39
79 135
185 210
42 226
142 200
39 200
157 204
157 21
91 38
7 70
64 107
58 210
5 69
57 213
128 124
175 124
181 201
179 27
225 104
165 148
109 43
17 204
91 77
31 130
61 84
22 102
7 28
112 194
126 99
203 186
195 224
6 165
119 131
89 4
128 215
107 186
123 139
80 155
154 165
146 2
33 65
172 205
62 29
102 169
224 183
158 99
70 228
6 203
25 161
143 22
8 108
125 136
81 135
83 187
125 49
200 144
153 203
75 2
113 30
188 189
70 208
223 165
95 195
145 95
132 212
56 160
199 7
159 72
110 183
220 187
53 75
136 85
10 160
96 93
133 29
153 76
83 204
180 190
69 146
27 60
124 182
220 65
122 24
189 106
158 109
133 107
16 202
167 167
131 145
57 40
193 211
14 97
167 123
14 85
10 55
134 105
59 41
195 80
109 160
185 17
143 149
11 89
168 110
175 98
212 3
55 65
176 195
59 10
130 63
112 211
222 116
225 74
65 79
227 193
52 42
51 72
92 153
31 162
45 208
215 100
169 133
111 46
86 30
191 30
173 207
38 82
94 182
150 40
177 152
26 9
53 73
181 137
153 146
141 163
206 66
192 100
148 170
214 38
183 160
78 166
43 183
206 184
163 169
189 165
126 157
158 184
131 36
134 175
146 177
206 123
226 122
69 73
133 156
80 10
25 185
65 123
12 190
124 98
175 37
73 145
146 36
127 139
193 131
69 9
53 190
73 60
61 91
27 163
153 153
157 225
35 224
177 189
161 156
202 179
130 113
88 209
39 16
175 47
151 77
129 201
152 33
206 165
122 199
135 120
188 47
221 167
159 77
14 173
205 59
31 35
93 78
36 21
120 180
88 169
194 149
110 82
158 211
209 204
15 83
128 205
33 103
53 103
79 212
22 214
57 84
111 223
214 224
99 186
163 58
181 108
35 191
13 184
10 116
72 44
17 119
109 92
143 121
67 135
158 188
1 97
141 85
166 180
44 16
108 58
78 193
178 35
107 56
180 54
199 14
158 83
94 119
51 53
104 198
72 55
9 78
126 215
16 123
80 108
126 55
184 211
47 84
172 33
133 177
89 72
17 185
85 50
68 131
50 128
215 85
65 165
144 137
0 200
163 21
57 101
96 57
111 126
129 210
156 143
181 63
193 209
182 106
21 46
141 141
96 162
68 201
209 54
61 52
28 120
59 180
158 49
5 227
9 70
85 36
115 169
123 37
61 79
165 73
28 180
128 24
68 15
163 187
161 78
168 201
85 130
140 125
66 179
22 136
39 210
75 97
37 84
117 25
194 218
33 158
161 46
171 80
172 12
154 212
207 191
6 172
151 164
88 199
216 39
188 6
157 159
181 130
16 49
215 62
181 27
171 123
138 100
68 208
122 50
223 140
189 68
188 57
179 130
117 38
31 222
126 155
104 142
9 53
187 126
88 160
30 177
217 14
67 61
44 94
171 18
4 224
84 213
45 175
138 115
153 199
207 95
13 78
66 199
19 159
184 191
25 153
116 23
45 182
126 119
62 175
218 38
208 32
121 128
52 196
210 134
171 65
142 151
32 189
152 155
140 16
7 9
99 43
31 83
42 99
111 29
92 142
196 96
103 191
223 206
225 136
193 29
79 85
141 186
31 44
170 132
223 225
119 209
202 122
95 117
154 225
28 19
96 47
197 201
205 163
203 217
48 17
129 214
48 211
6 105
19 149
171 89
8 22
219 71
125 140
226 82
160 201
65 16
93 219
143 3
129 37
49 178
7 197
71 97
52 214
110 217
119 45
177 16
144 24
2 118
133 41
186 136
172 20
208 156
191 226
75 119
28 122
42 166
148 205
33 63
222 20
138 105
173 116
75 81
129 71
140 135
75 121
221 177
35 132
101 54
60 195
181 19
30 16
198 89
77 159
190 121
223 193
176 61
155 211
134 112
46 69
133 163
183 148
22 160
24 134
6 122
77 192
140 133
221 81
110 22
148 12
20 18
74 222
108 218
62 144
192 46
208 71
19 32
96 139
185 87
82 151
173 154
100 123
142 7
50 71
95 199
214 194
122 108
76 36
85 46
45 24
6 94
155 216
10 193
73 205
225 31
33 130
80 192
188 153
42 164
26 218
183 150
164 189
85 111
70 185
180 203
96 1
41 49
73 108
104 54
182 208
35 31
83 54
151 199
41 59
30 131
59 114
174 181
35 184
1 141
4 88
30 113
82 48
177 154
224 162
124 24
96 121
224 135
49 215
131 172
16 173
60 220
23 228
89 205
4 86
46 158
130 18
46 8
197 24
167 163
21 158
117 11
115 14
214 171
160 43
196 171
21 169
107 103
86 62
22 116
180 128
190 99
168 127
125 183
61 146
162 65
212 224
213 118
26 84
149 189
133 43
77 33
38 97
104 219
159 26
53 131
57 131
216 98
53 3
82 73
112 13
61 198
65 220
145 97
29 100
74 34
198 172
129 192
173 15
144 146
224 100
102 172
173 82
16 73
163 46
227 32
22 226
174 125
91 149
48 26
149 49
187 88
178 89
124 85
107 125
119 138
144 106
14 72
75 92
184 140
20 141
63 84
37 17
20 29
155 107
139 186
69 214
10 163
203 219
52 107
90 7
187 210
182 85
19 28
77 180
118 128
16 100
19 78
202 21
120 21
169 57
226 186
142 111
28 48
16 112
20 173
180 209
88 121
26 201
177 187
171 112
183 83
165 67
0 52
101 39
156 136
194 52
194 99
50 10
126 25
157 112
3 19
182 227
143 213
129 150
148 177
212 140
187 138
116 214
3 21
130 197
194 135
23 216
196 89
200 60
14 226
224 142
104 116
136 3
123 49
150 16
26 108
58 207
220 68
203 19
185 80
191 105
125 27
160 92
5 37
37 210
223 32
205 75
221 32
103 144
185 221
7 42
193 193
110 194
14 3
166 76
53 105
93 118
29 82
97 16
202 177
43 4
110 8
71 190
58 214
106 66
213 122
58 169
98 154
192 173
113 210
140 222
69 186
5 39
64 163
26 90
70 200
210 72
27 110
216 3
202 44
67 59
152 142
10 97
115 56
21 205
154 137
125 34
212 7
202 77
205 152
13 177
227 172
188 79
186 12
162 13
105 180
226 116
34 139
25 19
216 193
223 177
104 182
53 90
7 26
166 175
160 150
98 81
173 71
35 134
150 219
15 119
164 154
196 183
148 187
84 118
117 13
181 0
119 158
104 221
211 35
138 39
204 178
157 47
210 79
179 45
60 227
194 191
160 45
10 9
220 88
39 224
183 174
205 186
6 83
127 202
197 191
216 213
140 79
111 101
184 53
150 93
50 152
166 71
145 181
58 158
84 151
100 133
86 151
214 209
201 164
63 78
73 42
59 118
61 64
97 11
146 99
201 206
60 19
169 191
52 115
193 50
81 177
102 31
79 8
100 41
85 84
74 189
12 73
107 6
209 153
35 4
189 211
57 29
130 179
225 220
101 72
3 1
91 101
151 175
189 66
205 95
150 130
52 184
51 66
104 31
134 204
170 141
137 139
183 69
150 128
220 79
2 197
107 122
186 140
51 80
123 187
41 216
211 219
75 42
79 23
1 214
62 221
128 113
29 146
203 151
119 92
26 48
201 228
204 212
32 52
192 66
185 155
181 183
86 160
67 209
56 18
216 54
207 152
26 106
91 17
22 173
114 218
200 108
112 77
16 108
223 92
69 84
23 81
31 75
199 36
48 81
27 69
145 48
2 91
186 21
158 3
95 59
23 32
7 151
170 19
225 207
123 158
131 45
78 143
109 142
180 91
39 181
109 104
64 89
112 33
77 178
4 162
79 71
190 182
173 175
205 148
71 53
72 174
101 145
188 11
113 152
183 18
100 64
129 199
52 24
167 208
115 32
96 40
61 196
119 12
16 85
63 33
224 79
146 201
37 174
178 95
97 164
222 162
193 104
145 110
77 22
13 137
65 84
53 128
105 200
227 125
97 156
34 188
80 175
178 102
3 27
211 145
122 101
135 5
117 65
11 211
159 5
52 5
39 156
228 144
144 225
4 180
194 198
69 156
77 168
8 165
103 29
198 12
83 177
218 3
162 23
20 185
109 84
215 115
146 186
122 119
103 80
189 114
96 179
174 89
214 57
197 10
30 102
155 146
151 48
28 188
116 190
194 89
143 70
128 70
183 16
143 224
83 35
213 16
67 9
75 213
109 181
132 112
34 108
183 0
144 2
54 23
137 2
161 194
92 191
225 212
174 104
136 228
162 139
59 222
114 178
196 223
90 31
79 53
32 125
99 73
189 7
89 90
225 10
29 111
126 148
82 212
16 20
36 58
153 164
60 191
88 207
172 184
2 84
211 53
225 182
195 216
205 5
182 54
144 209
21 132
221 72
143 96
214 98
2 48
120 145
159 10
61 62
61 170
149 17
116 54
126 39
151 203
223 137
109 128
185 174
166 173
18 188
82 82
194 220
152 144
94 29
120 195
161 8
5 139
219 211
168 76
222 197
160 131
167 108
151 55
201 137
58 187
15 150
82 91
13 21
37 201
70 75
154 124
28 52
166 30
80 100
187 96
207 5
5 124
212 117
186 132
23 114
22 10
35 59
67 45
106 194
151 205
20 66
154 120
39 134
180 219
45 226
134 154
210 77
67 121
75 204
94 146
193 16
71 73
36 197
162 37
108 90
45 202
114 141
227 213
159 228
195 30
152 57
217 154
31 42
39 30
86 169
28 178
50 150
150 191
182 43
83 127
60 16
15 204
110 41
210 189
225 126
77 144
221 24
144 31
112 5
223 131
28 9
140 151
208 87
64 71
27 96
40 40
171 82
56 172
115 216
6 225
43 47
191 168
32 220
150 53
111 12
95 52
65 37
48 213
210 55
207 220
32 134
145 55
0 81
51 217
208 116
133 99
36 7
116 218
33 143
54 19
184 114
110 132
185 19
21 84
161 203
60 172
78 94
40 81
7 126
43 114
159 54
139 152
217 207
13 152
47 126
127 144
153 108
16 53
180 157
93 23
97 196
147 82
4 137
3 213
122 146
46 83
6 24
103 17
0 115
4 65
50 176
193 12
14 108
140 116
57 72
63 90
126 9
34 114
21 92
136 39
77 182
201 62
69 169
149 89
147 10
97 18
37 223
124 198
173 0
165 215
223 13
219 167
169 112
123 164
70 55
134 37
11 187
89 101
170 139
58 116
168 203
10 25
183 115
40 152
129 126
71 145
159 224
158 149
94 33
135 53
93 15
51 84
32 107
215 106
206 33
109 185
123 141
89 158
14 189
96 160
5 190
190 22
123 117
62 120
38 29
18 140
41 87
128 17
21 175
205 28
172 182
80 166
177 104
93 195
208 13
17 77
124 185
144 33
37 74
209 167
25 45
185 138
38 22
204 44
181 79
198 76
136 123
75 145
32 11
168 224
167 69
94 44
22 151
51 91
112 45
204 175
119 133
192 201
182 210
166 165
118 204
105 224
212 26
115 65
136 205
74 99
9 10
207 117
228 163
135 211
104 27
137 57
193 160
62 227
223 133
137 160
100 208
56 205
70 202
126 143
72 219
128 56
145 160
89 24
15 21
80 195
213 14
134 196
177 6
144 47
134 12
108 87
46 206
171 37
197 29
2 151
227 30
165 39
50 25
170 44
211 227
187 71
226 66
150 120
224 112
54 225
114 212
125 128
75 202
120 120
197 91
11 134
178 127
71 153
102 96
8 94
129 139
68 27
6 80
65 133
76 221
209 20
144 200
186 56
118 228
20 1
88 103
132 80
199 116
116 159
131 42
122 66
67 5
1 153
56 116
45 114
207 167
219 134
15 135
201 103
50 51
29 39
177 36
82 194
204 123
220 21
83 125
208 84
152 81
170 110
132 62
200 178
1 143
39 114
46 79
29 58
113 85
220 56
47 110
113 222
214 92
41 4
202 136
8 157
96 119
190 5
88 32
144 186
46 100
217 1
81 54
100 147
117 200
145 118
105 170
225 114
106 199
90 152
86 146
111 113
180 106
17 83
201 211
133 60
171 46
76 98
12 24
218 56
95 123
76 40
215 155
198 199
77 51
24 39
36 126
114 92
216 174
204 142
136 69
109 64
5 194
63 61
13 150
205 112
85 48
186 42
9 38
111 180
211 104
161 228
34 170
78 214
2 32
40 122
215 15
170 61
214 202
202 143
213 105
38 7
93 59
174 32
224 103
126 51
94 49
83 136
211 43
51 64
100 188
92 163
38 208
35 42
161 209
52 101
40 150
225 210
97 108
85 3
112 160
57 146
56 121
209 43
203 40
161 103
26 115
213 147
205 204
73 172
183 88
73 190
104 193
96 112
159 93
131 150
19 169
69 96
84 52
4 48
206 31
16 200
217 120
53 160
7 103
67 29
186 23
182 204
194 158
14 116
168 23
227 49
144 45
175 178
39 158
79 161
223 50
228 50
6 161
188 86
135 71
67 97
87 24
13 125
29 62
82 119
79 168
152 221
173 166
46 156
182 3
35 51
6 109
56 192
179 217
1 1
192 136
104 66
78 108
132 133
127 87
105 204
95 128
28 37
2 41
35 171
109 80
94 158
144 60
223 9
172 200
227 216
23 180
228 21
201 145
198 60
157 145
40 98
156 202
93 227
158 73
103 146
149 228
139 142
15 63
44 100
123 215
189 151
212 195
125 126
6 205
171 183
154 32
41 44
49 227
165 20
208 198
201 42
210 217
148 129
48 91
110 14
14 16
79 159
4 151
52 149
207 207
216 200
209 221
27 50
113 127
55 128
84 82
59 197
57 128
220 213
45 228
114 166
168 55
118 66
113 64
131 177
103 32
79 156
105 52
39 153
206 178
114 110
67 169
164 32
167 52
131 186
207 60
92 120
1 22
50 33
130 161
137 101
118 78
64 224
222 227
54 97
132 216
212 209
61 177
148 91
181 132
38 104
152 20
6 17
127 34
59 170
74 56
43 167
167 57
175 30
41 134
127 90
186 36
18 193
16 13
82 216
144 162
95 228
26 25
94 163
88 133
89 95
138 214
111 24
228 140
117 170
114 70
141 15
66 83
60 106
186 6
63 109
12 141
4 79
121 55
19 194
51 109
91 144
63 27
95 34
7 227
222 147
103 5
110 145
35 104
168 36
52 49
120 78
98 112
171 143
96 98
110 76
59 168
36 29
124 40
166 184
78 112
119 19
189 163
55 203
126 226
165 113
29 5
209 135
34 52
166 211
160 12
67 138
42 33
222 103
141 6
115 30
20 85
99 69
101 29
156 7
35 20
52 151
2 182
18 142
180 46
81 110
5 146
214 53
31 209
196 76
164 71
33 225
52 51
85 44
160 177
41 94
206 156
51 226
6 176
153 224
140 20
137 74
208 144
175 208
21 68
14 93
143 58
99 108
10 174
20 187
143 67
94 93
77 161
22 0
227 10
21 137
67 123
108 144
31 26
38 168
158 222
215 1
108 78
108 124
224 66
224 52
223 73
189 56
169 99
50 27
3 211
37 71
53 47
113 189
94 121
21 31
182 65
33 99
48 119
203 205
189 13
194 97
128 174
40 191
212 0
111 39
60 74
62 149
144 143
176 193
38 222
223 36
205 224
26 197
131 6
81 26
52 180
220 144
187 39
184 183
167 132
113 43
199 71
113 35
216 176
53 83
141 139
209 68
87 129
105 20
195 142
129 97
81 12
3 39
191 28
8 220
71 218
18 60
168 21
123 194
29 50
155 122
18 101
115 108
59 29
2 199
37 19
157 23
54 205
217 91
9 43
169 30
190 51
37 133
190 147
220 130
211 47
166 48
88 8
151 223
101 216
116 187
224 185
95 125
181 44
144 177
87 45
217 67
198 45
80 139
136 119
61 100
142 74
71 67
147 207
111 161
154 116
121 159
25 86
182 184
40 159
121 110
86 185
66 201
161 101
60 21
26 204
172 35
91 90
145 158
160 81
41 204
132 141
83 149
53 188
14 95
221 225
34 161
177 45
118 145
25 220
58 173
20 50
144 135
45 212
81 158
91 75
18 135
86 33
105 56
10 195
60 184
202 60
121 61
65 209
59 178
147 132
111 152
89 135
204 184
150 91
26 119
96 217
155 48
187 142
75 133
169 189
62 20
5 196
195 150
57 42
106 2
53 119
2 226
171 189
18 65
191 132
20 200
31 142
187 67
154 80
93 152
122 57
44 105
143 72
50 60
13 47
25 193
200 43
185 103
117 115
105 186
29 179
66 191
161 176
93 53
108 183
35 150
77 18
97 110
165 111
125 8
37 88
69 29
93 185
164 36
35 219
55 73
20 193
36 146
217 156
24 173
86 224
56 30
37 192
105 98
218 136
2 61
150 65
158 203
182 45
48 82
228 154
149 46
137 21
46 191
78 40
98 64
165 86
40 6
115 12
170 101
206 127
121 42
1 43
5 27
3 107
187 106
197 110
180 110
85 135
112 31
166 37
98 5
198 170
181 2
168 212
28 91
145 126
93 167
133 135
196 177
157 25
58 184
123 39
213 47
111 130
143 62
128 85
192 48
160 121
154 118
170 54
165 202
134 200
33 5
62 59
93 17
114 187
216 186
164 121
130 31
40 124
130 142
141 95
222 145
199 102
3 90
155 204
29 35
103 215
171 217
189 58
99 110
135 217
1 13
99 39
39 42
35 115
66 106
179 62
138 124
84 224
109 172
25 8
201 216
152 120
126 71
209 226
92 173
13 211
155 5
69 217
155 144
100 173
20 150
132 175
12 188
148 3
6 156
80 91
113 39
225 194
194 170
79 34
35 199
193 217
47 202
202 209
148 190
87 105
217 190
45 48
68 42
73 32
83 49
132 131
182 29
83 206
193 227
62 185
41 85
156 33
141 72
159 95
166 85
155 152
88 6
148 223
112 15
172 227
87 150
145 133
117 56
22 12
130 111
142 134
38 73
4 153
203 8
224 175
39 136
19 34
70 179
49 121
103 178
186 143
23 45
57 103
150 19
217 62
117 161
194 203
158 19
62 194
55 91
112 167
178 180
77 82
192 96
14 46
200 160
43 174
170 75
205 182
192 184
6 2
109 68
211 75
155 126
4 84
225 133
2 55
215 29
117 209
73 21
195 106
94 127
14 201
110 20
120 30
179 153
47 193
194 35
130 79
152 92
8 175
92 166
28 165
47 150
203 42
110 26
147 199
213 220
96 177
112 21
123 219
103 15
192 121
110 114
118 177
59 224
129 178
171 0
42 218
13 45
176 176
167 78
191 164
222 112
204 76
162 188
154 192
44 171
35 210
40 106
71 9
1 50
193 139
216 195
224 115
94 0
219 40
53 64
216 92
42 68
146 216
165 50
5 149
168 101
140 200
15 152
40 83
152 22
196 98
219 69
214 196
181 148
157 0
160 160
69 221
226 174
109 39
99 11
21 58
184 204
211 22
89 9
156 72
115 39
82 218
33 91
15 184
73 114
142 136
198 190
41 66
26 47
174 69
125 195
199 126
101 94
69 37
98 88
7 46
65 9
108 3
29 76
142 60
38 20
65 91
164 150
190 69
169 28
81 133
9 134
18 109
45 137
203 161
227 94
18 49
95 215
87 211
172 216
159 154
158 33
139 198
166 150
221 37
224 138
188 55
222 90
194 156
12 26
161 165
140 98
138 17
99 145
227 115
102 192
68 75
197 221
54 141
139 104
38 9
138 178
111 99
83 134
42 119
4 44
37 15
203 101
158 134
31 226
115 208
178 38
124 78
40 146
20 16
85 187
95 32
173 218
54 45
10 176
73 1
190 123
201 204
178 110
195 226
182 176
71 61
151 212
29 14
48 116
130 16
28 202
186 78
16 183
127 163
103 171
227 127
213 96
147 14
140 86
169 162
52 129
31 159
71 203
104 212
184 195
196 84
183 162
125 109
166 223
18 133
122 59
198 108
196 152
95 76
224 2
199 110
130 140
213 114
143 109
135 107
33 132
193 199
37 218
20 160
191 49
205 167
40 202
200 118
204 61
86 196
123 22
134 78
58 141
94 172
42 60
98 41
221 189
19 58
14 112
121 92
81 137
44 139
134 62
58 171
209 105
9 96
118 58
92 179
212 76
63 160
158 9
6 147
1 16
134 8
4 112
72 151
148 121
145 43
19 131
26 173
167 87
69 113
219 64
12 166
46 124
148 131
35 217
215 184
8 171
171 147
164 18
143 94
196 1
222 40
216 191
194 183
160 153
203 52
100 49
190 219
121 48
23 158
81 83
50 195
162 167
96 69
143 51
3 17
159 47
46 81
210 206
56 46
211 73
75 68
169 198
180 85
130 125
130 144
65 154
163 215
160 142
100 100
67 40
101 174
122 155
168 129
119 1
63 49
211 153
116 86
43 185
73 3
41 141
11 57
17 227
119 223
32 169
41 42
87 4
86 165
185 151
165 69
103 160
48 67
4 81
117 158
202 139
182 113
106 58
175 172
142 83
43 53
173 152
83 129
154 142
95 78
222 74
223 80
190 34
178 216
36 32
164 34
121 76
128 59
124 166
183 63
187 69
71 124
140 106
32 139
26 165
63 118
132 187
142 161
183 67
187 197
4 16
118 111
25 0
178 28
58 73
125 191
209 11
159 97
128 121
132 88
92 43
30 147
72 75
10 7
202 165
123 9
108 26
58 30
217 107
89 174
76 223
162 7
63 51
65 178
193 133
12 98
194 207
91 216
149 55
187 10
108 120
162 159
41 157
152 66
85 1
92 217
164 183
92 0
130 54
118 23
161 216
70 174
153 35
33 208
136 125
12 94
118 224
104 132
212 92
9 196
122 168
74 131
203 227
177 224
75 59
12 3
161 1
81 149
33 97
19 26
120 169
2 201
79 83
77 122
72 116
168 180
16 110
80 70
184 112
19 203
136 105
6 132
84 220
131 90
108 45
60 102
223 221
107 205
141 2
58 133
14 154
119 200
196 119
128 72
175 16
85 141
82 56
43 203
53 96
210 169
118 113
144 57
125 117
212 149
92 51
0 48
43 133
9 35
4 164
205 7
227 81
211 163
223 34
74 86
144 151
191 107
174 62
30 188
23 162
24 197
14 139
217 188
58 7
41 101
117 211
91 174
126 58
92 83
207 102
155 105
101 171
58 44
103 25
10 94
220 218
209 45
50 56
131 14
150 185
57 91
25 2
126 85
159 60
49 193
189 112
226 188
36 63
219 86
79 179
139 140
96 126
44 205
107 181
7 134
103 217
51 178
221 49
132 197
4 18
174 48
54 129
179 135
48 19
31 77
35 129
147 90
212 79
187 65
59 218
56 37
49 84
23 153
127 61
93 136
163 9
44 18
58 119
162 121
173 114
145 120
29 121
87 64
129 128
204 21
118 86
125 38
0 216
196 52
81 186
8 132
79 226
133 120
36 124
6 211
70 120
35 193
54 115
159 122
84 185
89 213
90 103
16 139
39 204
191 210
139 1
78 86
102 124
174 45
134 216
70 170
69 190
135 194
64 17
5 111
169 182
52 142
97 137
130 188
131 166
194 122
203 59
104 140
4 110
206 180
220 146
96 23
61 50
101 143
142 192
86 58
6 178
47 226
86 67
161 174
164 38
160 105
20 135
98 86
99 55
121 171
72 141
124 17
158 81
95 137
36 208
173 173
156 227
167 130
118 119
189 49
210 129
191 13
11 183
75 62
39 185
172 84
125 15
109 179
71 118
177 77
65 50
46 19
67 38
75 100
30 18
71 143
15 121
73 100
25 227
99 53
25 212
38 123
187 220
74 220
9 218
111 128
190 202
208 130
50 116
46 41
27 216
0 173
67 34
227 52
72 86
172 163
207 154
97 35
105 159
26 206
205 217
48 22
91 185
38 76
96 158
66 137
151 17
12 159
20 143
64 158
111 169
64 137
81 205
10 213
219 119
206 176
183 168
78 195
38 179
44 62
6 19
84 23
56 44
223 219
90 42
60 206
129 166
112 91
23 8
82 175
131 199
204 159
123 68
71 214
118 107
160 134
6 209
56 158
219 178
49 156
92 134
157 69
218 87
176 94
37 78
141 149
65 69
220 77
178 54
124 107
111 79
82 80
73 203
181 81
144 215
38 145
40 95
49 54
89 215
24 194
75 32
7 124
181 89
171 99
187 181
156 124
121 44
155 214
222 66
185 168
14 149
22 23
137 172
226 163
51 55
111 141
14 118
46 32
122 227
181 141
88 88
27 161
191 65
131 162
160 6
176 180
195 10
42 17
49 109
3 42
156 3
173 38
33 162
27 66
80 81
204 165
4 56
77 194
100 192
223 23
168 5
191 215
157 182
70 82
153 114
143 153
61 216
120 13
23 83
113 100
92 187
135 20
206 115
146 167
169 108
50 219
28 118
89 16
86 65
150 23
30 119
201 7
87 95
44 210
94 80
29 142
179 186
40 148
138 188
59 66
219 132
107 65
145 89
67 47
16 11
70 14
10 132
16 55
218 176
212 120
125 62
199 131
164 115
208 165
202 160
198 132
151 214
125 92
165 170
111 6
86 210
68 120
76 95
90 181
0 113
73 58
46 195
120 178
61 166
188 4
210 87
227 72
211 130
174 214
196 140
201 70
152 59
118 226
97 66
111 63
166 74
227 208
101 68
39 87
26 195
48 185
37 5
91 213
83 12
212 115
11 115
198 31
88 152
46 91
141 165
120 108
67 165
206 216
94 61
107 145
94 31
80 112
61 27
22 93
99 189
4 120
60 186
226 184
74 44
179 5
151 50
76 131
77 110
154 150
131 99
31 178
184 209
158 51
85 96
15 219
147 44
57 89
45 109
216 89
22 67
184 78
72 57
93 25
64 179
59 107
183 197
186 34
156 49
127 173
131 34
170 63
120 94
193 81
107 201
223 60
156 82
70 71
135 99
14 123
90 183
170 223
48 33
19 205
121 157
32 54
2 88
137 216
34 61
213 5
85 38
30 196
56 144
168 125
106 192
122 79
116 225
84 59
16 225
208 177
9 109
181 5
77 61
154 34
187 108
37 86
147 47
16 220
220 117
47 181
175 142
21 180
166 221
158 13
206 93
48 7
111 43
108 69
35 201
106 222
65 34
174 216
145 147
112 219
108 85
58 156
108 194
94 142
115 139
56 152
7 207
138 86
71 172
225 166
53 99
199 74
86 167
102 142
117 109
107 13
212 193
128 8
135 224
223 144
2 3
139 3
100 86
124 26
38 32
221 110
125 105
66 71
69 144
18 196
91 227
210 27
13 5
114 224
56 209
189 9
210 223
105 216
77 212
134 97
70 99
202 17
81 45
146 34
83 111
122 90
209 206
1 18
67 36
42 55
140 77
112 41
195 57
160 136
91 9
50 62
89 74
13 218
215 102
61 2
7 218
123 62
13 106
187 208
170 163
50 154
144 108
31 224
4 2
207 222
3 150
190 36
223 167
130 212
125 138
217 159
107 24
110 31
31 145
175 71
92 89
123 55
65 104
85 34
51 133
43 141
94 46
39 80
34 146
152 166
204 78
71 20
207 205
130 88
216 27
92 146
144 53
3 74
17 195
14 19
99 66
167 171
210 13
116 157
30 20
219 42
94 95
177 142
109 204
17 218
209 195
182 202
105 5
41 47
154 194
45 57
122 97
220 176
61 0
211 15
45 141
24 155
114 190
54 143
200 203
136 58
66 181
130 7
11 191
183 5
28 93
137 103
112 132
211 64
8 27
183 79
181 185
125 87
22 47
200 69
155 78
57 178
1 228
222 11
119 171
207 175
157 96
79 224
207 52
197 54
167 67
149 78
79 132
203 201
148 185
187 222
137 50
38 95
7 37
32 28
25 70
44 40
21 49
97 3
178 228
165 119
37 31
11 189
88 70
196 121
215 48
65 102
49 217
26 23
70 188
96 197
133 150
126 0
133 14
124 146
109 5
226 21
97 59
176 209
177 14
127 127
15 12
5 213
165 185
91 15
36 61
95 110
221 134
17 79
49 66
209 52
32 114
60 174
139 22
132 97
140 192
181 217
17 61
28 214
163 17
201 162
174 183
109 224
118 140
85 222
170 121
128 227
50 183
104 22
26 117
124 196
158 43
173 123
145 179
171 58
221 150
181 104
120 111
90 133
98 152
219 81
80 152
134 131
40 55
58 176
168 50
94 27
56 22
113 19
120 226
224 30
172 92
9 190
190 140
163 97
30 8
103 126
106 32
44 197
114 6
201 132
20 222
71 1
0 189
141 198
22 73
110 78
20 196
199 177
92 32
80 25
73 124
193 31
50 107
190 67
50 90
76 85
77 84
54 150
109 46
82 10
145 199
75 191
207 125
218 213
61 103
1 139
60 14
125 193
188 149
183 81
100 210
98 128
71 46
95 91
154 104
20 94
135 109
119 41
63 92
18 200
208 30
79 181
67 222
16 98
146 169
85 149
220 126
200 72
56 8
126 107
153 176
65 32
48 183
173 88
60 130
43 216
122 202
155 163
220 227
24 74
163 122
225 140
94 197
112 150
210 144
224 11
137 52
111 196
228 12
208 187
227 210
120 47
157 161
163 171
28 116
82 178
103 134
115 189
116 93
59 146
178 210
33 145
141 13
183 131
125 159
115 53
65 46
62 13
172 132
188 212
198 83
79 93
124 64
34 106
34 197
209 138
221 0
46 14
201 218
122 18
164 84
153 167
197 228
174 165
213 116
167 29
45 149
183 125
176 89
145 208
97 14
212 151
46 204
184 55
143 175
121 85
81 66
88 68
217 64
156 103
194 172
28 102
43 45
84 115
38 151
226 29
12 28
203 225
166 128
54 167
99 196
71 155
185 70
198 9
122 166
183 141
172 2
186 124
175 115
202 184
15 125
91 61
147 66
4 73
42 40
199 114
60 193
133 31
146 226
175 155
54 63
217 173
10 72
207 111
30 33
96 203
129 162
190 166
109 89
177 30
97 186
128 203
130 174
211 95
208 80
22 142
82 109
127 210
105 126
107 161
78 131
214 192
92 47
22 51
14 203
159 65
137 19
79 21
46 197
64 226
188 124
187 84
178 31
109 122
187 13
127 36
16 117
79 51
211 37
43 131
106 89
60 116
179 52
90 52
224 117
215 198
215 13
162 144
73 217
32 132
161 94
212 128
143 139
72 188
106 152
50 180
93 76
37 220
219 216
122 77
155 53
221 60
87 47
157 186
168 165
41 211
195 154
112 117
14 64
69 60
176 120
87 134
9 192
47 108
101 176
159 132
187 155
194 14
20 130
215 211
37 172
64 83
89 105
73 126
35 123
196 55
178 141
25 82
38 112
26 71
191 32
110 70
15 106
143 160
222 118
84 199
107 59
53 109
161 63
57 211
127 214
180 20
147 98
47 148
76 129
145 67
135 51
18 186
29 7
159 79
225 48
161 11
69 123
211 147
48 9
160 196
127 125
92 45
222 1
47 123
170 93
2 109
6 60
9 29
167 169
176 69
18 85
228 142
115 72
104 18
185 84
24 10
53 66
85 197
5 58
59 92
33 210
77 93
176 96
175 122
201 19
48 28
71 113
186 86
153 37
209 146
146 101
11 53
94 178
227 155
228 123
36 139
17 63
27 220
9 103
146 184
155 70
96 87
185 181
190 134
199 11
173 22
58 46
42 64
151 227
227 104
54 202
176 144
144 7
145 46
20 47
57 58
156 184
76 80
217 205
176 7
98 208
58 129
139 102
109 162
32 160
61 223
5 43
199 133
205 77
150 221
165 117
144 111
68 203
107 99
212 97
164 213
191 94
84 147
149 43
216 52
192 98
134 56
144 37
64 200
160 179
199 201
109 15
111 89
0 171
95 201
35 6
160 14
137 72
179 132
191 38
83 222
210 165
63 177
205 9
150 42
132 13
89 14
154 218
120 74
173 46
225 91
228 106
30 12
120 57
93 144
51 182
82 220
106 22
7 189
27 86
174 206
23 212
37 185
146 12
192 103
193 169
60 157
215 31
137 70
124 157
214 0
132 154
11 185
226 138
123 16
127 53
117 30
103 118
53 144
16 187
50 67
90 71
101 190
179 201
90 73
0 29
59 57
159 156
17 131
175 113
50 92
41 185
213 107
180 29
195 3
40 206
189 161
18 167
80 47
102 66
10 27
177 26
122 179
192 134
47 141
62 225
191 186
85 128
131 32
215 117
123 11
192 141
39 85
203 207
56 126
151 114
68 22
135 1
90 33
211 49
158 61
37 199
104 169
161 169
166 22
200 176
198 117
121 63
148 80
11 216
136 78
212 218
183 20
73 8
173 226
31 4
58 143
24 151
86 199
220 168
147 37
92 189
132 46
36 72
194 55
176 32
214 29
87 2
226 165
75 38
1 64
23 25
98 165
136 196
94 209
186 134
95 16
80 165
128 161
76 124
4 182
79 19
117 71
81 72
14 99
74 151
198 72
48 24
184 170
134 59
57 38
129 86
120 143
110 48
31 98
152 177
188 23
184 42
209 35
157 5
95 219
51 215
207 224
162 183
60 211
224 195
118 14
20 128
49 158
172 125
63 63
194 77
3 63
4 166
143 202
7 53
222 142
120 156
7 130
219 154
58 204
98 1
215 167
4 226
79 122
150 21
86 113
24 176
46 44
126 63
119 97
140 188
133 90
3 57
205 53
156 22
170 13
94 89
89 211
66 167
181 158
161 222
193 129
146 162
62 152
120 0
168 210
75 57
168 222
11 175
107 105
120 202
220 41
166 35
115 199
223 75
121 140
192 51
141 224
208 209
79 110
136 213
64 14
168 199
33 105
6 163
157 110
150 176
122 64
54 107
179 182
97 79
33 43
94 112
97 199
168 53
63 47
181 61
11 162
79 144
67 133
97 210
207 106
187 98
95 141
94 82
93 193
18 174
143 147
60 225
86 23
120 204
33 27
208 69
156 1
25 113
15 114
207 218
168 131
3 155
64 105
112 70
87 161
217 203
14 48
111 134
172 90
37 114
97 130
52 121
53 226
140 29
27 94
65 206
195 148
0 102
68 82
218 89
209 103
58 145
95 18
167 182
195 193
206 35
171 29
136 226
123 87
80 197
56 185
193 185
51 58
10 141
90 204
77 20
90 11
137 121
56 74
161 186
9 88
28 68
171 16
74 224
143 55
210 137
133 33
202 38
7 110
225 93
191 97
105 81
160 226
211 45
220 73
148 70
203 110
17 169
192 68
103 114
42 176
118 198
20 14
38 147
24 107
147 130
44 74
59 51
15 5
223 77
66 27
105 16
120 199
196 156
217 81
46 210
93 123
29 85
151 36
226 2
39 53
107 203
134 16
96 61
131 184
104 214
218 201
184 123
209 182
8 24
104 172
228 108
189 97
40 51
41 182
69 158
190 149
71 3
126 145
225 72
193 91
62 83
146 69
58 93
99 129
10 158
171 145
121 219
89 172
29 95
135 151
107 4
139 18
39 78
115 185
131 129
81 92
76 214
198 152
16 59
189 154
213 49
173 30
117 97
202 141
48 195
39 206
185 141
213 139
145 49
13 62
54 17
139 173
207 100
84 211
78 69
36 179
44 165
205 57
35 186
120 80
69 204
90 150
88 107
13 186
222 62
118 93
51 99
218 186
115 210
203 163
51 74
122 99
43 228
58 193
71 157
214 27
3 14
25 216
61 218
1 83
225 80
13 205
196 42
28 64
93 148
185 40
110 45
130 127
65 18
14 61
55 131
86 127
78 80
1 62
67 69
31 6
209 219
151 38
63 154
90 88
7 96
17 222
112 111
171 162
22 60
137 211
68 191
18 220
82 24
213 94
200 141
26 68
47 121
132 16
140 100
181 87
65 39
63 31
45 167
20 60
176 25
185 68
201 67
207 58
16 189
188 21
153 160
69 35
129 52
120 154
27 7
117 202
141 153
157 53
123 128
87 158
127 146
213 84
131 225
71 187
58 18
71 101
102 50
104 96
121 95
77 71
143 88
50 211
21 25
209 101
149 204
142 29
71 216
124 76
190 184
20 73
208 34
35 87
60 12
40 68
221 64
149 25
189 32
209 78
99 71
204 180
4 59
160 175
204 30
162 142
16 96
5 126
138 76
163 152
54 21
212 222
28 77
34 50
95 97
194 141
37 135
55 57
0 227
133 45
110 116
109 24
136 113
141 58
205 110
111 173
96 12
209 58
187 49
2 180
34 54
12 116
17 138
209 66
16 35
33 191
173 80
94 165
24 115
98 117
124 100
2 168
166 55
138 78
111 67
104 187
205 154
142 222
182 77
163 86
120 127
79 17
200 76
94 221
117 178
107 150
162 136
24 23
153 67
212 170
137 41
131 210
181 174
225 64
22 128
180 215
226 12
112 165
48 157
95 4
219 54
108 67
71 134
137 23
33 186
42 62
196 15
159 113
106 217
112 144
213 145
216 37
126 78
220 128
50 123
116 7
98 188
30 74
24 47
60 62
119 109
203 167
156 138
182 191
45 132
11 44
189 108
226 218
106 124
198 203
109 7
160 221
31 157
168 48
146 146
122 197
198 26
28 204
26 121
72 228
132 195
31 100
178 203
47 4
178 226
25 174
135 111
72 170
122 195
97 77
28 54
214 200
185 10
180 226
35 144
221 132
58 191
185 161
59 176
70 21
68 7
7 193
96 209
118 179
0 41
128 54
186 54
55 83
212 18
24 102
48 164
185 125
99 164
203 6
163 185
31 104
154 148
200 45
137 144
217 184
163 194
98 201
31 13
29 190
127 191
164 93
86 148
169 79
118 29
206 193
133 183
218 171
50 8
157 55
127 225
82 112
97 219
104 112
151 201
27 92
1 169
68 44
146 190
77 133
33 223
102 92
116 140
207 97
96 6
224 197
4 67
163 202
110 91
73 201
210 29
24 214
9 92
175 153
159 159
123 110
48 69
224 223
116 107
37 170
29 25
185 223
146 107
124 148
224 62
18 73
201 134
102 48
228 186
203 99
8 205
167 38
124 217
94 180
130 216
56 6
120 122
210 208
220 152
136 87
223 25
215 153
129 172
187 128
3 138
136 18
34 33
167 112
145 142
160 188
196 158
75 4
66 7
34 124
21 33
23 27
109 13
193 75
134 114
186 170
63 2
12 172
106 54
110 219
115 85
162 93
140 57
214 25
133 35
199 62
216 171
11 79
149 183
20 102
111 221
154 65
17 33
164 22
124 10
207 104
14 171
105 191
164 95
81 173
33 77
140 184
93 116
119 95
178 61
7 44
98 203
165 152
45 173
124 51
87 198
158 7
7 191
107 159
144 168
51 194
45 5
64 59
157 84
135 206
26 123
110 167
98 198
169 97
16 15
42 31
75 8
110 150
86 163
162 15
47 0
211 122
60 120
24 218
212 28
175 14
146 80
223 0
215 91
14 14
106 182
222 101
158 201
26 214
185 38
152 213
91 151
171 191
183 27
177 133
218 174
25 101
152 79
9 194
174 23
56 207
117 40
12 118
157 163
184 153
79 183
161 96
172 100
5 207
142 57
25 163
209 131
125 187
43 41
149 38
67 145
213 1
152 40
119 43
203 87
30 57
195 185
192 118
11 218
73 67
33 141
132 173
112 178
141 22
158 151
158 220
145 214
49 127
174 54
21 27
186 212
222 99
105 146
25 31
108 152
9 8
228 174
40 112
181 21
98 61
103 94
63 101
62 107
39 5
69 98
117 1
195 160
85 63
217 211
174 176
67 220
14 127
109 134
56 154
123 221
112 72
57 114
134 133
28 75
20 167
195 91
224 98
49 118
66 226
64 152
101 122
40 32
135 41
47 114
201 125
27 21
158 226
175 40
56 20
112 102
194 201
105 59
88 166
192 89
54 75
46 139
36 113
0 31
61 148
217 167
73 133
20 20
219 159
192 35
52 82
46 225
23 175
216 202
222 175
124 189
26 102
214 51
61 108
40 180
219 149
95 25
166 110
94 160
29 163
218 161
113 169
48 5
174 228
145 52
88 171
54 152
152 226
103 158
153 162
20 152
128 164
188 133
183 152
84 113
109 59
180 60
222 127
172 44
84 215
122 181
129 184
162 178
66 163
164 30
213 99
150 51
192 171
195 24
197 74
36 23
156 218
115 2
62 15
80 68
86 121
152 219
16 3
14 23
36 96
119 129
78 100
74 36
31 82
204 192
34 151
113 201
133 193
161 158
80 151
181 115
0 198
218 145
124 228
62 130
105 144
34 207
141 93
133 198
93 199
3 46
176 39
71 22
107 224
10 165
28 56
145 128
110 143
193 53
22 156
185 197
224 146
66 211
44 169
181 160
192 182
184 101
148 168
162 95
182 146
59 216
119 31
139 215
41 57
136 153
117 130
88 97
135 30
180 22
227 28
7 0
133 185
149 213
214 141
63 156
118 72
120 65
149 112
193 205
141 81
216 87
153 49
71 115
124 90
102 132
100 131
196 169
167 207
42 51
37 122
48 125
136 215
8 122
205 220
19 198
171 14
115 25
179 155
83 37
30 37
29 60
170 204
181 52
192 219
166 200
156 212
54 5
8 216
221 39
35 18
67 81
222 223
165 57
224 21
91 105
0 11
31 59
30 10
65 60
195 53
192 148
98 13
177 191
6 85
34 96
105 24
179 184
136 15
5 71
46 23
135 202
12 64
53 53
220 148
8 105
170 200
114 87
135 60
16 102
190 20
132 30
201 37
219 214
24 157
203 203
157 71
32 196
27 101
107 184
103 180
20 227
141 4
180 139
192 37
116 118
71 169
182 170
93 91
23 91
79 137
68 71
209 99
56 187
156 20
148 68
37 156
210 127
61 168
65 135
144 35
190 48
108 76
183 86
25 21
224 218
215 139
225 50
8 173
103 98
58 212
172 214
41 53
96 80
25 37
191 119
210 85
65 48
216 141
74 40
66 208
122 217
171 31
112 157
111 103
117 33
148 35
178 195
45 46
59 39
112 115
44 59
148 33
222 152
182 139
35 15
33 219
209 163
44 157
48 155
44 177
187 111
128 92
29 129
175 5
175 174
28 24
105 161
46 16
76 34
124 119
218 169
160 223
66 131
86 83
178 12
133 218
41 228
209 74
42 105
85 25
187 160
92 34
85 126
205 125
41 121
221 154
15 137
152 193
54 121
224 164
175 167
166 213
177 174
1 155
138 126
98 100
56 130
209 70
60 144
84 178
158 11
68 167
73 153
136 37
7 195
170 215
226 124
220 43
148 1
117 21
137 141
170 202
88 66
218 209
150 153
59 90
195 0
172 54
55 161
36 207
44 33
13 120
18 202
186 195
186 153
11 37
29 97
90 69
215 173
225 0
118 117
77 8
33 123
186 187
33 41
122 121
168 141
172 56
90 40
78 222
73 38
12 148
20 52
75 193
185 97
184 176
12 201
205 206
228 83
23 1
8 177
85 226
139 117
213 36
223 64
50 213
42 190
75 153
200 190
172 63
18 19
36 169
211 106
202 46
47 6
17 87
66 108
158 45
165 172
108 41
212 13
204 157
71 7
146 206
205 191
219 188
21 212
206 107
34 29
59 131
4 148
5 46
179 108
50 82
19 175
218 147
45 126
68 199
155 161
45 3
80 120
143 199
113 55
152 129
215 94
83 84
191 217
118 156
156 80
176 102
195 199
219 108
147 188
223 110
195 12
22 196
94 217
174 140
6 174
161 140
205 150
113 66
96 75
158 136
132 179
107 43
194 2
43 101
69 121
82 214
104 124
156 108
198 43
14 141
210 18
195 75
43 58
203 89
22 134
203 211
85 94
55 104
169 205
46 21
117 139
159 63
160 62
183 127
173 13
197 154
205 88
143 163
133 6
222 79
169 77
172 61
189 221
155 109
214 3
218 98
18 0
56 140
87 173
156 150
18 21
78 163
180 3
9 45
65 161
197 82
179 199
161 122
91 53
74 118
20 133
72 40
223 105
170 21
71 205
143 119
69 33
211 5
159 111
18 161
185 189
31 190
115 201
4 209
1 107
119 56
23 37
19 83
21 9
130 164
91 36
147 192
208 67
159 102
218 52
129 226
78 9
41 113
123 92
151 94
134 152
37 59
63 103
147 119
217 100
58 9
90 142
210 41
0 100
152 116
86 60
160 3
79 177
75 102
98 102
113 62
227 92
204 127
96 181
187 8
135 126
147 56
216 69
213 153
1 20
178 193
98 131
216 209
132 114
105 3
46 46
112 7
159 100
117 132
194 120
125 36
61 118
170 91
215 83
177 178
69 134
214 169
193 106
207 76
69 219
128 49
106 188
18 35
80 213
114 158
220 161
199 192
129 146
150 79
132 78
45 107
156 51
162 212
88 30
54 159
91 23
132 8
120 221
102 27
46 183
106 87
222 38
149 14
110 159
109 66
93 183
170 56
67 205
156 165
105 114
208 22
206 29
215 55
111 65
189 209
121 23
5 0
174 60
43 220
52 98
64 187
134 10
211 132
198 112
4 61
116 212
202 212
228 214
143 5
162 214
202 202
53 203
118 147
137 117
56 142
157 79
62 18
201 101
127 194
213 131
11 77
146 32
128 212
141 220
175 63
149 66
55 4
