46 165
195 83
31 140
196 190
142 86
126 175
105 151
1 39
79 135
185 210
42 226
142 200
39 199
157 204
157 22
91 38
7 70
65 107
59 211
5 69
56 213
128 124
175 124
180 200
179 27
225 104
165 149
109 43
17 204
91 77
31 130
61 84
21 102
7 28
112 194
126 99
203 186
195 224
6 166
119 131
89 4
128 216
107 186
123 139
79 154
154 165
147 3
34 66
172 205
62 29
102 169
224 183
158 99
70 228
6 203
25 162
142 22
8 108
124 135
81 135
83 187
125 49
199 143
153 203
75 2
113 30
188 189
71 208
223 166
95 195
144 95
132 213
56 159
199 8
159 72
110 183
220 187
52 75
136 85
10 160
96 93
134 29
152 76
83 205
181 189
69 146
27 60
124 182
219 66
122 24
189 105
158 109
133 107
16 203
168 167
131 145
57 40
193 210
14 97
167 123
14 85
9 54
134 105
59 42
195 81
109 160
185 17
143 149
11 89
168 110
175 98
212 3
55 64
176 195
59 10
130 62
112 211
222 116
225 74
65 79
227 193
51 42
52 71
92 153
31 162
45 208
215 100
169 133
111 46
86 31
191 31
173 207
38 82
94 182
149 39
177 152
26 9
53 73
181 138
153 146
140 163
206 68
192 100
148 170
214 37
183 160
78 166
43 183
207 184
164 168
189 165
126 157
158 184
131 36
133 174
146 178
206 123
226 122
69 73
133 156
80 9
25 184
66 123
12 190
124 98
175 38
73 145
146 36
127 138
193 131
69 8
52 190
73 60
61 92
27 163
153 153
157 225
35 223
177 189
160 156
202 179
131 114
87 209
39 16
175 47
151 77
129 201
152 33
206 165
122 199
135 120
188 47
221 167
159 77
14 173
205 59
31 36
93 77
36 21
120 180
88 169
193 150
109 82
157 211
209 204
15 83
127 205
34 103
53 103
79 212
22 214
57 84
111 223
213 225
99 186
163 57
181 108
35 191
13 184
10 117
72 44
17 119
109 92
144 121
66 134
157 187
1 96
141 84
166 180
44 16
108 57
78 193
179 36
107 56
180 54
199 13
159 83
94 119
51 53
105 198
72 54
9 78
125 216
16 123
80 108
126 55
184 211
47 84
172 33
133 176
89 72
17 184
85 51
68 131
50 128
216 85
65 165
143 136
0 200
163 21
58 101
96 58
111 126
129 211
156 142
181 63
192 209
182 106
21 46
141 142
96 162
68 201
208 53
61 53
28 120
59 179
158 49
5 227
9 70
85 36
115 169
123 36
61 79
166 72
27 179
130 25
69 15
163 187
161 78
168 201
85 130
140 125
66 179
22 136
39 210
75 96
38 84
118 25
194 219
32 158
160 46
170 79
172 12
154 213
207 192
6 172
151 164
89 199
215 39
187 6
157 159
181 130
16 49
215 62
181 27
171 123
138 100
69 208
122 50
223 140
189 68
188 57
179 131
117 38
31 221
125 155
105 142
9 52
187 126
89 160
30 177
217 14
67 61
43 93
171 18
5 224
84 213
46 175
138 115
153 200
207 95
13 78
66 199
19 158
185 190
24 153
116 23
45 183
126 119
62 175
217 38
208 32
121 128
51 195
211 135
172 65
142 151
32 189
151 154
140 17
6 9
98 43
31 83
42 98
111 30
92 142
196 96
104 191
224 206
225 136
193 29
79 85
141 186
31 44
171 132
223 225
119 210
203 122
95 117
154 225
29 19
96 47
197 201
205 163
203 217
48 17
129 214
47 211
7 105
18 149
171 89
8 23
220 71
125 140
226 82
160 201
65 16
93 219
143 3
129 37
49 178
7 197
71 97
52 214
110 218
119 45
177 16
144 23
1 119
133 41
186 136
172 20
207 157
191 226
75 119
27 122
42 166
148 206
34 64
222 20
138 105
174 116
75 82
130 70
139 134
76 121
221 177
35 132
101 53
60 195
181 19
30 17
199 89
77 160
191 121
224 194
175 60
155 211
134 112
47 69
133 163
183 148
22 160
24 134
6 123
77 192
139 132
221 81
110 22
148 13
20 18
74 222
108 218
63 145
192 46
208 71
19 33
95 139
185 88
82 151
174 154
100 123
142 8
49 71
94 199
214 194
122 108
76 37
85 46
45 24
6 94
154 216
10 193
73 205
226 31
33 131
80 193
188 152
43 164
26 218
182 150
163 189
85 111
71 185
180 203
96 1
40 49
72 108
104 54
182 208
35 30
83 53
151 199
41 59
29 131
59 114
174 181
35 184
1 141
4 88
30 114
81 48
177 154
224 162
124 24
96 120
224 135
49 215
130 172
16 172
60 220
23 227
89 206
4 86
46 158
130 18
46 8
196 25
168 164
21 158
117 11
114 13
213 171
160 43
196 171
22 169
107 103
86 62
22 116
179 129
190 99
168 127
125 183
62 146
161 65
211 224
213 119
26 84
149 189
133 43
77 33
38 97
103 220
158 27
53 131
57 131
216 98
53 3
81 74
112 14
61 198
65 221
145 97
29 101
74 34
198 172
129 192
173 15
143 145
224 100
102 173
173 82
16 72
162 47
227 33
21 227
174 125
91 149
48 26
149 49
187 88
178 89
123 85
107 126
120 139
144 106
14 72
75 92
184 140
20 141
63 84
37 17
21 29
154 107
139 186
69 214
10 164
203 219
52 107
90 7
187 211
182 84
19 28
77 180
118 127
16 100
18 79
202 21
119 21
169 57
226 186
141 111
28 49
17 112
20 173
180 209
86 122
27 201
177 187
171 112
184 83
165 67
0 52
100 40
157 136
194 52
194 99
50 10
125 25
157 112
2 19
182 227
143 214
129 151
148 178
212 140
187 138
116 215
2 21
130 197
194 135
23 216
197 89
199 60
14 226
224 142
103 116
136 3
123 49
150 16
26 109
58 207
220 67
203 20
184 80
191 105
125 27
160 92
5 38
37 210
224 32
206 76
222 32
103 144
185 221
7 42
194 193
110 194
14 2
166 76
53 105
93 118
29 82
96 17
202 177
43 4
111 8
71 190
58 215
106 67
213 123
57 169
98 154
192 173
113 210
139 222
69 187
5 40
64 163
26 90
70 200
210 72
27 110
216 3
202 44
68 59
152 142
11 98
114 55
21 205
155 137
125 34
212 7
202 77
205 152
11 177
227 172
188 78
186 12
161 13
105 180
226 116
35 140
25 19
216 193
223 177
104 182
53 90
7 26
167 175
160 150
98 80
174 71
35 134
150 219
15 119
164 154
196 183
148 187
84 118
116 13
181 228
119 158
104 222
211 34
138 38
204 177
157 47
211 79
179 45
60 227
195 191
159 45
10 10
220 88
39 224
183 174
205 186
6 83
127 202
197 192
216 213
140 79
111 101
184 53
150 93
50 152
166 70
145 181
58 158
84 151
100 133
86 152
214 209
201 164
63 79
73 42
59 117
61 63
97 11
145 99
201 206
59 18
169 191
52 114
193 50
81 177
102 30
79 8
99 41
85 84
75 189
12 73
107 6
209 153
35 4
189 212
56 28
130 179
224 220
100 72
3 1
90 101
151 174
189 66
205 95
150 130
52 183
51 66
105 30
134 203
170 142
138 139
183 68
150 128
220 79
2 197
107 122
186 140
51 80
123 187
41 217
210 220
75 42
78 23
0 214
61 221
129 113
28 146
203 151
119 92
26 49
201 228
205 212
32 52
192 66
186 155
181 183
87 160
67 209
56 17
216 53
207 153
26 107
91 17
22 173
113 218
200 108
111 76
16 108
223 92
70 83
24 81
31 75
200 36
49 80
27 70
145 48
1 90
186 21
158 3
95 59
23 32
7 151
170 19
225 208
123 158
132 45
78 143
108 142
180 90
39 181
109 103
64 89
113 34
77 178
4 162
79 71
190 182
173 175
204 148
71 53
72 174
101 145
188 11
112 152
183 18
100 65
130 199
52 24
167 209
115 32
96 40
61 196
118 12
16 85
63 33
224 79
146 200
38 174
178 95
98 163
222 161
193 104
145 110
77 22
13 137
65 84
53 128
105 200
227 125
97 156
34 188
80 175
178 101
3 27
211 146
122 101
135 5
116 66
11 210
159 5
51 5
39 156
0 144
144 225
5 180
194 197
70 156
77 168
8 165
103 28
197 13
83 176
218 3
162 23
20 185
108 83
215 115
146 186
122 120
103 80
188 114
96 179
175 89
214 57
196 11
30 102
155 146
150 48
28 188
116 190
194 89
143 71
128 70
183 16
143 223
83 35
214 16
67 9
75 213
109 181
132 112
33 108
183 0
145 2
54 23
138 2
161 194
92 191
226 212
175 104
137 0
162 140
59 222
114 179
195 222
90 31
79 52
32 125
98 73
189 7
89 90
225 10
29 112
126 148
82 212
16 20
35 58
153 164
61 191
88 207
172 184
2 85
210 53
225 182
195 217
204 5
182 54
144 209
21 132
222 72
143 96
214 98
2 49
120 145
159 10
62 61
61 170
149 17
116 54
126 39
151 203
223 136
110 128
185 173
166 173
18 188
82 82
194 220
152 144
93 29
120 195
161 9
4 138
219 211
168 76
222 197
160 131
167 108
150 55
201 137
58 187
14 151
82 91
13 21
38 201
70 75
153 124
28 52
165 29
79 100
188 96
206 5
5 124
212 117
186 132
22 114
22 10
35 60
66 45
106 194
151 205
20 66
154 120
39 133
181 219
44 226
134 154
211 77
67 121
75 204
94 146
193 16
71 73
36 197
162 36
108 90
44 203
114 140
228 213
159 228
195 30
152 56
217 154
31 42
39 30
86 170
28 177
50 150
149 191
182 43
83 127
60 16
15 205
110 41
210 189
225 126
77 145
221 24
144 31
113 5
223 131
28 9
140 151
208 86
64 71
27 97
40 40
171 81
56 172
115 216
6 225
43 46
191 168
31 219
150 53
111 12
95 52
65 36
48 213
209 55
207 220
32 134
145 55
0 81
51 218
208 116
133 99
36 7
115 218
33 143
54 18
184 113
110 132
185 19
21 84
161 203
60 171
78 94
40 81
6 126
43 114
159 54
139 153
217 207
13 152
47 126
127 144
153 108
16 53
180 157
93 23
97 196
147 82
3 136
2 213
122 146
46 82
7 24
103 16
1 116
4 65
50 176
193 12
14 108
140 116
57 72
63 90
126 9
34 113
21 92
136 39
77 182
201 62
69 168
149 89
147 11
97 19
37 223
124 198
173 1
165 215
222 13
219 167
169 112
123 165
70 55
134 37
11 187
88 101
171 140
58 115
168 203
10 26
183 115
40 152
128 126
71 145
159 225
158 149
93 33
135 53
92 15
51 84
32 107
215 105
206 33
109 184
123 141
90 158
14 189
96 160
5 190
189 22
123 118
61 120
38 29
18 140
40 87
128 17
21 175
205 27
172 182
80 166
177 103
93 195
208 13
17 77
124 185
144 33
37 74
209 167
25 45
185 138
38 22
204 45
180 78
198 76
136 123
75 145
31 11
169 224
167 68
94 44
22 151
51 90
112 44
204 175
119 133
192 201
182 210
167 165
118 204
105 224
212 27
115 64
136 204
74 98
8 11
207 116
228 163
137 211
104 26
138 58
193 159
62 227
223 133
137 160
100 208
56 206
69 202
126 143
72 219
127 57
145 160
89 24
15 21
80 195
213 14
134 196
177 6
144 47
134 13
108 87
46 206
172 37
197 29
2 151
228 31
165 39
50 25
171 44
211 227
186 71
226 66
150 121
225 112
54 225
113 212
125 129
75 202
120 120
197 91
11 134
177 127
71 153
102 96
8 94
128 140
68 27
6 81
65 133
76 221
209 20
144 200
186 56
118 228
20 1
87 103
131 81
199 115
115 159
131 42
122 66
67 5
1 153
56 115
45 114
207 167
219 134
14 136
201 103
51 51
28 38
177 37
82 194
204 124
220 21
82 125
209 85
152 81
170 110
132 62
200 178
1 143
39 114
45 79
28 58
113 87
220 55
47 110
113 222
214 92
41 4
202 136
9 158
96 118
189 5
88 32
144 186
46 100
217 1
81 54
99 146
117 200
146 118
105 170
226 114
107 200
90 153
86 146
111 113
180 107
17 83
201 211
133 61
171 46
76 98
12 24
218 55
95 123
76 40
215 155
198 199
78 51
24 38
36 126
114 91
216 175
203 143
136 69
109 64
5 194
64 60
13 150
205 111
85 48
186 41
9 38
111 179
211 104
161 228
34 170
78 214
2 31
40 122
215 15
169 61
214 203
201 143
213 105
38 6
93 59
174 32
224 102
126 51
94 48
83 136
211 43
51 64
100 188
92 163
37 208
35 42
162 210
53 101
39 150
225 210
98 108
85 3
112 159
57 146
56 121
209 44
203 41
161 103
26 115
213 147
205 204
73 172
182 88
73 190
105 193
96 112
159 93
131 150
20 169
69 96
85 53
4 48
206 31
17 201
217 119
53 160
7 103
66 29
185 23
182 204
194 158
14 116
168 22
227 48
144 44
176 178
39 158
78 161
224 50
228 50
6 161
188 86
135 71
67 97
87 24
13 125
29 62
82 118
79 168
152 221
173 167
46 156
182 3
36 51
6 109
57 192
179 218
1 2
193 136
104 67
78 108
132 133
127 86
106 204
96 128
27 36
2 41
35 171
110 80
94 159
144 60
223 10
171 200
227 217
23 181
227 20
200 145
197 60
156 144
40 98
156 202
93 228
157 73
103 146
149 228
139 143
15 63
44 99
122 215
189 150
212 195
125 127
5 205
170 183
153 32
40 43
48 226
165 20
209 198
202 42
210 218
148 129
48 91
110 14
14 16
78 159
4 151
52 149
207 207
216 200
209 221
27 50
113 127
55 128
84 82
59 197
57 128
220 213
45 228
113 165
168 55
118 66
113 64
131 177
104 32
79 157
105 52
39 153
206 178
113 110
67 169
164 31
167 51
131 185
207 60
92 120
0 22
49 32
130 161
137 101
118 79
64 224
222 227
54 97
132 216
212 209
61 177
148 91
180 132
38 104
152 20
6 17
127 34
59 169
74 56
43 167
167 57
175 30
41 134
126 90
186 36
18 193
16 13
82 216
144 162
95 228
26 24
94 163
88 133
89 94
138 214
111 24
228 140
117 169
114 70
142 15
66 82
61 106
185 6
63 109
12 141
4 80
121 55
19 194
51 109
91 144
64 27
95 34
7 227
222 147
104 4
110 145
35 105
167 36
52 49
120 78
98 112
170 144
96 98
109 76
59 167
36 29
124 40
166 184
77 112
118 19
189 163
55 203
126 226
165 113
29 5
209 136
34 52
166 211
160 12
67 138
42 34
222 103
141 6
115 30
20 86
99 69
101 28
156 7
34 19
52 151
2 181
18 142
180 46
81 110
5 146
214 53
31 209
196 76
164 71
33 224
53 51
85 44
160 177
41 94
205 156
50 226
6 176
153 224
139 21
137 74
208 144
175 207
20 68
15 93
143 58
100 108
10 174
20 187
143 66
94 93
76 162
21 0
227 11
21 137
68 123
108 144
31 26
38 168
157 221
215 1
108 79
108 124
224 66
224 52
224 73
189 56
169 99
50 27
3 211
38 71
53 48
113 188
94 121
21 31
182 65
33 100
48 119
203 205
189 13
194 97
128 174
42 191
212 0
111 39
60 74
62 150
143 143
177 193
39 222
223 36
205 224
26 197
131 6
81 26
52 179
220 144
187 39
184 183
167 132
113 42
199 71
113 36
216 177
53 83
142 140
210 68
86 129
105 20
196 142
130 98
81 11
3 39
191 29
8 219
71 218
18 60
168 20
124 194
29 50
155 122
18 101
115 108
58 29
2 199
36 19
157 24
54 205
217 91
9 43
169 30
190 51
37 132
190 147
220 130
211 47
167 48
88 8
151 223
101 217
116 187
224 185
95 125
181 44
144 177
87 45
218 67
198 44
80 139
136 119
61 100
141 74
72 66
147 208
111 161
154 116
121 159
26 86
182 184
41 159
121 110
86 185
66 201
161 101
59 20
26 203
172 35
91 91
145 158
160 81
40 203
131 142
83 149
52 188
14 95
221 225
33 160
177 46
118 144
25 219
58 173
20 50
143 134
44 212
80 158
90 75
18 135
86 33
105 56
10 195
60 184
202 60
122 61
65 209
59 177
147 133
110 152
89 134
205 184
150 91
26 119
96 217
154 48
187 142
74 133
169 189
61 20
5 196
195 150
57 42
107 2
53 119
2 226
171 189
19 64
192 132
21 200
31 142
187 67
154 80
93 152
122 57
44 105
143 73
50 60
13 47
25 193
200 43
183 103
118 115
105 186
30 179
65 191
161 175
94 54
108 183
36 151
78 18
97 110
164 112
124 8
36 88
68 29
93 186
164 35
35 220
55 72
20 193
36 146
217 156
24 173
87 224
55 30
36 192
105 97
217 136
2 61
150 64
158 203
182 45
48 82
228 153
149 46
137 21
46 191
78 40
98 65
165 86
40 6
115 11
170 101
207 126
120 42
1 42
5 27
2 106
188 106
196 109
180 110
84 135
112 32
165 37
98 5
198 170
181 2
168 212
28 91
145 126
93 167
133 135
197 176
157 26
58 185
122 38
213 47
110 130
143 62
128 85
193 48
160 121
153 118
170 54
165 202
135 200
33 6
62 59
93 17
114 187
216 185
164 120
130 31
40 124
129 142
141 96
222 145
199 102
3 90
155 204
29 35
103 216
170 217
189 59
99 110
135 217
1 13
98 40
39 42
35 115
66 106
179 62
138 124
85 224
109 172
25 7
201 216
152 120
126 71
209 225
92 173
13 212
155 5
69 217
154 144
100 173
20 150
131 175
13 188
149 3
7 157
80 91
113 39
226 195
194 170
79 34
35 198
193 217
46 202
202 209
147 190
87 105
217 189
45 47
68 42
73 32
83 49
132 131
182 29
83 207
193 226
62 185
41 85
156 34
141 72
159 95
166 85
155 152
89 6
149 223
112 16
172 228
87 150
145 134
116 56
22 12
130 112
141 133
39 73
3 153
204 8
224 175
39 135
20 35
70 180
49 121
103 178
186 143
23 46
56 102
150 19
217 62
117 161
193 203
158 19
62 194
55 91
112 167
177 181
77 82
192 96
14 46
200 160
43 175
170 76
206 182
192 183
6 2
110 68
211 75
154 126
4 84
225 132
2 55
216 29
117 209
74 21
195 105
94 127
14 201
110 20
120 30
179 153
46 193
193 36
130 79
152 92
8 175
91 165
28 164
47 149
203 43
110 26
147 199
212 221
97 177
112 21
123 218
103 15
192 121
110 115
118 177
59 224
129 178
170 0
42 218
12 45
176 176
167 78
191 164
222 112
204 76
161 188
155 192
45 171
34 210
40 106
71 9
1 50
192 140
216 195
224 115
94 1
219 40
53 64
216 92
42 68
146 216
166 50
6 150
168 101
140 200
15 153
40 83
152 22
196 98
219 69
214 196
181 148
157 0
160 160
69 221
226 174
109 39
100 11
21 58
184 203
211 22
89 9
155 73
115 39
82 218
33 91
15 185
73 114
141 135
198 190
41 66
27 47
174 69
125 195
200 125
101 94
69 37
98 88
7 46
65 9
109 3
29 76
142 60
38 20
65 91
164 151
190 69
169 28
81 133
9 134
18 109
45 137
204 162
227 94
18 48
95 216
87 211
172 216
159 155
158 34
139 198
166 150
221 37
224 138
188 55
222 91
195 156
12 26
162 165
140 98
138 17
99 144
228 115
102 192
68 75
196 220
54 142
139 104
38 9
138 177
110 98
82 134
41 118
4 45
37 15
203 102
158 134
31 225
115 208
178 38
124 78
40 146
20 16
85 187
95 32
172 218
54 46
10 176
73 1
190 124
201 204
178 110
195 226
182 176
71 61
150 213
30 14
48 116
130 16
28 202
186 78
15 183
127 163
103 171
227 127
213 96
147 14
140 86
169 162
52 129
30 159
71 204
104 212
184 195
197 84
182 162
124 109
167 224
18 133
121 59
197 108
196 152
94 76
224 1
199 109
130 140
213 114
143 110
135 107
33 133
193 199
37 219
20 160
191 49
205 167
40 201
200 117
204 61
87 196
123 22
134 78
57 140
94 172
42 60
97 41
220 189
19 58
15 112
121 92
81 137
44 139
134 62
58 171
209 105
9 96
118 57
93 178
213 76
65 159
158 9
7 148
1 15
134 8
3 111
72 152
148 121
145 43
19 131
26 172
167 87
70 113
219 64
11 165
46 124
148 131
35 218
216 183
8 171
171 147
163 19
142 94
195 1
222 40
216 191
194 183
159 153
204 52
100 49
190 219
121 48
23 158
81 83
49 195
162 167
96 68
143 51
3 17
159 47
47 80
210 205
56 46
211 73
75 68
169 198
180 85
130 125
129 144
65 155
163 215
160 143
100 101
67 40
101 175
122 155
168 129
119 1
62 50
211 153
116 86
42 185
73 3
42 142
10 56
17 227
120 223
32 169
41 42
87 5
86 165
185 151
165 69
103 160
48 68
4 82
117 159
202 139
182 114
106 57
175 172
141 82
43 53
174 152
83 129
154 142
95 78
222 74
223 81
190 34
177 216
36 32
164 33
121 76
128 60
123 167
183 63
187 69
71 123
140 106
33 139
26 165
63 118
132 186
142 161
183 66
187 197
4 16
117 111
25 0
178 28
58 73
125 191
209 11
159 97
128 120
132 88
92 43
30 147
72 75
10 8
202 165
122 9
108 26
57 30
216 107
89 174
76 223
162 7
63 52
65 177
194 133
13 98
193 207
91 216
148 54
186 10
108 120
162 159
41 157
152 65
86 1
92 218
165 183
92 0
130 55
118 23
161 216
70 174
153 35
33 209
136 125
13 94
118 224
104 132
212 92
8 196
121 168
73 131
203 227
177 224
75 59
12 2
160 1
81 149
32 97
20 26
119 169
2 201
79 83
78 123
72 116
168 181
16 110
80 69
183 112
19 204
136 105
6 132
85 220
131 90
108 45
60 102
223 221
107 205
141 2
58 133
13 154
119 200
196 119
128 72
175 17
86 141
82 55
42 204
53 96
211 168
118 113
144 56
125 117
212 149
93 52
0 49
42 133
8 36
4 164
205 7
227 81
211 163
223 34
74 86
144 151
191 107
174 61
30 188
23 162
24 196
14 139
216 187
57 6
40 100
117 211
91 174
127 59
93 83
207 102
156 106
101 171
58 44
103 25
11 94
220 218
209 46
51 56
131 15
149 185
57 91
25 2
126 85
159 59
48 193
189 112
227 188
36 63
219 86
79 179
140 141
96 126
44 205
107 181
7 134
103 218
51 178
223 48
132 197
4 18
174 49
54 129
178 135
48 20
31 77
35 130
147 89
212 79
187 65
58 219
56 37
49 84
22 153
127 61
93 135
163 9
44 18
57 119
162 120
174 114
146 120
29 121
87 64
129 128
204 21
118 85
124 38
0 216
196 52
81 186
8 132
79 226
133 121
36 124
5 211
70 120
34 193
54 115
159 122
84 185
89 213
89 103
16 140
38 204
191 210
140 1
78 86
102 124
175 45
134 216
70 170
69 190
135 194
63 17
5 110
168 183
53 143
96 137
131 187
131 166
194 122
203 59
104 140
4 109
206 180
220 146
96 23
61 51
101 143
140 192
85 58
6 178
46 226
87 67
161 173
163 37
160 104
20 135
97 86
99 54
121 170
72 141
125 18
158 81
94 137
35 208
173 173
156 227
167 130
119 118
189 49
210 129
191 12
12 183
75 61
39 185
172 83
124 16
109 179
72 118
177 77
64 51
46 19
67 38
75 100
30 18
71 143
14 121
73 100
25 226
99 52
25 212
38 124
187 219
74 220
9 218
112 129
190 202
208 130
50 116
46 42
27 216
0 173
67 33
227 52
72 87
172 164
207 155
97 35
105 159
25 205
205 217
48 22
91 185
38 76
96 158
66 136
151 17
12 160
20 143
64 157
111 169
63 136
81 206
10 212
219 118
206 176
183 168
78 195
39 179
43 62
6 19
84 24
56 44
222 219
90 42
60 206
129 166
112 91
23 8
82 175
132 199
204 160
123 68
71 214
118 107
160 134
6 209
56 157
219 178
50 156
91 135
157 69
218 87
176 95
37 78
141 149
65 69
220 77
178 55
124 107
112 78
81 80
73 203
181 80
144 216
38 145
40 96
50 55
89 215
24 194
75 33
7 124
180 88
171 99
186 180
155 124
121 44
156 214
221 66
185 167
14 149
22 23
137 171
226 163
52 55
110 141
13 118
46 33
122 227
180 141
88 88
27 161
191 65
131 162
160 7
175 180
194 11
42 17
49 108
3 43
156 3
173 38
33 162
27 66
80 81
204 165
4 56
76 194
100 192
222 23
168 5
192 215
156 182
70 81
153 114
143 153
61 216
120 14
23 83
112 99
92 187
135 20
207 114
147 167
169 108
50 219
28 118
89 16
86 65
150 23
29 119
202 8
87 96
43 210
93 79
29 141
179 186
40 148
138 188
60 68
219 132
108 65
145 89
66 47
17 11
71 14
10 132
16 55
218 176
212 121
125 62
200 130
164 115
208 165
202 160
198 131
151 215
125 92
165 170
111 6
86 210
69 120
76 95
91 181
0 113
73 58
45 195
120 178
61 166
188 3
210 88
227 73
211 130
174 215
195 140
201 70
153 58
118 226
98 67
111 63
167 74
227 208
101 68
38 87
26 195
48 185
37 5
91 214
83 11
212 115
11 115
198 30
88 152
46 91
141 165
120 108
67 165
206 216
94 61
107 145
93 31
79 112
60 28
22 93
100 190
4 120
60 186
226 184
74 44
179 5
151 50
75 131
77 110
154 150
131 100
32 179
184 209
157 51
85 96
15 219
147 45
57 89
45 109
216 89
22 67
184 78
72 57
93 25
64 178
59 107
183 196
187 34
156 49
126 173
132 34
170 63
120 94
193 82
106 202
223 61
157 82
70 72
135 98
14 123
90 183
170 223
48 33
19 206
121 157
32 54
2 88
137 216
34 62
213 5
85 38
31 196
57 144
168 125
107 193
122 79
116 225
83 59
16 225
208 177
9 110
181 5
77 60
154 33
187 108
37 86
147 47
16 220
220 117
46 182
175 142
21 181
166 222
158 13
206 93
48 7
111 43
108 70
36 200
106 222
65 34
174 217
144 147
112 219
107 85
58 156
108 194
94 142
115 138
56 152
7 207
138 86
71 172
225 166
54 99
199 74
86 168
103 142
117 109
107 13
212 193
128 8
136 225
223 144
2 3
139 3
99 87
123 26
38 32
221 111
125 105
66 71
69 144
18 196
91 227
210 28
13 4
115 223
57 209
188 9
210 223
105 216
77 212
133 97
71 99
202 18
82 46
146 34
83 111
122 90
209 206
1 17
67 35
42 55
139 77
112 41
195 57
161 136
91 9
50 62
89 74
13 218
216 102
60 2
8 217
123 62
13 107
187 209
170 164
50 154
145 108
31 223
4 3
207 222
3 150
190 36
223 168
130 213
125 137
217 159
107 24
110 32
30 145
176 70
92 89
123 55
66 104
84 34
52 133
43 140
94 46
39 80
34 146
152 166
204 78
72 19
207 205
130 88
216 27
91 146
144 53
3 74
17 195
14 20
100 67
167 171
210 12
116 157
30 21
218 42
95 95
177 143
109 204
17 218
210 196
182 202
105 5
41 48
155 194
45 58
122 97
220 176
61 0
211 14
45 140
23 155
114 190
55 144
200 203
136 59
65 180
130 7
10 191
183 5
29 93
137 103
112 132
211 64
9 27
182 79
181 185
125 87
22 48
200 69
156 78
57 178
1 0
222 11
119 171
207 175
157 96
79 223
206 52
197 54
167 66
149 78
79 133
203 201
147 185
187 222
137 49
38 95
7 37
32 28
25 69
44 40
22 50
97 3
179 228
165 119
37 30
11 189
89 70
196 121
215 48
65 102
49 217
26 22
70 188
96 197
133 150
126 228
133 14
124 146
109 5
225 20
97 59
176 209
177 14
127 127
15 12
5 213
165 185
90 15
36 61
95 110
221 134
16 79
49 66
209 52
32 114
60 173
138 23
131 98
138 193
181 217
17 61
28 214
163 17
202 162
174 183
109 224
118 140
86 222
171 121
128 227
50 183
104 21
26 117
124 196
158 43
173 123
145 179
171 58
221 150
181 105
119 111
90 133
99 152
219 81
81 153
134 131
40 55
58 176
168 50
94 27
56 22
113 19
120 227
224 30
172 92
9 190
190 140
163 97
30 8
103 126
106 32
44 197
114 6
201 132
20 221
71 1
0 188
141 198
21 72
110 78
20 196
198 177
92 32
80 25
73 124
193 31
50 107
190 67
49 90
76 86
77 84
54 150
109 46
82 9
145 199
75 191
207 124
218 213
62 102
0 138
60 14
125 193
189 148
183 81
100 210
98 128
71 46
95 91
154 105
20 94
135 109
119 41
63 92
19 200
208 30
79 181
67 222
16 98
147 169
85 150
221 126
200 72
56 8
126 107
153 175
65 32
48 183
173 88
60 130
43 216
122 203
155 163
220 227
23 74
163 122
225 140
93 197
111 150
210 144
224 12
137 52
111 196
228 13
208 188
227 211
121 46
157 161
163 170
28 116
83 178
103 134
115 188
116 92
59 146
178 210
32 145
141 13
182 131
125 159
114 53
64 46
62 13
173 132
188 213
199 83
79 92
125 64
34 107
34 196
209 138
221 0
46 15
201 218
123 19
164 84
153 167
196 228
174 165
214 116
167 29
45 148
183 124
176 88
145 208
97 15
211 151
46 204
184 55
142 177
121 85
81 66
89 68
216 64
156 104
194 172
28 102
42 44
84 115
38 152
226 29
12 29
204 225
166 128
55 166
99 196
72 155
185 70
198 9
121 166
183 141
171 2
186 124
176 115
203 184
15 125
92 61
147 67
5 73
42 40
198 113
60 193
134 31
145 227
176 155
54 63
217 173
10 71
207 111
31 34
96 203
129 162
191 166
109 88
177 30
97 186
129 203
130 174
211 95
209 80
21 142
82 109
127 210
105 126
107 161
77 131
214 192
92 47
21 52
14 203
159 65
138 19
79 21
46 197
64 226
188 125
187 84
178 32
109 122
187 13
127 36
16 117
80 50
211 36
43 130
107 89
60 116
179 53
91 51
224 117
215 198
215 13
162 144
72 217
31 132
161 94
212 128
143 138
72 189
106 152
50 180
92 75
37 221
218 216
122 77
155 53
221 60
87 47
157 185
169 165
41 210
195 154
112 117
13 64
69 60
176 120
86 134
9 192
47 107
101 177
159 132
188 154
194 14
20 130
215 211
37 172
64 82
89 105
72 125
35 122
196 55
178 141
25 82
38 112
25 71
191 33
110 70
15 107
143 160
222 118
85 200
107 59
53 109
160 63
57 211
127 214
180 20
147 98
46 147
76 129
145 67
135 50
18 186
29 7
160 79
225 48
161 11
70 124
211 148
48 9
159 195
127 125
92 45
222 1
48 123
170 93
2 108
6 60
9 29
167 169
176 68
18 85
228 142
114 72
104 18
185 84
24 9
54 66
86 198
5 58
59 92
32 211
77 93
176 97
174 122
201 20
48 28
72 113
186 86
153 37
209 146
145 101
11 53
95 178
227 155
227 123
36 141
17 63
27 220
9 102
145 184
155 71
96 88
185 181
190 134
199 11
172 22
58 46
41 64
151 227
227 104
55 201
176 144
144 7
145 46
20 48
57 58
155 184
76 80
216 205
175 7
98 208
58 130
139 102
109 162
31 160
61 223
5 43
199 132
205 78
150 221
164 117
143 112
67 203
107 99
212 97
164 213
191 95
84 148
149 44
215 52
192 98
135 57
144 37
64 200
160 179
199 201
108 15
111 89
228 171
95 201
35 6
160 14
137 72
179 133
190 38
84 222
210 165
63 176
206 9
149 41
132 13
88 14
154 218
120 74
173 47
225 91
228 106
29 12
120 57
93 144
51 181
83 220
106 22
7 189
28 85
174 205
23 212
37 185
146 12
192 103
193 169
60 157
216 31
137 70
124 157
214 0
132 154
11 185
226 138
123 17
127 53
117 30
103 118
53 145
16 186
50 68
90 71
102 190
178 201
90 73
1 30
58 57
159 157
17 131
176 113
50 92
41 184
213 107
180 29
195 3
40 205
188 161
18 167
80 46
102 66
10 28
177 26
122 179
192 134
48 140
62 225
191 185
85 128
132 32
215 117
122 11
192 142
39 85
203 207
56 126
151 114
69 22
136 1
90 33
211 49
158 61
37 199
104 169
162 169
166 21
200 176
198 117
121 63
149 80
11 217
136 78
212 219
183 20
73 8
173 226
32 4
58 142
24 151
87 199
220 169
147 37
92 189
133 47
37 72
194 55
176 32
214 30
87 3
226 165
75 39
1 65
24 25
98 165
136 195
94 209
186 134
94 16
80 164
128 161
75 123
4 182
79 19
116 72
81 71
15 99
74 152
198 72
49 24
184 169
134 59
58 38
129 86
120 143
111 48
31 99
151 176
187 23
184 42
209 35
157 5
95 219
51 216
208 224
163 183
60 212
224 196
118 14
20 128
50 158
172 125
63 63
194 76
3 63
4 167
143 202
7 54
222 142
120 156
7 130
219 154
58 205
98 1
216 168
4 226
79 121
150 21
86 113
25 176
46 44
127 63
120 97
140 188
133 90
3 57
206 54
156 22
170 13
94 89
89 211
66 167
181 158
161 222
193 129
146 162
63 152
120 0
168 210
75 57
168 222
11 175
108 105
120 202
220 41
166 35
115 199
224 75
121 140
192 51
141 223
208 208
79 110
136 213
63 15
167 199
33 105
6 163
157 110
149 176
122 64
54 107
179 182
97 78
33 43
94 112
96 199
168 53
62 47
181 61
10 162
79 145
67 132
98 210
207 106
187 98
95 141
94 81
93 193
18 174
142 147
60 225
85 23
120 204
33 27
208 69
157 2
24 113
15 114
207 218
169 131
2 155
64 105
112 69
88 162
217 203
14 48
111 134
173 90
37 114
97 130
53 121
52 226
141 29
27 94
65 206
194 148
228 102
68 82
219 89
209 103
59 144
95 18
166 182
196 193
206 35
171 29
137 227
123 87
79 197
57 186
193 185
52 58
11 139
91 205
77 20
90 11
137 121
56 74
161 186
9 89
28 68
171 16
74 225
143 55
211 137
133 33
202 39
7 110
225 93
191 97
104 82
160 226
211 45
220 73
148 70
203 110
18 169
192 68
103 113
43 177
118 198
22 14
38 147
24 107
146 131
45 74
59 52
15 4
223 77
66 27
105 16
120 199
197 155
217 81
45 210
93 123
30 84
151 36
226 1
39 53
108 203
135 16
96 61
131 183
104 214
218 201
185 123
208 183
8 25
104 172
227 108
189 98
39 51
41 182
70 158
191 149
71 3
125 145
225 72
193 91
62 83
147 69
57 93
99 129
11 158
170 146
121 219
89 172
29 95
135 151
107 4
140 19
39 78
115 185
131 129
81 92
76 214
198 151
16 59
190 154
213 49
173 30
117 97
202 141
47 195
38 206
185 141
213 139
144 49
13 62
54 16
139 172
207 100
84 211
78 69
37 179
44 165
204 57
35 186
120 80
69 204
89 151
88 107
13 186
222 62
118 93
51 100
218 186
115 210
203 164
51 73
122 99
43 228
58 193
72 157
214 28
3 15
25 216
60 218
1 83
225 80
13 205
196 43
28 64
92 148
185 40
110 45
130 127
65 18
15 61
55 131
86 127
78 81
1 63
67 69
31 6
208 219
151 38
63 154
90 89
7 96
18 222
112 111
171 162
22 60
138 212
67 191
18 220
82 24
212 94
200 141
26 68
47 121
133 16
140 100
181 86
65 39
64 31
45 167
20 60
175 25
185 68
200 67
206 58
16 189
188 21
153 160
69 35
129 53
120 154
27 7
118 202
141 153
157 53
123 128
88 158
127 146
214 84
129 224
72 187
58 17
71 101
102 50
104 96
121 96
77 71
143 88
49 212
22 25
208 101
149 204
143 29
71 216
124 76
190 184
20 73
208 34
35 86
60 12
40 68
221 64
150 25
189 32
209 78
99 71
204 179
4 59
159 175
204 29
162 142
16 96
4 126
137 76
163 152
54 20
212 223
27 77
34 50
95 97
194 141
37 134
55 57
0 227
134 45
110 117
109 24
136 113
141 58
205 109
111 172
96 13
209 59
187 49
3 180
34 54
12 116
17 138
209 66
16 35
33 191
172 80
93 165
24 115
97 117
124 100
2 167
166 55
138 78
111 67
104 187
205 154
142 222
182 77
163 86
120 127
80 17
200 76
94 221
116 179
107 150
163 135
24 23
152 67
212 170
137 40
131 211
181 174
225 64
22 128
179 216
226 12
111 165
48 157
96 4
219 53
108 68
70 133
136 23
33 186
41 62
195 16
159 113
107 217
112 145
213 145
216 37
126 78
220 128
50 123
116 8
98 188
30 74
24 47
60 62
119 109
203 167
157 138
182 191
44 132
10 44
189 108
226 218
106 124
198 203
109 7
159 220
31 157
169 48
145 146
122 197
198 27
27 204
26 121
72 228
133 195
31 101
178 203
46 4
178 226
25 174
135 111
72 170
122 195
96 76
28 54
214 200
184 10
180 226
34 144
221 132
59 191
184 161
60 176
70 21
68 7
7 193
96 209
118 180
0 41
128 55
186 54
55 83
212 18
23 102
47 163
185 125
100 163
203 6
163 185
32 103
154 147
200 45
137 143
218 184
163 194
97 201
31 13
29 190
127 191
164 93
87 148
168 80
119 29
206 193
133 182
218 171
50 8
157 55
127 225
81 112
97 219
105 112
151 201
27 92
1 169
66 43
145 190
76 133
33 222
102 92
116 140
207 97
96 6
224 198
5 66
163 202
110 90
73 201
210 30
24 214
9 92
175 153
159 159
123 110
49 69
224 223
116 107
37 170
29 25
185 223
146 107
124 149
224 62
18 73
201 134
102 48
228 186
203 100
7 205
167 38
124 216
94 180
130 216
55 6
119 122
210 208
220 152
136 87
223 25
215 153
128 172
188 128
2 138
136 18
34 32
167 112
144 142
159 187
196 157
76 4
66 7
34 124
21 34
23 27
109 13
193 75
135 114
186 169
63 2
12 172
106 54
110 220
114 85
162 92
140 57
214 26
133 35
198 62
215 171
11 79
149 183
19 103
111 221
153 66
18 34
164 22
124 10
207 104
14 171
106 191
164 95
81 173
33 77
139 184
93 116
119 95
177 61
7 44
98 203
165 152
44 173
124 51
88 198
158 7
7 191
107 159
145 168
50 194
45 5
64 58
157 84
134 205
26 123
110 167
98 197
170 97
16 16
42 32
75 8
109 150
86 163
162 15
47 228
210 123
59 119
24 218
212 29
175 15
146 80
223 0
215 90
14 14
106 182
222 101
158 201
26 214
185 38
152 213
91 151
171 191
183 27
177 134
218 174
25 100
152 78
9 194
174 23
56 208
117 40
11 118
157 163
184 153
78 183
161 96
172 101
5 207
142 57
25 164
209 131
125 187
43 42
149 37
67 144
213 1
151 40
119 43
203 88
30 57
195 185
192 118
11 219
73 67
33 141
132 173
112 178
140 22
158 151
157 219
145 214
49 126
174 54
21 27
186 212
223 99
105 147
25 32
108 152
8 9
228 174
40 112
181 21
98 61
103 94
63 101
63 107
39 4
69 98
117 1
195 159
85 63
217 211
174 176
67 220
14 127
109 134
56 154
122 220
112 71
57 113
134 133
28 75
21 167
195 91
225 98
49 117
66 226
65 153
102 122
40 32
135 40
47 114
202 124
27 20
158 226
174 40
56 19
113 101
194 201
105 59
88 167
192 89
54 74
46 139
36 113
0 32
60 148
217 167
72 133
19 20
219 159
192 35
52 82
45 224
23 175
216 202
222 175
125 189
25 102
213 52
61 108
41 180
219 149
95 25
166 110
94 161
29 162
218 161
113 169
48 5
174 228
145 51
88 171
54 152
153 226
103 158
153 162
20 152
128 164
188 133
183 151
83 113
109 59
179 60
222 128
173 45
84 215
122 181
129 184
161 177
66 163
163 29
213 99
150 51
193 171
195 24
197 74
36 23
156 217
115 2
61 15
80 68
85 120
152 219
16 2
14 23
36 96
119 129
77 100
74 37
31 81
204 192
34 152
113 201
133 193
160 158
80 151
181 116
0 198
218 145
124 227
62 129
105 145
34 207
140 94
134 198
92 199
3 47
176 39
72 22
107 224
9 166
28 56
146 128
110 143
193 53
22 157
185 197
224 146
66 211
45 169
181 160
192 181
184 101
148 168
163 95
182 146
59 217
119 31
139 216
41 57
136 153
117 129
89 96
136 30
179 22
228 29
7 0
133 184
149 214
214 141
63 156
118 73
120 65
149 113
193 205
142 80
216 87
152 48
71 115
124 90
102 133
100 131
196 169
167 207
41 51
37 122
48 125
136 215
8 122
205 219
19 198
172 14
116 25
179 155
83 37
29 37
29 60
170 204
181 52
192 219
166 200
156 213
53 5
9 216
221 39
35 17
67 80
222 223
165 57
224 21
91 104
1 11
30 59
29 10
66 60
195 53
192 148
98 13
178 191
6 85
34 96
105 23
179 184
137 16
5 71
47 23
135 202
11 64
53 53
220 148
9 104
169 200
115 88
135 60
16 102
190 20
132 30
202 37
219 214
24 157
203 203
157 71
33 195
27 101
107 184
103 180
20 228
141 4
180 139
192 37
117 119
71 168
182 170
93 91
23 91
79 137
68 71
208 99
57 188
156 20
149 68
37 157
210 127
61 168
64 134
144 35
190 48
108 77
183 86
25 21
224 218
215 139
226 50
8 173
103 97
58 213
172 214
41 53
96 80
25 37
191 119
210 86
64 48
216 141
74 40
66 207
122 217
171 31
112 157
111 103
117 32
147 35
178 195
44 45
59 40
112 115
44 60
148 33
222 152
182 139
35 15
33 219
209 163
44 157
48 155
45 177
188 111
127 91
29 129
175 5
175 174
28 24
105 161
46 17
76 35
124 120
218 169
159 222
66 131
86 82
178 12
133 218
41 228
209 74
42 105
86 25
186 160
91 34
84 126
205 125
41 121
221 154
15 138
153 193
55 120
224 164
175 166
166 213
177 174
0 155
138 126
98 99
56 130
210 70
61 145
85 178
158 11
68 167
73 153
137 37
7 195
170 215
225 124
220 43
148 1
117 21
138 141
170 202
88 66
218 209
150 153
59 90
194 228
172 54
55 161
36 206
44 33
13 120
18 202
186 195
186 153
10 36
29 97
90 69
215 173
225 228
118 117
77 8
33 123
187 187
33 41
121 122
169 140
172 56
90 40
78 222
73 39
12 148
19 52
75 193
186 96
184 175
12 202
205 206
228 83
23 1
8 177
86 225
139 117
213 36
223 64
50 214
44 190
75 153
200 190
173 63
18 19
36 169
211 106
202 46
46 6
17 87
67 108
157 45
165 172
108 41
212 12
204 158
71 7
146 206
205 191
218 188
21 212
207 108
34 29
59 132
4 148
5 46
179 108
50 82
19 175
218 147
45 126
68 199
155 160
45 3
80 120
143 198
112 55
152 129
215 94
83 84
191 217
118 156
156 80
176 102
195 199
218 107
147 188
223 110
195 12
22 196
94 217
176 141
6 174
160 141
205 150
113 66
96 74
159 136
132 179
107 43
193 1
42 101
69 122
82 214
104 124
156 108
198 42
14 141
210 18
195 75
43 58
204 90
22 134
203 211
86 94
55 104
169 205
46 21
118 138
158 63
160 61
183 126
174 13
197 153
205 89
142 163
133 6
222 79
169 78
172 61
189 220
155 109
214 3
218 98
18 0
55 140
87 173
156 150
18 21
78 163
180 3
9 45
65 161
197 82
179 199
161 122
91 53
74 118
20 133
72 40
223 104
170 21
71 206
144 119
69 33
211 5
158 111
18 160
186 190
31 190
116 201
4 209
0 107
119 55
23 36
19 84
20 8
130 164
91 36
146 192
208 67
159 102
217 52
129 226
78 10
41 113
123 92
151 94
134 152
37 59
64 103
147 119
217 100
58 8
90 142
210 42
0 100
152 116
85 60
160 3
79 177
76 102
98 101
112 62
227 92
205 127
96 181
187 8
135 127
147 56
217 69
213 153
0 19
179 193
98 131
216 209
133 114
105 3
46 46
113 7
159 100
117 131
194 120
125 36
61 118
171 91
215 83
177 179
68 134
214 169
193 106
207 77
69 219
127 50
106 188
18 36
80 213
114 158
220 160
199 192
129 146
150 79
132 79
45 107
155 51
162 212
88 30
54 159
91 24
132 8
120 221
102 27
46 184
106 87
223 38
149 14
110 158
109 66
92 183
170 56
67 205
156 165
105 115
209 22
206 29
215 55
111 65
189 209
121 23
5 1
174 59
43 220
52 98
65 187
134 11
211 133
197 111
4 61
116 213
203 213
227 215
143 6
162 214
202 202
53 203
118 146
137 117
56 142
158 79
61 18
201 101
127 194
213 132
11 77
146 32
128 212
140 220
175 62
149 66
55 4
