47 165
196 83
31 140
196 190
142 86
126 175
105 151
1 39
79 135
186 210
42 226
142 200
39 200
157 204
158 22
91 38
7 69
65 107
59 211
5 69
57 213
128 124
175 123
180 201
179 27
225 103
165 149
109 43
17 204
91 77
31 129
62 85
21 102
7 28
112 195
125 99
204 186
194 224
5 166
119 130
89 4
128 216
108 186
123 139
80 155
154 166
147 2
34 66
172 205
62 29
102 169
224 184
158 98
70 228
6 203
25 162
143 22
8 109
124 136
81 135
83 187
125 49
199 143
153 204
75 2
113 30
188 190
70 208
223 165
95 195
144 94
132 213
56 159
199 8
159 72
110 183
220 187
52 74
137 85
9 160
96 93
134 29
152 76
83 205
180 190
69 146
27 59
124 182
219 66
122 24
189 105
158 109
133 108
16 203
168 167
131 145
57 40
193 210
14 97
168 124
14 85
10 55
134 106
59 42
196 81
109 160
185 17
143 149
11 89
168 110
175 98
212 3
55 65
176 194
59 10
130 62
112 212
222 115
225 74
65 81
226 193
51 42
52 71
92 153
30 162
45 208
214 100
170 133
111 46
86 30
191 31
173 207
37 82
94 182
149 39
177 152
26 9
53 73
180 138
153 146
140 162
206 68
192 100
148 171
213 38
183 159
78 166
43 183
207 184
163 168
189 165
125 156
159 184
131 36
133 174
147 179
206 123
226 121
69 73
133 156
80 10
25 184
66 123
12 190
123 98
174 37
73 145
146 36
127 138
193 131
69 8
51 189
73 59
61 92
26 163
153 153
156 225
35 223
177 189
160 156
202 179
131 113
88 210
39 16
175 47
150 77
128 201
152 34
206 165
123 199
135 120
189 47
221 167
159 77
15 173
205 59
31 37
93 77
36 21
121 180
88 169
193 150
108 81
157 210
209 204
15 83
128 205
34 103
54 103
78 211
22 213
56 83
112 224
213 225
100 186
163 57
181 108
35 191
13 184
10 117
72 45
17 118
109 92
144 121
67 134
157 188
1 95
141 85
166 180
44 16
108 57
78 193
178 36
107 55
180 54
199 13
158 83
94 119
51 53
106 198
72 54
10 77
126 216
16 123
80 109
126 54
184 211
47 84
172 33
133 176
89 72
16 184
84 50
68 130
51 128
215 85
65 165
143 136
0 201
163 21
57 103
96 58
112 126
129 211
156 142
181 63
191 209
182 106
21 46
141 142
96 161
68 201
208 54
61 53
27 120
59 179
158 49
5 227
9 70
85 36
115 169
123 36
62 79
165 73
28 179
130 23
69 15
163 187
161 78
168 201
86 130
140 126
66 179
22 135
39 210
75 96
37 84
118 24
194 218
33 159
161 46
170 79
173 12
154 213
207 192
6 172
151 164
89 199
215 39
187 6
156 160
181 129
16 49
215 62
181 28
171 123
138 100
69 206
122 50
223 140
188 68
187 58
179 130
117 38
31 221
124 155
104 142
9 53
187 126
89 160
31 177
217 14
67 61
43 93
172 18
4 224
84 213
45 174
139 115
153 199
207 95
13 78
67 199
19 159
184 191
24 153
117 22
44 182
126 119
62 175
217 38
208 32
121 127
51 195
211 135
171 65
142 151
33 189
151 154
140 16
6 10
98 44
31 83
42 98
111 30
92 142
196 97
104 191
224 206
225 136
193 29
79 85
141 186
32 44
171 131
223 225
119 210
203 122
95 117
154 225
29 21
96 47
196 201
205 164
203 217
48 18
129 214
47 211
7 105
18 148
172 89
9 23
220 71
125 140
226 83
159 201
65 16
94 220
143 4
129 36
49 178
6 197
71 98
52 213
110 218
119 45
177 16
144 24
2 119
132 40
186 136
172 20
207 157
191 225
76 119
27 122
42 165
149 206
34 64
221 21
138 105
173 115
74 82
130 70
139 134
77 121
221 177
35 131
101 53
59 195
182 19
29 16
198 89
77 159
190 121
224 194
175 60
155 211
134 112
46 69
132 164
183 147
22 160
24 134
6 123
77 191
139 132
221 81
110 22
148 12
19 18
74 222
108 219
63 145
192 45
207 71
20 33
95 138
184 87
82 151
174 154
100 123
143 8
50 71
94 199
214 195
122 108
75 37
85 46
45 24
7 94
155 216
10 193
73 205
226 31
33 130
80 192
189 152
43 163
26 217
183 149
163 189
85 112
70 185
180 203
96 1
40 49
72 108
104 54
182 208
35 30
82 54
151 199
41 59
29 131
60 114
174 181
36 184
1 140
4 88
30 113
81 48
177 154
224 162
124 24
96 121
224 134
49 215
130 171
17 172
60 220
23 228
89 206
4 86
46 158
129 18
46 8
196 26
168 164
21 159
117 11
114 13
213 171
160 43
196 171
21 169
106 103
86 62
23 116
179 128
190 99
167 127
125 184
62 147
161 65
211 225
213 119
27 84
148 189
132 42
77 34
38 97
103 220
158 26
53 131
57 132
216 98
53 3
81 74
112 14
60 198
66 221
145 96
28 101
74 34
198 172
128 192
174 15
143 146
224 100
102 173
173 81
16 73
163 46
227 33
21 227
174 125
91 149
48 26
149 49
186 88
179 89
123 85
107 126
120 140
143 106
14 72
76 91
184 140
20 141
64 84
37 17
21 30
155 107
139 187
69 215
9 164
203 219
52 107
90 7
188 211
182 84
19 28
77 180
118 127
17 100
17 80
201 21
120 21
169 57
227 186
142 112
28 49
17 113
20 173
180 210
85 122
27 201
177 187
171 112
183 84
165 67
0 52
100 40
157 136
194 51
194 99
50 10
125 26
157 112
2 19
183 227
143 214
129 152
149 178
212 140
187 138
116 215
2 21
130 197
194 135
23 215
196 89
199 61
14 227
224 142
103 115
136 3
123 49
150 16
27 108
58 207
220 68
202 20
184 80
191 105
124 28
160 92
5 39
37 210
224 32
206 75
222 32
103 144
185 221
7 42
193 194
110 194
14 1
166 75
54 105
93 118
29 82
96 17
202 177
43 3
111 8
71 190
58 215
106 67
211 123
58 169
98 154
193 172
113 210
140 221
69 186
5 41
64 163
27 90
70 200
209 72
28 110
216 3
202 44
68 59
152 142
11 98
115 55
21 205
155 137
126 33
212 7
202 77
205 152
11 178
227 173
188 79
186 12
162 13
105 180
226 116
34 139
25 19
216 194
223 177
104 182
53 89
7 25
167 175
159 151
98 80
173 71
35 133
150 219
15 119
163 154
196 184
148 187
84 118
116 13
181 0
119 158
104 221
211 34
137 38
204 178
157 47
210 79
178 44
59 228
194 192
159 45
10 9
220 88
39 224
183 174
206 186
6 83
126 202
196 192
216 212
140 79
110 101
184 53
150 92
50 152
166 71
147 181
58 158
84 152
100 133
86 152
214 209
201 164
63 81
73 43
59 117
61 63
97 11
144 98
201 206
59 18
169 191
52 114
193 50
81 177
102 30
79 8
99 42
84 84
74 188
12 73
107 6
209 154
36 4
189 212
56 28
130 179
225 220
100 73
3 1
90 101
151 175
189 66
205 96
150 130
52 183
51 66
105 30
133 203
171 142
138 139
183 68
149 128
219 79
1 197
107 122
186 140
51 81
124 187
41 217
210 220
75 42
78 23
1 214
61 222
129 113
29 146
203 152
119 92
26 49
201 228
204 213
33 50
192 66
186 155
181 184
87 160
68 208
56 18
217 54
207 153
26 106
91 17
22 173
113 218
199 108
111 76
15 109
223 93
70 83
24 81
32 75
200 35
49 80
27 70
146 48
1 90
185 21
158 3
95 59
23 32
6 151
170 19
225 208
123 159
131 44
79 143
108 142
180 90
39 181
108 103
64 89
114 33
77 178
4 162
79 71
191 182
173 175
203 148
71 53
73 174
101 145
188 11
113 152
184 18
101 65
129 199
52 24
166 208
115 31
96 40
61 196
118 13
16 85
63 33
224 79
146 200
39 174
177 95
97 163
222 161
193 104
145 110
77 22
13 137
66 84
53 128
105 200
227 125
97 155
34 188
80 175
178 101
3 27
211 146
122 102
135 5
117 65
11 211
159 5
51 5
38 155
1 143
143 225
5 180
194 198
70 156
77 167
7 165
104 28
197 13
83 176
218 3
163 23
20 185
108 83
216 115
145 187
122 120
104 80
188 113
96 179
175 89
214 57
196 11
30 102
155 146
150 47
29 187
116 191
194 89
142 71
129 69
184 16
142 224
83 36
214 17
67 9
75 214
109 181
132 112
33 108
183 0
145 3
53 22
138 2
160 194
92 191
226 212
175 103
138 0
161 140
59 222
115 178
195 222
90 31
79 53
32 125
98 73
189 7
89 90
225 11
30 111
125 147
82 212
16 20
35 58
153 164
60 191
88 208
172 184
2 85
210 53
225 182
195 217
205 5
182 54
145 209
21 132
222 72
143 96
214 98
2 48
120 145
159 10
62 61
62 170
149 18
116 54
126 39
151 203
223 136
110 128
185 173
166 173
18 188
82 82
193 220
152 144
92 29
120 196
161 9
4 138
219 211
168 76
223 198
159 130
167 108
150 55
201 137
58 187
15 150
83 91
12 21
38 201
70 75
153 123
28 52
166 30
79 100
188 96
206 6
5 124
212 117
187 132
23 114
22 10
34 60
66 45
106 195
151 205
20 66
154 121
39 133
180 219
44 226
134 154
211 77
67 121
75 205
94 146
193 16
71 73
37 197
162 36
108 91
45 203
114 140
228 213
159 228
195 30
151 57
217 153
31 42
39 31
86 170
29 177
51 150
149 191
182 43
83 128
60 16
15 205
110 41
210 189
225 125
77 144
220 23
144 31
113 5
223 131
28 9
140 151
208 86
64 71
27 96
40 40
171 81
56 172
114 216
6 225
42 46
191 169
31 219
150 53
111 13
95 53
65 36
48 213
209 55
207 221
31 134
145 54
0 81
51 217
209 115
133 99
36 7
115 218
33 143
54 18
183 112
109 132
185 19
22 84
160 203
60 171
79 94
39 81
7 126
43 114
158 54
138 152
217 207
13 151
47 126
127 144
153 108
17 52
180 157
93 24
97 195
148 83
3 136
2 213
122 144
46 82
7 23
103 16
1 116
4 65
51 176
193 12
13 108
141 116
57 72
63 90
126 9
34 113
21 92
135 38
77 182
201 62
69 168
149 89
147 10
96 19
37 223
124 198
172 1
165 215
223 14
219 167
168 112
123 166
70 55
134 37
11 187
88 101
170 139
58 116
168 204
10 26
184 114
40 152
129 126
71 146
158 225
158 149
93 33
135 52
92 15
51 84
32 107
214 105
206 33
109 184
124 141
90 158
14 189
96 159
5 190
189 22
123 118
62 120
38 29
18 140
40 86
128 17
21 175
204 27
172 182
80 166
177 103
93 195
209 13
17 78
123 185
144 33
37 75
209 167
25 45
185 138
38 22
204 45
180 79
198 76
137 123
75 145
31 11
168 224
166 69
94 44
22 151
51 89
112 45
204 175
119 133
192 201
182 210
167 165
118 203
105 223
212 27
115 64
135 203
74 98
8 11
208 117
228 163
136 211
104 27
138 57
193 159
61 227
223 133
138 161
100 208
56 206
70 202
126 143
73 218
127 56
146 160
89 25
14 21
80 194
213 15
134 197
177 6
144 47
134 13
108 87
46 206
171 36
197 30
2 152
228 31
165 39
50 25
171 44
211 227
186 71
225 67
150 120
224 112
54 224
114 212
125 129
75 203
120 120
197 91
10 135
177 127
71 154
101 96
9 94
129 140
67 28
6 81
65 133
76 221
208 19
144 200
185 56
118 228
19 1
88 103
131 81
198 115
115 159
131 41
122 66
66 5
1 154
56 115
45 114
207 167
219 134
14 136
200 103
51 51
27 38
176 37
82 193
204 124
219 21
82 126
208 84
152 80
170 110
132 62
200 178
2 142
39 114
46 79
28 58
113 87
220 55
48 110
113 222
214 92
41 5
202 135
8 158
96 119
189 5
88 32
143 187
46 99
217 1
80 54
99 146
117 199
145 118
105 171
226 114
107 200
90 152
86 146
111 113
180 107
17 83
201 211
133 60
171 46
76 98
12 25
218 55
95 123
76 40
215 155
198 199
77 51
24 38
36 126
114 92
216 175
203 142
136 69
109 64
5 194
64 60
13 149
205 112
84 48
186 41
9 38
111 179
211 104
161 228
34 171
79 213
3 32
40 123
215 15
170 61
214 203
201 143
212 105
38 7
93 59
174 31
224 102
126 51
94 48
83 136
211 43
50 64
101 188
92 163
38 208
35 42
162 209
54 101
40 150
225 210
98 108
85 3
112 159
58 146
57 121
209 44
204 40
161 103
27 115
212 147
205 204
74 172
182 88
73 190
105 193
96 112
159 93
131 150
19 170
70 97
84 52
4 48
206 31
16 201
218 119
53 160
7 103
65 29
185 23
181 204
194 158
14 116
169 23
227 48
144 45
176 178
39 157
79 161
223 50
228 50
6 162
188 86
136 71
68 97
88 23
13 125
28 62
82 118
79 168
152 220
174 167
46 156
182 4
36 52
6 109
56 192
178 218
1 1
193 137
104 66
78 109
132 133
126 87
106 204
96 128
27 36
2 41
36 171
110 80
94 158
144 60
223 10
171 201
227 217
22 181
227 21
201 145
197 61
156 144
40 97
156 202
93 227
157 73
103 146
150 228
139 143
15 63
44 99
122 215
190 151
212 196
125 127
5 205
170 182
153 32
40 44
48 226
165 20
209 199
202 42
210 218
148 129
48 91
110 15
14 16
79 159
4 151
53 149
207 207
216 200
209 222
27 50
113 127
55 128
84 82
59 197
57 128
221 212
45 228
113 166
169 56
119 65
113 64
131 177
104 32
79 157
105 52
38 153
206 178
113 110
67 168
164 31
166 52
131 186
207 60
92 120
0 22
49 31
129 161
136 101
119 79
64 224
222 227
55 97
132 217
212 208
61 177
148 91
181 131
39 104
152 21
6 17
127 35
60 169
74 55
43 167
167 57
175 30
41 134
126 90
186 37
17 193
16 14
82 216
144 162
95 228
26 24
94 162
88 133
88 95
137 215
111 23
228 140
117 170
114 70
142 15
67 82
61 106
185 6
64 109
13 141
4 79
121 55
18 195
51 108
91 144
63 28
95 34
7 227
222 147
104 4
110 145
35 105
167 36
52 49
121 78
98 112
170 143
96 98
109 76
59 167
36 29
124 40
166 184
77 112
119 19
189 163
56 204
126 227
165 113
29 5
209 135
34 52
166 211
160 12
68 137
42 34
222 103
141 7
115 29
20 86
99 69
101 29
156 7
35 20
52 151
2 182
18 142
180 46
81 111
5 146
215 53
31 209
196 76
164 71
33 224
53 51
85 44
160 177
41 94
205 156
51 226
6 176
153 224
139 20
138 74
208 144
175 207
20 69
15 93
143 58
100 108
9 174
20 187
144 67
94 93
77 161
21 0
227 11
21 137
68 123
108 144
31 27
38 168
157 221
215 1
108 79
108 124
223 66
225 52
224 73
189 57
169 99
50 27
3 211
39 72
53 47
113 189
94 121
21 32
183 64
32 99
48 119
203 205
189 13
194 97
128 174
41 189
212 0
111 39
60 74
61 150
143 144
177 193
39 222
223 36
205 224
26 198
132 6
81 26
52 180
220 144
186 39
182 183
168 133
113 43
199 70
112 35
215 177
53 84
142 140
209 68
87 128
105 20
195 142
130 97
81 11
3 39
191 28
7 219
71 217
18 60
168 21
123 194
29 50
155 122
18 101
115 108
58 28
2 199
36 19
157 24
54 205
217 91
9 42
170 30
190 51
37 132
191 147
220 130
211 47
166 49
88 8
151 222
102 218
116 187
225 185
95 125
180 44
145 178
87 46
218 67
198 44
80 139
136 119
61 101
142 74
72 65
148 207
111 160
153 117
121 159
26 86
183 185
41 158
121 110
86 185
66 201
161 101
59 20
26 203
171 34
91 90
145 158
160 81
41 203
131 143
83 150
52 187
14 95
221 225
34 160
177 46
118 144
25 219
58 173
20 50
143 134
44 212
81 157
91 75
18 135
86 32
105 55
10 195
60 184
202 60
122 61
66 209
59 177
147 133
110 152
89 134
205 184
150 90
26 119
96 217
155 48
187 141
74 133
168 189
61 20
5 196
195 150
57 42
107 2
53 119
2 226
170 189
19 65
192 133
20 200
31 142
187 67
154 79
94 151
122 57
43 106
143 73
51 60
13 47
25 194
200 43
184 102
118 115
106 186
30 179
65 191
161 175
93 54
108 183
36 151
78 18
97 110
164 111
125 8
36 88
67 30
93 186
164 35
35 220
55 73
19 193
35 147
217 155
24 173
87 223
55 30
36 193
105 97
218 136
2 61
151 64
158 203
182 45
48 82
228 154
149 46
137 21
45 192
78 41
99 66
164 86
40 7
115 11
170 101
207 126
120 42
1 42
5 26
3 105
187 106
196 110
180 110
84 134
112 32
165 37
97 5
198 170
181 2
168 212
29 91
145 127
93 166
133 135
197 175
156 26
58 185
123 38
213 48
110 130
143 62
127 85
193 48
161 121
154 119
170 54
164 202
135 199
33 6
62 59
93 17
114 187
216 186
165 121
130 30
41 125
129 142
141 95
222 145
199 102
3 90
155 204
29 35
103 216
170 217
189 59
99 110
135 217
1 13
98 40
39 42
35 115
66 105
179 62
138 124
85 223
109 172
25 8
201 216
152 120
127 69
209 226
92 173
13 212
155 6
69 217
154 144
100 173
20 150
131 175
13 188
149 3
7 157
80 90
113 39
226 195
195 169
79 35
35 199
193 217
47 202
202 209
147 191
87 105
217 190
44 47
67 41
74 32
83 49
131 131
181 30
82 207
193 226
62 185
41 84
156 33
141 72
159 95
166 85
154 152
88 6
149 223
112 16
171 228
87 150
145 133
117 56
22 12
130 111
141 133
39 74
3 153
203 8
223 175
39 135
20 35
71 180
49 121
103 178
186 143
23 46
56 102
150 19
217 62
117 160
193 203
158 20
61 194
55 90
112 167
177 181
76 83
193 96
14 45
200 160
44 175
170 76
206 182
192 184
6 2
110 68
211 75
154 125
4 84
225 132
3 56
215 29
117 209
74 20
195 105
94 127
14 201
110 20
120 30
179 153
46 193
193 36
130 79
152 92
8 175
91 165
28 165
46 149
204 43
110 25
147 199
212 221
96 177
112 21
123 219
104 14
192 121
110 115
118 178
58 224
129 178
170 1
43 218
12 45
176 176
167 77
191 165
222 112
204 76
161 188
155 191
44 171
35 210
39 106
71 9
1 50
192 140
216 196
224 114
94 1
219 39
52 64
216 93
42 68
147 215
165 50
5 150
168 101
140 200
15 152
39 83
152 23
196 99
219 69
214 197
181 148
157 0
160 160
69 221
225 174
109 39
99 12
21 58
183 204
210 21
89 9
155 72
115 39
82 218
31 91
15 185
73 115
141 135
198 191
42 66
26 47
174 69
125 194
200 125
100 94
68 36
98 88
7 46
65 9
109 3
30 76
142 60
38 20
65 91
163 150
190 69
169 28
80 133
8 134
17 109
45 137
204 162
227 93
18 48
95 216
87 212
172 216
158 155
158 34
139 198
165 151
221 37
224 138
187 56
222 91
195 156
12 27
163 165
139 98
138 17
99 144
228 115
102 192
68 75
195 220
54 142
139 104
37 9
139 176
110 99
82 134
40 119
4 45
37 15
202 102
158 134
32 225
115 209
178 38
124 78
39 146
20 16
85 187
95 32
172 218
55 46
9 176
73 1
190 124
201 204
178 110
195 226
183 176
71 59
150 213
29 14
48 116
130 16
28 202
186 78
15 183
127 163
103 171
227 127
213 96
147 14
140 87
170 162
52 130
31 159
71 204
104 212
184 194
198 84
183 161
124 108
167 223
17 133
121 59
197 108
196 152
95 76
224 2
198 110
131 141
214 114
143 110
135 107
33 132
193 199
37 219
20 161
191 49
205 167
40 202
199 117
204 61
87 196
123 22
134 78
57 141
94 172
42 60
97 42
220 189
19 58
15 112
121 92
82 137
44 138
134 62
58 171
209 105
10 96
118 57
92 179
212 76
65 159
158 9
6 148
1 16
134 9
3 111
71 152
148 120
146 44
19 131
26 173
166 87
70 113
218 64
11 164
46 124
148 131
34 218
215 184
8 171
171 145
164 19
142 94
196 0
222 40
216 191
194 184
159 153
205 53
100 49
190 219
121 48
23 159
80 83
49 195
162 166
96 68
143 51
3 17
159 47
47 80
210 206
57 47
211 73
74 69
169 198
180 85
130 125
129 144
65 155
163 215
160 143
98 101
67 39
102 175
122 155
168 129
119 1
62 50
211 153
116 86
42 185
73 3
42 142
11 56
18 227
120 223
33 169
41 42
87 5
86 165
185 151
164 69
103 160
48 67
4 81
117 158
200 139
182 114
106 57
175 173
142 83
43 53
174 151
84 130
154 142
95 78
222 74
223 81
190 34
177 216
36 32
165 33
121 76
129 60
123 168
183 62
186 69
72 123
140 106
32 139
26 165
63 118
132 187
142 161
183 66
187 196
5 16
117 111
25 0
177 28
58 74
124 190
209 11
159 97
128 120
132 89
92 43
31 146
72 75
10 7
202 166
123 9
108 25
57 30
216 107
88 174
76 224
162 7
62 52
65 177
194 133
13 98
192 207
91 216
148 55
186 10
107 120
162 159
40 156
152 66
85 1
92 218
165 183
92 0
130 55
119 22
161 215
71 174
153 35
34 209
136 125
13 93
119 224
104 132
212 92
8 196
121 168
73 131
203 227
177 224
75 59
12 2
160 1
81 150
32 97
20 26
119 169
2 201
78 83
78 122
72 116
168 181
16 111
81 70
181 112
19 204
136 105
6 132
85 220
131 90
108 45
59 103
223 221
108 205
141 2
58 134
13 153
119 200
196 119
128 71
175 17
86 142
81 56
43 204
53 95
211 168
118 113
144 56
125 118
212 149
93 52
0 48
42 132
8 36
4 164
205 7
227 81
211 163
223 34
74 86
144 151
191 107
174 62
31 188
23 162
24 197
14 139
216 188
58 6
40 99
117 211
90 174
128 58
93 83
207 102
156 106
101 171
59 44
103 25
11 94
220 218
209 46
50 56
131 15
149 185
57 91
25 2
125 85
159 59
48 193
188 111
227 188
36 63
219 86
79 179
140 141
96 126
44 205
107 181
6 134
104 218
51 178
222 48
132 197
4 18
174 49
54 130
178 134
48 20
32 77
35 129
147 90
212 78
187 65
58 219
56 39
49 84
22 153
128 62
93 135
163 9
44 18
58 119
163 121
174 114
146 120
29 122
87 64
129 128
203 22
118 85
125 37
0 216
196 52
81 186
8 132
79 225
133 121
37 124
5 211
70 120
34 193
54 114
160 123
84 185
89 213
90 103
16 140
39 204
191 211
139 1
78 87
102 125
175 45
134 216
70 170
69 190
135 195
63 17
5 111
168 183
53 144
96 136
131 188
131 166
194 122
203 59
104 140
4 109
206 180
220 146
95 24
61 51
101 143
141 193
86 58
5 178
46 226
87 67
160 173
163 37
159 104
20 135
97 86
99 54
120 170
72 142
124 17
158 81
94 137
36 208
173 173
156 227
167 131
119 118
189 49
209 129
191 12
11 183
75 61
40 185
172 83
124 15
109 179
72 119
177 77
64 51
46 19
67 37
75 100
30 19
72 144
14 121
73 99
25 227
100 52
26 212
39 124
186 220
74 220
9 218
112 129
190 201
207 130
51 116
45 42
27 216
0 173
67 33
227 52
73 87
172 164
207 155
97 35
105 159
26 205
205 218
48 22
91 185
39 76
96 157
66 136
151 17
12 160
20 143
65 157
111 169
64 136
81 206
11 213
219 118
205 176
183 168
78 195
39 179
43 62
6 19
84 24
57 45
223 219
90 42
59 206
129 166
112 90
23 8
82 175
131 199
204 160
123 68
71 213
118 107
160 134
6 209
56 157
219 178
50 156
91 135
157 69
218 88
175 94
37 77
141 149
65 69
220 77
178 54
124 106
111 78
81 80
73 203
181 81
145 215
37 145
39 95
50 54
89 215
24 195
75 33
7 124
180 88
171 99
185 180
155 124
121 44
156 214
221 66
185 167
15 148
22 24
137 172
226 163
52 55
110 141
13 118
45 32
122 227
181 142
88 88
27 161
191 65
131 162
160 7
176 180
194 10
42 17
49 108
3 43
156 4
172 38
33 162
27 66
80 81
204 165
5 56
77 193
100 192
222 23
167 6
191 215
158 182
71 81
153 115
143 153
60 216
120 14
23 83
112 100
91 187
136 20
207 115
147 167
169 108
50 219
28 118
89 16
86 65
150 23
29 120
201 7
87 97
43 210
94 79
29 141
179 187
39 148
139 189
59 68
219 132
108 65
145 88
66 48
17 11
71 14
10 133
17 54
217 176
211 121
125 62
200 130
164 115
208 165
202 160
198 130
151 215
125 92
165 169
111 6
86 210
68 119
77 95
92 181
1 114
74 57
45 195
120 178
61 166
188 4
209 88
227 74
211 130
173 215
194 140
201 70
153 57
118 226
98 68
111 63
167 74
227 209
101 69
38 87
25 196
47 185
37 5
91 214
83 11
212 115
10 115
199 29
88 152
46 90
140 164
120 108
67 165
206 216
94 61
106 145
93 31
79 112
60 29
22 93
100 190
4 121
60 186
226 184
74 44
179 5
151 49
75 131
77 110
154 150
131 99
32 178
184 209
157 51
85 96
15 219
147 45
57 89
46 109
217 89
21 67
184 78
72 56
92 26
64 178
59 108
183 196
188 35
156 49
126 173
131 34
170 63
120 94
194 82
106 202
223 61
156 82
70 71
135 99
14 123
92 183
170 223
48 33
18 206
121 157
32 52
2 88
137 217
34 62
213 5
86 38
31 195
57 144
166 125
107 193
122 79
117 224
84 59
16 225
207 177
9 111
181 5
77 60
154 34
187 108
37 86
147 47
16 220
220 116
46 182
175 142
20 182
167 221
158 13
205 94
48 7
111 43
108 70
36 201
106 221
65 34
174 217
144 148
112 220
107 85
58 156
108 194
94 142
116 139
56 152
7 207
138 87
71 172
225 166
54 99
199 74
86 168
102 141
117 109
107 14
212 194
128 8
136 226
223 143
2 3
139 3
99 86
123 26
38 32
221 110
125 105
66 71
70 144
18 197
91 227
210 28
13 3
115 223
58 209
188 9
211 222
105 216
77 213
134 98
71 100
202 18
82 46
146 34
83 111
122 90
209 207
1 18
67 35
42 55
140 77
112 41
194 57
161 136
91 9
51 62
89 74
13 218
215 102
61 2
7 217
123 62
13 106
187 209
170 164
49 154
144 108
31 223
4 2
207 223
3 150
190 36
223 167
130 212
125 138
217 159
107 24
110 32
30 145
175 70
92 89
123 55
66 103
85 34
51 132
43 140
94 46
38 80
33 146
152 166
204 78
72 20
207 205
130 88
216 27
91 146
144 53
4 73
16 195
14 19
100 67
166 171
211 12
116 157
31 20
218 41
94 95
177 143
110 204
17 218
211 198
182 202
105 5
41 48
154 193
45 58
121 98
219 176
61 0
211 14
45 140
22 155
114 191
55 144
200 203
136 58
65 180
130 7
10 191
183 6
29 93
137 103
111 131
211 64
8 27
182 79
181 186
124 87
22 48
199 68
156 78
57 178
1 228
222 12
118 171
207 175
157 96
79 223
207 52
197 54
167 67
149 79
78 133
203 201
147 185
186 222
137 49
37 95
7 38
32 29
25 69
44 40
22 50
97 3
179 228
165 119
37 30
11 189
89 69
196 121
215 48
65 101
49 217
26 23
70 188
96 197
133 150
126 0
133 14
123 146
109 5
225 21
97 59
176 208
178 14
127 127
15 12
4 213
165 185
91 14
36 61
95 110
221 134
15 78
49 66
209 52
32 112
60 173
139 22
132 97
139 194
180 218
16 61
28 214
163 17
202 162
174 183
109 223
118 141
86 221
170 121
128 228
50 183
104 21
26 117
124 196
158 43
173 123
145 180
171 58
221 150
180 105
119 111
90 133
98 152
219 81
81 153
133 132
40 55
58 176
167 50
93 28
55 22
112 19
120 227
224 30
173 92
9 190
190 140
163 96
30 8
103 126
106 32
44 196
115 6
201 132
20 221
71 1
0 188
141 198
21 72
109 78
20 196
198 177
91 32
80 24
74 123
193 32
50 106
190 67
49 89
76 86
77 85
54 150
109 47
82 10
145 198
75 190
208 124
218 212
61 103
0 138
60 14
125 192
189 149
183 81
100 210
98 128
70 46
95 91
154 105
21 94
135 109
119 41
63 92
18 200
208 30
79 181
67 222
16 98
146 169
85 150
222 127
200 72
56 8
126 107
153 176
65 32
48 183
174 88
60 130
42 216
122 203
155 163
220 227
23 74
164 123
225 140
94 197
111 150
210 144
224 12
137 52
111 196
228 13
208 188
227 211
121 46
157 162
163 170
28 116
82 178
103 134
115 189
116 92
60 146
178 209
32 145
140 14
182 130
125 158
114 54
64 47
62 13
173 131
188 213
199 83
79 92
125 64
34 107
35 197
209 137
221 0
46 15
201 218
122 18
164 84
152 168
197 227
174 165
214 116
168 30
45 147
183 124
177 88
146 208
96 15
211 151
46 204
184 55
143 177
121 85
81 66
89 67
216 64
156 104
194 171
27 103
42 44
84 115
38 151
226 29
12 29
203 225
166 129
57 167
99 196
72 155
185 70
198 9
121 166
183 142
172 3
187 124
175 115
203 184
15 125
91 61
147 67
6 73
42 40
197 113
60 193
134 31
145 226
176 155
54 63
217 173
10 71
207 111
31 35
96 203
129 162
190 167
109 89
177 30
98 186
128 203
130 173
211 95
208 80
22 142
82 109
127 210
105 126
107 161
77 131
214 193
92 47
21 52
14 203
159 65
138 19
79 21
46 197
63 227
188 124
188 84
178 32
109 122
187 13
127 37
15 117
79 51
211 36
43 130
107 89
60 116
179 52
92 51
224 116
215 199
215 13
162 144
73 216
31 132
161 94
211 128
142 138
72 188
106 152
50 179
93 75
37 221
219 216
123 77
155 53
221 60
87 48
158 186
169 165
41 210
196 154
112 117
13 64
69 60
175 120
86 134
9 192
47 108
101 177
159 132
188 154
194 14
20 130
215 211
38 172
65 82
89 105
72 125
35 123
195 55
179 142
25 82
38 112
26 71
191 33
110 70
15 107
144 160
222 117
85 199
107 59
53 109
160 63
57 211
127 214
180 20
146 97
47 147
76 129
145 68
135 50
18 186
29 7
160 79
224 48
161 11
70 123
210 148
48 9
160 196
127 125
92 45
222 1
48 123
171 93
3 108
6 60
8 29
167 169
176 68
18 85
0 142
114 72
104 18
186 84
24 10
53 66
86 197
5 58
59 92
33 211
77 93
175 96
174 121
200 19
48 28
72 113
186 86
153 38
209 146
144 100
11 53
94 178
227 155
228 123
36 140
17 63
27 219
9 102
145 185
155 70
96 88
184 181
190 134
198 11
172 22
58 46
42 64
152 228
227 103
55 202
175 144
145 7
146 46
20 48
56 59
157 184
75 81
217 205
176 7
98 208
58 130
138 102
109 162
32 160
60 223
5 43
199 132
206 77
150 221
166 117
144 112
68 203
106 99
212 97
164 213
191 95
84 148
149 44
216 52
192 98
135 56
144 37
65 200
160 179
199 201
108 15
111 89
228 171
95 201
35 6
160 14
137 72
179 132
190 38
84 221
210 165
63 176
205 9
149 42
132 13
89 14
154 218
120 74
173 47
224 91
228 105
29 12
120 57
93 144
51 181
82 220
106 22
7 189
28 85
174 205
23 211
38 185
146 12
192 102
193 168
60 157
215 31
137 70
123 157
214 0
132 154
11 185
227 138
122 16
127 53
117 30
105 117
53 146
16 186
50 68
91 71
102 190
178 201
91 73
1 30
57 57
158 157
17 131
176 113
50 91
41 183
213 107
179 29
195 2
40 205
189 161
18 168
80 46
102 67
10 28
177 26
122 179
192 135
47 140
62 225
191 186
85 128
132 32
216 117
123 11
191 142
39 85
203 207
56 126
151 113
69 20
136 1
90 33
212 49
158 61
37 199
104 169
161 168
167 22
200 176
197 117
121 63
149 81
11 217
136 78
212 219
184 20
73 8
172 226
31 4
58 143
24 151
87 199
220 169
147 37
92 189
132 46
37 73
193 55
176 32
214 30
87 3
226 165
74 39
1 65
24 25
98 165
136 196
94 210
187 134
94 16
80 164
127 161
76 123
4 182
80 19
116 73
81 72
15 99
73 151
198 72
49 24
185 169
134 58
58 38
128 87
120 143
110 48
30 98
151 177
187 22
184 42
209 35
157 5
96 219
51 215
207 225
163 182
61 212
224 196
117 15
19 128
50 158
171 125
63 62
194 76
3 63
3 166
143 202
8 55
222 142
120 156
7 130
219 154
57 205
98 1
216 169
4 226
79 121
150 21
86 114
25 176
46 44
127 64
119 97
141 188
133 91
3 58
206 54
156 23
171 13
94 89
90 211
66 167
181 158
161 222
193 129
146 162
63 152
120 0
168 210
76 56
169 222
11 175
108 105
120 202
220 41
166 35
115 199
223 75
122 140
192 51
140 223
208 209
79 111
136 213
63 15
167 199
33 105
6 164
157 110
149 176
123 64
54 107
179 183
97 78
33 43
94 112
96 199
168 54
62 48
181 61
10 162
79 145
67 132
98 211
207 106
187 98
95 140
94 81
92 193
18 174
142 147
60 226
86 23
120 204
33 27
208 69
157 2
25 113
15 114
207 219
169 131
3 155
64 105
112 69
88 162
218 203
15 47
111 133
173 90
37 114
97 130
53 122
53 226
141 29
27 94
65 205
195 148
227 101
69 82
219 90
209 103
59 144
95 18
166 182
195 194
206 35
171 29
136 228
122 87
80 196
57 186
193 186
51 58
11 141
90 205
78 20
90 11
137 121
56 74
161 186
8 89
28 68
172 16
74 225
143 54
211 137
133 33
203 39
7 111
225 93
191 97
104 82
160 226
211 45
220 73
149 70
203 110
18 170
192 69
103 113
44 177
119 198
21 14
37 147
25 108
146 131
45 73
59 52
15 3
222 77
65 27
105 16
121 198
197 155
217 81
45 210
93 123
29 84
151 36
226 2
39 53
108 203
134 16
96 61
131 184
104 214
218 201
185 123
208 183
9 25
104 172
228 107
189 98
40 51
41 182
70 158
191 149
71 3
125 145
226 72
193 90
63 83
147 69
57 93
99 129
10 158
169 145
121 219
89 172
29 95
135 150
107 4
140 18
39 78
115 185
131 129
81 92
77 215
198 152
16 59
190 154
214 50
173 29
117 97
202 141
47 195
38 206
185 141
214 139
144 49
13 62
54 16
138 173
206 100
84 211
79 69
37 179
44 165
204 57
36 186
121 80
69 204
89 151
89 107
13 186
222 62
118 93
52 99
218 186
115 211
203 164
51 73
122 100
43 228
58 193
72 157
214 28
3 15
25 215
60 218
1 83
225 81
13 205
196 43
28 64
92 148
184 40
110 45
130 127
65 18
14 61
55 131
86 126
77 81
1 63
67 70
31 6
208 219
151 38
63 154
90 89
8 96
18 222
113 111
172 162
22 59
138 213
67 191
18 220
82 25
212 94
200 141
26 68
47 121
132 16
140 100
181 86
65 38
63 31
46 167
20 60
175 25
185 68
201 67
206 58
16 189
187 20
153 160
68 34
130 53
120 154
27 7
118 201
140 153
157 53
123 128
88 158
127 146
214 84
129 225
71 186
58 17
72 101
101 50
104 96
121 96
77 70
143 88
49 211
22 26
208 101
150 204
143 29
71 215
124 76
190 184
19 73
208 34
35 86
60 12
40 67
220 64
150 25
190 32
209 78
99 71
204 180
4 60
159 175
204 29
162 142
16 96
4 126
137 76
162 152
53 20
212 223
28 77
35 50
95 97
193 142
37 134
55 57
0 227
133 44
110 117
109 24
136 113
141 58
205 109
111 173
95 13
208 58
187 48
3 180
33 54
12 116
17 138
210 66
16 36
33 191
172 79
93 164
25 115
97 117
124 100
2 168
167 55
138 78
112 67
104 188
205 154
141 222
182 77
162 85
119 126
81 17
200 76
95 221
117 179
107 150
163 136
24 23
152 68
212 170
137 40
131 211
181 174
225 65
21 128
179 216
226 13
111 166
48 157
95 4
219 54
108 67
70 132
137 23
34 186
41 62
195 16
159 113
107 217
112 144
213 145
215 37
126 78
220 128
50 123
116 7
99 188
31 74
24 47
60 62
119 109
203 167
157 138
182 191
44 132
10 43
189 107
226 219
106 124
198 203
109 7
159 220
32 157
168 49
145 146
122 197
197 27
28 204
25 121
72 228
133 195
30 101
178 203
46 3
179 226
26 175
136 111
72 170
122 195
97 76
27 54
214 201
184 11
181 227
34 145
221 132
58 191
185 160
60 175
71 21
68 7
7 193
96 209
119 180
0 41
128 55
186 54
54 83
212 18
23 103
48 163
185 125
99 163
203 6
163 184
32 103
154 148
200 45
137 143
217 184
162 195
97 201
31 14
29 189
126 191
164 93
87 148
168 79
119 29
206 193
133 183
217 171
50 7
156 55
128 226
82 113
98 219
105 113
152 201
27 92
1 170
67 43
145 190
76 133
33 222
101 92
116 141
207 97
96 6
225 198
4 67
162 201
110 90
74 201
210 30
24 213
10 92
176 153
158 159
123 110
48 69
224 223
116 107
38 170
30 25
185 223
145 106
123 148
224 63
17 74
200 134
102 48
0 186
202 100
7 205
167 38
124 217
94 180
130 216
56 6
119 122
210 208
220 152
136 87
221 25
215 153
128 172
187 128
2 138
136 18
34 32
166 112
143 142
159 187
196 157
75 4
66 7
34 125
22 34
23 27
109 13
193 75
135 114
187 169
63 1
13 172
106 53
110 220
114 85
162 92
140 57
214 26
133 35
199 63
215 171
11 79
148 183
19 103
111 222
154 66
18 34
165 22
125 10
207 104
15 171
106 191
164 95
81 173
34 77
139 185
93 116
119 95
177 61
7 44
98 203
164 152
44 173
124 51
88 197
158 7
7 191
107 159
145 168
50 193
44 4
64 58
157 84
134 205
25 123
110 167
98 197
170 97
16 16
42 32
75 8
109 150
87 164
162 15
48 228
209 122
60 119
24 217
212 29
176 15
147 81
223 0
215 91
14 14
106 182
222 101
157 201
26 214
184 38
152 213
92 151
171 191
183 28
177 133
218 174
24 101
152 78
8 194
174 24
56 208
117 40
11 118
157 164
185 153
78 183
161 96
172 100
5 207
142 56
24 164
209 131
125 186
43 42
149 37
68 145
213 1
151 41
119 43
204 88
30 57
195 186
193 119
11 219
73 67
33 141
132 173
113 178
141 22
157 152
157 219
145 213
49 127
174 55
21 28
186 212
222 99
105 147
25 31
108 152
8 9
227 174
40 112
182 21
98 61
102 94
63 101
63 107
39 5
69 99
117 1
195 159
85 63
217 211
175 177
67 220
14 127
109 134
56 154
122 220
112 71
57 114
134 133
29 75
20 167
195 90
224 98
49 117
65 226
64 153
102 123
40 32
134 40
47 114
202 124
27 20
158 226
174 39
55 20
112 102
194 201
105 59
88 166
192 88
54 74
46 138
36 112
0 32
60 148
217 167
72 133
19 20
219 159
192 35
52 82
45 224
23 175
216 202
221 175
125 188
25 103
214 52
61 108
41 179
219 150
94 26
165 110
94 160
28 163
218 161
113 169
48 4
173 228
145 51
88 171
54 152
152 226
103 158
153 162
20 152
128 164
188 133
183 151
84 113
109 59
179 60
222 129
173 44
84 215
123 181
129 184
161 178
66 163
164 29
212 99
150 51
193 170
195 24
197 74
36 23
156 218
115 2
61 15
80 68
85 120
152 218
16 1
13 23
36 96
119 128
77 100
73 37
30 81
204 192
35 153
114 200
134 193
160 158
80 151
183 116
228 199
218 145
124 228
62 129
104 144
34 207
140 93
134 199
92 198
3 46
176 39
73 22
107 223
9 165
28 56
146 128
110 143
193 53
22 157
185 196
224 146
67 210
45 169
181 160
193 182
184 100
148 169
163 94
182 146
58 217
119 31
139 216
41 57
136 152
117 129
89 97
136 30
180 22
0 29
7 0
133 185
149 214
214 141
63 156
118 74
121 64
150 112
193 205
141 81
216 87
152 48
71 115
124 90
102 132
101 130
197 168
168 208
42 51
37 122
48 125
136 215
8 122
205 220
19 198
172 14
116 24
179 155
84 38
29 37
29 60
170 204
181 52
192 219
166 201
156 212
53 5
9 216
221 39
35 18
67 80
222 223
165 57
223 21
91 104
1 12
30 59
30 10
66 60
195 53
193 148
97 13
178 191
6 85
34 97
105 23
179 185
136 16
6 71
47 23
135 201
11 64
53 53
221 148
9 104
169 200
115 87
135 60
16 102
189 20
132 30
201 37
220 214
24 157
203 203
157 71
33 195
26 101
107 184
103 180
19 228
141 5
180 140
192 37
117 118
71 168
183 170
93 91
23 91
80 137
68 71
208 99
57 188
156 21
149 68
37 156
209 127
61 168
65 134
144 35
191 47
107 77
183 86
25 21
224 218
216 139
226 50
8 173
103 97
59 213
172 214
41 53
96 80
25 37
191 119
210 86
64 49
216 141
74 41
67 207
122 217
172 31
112 157
111 103
117 32
147 35
178 194
44 45
59 40
112 115
44 60
148 33
222 152
182 140
35 15
33 220
209 163
45 158
48 155
45 176
188 109
127 92
29 129
175 6
175 175
28 24
105 161
46 17
75 35
124 120
218 169
159 223
66 131
86 82
178 12
133 218
41 0
209 74
41 106
86 25
187 160
91 34
84 126
206 125
41 121
221 154
15 138
153 192
55 120
224 164
176 167
166 213
177 174
0 155
138 126
98 99
56 130
209 70
61 145
84 178
158 11
68 166
73 153
136 36
7 195
170 215
226 123
220 43
148 1
118 21
138 141
170 202
88 66
218 209
150 153
59 90
194 228
172 54
55 161
36 206
44 33
13 120
18 202
186 194
187 153
10 36
28 97
91 68
215 173
225 0
118 117
77 8
33 123
187 188
33 41
121 122
169 141
173 56
91 40
77 222
72 39
13 147
19 52
75 192
185 96
185 175
12 202
205 206
228 83
23 1
7 177
86 225
139 117
213 36
223 64
50 213
43 191
75 153
200 191
172 63
17 19
36 169
211 106
202 46
46 6
17 87
67 107
157 45
164 171
108 41
213 13
205 158
71 7
147 206
205 191
218 188
21 211
207 108
34 29
59 132
4 148
5 46
179 109
50 82
19 175
219 147
45 126
69 199
155 161
44 2
80 119
143 198
113 55
151 128
214 94
82 84
190 217
118 156
156 80
176 101
195 199
218 106
146 189
224 110
195 12
22 196
94 218
177 141
6 174
160 141
204 150
113 66
96 74
159 136
132 178
107 43
194 1
42 100
69 121
82 214
104 124
157 108
198 42
15 141
210 19
195 74
43 58
203 89
22 134
203 211
86 95
55 104
169 206
46 21
118 139
158 63
160 61
183 126
174 13
198 154
205 90
142 163
134 7
222 79
169 77
172 61
188 221
155 109
214 3
218 99
18 0
55 140
87 173
156 150
17 21
78 163
180 3
9 45
65 161
198 82
179 199
162 123
92 53
74 118
20 133
72 41
224 104
170 21
71 206
144 119
68 32
211 5
159 111
18 161
186 190
31 190
116 201
4 209
1 106
119 55
23 36
20 84
21 8
130 164
91 36
146 192
208 67
159 102
218 52
129 227
78 10
41 113
123 92
151 94
134 152
36 59
63 103
147 118
216 100
58 8
90 142
209 42
0 100
151 115
86 60
160 3
79 177
75 102
96 100
113 61
226 91
205 127
96 182
187 8
136 127
146 56
217 69
213 153
0 20
179 192
99 131
216 209
133 114
105 3
46 46
113 7
160 99
117 131
194 120
125 35
61 118
172 91
215 83
178 179
69 134
214 169
193 106
208 76
69 219
127 50
106 188
18 36
80 212
114 157
220 161
199 192
129 146
150 79
132 79
45 107
155 51
162 211
88 29
54 158
91 24
132 8
120 221
102 27
46 184
106 87
223 38
149 14
110 158
110 66
93 184
171 56
67 205
155 165
105 115
208 21
206 28
216 55
111 65
189 210
121 22
5 0
173 60
43 220
53 97
64 186
133 11
211 132
197 111
4 62
116 213
202 213
227 215
143 6
162 213
201 202
54 203
118 146
137 117
56 142
158 79
61 17
200 101
127 193
213 132
12 77
146 32
128 212
141 220
176 62
149 66
55 4
