46 165
196 83
31 141
196 190
142 86
126 175
105 150
1 39
79 135
186 210
42 226
142 200
39 200
157 204
158 21
91 37
7 68
65 107
59 210
5 69
57 213
128 124
175 124
180 200
178 27
225 102
164 149
109 43
17 204
91 77
31 129
61 84
21 103
7 27
112 195
125 99
204 186
194 224
5 166
119 131
88 4
128 216
108 186
124 139
80 155
154 167
147 2
33 65
172 205
62 29
102 169
224 183
158 99
71 227
6 203
25 162
142 23
8 109
124 136
81 135
83 187
126 50
200 143
153 204
75 2
113 30
188 191
70 208
223 165
95 195
144 94
132 213
57 159
199 8
159 72
110 183
220 187
52 74
137 84
9 160
96 93
134 29
152 76
82 205
181 191
69 147
26 60
124 183
219 66
123 24
189 105
159 109
133 107
16 203
168 167
130 145
57 40
193 209
15 97
169 123
14 84
10 55
134 105
59 42
196 81
109 160
186 17
143 149
9 91
167 110
175 98
212 3
54 65
176 194
59 10
130 62
112 211
222 115
225 75
66 81
226 193
50 42
52 71
92 153
31 162
44 207
215 100
169 133
111 46
86 30
191 31
173 207
37 82
93 182
149 40
177 152
26 9
53 72
180 138
153 146
140 162
206 68
192 100
149 170
214 38
183 159
78 166
43 183
207 184
164 168
189 165
125 156
159 184
131 36
133 174
147 179
206 123
226 121
69 73
134 156
79 10
26 184
66 123
12 190
123 98
174 37
73 146
146 36
127 139
193 131
69 8
51 190
73 59
61 91
27 163
152 153
156 225
35 223
178 189
160 156
202 179
131 113
88 210
38 16
175 47
151 77
128 201
152 34
206 165
123 199
135 121
188 47
221 167
159 78
15 173
205 59
31 36
93 77
36 21
121 181
87 169
193 150
109 81
156 210
209 204
16 83
127 204
33 103
53 103
78 212
23 213
56 84
111 223
213 225
99 186
163 56
181 109
35 191
13 184
10 116
72 45
16 118
109 92
144 122
67 134
157 187
0 94
141 84
166 180
44 16
109 57
78 193
178 36
107 55
180 53
199 13
158 83
95 119
52 53
106 198
73 54
10 78
126 216
15 123
80 109
126 54
184 211
47 84
172 32
133 176
89 71
16 184
84 51
69 130
51 128
215 85
65 165
143 136
1 201
163 20
57 103
95 58
111 126
129 211
156 142
181 63
191 209
182 107
21 46
141 142
96 161
68 201
207 54
61 52
27 120
59 180
158 48
5 227
8 70
85 36
115 170
123 36
62 80
165 73
28 178
131 23
68 14
163 187
161 78
168 201
86 130
140 126
66 179
23 136
39 210
75 96
37 84
118 24
194 218
33 158
161 46
170 79
173 12
154 213
207 191
6 172
151 164
88 200
215 39
187 6
156 160
181 129
16 48
215 62
180 28
171 123
138 100
68 206
122 50
223 140
188 68
187 58
179 131
117 38
31 221
124 154
104 142
8 54
187 126
89 160
31 177
217 14
67 61
42 93
172 18
4 224
84 213
45 173
139 116
153 200
207 95
14 78
67 199
19 159
185 190
24 153
117 22
44 182
126 119
62 175
217 39
207 32
121 128
51 195
211 135
171 65
141 151
33 189
151 155
140 16
6 9
99 44
31 82
42 98
111 31
92 142
196 97
104 191
223 207
226 136
193 30
79 85
141 186
32 43
171 131
223 225
119 210
203 122
95 117
154 225
29 20
96 47
197 201
205 164
203 217
48 18
129 214
47 210
7 104
18 149
172 89
9 23
220 70
125 140
226 83
160 201
65 16
94 219
143 4
129 36
49 177
7 198
71 98
52 213
110 218
119 45
177 16
144 23
2 120
133 41
186 136
172 20
207 157
192 224
75 119
27 122
42 165
149 206
34 63
221 21
138 105
172 115
74 83
130 71
139 135
77 121
221 178
35 131
101 52
60 194
182 18
31 16
198 90
77 159
191 121
224 194
175 60
154 211
134 112
46 69
132 164
184 148
22 160
24 134
7 122
77 191
139 133
221 81
109 21
148 12
19 18
74 222
108 219
63 145
192 46
207 71
20 33
95 139
185 87
82 152
174 154
100 124
143 8
49 71
94 199
214 195
122 108
76 37
84 46
45 24
7 95
155 216
10 194
73 205
226 32
33 130
80 192
189 153
43 163
26 218
182 150
163 189
85 112
70 185
180 202
96 0
40 49
72 107
104 54
182 208
35 30
83 54
151 199
41 58
30 131
59 114
174 181
36 184
1 140
4 88
30 114
80 48
177 154
224 162
125 24
96 121
224 135
49 214
130 171
17 172
59 220
23 228
89 206
4 86
46 158
130 18
46 7
196 26
168 164
21 159
117 11
113 13
213 171
160 42
196 170
21 169
106 103
86 62
23 116
179 128
190 99
167 127
125 185
62 147
161 66
211 224
213 120
27 84
148 189
132 43
77 34
38 97
103 219
158 25
53 132
57 132
216 98
53 3
82 74
112 15
60 198
66 220
145 96
28 101
73 34
198 172
128 191
174 15
143 146
223 99
103 172
173 81
15 73
163 46
227 33
21 227
173 125
91 149
48 26
149 49
187 87
179 89
124 85
107 126
120 141
143 106
14 71
78 91
184 140
20 141
64 84
36 17
21 29
155 108
139 187
69 215
9 163
203 219
52 106
89 8
188 211
181 84
19 28
77 180
118 127
17 100
18 78
201 21
121 20
169 57
226 186
142 112
28 49
17 113
20 173
180 210
85 122
26 201
178 187
170 112
183 84
165 67
0 52
100 40
157 136
194 52
194 99
50 10
126 26
157 112
3 19
182 227
143 214
130 152
148 177
213 140
187 138
116 215
3 21
130 197
195 135
23 215
196 89
199 61
14 227
224 142
103 116
136 3
124 49
151 15
26 109
58 207
220 68
202 19
184 80
191 104
125 28
159 92
5 38
37 210
224 32
206 75
222 32
103 144
184 221
7 41
193 193
110 195
13 2
166 75
53 105
93 118
29 81
96 17
202 177
43 3
111 8
71 190
59 215
106 67
212 123
58 169
98 154
192 172
113 210
140 221
69 187
5 40
64 163
27 90
70 200
209 72
28 111
216 3
202 43
68 59
152 142
11 98
114 56
21 205
156 138
125 33
212 7
202 77
205 152
11 177
227 173
188 78
186 12
161 13
106 181
225 116
34 139
26 19
216 194
223 177
104 182
54 90
7 25
167 175
159 151
98 80
173 71
35 133
150 219
14 119
163 154
196 184
148 187
84 119
116 13
181 0
119 158
104 221
211 35
138 38
204 178
157 47
210 79
179 44
59 228
194 192
159 44
10 10
220 88
39 224
184 174
206 186
6 83
127 202
196 192
216 212
140 78
110 100
184 53
149 92
50 152
165 71
147 182
58 158
84 152
100 133
86 152
214 209
201 164
63 81
73 43
59 118
62 63
96 11
143 98
201 206
59 18
169 191
53 115
193 50
81 176
102 31
79 8
99 42
84 84
74 188
12 72
107 6
209 154
35 4
189 212
56 28
130 179
225 220
99 73
2 1
90 101
151 175
189 66
205 96
150 130
52 183
51 66
105 30
134 203
170 142
139 139
183 68
149 128
220 79
1 197
107 122
186 140
51 80
124 188
41 217
210 220
75 43
79 23
1 214
61 221
129 113
29 146
203 152
119 92
26 49
202 0
204 213
32 50
192 67
186 155
180 184
86 160
68 208
55 17
216 53
207 153
27 107
90 16
22 173
113 218
199 108
111 76
15 109
223 93
71 83
24 81
31 75
200 35
48 80
27 70
145 48
1 90
185 21
158 3
94 59
23 32
7 151
170 19
225 208
123 158
131 44
79 143
108 141
180 90
39 181
108 103
65 89
114 33
77 178
4 163
79 71
191 182
173 176
203 148
71 52
72 174
101 145
188 11
113 152
184 18
101 65
129 199
52 24
166 208
115 32
96 41
61 196
118 13
16 85
63 33
224 79
146 201
39 174
177 95
96 163
222 161
193 104
145 110
77 22
13 138
66 84
53 128
105 200
227 124
98 156
35 188
80 175
177 102
3 26
211 145
122 102
134 5
117 65
11 211
159 5
51 5
37 155
1 144
143 226
5 180
194 198
70 155
77 168
7 165
104 29
197 13
83 176
218 3
163 22
20 184
109 83
215 115
146 187
122 121
103 81
187 112
96 180
176 90
214 57
197 11
29 103
156 146
151 47
29 188
115 191
194 89
143 71
129 69
185 16
141 224
83 35
214 17
67 9
75 214
110 181
132 112
33 108
183 0
145 3
53 22
137 2
161 193
92 191
226 212
175 104
138 0
161 140
59 222
115 178
195 222
90 30
79 53
32 125
97 72
189 7
89 90
225 11
30 111
125 147
82 212
16 20
35 57
153 165
61 191
88 208
171 183
2 85
209 53
225 182
194 216
204 4
182 54
144 209
21 132
222 72
143 96
214 98
2 48
120 145
159 10
62 61
62 170
149 17
116 54
126 39
151 203
223 136
110 128
186 174
166 173
18 188
81 82
193 220
153 144
92 29
120 196
161 9
4 138
219 210
168 75
223 198
159 130
167 108
151 55
201 137
58 187
15 150
82 90
13 21
37 201
70 75
154 123
28 52
166 30
79 100
187 96
206 5
6 124
212 118
187 132
23 114
22 10
34 59
66 45
106 195
151 205
20 67
154 121
39 133
180 220
45 226
135 154
211 77
67 121
75 205
93 146
193 16
71 73
37 197
162 36
108 90
45 203
115 140
228 213
159 228
195 30
151 57
217 153
32 41
39 30
85 170
29 177
51 150
149 191
182 42
83 128
59 16
15 205
110 41
211 189
225 125
77 144
220 23
144 31
113 5
223 131
28 9
139 150
208 86
64 72
27 96
40 40
171 81
56 172
115 216
6 225
42 46
191 168
31 219
149 53
111 13
95 53
65 36
48 212
209 55
207 221
32 134
145 54
0 81
52 216
209 116
133 99
36 7
116 218
33 143
53 18
183 112
109 131
186 19
22 84
160 203
60 171
79 94
39 81
7 126
43 113
159 54
138 152
217 207
13 151
48 126
127 144
153 109
17 53
179 157
93 24
97 195
149 82
3 136
2 213
122 144
45 82
7 23
104 16
0 116
4 65
51 176
193 12
13 108
141 116
57 72
63 90
126 8
34 113
21 92
135 38
77 182
201 62
70 168
149 89
147 10
96 19
37 223
124 197
172 1
166 215
223 14
219 167
168 112
123 166
71 54
134 36
11 187
88 101
170 140
58 116
168 203
10 26
184 114
40 152
128 126
71 146
158 225
158 150
93 32
135 52
92 15
51 84
32 107
215 105
206 33
109 185
124 141
90 158
14 190
96 159
5 190
189 22
123 119
62 120
38 29
18 140
40 86
128 17
21 175
204 27
172 181
80 166
177 104
93 195
209 13
18 76
124 186
144 33
37 76
210 167
25 45
185 138
38 22
204 44
180 79
199 76
137 123
75 145
31 11
168 224
166 69
94 44
22 151
52 90
112 45
204 176
119 133
192 201
182 211
167 166
118 203
105 223
212 27
115 64
136 204
74 98
8 11
208 117
228 164
137 212
105 27
138 58
193 160
61 227
223 133
138 161
100 208
56 206
70 202
125 143
73 218
127 56
145 160
89 25
14 22
80 194
213 15
134 197
177 5
144 47
135 13
108 87
46 206
171 36
197 29
3 152
228 31
165 39
50 25
170 45
211 227
186 71
225 66
150 121
224 112
53 224
113 212
125 129
75 203
120 120
196 91
11 134
178 127
71 153
102 96
9 95
129 139
67 28
6 81
66 132
75 221
208 19
144 200
185 56
118 228
19 1
87 103
131 81
198 115
115 159
131 41
122 66
66 5
2 153
56 115
45 113
208 167
219 134
14 136
201 103
51 51
27 38
176 37
82 194
204 124
219 21
82 126
209 84
152 80
170 110
132 62
200 178
2 142
39 113
46 78
28 58
113 88
219 55
47 110
113 223
214 92
41 4
201 135
9 158
97 119
189 5
88 31
144 186
46 99
217 1
80 54
99 146
117 199
145 118
105 170
226 114
107 200
90 153
86 147
112 113
179 107
18 83
201 211
133 60
171 47
76 98
12 25
217 55
96 123
76 41
215 155
197 199
77 52
24 38
36 127
114 92
216 175
203 142
137 69
110 64
5 194
64 60
13 149
205 111
84 48
186 41
9 37
111 179
211 104
161 228
35 171
78 214
2 32
39 122
216 15
170 61
214 203
201 142
213 105
38 7
92 59
174 31
224 101
126 52
94 48
83 136
211 42
50 64
101 187
92 163
38 208
35 42
164 210
54 101
39 150
225 210
97 108
85 3
112 159
58 146
56 121
209 44
204 40
161 103
27 115
212 147
205 204
74 172
183 88
73 190
105 193
96 112
158 93
132 152
19 169
69 97
84 53
4 48
206 31
16 201
218 119
53 160
7 102
65 29
185 23
181 204
194 158
13 115
169 22
226 48
144 45
176 178
38 157
79 161
223 50
228 50
6 162
188 86
136 71
68 98
87 23
12 125
28 62
82 118
79 168
152 220
174 167
46 156
183 4
35 51
6 108
57 191
178 218
0 1
193 136
104 66
78 109
132 133
127 87
106 204
96 128
28 36
2 41
36 171
110 80
94 158
145 60
223 10
171 200
227 217
22 182
228 21
201 144
197 61
157 144
40 98
156 202
93 227
157 73
103 146
150 0
139 142
15 63
44 99
123 215
190 151
212 196
125 127
5 205
170 182
153 32
40 44
49 226
165 20
210 198
202 41
210 218
148 129
48 92
110 15
14 16
79 159
5 151
53 149
207 207
216 200
209 222
27 51
113 127
55 128
83 82
59 196
57 128
220 212
46 228
113 166
168 56
119 65
113 63
131 177
104 32
79 157
105 52
39 153
206 179
113 109
68 168
165 32
166 52
131 186
207 60
93 120
1 22
49 32
129 160
136 101
119 79
64 224
222 227
55 97
132 217
212 208
61 177
148 91
181 131
40 103
152 20
6 17
127 35
60 169
74 55
43 167
167 57
175 30
41 134
126 90
187 37
17 193
16 13
82 216
144 162
95 227
26 24
94 162
88 133
89 95
138 215
111 23
228 140
117 169
114 69
142 16
67 82
61 106
185 6
64 109
12 142
4 80
120 55
18 195
51 108
90 144
64 28
95 34
7 227
222 147
104 4
109 145
35 104
168 36
52 49
120 78
98 111
170 144
96 98
109 76
59 167
36 29
124 39
166 184
78 112
119 19
189 163
55 204
126 227
165 113
29 4
209 136
33 52
166 210
159 12
68 136
42 33
222 103
141 7
115 29
20 85
99 69
101 29
156 7
34 20
52 151
2 182
18 142
180 45
81 111
6 146
214 53
32 209
197 76
163 71
34 224
53 51
85 44
160 177
41 94
205 156
51 227
6 176
153 223
139 20
138 75
208 144
175 207
20 69
15 93
143 58
99 107
9 174
20 187
144 67
94 93
77 161
21 0
227 11
21 137
68 123
107 143
31 27
38 168
157 222
215 1
108 79
108 124
223 66
225 52
224 73
189 57
168 99
50 27
3 211
39 72
53 47
112 189
94 121
21 31
183 64
32 100
48 119
203 205
189 13
194 97
128 174
41 190
212 0
111 39
60 74
61 150
143 144
177 192
39 222
223 36
205 224
26 198
132 6
81 27
52 180
220 144
187 39
182 182
167 133
113 43
199 70
112 34
215 177
53 84
142 140
209 68
87 128
105 20
195 140
131 96
81 11
3 39
191 29
7 219
71 217
18 60
169 20
123 193
29 51
155 122
19 100
115 108
58 28
2 199
36 19
157 23
54 205
217 91
8 42
170 30
190 51
37 132
191 147
220 130
211 47
167 49
87 8
152 222
102 217
115 187
224 186
95 125
180 43
145 178
86 46
218 67
198 44
80 139
136 119
60 101
142 74
72 65
148 208
111 160
152 117
121 159
26 86
182 184
40 157
121 109
85 185
66 201
161 101
59 20
26 203
171 34
91 90
145 158
160 82
41 203
131 143
83 150
52 188
14 95
221 225
34 160
177 45
118 144
24 219
58 173
20 50
143 134
44 211
81 157
91 75
18 135
86 32
105 56
10 196
60 184
201 61
122 61
66 208
59 178
147 133
111 152
88 135
205 185
150 90
26 119
96 217
155 47
187 142
74 133
168 189
61 19
5 196
195 150
57 42
108 2
53 120
1 226
170 189
18 65
192 132
20 200
31 142
187 67
154 79
94 151
122 57
43 106
144 73
51 60
13 46
25 194
200 42
184 103
119 115
106 186
30 179
66 192
161 176
94 54
108 183
36 151
78 18
97 110
164 111
125 7
36 88
67 30
93 186
164 36
35 220
55 72
19 193
35 147
217 155
24 173
87 222
55 30
36 193
105 97
218 136
3 61
150 64
158 202
182 45
47 82
0 153
149 46
137 21
45 192
78 40
99 65
165 86
40 6
115 11
170 101
208 126
120 42
1 42
5 26
4 106
187 105
196 110
180 111
84 134
112 32
166 37
97 4
198 170
182 2
168 212
29 91
145 126
92 166
132 135
198 175
156 25
58 185
123 38
213 47
110 130
144 62
128 85
192 48
160 121
153 119
170 54
164 201
136 200
33 6
62 59
92 17
113 187
216 186
165 121
130 30
41 124
129 141
141 95
222 145
199 102
3 90
155 203
30 35
103 216
170 217
189 59
99 109
135 218
1 14
98 40
39 42
35 114
66 105
179 62
139 124
85 223
108 172
25 8
201 216
152 120
126 69
209 226
92 174
13 212
155 6
69 217
155 144
100 173
20 150
131 175
12 188
148 4
7 158
80 90
113 39
226 195
195 169
79 35
35 198
192 217
47 202
202 209
147 190
87 105
217 190
44 47
66 41
74 32
82 49
132 131
181 30
82 207
193 226
62 185
40 84
156 34
142 72
158 95
166 85
154 152
88 6
150 223
111 16
171 228
87 150
145 134
116 56
22 12
130 111
141 133
39 74
4 153
203 7
223 175
39 135
20 35
71 180
49 121
103 178
186 143
23 46
55 102
150 19
217 62
117 160
194 203
159 19
62 194
56 90
112 167
177 182
76 83
192 96
14 45
200 161
43 175
170 75
206 183
192 184
6 2
110 68
211 75
154 125
4 84
225 132
3 55
215 29
117 209
74 20
195 105
95 127
14 201
110 19
121 31
179 153
47 193
194 36
130 80
152 92
8 175
91 164
28 164
45 149
204 42
110 25
147 199
212 221
96 178
111 21
123 218
105 14
192 121
110 114
118 178
58 224
129 177
170 1
43 218
12 45
177 176
167 77
191 164
222 112
204 76
161 188
155 191
44 171
35 210
39 106
71 9
1 50
191 140
216 196
224 114
94 0
219 39
52 65
216 93
42 68
147 214
165 50
6 150
168 101
140 200
15 152
39 83
152 22
196 99
219 69
214 197
181 148
157 0
160 160
69 221
225 174
109 39
98 11
20 58
183 203
209 20
89 10
155 72
115 38
83 218
31 92
14 185
73 115
141 135
198 191
41 66
27 47
173 69
125 194
200 125
100 94
68 36
98 88
7 46
65 9
109 3
30 76
143 60
38 20
65 91
163 150
190 69
169 28
80 133
9 134
17 109
45 136
204 162
227 93
18 48
95 215
87 212
172 216
159 155
158 35
139 198
165 150
221 37
225 138
187 56
222 91
195 156
12 27
163 165
139 98
138 17
99 144
227 115
102 192
68 75
195 220
54 142
139 103
38 9
139 177
110 98
82 134
39 120
4 44
37 15
203 101
157 134
32 225
115 209
177 38
124 78
38 146
20 16
85 187
95 32
172 218
55 46
9 176
73 1
190 124
201 204
178 111
195 226
182 176
71 59
150 213
30 14
49 116
130 16
28 202
186 79
14 183
127 163
103 170
227 126
213 96
147 14
140 86
169 162
52 130
31 158
71 204
104 212
184 195
198 84
183 161
124 108
167 223
18 133
121 59
197 108
196 152
95 76
224 2
198 110
131 140
213 114
143 110
135 107
33 132
193 200
37 219
20 161
191 49
206 167
39 202
199 117
203 61
87 196
124 22
134 79
57 141
94 172
42 60
97 42
220 189
18 58
15 112
121 92
82 137
44 138
134 62
58 171
209 105
10 96
118 58
92 179
212 76
65 159
157 9
7 148
1 16
134 9
3 110
71 151
148 120
146 44
19 131
26 173
166 87
70 113
218 64
11 164
47 124
148 131
35 218
215 183
8 171
172 145
164 18
142 94
195 0
223 40
216 192
194 184
159 153
204 54
100 49
190 219
122 48
23 158
80 83
49 195
162 167
96 68
142 51
3 17
159 46
46 80
211 206
57 47
211 73
74 69
169 198
179 85
130 125
129 143
64 155
164 215
161 144
98 101
67 39
102 174
122 155
168 129
119 1
62 49
211 153
116 86
42 185
73 3
42 141
11 56
17 227
120 223
34 168
41 42
86 5
86 166
185 151
164 69
103 160
47 67
4 82
117 158
200 139
182 114
106 57
175 173
141 82
43 52
174 152
84 130
154 142
95 78
221 74
223 81
190 34
177 217
36 32
165 34
121 76
129 60
123 168
183 62
186 69
72 123
140 105
32 139
26 165
63 118
133 187
142 161
183 66
187 197
5 16
118 111
25 0
177 28
58 74
124 190
209 11
159 97
128 120
133 88
92 43
31 146
72 75
10 8
202 166
123 9
108 25
57 30
217 106
88 174
76 223
162 7
62 51
65 177
194 133
13 98
192 207
91 215
149 55
186 10
107 120
162 160
39 155
152 66
86 1
92 217
165 183
92 0
130 55
120 22
162 216
70 173
153 36
34 209
137 125
13 93
119 225
105 133
212 92
8 197
121 169
73 131
203 227
177 225
75 58
11 2
160 1
81 150
32 98
20 26
119 169
3 201
78 83
78 123
72 117
168 181
16 111
81 70
181 112
19 204
136 105
6 132
84 219
131 90
108 45
59 103
223 221
107 205
141 2
58 133
13 153
119 200
196 119
128 71
175 17
86 142
82 56
43 203
54 95
211 168
118 113
144 56
124 118
211 149
93 52
0 48
42 132
8 36
4 165
204 6
227 81
211 163
222 34
74 85
143 151
191 106
174 62
31 188
23 162
24 197
14 140
216 188
57 6
40 100
117 212
90 174
128 58
92 82
207 102
156 106
101 171
59 44
103 25
11 94
219 218
209 46
51 57
131 14
149 185
58 91
25 2
126 85
160 59
49 193
189 111
227 188
36 63
220 86
79 179
140 140
97 126
44 205
108 181
7 134
104 217
52 178
222 48
132 197
5 18
174 49
54 130
178 134
48 20
31 77
35 129
147 89
212 79
187 65
58 219
56 39
49 84
22 153
128 62
92 136
163 9
44 18
58 119
163 121
174 114
146 120
29 122
87 64
129 129
203 21
118 86
125 37
0 216
196 52
81 186
8 132
80 225
133 122
36 125
5 211
71 120
34 193
54 114
160 123
83 185
88 213
89 103
16 140
39 204
191 211
139 1
78 87
102 125
175 45
134 216
71 170
69 191
135 195
63 17
5 110
168 183
53 144
96 136
131 188
131 166
194 122
203 59
104 140
4 108
206 181
220 146
95 24
60 50
101 143
141 194
85 58
6 178
47 226
87 67
161 174
164 38
159 104
21 135
97 86
99 53
120 171
73 143
124 18
158 81
94 137
36 208
173 173
156 227
166 131
120 118
189 49
209 129
191 12
11 183
75 61
40 186
172 82
124 16
109 179
72 119
178 77
64 50
46 19
67 37
75 100
30 18
72 145
14 121
73 99
24 226
100 51
26 212
38 124
186 220
74 220
9 218
112 128
190 202
207 130
51 116
45 42
27 216
0 173
67 33
227 52
73 87
172 164
207 155
97 34
105 159
26 205
205 218
48 22
91 185
39 76
96 157
66 136
152 17
11 160
20 143
64 157
111 169
64 136
80 207
11 213
219 118
206 176
182 168
78 195
39 179
44 61
6 19
84 24
57 44
223 219
91 41
59 206
129 166
112 91
23 8
82 174
132 199
204 160
124 67
70 213
118 107
160 134
6 209
56 157
219 178
50 156
90 136
157 69
218 88
175 95
37 78
141 149
65 70
221 77
178 53
124 106
112 78
81 80
73 203
181 81
145 215
36 145
39 96
50 55
89 215
24 195
75 33
8 124
181 89
171 99
185 180
155 124
121 44
155 214
221 66
184 167
15 148
22 23
138 171
226 163
52 55
110 141
13 117
46 32
122 227
181 142
88 88
27 161
191 65
131 162
160 7
176 180
195 10
43 17
48 108
3 43
156 4
172 38
33 162
28 66
79 81
204 166
5 56
76 193
101 191
222 23
168 4
191 215
158 182
70 81
153 115
142 153
60 216
119 15
23 82
112 99
91 187
135 20
207 116
147 167
169 108
51 218
28 118
89 16
86 65
150 23
29 120
201 6
87 96
43 209
94 79
29 142
180 187
39 148
140 189
59 68
219 132
108 65
145 88
66 47
17 11
71 14
10 132
16 55
217 176
211 121
126 62
200 130
164 115
208 165
202 160
198 130
151 215
125 92
165 170
111 6
86 210
69 120
77 95
92 181
0 114
74 57
45 194
120 179
61 166
188 4
209 88
227 74
211 131
173 214
193 139
201 70
153 56
118 226
98 67
111 63
167 74
227 209
101 69
38 87
25 196
47 185
37 5
90 213
83 11
212 116
10 114
199 29
88 152
48 90
140 164
120 108
67 165
206 216
93 61
106 145
94 30
80 113
60 28
23 93
100 189
4 121
60 186
226 184
74 44
179 5
151 49
75 131
77 110
154 150
131 98
32 179
184 209
158 50
85 96
15 219
147 45
57 89
45 110
217 89
22 67
184 78
72 56
92 26
64 178
60 108
183 196
188 35
156 49
126 173
131 34
170 63
120 94
194 82
107 202
223 61
156 82
70 71
136 99
13 123
91 183
170 224
48 33
19 206
121 157
31 52
2 88
137 217
34 61
213 5
85 38
31 195
57 144
168 125
107 193
122 79
117 224
84 59
16 225
208 177
9 110
181 5
77 60
154 34
187 107
37 86
147 47
16 220
220 116
46 182
175 142
22 184
167 221
158 13
205 94
48 6
111 43
109 69
35 201
106 221
65 34
174 216
144 148
112 219
107 85
58 156
108 195
94 142
116 139
56 152
7 207
138 86
71 172
225 166
54 99
200 74
86 168
102 142
117 109
107 13
212 193
128 8
134 226
223 144
2 3
139 3
99 86
124 26
38 32
221 110
125 105
66 72
70 145
18 197
91 227
210 28
13 4
115 223
58 209
188 9
210 222
106 216
76 213
135 97
71 100
202 17
82 47
146 34
83 111
122 90
209 206
1 18
67 35
42 54
139 77
112 41
194 57
161 135
91 9
50 62
89 74
13 219
216 101
61 2
7 217
123 62
13 106
187 209
170 164
49 154
144 108
32 223
4 2
207 223
4 150
190 36
223 167
130 212
125 138
217 160
107 24
110 32
30 144
175 70
92 89
122 55
65 103
85 34
52 133
44 140
94 46
37 80
33 146
152 166
204 78
72 20
207 205
131 88
215 27
91 145
143 52
4 73
16 195
14 20
100 67
166 171
211 12
116 157
31 20
219 41
95 94
177 143
109 205
17 218
212 198
182 202
106 5
42 48
154 193
45 58
121 97
219 176
61 0
211 14
46 140
23 155
113 191
55 144
200 203
136 58
65 180
130 7
10 191
183 6
29 93
137 103
111 132
210 64
8 27
182 80
181 186
125 87
22 48
200 68
156 78
57 178
1 228
222 12
118 171
207 175
157 97
79 223
206 53
196 54
167 67
149 78
78 133
203 201
147 185
186 222
136 49
37 95
7 38
32 28
25 69
44 40
22 50
97 2
179 0
165 119
37 30
11 189
89 69
196 121
215 48
64 101
50 216
27 23
70 189
96 197
133 151
126 0
133 14
123 146
109 5
226 21
96 59
176 208
178 14
127 128
15 12
4 213
165 186
90 14
36 61
95 110
221 134
16 78
49 66
208 52
32 112
60 173
139 23
133 97
139 194
180 218
16 62
29 215
163 16
202 162
173 183
109 222
118 142
85 221
170 121
127 228
50 183
104 21
26 117
124 195
158 43
173 123
145 180
171 58
222 150
180 105
120 111
90 133
99 152
218 81
81 153
134 132
40 55
58 176
167 51
93 28
55 22
112 19
120 227
224 30
173 92
9 190
189 141
162 96
30 8
103 127
106 32
44 196
115 6
201 132
20 221
71 0
0 188
141 198
21 72
110 78
20 196
199 178
92 31
80 25
74 124
193 32
50 106
190 67
50 90
76 86
77 85
54 151
109 46
82 10
145 199
75 190
208 124
218 212
61 103
0 138
59 14
125 192
189 149
183 82
100 210
98 128
70 46
95 91
154 106
21 94
135 109
118 41
63 92
18 200
208 30
79 181
67 221
16 97
147 169
85 150
222 128
200 72
56 8
126 107
152 176
65 32
48 183
175 88
60 130
43 216
122 202
155 163
220 227
22 74
164 123
226 140
93 197
112 150
210 144
224 12
137 51
110 197
228 13
209 188
227 211
121 46
157 162
163 170
28 116
83 178
103 134
114 189
116 93
60 146
178 209
32 144
140 14
183 130
125 158
114 54
64 46
61 13
173 131
188 213
200 83
79 92
125 64
34 106
35 196
209 138
221 0
46 15
201 218
122 18
165 84
152 168
196 227
174 165
214 116
168 29
45 147
183 125
177 88
146 208
96 15
211 151
46 204
184 55
143 177
122 85
81 66
89 67
216 64
156 104
194 171
27 103
42 44
85 115
38 151
226 30
12 29
204 225
166 129
57 167
99 196
72 155
184 69
198 9
121 167
183 142
172 2
187 124
174 116
203 185
14 124
91 61
147 67
6 72
42 40
197 114
60 193
134 31
145 226
176 155
53 63
217 173
10 71
207 111
31 34
96 203
129 162
190 166
109 89
177 30
97 187
129 203
130 173
211 95
208 80
22 141
82 109
127 210
105 126
107 161
77 131
214 193
93 47
21 52
14 203
159 65
137 19
79 21
46 196
63 226
189 125
187 84
178 32
109 122
187 13
127 37
15 117
78 51
210 37
42 130
107 89
60 116
179 52
92 51
223 116
215 199
215 13
163 144
73 216
31 132
160 94
211 129
142 138
72 189
106 152
50 179
93 75
37 221
220 216
122 77
155 53
221 61
86 48
158 185
169 166
41 210
196 154
112 117
13 64
69 60
176 120
86 134
9 192
46 108
102 176
158 132
188 155
194 14
20 130
215 211
38 172
65 82
89 105
73 125
35 123
195 56
178 142
25 82
38 112
26 71
192 33
111 70
15 107
143 160
221 117
84 199
108 59
53 108
160 63
57 211
127 214
180 19
145 98
47 148
76 129
145 68
135 50
18 186
29 6
160 80
224 48
161 11
70 124
210 147
48 8
160 195
126 126
92 45
222 2
48 123
171 93
2 108
6 60
8 29
167 169
175 68
18 85
0 142
115 71
104 18
185 83
24 10
53 66
86 197
5 58
60 92
33 211
77 93
176 97
174 122
200 19
48 28
72 113
186 85
153 38
209 146
144 100
10 53
94 178
228 155
228 122
36 140
17 64
26 220
9 101
145 185
155 70
96 88
184 181
191 134
199 11
172 22
59 46
41 64
151 227
227 103
55 202
175 144
144 7
145 46
20 48
57 58
157 183
75 81
216 205
176 7
98 208
58 130
138 101
109 162
32 160
60 223
5 42
199 132
206 77
150 221
166 117
144 112
68 203
106 99
212 97
164 213
191 95
84 148
149 44
215 52
192 98
135 56
144 37
65 200
160 180
199 201
108 15
111 89
228 171
95 201
35 6
160 14
137 73
179 133
190 38
83 221
210 165
63 176
204 8
149 42
133 13
88 14
154 218
119 74
173 47
224 91
0 105
30 12
120 57
92 144
51 181
82 220
106 22
7 189
28 85
174 205
24 212
38 185
146 12
192 102
193 168
60 156
215 31
138 71
123 156
214 0
133 154
11 185
227 138
122 16
128 53
117 31
105 117
54 146
16 187
49 68
91 71
102 190
178 201
91 73
1 31
57 56
159 157
17 131
176 115
50 92
41 184
213 107
179 29
194 2
41 205
189 161
18 168
81 46
102 67
10 28
176 26
122 179
193 134
48 139
62 225
191 186
85 128
132 32
216 117
123 11
191 142
38 85
203 207
56 126
151 114
69 22
136 1
90 32
211 49
158 61
37 199
104 168
161 169
167 21
200 176
197 117
121 63
149 80
11 218
136 78
212 219
184 20
73 8
172 226
31 4
58 142
24 151
86 199
220 168
148 37
91 189
132 46
37 73
193 55
176 32
213 30
87 3
226 165
75 39
2 64
24 25
97 165
136 196
94 209
187 134
94 16
80 164
127 161
76 123
4 182
80 19
116 73
81 72
15 99
73 151
198 72
48 24
184 169
134 58
58 38
129 86
120 143
110 48
30 99
150 177
187 23
184 42
209 35
157 5
96 219
51 214
207 225
163 182
61 212
223 196
116 15
20 128
50 158
171 125
64 62
195 76
3 63
4 167
142 202
8 55
222 142
120 156
7 130
219 153
57 205
98 1
216 169
4 226
79 121
150 21
86 114
24 177
46 44
127 64
119 97
141 188
133 90
3 57
206 55
156 22
171 13
94 89
89 211
66 166
182 158
160 221
191 130
145 163
62 152
120 0
168 209
76 56
169 222
11 175
107 105
120 202
221 41
166 35
115 198
223 75
122 140
192 51
140 223
209 209
79 111
136 214
63 15
167 199
33 105
6 164
157 110
149 175
123 64
54 107
178 183
97 78
34 42
94 112
96 199
168 54
62 47
181 61
10 162
78 145
68 132
98 210
207 106
187 98
94 140
94 81
93 193
18 173
142 147
60 226
86 23
120 204
33 27
207 69
156 2
25 113
15 114
207 219
168 131
3 155
64 105
112 69
87 162
218 203
15 47
110 133
174 90
37 114
98 130
53 122
52 225
140 29
27 94
65 205
195 148
227 101
69 82
219 90
209 103
59 144
94 18
166 182
195 194
205 35
171 28
136 228
123 87
79 196
56 186
193 186
52 58
10 141
91 205
78 20
91 11
137 121
56 74
161 186
8 89
28 68
172 16
74 224
143 54
211 137
133 33
202 39
7 110
225 93
191 97
104 82
160 226
211 45
220 72
149 70
203 110
17 170
192 69
103 114
43 177
119 198
21 14
37 147
25 108
146 131
45 73
59 52
15 3
223 77
66 27
106 16
121 198
197 156
217 82
45 209
94 123
29 83
151 37
226 2
39 53
108 204
134 16
95 61
131 183
104 214
218 201
185 124
208 182
9 25
105 172
0 107
189 98
39 51
41 182
69 158
191 149
71 2
125 145
226 73
192 90
62 82
147 69
58 93
100 129
11 158
170 146
121 219
89 172
29 95
135 151
107 4
139 18
39 79
115 185
131 129
81 92
76 215
199 152
16 60
190 154
213 50
173 29
117 97
202 140
47 195
39 206
185 142
214 139
143 49
13 62
54 16
138 173
206 100
84 211
79 69
37 179
44 165
204 57
36 187
120 80
69 204
89 151
89 107
12 186
221 62
118 93
52 99
218 186
115 211
203 164
51 73
122 99
44 228
58 193
71 157
213 28
3 15
25 216
60 218
1 83
225 81
13 205
197 43
28 64
92 147
185 40
110 45
130 127
65 18
14 61
55 132
86 126
77 81
1 62
67 70
31 6
208 219
151 39
62 154
90 89
8 97
18 221
113 112
172 162
22 59
138 213
68 192
18 219
82 25
212 94
200 141
26 68
47 121
132 16
140 100
181 87
65 38
63 31
45 167
20 60
174 26
185 67
202 67
206 58
16 189
187 21
153 160
68 34
130 53
120 154
27 7
118 201
140 152
157 52
123 129
88 158
126 146
213 85
129 225
71 187
57 17
73 101
102 50
104 95
120 96
77 70
143 88
49 211
22 25
208 101
149 204
142 30
71 215
124 76
190 184
19 72
207 34
35 87
60 12
40 68
220 64
151 24
190 32
209 78
99 71
204 180
4 59
159 175
204 29
162 142
16 95
5 126
137 77
162 152
53 20
212 223
28 77
34 50
95 96
193 141
37 134
55 58
228 227
133 44
110 116
109 23
136 113
141 58
205 109
110 173
95 13
208 58
187 48
3 180
33 54
11 116
17 138
210 66
16 35
33 191
172 79
93 164
25 116
97 117
124 100
2 168
166 55
138 78
112 67
104 188
205 154
142 222
182 78
163 85
120 127
80 17
201 76
95 221
117 179
107 150
163 135
25 23
153 68
212 170
137 40
132 211
182 174
224 64
22 128
179 216
226 13
110 166
48 157
95 4
218 54
108 67
70 132
137 23
34 186
42 62
195 15
159 113
107 217
111 144
213 145
216 37
126 77
220 128
50 123
117 6
99 188
30 74
24 47
60 62
119 109
203 167
158 138
183 191
44 132
10 43
189 107
226 219
106 124
198 203
109 7
159 220
31 157
169 49
145 146
122 197
197 27
28 204
25 121
73 228
133 195
30 101
178 203
46 3
178 226
25 175
136 111
73 170
122 195
97 76
27 54
214 201
184 10
180 227
34 145
221 132
59 191
185 161
60 175
71 21
68 7
7 193
96 209
119 180
0 41
128 55
186 54
54 83
212 18
23 103
48 163
185 126
98 163
203 5
163 185
31 103
154 148
200 44
137 143
217 184
162 195
97 201
31 13
29 190
126 191
163 93
87 149
168 79
119 30
205 193
133 182
217 171
50 7
157 54
127 226
82 113
98 219
105 113
151 201
27 92
0 169
67 43
145 190
76 133
33 222
101 92
116 141
207 97
96 6
225 197
3 67
162 201
110 91
74 201
210 30
25 214
10 93
176 153
158 159
123 110
48 69
224 223
116 107
38 170
30 25
185 223
145 107
123 148
224 63
17 73
200 133
102 48
228 186
202 99
7 205
167 38
124 217
94 180
130 216
55 6
119 122
210 208
220 152
136 86
221 25
215 153
128 172
187 128
2 138
136 18
34 32
166 111
144 142
159 187
196 158
75 4
66 7
34 125
22 33
23 27
109 13
193 75
135 114
186 168
63 1
13 173
106 54
110 220
114 86
161 92
140 57
213 26
133 35
198 63
215 171
12 79
148 183
19 102
111 221
154 66
18 34
165 22
125 9
207 104
15 171
106 191
164 95
81 173
33 77
139 185
94 116
118 95
177 61
7 44
98 203
164 152
43 172
124 51
88 198
158 7
7 191
107 159
145 168
51 193
44 4
64 58
156 84
134 205
25 123
110 168
98 197
169 97
16 16
42 31
75 9
109 150
86 164
161 15
48 228
210 123
60 119
24 217
212 29
176 15
147 81
223 0
215 91
15 14
106 182
222 101
158 200
27 214
185 38
152 214
92 151
171 191
182 28
177 132
218 174
24 101
152 78
9 195
174 24
56 208
117 40
11 118
157 164
184 153
78 183
160 96
172 100
5 207
142 56
25 164
209 132
126 187
43 42
150 38
68 145
213 1
151 41
119 43
203 87
30 57
195 186
193 119
11 220
73 67
33 141
132 173
113 179
140 22
157 152
157 220
145 213
50 127
174 55
21 27
186 212
222 98
105 146
25 32
108 152
8 9
227 175
40 111
182 20
97 61
102 94
62 101
63 107
39 5
69 99
117 1
195 159
85 63
217 211
175 177
68 219
14 126
108 133
55 154
122 220
113 71
57 114
134 134
28 75
20 167
194 91
223 97
50 117
65 225
64 153
102 123
40 32
135 40
47 114
202 124
27 21
158 227
173 39
55 20
112 101
195 201
105 59
88 167
192 88
54 74
46 138
36 112
0 33
60 148
217 167
72 133
20 20
219 159
192 35
52 82
46 224
23 175
216 202
221 176
126 189
25 103
213 52
62 108
41 180
220 150
94 26
165 109
94 160
29 162
218 161
113 169
48 4
173 227
144 51
87 171
54 153
152 225
103 158
153 162
20 152
128 165
189 133
183 152
84 113
110 59
179 60
222 130
172 45
84 215
123 182
129 184
161 178
66 163
164 30
213 99
150 51
193 170
195 24
198 74
36 23
156 218
115 2
61 15
80 67
84 121
151 218
15 1
13 23
36 97
120 129
77 100
74 37
31 80
203 193
37 153
114 200
134 193
160 158
80 151
183 116
0 199
218 146
124 228
62 129
105 144
34 207
140 93
134 199
92 198
3 46
175 39
72 22
107 223
9 165
28 56
146 129
109 143
192 53
22 157
185 197
224 146
67 210
44 168
181 160
193 182
184 101
149 168
162 94
183 146
58 217
119 32
139 217
42 56
136 152
118 129
89 97
136 30
180 21
228 29
6 0
133 185
149 214
215 141
63 156
118 73
121 65
149 113
193 205
141 80
216 87
153 48
71 115
124 90
102 132
101 131
197 168
168 207
41 51
37 123
49 125
136 216
9 122
205 220
19 198
172 14
116 24
179 155
83 37
29 37
28 60
170 204
181 52
192 219
166 200
156 212
53 5
9 216
221 39
35 18
68 80
222 223
165 57
224 21
91 104
1 12
30 59
30 10
66 60
194 54
193 148
97 13
179 191
6 85
34 97
105 23
179 185
136 16
6 70
46 23
136 202
11 64
54 53
221 148
9 104
169 200
115 88
135 60
17 102
189 20
132 29
201 37
220 214
24 157
203 203
157 71
33 195
26 101
107 184
104 180
19 228
141 4
179 140
192 37
118 119
72 168
182 170
93 91
22 91
80 137
68 72
208 99
57 188
156 20
149 68
36 156
209 127
61 168
65 134
144 35
190 47
108 77
183 86
25 21
224 218
216 139
226 50
8 173
103 97
59 212
171 214
41 53
96 80
26 37
191 119
210 86
64 48
217 141
74 41
66 207
122 217
172 30
112 157
110 102
117 33
148 35
178 194
44 45
59 39
112 115
44 59
147 33
222 152
181 140
35 16
33 220
209 163
44 157
48 155
45 176
188 109
127 92
29 129
175 5
175 175
28 24
105 161
46 17
75 35
124 120
218 169
159 223
67 130
86 82
178 12
133 218
41 228
209 74
41 105
86 25
187 161
92 33
84 126
206 125
41 121
221 154
15 138
153 192
55 120
224 164
176 167
166 213
177 174
1 155
138 126
98 99
56 130
209 70
61 145
85 178
157 11
68 166
73 153
136 36
7 196
170 215
226 123
221 43
149 2
118 20
138 141
170 202
88 66
218 209
150 153
59 90
194 227
172 54
55 161
37 207
44 33
12 119
18 202
186 195
186 153
10 35
29 97
91 68
215 173
225 0
118 117
77 7
33 124
188 189
34 40
121 122
168 141
173 56
92 40
77 222
73 39
14 147
19 52
75 192
185 96
185 176
12 202
205 206
228 83
23 1
7 177
86 224
139 118
213 36
222 64
50 212
43 192
75 152
200 191
172 63
18 19
36 169
211 106
202 45
46 5
17 87
67 107
157 45
164 172
108 41
213 13
205 158
71 7
147 206
205 191
218 188
22 211
207 109
34 29
59 132
5 148
5 46
179 109
50 82
19 175
219 148
45 126
69 199
155 161
44 2
80 119
143 198
112 55
151 129
214 94
82 83
190 217
118 156
156 80
175 102
195 199
219 106
146 188
224 110
195 12
22 196
94 217
176 141
6 174
160 142
204 150
114 65
96 74
159 136
132 178
107 43
193 0
42 100
69 122
82 214
104 125
157 108
198 41
15 142
210 19
195 74
43 58
203 89
22 134
203 211
87 94
55 104
169 205
46 21
118 140
158 63
160 61
184 127
174 13
198 154
205 89
142 163
134 7
222 79
169 77
172 61
188 220
155 110
214 3
218 98
17 0
55 140
87 173
156 150
18 21
78 163
180 3
9 44
65 161
198 82
179 199
162 123
92 53
74 118
20 133
72 41
224 104
170 21
71 206
144 120
68 32
211 5
159 111
18 161
187 190
31 190
116 200
4 209
2 106
118 56
24 36
20 84
21 9
130 164
91 35
146 192
208 67
159 101
217 52
129 227
77 9
41 113
123 92
151 94
134 152
36 59
63 103
147 118
217 100
58 8
90 142
209 41
0 100
151 116
86 60
160 3
79 177
76 101
96 100
113 61
226 91
206 127
95 182
187 8
136 127
146 55
217 69
213 153
1 20
179 193
99 131
216 209
133 114
106 3
45 46
113 7
159 99
118 132
194 120
125 35
61 118
172 91
215 83
178 180
69 134
214 169
193 106
208 76
70 219
127 51
107 188
18 36
80 213
114 157
220 160
198 193
128 145
150 79
132 80
44 108
156 51
163 212
88 29
55 159
91 24
132 8
120 221
102 27
46 184
106 87
223 38
150 14
110 158
110 66
93 184
170 56
67 205
155 165
105 115
207 21
206 29
215 55
112 65
189 210
122 22
4 0
173 60
43 220
53 97
64 185
134 11
211 133
198 112
5 62
115 213
202 213
227 215
143 6
162 214
202 202
53 203
118 146
137 117
56 142
158 79
61 17
201 100
127 193
212 132
12 77
146 32
128 212
142 220
176 62
149 66
55 4
