46 165
196 84
31 141
196 191
143 85
126 174
105 150
1 39
79 134
186 210
43 226
141 200
40 199
156 204
158 22
91 37
8 69
65 107
59 211
6 67
56 213
128 125
174 122
180 200
178 27
226 102
165 149
109 42
17 204
91 76
31 130
62 84
21 102
6 27
111 194
124 99
205 187
194 224
5 166
119 130
89 5
128 216
107 187
124 139
80 155
153 167
147 3
34 64
171 206
61 30
102 170
225 183
157 99
71 226
6 203
25 161
142 23
8 109
124 137
81 135
82 187
125 50
201 143
153 204
75 2
113 30
189 190
70 207
223 166
95 195
145 95
133 213
57 159
200 8
159 72
110 184
219 187
52 74
138 84
9 160
97 93
135 29
152 76
83 206
182 191
69 147
25 60
124 182
219 66
123 24
189 105
159 109
134 108
16 203
168 168
130 144
57 40
193 210
15 96
170 125
15 85
10 56
133 106
59 41
195 82
109 160
186 18
142 149
10 91
167 110
176 99
212 3
54 65
176 193
59 10
130 61
111 211
222 115
225 74
66 81
227 194
51 43
52 70
92 153
30 162
45 207
215 100
170 133
111 46
86 30
192 31
173 207
38 82
94 182
150 40
178 153
27 9
53 72
182 138
153 146
140 162
205 67
192 100
149 171
214 38
183 160
78 165
43 183
207 184
163 168
189 164
125 156
159 185
130 36
133 174
147 179
207 123
226 122
69 72
136 156
78 11
27 185
66 123
12 190
123 98
174 36
73 145
146 36
127 139
193 132
70 8
49 189
74 59
61 92
26 163
153 152
156 225
35 223
178 189
160 156
202 179
131 113
88 210
38 15
175 47
150 77
129 202
152 35
206 165
123 199
135 121
188 47
221 167
159 78
16 173
204 60
31 36
93 77
36 20
120 181
88 168
193 150
108 81
156 212
209 204
16 83
126 204
34 103
54 102
79 213
23 213
54 85
112 223
212 225
100 186
164 54
180 109
35 191
13 184
9 116
72 44
16 118
109 92
145 122
67 134
158 188
227 95
141 84
166 180
44 16
108 57
78 193
178 36
107 55
180 53
199 13
158 83
94 120
52 53
107 199
73 54
11 77
126 216
14 122
80 109
126 54
184 211
48 84
171 32
132 176
90 71
16 184
83 50
69 130
51 128
215 86
65 164
143 136
2 200
163 20
57 103
95 58
111 126
130 211
156 143
181 63
191 209
181 107
21 45
142 142
96 161
68 200
208 53
61 52
27 121
59 180
158 48
5 228
7 71
86 36
116 170
123 37
62 80
164 73
29 179
133 22
69 15
163 186
161 79
168 201
86 130
140 126
66 178
23 135
40 209
75 96
37 84
119 24
194 218
33 159
161 45
170 78
172 12
153 214
207 190
6 172
151 164
88 199
215 39
188 5
156 160
180 131
16 46
215 63
180 28
170 123
138 100
68 206
122 50
223 140
189 68
187 58
178 132
115 38
31 221
124 155
105 142
9 54
186 126
88 161
29 176
216 13
68 61
41 93
172 19
5 224
84 212
45 174
138 116
153 202
208 95
14 78
67 199
18 159
185 191
23 154
118 22
44 182
126 119
61 175
217 38
209 31
121 128
51 195
211 135
170 64
141 151
33 189
152 153
140 17
7 10
98 45
31 81
42 98
111 30
92 142
196 96
104 190
221 210
226 136
193 30
79 85
142 187
33 44
171 131
223 226
119 211
204 123
94 117
154 225
28 19
96 45
197 202
205 164
203 217
48 18
129 214
47 211
8 105
18 150
173 90
9 22
220 71
125 140
226 83
160 201
64 16
93 219
143 4
129 35
48 178
7 198
72 98
52 212
110 218
118 46
177 15
145 23
3 122
132 40
187 137
172 21
207 157
192 224
75 118
26 123
42 166
150 207
34 62
221 20
137 105
172 113
74 82
131 70
139 134
76 121
221 178
35 131
101 52
60 194
182 19
30 16
198 90
78 159
191 122
225 194
175 61
154 212
134 112
46 69
132 163
184 147
22 160
24 134
7 122
77 191
139 132
220 81
110 21
148 12
17 17
73 222
108 219
63 145
192 46
206 71
19 33
94 139
184 87
82 152
175 155
101 123
142 8
50 70
95 198
214 195
122 108
75 37
84 46
45 25
6 96
155 217
10 193
72 205
225 32
33 130
80 192
188 152
43 164
26 218
184 149
163 188
85 112
69 186
179 202
96 1
40 50
71 106
104 53
182 208
35 30
83 54
152 200
41 59
30 131
60 114
174 180
36 186
1 140
3 88
32 114
80 48
178 155
224 162
125 23
96 121
225 134
49 214
130 171
17 172
59 220
23 228
89 206
3 86
46 157
130 18
46 6
195 27
168 164
20 159
116 11
113 13
213 172
159 42
196 171
21 169
106 104
86 62
23 116
178 130
190 99
167 127
125 184
62 147
161 65
210 224
213 120
28 83
149 189
133 42
76 35
38 98
104 220
159 25
53 132
57 132
216 99
54 3
82 73
112 14
61 198
66 220
145 97
29 101
72 33
197 173
129 191
174 15
142 146
223 99
103 173
172 81
15 73
163 46
227 34
21 227
174 124
91 150
49 26
149 48
186 87
179 88
123 86
107 126
120 141
144 107
13 72
77 91
184 140
20 141
64 84
36 16
21 30
155 108
140 188
69 215
8 163
203 219
52 106
90 9
188 211
181 85
20 28
76 179
118 127
17 99
17 79
201 19
121 20
169 57
225 186
142 111
27 49
16 113
20 173
180 209
85 119
26 201
178 187
170 112
183 84
164 68
0 52
100 41
157 136
194 52
194 99
49 8
126 25
157 113
3 19
182 227
143 214
131 152
148 177
212 140
188 139
116 215
2 21
131 198
195 135
23 215
196 90
199 61
14 227
224 141
102 116
136 3
123 49
150 15
27 109
58 207
220 68
203 19
184 80
191 105
125 27
160 92
5 39
38 209
223 33
206 75
222 31
103 143
185 221
7 42
192 193
109 193
14 1
166 75
53 105
93 118
29 81
96 17
202 176
42 3
110 9
71 191
58 215
107 67
213 122
57 168
99 154
192 172
113 210
140 221
68 188
5 41
64 162
27 90
70 200
208 72
29 111
216 3
201 43
68 59
151 142
11 98
114 56
21 205
156 138
125 33
212 7
202 76
205 152
11 178
226 172
187 78
186 11
161 13
105 181
226 115
34 139
26 19
216 194
223 177
104 183
54 90
7 25
167 175
159 151
97 80
173 72
36 133
150 219
14 119
162 153
196 184
148 187
83 117
115 13
181 0
119 158
105 222
211 35
137 38
204 178
157 47
211 79
178 44
60 228
194 192
159 44
11 10
220 88
39 224
184 175
206 186
5 83
127 202
196 193
217 212
140 79
109 101
184 53
149 93
50 152
165 71
147 182
58 157
84 152
101 133
86 152
214 209
201 164
64 80
73 42
59 117
62 63
96 11
143 98
202 206
58 18
168 190
52 114
193 50
81 176
102 30
77 9
99 43
84 83
74 188
11 73
107 6
208 154
35 4
189 212
57 28
130 178
225 220
99 72
2 1
89 101
150 174
189 66
206 96
150 130
51 183
50 66
104 31
134 204
170 142
139 139
183 68
150 128
219 79
1 197
107 123
186 140
51 80
124 188
43 217
210 220
75 42
79 23
1 214
61 221
129 113
29 146
203 153
119 91
25 49
202 226
204 212
32 51
192 66
186 155
180 184
86 161
68 208
56 18
217 54
206 153
28 107
91 16
22 173
113 218
198 108
111 76
15 109
223 93
71 83
24 81
31 75
199 35
49 80
28 69
146 48
0 89
185 22
158 3
94 60
23 33
7 152
170 20
223 210
123 159
131 43
78 145
107 141
179 90
40 182
107 102
65 90
114 33
77 177
3 163
79 71
190 182
173 175
202 149
71 52
72 173
101 144
188 11
113 151
184 18
102 66
130 200
50 23
166 209
114 31
96 41
61 195
117 13
17 85
63 33
224 79
145 201
39 174
177 95
96 163
223 161
193 104
145 111
77 22
13 138
66 84
53 128
107 201
228 125
98 155
35 189
79 175
177 101
3 26
212 146
121 101
135 5
117 65
11 209
159 5
52 3
37 155
1 143
142 226
5 180
194 198
70 155
76 167
7 165
103 29
197 13
83 176
218 3
162 22
20 184
108 83
214 115
146 187
121 120
104 80
188 111
96 180
177 90
214 56
196 11
30 103
155 146
151 47
29 187
114 191
194 89
142 71
129 69
184 16
142 223
84 36
213 16
68 9
76 216
109 182
132 112
33 109
183 0
144 3
52 22
138 2
162 193
92 191
226 213
174 103
138 0
163 140
59 222
114 179
195 222
90 30
79 53
32 126
97 73
189 7
89 91
226 10
30 112
125 147
82 212
17 21
35 56
153 165
61 190
88 208
172 183
1 85
209 52
227 182
195 216
204 4
182 54
144 209
22 131
222 72
143 96
214 98
2 48
119 145
159 10
62 61
61 170
149 17
115 54
127 38
151 204
223 136
109 127
186 176
166 173
18 187
81 81
193 220
152 144
91 29
120 196
161 9
4 139
219 210
168 75
223 198
160 132
167 108
150 54
201 137
58 186
14 150
81 90
13 21
38 201
70 74
154 123
27 53
165 30
79 100
188 96
206 5
6 124
211 118
188 133
24 114
23 11
34 58
66 45
106 194
151 206
19 66
154 121
39 132
178 219
45 227
136 154
210 77
67 121
75 205
93 146
194 15
71 72
37 197
162 36
108 90
45 203
115 139
228 213
158 0
195 31
151 56
216 153
32 42
40 30
87 169
28 178
51 150
150 191
182 42
83 128
59 16
15 205
110 41
210 189
226 126
77 144
220 22
144 31
112 6
223 131
29 9
139 151
207 86
64 73
27 97
40 40
170 80
56 172
114 216
6 226
42 46
191 168
31 219
150 52
111 13
95 52
65 36
48 213
209 54
207 220
32 134
144 54
0 81
52 216
209 116
134 99
36 8
115 217
34 143
54 18
183 112
108 131
186 20
22 83
160 203
60 171
79 95
39 81
6 126
43 113
159 54
138 153
217 207
12 150
47 126
127 144
153 109
17 53
180 157
93 24
98 195
150 81
4 137
2 213
121 144
46 82
7 23
104 16
0 116
4 65
49 176
193 11
14 108
140 116
57 72
63 90
127 8
34 113
21 92
135 38
76 182
200 62
70 167
149 89
147 10
96 19
37 224
124 197
172 0
166 215
223 13
219 167
168 112
123 165
71 55
134 36
11 187
87 102
171 140
58 115
168 203
10 26
184 114
40 151
129 127
71 146
158 225
158 149
93 32
136 51
92 15
52 84
32 107
215 106
207 33
109 186
123 141
89 159
14 189
96 159
5 190
189 22
122 118
61 120
39 29
18 140
41 86
129 17
21 175
205 27
172 181
80 166
176 103
93 195
209 14
18 77
123 186
144 33
38 75
209 167
25 46
186 138
37 22
203 44
180 79
199 76
139 122
75 145
31 12
169 224
165 69
93 43
22 151
52 91
112 45
204 176
118 132
193 202
182 210
167 166
118 203
107 223
212 27
115 64
136 204
74 98
9 11
207 117
228 164
137 211
105 27
138 57
193 159
62 227
223 133
140 160
100 208
56 206
70 202
125 142
73 218
126 56
145 161
89 25
15 22
79 194
213 14
135 197
178 5
144 47
134 13
109 87
47 206
169 36
195 29
3 152
227 32
165 39
50 25
170 45
211 227
187 71
225 67
150 120
224 112
54 224
113 212
125 129
75 203
119 120
197 92
11 134
179 128
70 153
102 95
8 95
129 139
66 29
5 81
66 132
75 221
208 19
143 201
185 56
118 228
19 1
88 104
132 81
199 116
115 160
131 41
123 66
66 5
2 153
56 114
45 113
207 167
219 135
14 137
200 102
52 51
27 38
176 36
81 193
205 124
219 20
82 126
209 85
152 80
170 110
132 61
200 177
2 142
39 113
48 79
27 59
114 88
220 56
48 109
114 222
214 93
40 4
201 135
9 157
96 119
190 5
88 31
144 187
45 100
217 1
81 54
100 145
117 199
145 119
105 170
226 113
109 200
90 153
86 147
112 114
179 107
18 83
201 210
133 60
171 47
76 97
12 25
218 56
96 123
76 40
215 155
198 200
77 53
25 39
36 127
114 90
216 175
204 140
136 70
110 64
5 194
64 60
13 148
205 112
83 48
186 41
9 38
110 180
211 104
160 0
35 171
79 215
2 32
39 122
215 15
170 60
214 202
202 142
213 105
38 7
92 59
173 31
224 101
125 52
94 47
83 136
211 43
50 64
101 188
92 163
38 207
35 40
165 210
54 100
39 149
225 212
97 108
86 4
112 159
58 146
57 120
209 44
203 40
160 103
27 115
213 147
205 204
74 171
182 88
73 190
105 192
97 112
158 94
132 154
19 169
71 97
84 52
4 48
207 30
16 201
218 118
53 159
7 103
64 30
185 24
180 204
194 158
13 115
168 23
227 48
144 45
176 178
38 157
79 161
224 50
228 50
5 162
188 86
136 72
69 97
87 25
12 124
26 62
81 119
78 167
152 219
175 167
46 155
182 3
36 51
6 109
57 191
177 217
0 1
194 137
105 67
78 109
133 133
127 87
107 204
97 128
28 36
2 41
36 172
110 79
94 158
145 59
224 9
171 200
227 217
22 181
228 21
203 144
197 61
157 144
40 98
156 202
94 227
158 74
103 145
149 0
140 143
15 62
44 98
123 215
191 152
212 195
125 127
5 205
170 182
151 32
40 44
49 228
165 20
211 199
201 41
210 218
148 129
49 93
110 14
13 16
80 159
5 152
53 150
207 207
216 199
208 221
26 51
112 127
55 128
84 81
59 196
57 128
221 212
45 0
112 166
168 55
119 65
113 63
130 176
103 32
79 157
105 52
39 153
206 179
114 110
68 167
164 31
166 53
131 186
206 60
92 120
0 22
47 31
129 160
136 101
118 78
64 224
222 227
55 96
131 215
213 207
61 177
148 91
180 133
40 104
152 20
7 18
126 34
59 169
74 55
43 168
167 57
175 30
41 133
127 91
187 37
17 193
16 15
84 216
143 162
96 228
26 25
94 162
88 132
89 94
137 215
111 23
228 140
118 169
115 70
141 15
67 83
61 106
186 5
63 109
13 142
3 79
120 55
19 195
50 108
90 144
63 29
95 33
7 228
222 147
104 3
109 145
35 105
167 36
54 50
120 78
99 111
169 144
96 98
109 75
59 167
37 28
126 40
166 184
78 112
120 18
190 163
56 204
126 227
165 113
30 5
209 136
34 52
167 211
159 12
69 136
41 34
222 103
140 7
115 29
21 85
99 69
101 28
156 7
34 19
52 152
2 180
19 142
180 45
81 111
7 147
214 54
32 209
197 76
163 72
33 224
54 52
84 44
159 179
40 95
205 156
50 227
6 176
152 224
139 21
139 75
208 144
175 206
20 68
14 92
143 58
99 107
9 175
20 186
145 66
95 93
77 161
21 0
228 11
22 137
68 123
107 143
31 26
38 168
157 223
215 1
108 79
108 125
223 66
225 52
223 73
189 57
169 101
51 27
3 211
40 72
53 48
112 189
94 122
21 32
183 64
32 100
49 119
204 205
189 12
194 97
128 173
40 192
212 228
111 39
59 72
61 150
143 144
178 192
38 222
223 35
205 224
25 199
133 5
81 26
51 180
220 144
187 39
182 182
168 133
113 43
198 70
112 34
215 177
54 83
142 140
209 68
87 128
105 20
195 141
131 98
80 11
3 39
192 29
8 220
71 217
18 60
168 21
123 193
28 51
156 122
19 100
115 108
59 29
2 198
36 18
157 24
54 205
217 91
9 42
169 30
190 51
37 132
190 149
219 131
211 47
167 49
88 9
152 222
103 218
115 188
224 185
95 125
180 43
145 179
86 45
218 67
198 43
80 138
137 119
60 101
143 74
74 66
148 208
111 161
151 117
121 159
27 84
182 184
40 157
121 110
85 184
66 201
161 101
58 20
26 203
171 34
92 91
145 159
160 82
42 203
131 142
83 150
51 189
14 94
221 225
34 160
176 45
118 144
24 219
58 173
19 49
143 134
45 211
81 157
91 74
19 135
86 33
105 55
10 196
60 183
201 60
122 60
66 208
59 177
146 132
111 151
88 134
205 185
150 91
26 119
96 217
155 48
187 142
74 133
167 189
60 19
5 197
196 150
57 42
108 2
53 119
2 226
169 188
18 65
192 133
20 199
32 143
187 67
154 79
93 152
121 57
43 107
144 72
50 60
12 46
25 195
200 42
184 103
118 115
105 187
30 178
67 191
160 177
93 54
108 184
36 151
77 18
97 110
164 111
126 7
37 88
66 31
93 187
164 36
34 221
55 72
19 193
35 147
217 155
24 173
87 222
55 29
36 193
105 96
217 136
3 61
150 64
158 202
182 44
48 82
0 153
149 46
137 21
44 193
76 38
100 66
164 85
40 6
114 11
171 102
209 126
120 42
1 43
5 26
3 106
187 105
196 111
179 111
84 134
112 32
165 37
98 4
198 171
181 2
168 211
29 91
145 127
94 166
134 135
199 174
157 26
58 184
124 39
213 48
109 129
145 61
127 85
192 48
160 122
153 119
170 54
163 201
136 200
33 5
63 59
93 17
113 187
215 186
164 120
131 30
40 124
129 141
141 95
222 145
198 101
2 89
154 203
30 35
104 216
169 218
188 59
99 109
134 217
2 14
98 41
39 42
35 115
66 105
179 63
140 124
86 222
110 171
25 8
201 216
152 121
127 69
209 226
94 173
13 211
155 5
69 217
154 144
101 174
20 149
131 174
12 188
149 3
7 157
79 90
113 39
226 196
195 169
78 36
35 199
193 217
47 202
202 208
148 191
88 106
216 190
43 47
67 41
73 31
82 49
131 131
180 30
83 208
193 226
61 185
41 84
155 34
142 73
158 96
166 85
155 151
88 7
150 223
111 16
171 228
87 151
145 134
116 56
21 12
130 111
141 133
40 74
4 154
202 7
223 175
40 134
19 35
72 180
49 121
102 179
186 144
23 46
56 102
150 19
217 62
117 161
194 204
158 20
62 193
56 90
112 168
177 182
76 83
192 96
14 45
200 161
44 175
170 75
205 183
192 184
5 3
111 68
210 75
155 125
3 84
225 132
4 55
216 29
117 210
74 20
195 106
95 127
14 201
111 19
120 32
180 153
46 193
194 36
130 80
151 93
8 175
92 165
28 164
44 150
203 42
110 25
147 200
212 221
96 178
112 21
123 219
106 14
193 121
110 115
118 178
59 224
128 177
170 1
43 219
12 44
177 176
167 77
192 164
222 112
204 76
161 188
154 191
45 171
36 210
40 106
72 9
1 50
192 139
215 196
224 114
94 0
219 39
52 64
216 93
40 67
146 214
165 51
6 150
169 103
140 199
14 152
39 83
152 22
196 98
219 69
213 197
182 148
156 0
160 160
69 221
225 174
109 39
98 11
20 57
182 204
210 20
89 10
156 74
115 41
83 218
31 92
14 185
73 114
141 135
198 192
40 65
26 47
172 70
125 194
202 124
101 93
69 36
99 88
7 46
66 10
109 3
29 76
143 60
37 20
65 92
163 150
190 69
169 28
80 133
9 133
17 111
45 137
204 162
227 93
18 47
95 215
87 212
171 216
158 155
157 36
139 197
165 151
221 35
224 138
187 56
222 92
194 156
12 27
162 165
139 98
138 17
100 143
227 114
103 192
68 74
195 220
54 142
139 104
38 9
141 177
108 99
82 134
39 120
4 45
36 14
202 101
157 134
31 225
115 209
177 38
124 79
39 145
18 15
84 186
95 31
171 218
55 48
9 177
73 1
190 124
202 204
177 111
195 226
182 176
72 60
150 214
29 14
48 115
131 16
28 202
185 79
14 183
127 163
103 171
228 127
213 96
147 14
141 86
169 162
52 130
31 158
71 203
103 213
184 194
198 85
184 162
124 108
167 223
18 133
121 59
197 109
196 152
95 75
223 2
198 110
131 140
212 115
143 110
135 107
34 132
194 200
36 219
20 161
191 49
205 167
40 201
198 118
203 61
87 196
124 22
133 77
57 140
93 171
43 60
97 43
220 189
18 58
14 113
121 92
81 137
44 138
134 61
58 171
209 105
10 96
117 58
92 179
212 76
63 159
157 9
7 148
1 16
133 9
2 109
71 151
148 121
145 44
20 131
26 173
166 87
70 112
218 64
10 164
47 124
148 131
34 219
215 184
8 171
171 143
164 18
143 94
195 1
222 39
217 192
194 184
158 153
204 54
100 48
190 219
121 48
22 158
80 83
49 195
162 167
98 65
142 50
3 17
159 46
47 81
211 205
56 46
210 73
76 68
169 198
179 85
130 125
129 143
64 155
164 215
163 143
98 101
67 39
103 175
122 155
168 129
119 1
63 49
210 153
116 85
42 185
73 3
44 142
12 56
18 226
119 222
35 168
41 42
87 5
87 165
185 151
163 70
103 161
47 67
3 82
117 159
200 139
182 114
106 57
176 173
139 83
43 53
174 153
84 130
153 142
95 78
221 74
222 81
190 34
176 216
36 32
164 33
121 76
129 59
123 167
183 62
187 69
72 122
139 106
32 139
26 165
62 119
132 187
141 161
183 66
187 194
5 16
117 111
25 0
176 28
58 74
124 190
208 12
159 98
128 119
131 90
91 43
31 146
72 74
11 8
202 166
124 7
108 25
57 30
216 107
90 173
75 223
162 7
63 51
65 176
194 133
13 98
193 208
91 215
148 53
187 9
108 121
162 159
39 155
152 65
87 2
92 217
165 183
92 228
130 56
120 22
162 216
70 173
153 36
34 209
138 123
12 93
119 224
105 131
212 92
9 197
122 168
73 131
203 228
177 224
76 58
12 2
159 1
81 150
31 98
20 26
120 169
4 200
78 83
78 121
72 116
168 181
15 111
80 70
181 112
19 204
135 105
6 131
84 219
129 90
108 44
59 102
224 222
108 206
141 3
58 134
12 152
119 200
196 119
129 71
176 16
88 143
82 56
43 204
54 95
211 168
118 113
144 56
124 118
212 149
92 52
0 48
41 131
8 36
3 165
204 6
227 81
211 163
221 33
75 84
143 151
191 107
174 62
31 188
23 162
23 198
14 140
216 188
56 7
41 100
117 212
92 173
128 57
92 82
207 102
156 106
101 172
59 43
104 25
10 94
219 218
209 46
50 57
131 15
149 186
58 91
24 2
125 85
159 60
48 193
190 110
227 188
36 62
220 86
78 179
140 141
97 126
45 205
107 182
7 133
105 218
50 178
223 48
133 197
5 18
174 49
54 130
177 135
48 20
31 77
35 129
147 89
212 78
187 65
57 219
56 39
50 84
21 153
128 60
91 136
163 9
44 18
57 118
162 121
174 113
146 121
28 122
87 64
129 129
202 21
117 84
125 38
0 216
196 52
81 186
8 131
81 224
135 118
36 125
5 211
70 119
34 193
54 114
160 124
83 185
88 214
89 103
16 140
39 203
191 211
140 1
78 86
102 124
174 45
133 215
71 169
69 191
135 195
62 16
4 110
168 183
53 143
95 137
130 188
132 165
195 122
202 59
105 140
4 108
205 181
220 146
95 24
61 50
102 142
140 195
85 58
6 178
47 227
89 67
160 175
164 38
158 104
21 135
97 87
99 52
121 170
73 143
124 18
158 81
93 137
36 208
174 173
155 226
166 131
120 118
189 49
209 130
191 13
11 183
75 60
40 185
171 82
124 16
108 180
72 118
178 79
65 50
46 19
67 37
75 99
30 18
71 144
13 121
73 100
25 227
100 50
27 212
38 124
187 220
73 220
9 219
111 128
191 200
208 131
50 115
45 42
27 216
228 172
67 33
227 52
74 86
172 164
206 155
97 35
105 159
26 205
205 217
48 22
91 185
40 76
96 157
67 136
151 17
11 160
21 143
64 157
112 170
65 136
81 207
11 212
220 118
206 177
183 169
77 195
39 180
44 61
6 20
83 25
57 44
223 220
90 41
59 206
130 166
113 91
23 9
82 174
132 199
204 160
125 65
70 213
118 107
159 134
6 209
56 157
219 178
50 156
90 135
156 70
218 88
175 95
38 77
140 149
64 71
220 77
178 53
124 106
111 78
81 79
73 203
180 81
144 215
37 145
39 96
50 54
89 215
23 196
74 33
8 125
181 89
171 100
184 182
156 124
120 44
154 216
221 66
185 168
14 148
23 24
138 172
226 163
52 55
109 140
13 117
45 33
122 227
181 141
88 89
27 161
191 65
131 162
160 7
176 180
195 10
42 17
48 107
3 43
156 3
172 36
33 162
28 65
79 81
204 166
6 56
76 193
101 192
222 22
167 4
191 215
159 182
70 81
153 116
142 153
59 216
118 15
24 83
110 99
91 187
135 20
207 114
146 169
169 108
51 218
28 119
89 15
87 66
150 23
29 121
200 6
87 96
44 209
93 79
30 142
180 187
40 147
140 190
58 68
219 133
108 65
145 88
66 47
18 13
71 16
10 132
16 55
217 177
211 120
126 61
201 130
166 115
208 165
202 160
199 129
150 216
125 92
165 169
111 7
85 211
68 119
77 95
92 181
1 114
74 57
45 195
120 179
60 166
189 3
208 88
227 73
211 131
172 215
194 139
200 70
152 55
118 226
98 67
111 63
167 73
226 210
101 69
39 87
25 197
46 185
37 6
90 213
81 10
211 116
10 114
197 30
88 153
48 91
140 164
120 108
68 164
206 216
92 61
107 146
93 30
80 113
61 28
22 94
100 190
5 122
59 186
226 184
74 44
180 6
151 49
75 131
77 110
154 150
132 100
31 176
184 209
158 50
85 95
15 219
147 45
58 89
46 110
217 89
21 67
184 78
72 56
92 26
64 178
59 108
183 196
188 35
156 49
126 172
131 34
170 62
120 93
194 84
109 202
223 61
156 82
69 70
136 99
12 122
92 183
171 224
47 33
19 206
121 157
32 53
1 87
136 217
34 60
213 5
86 38
33 196
57 144
168 126
107 193
122 79
117 224
84 60
16 227
208 178
8 111
182 5
77 60
153 33
187 107
37 86
147 47
17 221
220 116
46 181
176 143
21 183
168 221
157 13
206 94
48 5
111 43
109 70
36 201
106 221
65 34
173 217
143 147
112 219
108 85
58 155
108 195
94 143
117 138
56 152
7 207
139 85
71 171
225 166
55 98
199 74
87 167
103 141
117 109
107 12
213 193
129 7
134 228
223 143
1 3
139 3
99 86
124 25
38 32
221 110
125 105
66 72
69 145
18 197
92 226
210 28
13 4
116 222
58 209
189 9
210 222
106 216
77 214
135 97
71 100
204 17
82 47
146 34
83 111
122 90
209 206
1 18
67 35
42 55
139 77
112 41
194 57
161 135
91 10
50 62
89 73
13 219
215 102
64 1
8 218
124 62
13 106
187 209
170 164
50 154
145 109
31 223
3 3
207 222
4 150
190 36
223 168
130 213
126 138
218 159
107 23
110 32
30 144
174 70
93 89
122 55
65 103
85 34
52 134
43 140
93 45
38 80
33 146
152 166
204 78
72 20
207 205
130 88
215 27
91 146
142 53
4 73
16 195
15 20
100 67
166 171
210 12
116 158
30 20
219 42
96 94
178 143
109 207
17 219
211 197
181 202
105 5
41 48
153 193
45 57
121 97
219 176
62 0
211 14
45 140
21 155
112 191
55 144
200 203
136 58
64 180
131 6
11 191
184 5
29 93
137 103
110 131
211 65
8 27
182 80
181 186
125 87
22 47
199 68
155 78
57 178
1 228
223 11
119 171
208 176
157 97
79 223
206 52
197 54
166 67
148 78
78 132
203 201
147 185
187 222
137 48
37 96
7 38
32 28
26 69
44 40
21 49
98 2
179 228
164 118
38 30
11 189
90 68
197 121
215 50
64 101
50 216
27 23
70 189
96 197
133 152
126 0
134 14
123 145
109 5
225 21
96 60
177 207
177 13
127 128
16 13
4 213
165 185
91 14
36 60
95 111
221 134
16 78
48 66
208 51
32 112
60 173
138 23
133 98
138 195
179 217
17 61
29 215
162 17
201 162
173 182
110 222
118 142
86 220
171 121
127 228
49 183
104 21
26 117
124 195
157 43
172 123
146 180
171 58
221 150
180 105
119 111
90 133
100 152
218 81
81 153
134 131
40 55
58 176
167 51
93 28
54 22
113 19
120 226
224 31
174 93
9 190
190 139
162 97
31 8
103 126
105 33
44 197
114 7
202 132
20 222
71 0
0 188
141 198
21 73
109 77
20 196
199 176
92 31
79 25
74 122
194 32
50 106
190 67
50 91
76 86
77 84
54 151
108 46
79 9
145 199
75 189
209 124
219 212
61 103
0 138
59 14
125 192
189 151
182 82
99 210
98 128
70 45
96 91
154 106
20 94
136 109
118 42
63 93
18 200
208 29
78 181
67 221
17 97
147 171
85 151
221 128
200 72
55 9
126 107
152 175
65 32
47 183
175 89
60 130
44 218
122 202
155 163
220 227
23 72
164 122
225 140
94 196
112 149
210 144
225 11
138 50
110 195
0 13
208 188
227 211
120 46
156 162
163 170
28 117
82 178
105 133
114 189
116 91
60 146
179 208
33 144
139 15
182 131
125 158
113 54
65 46
61 13
171 129
188 213
199 84
79 93
125 63
34 107
35 197
209 138
220 0
46 15
201 218
122 18
165 83
152 168
196 227
174 165
213 117
167 29
44 148
183 124
177 88
146 208
96 15
211 151
47 204
183 55
143 178
121 86
82 66
91 66
216 64
156 104
194 171
27 103
42 44
84 116
38 151
226 30
12 29
204 226
165 129
57 166
100 195
72 155
185 70
198 9
121 166
183 142
172 2
186 124
173 115
203 186
14 124
90 61
148 67
5 72
42 40
199 114
60 192
134 31
144 225
177 156
53 63
217 173
9 72
207 111
32 34
97 202
129 162
191 166
110 89
177 30
98 186
128 204
130 173
211 96
209 80
22 141
82 109
128 211
105 126
107 162
77 131
215 193
92 47
20 51
14 203
159 65
138 19
79 21
46 197
64 226
188 125
187 84
177 32
109 123
187 13
127 36
15 117
78 51
210 37
42 130
108 88
60 116
179 51
91 51
224 116
214 198
214 13
165 143
73 216
32 132
160 94
211 129
142 138
72 189
107 151
49 180
93 75
36 222
219 216
122 78
156 53
221 60
85 47
157 186
169 166
42 210
195 154
112 118
13 63
70 60
175 120
86 133
9 192
46 108
103 177
158 132
188 154
193 13
21 129
215 211
38 172
65 82
89 105
74 124
35 124
195 56
179 141
26 82
37 112
27 71
192 33
111 70
15 107
143 160
222 117
84 199
107 59
53 108
160 63
57 211
127 214
180 20
145 99
46 149
76 129
146 67
136 49
18 185
29 7
159 80
225 48
161 11
70 123
211 148
48 7
161 194
127 126
91 45
221 2
48 122
172 94
2 107
7 60
8 29
167 169
173 68
19 85
0 142
115 72
105 17
185 83
25 10
52 66
86 197
6 58
59 92
34 211
77 93
176 97
173 121
202 17
49 28
72 112
186 85
154 38
209 146
144 100
11 54
94 178
227 155
228 123
35 141
17 63
26 220
8 101
145 185
155 72
97 89
183 180
191 135
198 11
171 23
58 46
41 63
151 227
227 103
55 202
177 145
144 8
145 46
20 47
57 59
157 184
75 81
217 205
176 7
98 208
58 130
138 102
109 162
32 160
60 223
5 43
200 131
206 77
150 221
166 117
144 112
68 202
107 97
212 98
165 213
190 95
84 149
149 44
215 52
192 98
135 56
144 37
65 199
160 181
199 202
108 14
112 89
227 171
96 200
35 7
159 14
138 73
179 134
190 38
84 221
210 165
63 176
204 8
150 42
132 13
89 13
154 218
119 75
173 47
224 92
228 105
29 12
119 57
93 144
50 181
82 220
106 21
7 189
29 84
173 205
25 212
38 186
146 12
192 103
193 168
60 156
216 31
138 71
123 157
214 228
134 155
11 185
227 138
122 16
127 53
117 31
104 116
53 145
16 186
49 68
91 70
102 190
178 200
91 72
0 31
55 57
158 157
17 131
175 115
51 93
41 184
213 107
178 29
194 2
41 205
189 161
18 168
80 46
103 68
10 28
176 26
122 180
193 135
47 140
62 225
191 186
85 128
132 32
215 117
123 9
191 141
39 85
204 207
56 126
152 114
70 19
136 1
90 32
211 49
158 61
37 199
104 169
161 169
166 21
201 175
197 117
122 62
148 80
11 218
136 78
212 219
184 20
73 7
171 226
31 4
58 142
23 152
86 199
220 169
148 37
93 189
131 45
38 73
193 55
175 32
214 30
88 3
226 165
74 39
2 64
24 25
97 164
137 196
95 211
188 135
94 16
79 164
127 161
76 123
3 181
79 19
116 73
81 72
15 98
73 151
198 72
49 24
185 170
134 58
58 38
129 86
120 143
109 48
30 100
150 176
187 23
184 41
209 36
157 5
95 219
51 214
207 225
163 182
61 213
224 196
116 15
19 128
49 158
172 125
64 62
195 77
3 63
3 167
142 202
8 56
222 141
120 156
7 130
218 153
57 205
98 0
216 170
4 226
77 119
150 21
86 114
24 177
45 44
127 63
119 97
141 189
130 91
4 57
206 55
156 22
170 14
95 89
89 212
67 166
181 159
160 221
190 132
145 163
63 152
120 228
168 209
76 56
169 222
11 176
108 104
120 202
221 40
166 35
115 198
223 75
122 140
192 51
140 223
209 208
79 111
136 213
63 14
167 199
33 105
5 164
157 110
148 175
123 64
54 106
178 183
97 78
34 42
95 113
97 198
168 53
63 47
181 61
10 162
77 146
68 132
97 210
207 107
187 97
93 141
93 81
93 193
18 173
141 147
60 226
85 24
120 204
33 26
207 69
157 1
26 114
15 115
207 218
169 131
3 155
64 105
113 69
87 163
218 203
14 47
109 133
175 91
37 114
98 130
54 121
52 226
141 28
27 95
65 205
194 148
228 101
69 83
219 90
209 103
59 144
94 18
166 182
194 194
207 35
171 28
136 228
123 88
79 196
56 185
193 186
51 58
11 142
90 204
77 20
90 12
137 121
56 74
161 185
9 89
29 67
172 17
73 224
142 55
211 137
133 33
201 39
6 111
225 93
190 97
104 82
159 227
211 45
220 73
149 70
203 110
17 170
192 68
102 113
44 177
119 198
20 13
37 147
26 107
147 130
44 73
59 51
15 3
223 77
64 28
106 16
121 198
197 155
217 83
46 209
94 124
30 83
152 37
225 3
39 53
109 204
135 16
95 62
131 184
105 214
218 201
184 123
207 182
9 24
105 172
0 107
188 98
39 52
42 182
69 157
191 150
71 2
125 144
225 72
193 91
63 82
148 69
58 93
100 129
11 158
171 145
121 219
90 171
29 96
134 151
107 4
140 19
40 79
115 186
131 130
81 92
78 216
198 152
17 59
190 154
213 51
173 29
117 96
202 140
47 195
39 205
185 142
214 138
144 49
13 61
55 16
140 173
207 100
83 210
78 69
38 178
44 166
204 57
36 188
120 80
69 204
89 151
89 107
12 186
222 62
118 92
53 99
217 187
115 211
203 164
51 72
121 99
43 228
58 192
71 157
214 28
3 15
25 216
59 218
1 83
224 81
13 206
196 42
28 63
92 148
185 39
110 44
130 127
64 18
15 60
55 132
86 127
77 81
1 62
66 70
31 6
208 219
152 39
62 154
90 89
8 97
18 222
112 112
171 162
22 58
138 213
68 193
19 220
81 24
213 94
200 141
27 67
47 120
133 16
140 101
181 87
65 38
63 31
45 167
20 59
174 25
185 68
201 68
206 58
16 188
187 21
153 160
68 34
129 54
120 154
27 7
118 201
140 153
158 52
123 128
87 159
127 146
214 84
129 225
70 187
57 16
73 102
102 50
104 95
120 95
77 70
143 88
49 211
22 26
208 101
149 205
143 29
71 215
124 77
189 184
19 72
209 34
35 87
60 12
38 66
220 64
152 24
190 32
209 78
98 71
204 180
5 59
158 177
205 29
164 141
16 95
4 125
137 76
161 151
53 20
212 223
27 76
34 50
95 96
193 141
38 134
55 59
0 227
133 44
110 117
109 23
136 113
141 59
205 110
109 173
95 13
208 59
187 48
4 179
34 54
11 115
17 138
210 66
16 35
33 191
172 79
94 164
25 116
96 117
122 100
2 168
166 55
138 78
112 67
104 188
205 154
142 221
182 78
163 84
120 126
79 17
201 75
94 221
116 180
108 150
163 135
25 23
152 67
212 170
136 40
132 211
182 174
225 65
21 128
178 215
227 12
110 167
48 157
96 3
219 54
109 67
70 132
136 23
34 187
42 62
195 14
159 113
107 217
111 144
214 145
215 37
126 79
219 129
50 123
116 8
99 188
30 74
24 47
60 62
119 109
203 168
158 138
184 192
43 132
11 43
189 107
227 219
106 125
198 203
109 7
158 221
32 157
169 50
144 146
122 197
197 28
28 204
25 121
73 228
133 195
31 101
177 202
46 2
179 226
25 175
136 111
73 169
122 195
96 76
27 55
214 200
185 9
180 226
35 145
221 132
59 190
185 160
60 175
70 21
68 7
7 193
96 209
118 180
0 41
128 55
185 54
56 85
212 17
23 102
48 164
185 125
98 162
202 5
163 184
32 103
154 148
200 44
138 143
217 185
163 195
98 200
31 14
29 189
126 190
164 94
86 149
168 78
119 30
207 192
133 183
218 171
49 6
157 54
127 226
82 113
97 219
104 112
151 202
27 92
0 169
66 43
145 191
76 133
33 222
102 91
116 140
208 97
96 5
225 198
4 67
162 202
111 91
74 201
210 30
25 214
9 93
176 154
158 159
123 110
48 69
225 224
116 107
38 170
30 24
185 223
146 107
123 147
224 63
17 73
200 133
102 48
227 186
202 99
7 205
167 38
124 217
94 180
130 216
54 7
119 122
211 207
220 152
137 86
221 24
214 154
128 171
188 127
2 138
136 18
34 32
166 111
144 142
159 187
196 157
74 4
66 7
34 126
21 34
24 27
109 12
193 75
135 114
187 170
64 228
14 173
106 53
110 220
114 86
162 93
140 58
214 26
133 35
198 62
215 171
12 78
148 184
19 102
112 221
153 66
18 34
164 22
125 9
207 104
15 172
106 191
164 96
80 173
33 77
140 186
93 116
118 94
177 62
7 44
99 202
163 152
43 173
123 51
88 198
158 7
7 191
107 160
145 171
50 193
44 3
65 58
156 84
135 206
24 123
110 169
98 197
169 99
15 16
43 32
74 9
110 149
85 163
161 15
47 1
211 122
59 119
24 217
212 29
176 14
148 82
222 0
215 91
14 14
106 183
222 101
158 200
27 214
185 38
152 215
91 152
170 190
182 28
177 133
218 175
25 101
152 78
9 195
174 23
56 208
117 40
11 117
157 164
184 153
78 183
160 96
173 101
5 207
142 57
24 163
210 132
125 186
43 42
150 38
67 146
213 1
152 41
118 44
204 88
28 57
195 186
193 119
11 220
74 68
33 141
132 172
112 179
140 22
157 151
156 221
145 213
49 126
174 55
22 28
186 212
221 99
105 147
25 32
109 151
9 9
227 174
39 111
182 21
97 62
103 93
62 101
63 107
38 5
70 99
117 0
195 159
85 64
217 211
175 177
68 219
13 126
106 133
55 154
122 220
113 71
58 113
135 133
28 74
20 167
195 91
222 97
49 117
66 225
64 153
103 123
40 32
134 40
46 114
204 125
27 21
157 227
173 38
55 20
111 101
195 202
105 59
88 166
192 89
54 74
46 138
36 112
0 33
60 148
217 168
72 133
19 18
219 158
192 35
53 82
46 225
23 175
216 201
221 176
126 188
25 102
213 53
61 108
41 180
219 150
94 26
165 109
94 160
28 162
219 160
114 170
48 3
173 227
144 51
88 170
54 153
152 226
103 159
153 163
20 151
128 165
190 134
183 151
84 114
109 59
179 60
221 130
172 45
85 214
122 182
129 184
161 179
66 162
163 29
212 100
149 50
193 170
194 25
197 74
35 23
156 219
117 2
61 15
80 67
83 119
152 217
16 1
13 23
35 98
119 128
78 99
73 37
30 79
205 193
36 153
114 199
134 193
160 158
80 152
182 116
0 199
218 145
124 228
61 128
105 144
35 207
141 93
134 199
93 198
3 46
175 38
72 22
108 221
9 165
26 57
147 128
109 143
192 53
20 157
185 195
224 145
67 210
45 169
182 161
193 182
183 101
148 169
162 95
182 146
57 217
118 32
139 217
42 57
136 152
117 129
89 96
136 31
180 22
228 30
6 1
133 185
148 215
214 140
62 156
118 73
121 64
150 113
193 206
139 81
216 87
153 48
71 114
124 90
103 132
101 131
197 169
168 207
41 51
37 123
49 124
135 215
9 123
205 219
19 198
172 15
117 24
180 155
84 38
29 37
27 60
170 204
181 52
192 219
166 201
155 214
53 5
10 217
221 38
34 17
68 81
222 224
165 56
223 20
91 104
1 12
29 59
30 10
66 60
194 54
192 148
97 13
180 191
4 85
33 98
105 23
179 185
137 16
6 70
47 23
135 202
11 62
54 54
221 148
9 103
169 200
116 87
135 60
17 101
189 20
133 30
200 37
220 214
22 156
204 203
157 72
34 195
27 101
107 185
103 181
19 228
141 5
180 139
192 37
118 118
72 167
183 171
94 91
23 92
79 136
67 71
208 99
56 187
156 20
150 68
36 156
209 128
61 168
65 134
144 35
190 47
107 77
183 86
25 21
224 218
216 139
226 50
8 173
103 96
59 213
170 214
41 53
95 80
26 37
191 120
209 87
65 48
217 140
73 40
66 206
122 217
171 30
112 157
109 103
116 33
148 35
178 194
43 45
59 39
112 116
45 59
148 33
222 152
182 140
34 15
33 220
209 163
44 156
48 155
46 176
188 109
127 92
29 129
176 5
175 175
28 24
105 161
46 17
74 35
124 120
218 169
159 223
67 131
86 81
178 11
132 217
41 227
208 74
42 105
85 26
187 160
92 33
84 126
207 125
41 122
220 154
15 138
152 191
55 119
224 164
176 165
167 213
177 174
1 155
138 125
98 99
56 130
208 70
61 145
84 178
157 11
69 165
72 153
136 36
7 196
169 215
226 124
221 42
148 1
119 20
138 141
170 202
89 65
218 209
151 152
60 90
194 228
172 54
55 160
37 206
44 34
12 119
18 202
185 193
186 153
10 36
29 98
92 68
215 173
224 1
119 116
75 8
33 124
188 188
33 40
121 122
169 140
172 56
91 39
77 222
72 39
13 146
18 51
75 191
187 95
184 177
12 202
205 206
228 83
23 1
7 178
87 224
139 118
212 37
223 64
50 212
42 193
74 153
200 193
172 63
17 19
36 169
211 106
202 45
46 4
18 86
67 107
157 45
164 171
108 41
212 12
205 158
71 7
148 206
205 190
218 189
23 211
207 109
35 28
59 132
5 148
5 46
178 109
51 82
19 175
219 147
45 126
69 198
154 161
44 1
79 119
143 198
112 55
152 129
215 95
82 83
191 217
118 157
156 80
175 101
196 200
218 105
147 189
223 110
195 12
21 198
94 217
177 141
6 174
162 141
203 151
114 65
96 74
159 136
132 178
107 42
193 1
43 100
69 121
83 214
104 125
157 108
198 41
15 142
210 18
195 75
43 58
205 89
22 133
203 210
87 94
55 104
169 205
46 21
118 140
158 63
160 62
183 126
174 13
197 154
206 88
142 163
134 7
221 79
169 77
172 61
189 221
155 110
214 3
218 99
17 0
55 140
88 172
156 149
19 20
78 163
180 4
9 44
65 160
197 83
179 198
162 123
91 53
74 117
20 133
71 41
224 103
170 22
70 205
144 121
68 32
211 5
159 111
18 161
187 189
31 190
116 200
4 209
1 105
118 56
24 37
20 83
21 9
130 164
91 35
146 192
207 67
159 102
217 52
129 227
76 10
41 112
123 92
150 95
134 153
36 57
63 103
147 119
217 100
57 8
90 142
209 42
226 100
151 115
86 60
160 3
79 177
77 101
96 101
113 61
226 91
207 127
96 182
187 7
136 125
146 54
217 69
212 153
1 20
180 193
100 131
216 209
133 114
106 3
45 46
112 8
159 100
117 131
195 120
125 36
60 118
172 92
216 84
178 179
69 134
214 170
193 106
208 76
70 219
127 51
106 189
18 36
81 213
114 158
221 159
198 194
129 145
150 79
132 79
44 108
156 51
163 212
88 29
55 158
91 25
132 7
120 220
103 27
45 183
107 87
222 37
149 14
110 159
110 66
93 184
170 56
67 204
155 165
104 114
208 21
207 28
216 56
112 65
189 210
122 22
4 1
174 60
42 221
53 97
63 184
133 11
211 133
198 112
5 61
115 213
202 212
228 215
142 6
163 214
202 202
54 203
117 146
137 117
56 142
157 79
60 17
200 100
127 193
213 132
13 77
146 32
128 213
141 219
176 63
150 66
55 5
