46 167
195 85
31 141
195 191
144 85
126 175
106 150
2 38
79 134
185 210
43 226
141 200
39 199
157 204
157 22
90 37
8 70
66 107
59 212
7 68
56 212
127 125
175 123
180 200
177 26
225 103
163 147
110 43
17 204
91 75
31 129
62 84
22 102
7 28
112 193
124 99
205 187
193 223
4 165
119 130
89 6
127 216
108 187
124 139
79 156
153 167
147 2
35 64
171 205
61 30
102 171
223 184
157 99
72 226
8 204
25 161
142 21
7 110
124 137
81 134
82 188
125 50
199 143
153 205
76 1
114 30
187 192
70 207
222 165
95 194
144 95
132 213
57 158
200 8
159 71
110 184
219 189
52 73
138 84
10 161
97 93
134 29
152 76
82 207
181 192
69 148
25 60
125 183
219 65
123 24
188 105
159 110
133 108
16 203
169 168
131 145
58 41
192 209
14 97
170 126
15 86
10 56
133 106
60 42
195 83
109 161
186 18
142 149
10 91
168 110
177 98
212 2
53 64
177 195
57 11
129 60
112 212
222 116
225 74
66 81
228 196
51 44
52 70
92 153
30 162
44 208
214 100
169 133
112 46
87 31
192 31
172 207
38 82
93 182
151 41
179 153
27 10
53 72
181 138
154 146
139 162
205 67
192 101
148 172
215 37
183 159
79 166
43 183
207 184
164 167
190 166
125 156
160 184
131 36
133 173
147 179
207 123
224 123
69 72
136 156
78 11
28 186
67 123
12 190
122 98
173 36
72 145
147 36
128 140
192 132
70 9
48 189
73 60
61 91
27 162
153 151
156 224
34 222
179 189
159 156
202 178
132 113
87 210
37 15
175 47
151 78
128 201
152 35
206 165
123 199
136 120
188 47
221 166
159 77
17 172
204 59
32 37
93 76
36 20
120 182
88 168
194 150
109 82
157 213
208 204
16 84
125 203
34 103
54 102
80 213
23 213
54 85
112 224
212 225
101 186
165 55
179 109
35 191
12 184
9 115
71 44
15 118
110 93
145 121
68 134
158 188
226 95
142 84
167 180
43 16
109 56
78 193
177 36
107 54
179 53
200 14
159 83
94 120
52 53
106 199
73 54
13 75
125 215
14 122
82 108
125 54
183 211
48 84
173 33
133 175
90 70
16 183
84 50
69 130
50 127
216 85
66 163
143 137
2 200
163 20
57 103
95 58
109 126
129 210
156 142
182 64
190 208
180 108
21 45
142 142
96 161
68 200
207 55
61 52
26 121
59 179
159 48
5 0
7 71
86 37
116 169
124 36
62 81
164 74
27 178
134 21
69 15
163 186
161 78
167 201
85 130
141 126
64 179
22 137
40 209
74 96
38 84
118 24
194 219
33 159
161 46
171 77
172 13
153 214
206 190
5 172
151 165
88 200
217 38
188 5
156 161
180 131
16 46
215 65
179 26
171 124
138 100
68 205
122 49
224 140
188 68
187 57
178 132
116 39
30 220
123 155
105 142
8 55
187 126
88 162
29 175
217 13
68 62
40 94
173 19
4 225
84 213
45 173
138 116
153 203
208 95
15 78
66 199
20 159
185 191
23 154
117 22
44 181
126 120
61 174
219 37
208 32
121 128
50 195
212 135
170 64
141 151
33 188
154 153
140 16
8 9
98 44
31 82
42 98
111 31
91 142
196 97
105 190
221 209
226 136
193 30
78 84
142 188
33 43
170 131
223 225
119 210
204 124
94 118
154 225
28 19
96 44
196 201
205 164
202 216
47 17
128 214
48 210
8 105
18 150
173 90
8 22
220 71
126 141
226 82
159 201
64 15
93 219
143 3
129 35
48 178
7 197
72 99
52 213
110 219
119 46
177 15
144 22
3 124
132 40
187 137
173 21
207 157
191 224
75 119
26 123
42 165
149 207
34 63
221 19
137 105
172 113
73 82
131 73
139 134
76 121
221 177
35 131
103 50
60 195
182 18
31 16
197 91
78 160
191 123
226 195
176 61
155 213
135 112
46 69
133 162
183 147
23 160
24 136
7 123
76 192
140 132
221 81
109 21
148 13
16 16
74 223
108 220
63 146
191 45
206 71
20 33
94 139
184 87
82 152
175 156
100 123
143 7
50 70
95 198
214 195
122 108
75 36
83 46
45 22
7 96
155 217
11 193
72 204
225 33
33 130
80 193
188 152
44 164
27 217
184 149
163 188
86 112
69 187
179 202
95 1
39 49
73 106
104 52
181 208
35 30
82 52
153 201
42 58
30 130
59 113
174 180
37 186
2 139
3 87
32 114
80 49
179 155
224 162
125 24
95 121
225 134
49 214
130 171
18 171
59 219
23 228
87 206
2 85
46 158
128 17
46 6
195 27
168 165
21 159
116 11
113 11
213 171
160 42
196 170
21 169
107 105
85 62
21 117
178 130
190 100
167 127
125 185
61 148
161 65
210 225
212 119
28 83
149 188
132 42
76 34
38 98
105 219
160 25
52 131
56 132
216 98
54 4
82 73
112 13
60 198
66 222
145 97
29 101
72 33
197 172
128 191
174 16
142 146
223 100
103 174
172 81
15 74
163 47
226 34
21 227
174 125
90 149
49 25
150 48
186 87
178 87
123 86
107 126
120 141
145 106
13 73
76 91
184 140
20 141
64 84
35 16
22 30
155 108
140 188
69 215
8 163
202 218
52 106
89 8
187 211
180 84
20 28
77 179
117 127
17 100
17 79
202 20
121 21
170 58
224 187
142 112
27 50
16 112
21 173
180 209
84 118
27 200
178 187
170 113
182 83
164 68
1 52
101 42
158 137
194 51
194 100
50 7
126 26
157 113
2 19
182 227
143 213
132 151
147 177
213 139
188 139
116 215
2 21
130 198
195 134
24 215
196 90
199 61
16 226
225 142
103 114
135 3
124 49
150 16
28 109
59 207
220 67
204 18
183 81
190 104
125 28
159 92
6 40
38 210
223 33
206 76
221 32
103 143
185 222
6 42
192 194
110 193
14 2
166 75
53 104
92 119
29 81
96 17
202 176
42 3
111 9
71 192
56 214
107 67
213 121
57 168
99 155
192 171
113 211
139 221
68 189
5 41
65 162
28 90
70 199
208 72
29 111
216 3
202 42
67 60
152 143
11 97
113 56
21 205
158 140
126 33
212 6
202 76
205 152
10 178
226 172
185 78
187 11
161 13
106 181
226 116
34 140
26 19
216 195
223 177
104 182
54 93
7 26
167 173
159 152
97 80
173 74
35 133
150 218
13 118
161 152
196 183
148 186
82 117
114 12
181 0
119 159
104 221
211 35
136 38
204 177
157 47
210 79
179 45
61 227
193 193
160 44
12 10
220 88
38 224
185 175
206 186
5 83
126 201
195 193
217 212
139 80
109 101
183 53
149 93
50 153
165 72
148 181
58 157
84 152
102 132
86 153
214 209
201 164
64 81
72 42
58 117
60 62
97 11
143 98
201 206
59 18
169 190
52 113
193 49
80 177
102 30
77 9
99 43
84 83
74 189
11 72
108 6
209 154
35 5
189 212
57 28
131 178
224 219
100 71
2 2
88 101
149 174
188 66
207 97
150 131
50 184
50 66
104 31
135 204
169 140
141 138
183 68
150 129
220 79
2 197
106 122
186 141
52 80
124 188
42 219
210 220
74 42
78 24
0 214
61 220
130 112
29 146
203 153
118 91
25 50
203 225
205 211
34 51
192 66
185 154
181 184
85 162
68 208
57 20
217 54
207 153
26 108
91 16
23 173
114 218
199 109
109 76
15 109
224 93
71 82
24 81
33 76
201 37
50 80
27 68
146 49
0 89
184 22
159 3
94 59
24 33
7 152
171 19
223 209
123 159
130 43
76 146
107 141
178 89
39 182
108 103
64 89
114 34
76 177
2 162
80 71
190 182
173 176
203 149
72 53
72 172
101 143
189 10
114 150
184 18
103 66
130 200
50 22
167 208
115 32
97 40
61 197
116 13
18 86
63 33
224 79
144 201
39 172
176 94
95 163
222 160
192 103
145 110
77 22
13 139
66 84
53 128
107 201
227 125
97 155
35 189
79 175
178 100
3 26
211 147
120 101
135 5
117 63
15 209
160 4
52 5
36 155
2 143
142 224
5 181
194 198
70 157
77 167
6 164
104 29
198 13
82 177
218 3
163 22
20 183
108 84
214 116
146 187
121 121
106 84
186 110
95 180
176 90
214 56
197 11
30 103
156 146
151 47
29 187
114 192
194 89
142 73
129 71
185 16
143 222
84 36
214 16
68 9
76 214
110 182
133 111
34 108
183 0
144 2
52 21
137 2
162 194
93 191
226 212
175 101
137 0
161 140
59 221
115 180
195 223
90 31
79 53
33 128
98 73
189 6
90 90
226 10
30 112
125 147
82 213
17 21
35 57
153 165
62 191
87 208
172 183
1 84
209 54
225 183
195 217
203 3
181 54
146 209
22 133
222 72
143 96
214 98
3 48
119 145
159 9
62 60
61 169
149 17
115 55
127 38
151 204
224 136
108 128
185 177
165 173
18 187
81 81
193 221
153 144
92 29
121 197
161 8
4 139
219 210
168 75
222 197
159 132
168 108
150 55
201 137
58 186
14 149
80 89
13 21
38 201
71 74
154 122
27 53
165 31
79 101
188 97
205 4
5 124
211 118
188 133
22 115
23 12
35 59
66 44
106 194
151 206
20 65
154 120
39 133
176 219
45 227
136 154
210 77
68 121
74 204
93 146
194 15
71 72
37 196
163 35
109 91
45 203
115 139
228 212
159 228
195 31
152 55
216 153
32 42
39 31
87 169
28 176
51 151
151 190
181 42
82 128
59 16
16 205
111 41
208 189
227 127
76 144
221 21
145 31
113 7
223 131
29 9
139 151
207 87
66 74
28 96
40 40
170 79
56 172
114 216
5 226
41 46
191 168
30 218
149 53
111 11
94 52
65 36
48 212
209 56
206 220
32 133
144 54
0 80
51 217
209 115
134 100
37 8
115 218
34 143
55 19
183 112
108 131
185 20
22 83
160 203
59 170
78 95
40 81
6 126
44 112
159 54
138 153
216 207
12 150
48 125
127 144
153 109
18 52
179 157
91 25
97 194
151 82
5 138
1 212
121 145
47 82
6 24
106 17
228 117
5 65
50 177
194 11
14 107
140 116
57 72
63 90
128 9
34 113
23 92
134 39
77 181
201 61
71 166
149 89
148 11
96 19
36 223
125 198
171 0
167 214
223 12
219 167
168 112
125 166
71 55
133 37
11 187
87 102
168 138
58 115
168 203
10 25
183 114
39 151
128 127
71 146
158 224
158 150
94 32
138 50
93 15
52 84
32 107
214 105
207 33
109 185
124 141
89 160
14 189
97 159
5 190
188 23
122 119
61 119
39 29
18 141
41 86
129 15
21 175
204 28
172 181
81 167
177 102
93 195
209 14
19 77
123 186
145 33
39 76
210 166
25 46
186 139
38 21
204 42
179 79
199 76
140 122
74 144
32 12
169 224
165 70
93 42
22 150
53 91
113 45
204 175
118 133
192 201
181 210
168 167
119 204
106 223
211 27
115 64
137 203
74 98
10 11
207 116
228 163
137 212
106 27
138 58
193 160
62 226
223 133
138 160
101 209
56 207
69 201
125 143
73 219
125 56
144 161
88 26
15 22
79 195
213 14
134 197
178 4
144 48
134 12
109 87
46 207
170 35
195 29
3 151
227 32
165 39
51 24
171 45
210 227
186 71
225 66
150 119
224 113
54 226
114 213
124 130
75 202
119 121
196 92
10 134
179 129
70 155
103 95
8 95
130 139
66 28
6 82
67 132
76 222
209 18
143 200
185 56
118 227
19 1
87 104
132 81
199 117
115 160
131 40
122 66
68 5
2 153
56 115
45 113
208 167
219 135
15 137
200 101
52 51
28 38
175 36
81 194
206 124
219 19
81 127
209 85
152 81
170 111
131 61
200 177
3 141
39 113
49 79
26 58
114 87
220 56
49 109
114 223
214 92
40 4
201 135
9 159
96 119
190 4
88 32
144 187
45 100
217 1
80 51
99 144
118 200
146 117
106 172
226 114
108 199
90 153
85 147
114 114
178 108
18 84
201 210
133 60
171 47
76 98
12 24
218 56
95 123
75 40
215 154
197 199
77 52
26 38
37 128
115 89
216 175
203 140
136 70
109 64
5 194
64 61
12 148
207 112
83 48
184 40
10 38
111 180
210 103
161 228
34 168
79 215
1 32
38 122
215 15
171 59
214 203
201 141
212 104
38 7
92 59
174 31
223 102
125 52
95 46
83 134
211 43
49 64
102 188
92 162
38 208
35 40
165 210
55 100
38 149
225 210
97 108
87 3
112 160
57 147
58 120
210 45
202 39
158 103
25 116
212 148
205 204
73 171
182 88
73 191
106 192
98 112
158 94
133 153
19 169
70 97
84 52
5 48
206 31
16 201
219 118
53 159
8 103
65 29
184 24
181 204
194 158
13 115
168 22
228 49
144 46
176 179
37 157
79 161
224 50
0 50
4 161
187 85
136 72
68 98
86 25
11 124
25 62
81 118
79 168
152 219
175 167
46 156
183 4
37 53
5 109
58 191
176 217
0 3
194 137
105 67
80 107
132 133
127 87
107 203
97 128
28 36
3 40
36 170
110 80
95 157
145 59
224 9
171 200
226 216
21 182
227 20
201 143
197 62
157 144
40 98
156 202
93 227
158 73
103 145
149 227
140 141
15 63
44 98
123 215
191 152
212 195
124 128
7 206
170 182
152 33
40 44
49 228
165 19
209 198
201 40
209 218
148 130
50 92
110 13
12 15
80 159
5 151
52 150
207 207
215 200
208 221
26 51
111 126
55 128
83 81
59 197
57 128
221 211
45 0
112 166
169 56
119 64
113 63
131 176
102 32
79 158
105 50
38 153
205 178
116 111
69 167
164 32
167 53
131 186
206 60
92 121
0 22
48 32
129 160
136 101
119 76
64 223
222 227
54 96
130 214
212 208
61 176
148 91
180 133
43 106
151 20
6 18
128 34
59 169
75 56
42 167
168 57
175 30
41 134
126 91
187 37
18 193
16 14
85 216
142 162
95 228
27 25
94 161
88 132
88 94
137 215
111 23
0 140
118 170
115 69
140 14
67 82
62 107
186 6
65 109
13 142
4 80
119 55
19 195
50 107
90 144
63 29
96 33
7 228
223 147
105 3
109 144
35 105
168 36
53 49
121 77
99 111
168 142
96 98
107 76
58 167
37 28
125 39
167 184
79 110
120 19
189 164
56 205
126 226
165 112
29 5
211 136
35 53
167 210
159 11
69 135
42 33
222 104
141 6
116 30
22 85
99 69
102 28
157 6
34 20
52 152
1 181
19 143
181 45
82 110
7 146
215 54
32 209
197 77
163 72
32 223
54 51
83 44
159 179
41 96
205 156
51 228
5 177
153 223
138 20
139 76
208 145
174 207
19 67
14 93
143 58
99 107
8 174
19 186
146 64
95 93
77 162
21 0
0 11
20 138
69 123
107 143
33 25
39 168
157 223
215 1
108 80
108 124
223 66
226 52
223 73
189 56
171 101
51 26
2 210
41 73
53 47
112 189
94 122
22 32
184 64
32 100
49 118
203 205
190 12
194 98
128 174
41 193
212 227
112 39
59 72
60 151
143 144
178 193
38 222
223 35
205 224
25 199
133 5
80 27
51 181
221 144
185 38
182 183
167 132
114 43
198 71
112 34
215 177
54 83
143 140
209 68
86 128
106 20
195 140
130 99
80 11
4 39
192 29
8 220
71 218
18 61
169 20
124 194
28 52
156 121
19 99
115 109
59 29
3 199
35 18
159 23
54 206
218 91
8 43
169 31
190 50
37 132
190 149
220 131
213 47
167 50
87 10
152 221
104 217
116 189
223 186
95 125
180 43
145 180
84 45
218 67
198 44
81 138
137 119
60 102
145 74
74 66
147 208
110 162
153 116
121 160
26 84
183 185
39 157
121 110
84 186
66 201
160 102
59 20
27 202
172 35
92 90
144 159
160 81
41 203
131 142
83 151
50 188
14 95
221 225
34 161
177 46
118 143
26 219
58 172
18 49
143 135
46 211
81 157
91 73
19 134
87 33
105 54
11 195
60 183
200 59
122 60
66 208
59 177
146 132
112 151
88 135
205 185
150 91
25 120
96 217
155 47
187 143
74 133
167 189
61 19
5 196
196 150
58 43
109 2
54 120
1 227
169 188
18 65
191 134
20 200
32 143
187 67
154 80
93 151
121 56
44 110
144 72
51 60
12 46
24 195
199 42
181 102
118 115
106 187
29 177
67 191
159 177
93 54
108 183
35 151
77 18
97 110
164 110
127 7
37 88
67 30
93 187
165 35
34 220
55 72
20 193
35 147
217 154
25 174
87 222
56 29
35 193
107 96
218 134
4 61
150 63
158 203
182 43
49 82
0 153
149 46
136 21
43 193
76 38
101 66
165 85
40 6
115 10
173 101
210 126
119 42
1 42
5 27
3 106
187 106
196 111
178 111
84 132
113 32
166 37
98 4
198 170
182 2
169 211
30 91
145 127
93 165
133 135
198 174
158 25
58 184
124 38
214 48
109 130
145 62
127 85
192 47
159 120
152 118
171 54
163 201
136 200
33 6
63 59
93 17
114 188
215 187
163 118
130 31
40 123
129 141
141 95
223 145
200 99
2 89
155 204
30 35
105 216
168 218
189 58
99 109
133 216
2 13
99 41
39 42
35 115
67 105
180 63
140 124
85 222
111 172
25 9
200 215
152 121
127 71
208 226
92 174
14 211
156 5
69 217
155 144
101 175
20 149
131 174
12 188
149 2
8 157
78 90
114 39
226 197
195 169
77 36
36 198
192 218
47 203
201 208
149 190
88 106
216 191
43 47
67 41
73 31
82 50
131 132
180 28
82 209
192 225
62 184
41 84
156 35
143 74
158 96
167 85
155 151
87 7
151 222
112 15
170 227
87 151
145 134
115 57
21 13
131 110
141 134
41 75
4 153
202 7
223 175
39 135
20 35
75 181
50 120
103 178
185 144
23 46
56 102
149 19
216 63
117 162
193 203
156 20
62 195
55 91
112 168
178 182
75 82
192 97
14 45
200 161
43 173
170 74
205 183
192 183
5 3
111 68
210 75
153 124
3 84
225 132
4 56
215 28
117 210
73 20
194 104
95 127
14 202
110 19
121 32
181 153
45 193
194 36
130 80
151 93
7 175
91 164
29 163
45 150
203 41
111 25
146 200
211 221
95 178
111 21
122 219
106 15
193 121
112 113
118 179
59 223
129 177
169 0
44 220
12 44
176 177
167 77
191 164
222 112
204 76
162 187
152 191
46 172
36 210
42 108
72 10
2 50
192 139
215 197
224 115
94 0
218 39
51 64
216 93
39 66
146 215
166 51
6 150
171 103
139 199
14 151
40 83
151 22
196 99
219 69
213 197
182 149
156 228
160 160
70 221
225 173
110 39
99 12
20 57
183 204
211 18
89 11
156 73
115 41
83 217
32 92
14 185
73 115
141 136
197 192
39 64
26 48
172 72
126 194
202 125
102 93
69 35
99 88
7 46
66 9
110 4
31 76
143 60
37 19
64 91
162 149
190 69
169 29
80 132
8 133
16 111
46 137
204 162
228 94
18 47
94 215
86 212
169 217
157 155
157 34
138 197
164 149
221 36
225 138
187 55
223 91
194 156
12 26
164 165
139 99
138 17
100 142
228 115
104 192
69 74
195 221
54 142
138 104
38 9
142 177
108 99
82 132
38 120
3 44
35 14
202 102
158 135
31 224
115 209
176 38
124 79
39 146
18 15
84 188
96 31
169 220
55 48
8 177
74 0
189 123
201 204
176 112
194 225
183 174
71 60
150 214
30 15
49 114
130 16
28 202
185 80
14 183
127 163
104 172
0 126
213 96
146 14
142 86
169 163
51 129
31 158
71 203
104 214
184 195
197 86
183 161
124 108
167 223
19 132
121 58
197 109
196 152
95 75
224 2
198 111
131 140
212 115
143 110
135 107
33 132
193 200
36 219
21 161
191 49
206 167
40 202
197 118
202 60
87 196
123 22
133 77
58 141
91 172
43 59
97 42
219 191
18 58
14 113
120 91
82 136
44 138
133 62
57 170
209 105
10 95
117 58
92 179
212 76
65 158
158 8
8 148
1 15
133 9
2 110
70 153
148 120
146 45
21 131
27 174
166 86
70 114
218 63
10 165
47 123
148 132
34 218
215 185
7 171
171 142
164 18
143 94
195 0
222 39
217 193
194 183
158 153
204 55
100 49
190 220
122 47
23 158
79 83
48 195
162 166
99 65
142 51
3 17
159 46
48 80
210 205
57 47
210 73
77 69
168 198
179 85
129 126
129 143
63 155
165 215
163 143
98 101
68 39
103 176
121 156
167 129
118 0
63 49
211 154
117 86
42 185
74 2
42 141
11 54
18 227
119 222
35 166
41 42
87 5
85 165
185 150
163 70
103 161
47 68
4 82
117 160
199 138
181 113
106 56
175 174
140 83
43 51
175 154
83 130
154 142
95 77
222 74
223 81
190 34
176 215
36 32
166 33
122 75
128 58
123 167
183 62
186 69
72 122
139 106
32 139
27 164
63 117
133 188
140 161
183 66
187 194
5 16
118 111
25 1
176 28
58 74
124 190
208 12
159 98
126 118
131 89
91 42
31 147
73 73
12 8
202 166
125 7
109 25
57 30
216 105
88 173
75 224
163 7
63 51
64 177
193 133
13 98
192 207
91 215
148 54
187 9
107 121
161 159
38 155
151 64
89 2
92 217
165 183
92 228
128 56
119 22
163 215
70 172
154 36
34 209
138 123
12 94
120 224
106 131
212 92
9 196
121 167
73 131
204 227
177 225
75 59
12 3
160 1
81 151
32 98
21 26
120 168
4 201
77 83
78 121
72 117
168 181
14 111
81 69
181 111
19 203
135 105
6 130
84 218
129 90
109 44
59 103
224 221
108 205
141 2
57 134
12 152
120 200
195 118
128 73
176 16
88 144
81 53
43 204
52 95
210 169
118 113
144 56
124 118
211 150
92 52
1 49
41 132
8 37
2 164
204 5
227 80
211 163
221 34
74 84
143 151
190 106
174 62
31 188
23 162
23 199
14 141
215 189
57 8
41 100
117 212
90 173
126 57
92 82
207 102
157 107
102 173
59 45
105 25
10 93
221 218
211 47
52 57
131 14
149 184
57 92
25 3
125 85
158 60
47 193
188 111
225 189
36 62
220 86
78 178
141 140
97 126
44 205
108 181
6 132
106 217
50 179
223 49
132 197
4 18
174 49
53 129
177 136
48 19
32 78
35 129
147 90
212 78
187 64
57 218
56 40
50 84
22 152
127 60
91 135
163 9
44 18
57 118
161 119
173 114
146 119
28 122
87 63
128 129
204 20
117 84
126 37
228 216
196 51
80 187
8 131
80 224
135 118
37 126
4 211
72 120
34 192
54 114
159 122
82 186
88 214
89 103
16 141
39 204
191 210
139 1
77 86
102 125
175 45
132 214
71 168
69 192
135 195
63 16
4 111
169 183
53 143
95 137
131 188
133 164
195 122
202 58
105 140
3 108
205 180
221 146
93 24
61 50
102 141
140 195
84 59
5 179
47 227
88 67
157 176
164 37
156 103
20 136
96 88
102 52
122 169
72 143
124 18
158 81
93 137
36 208
173 174
155 226
166 130
120 119
189 49
210 130
192 12
10 183
75 61
40 185
170 82
123 16
109 180
71 118
177 78
64 50
46 19
67 37
75 100
30 18
70 144
12 120
73 100
25 227
101 50
26 211
38 124
186 220
74 221
9 219
110 128
191 200
208 131
50 115
45 42
28 215
0 172
67 32
228 52
73 86
173 164
207 155
95 35
105 159
26 204
204 217
48 21
91 185
41 77
97 157
67 135
151 18
12 161
21 143
63 157
113 170
65 136
80 208
13 210
220 119
206 176
183 170
77 195
38 180
44 61
6 20
82 25
57 45
222 220
92 40
60 206
131 165
113 91
23 10
81 175
132 199
204 160
124 65
70 214
118 108
159 134
6 209
56 156
219 178
50 157
89 136
156 70
218 88
174 95
39 78
140 149
65 72
221 77
178 52
123 106
111 78
80 79
73 202
179 81
144 215
37 145
39 96
51 55
89 216
22 197
74 33
7 125
180 88
172 99
184 183
155 123
120 44
154 216
221 66
185 169
14 147
23 24
141 173
226 163
53 55
109 140
12 117
46 32
122 227
181 141
89 88
27 160
190 65
131 161
161 6
176 181
196 10
42 18
48 107
3 42
157 3
171 37
32 162
28 64
79 81
204 166
6 56
76 194
102 191
223 21
167 1
191 216
160 182
70 80
153 114
143 153
58 215
115 15
24 83
110 99
91 187
135 19
207 114
148 169
170 109
50 218
27 119
89 15
87 66
150 23
28 120
200 6
87 96
44 210
93 78
30 143
180 188
39 148
139 190
60 67
220 133
108 66
145 88
66 47
18 13
71 16
10 132
18 54
217 176
211 120
125 61
200 130
164 114
208 165
202 160
198 130
150 216
124 92
165 169
111 7
85 211
70 120
76 96
91 181
1 116
74 58
44 195
120 180
59 165
188 3
208 89
227 73
212 131
171 216
193 138
200 70
151 53
118 225
99 67
111 63
166 73
225 209
101 70
39 87
24 197
46 184
37 6
90 214
81 10
211 116
9 113
197 30
88 153
49 90
139 165
120 108
68 163
206 216
92 61
107 145
94 30
80 111
61 28
22 93
101 189
5 122
60 185
225 185
73 44
179 5
152 49
75 131
79 108
154 149
132 100
31 176
183 209
158 50
85 96
15 219
148 45
57 90
48 110
217 89
21 67
183 79
73 56
92 27
63 177
61 109
185 197
188 35
157 49
126 173
131 34
171 62
119 93
193 83
109 201
223 60
157 82
70 70
136 99
12 122
91 183
171 223
47 34
19 205
121 158
33 53
1 87
135 217
34 61
213 4
86 39
34 197
57 144
168 126
108 193
122 78
118 223
84 61
16 228
207 178
8 112
181 5
77 61
154 34
186 108
37 86
148 48
17 220
220 117
46 181
178 144
21 184
167 220
158 12
206 95
48 5
112 43
109 70
36 200
106 221
65 34
171 219
143 147
112 220
108 86
58 155
108 194
93 142
117 138
56 152
7 208
140 85
71 170
224 166
54 98
199 74
86 167
104 141
117 109
107 12
213 193
129 7
134 228
224 143
1 4
139 3
98 86
124 26
38 32
222 110
124 105
67 72
69 146
18 196
91 226
210 28
14 4
116 222
59 210
189 8
210 222
107 216
78 214
134 98
71 101
204 16
81 48
147 34
84 111
122 90
208 206
1 17
67 34
43 54
139 78
113 41
194 56
161 135
91 9
50 62
90 72
13 219
215 102
64 0
8 218
123 61
15 105
187 209
171 165
51 155
144 108
30 222
3 4
206 222
4 150
190 36
223 167
130 212
126 138
217 161
107 24
111 33
30 145
174 72
93 89
121 54
66 103
86 35
53 133
43 139
94 44
38 80
33 147
152 167
204 78
71 20
207 205
130 88
215 26
91 146
142 53
3 72
17 195
15 20
101 68
166 171
210 12
116 158
30 20
218 41
95 95
179 143
110 205
17 218
211 197
182 202
106 5
41 48
152 193
46 57
120 97
219 176
62 228
211 14
44 140
22 154
112 191
55 144
199 203
136 59
62 179
131 5
11 191
184 6
30 93
136 103
110 131
212 67
8 27
181 80
182 186
125 87
22 47
198 69
156 78
57 177
0 1
223 10
120 170
207 175
157 97
78 225
206 54
197 53
166 68
149 79
78 132
203 201
147 185
187 222
135 49
37 96
8 39
33 27
25 68
44 41
21 49
97 2
179 0
164 117
37 30
11 189
90 68
196 120
215 50
65 101
49 216
27 23
70 190
96 196
134 151
125 228
133 14
123 145
110 6
225 20
96 60
176 208
177 13
126 128
16 12
3 212
165 185
91 14
36 60
96 111
221 134
17 77
48 66
207 53
32 112
60 172
138 22
132 98
138 195
178 218
16 62
30 213
163 16
202 162
174 182
110 223
118 141
85 220
172 122
127 228
48 184
105 21
25 118
124 196
158 43
173 124
146 181
172 58
222 150
179 106
120 111
90 134
98 153
219 80
81 154
133 132
41 54
58 175
168 52
93 28
54 22
112 19
120 226
223 31
174 93
9 190
190 140
162 97
31 9
103 127
104 33
43 197
115 8
201 131
20 220
72 228
227 188
140 197
20 72
108 78
20 197
198 176
92 31
78 26
75 123
194 32
50 105
190 67
51 90
75 86
76 84
54 151
110 46
79 9
144 199
75 190
209 124
219 212
62 103
0 138
59 14
125 192
189 150
181 82
100 210
98 128
73 46
96 91
155 106
21 92
135 109
117 43
63 92
18 200
208 30
79 180
68 223
16 98
147 171
85 151
222 128
199 72
56 9
125 106
151 175
65 32
47 183
175 89
60 130
44 218
122 203
155 164
220 226
23 72
163 121
226 140
94 196
112 149
210 145
225 11
137 48
111 195
0 13
206 188
227 210
121 45
157 163
163 169
27 117
80 179
105 133
114 190
116 91
59 147
178 208
33 145
138 15
182 132
125 158
113 54
64 46
61 13
172 129
187 213
199 85
78 93
125 63
34 106
36 196
211 138
221 228
44 15
201 217
122 19
166 83
152 169
195 226
173 166
212 117
167 31
45 148
184 123
177 88
146 207
96 14
210 152
46 205
183 55
143 178
121 87
82 66
90 66
217 65
157 105
194 171
28 102
42 44
84 116
37 151
225 30
12 28
205 226
165 129
56 166
99 194
72 156
184 70
199 9
123 165
183 142
170 1
187 124
171 115
203 186
13 124
90 60
147 66
5 71
42 40
198 115
61 193
133 31
144 224
177 156
52 63
217 173
9 72
209 110
32 34
98 201
129 162
192 166
110 89
177 30
99 186
127 203
130 173
211 95
209 81
22 142
84 109
127 210
105 126
107 162
77 130
215 193
93 46
19 51
14 204
159 65
137 19
78 22
45 197
64 225
189 125
186 83
178 32
108 122
188 12
127 36
14 116
78 51
211 37
43 131
108 89
60 115
179 51
89 53
224 117
214 198
215 13
165 142
73 217
31 131
160 94
212 129
144 138
72 190
108 152
49 180
93 74
36 221
220 216
123 77
155 52
221 60
85 47
158 185
170 166
42 209
195 154
112 117
13 64
69 60
176 121
86 133
9 192
47 109
105 177
157 133
187 154
194 13
23 130
215 211
37 172
65 82
90 105
73 124
35 125
196 55
179 141
26 82
38 112
26 69
192 33
111 70
16 107
142 160
222 118
84 198
108 58
52 108
160 63
57 211
126 214
180 19
145 99
47 149
75 129
145 66
136 50
18 185
29 7
160 79
225 49
161 10
71 124
210 148
48 7
161 196
126 126
92 44
222 1
48 122
173 94
1 108
7 61
9 29
167 169
173 70
20 85
1 141
116 71
107 18
184 83
25 11
52 66
86 197
7 58
59 93
34 211
76 94
176 96
174 122
202 18
50 27
72 113
185 85
154 38
209 147
143 100
9 54
94 178
228 155
226 123
35 142
16 64
28 219
9 101
145 185
155 72
97 89
184 181
191 136
199 11
172 23
59 47
40 62
150 226
226 105
55 203
180 145
144 6
146 47
20 47
57 57
158 183
75 80
217 205
177 5
99 209
58 130
138 102
109 163
32 160
61 222
5 43
199 132
206 78
150 220
162 115
144 112
67 202
106 98
212 97
165 213
190 96
84 149
149 44
216 52
192 99
136 57
145 37
64 199
160 180
198 201
108 14
112 89
228 170
96 200
35 7
159 14
138 74
178 135
190 38
83 220
211 164
63 175
204 7
151 43
132 12
89 13
154 218
120 75
173 47
225 91
228 105
30 13
119 57
92 144
49 182
82 219
107 22
7 189
28 85
173 205
24 211
38 187
146 12
190 102
193 167
60 155
215 30
138 72
123 157
214 228
134 154
10 185
227 138
122 17
127 53
117 31
103 116
53 145
16 186
49 68
92 69
103 190
178 200
92 71
0 31
55 56
157 157
19 130
173 116
52 92
41 183
213 106
178 28
194 2
41 205
188 162
18 167
79 47
103 69
10 27
175 26
122 181
193 135
46 141
62 223
191 185
84 128
132 32
214 118
124 9
191 141
39 85
203 207
56 126
151 113
69 21
135 1
90 33
212 48
157 61
38 199
104 170
162 168
167 20
200 175
197 116
121 62
149 81
11 218
135 78
211 219
183 20
73 8
171 225
31 4
58 143
24 151
86 199
220 168
149 38
93 189
130 45
39 73
193 54
176 31
213 29
89 4
226 165
74 38
2 65
25 25
97 164
136 196
96 210
187 135
94 16
80 164
127 161
77 123
3 182
79 19
117 73
82 71
15 99
72 152
197 73
49 23
185 171
134 58
58 39
129 86
120 143
111 48
30 99
149 176
186 23
182 40
209 36
158 5
95 219
51 215
207 225
163 182
60 214
224 196
114 14
21 129
49 159
172 126
62 62
195 78
4 63
3 166
141 202
8 57
223 142
120 157
7 129
218 153
58 205
97 0
216 169
3 227
77 119
149 21
86 115
24 177
45 44
127 62
118 97
141 190
131 91
5 58
206 56
157 24
170 14
95 89
88 212
67 165
181 158
160 221
190 132
144 163
61 152
120 228
169 209
76 57
169 222
10 176
109 105
120 202
220 40
167 35
116 199
223 75
122 140
192 51
141 223
208 208
80 109
136 213
62 14
167 199
33 105
4 163
157 111
147 175
123 64
54 106
179 184
97 78
34 42
96 113
97 198
169 54
62 47
181 62
10 163
74 146
69 132
98 210
208 107
187 98
92 140
93 80
93 193
19 172
141 148
61 224
84 24
121 204
34 26
207 69
158 1
24 114
15 114
206 218
168 131
3 155
65 105
113 69
86 164
217 203
14 47
109 133
175 91
37 114
98 130
55 122
52 227
142 29
28 94
65 205
195 149
227 103
69 82
219 90
208 103
59 145
95 18
167 182
194 195
207 35
171 29
136 227
123 88
79 197
56 185
193 185
51 58
12 144
87 204
77 20
91 12
138 121
56 74
162 185
9 89
29 66
172 17
73 225
142 55
213 137
133 33
200 39
6 111
226 93
190 98
107 82
160 226
212 45
220 73
149 69
205 111
17 169
192 68
105 113
41 175
119 198
20 14
37 147
26 110
146 130
47 71
59 51
16 3
223 77
64 27
108 16
121 199
197 156
217 81
46 209
93 124
30 83
152 37
226 2
39 53
109 203
134 16
94 61
132 184
107 214
217 201
186 122
207 182
8 24
105 174
228 107
188 99
39 51
42 181
70 159
192 150
72 1
125 145
225 72
192 91
63 82
147 68
58 94
100 129
11 159
170 144
120 218
89 172
30 95
136 150
108 4
139 18
40 79
116 187
130 130
80 91
77 216
198 152
16 60
189 154
213 50
173 29
116 96
201 139
46 195
39 206
185 142
215 138
144 50
13 62
55 16
142 175
206 101
83 211
79 69
39 178
44 166
204 57
37 188
120 78
69 203
89 151
90 107
12 186
222 62
117 93
53 100
217 188
115 211
203 164
51 72
120 99
43 228
59 193
72 158
213 27
3 15
26 215
59 217
1 82
225 81
14 206
196 44
26 64
92 148
183 38
111 45
130 128
64 17
15 61
54 131
85 127
77 81
2 63
66 71
31 6
208 219
152 39
62 154
91 88
9 97
19 221
113 112
171 163
22 58
138 213
67 193
19 219
80 25
213 94
199 141
26 66
47 120
132 16
140 101
180 86
66 38
63 31
44 168
20 59
174 24
185 67
200 68
206 58
16 188
186 21
153 161
69 33
129 54
120 155
27 8
118 202
140 153
157 52
123 129
87 160
127 146
215 83
130 226
70 188
57 17
73 102
102 49
105 94
119 95
78 71
144 87
50 210
23 26
208 101
149 205
143 30
71 216
125 77
189 184
18 72
209 34
35 87
59 12
37 65
220 64
152 24
190 32
208 79
98 70
204 179
5 60
157 178
204 30
163 141
16 95
4 126
137 77
161 150
54 20
211 223
29 76
36 51
95 97
193 141
37 134
55 58
228 228
132 44
111 115
109 23
137 112
142 59
207 109
110 173
96 12
208 59
187 48
3 180
34 55
11 115
17 139
209 66
17 36
33 190
172 79
93 163
23 116
96 117
122 100
2 168
167 55
137 79
112 67
104 188
205 154
141 221
181 78
164 83
119 126
79 17
201 75
94 221
117 181
108 150
163 136
25 23
151 66
212 170
136 40
131 211
185 173
225 64
23 128
178 216
227 12
110 168
48 157
96 3
219 54
109 68
71 131
136 23
35 187
42 61
196 14
159 114
108 218
110 143
213 146
217 36
126 79
220 129
50 122
116 9
100 188
32 74
24 48
60 60
119 110
204 168
160 138
183 193
42 133
10 43
188 107
225 217
106 124
197 203
109 8
158 221
33 157
169 50
144 145
123 197
197 28
28 204
24 122
73 227
133 195
31 101
177 202
45 2
178 227
25 176
137 110
73 169
122 195
97 76
28 55
214 201
185 10
180 227
35 145
221 132
60 191
185 160
60 175
70 22
69 7
7 193
97 208
119 182
1 39
127 55
185 54
56 85
212 16
24 102
47 166
185 124
97 162
202 4
163 184
32 103
156 148
200 44
138 141
217 186
163 196
98 199
32 14
30 189
126 191
163 93
86 149
169 78
119 31
207 192
134 184
217 171
50 5
157 54
128 226
82 112
97 218
107 114
151 202
28 92
1 170
66 43
147 190
76 132
32 221
103 91
117 140
209 97
96 5
224 198
7 66
161 201
111 91
73 200
210 30
25 213
8 92
177 154
158 159
123 110
48 69
225 223
116 108
38 170
31 24
186 224
146 108
123 147
224 62
17 73
201 133
101 47
226 187
204 101
9 206
167 38
124 217
93 180
129 216
54 8
118 123
210 207
220 151
139 86
222 23
214 153
128 172
189 127
3 138
136 17
34 31
166 111
144 142
160 186
196 158
76 3
67 7
35 127
22 34
24 27
109 12
193 76
136 114
187 170
64 227
15 173
106 52
110 221
115 86
161 93
140 58
213 25
133 35
199 63
215 171
13 77
148 183
20 101
112 222
153 66
19 35
165 21
126 9
207 104
15 171
107 191
164 96
81 173
34 78
141 186
92 116
117 95
178 63
7 44
100 201
163 151
44 172
123 51
88 198
159 6
7 191
107 160
146 169
49 193
44 3
65 59
157 84
136 205
24 124
111 170
98 196
170 99
14 16
41 31
74 10
110 149
84 163
161 15
47 0
211 122
59 119
25 217
211 29
176 14
149 83
223 0
216 91
14 14
106 183
221 102
157 201
27 213
185 37
152 215
91 151
171 188
182 27
176 134
218 174
25 100
152 79
9 194
174 22
57 209
117 41
10 117
157 165
184 152
79 182
160 96
174 99
5 207
142 57
25 163
210 132
126 187
43 42
150 38
67 147
213 0
152 41
118 44
204 89
28 57
195 185
192 119
11 220
75 67
33 141
132 172
113 179
140 22
157 152
156 221
145 213
50 125
175 55
22 28
185 212
221 99
105 146
24 31
110 151
10 9
227 174
40 111
181 20
96 62
104 93
63 102
64 107
39 5
70 99
117 0
195 160
85 64
217 210
174 178
68 220
12 126
107 133
56 154
121 220
114 71
57 113
134 133
30 74
20 167
194 91
222 98
48 116
66 224
63 153
102 123
40 33
134 41
47 112
204 126
28 21
157 226
172 38
55 21
111 101
194 201
106 58
87 166
192 89
54 74
46 139
36 112
0 33
59 149
217 167
72 133
18 17
218 159
192 35
53 82
46 225
23 175
215 202
221 175
126 189
26 102
214 52
63 109
40 180
220 149
93 26
166 109
95 159
29 161
219 161
114 169
47 3
172 227
144 52
89 170
54 153
152 225
103 158
153 163
20 151
129 164
189 134
183 151
84 114
110 57
179 61
222 130
173 45
86 214
122 183
130 184
161 178
67 161
163 30
212 99
150 51
193 169
195 25
197 75
36 22
156 219
117 2
61 15
80 67
83 119
152 217
16 1
14 23
36 98
119 128
77 99
73 36
31 80
206 194
35 153
114 201
133 193
159 158
80 152
181 115
1 198
219 145
124 226
62 129
105 144
35 207
141 93
134 199
93 198
3 46
174 38
72 22
108 222
8 165
26 56
147 128
109 142
193 52
22 157
186 195
225 145
67 210
45 170
181 160
192 181
183 102
149 170
162 95
181 147
57 216
118 33
137 217
43 56
137 152
117 129
89 96
136 30
179 21
227 30
6 1
134 186
148 215
215 140
62 156
118 74
121 64
149 114
193 205
138 82
216 87
153 48
71 115
124 90
104 131
102 130
197 168
169 207
41 50
37 123
49 124
134 215
9 123
204 219
19 198
172 15
116 23
181 156
84 38
30 37
27 61
170 203
181 52
192 220
165 201
155 215
53 6
10 217
220 38
33 18
68 80
223 223
166 57
223 19
91 103
1 11
28 59
31 11
66 61
195 53
193 149
98 13
179 191
4 85
34 98
105 23
180 186
136 15
6 69
47 23
135 202
11 63
54 53
221 148
10 103
169 200
116 87
135 60
18 101
188 21
132 30
199 37
220 213
23 156
203 203
157 71
34 195
27 101
107 185
104 180
19 228
141 4
180 139
192 37
118 119
73 167
183 172
94 91
24 93
80 136
68 70
207 99
56 187
155 22
149 67
35 156
210 128
60 167
66 134
145 35
190 47
106 78
182 85
26 21
223 218
216 139
227 50
7 173
105 97
58 213
169 215
41 52
95 79
26 36
191 121
209 88
64 48
217 141
73 40
66 206
121 217
172 31
112 158
110 103
116 33
149 35
179 195
43 45
60 40
113 115
45 59
149 33
222 152
182 140
33 16
32 219
209 163
44 156
49 155
43 175
188 109
126 93
30 128
176 3
175 176
29 24
105 161
45 17
74 35
123 120
218 169
159 222
67 130
85 82
179 14
131 216
41 227
208 74
44 108
84 26
187 161
92 34
83 127
208 125
40 121
220 154
15 139
151 192
56 120
224 164
174 165
167 213
177 175
1 155
139 125
98 99
55 130
208 70
61 146
82 179
158 10
69 165
72 154
135 37
7 195
168 216
225 125
220 42
148 0
119 20
139 139
169 202
89 65
218 208
152 152
59 90
193 227
173 54
55 160
37 206
43 32
11 119
18 202
185 193
186 152
10 36
30 97
92 67
215 173
225 0
119 117
75 8
33 126
188 190
33 40
120 122
167 140
174 56
92 38
77 223
72 38
12 146
17 50
74 192
187 96
183 176
12 203
205 206
228 82
23 2
7 178
86 223
139 118
213 36
223 64
50 213
42 192
74 153
199 192
172 63
17 19
37 168
211 105
203 44
46 4
19 87
68 107
158 45
164 171
109 41
212 13
205 158
71 8
147 206
205 192
217 190
22 211
209 108
35 28
58 132
6 148
5 46
177 110
51 82
19 174
219 147
46 125
68 198
155 162
43 1
79 120
142 198
111 56
152 130
215 94
82 83
190 218
118 158
156 80
176 100
195 200
216 103
147 188
224 111
196 12
21 199
94 217
177 142
5 174
161 142
203 151
114 65
97 74
159 136
133 178
108 43
193 0
43 100
70 122
84 215
104 125
157 109
197 42
15 143
210 16
195 76
44 57
206 90
22 135
203 209
86 95
55 104
169 205
46 21
119 139
158 63
159 61
183 125
174 13
198 154
206 88
140 163
134 7
222 79
169 76
173 61
188 220
155 110
214 2
218 98
17 0
56 140
87 171
156 150
19 19
78 163
181 4
9 45
65 160
197 84
179 199
161 122
91 54
73 118
21 133
71 40
224 104
171 21
70 205
144 119
69 31
211 4
159 112
19 162
186 190
32 190
116 201
4 209
1 106
117 56
24 37
20 83
22 11
131 163
90 35
148 192
207 67
158 101
218 52
129 228
76 10
41 112
122 92
150 95
135 152
37 58
64 103
148 118
216 100
58 9
89 142
209 43
227 101
151 115
85 60
161 3
78 176
77 101
96 100
112 61
227 92
208 127
95 182
187 7
137 124
146 53
217 69
212 152
0 19
180 193
100 131
216 209
134 113
107 3
45 47
113 9
159 100
117 131
194 120
126 35
61 117
173 92
218 83
178 180
70 133
214 169
192 105
208 77
70 219
127 51
106 189
19 37
81 215
114 159
220 160
197 194
129 145
151 80
132 79
46 110
156 51
164 211
88 30
55 158
90 26
132 7
119 220
104 26
45 183
107 87
222 37
148 15
110 160
110 66
93 184
172 56
67 204
155 166
105 115
210 20
206 29
216 56
111 65
189 210
121 23
4 2
175 60
42 222
52 98
63 185
132 10
212 133
197 113
6 62
116 213
203 212
227 214
143 5
163 213
201 202
54 204
117 145
137 117
56 142
158 79
61 17
202 100
127 193
213 132
15 76
147 32
127 212
140 219
176 63
149 65
55 6
