45 166
196 86
31 141
195 191
144 85
126 175
107 151
3 38
79 134
185 210
43 226
141 200
40 199
157 204
157 21
91 37
8 70
66 107
59 212
7 68
56 213
127 125
175 124
181 201
176 25
226 102
163 146
110 43
17 204
92 75
31 128
62 85
21 101
6 28
112 193
123 100
205 188
192 223
4 165
119 130
89 7
127 216
107 187
124 139
80 156
153 167
147 1
36 64
171 205
61 30
102 171
223 184
157 100
72 225
9 204
25 161
141 22
8 110
125 137
81 134
81 188
125 50
199 142
153 205
76 0
114 30
186 192
70 207
223 165
95 195
145 95
131 212
58 158
201 7
158 71
110 183
219 189
51 73
139 83
10 160
96 93
133 29
152 76
83 207
182 191
70 148
26 60
123 183
219 66
122 24
188 105
159 110
133 108
16 203
169 168
130 145
58 41
193 209
14 97
170 126
16 85
9 56
133 106
60 43
196 84
109 161
186 19
142 149
10 92
168 110
177 98
212 3
53 64
177 194
57 11
129 60
112 213
222 116
225 74
66 81
227 196
51 44
52 70
92 153
30 162
44 208
215 99
169 133
112 46
86 31
192 32
172 207
38 82
93 183
151 41
178 153
27 10
53 72
182 138
155 145
139 163
205 67
192 101
148 172
215 36
183 159
78 165
43 183
207 184
164 168
190 166
125 156
160 184
131 36
134 174
146 179
207 123
223 122
69 72
135 155
78 10
31 185
67 124
13 190
122 98
173 36
72 145
148 36
128 140
192 131
70 9
48 189
74 59
61 91
27 162
153 151
157 224
34 222
179 189
159 156
201 178
131 113
87 210
37 15
175 47
151 77
128 200
152 35
206 165
123 199
136 120
188 46
221 166
160 77
17 173
204 59
32 37
93 76
36 20
120 183
87 167
194 150
109 81
157 213
209 204
16 83
125 203
33 103
54 103
80 214
23 213
53 85
112 224
211 226
101 186
165 55
179 110
35 191
12 184
9 115
72 44
15 118
111 92
145 121
68 134
158 187
225 95
142 84
167 180
43 15
109 56
78 194
177 36
108 54
179 53
200 13
159 83
94 120
53 53
107 199
73 54
13 75
125 215
13 122
82 108
125 54
184 211
48 83
173 33
134 176
90 70
16 184
83 50
69 130
51 128
218 86
66 163
143 136
1 200
163 19
58 103
95 57
109 126
128 210
157 142
182 64
191 208
180 108
21 46
142 142
96 161
68 200
207 54
62 53
27 120
59 179
159 48
5 0
7 72
86 37
116 171
124 36
62 81
164 73
27 177
134 21
68 14
163 186
161 78
168 201
85 131
140 126
65 178
22 137
40 208
75 96
38 84
118 23
194 220
33 159
161 45
170 77
171 13
153 214
205 190
5 172
151 164
88 200
217 37
187 5
157 161
180 131
16 46
215 65
178 25
171 124
137 99
68 205
122 49
224 140
188 68
187 57
179 132
116 39
30 220
123 155
106 142
7 55
186 126
87 162
30 176
216 13
68 61
40 95
173 19
4 225
84 213
44 173
139 116
153 203
208 95
16 78
66 198
19 160
184 191
23 153
117 21
44 181
125 120
61 174
218 37
208 31
122 127
50 194
211 135
170 64
141 151
33 188
154 153
140 17
8 9
98 45
30 83
42 99
112 31
91 142
195 96
105 190
221 209
226 136
193 31
78 85
141 188
33 42
170 132
224 224
119 210
204 124
94 118
154 224
28 19
96 45
196 201
205 164
203 216
47 17
128 214
48 210
9 104
17 150
173 90
8 22
219 71
126 141
225 82
159 201
64 15
92 218
143 3
129 35
47 179
8 197
72 99
52 213
110 218
118 46
177 15
143 22
3 124
133 39
187 137
172 21
207 157
190 224
75 119
27 123
42 165
149 206
34 63
222 19
137 105
172 112
73 83
131 73
139 135
76 121
221 177
35 130
103 51
60 195
182 18
31 17
198 91
78 159
191 123
226 195
176 61
155 212
135 112
46 70
133 161
183 147
23 159
24 137
7 122
77 192
139 133
220 80
109 21
148 13
16 17
74 222
109 220
62 146
191 45
206 70
20 33
93 139
184 87
82 152
175 156
100 123
143 7
50 69
95 198
213 195
122 108
75 36
82 46
44 21
7 96
155 216
11 193
72 204
225 32
33 129
80 193
188 152
43 163
27 217
184 149
163 188
86 112
69 187
180 202
95 1
40 49
74 104
104 53
182 208
36 30
82 52
153 201
42 58
29 129
59 113
174 180
37 186
1 139
2 87
32 114
79 50
179 155
224 161
124 24
96 121
224 135
49 214
130 171
18 171
59 219
23 228
85 208
1 85
46 158
128 17
46 6
195 27
169 165
21 158
116 11
113 11
214 171
161 42
197 170
21 170
107 104
85 62
22 117
178 130
190 100
167 127
124 185
61 148
162 64
210 225
212 119
27 83
149 188
133 41
76 34
38 98
105 219
160 24
53 131
57 132
216 98
54 4
81 72
112 13
61 199
66 222
145 97
29 101
72 33
198 172
128 191
174 16
141 146
223 100
103 175
171 81
15 74
163 46
226 33
21 227
175 126
90 149
49 25
150 48
186 87
179 87
123 87
107 126
121 141
145 107
13 73
77 92
185 140
21 142
64 84
35 16
21 30
155 108
139 188
68 216
8 163
203 218
52 106
89 9
187 211
181 84
20 29
77 180
118 127
16 100
18 78
203 20
121 20
170 57
225 187
143 113
27 50
16 113
21 173
180 209
84 118
27 200
178 187
170 113
182 83
164 68
1 52
100 42
158 138
194 50
194 100
50 7
126 25
158 114
2 19
183 228
143 214
132 150
147 177
212 139
188 139
116 215
1 21
131 198
195 134
24 215
196 90
199 61
16 226
225 142
102 114
136 3
124 48
150 15
27 110
58 208
220 67
204 18
183 81
190 104
125 27
159 93
6 40
39 209
223 33
206 75
221 32
104 143
186 222
6 42
192 193
110 192
14 2
165 75
54 105
92 118
29 82
96 17
202 176
42 3
111 9
71 192
56 215
107 67
212 121
56 168
98 155
193 171
113 211
139 222
68 189
5 41
65 162
28 90
70 199
208 72
29 111
216 2
202 43
67 59
152 142
11 98
113 57
21 205
159 140
126 33
212 7
202 77
206 152
11 177
226 172
185 78
187 11
161 12
105 181
225 116
34 140
26 20
215 195
223 177
104 183
54 92
6 26
168 172
159 151
97 80
173 74
35 132
150 218
13 119
161 152
195 182
148 186
82 117
114 12
181 0
119 159
105 222
211 35
136 37
203 178
157 46
209 79
179 45
60 227
194 192
160 44
12 10
221 88
38 224
185 175
207 186
4 83
126 201
195 193
217 212
138 79
109 101
183 53
149 93
50 153
165 71
148 181
59 156
84 152
101 132
86 152
214 210
201 164
64 81
73 42
58 117
61 61
98 11
143 98
201 206
59 18
168 190
52 114
193 48
80 177
102 30
77 9
99 43
83 83
74 189
11 73
108 6
209 154
35 5
189 212
57 28
132 179
225 219
100 71
2 2
88 101
149 175
189 66
207 97
149 131
50 184
50 66
104 31
135 204
170 141
142 138
183 69
150 129
219 78
1 196
107 123
187 140
52 79
123 188
42 220
210 221
75 42
78 24
0 213
61 220
129 112
29 147
204 153
118 91
25 49
202 225
205 210
34 52
192 66
185 154
181 184
85 162
68 207
57 20
217 54
207 153
27 108
91 16
23 173
113 218
198 109
108 76
16 109
223 92
71 82
24 80
32 77
201 37
50 80
28 67
146 48
228 89
184 22
158 3
94 59
24 33
7 151
171 19
223 209
123 159
131 42
76 146
107 141
179 89
40 181
108 103
64 89
115 34
76 178
3 162
80 71
190 182
173 177
206 150
71 53
74 172
102 144
189 10
114 151
184 19
103 66
130 200
50 22
167 208
115 32
96 41
61 197
116 13
17 85
63 33
223 79
144 202
38 172
177 94
95 163
222 161
192 103
146 110
77 23
14 140
66 84
53 128
108 201
226 124
96 155
35 189
79 175
178 100
2 27
210 147
119 101
135 5
117 63
14 208
159 4
52 4
36 154
2 143
143 224
5 181
194 198
71 157
76 166
6 165
104 29
198 12
82 177
218 2
163 21
20 183
109 83
214 116
146 187
121 120
107 84
187 110
95 180
177 90
214 56
198 10
29 103
157 145
151 47
29 187
114 191
194 89
143 73
129 71
185 17
143 222
84 36
214 17
68 9
76 215
109 181
133 111
34 108
183 1
145 2
52 21
137 2
163 195
93 191
226 212
175 102
137 0
161 140
59 221
114 181
194 223
90 31
79 53
33 127
98 72
189 6
89 91
226 9
30 113
124 147
82 213
17 21
34 57
153 165
61 191
87 208
172 183
0 84
209 53
225 183
195 218
204 3
181 54
145 208
22 133
221 72
143 96
214 97
3 48
119 145
159 9
62 59
60 169
149 17
115 56
127 38
151 204
224 137
108 128
184 177
166 173
18 187
80 81
193 221
153 144
92 30
120 197
160 8
3 139
219 210
167 74
222 197
158 132
168 108
150 54
201 137
57 186
14 149
80 90
13 21
38 200
71 73
153 122
27 53
165 31
79 101
188 97
206 4
5 124
211 118
188 133
23 115
23 12
34 59
65 45
107 194
151 206
18 65
154 120
38 133
176 218
45 227
136 154
209 77
68 122
74 203
93 146
194 14
71 71
38 196
163 35
110 91
45 203
117 138
228 212
159 228
195 32
152 55
216 153
32 40
40 31
86 169
28 176
51 151
150 190
181 41
82 129
59 16
15 205
111 41
207 190
225 125
76 144
220 20
145 31
113 6
223 131
29 10
139 151
208 87
67 75
28 97
39 40
170 79
56 172
114 216
6 227
41 46
192 167
30 218
150 52
111 11
94 51
65 36
48 212
209 55
206 220
31 132
144 54
0 80
52 216
209 115
134 100
37 7
115 217
34 143
55 19
183 112
107 132
185 21
22 81
160 203
59 171
78 95
40 81
6 126
45 112
159 53
138 153
216 207
12 150
48 125
127 144
154 110
19 53
179 157
91 25
97 194
151 81
4 137
1 211
121 145
47 81
6 24
106 17
227 117
4 66
48 177
194 10
14 108
141 116
57 72
62 90
128 8
34 113
23 93
135 38
77 182
201 61
71 167
149 89
148 11
97 19
36 223
125 198
171 0
168 214
223 12
219 167
168 112
124 166
71 55
133 37
11 187
86 102
170 139
57 115
168 203
10 25
183 114
39 151
127 127
71 147
159 224
159 149
94 33
138 50
93 15
52 83
33 107
215 105
207 33
109 185
124 141
88 160
15 189
97 159
6 190
186 24
122 119
61 119
39 29
19 140
41 86
129 15
22 175
204 28
172 181
80 166
177 102
93 195
209 15
19 77
122 186
146 33
39 75
210 167
25 46
186 138
38 21
204 43
179 79
199 76
140 122
74 144
32 13
169 224
165 69
93 42
21 150
53 91
113 45
204 176
119 132
192 202
182 210
168 167
119 204
107 223
211 26
116 64
136 202
74 98
10 11
207 116
228 163
137 211
106 27
138 58
193 160
62 226
223 133
138 161
101 210
56 207
69 201
125 143
73 219
125 56
144 161
88 26
15 22
80 195
213 15
135 197
178 3
144 47
134 12
110 87
46 207
169 35
195 29
3 151
226 31
165 38
50 24
171 44
209 227
187 71
225 66
150 119
224 113
54 226
114 213
124 130
75 201
119 121
196 92
10 135
180 129
71 155
103 95
8 95
130 140
66 28
5 81
66 132
76 221
209 18
143 201
185 56
118 227
19 1
87 104
133 81
198 116
116 161
131 40
123 66
68 5
2 152
55 115
45 114
208 167
219 135
14 138
201 100
52 51
28 37
175 36
82 194
206 125
220 19
81 127
210 86
153 80
170 111
131 61
200 177
3 141
40 114
49 78
27 58
114 87
220 56
49 109
114 222
214 92
40 3
201 135
11 158
96 119
189 3
88 32
144 187
45 101
217 0
80 52
100 145
118 200
146 117
105 172
226 114
109 200
90 152
85 147
115 113
178 108
18 83
201 210
132 60
171 46
76 98
11 24
218 56
95 123
76 40
215 155
197 200
77 53
26 38
37 127
115 89
216 174
202 141
136 70
110 64
6 194
64 60
12 148
208 112
83 48
184 40
10 38
110 180
211 103
161 228
35 168
79 216
1 32
39 122
215 15
171 59
213 203
200 142
213 104
39 6
91 59
174 31
224 102
125 52
95 46
83 134
211 43
49 64
102 188
92 161
39 207
35 39
165 210
54 101
38 149
224 210
97 107
87 4
112 161
57 146
58 120
210 45
202 39
159 104
26 115
212 149
205 204
75 170
182 87
73 191
106 192
98 111
158 94
133 152
19 169
71 97
84 52
5 47
206 31
16 201
218 117
55 160
8 102
64 30
182 24
181 204
194 158
13 115
168 21
228 48
144 45
176 179
37 156
79 161
225 50
0 50
5 162
187 85
135 72
69 98
86 27
10 124
26 62
81 118
78 167
152 219
174 167
46 156
182 4
37 52
6 109
57 192
176 216
0 2
194 136
105 67
81 107
130 133
127 87
108 204
96 129
29 35
3 40
35 170
110 79
95 157
145 59
224 8
171 200
226 216
21 182
227 20
200 144
198 62
158 144
40 99
156 202
93 228
157 73
104 145
150 228
140 141
15 62
44 99
123 215
190 152
211 195
124 128
7 206
170 182
151 33
39 44
49 228
165 18
208 198
201 41
210 219
148 130
50 92
110 13
12 15
80 159
5 151
53 150
207 207
215 200
208 222
26 51
111 126
55 128
83 81
59 197
57 128
221 211
45 0
112 166
169 56
120 63
114 63
132 177
102 32
79 158
105 51
38 153
205 179
116 111
69 167
164 33
167 53
131 185
206 59
92 121
228 22
48 31
129 160
136 101
119 76
64 222
223 226
53 97
130 214
212 208
61 176
148 91
181 133
45 107
151 19
6 18
128 34
58 169
74 55
42 167
168 57
175 29
40 134
125 92
186 36
19 193
16 15
85 217
143 162
95 228
27 25
94 161
88 133
88 94
136 215
111 22
228 140
118 170
115 69
141 15
67 82
62 108
185 6
66 109
14 143
4 80
119 56
19 195
51 108
89 144
63 29
95 34
7 228
223 147
105 4
109 145
35 104
168 36
53 50
121 77
99 110
168 142
96 98
106 76
57 167
37 28
125 39
167 184
79 110
120 18
189 164
56 205
126 227
165 113
29 6
210 136
36 53
167 210
159 11
69 135
42 33
222 103
141 6
116 30
21 83
100 69
102 28
156 6
34 20
52 152
2 181
18 142
181 45
82 110
7 146
215 54
33 210
197 77
162 72
32 223
54 52
81 44
158 179
41 97
205 156
51 0
5 177
153 223
138 21
138 75
207 145
174 208
18 67
13 93
143 58
99 106
9 174
20 185
146 65
94 93
77 161
21 0
228 10
20 138
69 124
107 144
32 26
39 169
158 222
214 1
108 80
108 125
223 66
226 52
223 73
188 56
170 101
51 26
2 210
41 73
52 48
112 188
94 122
22 32
184 65
32 100
49 118
203 205
191 11
194 97
128 174
41 192
211 228
112 39
59 72
59 151
142 144
179 192
38 221
222 35
204 224
25 199
132 5
81 27
50 180
221 144
185 38
183 183
167 133
114 43
198 71
113 34
215 176
54 83
144 141
209 68
86 129
107 20
195 139
130 99
80 11
5 39
192 30
8 218
71 218
19 60
169 19
123 194
28 51
155 122
18 99
115 109
59 29
2 198
36 18
158 23
54 206
218 91
8 43
169 31
189 50
37 132
191 148
220 131
213 47
167 50
87 10
152 221
104 218
116 188
223 186
95 125
180 43
144 180
83 45
218 67
199 44
80 138
138 119
60 103
146 73
75 66
147 207
110 162
153 116
121 160
25 84
183 185
39 157
121 109
84 186
66 200
160 102
59 20
26 202
172 35
91 91
143 159
160 81
42 203
131 143
83 150
48 187
14 95
222 225
34 161
177 46
118 143
26 219
58 172
19 49
143 134
46 211
81 157
91 73
18 135
86 33
105 54
11 195
60 183
201 59
122 61
66 208
59 177
145 132
112 151
87 134
205 185
150 91
25 119
95 216
155 47
187 142
74 133
167 189
61 19
6 196
196 151
58 43
109 2
54 120
2 227
169 188
16 65
191 133
20 200
32 143
187 67
154 79
93 151
121 57
44 110
144 72
51 60
13 46
24 195
200 43
182 100
118 115
105 186
29 177
68 191
158 177
94 53
108 183
35 150
77 19
98 109
164 111
127 6
37 88
66 31
92 187
165 35
34 220
55 72
21 193
36 147
217 155
25 173
87 222
55 29
36 193
107 96
217 133
3 62
150 63
158 203
182 43
49 81
228 152
150 46
136 21
42 193
76 38
101 65
165 84
40 5
115 10
172 101
210 125
118 42
1 41
5 27
4 106
187 106
195 111
178 111
84 132
113 32
166 36
97 4
199 170
182 2
169 211
30 92
144 128
92 165
130 135
199 174
158 25
58 184
124 38
214 48
109 130
145 61
127 85
192 47
159 121
152 118
171 54
163 201
135 201
33 6
63 58
93 17
114 187
216 187
162 118
129 31
40 123
129 142
141 95
223 145
202 98
2 89
155 204
31 35
105 216
168 218
189 58
99 108
133 216
1 14
98 41
38 42
36 115
67 105
180 63
140 124
85 222
111 172
25 9
201 215
152 120
127 72
208 226
92 174
14 210
155 4
69 218
156 144
101 175
19 149
132 174
13 188
148 3
8 158
78 91
114 39
225 197
195 169
77 36
36 197
193 218
47 203
201 208
148 190
88 106
215 191
43 47
67 41
73 31
81 50
131 131
180 27
83 209
192 225
61 185
42 84
155 34
145 74
158 96
167 83
155 151
87 8
151 222
112 15
170 227
87 150
145 135
115 58
21 13
131 111
141 134
41 75
4 153
203 6
224 175
38 135
20 36
75 181
50 120
102 179
186 144
23 46
56 102
149 19
216 63
118 162
193 203
155 20
62 195
55 91
113 169
177 183
75 83
192 96
14 45
201 160
42 173
169 74
205 183
191 184
5 3
111 68
209 75
152 124
2 83
225 133
4 56
215 28
117 210
73 20
194 104
95 127
14 202
109 19
121 32
181 154
44 193
194 37
131 81
151 93
7 176
91 163
28 163
45 150
203 41
111 24
146 201
212 222
95 178
111 20
122 219
106 15
192 122
113 113
118 180
59 223
130 177
169 0
44 220
12 44
176 177
167 76
191 164
222 112
204 76
161 187
152 191
45 171
37 210
43 108
72 9
2 50
192 139
214 197
224 115
93 1
218 39
51 64
216 92
40 66
146 215
166 51
6 149
171 103
139 199
14 151
40 83
152 21
196 98
219 69
212 197
182 149
156 228
160 160
70 222
225 173
110 39
99 12
20 57
183 204
211 18
89 11
155 72
115 41
83 217
32 93
14 185
73 115
141 136
197 192
40 63
26 48
173 72
125 194
202 125
102 93
68 36
98 88
7 46
66 8
110 4
30 76
143 60
38 19
64 91
162 148
190 69
168 29
80 132
8 134
17 111
45 137
204 162
227 94
18 47
93 214
86 212
170 217
157 155
157 34
139 197
164 148
220 36
225 138
186 55
223 90
195 156
12 26
164 166
139 98
138 17
100 143
227 115
104 192
69 74
195 221
54 142
138 104
39 8
142 176
108 99
82 132
39 120
3 44
35 14
203 102
157 136
30 224
114 209
176 38
123 79
39 146
18 15
83 187
95 31
169 220
54 48
9 177
74 228
189 123
201 204
176 111
194 225
183 173
71 60
150 214
30 15
47 114
130 16
28 202
184 80
14 183
128 164
104 172
227 126
213 96
146 14
142 86
169 163
52 129
31 158
71 203
104 214
183 195
197 87
183 161
124 108
167 223
19 133
121 59
196 109
197 152
95 75
226 1
197 111
131 141
213 115
143 111
135 106
33 131
193 200
36 218
21 160
191 48
206 167
40 201
196 118
203 60
87 196
123 22
134 79
57 141
91 172
43 59
97 43
219 192
18 58
14 113
120 91
82 136
44 138
133 62
57 170
209 105
10 96
117 59
91 179
211 76
65 158
157 8
7 148
1 16
132 8
2 110
71 153
148 119
146 44
21 132
27 174
167 86
70 114
218 64
10 164
47 124
147 132
34 217
216 185
7 171
170 143
164 17
143 94
194 0
222 39
216 193
193 183
158 153
204 55
100 50
190 220
122 47
23 157
79 83
47 194
162 166
99 65
143 50
2 17
159 46
48 80
210 205
56 47
210 73
77 69
168 198
179 85
129 125
129 144
64 154
166 215
162 144
98 101
67 39
103 177
122 156
168 129
119 1
63 49
211 154
117 85
42 185
75 2
42 141
11 54
18 227
120 222
36 166
40 42
87 6
84 165
185 150
163 70
103 160
47 68
3 81
118 160
199 138
181 113
107 56
175 174
141 83
43 51
175 154
83 131
154 142
95 77
222 74
222 80
190 35
177 214
36 32
166 33
122 75
128 58
123 167
183 63
187 69
72 122
138 106
32 140
27 164
62 117
133 187
141 162
183 67
187 194
4 16
118 111
25 0
176 27
58 74
124 190
208 13
159 98
126 118
130 90
91 42
31 147
73 72
12 8
202 166
125 6
109 25
57 30
217 105
88 173
76 223
162 7
63 52
65 176
193 133
13 98
192 207
91 215
148 53
187 9
108 121
161 159
38 155
152 65
89 3
91 217
165 183
91 0
128 56
119 22
164 216
71 172
153 36
35 209
138 123
12 95
120 224
105 131
212 92
9 196
121 167
72 131
202 227
178 224
75 59
12 2
160 1
81 150
31 98
21 27
119 168
3 200
77 83
78 121
72 117
168 181
15 111
81 69
181 111
19 203
135 104
6 131
84 219
128 89
109 45
59 105
223 221
108 206
141 2
58 134
12 152
120 200
194 118
129 73
176 17
87 144
81 54
43 204
51 96
210 169
119 113
144 56
124 118
211 150
92 52
1 48
40 132
7 38
3 164
204 5
226 80
211 163
221 34
74 85
143 151
190 106
174 62
31 187
23 161
23 199
15 141
215 189
56 7
40 100
117 212
90 173
126 57
92 80
207 102
157 107
102 173
59 45
105 25
10 94
222 217
211 46
52 57
131 14
148 184
57 91
25 2
125 86
159 59
46 193
189 111
227 188
36 62
220 86
78 178
142 140
97 126
45 205
107 181
6 133
106 218
49 179
224 48
133 197
4 18
174 49
54 130
178 136
48 19
30 78
35 128
147 89
211 78
187 65
57 219
57 40
50 83
21 152
127 60
90 136
162 9
44 17
57 118
160 120
174 113
146 119
29 122
86 63
128 129
205 20
116 84
125 37
228 215
196 51
80 186
8 132
79 224
136 118
37 125
4 211
72 121
34 192
53 114
159 123
82 186
88 214
89 103
17 141
40 203
191 211
139 1
77 86
101 125
175 45
132 214
72 168
69 192
135 195
62 16
4 110
168 183
52 143
92 137
130 187
133 163
194 122
202 58
106 140
4 108
204 181
221 146
93 24
61 51
102 142
140 196
82 60
5 179
47 227
88 67
156 176
164 36
157 103
20 136
96 88
102 53
121 169
72 143
124 17
158 81
91 138
37 208
173 175
155 226
166 131
120 119
189 48
210 130
193 11
11 183
75 61
40 185
169 81
123 15
108 179
71 119
179 77
65 50
46 18
67 37
76 100
30 18
70 145
12 121
73 100
25 227
101 51
27 211
39 124
186 220
74 220
10 218
110 128
191 200
209 131
49 115
44 42
29 215
0 173
66 33
228 52
73 86
173 164
207 155
94 35
105 159
26 205
205 217
48 21
91 186
41 77
97 157
67 136
151 17
11 162
20 144
64 156
113 171
65 136
81 209
12 209
220 119
205 177
184 169
78 196
38 180
45 61
5 20
82 25
57 45
222 219
92 40
60 206
132 165
114 91
23 10
81 175
132 199
205 160
125 65
70 214
118 107
159 134
6 209
57 156
219 178
50 157
88 136
156 69
219 88
175 95
39 77
140 150
65 74
220 77
177 52
123 106
110 77
79 79
73 202
179 81
144 215
37 145
39 97
51 55
89 216
22 197
74 33
8 124
180 88
172 99
185 183
154 124
119 44
154 216
221 66
185 168
14 147
23 24
140 175
226 162
53 55
109 141
12 117
46 31
122 227
181 141
88 89
27 160
190 65
131 161
160 6
176 181
196 9
42 17
49 107
3 42
156 2
171 36
32 162
28 64
78 81
204 165
6 57
76 194
102 191
222 21
168 2
191 216
159 182
70 80
153 114
142 153
58 215
115 15
23 82
110 99
91 188
135 19
207 114
147 169
170 109
50 218
27 118
89 15
86 66
150 23
29 120
201 5
87 96
44 210
94 78
30 143
180 187
40 148
139 190
60 66
219 133
109 66
145 89
66 47
17 13
69 16
10 133
20 55
218 176
211 120
125 61
200 130
164 115
208 165
203 160
198 130
150 216
124 93
165 169
111 7
85 211
70 120
77 96
91 181
0 116
74 57
43 195
120 181
59 165
187 3
208 89
227 72
212 131
171 217
193 138
200 70
151 53
118 225
99 67
112 63
166 73
225 208
102 69
39 87
24 197
46 184
37 5
90 213
81 9
211 116
9 113
197 30
88 152
49 91
140 165
120 108
68 163
206 216
92 61
107 146
94 30
80 111
61 28
21 94
101 190
5 122
59 185
225 185
74 44
179 5
152 49
74 131
79 108
154 149
132 100
31 178
183 209
158 50
85 96
15 219
148 45
57 89
48 111
217 89
20 66
183 79
72 56
92 27
63 177
62 110
184 197
188 36
156 48
126 173
131 34
171 61
119 93
194 85
109 202
223 61
157 82
69 70
135 99
11 122
91 184
171 223
47 33
19 205
121 158
34 54
0 87
135 216
34 61
213 5
86 39
34 197
56 144
169 127
108 192
121 79
118 223
83 62
16 228
207 178
8 112
181 6
77 60
153 34
187 108
38 86
148 47
17 220
220 116
46 181
179 145
21 184
167 220
157 13
206 95
48 5
112 43
109 70
36 200
107 221
65 34
171 219
143 147
112 219
108 85
58 155
109 194
93 142
119 138
56 152
8 208
140 85
73 170
225 166
54 99
199 74
85 167
104 141
117 109
107 13
212 193
129 7
134 0
224 144
1 4
139 3
97 86
124 26
38 32
222 110
124 104
67 73
69 146
18 196
91 227
210 28
13 4
116 223
59 210
189 8
210 223
107 216
78 214
134 97
71 101
203 16
80 48
148 34
84 111
122 90
209 206
0 18
67 35
43 53
138 77
113 41
194 56
161 135
91 10
50 62
90 72
13 219
216 101
64 0
8 216
123 62
14 106
187 209
171 164
50 155
144 109
30 222
3 4
206 223
4 149
190 37
223 167
129 212
126 139
217 161
107 24
111 33
31 145
175 73
92 89
120 55
65 103
86 35
53 133
42 139
94 44
39 80
33 147
152 166
204 78
71 20
207 205
129 88
215 26
91 146
142 52
3 72
17 195
15 20
101 67
167 171
210 13
116 159
30 20
218 41
95 95
180 143
110 206
17 217
210 197
182 203
106 5
41 48
151 193
46 57
120 97
220 176
62 228
211 15
44 140
21 154
112 190
54 144
200 203
136 59
63 179
130 5
11 191
183 6
30 94
136 103
110 132
211 67
8 27
181 80
182 186
125 88
22 47
198 69
156 78
57 178
1 0
223 10
120 170
207 176
157 98
77 225
205 53
196 53
166 67
149 78
78 132
203 201
146 185
188 221
135 50
37 96
9 40
33 28
26 67
43 40
21 49
97 2
179 0
163 116
38 30
11 189
90 68
195 120
215 50
64 102
50 216
27 23
70 190
96 196
134 150
125 0
133 14
123 145
110 6
225 21
96 59
176 208
177 13
126 128
16 12
3 212
165 185
91 14
36 60
96 110
221 134
17 76
48 66
207 52
32 112
60 172
137 23
132 98
139 195
178 218
17 61
30 213
162 16
202 162
174 182
111 223
119 141
86 220
172 122
127 0
48 184
105 21
26 117
124 196
159 42
173 124
146 181
172 58
222 150
179 106
120 111
89 134
97 153
218 80
80 154
132 132
41 54
58 176
168 52
93 28
54 22
111 18
120 226
223 31
175 93
9 190
190 140
162 97
31 9
102 127
104 33
42 197
115 8
202 131
21 219
72 228
0 187
141 198
21 72
108 78
20 197
198 176
92 32
79 26
75 123
194 33
50 106
190 67
51 91
75 86
76 85
54 151
110 47
79 9
144 200
75 191
209 124
219 212
61 104
0 138
59 14
125 192
189 150
181 82
100 212
98 128
74 46
95 91
155 106
21 92
136 108
116 43
63 92
18 200
208 29
79 180
68 223
16 98
147 171
85 150
222 128
199 72
56 9
125 106
151 176
65 32
47 182
175 89
60 130
43 218
122 203
155 164
221 227
23 72
162 120
226 140
94 197
113 149
209 145
224 11
137 49
111 194
228 13
207 188
226 210
121 46
157 163
163 170
28 116
80 179
104 133
114 189
116 91
59 147
178 209
33 145
138 15
182 132
125 158
113 55
64 46
60 13
172 130
187 213
199 86
78 93
125 63
35 106
36 195
210 138
222 228
45 14
201 217
122 19
165 82
152 169
195 227
172 166
212 117
167 31
46 148
183 123
177 88
145 206
96 14
210 152
47 205
183 55
144 178
122 88
82 67
90 66
217 65
157 105
195 171
27 103
41 44
84 115
37 151
225 30
12 28
204 226
166 129
55 166
99 194
73 156
185 70
200 9
122 165
183 142
170 2
187 124
172 114
203 187
12 124
90 61
148 66
5 72
41 40
197 114
60 193
133 31
145 223
177 157
52 62
217 172
10 72
210 110
33 35
98 201
129 162
193 165
111 89
177 29
99 186
127 202
130 173
211 95
207 80
22 143
84 109
126 210
105 126
107 162
76 130
214 193
93 46
20 51
14 204
160 64
137 19
79 22
45 197
64 225
188 125
186 83
178 31
109 123
189 12
127 36
14 117
78 51
211 37
42 131
109 89
59 115
179 51
90 53
224 117
214 199
214 13
164 143
72 217
31 130
160 95
212 129
143 138
72 190
108 152
48 180
93 74
36 221
220 216
123 77
155 52
221 60
84 47
158 185
170 166
43 208
196 154
113 116
13 63
69 59
176 122
86 133
9 192
47 109
104 178
157 134
187 154
194 12
23 131
215 211
36 172
65 83
89 104
73 124
35 124
195 54
179 141
25 82
38 112
27 69
192 34
111 70
16 107
142 160
222 118
84 199
108 58
53 108
161 62
57 211
126 214
180 18
145 99
47 150
75 129
146 67
136 51
18 184
29 8
160 79
226 48
160 10
71 124
210 149
48 7
160 195
125 126
92 44
223 1
48 122
173 94
2 108
7 61
8 29
167 169
175 71
19 84
1 141
115 72
107 18
184 82
25 11
52 66
86 198
6 59
59 92
35 211
77 94
177 96
174 122
202 18
49 27
72 113
185 85
154 38
208 147
143 100
9 54
93 179
227 154
225 122
35 142
17 63
28 219
8 100
144 185
154 70
97 90
184 181
191 135
200 11
171 23
58 47
41 63
152 227
226 104
55 203
181 145
145 6
146 46
20 47
56 57
158 183
74 81
217 205
177 5
99 210
58 130
138 102
109 163
32 160
60 222
5 43
199 132
206 77
150 220
162 115
145 112
67 202
106 98
212 97
166 213
190 95
84 148
149 44
216 52
192 99
135 57
146 37
64 199
160 180
198 201
108 14
113 89
228 171
96 200
35 7
159 14
137 74
179 134
190 39
84 221
211 165
63 175
205 7
151 43
132 12
89 13
154 218
120 75
173 47
225 91
0 105
30 13
119 58
92 144
49 182
82 219
107 22
7 189
27 85
173 206
25 211
39 187
146 12
190 102
194 167
60 155
215 30
137 72
123 157
213 228
134 154
11 185
227 138
122 17
127 53
117 31
102 116
53 145
16 186
49 68
92 69
103 190
179 201
91 71
0 30
54 57
158 157
19 131
174 115
52 92
41 183
213 106
178 27
194 2
41 205
187 163
19 168
78 48
103 68
10 27
174 26
121 182
193 135
46 141
62 224
191 186
84 129
131 32
214 118
124 8
191 141
40 85
203 207
56 126
151 113
69 20
136 1
90 33
212 48
158 60
38 198
104 170
162 168
167 20
200 175
195 116
121 63
149 80
12 217
135 77
212 220
183 20
73 8
171 225
31 5
58 143
23 151
86 199
221 168
150 37
92 189
131 44
40 73
193 54
176 31
214 29
89 5
227 164
74 38
2 65
25 26
96 164
137 196
95 211
187 135
95 16
80 164
127 162
77 123
4 182
79 20
116 73
82 71
15 99
72 152
197 73
48 23
185 171
134 58
59 39
129 86
120 143
111 48
30 100
149 177
184 24
182 40
209 35
157 4
94 218
51 214
206 225
163 182
60 214
224 196
114 14
21 130
49 159
173 126
63 61
195 78
4 64
2 166
141 202
8 57
223 142
120 157
8 130
218 153
58 206
97 0
217 169
4 227
77 119
150 21
86 114
25 177
45 44
127 63
118 96
141 189
129 91
4 58
205 55
156 23
170 14
94 90
88 212
67 165
181 158
161 221
190 132
145 163
61 151
120 0
169 209
76 57
169 222
10 175
109 104
120 202
220 40
167 35
116 200
223 75
122 140
192 50
141 223
209 208
80 109
135 213
62 14
167 199
33 105
5 164
157 111
147 175
123 64
54 107
179 183
97 78
34 40
96 113
97 198
169 54
62 47
181 62
9 162
74 146
68 132
98 211
208 106
187 98
92 140
94 80
93 193
19 173
141 148
60 225
84 25
121 204
34 26
207 68
157 1
24 114
15 115
206 218
168 131
2 154
65 105
113 69
86 163
216 203
14 47
108 134
175 91
38 114
98 130
55 122
52 227
143 27
28 94
65 204
195 149
228 103
69 82
219 90
209 103
58 145
95 18
167 182
194 194
207 35
170 29
136 228
124 89
79 197
56 184
193 185
51 58
13 144
86 206
77 21
91 12
138 121
56 74
161 185
10 90
29 66
172 17
74 224
142 54
212 137
133 33
200 39
6 111
225 93
190 98
107 82
160 226
212 45
220 73
149 70
206 112
17 169
192 68
104 114
42 175
119 198
19 14
38 147
25 110
146 130
47 71
60 52
15 3
222 77
64 28
108 16
121 199
197 156
217 82
46 209
93 124
29 84
152 37
228 1
39 53
110 204
134 16
94 61
132 183
106 214
217 201
185 122
206 182
8 24
105 174
0 107
188 99
39 51
42 181
71 159
191 150
73 1
125 145
225 72
192 90
63 83
147 68
57 94
100 129
12 160
169 144
120 218
89 171
30 96
136 150
108 4
139 19
41 79
116 186
130 129
80 92
77 216
199 152
17 59
189 154
213 50
172 29
116 96
201 139
45 195
39 205
185 142
214 137
144 49
13 61
55 17
140 177
206 100
83 211
79 69
39 178
44 165
204 57
37 188
119 78
69 203
89 151
90 106
13 186
222 62
117 93
52 100
217 188
115 211
203 164
51 71
120 99
43 228
58 194
73 158
213 27
3 15
27 215
58 217
1 82
224 80
13 206
196 44
26 64
91 147
183 38
111 45
129 127
64 17
15 60
55 132
85 127
76 81
2 63
65 72
31 7
208 220
152 39
62 153
90 89
9 97
19 220
114 111
171 162
22 58
137 213
67 193
19 218
80 25
213 94
199 140
27 66
48 120
132 16
139 100
181 86
65 38
63 31
44 167
20 59
172 25
185 68
200 68
206 57
16 188
186 23
153 161
68 34
128 54
120 155
27 8
118 202
140 153
157 52
122 129
86 160
126 146
217 84
130 227
70 188
57 18
73 102
102 49
105 95
120 95
78 71
143 87
50 211
23 26
208 101
149 204
145 29
70 216
125 78
189 184
19 73
209 33
36 86
58 12
38 65
220 64
152 24
190 33
207 78
98 70
203 180
5 60
156 178
205 30
162 141
16 96
4 126
137 76
161 150
54 20
211 224
28 75
36 51
94 97
193 140
36 134
55 59
0 227
132 43
112 114
109 23
137 112
141 58
207 110
110 173
96 12
208 58
187 48
3 180
35 55
11 115
18 139
209 66
17 36
34 190
172 79
93 163
24 116
96 117
121 100
2 168
167 55
136 78
113 67
104 188
205 154
141 221
181 78
164 83
120 126
79 18
201 75
94 220
116 181
109 150
163 134
25 24
151 67
212 169
136 39
130 210
185 173
224 64
23 129
178 216
226 12
111 168
48 158
95 3
219 54
109 68
70 132
135 23
35 187
43 61
196 13
159 114
108 217
111 144
213 147
217 35
125 80
220 129
50 122
117 9
100 188
32 75
24 48
60 59
119 109
203 167
160 138
183 193
42 133
10 44
189 107
226 218
106 125
197 203
109 8
159 220
33 157
169 50
144 146
123 197
197 28
28 204
25 121
74 226
133 195
31 102
178 202
46 2
179 226
26 175
136 110
74 169
122 195
97 76
28 55
213 201
185 10
181 227
35 145
221 132
59 192
185 160
59 175
70 22
69 7
7 193
97 209
118 182
1 39
127 55
185 54
56 85
212 17
23 102
47 165
185 124
97 162
203 4
163 184
31 104
156 147
201 45
138 140
217 186
162 197
99 200
32 15
30 189
126 190
163 94
86 149
168 78
119 30
206 192
134 183
218 170
50 5
157 54
128 227
82 112
96 217
106 115
151 201
28 92
1 170
67 43
146 190
76 132
32 221
103 91
118 140
209 97
95 6
224 198
6 66
161 201
112 91
73 200
210 30
26 213
8 93
177 155
158 159
123 109
48 70
224 222
116 107
37 170
31 25
188 223
146 108
122 148
224 62
17 73
201 133
100 48
227 186
205 102
9 207
167 38
123 217
93 181
129 216
54 8
118 123
210 207
220 151
138 85
221 22
214 153
128 172
188 127
2 137
135 17
34 31
166 111
144 143
160 186
196 158
77 2
67 7
35 126
22 34
24 28
109 12
194 77
136 114
187 170
64 227
15 172
106 52
110 221
115 85
161 93
140 57
213 25
133 35
200 63
216 171
14 77
147 183
20 100
112 222
153 66
18 35
165 20
126 8
207 104
16 171
107 190
164 96
81 173
32 79
140 186
93 116
118 95
178 63
7 44
100 201
163 150
43 171
124 50
88 198
158 6
7 191
107 160
145 170
48 192
44 3
65 58
157 84
138 204
25 123
111 170
98 196
170 99
14 16
42 31
74 10
111 150
84 163
161 15
47 1
211 122
59 119
25 217
212 28
175 15
149 82
224 228
216 91
14 14
106 183
222 101
157 201
28 213
184 36
152 215
91 151
170 190
181 25
177 134
218 174
25 100
153 78
9 194
173 23
57 209
117 41
10 117
157 165
184 152
79 182
160 97
174 100
6 207
142 56
25 163
210 132
124 187
42 42
150 39
67 148
212 1
153 41
117 44
204 89
29 57
195 184
191 120
11 219
76 67
33 141
132 172
112 180
139 23
157 151
157 220
145 213
50 126
175 55
22 28
185 212
221 99
105 147
23 31
110 152
10 9
227 174
40 112
181 20
97 61
104 93
62 102
64 107
38 4
70 99
117 0
195 160
85 64
217 210
174 178
68 221
11 126
106 133
56 154
121 220
113 71
56 113
132 134
30 74
21 168
194 91
223 98
48 116
66 224
63 152
102 123
40 33
134 40
47 112
204 126
28 21
158 226
172 38
56 21
111 101
194 202
106 58
87 165
192 88
54 74
45 139
36 113
228 32
59 149
217 167
72 133
18 17
218 160
192 36
53 81
47 225
24 175
215 202
222 175
125 189
25 102
214 52
64 109
41 179
220 149
93 26
166 109
95 159
28 161
219 162
115 169
48 3
172 227
144 51
88 169
54 153
153 225
103 158
153 163
19 151
130 164
189 134
183 150
84 113
110 57
179 61
222 130
173 45
86 215
122 184
130 184
160 178
67 161
163 31
213 99
150 50
193 169
193 27
197 75
37 23
156 219
117 2
60 15
80 67
83 119
152 217
16 1
13 23
35 98
120 128
78 99
73 37
30 80
204 193
36 152
114 201
134 193
159 158
79 152
182 115
0 198
219 145
124 227
62 129
105 144
35 207
141 93
134 199
93 198
3 46
174 38
72 22
109 222
8 166
26 56
146 128
109 143
192 52
21 156
185 195
225 146
67 209
43 169
181 160
192 182
183 101
149 170
162 95
181 147
56 217
119 32
137 216
42 56
137 152
118 129
89 96
135 30
179 20
227 29
6 1
133 185
148 215
214 139
62 155
118 74
121 65
149 115
192 205
139 81
217 87
153 48
71 115
124 91
103 131
102 130
197 168
168 207
41 50
37 123
49 124
134 214
9 123
204 219
19 198
172 15
116 23
181 156
84 38
30 37
28 60
171 203
181 52
192 220
165 201
155 214
53 6
10 216
220 38
34 18
68 81
222 223
166 57
224 19
91 103
1 11
29 59
31 11
66 60
194 52
193 148
98 13
180 191
3 85
33 99
105 23
180 185
136 16
6 70
46 22
134 203
12 62
55 54
221 148
10 102
169 200
116 87
134 60
18 101
188 23
131 30
199 37
220 213
23 155
203 203
156 71
34 194
27 101
107 185
103 181
19 228
141 4
180 139
192 38
118 119
73 167
183 171
93 91
23 95
79 136
67 71
208 99
55 186
155 22
149 67
35 156
210 127
60 167
66 134
146 35
190 46
106 79
182 85
26 22
224 217
216 138
227 50
7 173
105 97
58 213
170 215
41 52
95 79
27 36
190 122
210 88
64 48
216 140
74 40
66 206
121 217
172 31
112 159
110 103
117 33
150 34
179 194
43 45
60 41
114 115
45 58
149 32
222 152
182 140
33 16
32 218
209 163
44 157
48 156
44 175
189 109
125 94
29 127
176 3
175 176
29 24
105 161
45 16
74 35
123 120
219 168
160 222
67 130
85 81
179 14
131 216
41 227
208 74
45 109
84 27
187 161
92 34
83 127
208 125
40 121
220 154
16 139
150 191
56 120
225 164
174 165
168 212
177 175
0 154
138 125
98 99
56 130
209 70
60 146
82 179
157 10
69 165
73 154
135 36
8 195
168 216
224 124
219 42
149 1
119 20
140 139
170 201
88 65
218 208
152 152
59 90
193 227
173 54
57 160
37 206
44 32
11 119
18 202
185 193
186 152
8 36
29 98
92 67
215 173
226 228
119 117
75 8
33 125
187 190
33 39
120 122
168 140
173 56
91 39
78 223
72 39
12 146
18 51
75 193
187 95
183 175
12 202
205 206
228 82
23 1
7 178
86 224
139 118
213 36
222 64
50 212
43 191
74 152
199 193
172 63
16 19
37 168
211 105
203 45
46 4
19 86
68 106
158 44
165 171
109 41
212 13
205 158
71 7
147 205
204 191
217 190
23 211
209 108
35 28
59 132
5 147
5 45
177 110
51 81
20 175
219 147
46 125
68 198
155 162
44 1
79 120
142 199
111 56
151 131
215 94
81 83
191 218
118 158
156 80
176 100
195 200
216 103
147 188
224 110
196 11
21 198
93 216
178 143
5 175
160 142
204 150
114 65
97 74
159 136
133 178
108 43
192 0
43 101
70 122
84 215
103 125
157 109
198 42
16 143
210 16
195 76
44 57
206 90
22 135
203 209
86 95
56 104
169 205
46 20
120 140
159 62
160 61
183 125
173 14
198 154
206 88
141 164
133 7
221 78
169 76
173 61
188 219
156 111
214 3
218 98
18 0
55 140
87 171
156 149
18 19
78 163
180 4
8 45
66 160
197 85
180 199
161 122
92 54
73 119
20 134
72 41
224 104
170 21
70 205
144 119
68 32
211 5
159 112
19 162
185 190
32 190
116 201
4 209
2 106
117 57
25 36
20 82
21 11
131 163
90 35
148 192
207 66
158 102
218 52
129 0
76 10
42 113
122 92
149 95
135 152
36 58
63 104
148 117
217 100
58 9
88 142
209 43
227 101
151 116
84 60
160 3
78 176
77 101
96 100
113 61
227 92
208 127
95 182
187 7
136 124
146 53
217 69
212 152
0 20
181 193
100 131
216 209
133 113
107 3
45 46
113 9
159 100
117 131
193 120
126 35
60 117
173 92
219 84
178 181
70 133
214 169
192 105
207 76
70 220
127 51
106 188
18 37
81 215
114 160
220 160
197 194
128 146
151 79
132 79
46 110
156 50
165 212
88 30
56 158
90 27
131 7
119 220
104 27
45 183
107 87
222 37
148 15
110 160
111 66
93 185
171 56
67 204
155 166
104 116
210 20
206 28
216 56
112 65
189 210
121 22
4 2
174 60
43 222
52 98
63 185
132 10
212 133
196 113
5 62
116 213
203 211
227 214
143 5
164 214
201 202
54 204
117 145
137 117
56 142
158 79
61 17
203 100
127 192
214 132
15 76
147 32
127 212
139 220
176 63
150 65
55 6
