46 168
196 86
31 142
194 191
144 84
127 177
108 151
4 38
79 134
185 209
43 226
141 201
39 199
157 204
157 21
93 36
9 70
65 107
60 212
8 68
56 212
126 124
175 124
179 202
176 26
226 102
163 147
110 44
18 205
93 75
31 129
63 85
20 102
6 27
112 193
123 100
206 187
193 223
5 165
120 130
89 7
127 215
108 187
125 140
80 156
152 166
147 1
37 64
172 205
60 30
101 172
222 184
158 99
72 225
8 204
24 161
140 24
7 111
125 138
81 134
83 188
126 50
200 143
153 204
76 0
113 31
186 191
70 206
222 164
95 193
144 96
131 212
59 157
202 8
160 71
111 183
219 191
51 73
139 83
10 159
95 93
134 29
152 75
84 207
182 190
69 147
27 60
123 183
219 66
122 24
189 105
159 110
134 108
16 203
169 169
131 145
59 42
192 210
15 97
170 125
16 85
8 55
133 106
60 43
196 84
108 162
186 19
141 149
12 92
168 112
177 98
212 3
53 64
177 193
56 12
128 61
112 213
222 116
226 74
66 81
228 194
51 47
51 69
93 152
30 162
43 207
215 100
170 132
112 47
87 32
192 32
173 207
38 82
93 183
151 41
179 154
27 10
52 71
182 137
154 146
139 163
205 67
192 101
149 172
215 35
183 159
78 165
43 183
207 184
163 167
190 167
125 157
159 184
131 36
133 173
147 179
208 123
222 121
69 72
135 156
79 12
31 185
67 123
13 189
122 98
173 37
72 145
148 36
128 141
191 132
71 9
50 187
73 60
61 91
26 162
153 151
156 224
35 221
178 189
159 157
201 178
133 112
87 210
37 15
176 47
151 77
127 200
152 35
207 165
123 199
136 121
187 48
220 165
160 78
16 172
204 59
32 38
95 76
36 20
120 184
88 167
193 151
109 81
157 213
209 205
17 83
124 201
31 103
54 102
80 214
24 213
54 85
112 223
211 226
102 186
165 55
180 109
35 191
12 183
8 115
73 44
14 118
111 93
145 120
67 134
157 188
225 95
142 83
166 180
42 16
110 56
78 193
177 37
108 54
179 53
201 11
157 83
94 120
53 53
107 201
73 54
13 76
124 215
13 122
83 108
125 54
183 210
49 83
173 33
134 175
91 70
16 183
84 50
69 130
52 127
217 86
66 163
143 136
0 198
163 19
57 102
93 58
108 126
128 210
156 142
180 63
191 209
181 107
20 46
142 142
95 161
68 200
207 54
62 52
27 120
60 179
158 48
4 228
7 71
85 38
116 170
124 35
62 82
164 73
26 177
133 22
65 18
163 186
162 80
168 202
85 130
138 126
66 176
21 138
40 209
75 96
38 84
117 23
194 219
33 159
161 46
170 78
172 13
153 214
206 189
3 172
150 164
86 200
216 37
186 4
155 160
180 132
17 46
215 66
178 26
171 124
137 100
69 205
122 50
224 140
188 68
186 57
178 133
116 39
31 220
123 156
105 142
6 55
186 126
87 162
29 175
217 14
68 62
39 95
173 19
4 224
84 213
44 172
137 115
153 202
210 97
16 78
66 198
19 160
184 191
23 154
117 21
44 181
125 119
61 173
218 36
208 32
121 126
50 195
211 135
170 64
141 151
33 188
153 153
139 17
11 8
97 46
31 83
41 99
112 32
90 142
195 96
105 190
221 211
226 136
194 31
79 85
142 188
33 42
171 130
223 223
119 212
204 125
94 118
154 224
28 18
95 45
197 202
206 163
203 216
46 16
128 214
46 210
8 103
17 151
173 90
8 22
220 72
126 141
226 82
160 202
64 14
92 218
144 3
129 35
47 179
8 197
72 99
51 211
110 218
118 46
177 17
143 24
3 125
132 39
188 138
172 21
207 157
191 224
75 119
27 122
43 165
149 206
36 63
221 18
136 105
172 113
74 82
133 71
140 134
76 121
221 176
35 131
104 51
60 195
181 19
31 16
199 91
78 160
191 124
226 193
175 60
155 213
136 111
45 69
131 163
183 146
23 160
23 137
6 123
77 192
140 132
220 80
109 22
147 14
16 17
74 222
108 220
62 146
190 46
205 70
20 33
92 138
184 86
82 153
176 156
100 124
144 7
49 69
95 197
213 195
122 108
75 36
82 46
45 22
8 96
155 217
11 193
73 204
225 33
33 130
80 192
188 152
45 164
28 217
184 148
163 188
86 113
68 187
179 204
95 4
39 49
75 102
105 53
182 207
35 30
83 52
154 200
42 57
29 130
57 113
174 181
37 186
2 139
3 87
32 115
80 50
179 156
224 162
124 24
95 122
224 134
48 214
129 172
17 170
59 219
23 228
85 209
2 85
47 157
127 16
46 6
196 28
168 165
21 159
116 11
113 10
213 171
160 42
196 170
20 168
108 105
84 63
22 117
178 131
190 100
166 127
124 185
61 147
161 64
209 225
211 119
28 82
149 187
132 41
75 34
37 99
105 220
159 25
52 131
56 132
217 99
53 5
82 72
112 12
61 199
67 222
145 98
28 102
71 34
198 172
128 191
173 16
141 146
223 100
104 175
171 81
15 75
163 46
226 34
21 227
174 126
91 149
50 24
150 49
187 86
179 87
123 87
106 127
121 142
145 106
13 74
77 92
184 140
20 142
65 85
35 16
22 30
156 108
140 189
68 217
8 163
203 218
52 106
89 9
187 211
181 84
20 29
77 180
117 127
17 100
18 79
203 20
121 21
169 58
225 186
143 112
27 50
15 113
20 172
180 207
84 118
26 199
177 187
171 115
183 83
164 68
1 51
100 42
158 138
193 51
193 100
50 7
126 25
157 113
2 19
184 0
144 215
131 151
148 177
212 139
188 140
115 216
1 21
130 198
195 135
25 215
197 90
199 61
15 228
225 142
104 113
137 4
124 49
150 16
30 109
59 207
220 68
205 20
183 81
190 104
125 28
159 92
7 40
38 209
223 33
205 75
221 32
103 143
187 223
7 42
190 193
110 192
15 3
166 75
54 104
92 119
30 81
97 17
202 176
42 2
111 9
71 192
57 214
107 66
211 122
57 167
98 155
192 172
114 212
140 221
68 189
5 41
65 161
29 91
70 199
207 72
31 111
216 2
202 43
67 60
152 142
11 98
114 57
21 205
158 140
126 32
213 7
202 77
207 152
10 176
227 172
185 78
188 10
160 13
106 181
226 116
34 140
26 19
215 195
223 176
104 182
55 92
6 25
167 172
159 152
98 80
173 75
35 133
150 219
12 118
161 152
196 183
148 186
82 117
114 11
182 0
119 160
105 222
211 35
136 38
203 178
157 46
209 79
178 44
61 227
192 192
159 44
15 11
220 88
39 223
184 174
207 186
5 83
125 200
194 193
216 212
137 80
109 101
182 53
148 93
51 152
165 71
148 180
59 155
85 153
102 132
87 153
214 208
201 163
64 81
73 42
58 117
60 63
95 11
143 99
201 206
59 18
166 189
51 116
192 49
80 177
102 30
78 10
99 44
84 83
74 189
11 73
108 7
210 155
35 5
188 212
57 27
133 179
224 218
100 70
1 1
88 99
148 173
188 66
208 97
149 131
51 184
50 66
104 31
136 204
170 141
142 137
183 69
149 129
219 79
1 195
106 123
186 141
53 80
123 188
40 222
210 221
75 42
79 24
0 213
61 220
131 112
29 147
205 152
118 91
25 50
202 225
204 211
34 52
192 66
185 153
181 184
85 162
69 207
57 19
217 54
208 153
28 108
91 16
22 172
111 217
198 111
108 76
15 109
223 92
72 83
24 79
32 77
200 38
51 80
29 68
147 49
0 89
183 22
158 3
92 59
23 33
6 153
171 19
222 209
123 160
130 42
76 147
107 141
179 89
40 182
108 103
62 87
116 34
76 178
5 162
81 70
191 182
173 177
208 150
71 53
74 171
101 145
189 9
115 149
183 19
103 66
129 199
50 20
168 209
115 32
96 42
62 197
116 13
18 84
62 33
223 78
144 203
39 172
177 94
94 163
223 161
192 103
145 109
77 23
13 140
67 85
54 127
107 203
226 123
96 155
35 189
79 175
178 100
5 24
210 147
119 100
135 5
117 63
14 208
159 4
51 5
35 154
2 143
143 224
4 181
194 199
71 156
77 167
8 165
104 28
199 10
82 178
218 2
163 21
19 183
109 83
214 117
146 186
120 120
107 84
187 111
95 180
177 90
213 55
198 8
28 104
156 146
152 48
30 186
114 192
195 88
144 72
131 71
185 17
143 222
84 36
214 18
69 9
76 215
110 181
134 110
34 108
183 2
145 1
52 21
138 3
164 197
95 190
226 212
175 102
138 1
160 141
59 221
115 180
195 223
91 32
80 54
33 128
99 72
188 5
89 89
226 9
30 113
125 147
82 213
17 21
36 57
152 164
61 191
87 208
171 183
0 83
209 53
224 182
195 217
204 3
181 54
145 207
22 134
222 73
143 97
215 98
3 48
119 145
158 9
62 61
61 170
149 18
115 56
127 38
151 203
224 136
108 128
184 176
165 173
18 186
81 81
193 221
153 144
92 30
120 197
160 8
4 139
219 211
168 75
223 196
158 133
168 110
149 54
201 137
56 184
13 149
81 90
13 21
38 200
71 72
153 122
27 53
165 32
79 101
188 97
206 4
6 125
210 118
187 134
22 115
23 12
36 59
66 44
107 194
151 205
19 65
154 120
39 133
176 219
45 226
136 154
209 77
68 122
75 203
93 145
195 13
70 70
38 196
163 35
110 91
45 203
117 138
227 211
158 228
195 32
151 55
216 153
32 40
39 32
87 169
27 175
52 150
150 189
182 43
81 128
59 16
16 205
111 42
208 190
225 125
76 145
221 20
145 31
113 6
223 131
29 9
139 152
208 88
68 75
27 97
39 40
169 80
55 170
113 215
5 226
41 46
191 168
30 218
149 52
111 11
93 49
64 36
47 212
209 55
206 221
32 133
143 54
0 80
52 215
210 114
133 100
37 8
113 217
34 144
56 18
182 112
107 132
185 20
23 80
160 204
59 171
79 95
40 81
7 126
45 112
158 53
138 154
217 207
11 148
48 125
127 145
154 109
19 54
180 158
91 26
97 193
152 81
4 137
1 210
121 145
48 81
6 23
106 17
228 116
5 66
47 177
195 9
13 109
139 115
56 71
62 89
129 9
34 114
24 92
134 38
77 182
201 61
71 166
148 89
147 11
97 19
37 222
124 198
170 0
169 215
223 12
218 166
169 114
125 167
71 55
133 37
11 186
87 101
171 139
56 115
169 204
10 25
181 114
39 152
127 126
70 146
159 224
158 150
95 33
138 50
93 15
53 83
32 107
215 104
206 34
109 185
124 142
88 160
14 188
96 159
5 190
186 24
121 118
61 119
39 30
19 141
41 87
128 14
21 174
203 29
172 181
80 165
177 102
93 193
209 16
20 77
123 186
146 33
39 76
210 167
24 46
186 139
38 21
204 43
179 79
200 77
139 122
74 144
32 12
170 224
166 69
94 43
21 151
54 91
113 45
204 176
120 132
193 203
182 209
167 167
119 204
107 223
210 27
116 64
136 202
74 98
13 10
209 116
228 164
137 211
105 27
137 58
195 160
63 226
223 133
139 161
102 211
57 207
69 201
126 143
73 218
125 56
144 161
88 27
15 22
80 195
213 16
134 197
178 3
145 48
134 13
110 87
45 207
170 35
195 30
2 152
227 32
166 39
51 22
173 43
209 227
186 71
225 65
150 119
223 113
52 228
114 214
123 129
75 201
118 121
197 92
10 135
179 130
71 154
104 95
10 95
130 140
65 28
5 81
66 132
76 221
209 20
142 202
184 56
119 227
20 2
87 103
134 80
196 116
115 162
130 40
122 66
70 5
1 154
54 116
45 114
207 167
219 135
14 138
202 101
52 51
28 36
175 37
82 194
206 124
219 18
80 127
209 87
153 79
170 113
131 61
200 177
3 141
39 114
50 78
28 59
114 87
220 56
49 109
114 222
214 93
40 4
201 135
11 157
96 120
188 3
89 33
143 187
44 101
217 0
81 52
100 146
118 200
146 117
104 171
225 114
109 201
91 152
85 147
115 113
178 107
19 82
200 210
132 60
172 45
76 98
12 24
218 56
95 124
76 40
215 155
197 200
77 53
26 36
36 127
115 89
216 174
203 140
136 73
111 64
6 194
64 61
12 147
209 112
83 48
184 41
11 40
111 180
211 103
160 228
34 170
80 216
1 33
38 122
215 16
169 60
212 203
202 141
213 104
38 7
90 60
174 31
224 102
125 52
94 47
83 134
212 42
49 64
103 188
91 161
39 208
36 39
166 210
54 100
38 150
224 211
98 107
87 4
112 162
56 146
58 121
211 44
201 40
159 103
25 115
212 149
205 205
75 170
182 87
73 191
106 192
98 111
158 94
133 153
18 168
71 97
85 52
5 47
206 32
17 201
219 119
56 160
8 101
64 30
182 24
180 205
195 158
12 115
168 22
228 48
145 46
176 181
36 156
79 161
225 49
0 49
7 162
188 84
137 75
69 98
86 26
10 124
28 62
81 118
79 167
152 219
173 168
47 155
182 3
38 53
5 110
57 193
175 217
228 1
194 137
105 66
81 107
131 132
127 87
107 205
96 129
29 35
4 40
35 171
109 79
95 157
143 59
224 8
171 200
227 215
21 182
227 20
202 144
197 62
157 144
39 99
156 202
93 1
158 72
103 146
150 228
140 141
16 62
43 99
122 215
190 152
210 195
123 127
7 205
170 182
151 33
39 44
49 228
165 19
207 197
200 41
210 219
147 130
52 94
111 13
12 15
80 160
4 152
54 149
206 208
214 200
208 222
26 51
111 126
56 128
83 81
60 197
57 129
220 213
45 0
111 166
169 56
119 64
114 63
132 177
103 32
79 158
106 51
37 153
205 179
116 111
69 166
164 34
166 53
132 185
206 60
92 121
228 21
47 30
127 162
135 101
119 76
65 223
223 225
52 96
130 214
212 208
62 175
147 91
180 134
45 106
152 19
6 18
128 33
59 168
74 56
43 167
167 57
175 29
41 133
125 92
186 37
17 193
16 14
85 216
143 162
95 2
27 24
93 161
88 133
87 94
136 215
110 23
228 139
118 170
115 70
140 16
68 83
61 107
185 6
64 109
14 144
4 79
119 56
18 195
51 107
89 144
62 29
97 34
6 228
223 147
104 4
109 144
33 104
169 37
54 50
121 75
99 110
168 142
97 97
106 77
59 166
37 29
126 38
166 184
79 110
120 19
188 166
57 205
127 227
165 114
29 5
210 136
36 53
168 211
158 11
68 135
42 34
222 104
142 6
115 30
22 82
100 68
102 28
156 6
34 20
53 151
1 180
18 143
179 46
83 111
6 147
215 53
33 209
198 78
163 72
33 223
54 52
81 45
159 180
40 97
206 155
50 227
4 176
152 223
137 21
140 77
207 146
175 208
17 67
13 93
141 57
100 106
7 174
20 185
146 63
93 92
77 161
21 0
228 10
20 139
69 124
107 143
32 26
38 169
158 222
215 1
107 80
107 125
223 66
226 51
224 73
188 56
170 102
52 24
2 209
41 73
52 48
112 189
93 122
22 32
182 65
31 101
48 118
203 205
191 10
193 98
128 175
42 192
211 0
111 40
58 71
61 150
142 144
178 191
38 221
222 35
204 224
25 197
133 5
82 26
50 180
221 144
185 39
182 183
168 132
114 43
198 71
114 35
216 176
55 84
144 141
208 68
86 128
107 20
196 140
129 99
81 12
5 39
192 30
9 218
71 218
20 60
169 20
123 194
28 51
155 121
18 99
115 109
58 29
1 197
36 18
158 23
55 206
217 91
9 43
169 31
189 52
37 132
191 148
220 131
214 46
168 50
87 10
152 221
103 218
115 188
223 186
94 126
180 44
145 179
83 45
218 68
198 45
81 137
137 119
59 102
147 73
74 66
147 206
110 163
153 116
121 161
26 83
182 185
38 157
121 110
86 187
66 201
160 102
59 20
26 201
172 35
91 90
144 159
159 82
41 202
131 143
83 151
48 186
15 94
221 224
33 160
178 47
118 144
27 219
57 171
18 50
143 134
44 210
81 158
93 72
18 135
87 34
106 54
11 195
60 183
200 59
121 61
67 208
60 177
145 133
113 150
86 134
205 185
149 91
25 119
95 216
155 47
187 143
73 133
165 187
61 19
6 196
195 151
58 43
108 3
55 123
1 226
167 187
17 65
191 134
21 200
32 144
187 67
155 78
94 150
121 57
44 110
146 71
51 61
13 47
22 194
199 43
184 100
118 115
106 186
28 177
68 191
158 178
95 50
109 183
35 150
76 19
98 109
165 112
128 7
37 88
65 30
93 187
165 35
34 219
54 71
19 193
36 148
217 154
25 173
87 221
55 28
36 193
107 95
217 134
3 62
151 63
158 203
181 45
50 81
228 153
150 47
135 22
43 194
76 38
101 65
166 84
40 6
115 9
172 102
209 127
118 43
2 41
4 26
3 107
187 107
194 110
179 111
84 132
114 33
167 37
97 7
198 169
181 2
170 211
30 92
146 127
91 165
132 134
199 173
157 25
58 183
124 37
214 48
109 130
142 61
127 85
191 48
160 121
152 118
170 55
164 203
134 201
33 6
63 59
93 17
113 187
216 188
161 116
130 30
40 123
130 142
141 96
223 145
203 99
2 88
155 204
31 36
104 216
168 219
188 58
100 108
133 216
1 13
98 42
38 42
35 115
66 105
178 62
139 124
85 221
112 172
25 9
201 215
152 120
130 73
208 226
93 173
15 210
155 4
69 218
155 144
102 176
19 149
132 174
13 187
149 1
9 158
79 91
113 40
226 195
195 169
77 36
36 197
193 218
47 203
201 208
148 189
88 105
214 191
43 47
66 41
72 32
82 50
130 130
180 27
83 209
192 225
61 184
41 85
155 35
145 73
159 96
168 84
155 151
87 8
150 223
112 14
170 227
88 151
145 135
115 58
21 13
132 110
142 133
40 75
3 154
203 6
224 174
39 135
19 35
75 181
49 120
103 178
185 144
22 46
56 101
150 19
216 65
117 163
194 204
156 19
62 195
55 90
112 168
177 184
76 83
191 97
15 46
202 159
42 173
170 74
205 183
192 184
5 3
111 68
209 75
153 124
2 83
225 132
3 57
214 29
117 211
75 21
194 104
94 128
15 202
109 20
120 29
181 154
45 194
193 37
132 81
151 92
6 175
90 163
28 163
45 150
202 41
110 25
146 203
211 222
95 178
111 21
122 218
107 15
192 122
113 113
117 181
59 223
131 178
168 228
42 221
13 45
177 179
167 77
190 165
221 113
203 76
161 188
152 191
44 170
36 210
43 108
73 10
2 50
192 139
214 197
224 115
93 3
218 38
51 64
216 93
41 65
146 217
166 51
6 151
171 104
139 200
11 150
39 83
153 21
195 98
219 70
212 197
182 147
156 228
159 161
70 222
226 173
109 40
97 11
21 56
182 204
211 20
89 11
156 72
115 41
83 216
32 94
14 184
73 115
142 135
196 192
39 63
25 48
172 74
125 194
204 127
102 93
68 35
98 88
7 46
67 8
110 4
30 77
141 59
38 19
64 89
162 149
190 69
168 30
80 132
8 134
16 111
47 137
205 161
227 94
17 48
93 214
86 212
170 218
157 156
156 37
138 198
164 149
220 36
225 138
186 55
223 90
196 156
12 26
164 165
138 98
137 18
100 144
227 114
104 191
69 74
195 221
53 142
138 104
38 9
142 176
107 99
82 132
38 120
4 44
35 14
203 102
157 136
31 224
115 210
176 38
125 77
39 146
18 15
85 189
96 32
170 220
54 48
8 176
74 228
189 124
202 204
177 111
194 225
183 173
71 60
149 214
30 15
47 114
129 16
28 201
185 80
14 182
127 166
103 173
227 125
214 96
146 15
142 85
169 163
52 129
31 158
71 202
103 215
183 194
197 88
184 161
125 109
168 223
19 133
121 59
196 109
197 152
97 75
225 0
196 111
132 141
213 116
143 110
135 107
33 132
193 201
36 218
21 161
190 50
205 167
39 201
196 118
202 60
89 197
123 23
134 78
57 141
92 171
43 59
97 44
218 193
19 58
13 113
120 91
82 136
45 138
133 62
57 169
210 105
11 96
117 59
91 180
211 76
64 158
157 8
7 149
1 15
133 9
2 110
71 152
148 119
147 45
21 132
27 173
167 86
70 113
218 64
11 163
47 124
147 132
34 217
217 186
5 171
170 143
164 17
142 95
195 0
221 39
216 193
194 183
157 153
204 54
101 50
190 220
122 48
23 158
80 83
48 196
162 166
99 64
143 50
2 17
159 46
49 80
210 207
56 47
209 73
77 68
168 198
179 85
128 125
129 144
64 154
167 216
163 143
98 100
67 39
104 177
121 157
167 129
119 0
63 49
212 154
117 86
42 185
75 1
43 141
9 54
17 0
119 221
34 168
40 42
87 6
85 165
185 150
164 70
103 160
46 67
3 81
117 161
199 139
180 113
108 56
176 175
141 82
43 51
175 154
83 130
154 142
96 77
222 75
222 80
190 35
175 215
36 32
166 33
122 74
128 59
123 168
182 63
186 69
72 122
138 106
32 140
26 164
62 117
132 187
141 162
183 66
187 193
4 16
118 111
25 228
175 28
57 73
124 190
208 14
159 98
125 117
129 90
92 41
31 147
72 71
15 9
202 164
125 7
108 26
56 29
216 106
88 173
76 223
162 7
64 51
65 174
193 133
13 97
193 208
91 215
147 53
187 8
107 121
161 160
37 155
152 64
89 3
90 217
164 183
91 2
128 57
119 22
165 216
71 171
154 36
35 208
137 122
13 95
120 223
105 131
212 93
9 196
121 167
72 131
203 227
180 225
75 59
14 1
159 1
81 151
31 99
21 27
119 169
1 199
78 83
78 121
72 117
168 181
14 111
82 68
181 111
20 204
134 105
7 131
84 218
127 89
109 46
59 104
223 220
107 207
142 2
57 134
9 150
120 201
194 118
132 73
175 17
87 144
82 54
43 203
50 96
210 169
119 113
142 55
123 118
211 151
93 51
1 48
40 131
9 39
4 164
205 5
227 80
212 163
221 34
75 84
143 151
190 106
173 61
31 187
23 162
23 198
15 142
215 189
56 8
40 101
118 213
91 173
126 58
93 79
207 103
157 107
102 174
59 45
104 25
11 94
221 217
212 46
53 57
131 14
148 184
57 91
26 1
125 86
158 59
47 194
189 112
227 187
37 62
219 86
78 178
142 140
96 127
44 205
108 181
6 133
106 218
49 179
224 47
132 197
4 18
174 48
54 129
177 137
47 18
31 79
35 129
146 89
211 78
187 65
58 218
57 40
51 83
21 153
126 60
88 137
162 9
43 18
57 119
161 119
174 114
146 119
29 121
86 64
127 128
204 22
116 84
126 36
0 215
196 51
82 186
8 132
79 224
135 119
36 125
4 210
72 120
34 192
52 115
162 122
84 187
88 214
89 101
17 141
40 204
190 211
140 1
78 86
101 125
176 45
132 214
72 168
69 192
135 195
63 15
3 111
168 183
52 143
91 137
130 187
132 164
194 122
202 58
105 140
4 109
204 181
221 146
93 25
62 50
101 142
140 197
83 60
5 179
47 227
89 67
156 178
164 37
157 103
20 137
96 87
103 53
121 169
72 143
124 18
158 81
90 138
37 208
174 175
155 226
167 131
119 119
188 50
210 131
193 11
10 182
75 61
40 186
169 82
124 16
109 179
71 118
180 76
65 49
45 18
66 37
76 100
30 18
70 144
11 120
74 100
24 226
102 51
28 212
38 124
186 221
75 220
11 218
110 128
191 202
208 132
49 115
44 43
29 216
0 172
66 33
228 51
74 86
172 165
208 155
95 35
105 159
25 203
204 217
48 20
92 186
40 77
97 157
66 136
151 18
11 161
19 144
63 156
113 170
64 136
82 208
13 210
221 120
206 177
184 169
78 195
39 180
43 61
5 20
83 24
57 45
222 218
94 41
61 206
131 166
114 91
23 10
81 176
131 199
206 159
124 65
69 215
118 108
159 135
6 209
57 156
219 177
51 156
86 136
157 68
218 88
176 96
38 78
139 150
66 75
220 77
177 52
124 107
109 77
80 79
73 202
179 81
144 217
37 146
38 97
52 55
89 215
22 196
73 33
8 124
181 88
171 100
184 184
155 123
119 45
153 216
221 66
186 168
14 148
23 24
140 176
226 163
54 55
108 140
11 117
45 32
122 226
181 141
88 87
26 160
190 65
129 162
160 6
175 182
196 8
41 18
49 107
4 42
156 2
171 37
32 162
29 64
79 81
205 165
5 57
76 194
102 191
223 20
167 1
191 216
159 182
71 81
153 114
142 153
59 215
116 15
24 82
109 99
92 188
134 20
208 114
149 168
170 111
51 217
27 118
89 15
87 66
152 23
29 119
201 6
86 96
43 209
95 78
30 143
179 188
40 148
141 191
62 67
219 133
109 65
146 87
66 46
17 13
67 20
10 133
19 56
218 175
210 120
125 61
202 130
163 114
209 165
204 159
200 129
150 216
124 93
164 169
111 7
85 211
69 120
77 96
91 182
0 115
74 58
44 196
119 182
61 165
186 2
208 90
228 73
212 131
172 217
194 139
199 70
151 53
119 225
100 66
112 63
166 73
224 209
102 69
39 88
24 196
47 185
36 6
90 213
82 11
211 116
9 113
197 31
89 152
50 93
140 165
120 108
68 163
206 216
92 61
107 145
94 31
81 111
60 28
22 92
101 189
4 123
59 184
224 184
75 44
179 5
152 50
74 131
79 108
154 149
131 100
30 177
183 208
157 50
85 97
16 220
148 46
57 89
48 110
217 89
19 67
183 79
72 56
92 28
64 176
60 109
184 196
188 36
156 48
126 174
131 34
170 62
119 93
194 85
109 204
222 60
156 81
68 70
135 99
10 122
91 184
172 223
47 33
19 206
121 159
34 54
1 87
135 216
36 61
213 5
84 40
34 196
56 144
168 127
108 192
123 77
118 223
83 62
16 1
207 179
7 113
181 5
77 60
153 34
187 109
37 86
148 48
18 220
221 118
46 181
178 144
21 184
168 221
157 13
208 95
47 5
112 44
109 69
36 199
107 221
64 34
172 219
142 147
112 219
109 85
58 154
109 194
92 142
119 138
57 152
7 207
140 84
73 170
224 166
53 98
200 74
86 167
103 141
117 110
107 13
211 193
130 7
134 1
225 144
1 3
140 3
97 86
124 26
38 33
220 111
125 105
67 73
69 145
18 197
91 0
209 29
13 3
116 222
59 210
189 7
209 223
106 216
78 214
133 98
71 101
205 18
81 48
148 34
84 112
122 90
208 207
0 17
66 35
43 53
138 79
113 42
195 56
161 135
91 10
50 62
91 72
14 220
216 102
64 0
10 216
123 62
12 108
187 209
170 165
51 154
144 108
31 222
3 3
206 223
4 150
189 37
222 166
129 212
127 139
219 162
106 24
112 35
31 145
174 73
92 88
121 55
65 104
86 36
53 133
43 139
93 45
38 80
33 147
150 166
203 78
73 21
207 206
129 88
214 27
91 146
142 52
5 69
16 195
15 20
102 67
166 171
210 14
115 160
29 20
217 40
94 94
179 142
109 208
17 218
210 197
181 203
106 5
41 48
151 193
46 57
121 97
220 175
62 228
211 16
45 140
21 155
112 191
54 144
200 202
136 59
64 178
131 5
11 191
183 5
30 94
136 103
110 132
210 67
8 26
181 80
181 186
125 88
21 48
197 69
157 77
58 178
0 0
223 9
120 171
208 177
157 98
77 225
205 53
197 53
166 67
149 78
78 132
204 201
146 184
188 221
135 48
36 97
9 41
33 28
27 68
44 41
20 50
97 4
181 227
163 116
37 31
11 188
91 68
195 120
215 50
64 102
50 215
27 22
70 190
96 195
133 151
125 0
133 14
123 146
109 6
225 20
95 59
176 207
177 14
125 128
15 12
3 211
165 185
91 14
38 60
96 110
221 134
18 77
48 65
207 52
32 113
59 173
137 23
131 98
138 196
177 218
18 61
31 214
162 16
203 161
173 183
110 222
119 142
86 220
172 122
128 0
49 184
105 21
25 117
124 196
158 42
173 124
146 181
171 59
221 150
180 105
120 112
88 135
97 153
218 80
82 155
133 131
42 54
58 176
168 52
94 29
54 21
111 19
120 226
223 31
175 93
9 190
190 140
163 97
31 9
102 127
105 32
43 197
115 7
203 132
21 219
72 227
0 185
141 199
20 74
107 78
20 197
198 175
93 32
80 26
74 123
193 33
50 105
190 67
52 92
76 86
77 84
55 150
110 47
80 10
144 201
75 190
209 125
218 212
61 104
0 137
59 14
124 192
189 150
181 82
100 212
98 128
75 46
95 91
156 106
24 90
136 109
116 43
63 91
18 201
207 30
79 180
68 223
17 98
148 170
85 151
222 128
199 72
55 10
126 107
150 174
64 32
47 183
175 89
60 132
40 220
123 203
154 163
220 225
21 75
163 118
226 140
94 195
113 148
209 146
225 10
137 48
111 194
228 12
207 188
226 210
120 46
155 162
162 169
27 116
80 179
104 133
114 190
116 91
58 147
178 206
33 146
138 16
182 132
125 159
114 55
64 45
60 12
172 129
186 213
199 87
79 93
124 63
34 106
36 195
210 138
222 227
43 14
201 217
122 20
167 82
151 168
195 227
172 167
212 118
167 32
46 148
184 123
177 88
145 205
96 15
210 153
46 205
183 55
144 177
122 88
83 66
90 65
217 66
158 105
194 171
26 103
41 44
84 116
37 151
225 31
12 28
204 226
165 129
57 165
99 193
73 154
185 70
200 7
123 166
183 142
169 1
187 124
173 115
204 187
12 124
90 62
148 65
5 71
42 40
195 114
60 193
134 31
145 224
178 157
52 62
217 172
9 72
210 111
33 36
97 201
128 164
191 166
111 89
177 29
100 185
126 201
130 174
212 96
207 80
21 144
85 110
126 210
104 127
106 163
76 130
213 193
92 46
19 52
14 204
159 64
136 20
79 22
45 197
64 225
188 126
187 82
178 31
108 123
189 11
128 35
13 117
79 52
211 37
42 130
109 89
58 115
179 51
93 53
224 117
213 199
214 14
164 141
72 217
31 131
160 94
211 129
143 138
72 190
109 152
48 181
95 74
36 220
220 215
123 75
155 52
220 60
84 47
157 186
169 167
41 207
196 154
112 116
15 64
69 60
176 123
86 132
9 192
47 108
105 179
157 134
187 153
195 11
23 132
215 210
37 173
66 83
89 103
73 124
34 125
196 55
179 140
26 81
38 113
27 69
191 34
111 70
14 108
142 160
223 118
85 196
109 58
53 108
160 63
58 211
126 213
179 19
145 100
47 150
75 129
146 65
136 50
18 184
29 7
160 80
226 47
160 10
71 124
210 149
48 7
164 195
125 126
92 43
223 0
48 122
174 95
2 108
6 61
8 28
167 169
172 72
20 83
1 141
115 72
108 18
185 82
25 11
52 66
87 197
6 59
59 92
34 210
77 94
177 96
174 122
203 18
51 26
72 113
186 84
154 38
208 148
143 101
7 54
93 179
226 155
224 121
35 142
18 63
29 219
9 99
144 185
156 70
96 89
184 182
191 136
200 9
171 23
58 47
41 62
151 226
226 104
56 203
180 144
146 6
147 47
19 48
56 55
157 183
75 81
217 205
177 5
100 210
58 131
137 102
108 164
31 160
61 222
5 43
201 131
205 77
150 221
161 114
145 111
67 202
107 97
212 98
167 213
189 96
84 149
150 45
216 52
191 99
135 57
146 37
64 199
161 181
199 201
109 14
113 89
228 170
96 199
35 7
158 14
139 75
179 136
189 39
84 220
211 165
63 174
205 7
151 43
132 13
89 13
154 218
120 74
174 46
225 91
0 105
30 13
119 58
92 144
49 182
82 218
107 22
7 189
27 84
174 206
26 212
39 187
145 13
190 102
193 167
60 153
215 31
138 73
123 158
213 228
134 154
11 184
227 138
122 18
127 53
117 30
103 114
52 145
16 185
48 67
92 68
103 189
177 202
93 70
0 32
55 57
157 158
19 131
174 116
54 93
41 184
214 106
178 27
194 2
41 204
186 164
17 167
79 48
104 68
10 27
174 26
121 182
193 135
46 142
63 224
191 186
84 128
132 32
214 119
125 9
192 141
39 86
203 207
57 127
152 113
71 20
136 2
91 34
212 48
157 61
38 198
102 171
161 168
167 20
201 175
194 116
121 63
150 80
13 218
136 76
211 220
182 20
74 9
171 225
31 4
57 143
23 152
86 198
220 167
150 37
93 189
130 44
39 74
194 55
176 31
213 30
89 5
226 165
74 38
3 66
25 25
95 164
136 197
96 210
187 136
95 16
79 163
126 164
76 123
2 181
78 20
117 72
83 70
15 99
73 150
198 74
49 22
185 170
134 58
59 40
129 85
120 143
111 49
29 100
149 175
184 24
182 41
209 36
157 4
94 218
50 213
206 225
163 182
60 214
225 194
114 14
21 130
50 158
172 126
62 63
196 79
4 64
3 166
140 203
7 57
223 142
119 158
9 130
217 152
59 205
97 2
216 168
3 226
77 119
151 21
86 115
24 176
45 45
126 62
119 97
143 190
127 91
3 58
205 55
156 23
170 14
94 89
88 212
68 165
181 159
161 221
189 133
145 163
63 151
121 228
170 209
76 57
170 222
9 174
110 104
121 203
219 40
167 35
116 200
224 76
123 140
191 51
141 223
208 209
81 109
135 213
62 13
167 200
32 105
6 164
157 111
147 175
123 64
54 106
179 184
98 78
34 40
96 112
97 197
168 54
63 47
180 61
9 161
74 146
68 132
98 211
208 107
186 99
91 140
94 80
94 192
18 172
140 148
61 224
85 24
121 205
34 26
206 68
157 1
23 114
14 115
206 219
169 130
1 156
64 106
113 69
86 163
216 203
15 48
108 134
175 91
37 115
98 130
57 122
52 226
143 31
28 95
65 205
195 149
228 103
70 83
219 90
209 103
58 145
95 18
166 182
192 194
207 36
170 30
136 0
123 89
79 197
55 183
193 185
52 58
12 145
86 207
77 21
91 12
138 120
55 73
161 185
10 91
30 66
172 17
74 224
141 54
212 136
133 33
199 40
5 112
225 93
189 98
107 82
159 226
213 44
220 74
148 68
207 113
16 168
192 68
106 113
41 175
119 199
19 14
38 148
29 110
145 131
46 71
60 52
15 5
222 77
63 28
108 16
121 199
198 156
218 82
45 209
93 124
29 83
152 37
227 0
40 54
109 206
134 16
94 61
133 183
105 214
216 201
186 123
206 182
8 24
105 173
0 107
188 99
39 52
42 182
72 158
191 150
73 1
125 145
226 72
194 89
63 83
147 67
57 93
100 129
12 159
167 144
120 218
90 171
29 96
135 150
108 5
138 19
40 79
115 186
129 129
81 92
78 216
199 152
18 59
189 154
213 49
172 30
117 97
201 139
46 196
40 206
185 142
214 137
145 50
14 62
55 16
141 178
206 101
83 211
80 68
39 178
45 166
204 57
37 188
120 77
69 203
90 151
90 105
12 185
221 62
117 93
52 100
217 189
116 212
204 163
50 71
120 98
43 228
58 194
73 157
212 28
3 15
27 215
59 217
1 81
225 80
14 206
196 45
27 64
92 147
183 39
111 46
128 127
64 16
16 60
54 131
85 126
77 81
2 64
65 73
31 7
208 220
152 39
62 153
90 87
9 97
20 221
114 111
171 163
23 57
137 213
67 193
19 219
81 24
213 94
200 141
28 66
47 120
131 16
139 100
181 86
65 38
62 31
44 168
21 58
173 24
185 68
199 68
206 58
16 187
185 22
151 160
68 33
129 55
119 156
27 8
119 202
140 153
157 52
121 128
86 160
127 147
216 84
131 227
70 188
57 17
73 102
103 49
106 94
120 95
78 70
144 86
48 210
23 26
208 101
149 204
145 29
70 217
126 75
190 184
19 75
209 34
35 87
59 12
39 65
220 64
154 23
190 33
207 78
98 70
203 180
4 60
157 180
204 31
162 141
17 96
5 126
138 77
160 150
54 19
211 224
28 77
36 51
95 96
194 141
37 134
57 57
228 227
132 43
111 114
108 24
138 111
139 58
207 111
109 171
95 13
208 58
186 50
3 179
35 55
10 115
17 139
209 66
16 34
33 190
172 80
92 163
23 116
96 118
121 100
2 167
167 55
136 78
113 67
105 188
206 154
142 221
181 78
165 83
119 126
78 18
201 75
93 220
116 183
109 150
162 137
25 23
151 66
212 169
136 40
130 210
185 172
224 64
23 130
177 216
226 11
110 168
49 156
95 6
219 54
109 67
70 131
134 23
35 187
41 60
197 12
159 114
108 217
110 143
212 147
217 35
127 77
220 129
50 122
116 8
101 187
31 75
23 48
60 61
119 110
203 166
160 139
183 192
42 132
11 44
189 108
225 216
105 125
198 203
109 8
159 221
32 157
169 51
143 145
122 197
197 29
27 203
25 121
74 226
133 195
29 102
177 204
45 2
182 225
25 175
138 109
74 168
122 195
98 76
28 55
213 201
186 10
183 227
35 146
221 132
59 192
185 160
60 175
71 22
70 7
7 193
98 209
118 183
2 39
127 55
184 54
56 85
212 18
22 101
48 166
185 125
96 162
203 4
163 184
30 105
155 148
201 45
138 140
218 187
162 196
98 199
32 14
30 188
126 191
163 93
86 149
168 78
118 29
206 191
135 184
217 170
49 5
156 54
129 227
83 113
96 217
107 115
152 201
28 93
1 169
65 42
146 190
75 132
33 221
103 91
118 140
209 99
96 8
225 196
6 67
162 202
112 91
73 200
209 31
27 213
10 93
177 155
157 160
123 110
47 69
224 222
116 108
37 171
30 25
188 224
146 107
123 148
223 62
17 75
201 133
101 48
226 185
205 103
9 206
168 39
123 217
93 181
129 215
54 9
118 123
210 209
219 151
138 85
222 22
214 154
128 173
188 128
2 137
135 18
34 32
167 113
144 143
159 187
197 158
76 2
68 7
35 127
21 34
24 27
109 12
194 78
137 113
187 170
64 227
14 172
107 52
110 220
115 86
161 93
138 56
212 26
133 35
199 63
215 170
14 78
147 182
20 100
112 221
153 66
18 33
165 21
127 9
208 105
15 170
108 190
164 95
81 174
33 79
140 187
93 117
118 95
177 61
7 44
99 200
162 151
42 171
124 51
88 199
158 6
7 191
107 161
147 169
49 194
44 3
65 60
155 83
138 203
25 123
111 170
98 195
169 100
14 16
41 32
75 11
111 149
84 163
160 15
47 0
210 122
59 119
26 217
211 29
175 15
150 82
224 227
215 91
14 14
107 183
221 102
158 201
29 214
184 37
151 215
92 150
168 188
181 25
177 135
218 173
24 100
153 77
9 194
173 22
57 209
117 41
9 117
156 164
184 151
79 182
161 96
174 100
5 206
140 56
24 163
211 133
125 187
42 42
150 39
67 146
212 1
153 41
117 45
204 90
29 57
195 185
191 120
12 220
75 67
33 142
131 172
113 180
139 23
157 152
157 220
146 215
50 125
174 56
22 28
185 211
221 100
105 147
24 31
111 151
13 8
228 174
40 112
180 20
96 61
104 93
62 102
63 107
38 5
70 99
117 0
197 160
85 65
217 210
174 179
69 221
11 126
106 133
56 154
121 220
113 71
55 114
133 132
29 75
19 167
195 91
222 98
48 116
66 224
64 152
102 124
40 34
134 40
47 112
205 126
27 20
157 226
172 39
56 20
111 100
195 202
107 58
87 165
194 87
53 73
47 140
36 113
228 34
59 149
216 166
71 133
18 17
219 160
191 36
54 82
46 225
23 174
214 202
222 174
125 189
24 102
214 51
62 109
41 180
219 149
93 27
166 111
94 159
28 161
221 161
114 168
47 3
172 227
144 52
89 169
55 153
153 225
103 158
152 162
19 152
129 166
189 135
183 149
84 114
111 57
179 60
221 130
174 44
86 214
122 184
131 183
160 179
67 161
163 32
213 100
150 51
193 169
194 29
198 76
37 22
156 219
118 2
61 15
81 66
83 119
152 217
17 3
14 23
34 99
119 128
78 99
73 37
32 81
205 193
35 152
114 202
134 193
159 159
80 153
179 114
228 196
219 145
124 227
59 130
105 144
36 206
140 94
134 199
93 197
4 46
174 38
73 22
108 222
10 165
27 57
145 129
109 142
193 53
21 157
185 195
225 146
68 209
42 169
182 161
193 182
186 101
150 170
162 95
181 145
57 216
119 31
137 217
43 55
137 152
118 129
88 95
135 30
178 20
227 30
6 1
134 185
148 216
214 139
62 155
118 74
121 65
150 113
193 206
139 81
216 88
154 49
71 115
124 91
103 131
102 130
197 168
169 207
41 50
36 123
49 124
134 214
8 122
204 219
19 199
172 15
115 22
181 157
83 38
30 37
29 60
171 204
181 52
192 220
166 202
155 215
53 7
12 216
220 38
34 17
68 81
222 222
165 57
223 18
91 102
1 11
30 59
30 11
66 62
195 53
193 149
97 13
180 190
4 85
33 100
105 23
179 186
136 16
7 69
47 22
134 203
13 63
55 53
221 148
10 101
169 200
116 87
134 60
18 101
188 23
132 30
198 38
218 214
23 156
204 203
158 70
34 194
26 101
107 185
104 180
19 0
142 4
181 139
191 38
117 119
73 166
183 171
93 90
23 94
80 136
67 71
207 99
54 184
155 21
149 66
34 156
209 129
61 167
65 134
146 35
189 48
106 79
182 85
25 21
223 216
216 138
227 49
5 173
105 96
58 213
170 216
41 52
96 79
27 34
190 122
209 89
65 47
216 140
74 40
67 206
121 216
171 31
112 160
110 102
117 32
150 35
179 193
43 45
61 41
113 115
45 59
149 33
221 152
183 140
33 15
32 219
210 163
45 155
49 154
43 175
189 110
126 94
29 128
175 3
175 177
29 24
105 162
44 16
73 35
122 120
218 168
160 223
67 130
85 81
179 16
131 216
41 227
207 74
45 108
84 26
186 162
93 34
82 126
207 125
40 121
219 153
15 140
150 191
56 121
224 164
174 166
169 213
177 177
228 155
136 124
98 98
56 130
207 70
60 146
82 180
157 10
70 164
73 152
135 36
8 195
168 217
224 123
218 42
148 228
119 20
140 139
170 202
88 65
218 209
151 152
59 90
193 227
172 55
58 159
38 206
43 33
10 118
18 203
185 193
186 151
11 38
29 98
92 66
215 172
226 227
118 117
76 9
33 126
187 190
34 38
120 122
169 140
173 57
93 39
78 223
72 39
14 146
17 52
75 192
186 96
182 175
13 203
205 207
228 82
24 1
6 177
87 223
138 117
213 36
222 64
49 212
44 192
74 151
198 193
172 63
16 19
36 169
212 105
203 45
45 4
20 85
67 107
157 44
164 171
108 42
212 14
205 157
72 8
147 204
204 191
216 191
24 211
208 109
35 28
58 133
5 149
5 45
177 109
52 82
19 174
219 147
46 126
68 198
153 161
43 1
79 119
142 200
112 55
151 130
215 95
82 83
190 218
117 159
156 79
176 100
195 200
217 104
147 188
222 111
197 10
21 198
92 216
177 142
4 174
161 143
206 150
114 66
98 74
159 137
134 177
108 44
192 0
42 101
70 122
84 214
103 125
157 109
197 43
16 143
210 18
196 77
44 57
206 91
22 136
202 209
85 95
55 103
170 205
46 20
120 140
158 63
159 61
183 125
174 14
198 154
206 89
141 164
134 7
221 79
169 76
171 61
188 219
156 110
214 3
219 99
18 2
55 140
88 171
156 150
18 19
77 163
180 3
9 45
66 159
198 86
178 200
162 120
95 52
73 119
20 135
72 41
224 104
170 21
71 204
144 118
67 31
211 5
159 112
19 162
185 189
32 189
117 202
4 208
2 106
117 57
25 34
21 81
21 11
130 164
91 36
148 191
207 66
158 101
218 52
130 0
77 11
41 114
122 92
150 94
135 152
38 58
63 104
148 117
218 101
57 10
88 142
210 42
227 101
151 115
84 61
160 3
78 176
77 101
96 99
114 61
227 92
207 127
95 182
187 6
135 122
145 53
217 70
212 152
0 19
181 192
100 131
216 208
135 112
106 3
44 47
113 8
160 100
118 131
193 120
126 34
60 117
174 92
218 84
177 182
69 133
214 169
192 105
207 76
70 220
127 51
107 188
17 35
82 215
114 161
221 159
196 194
129 146
151 79
132 79
46 110
155 50
165 212
89 31
57 158
90 28
132 7
119 220
103 27
45 183
108 87
222 37
148 16
110 161
111 66
93 185
171 57
67 204
154 165
105 115
210 21
205 30
215 55
112 65
189 210
121 23
4 1
173 59
42 223
51 98
60 186
133 11
213 133
194 112
5 62
116 215
202 211
227 213
144 5
165 214
202 202
55 204
117 145
136 117
55 142
158 79
61 17
204 101
126 193
214 131
15 76
147 32
127 212
141 219
175 62
150 65
55 7
