45 168
195 86
30 142
192 192
144 85
127 176
107 151
5 38
79 134
185 210
41 227
141 201
38 199
157 203
156 21
93 37
9 70
66 106
61 211
9 68
57 211
128 125
173 126
179 202
176 26
225 104
162 148
109 43
18 205
93 74
31 128
63 86
21 101
6 24
112 193
123 100
206 186
193 224
5 166
120 129
90 7
127 215
108 186
125 139
80 155
152 166
148 1
38 62
172 207
60 30
101 172
224 184
157 100
71 226
9 204
25 161
142 23
7 111
125 137
81 134
82 190
125 50
195 140
153 203
76 226
113 30
186 193
71 206
221 165
96 192
142 96
132 213
59 158
201 10
157 71
111 183
219 190
50 73
139 82
9 160
95 93
132 28
152 74
82 208
182 191
69 147
25 61
123 183
219 66
120 25
189 105
159 111
133 108
17 204
169 169
131 144
58 42
192 211
16 96
168 124
16 83
6 55
133 106
59 44
196 84
108 160
184 20
142 150
13 91
168 112
176 97
211 2
52 64
176 193
55 12
128 60
113 213
222 116
225 75
67 83
227 193
51 49
50 69
93 152
30 161
43 206
216 100
171 131
111 47
86 33
191 31
173 209
38 81
95 183
151 40
180 155
27 11
51 71
183 137
154 146
140 164
206 67
192 101
148 171
215 37
183 160
80 164
43 184
206 183
165 167
190 166
125 157
160 186
131 35
135 174
146 177
208 123
222 122
68 72
136 156
79 12
32 185
68 122
13 189
122 98
173 37
73 145
148 35
128 140
191 132
71 9
50 186
73 60
60 88
27 162
152 150
155 224
35 222
178 190
158 158
200 177
133 112
85 211
37 17
176 46
151 76
127 200
152 35
207 164
123 199
135 120
187 47
219 165
160 78
17 172
204 59
31 38
95 75
33 21
119 184
88 169
193 152
108 82
157 214
209 205
16 81
124 201
31 104
54 102
79 215
27 213
53 85
113 223
210 226
102 185
166 55
180 108
35 191
12 183
8 115
72 45
15 119
111 93
146 122
67 134
159 189
226 95
143 83
166 180
44 15
109 57
78 192
177 36
108 55
178 53
200 13
156 81
95 121
54 54
104 203
72 54
14 77
125 215
13 122
83 108
125 54
183 210
49 81
173 33
135 176
91 69
15 182
83 50
68 130
51 126
217 86
66 163
142 137
228 197
163 20
57 105
93 58
108 127
129 210
157 143
180 65
191 210
181 106
19 47
142 142
94 161
68 200
208 54
64 53
28 120
60 179
158 49
5 0
8 72
85 38
117 171
124 37
63 83
163 74
26 177
134 22
66 14
164 187
161 80
168 203
84 130
136 125
65 178
22 139
40 209
76 97
38 84
116 21
194 220
33 159
162 47
169 77
173 13
154 214
207 188
2 173
149 164
86 201
216 38
187 5
153 159
182 133
16 47
215 66
178 25
170 123
137 100
69 205
121 50
224 141
188 69
186 56
180 134
116 40
31 220
123 156
105 141
4 55
188 125
87 163
30 176
217 15
69 62
38 96
173 19
5 225
83 213
42 172
136 115
153 201
211 98
17 79
66 198
19 161
184 192
22 154
117 20
44 182
125 119
61 174
218 37
209 32
122 126
49 193
211 134
171 65
141 152
34 188
152 153
140 17
12 9
99 44
31 82
40 99
112 32
89 141
195 96
105 189
222 211
224 137
193 31
79 83
141 187
32 42
171 129
224 223
120 212
204 125
96 119
153 224
28 19
97 45
197 203
206 163
201 216
48 17
128 214
46 209
12 102
16 152
175 90
9 19
220 71
126 141
226 80
160 201
63 13
91 219
144 1
129 35
47 179
9 197
73 98
51 209
110 218
117 47
177 19
140 21
4 126
133 38
188 137
172 21
206 157
191 224
77 119
28 122
42 165
149 205
37 61
222 18
136 105
171 114
73 82
134 70
139 135
77 121
220 176
35 130
104 52
61 196
180 20
31 16
198 91
78 159
193 123
225 192
176 61
156 213
136 111
44 69
129 161
185 145
23 160
23 138
7 123
76 191
138 133
222 81
110 22
147 14
17 16
72 222
109 219
63 147
191 46
205 70
19 33
92 138
186 86
82 153
176 157
100 124
145 4
48 69
95 196
213 195
123 110
73 36
81 46
45 21
9 95
156 217
12 192
73 203
224 33
33 129
80 191
187 152
44 164
29 217
185 147
164 189
86 113
67 188
179 204
95 3
39 49
74 102
105 54
182 207
33 30
82 52
153 199
43 56
29 130
56 114
174 181
37 186
1 139
3 86
32 116
79 50
180 157
224 162
122 25
96 123
223 136
49 212
131 172
18 170
60 218
23 228
84 209
2 84
47 156
128 17
46 6
196 28
168 165
21 160
117 10
114 10
212 171
162 44
196 170
21 168
107 104
84 63
23 116
180 132
190 100
166 127
123 185
61 149
162 64
208 224
213 120
28 81
149 186
134 40
73 34
36 99
105 219
159 24
52 131
56 132
217 99
54 5
82 72
114 12
62 200
66 222
142 98
28 102
69 34
197 172
128 191
174 17
141 146
222 101
104 175
171 81
15 75
163 46
226 34
21 227
171 127
90 149
50 25
150 48
188 85
180 87
124 86
106 127
122 142
143 107
13 75
77 93
185 139
21 143
65 86
35 17
22 31
155 109
142 189
67 218
8 164
201 218
52 106
90 9
187 211
182 84
21 29
76 179
119 125
17 99
19 79
206 19
120 21
170 59
226 187
145 112
25 50
16 113
21 172
180 208
84 118
24 200
177 188
169 115
184 83
162 68
1 52
101 40
157 139
193 52
193 99
50 6
123 27
157 114
2 19
186 0
146 213
132 151
148 177
213 138
189 139
115 216
2 21
130 198
194 134
27 215
196 89
199 60
16 226
225 143
107 112
137 4
123 49
149 16
31 110
60 207
220 68
208 17
184 81
190 104
122 29
159 93
8 40
38 210
223 34
204 76
221 32
103 142
187 224
8 43
190 195
110 192
14 1
164 75
53 104
93 119
30 81
96 18
202 176
41 4
112 9
71 192
57 213
107 67
212 122
58 167
98 156
192 171
115 212
141 223
67 190
6 41
65 162
30 91
70 199
205 72
31 113
215 0
201 44
68 60
153 142
12 97
113 57
22 205
158 141
125 33
213 5
201 78
206 152
10 176
226 171
186 77
187 12
160 13
106 180
225 115
33 140
26 20
215 195
222 176
105 182
56 92
7 22
167 173
158 152
97 80
171 77
35 132
151 219
13 119
160 153
197 184
147 184
82 117
115 11
184 228
119 160
105 222
212 34
137 36
203 177
157 47
208 79
178 43
60 226
191 194
161 45
14 11
220 88
38 224
186 173
207 185
5 82
125 200
193 193
216 212
138 81
109 101
182 53
147 92
52 151
163 72
147 179
60 156
84 153
102 131
87 152
215 208
202 163
65 83
72 43
57 117
61 63
95 13
141 99
202 207
59 18
168 188
50 114
192 50
80 178
103 28
78 10
100 42
84 81
73 189
11 74
108 7
209 155
34 4
188 212
59 27
133 180
225 218
101 71
2 2
90 99
148 173
189 67
209 98
148 133
51 184
49 66
105 29
137 202
171 142
141 138
183 68
149 131
220 79
0 193
106 123
187 140
55 80
123 188
40 223
208 220
74 42
80 24
0 211
61 220
130 111
29 148
204 152
118 91
23 50
201 224
205 211
35 52
192 69
184 152
180 185
85 163
69 207
58 20
218 53
208 153
29 109
91 16
23 173
112 217
197 110
107 76
15 109
226 91
73 84
24 79
33 77
201 38
53 79
28 68
147 48
0 88
182 24
157 3
92 60
22 34
7 153
171 19
222 209
123 160
132 42
77 147
107 140
180 89
40 183
108 103
64 88
116 33
77 177
4 163
82 70
192 182
174 177
207 150
70 53
72 171
101 143
189 11
114 149
182 20
103 66
129 200
51 21
167 208
115 31
97 40
63 198
117 12
18 83
62 33
224 78
144 203
39 171
178 94
93 163
222 163
192 103
146 109
78 24
14 141
67 86
53 127
106 203
226 121
96 156
35 189
81 176
178 98
5 21
209 147
118 100
135 5
118 65
16 208
158 5
51 5
35 153
2 142
145 223
4 180
193 201
71 156
79 166
7 166
104 27
198 12
82 179
217 228
163 22
19 181
108 84
216 118
145 185
121 120
106 85
188 111
96 179
178 90
215 55
198 9
28 104
156 146
152 47
30 185
113 191
195 88
145 72
132 71
183 18
144 221
85 36
215 19
69 9
75 216
110 181
134 110
33 110
185 1
146 1
53 22
138 2
164 199
97 191
225 211
176 101
137 0
160 141
59 220
115 181
195 223
90 32
79 54
33 127
99 72
189 6
88 89
224 10
31 115
125 147
81 214
17 20
38 55
151 164
63 192
86 209
171 183
1 82
209 53
225 182
194 218
205 5
180 54
146 206
22 134
222 72
140 97
215 98
3 48
120 146
158 9
62 61
61 169
148 18
115 56
128 38
152 202
222 138
108 129
187 175
165 172
18 185
80 80
194 222
154 144
91 31
120 197
160 8
3 138
219 210
166 74
222 194
158 133
168 110
149 53
200 137
56 183
11 149
79 90
14 21
36 200
70 71
152 122
26 53
165 33
78 103
187 97
207 6
6 125
211 118
187 133
24 114
24 13
38 57
64 44
106 193
151 204
21 65
153 120
39 132
174 217
43 227
136 154
208 77
70 121
75 202
92 145
194 14
69 70
36 196
164 36
110 91
44 202
117 140
227 210
157 228
195 32
151 54
215 153
32 40
37 31
86 171
28 176
53 149
149 188
182 42
81 128
59 16
17 206
110 41
209 188
226 123
77 145
221 20
146 30
114 6
223 133
29 10
139 152
208 88
68 75
29 97
39 40
169 79
56 171
114 215
6 227
41 46
192 167
31 218
149 51
112 11
94 47
64 36
47 211
210 55
205 220
31 133
143 54
1 79
52 213
211 114
134 100
36 7
114 218
33 144
56 19
181 112
107 131
183 22
22 80
161 203
59 170
79 96
40 81
8 127
45 112
155 54
138 154
218 207
10 147
48 125
127 144
153 110
17 54
179 159
90 27
98 193
153 80
3 136
0 209
122 146
49 79
7 20
108 17
227 115
7 66
48 177
194 9
13 110
138 115
55 71
62 88
129 9
34 115
22 90
135 37
76 181
201 61
72 164
146 88
148 12
96 20
37 223
124 198
171 228
169 214
221 13
217 166
168 114
125 168
70 55
133 36
11 186
88 100
173 141
55 116
169 205
10 23
179 113
38 151
127 127
71 146
157 224
157 150
94 33
139 49
92 16
53 83
31 108
216 104
208 34
109 185
124 141
88 161
15 188
95 160
6 191
186 25
121 118
60 118
37 29
19 142
41 86
129 15
22 174
204 30
172 181
82 164
178 101
94 192
210 17
20 77
122 186
146 32
38 75
211 166
23 46
187 138
35 23
203 44
180 78
199 77
138 122
75 144
32 13
171 223
164 70
95 42
20 151
54 91
112 45
204 176
120 131
193 205
181 209
168 167
119 204
107 223
211 27
116 65
137 200
75 99
12 11
210 116
227 165
137 212
105 25
137 57
194 160
62 225
222 134
139 162
102 212
58 206
70 201
126 143
73 218
125 56
145 162
88 26
16 22
80 193
214 17
134 198
179 2
145 48
134 12
110 88
45 206
170 36
195 30
3 153
226 32
166 40
51 23
173 40
208 227
185 71
225 66
150 118
222 113
49 228
115 214
124 129
75 200
119 121
196 91
10 133
181 131
70 154
105 95
11 94
130 139
66 29
6 81
66 132
74 222
209 21
143 202
184 56
119 227
20 1
88 102
136 81
198 115
115 162
132 40
122 65
70 5
2 155
53 116
45 114
209 166
217 134
14 139
202 101
53 52
27 37
175 37
82 192
206 124
220 18
79 127
209 89
154 78
169 113
130 59
199 176
2 140
40 114
52 77
26 59
114 87
221 54
49 109
114 222
215 93
39 3
199 135
10 158
97 121
189 4
88 34
143 185
43 102
215 227
80 52
99 144
118 200
146 118
104 171
224 113
106 201
91 152
85 147
114 113
179 106
18 81
202 211
132 58
173 42
77 99
12 22
219 55
95 125
74 40
215 155
197 201
77 54
25 36
36 127
115 89
215 174
200 141
135 74
111 64
7 195
64 61
12 147
210 113
82 48
186 41
12 41
111 180
212 104
159 228
34 169
78 217
1 32
38 122
216 17
170 61
214 203
198 140
214 104
38 6
90 61
173 31
223 103
125 52
95 46
83 134
211 42
48 64
102 187
90 162
39 208
35 39
166 210
56 101
38 149
223 210
96 106
89 3
112 161
57 147
57 121
210 44
202 40
158 104
27 115
211 149
205 205
74 169
184 87
73 191
106 191
98 110
157 94
133 153
19 168
72 96
84 52
5 47
207 32
16 202
219 120
56 160
10 100
64 30
182 26
180 206
195 158
12 115
168 21
228 48
145 46
176 181
35 155
79 161
225 49
0 50
6 162
189 84
136 75
70 96
87 28
10 124
26 63
80 119
81 166
153 219
173 167
47 154
183 3
38 52
5 111
58 193
176 216
0 2
194 137
105 66
81 107
132 131
127 86
108 204
96 129
29 35
4 40
35 170
109 80
94 158
142 59
222 10
171 201
227 214
20 180
227 21
196 142
197 61
158 145
38 99
157 201
93 0
155 70
103 144
148 226
140 141
18 63
42 100
123 215
189 153
211 195
124 127
7 205
170 181
151 33
39 44
47 227
165 18
209 198
200 42
208 218
147 131
53 95
112 13
13 15
80 159
5 153
55 149
207 209
215 199
206 221
25 52
111 126
55 128
82 79
61 198
57 129
220 212
43 0
113 168
170 57
119 63
114 64
133 177
104 30
79 157
106 52
36 152
204 179
116 111
70 165
164 35
167 54
133 184
206 59
92 121
0 22
44 30
125 163
135 101
119 76
64 223
223 225
54 97
131 214
213 208
61 176
146 90
182 135
44 107
151 19
6 17
127 34
59 168
73 56
42 167
168 58
174 30
40 133
126 92
187 37
17 194
16 14
84 217
143 163
95 1
27 25
92 162
87 132
85 94
137 215
111 24
228 140
118 169
114 70
141 16
68 84
62 108
185 7
66 108
15 145
5 79
118 55
19 196
50 107
89 143
62 29
96 34
7 0
223 148
105 4
108 144
33 105
169 38
54 51
121 76
99 108
169 142
96 97
105 77
59 166
35 29
126 39
167 184
79 110
121 20
189 164
58 204
126 225
164 114
29 6
210 136
36 53
168 210
158 11
68 136
40 34
221 105
143 4
115 29
22 82
100 69
102 27
155 6
32 20
54 151
1 178
19 144
180 45
82 111
5 147
216 53
33 210
198 79
161 72
33 223
55 53
80 45
159 182
39 98
205 156
48 226
4 177
151 224
138 21
139 77
206 146
175 209
20 67
14 92
141 57
98 104
7 174
19 183
145 64
93 92
77 161
22 0
226 11
20 140
70 123
107 142
29 29
38 168
156 223
213 228
107 81
107 125
223 66
225 51
224 73
187 55
172 103
52 25
2 208
40 72
52 51
111 189
94 123
21 33
182 66
32 102
47 118
204 206
191 12
193 97
129 175
40 193
210 228
111 40
58 71
62 151
142 144
178 192
39 222
222 36
203 223
25 198
133 6
83 26
50 181
222 144
187 39
182 184
169 132
113 43
196 73
114 35
215 176
55 84
143 141
208 69
85 128
109 20
194 139
130 101
81 13
6 39
192 29
11 217
71 219
21 60
169 19
123 194
27 51
154 122
19 98
115 109
59 29
1 196
34 19
157 23
56 205
218 92
9 44
169 32
189 51
37 131
191 149
220 130
213 46
168 50
88 9
152 223
104 218
114 188
224 186
94 127
180 43
144 177
82 44
218 68
197 45
81 137
136 118
59 104
146 75
77 67
148 206
110 162
151 116
121 161
26 82
182 186
36 157
121 111
85 190
66 200
160 102
60 20
26 202
172 35
90 90
145 160
158 82
40 202
131 142
83 151
48 187
16 94
222 223
34 161
178 45
119 144
27 219
58 172
17 51
142 135
44 210
81 157
94 72
18 137
87 35
106 55
13 194
58 180
201 59
121 60
67 208
60 177
144 133
112 150
86 133
205 185
148 90
27 119
93 216
155 46
188 142
73 133
166 187
61 18
7 197
195 153
57 44
109 2
55 123
2 227
167 186
19 65
191 134
20 201
31 144
187 68
155 76
94 150
120 56
44 110
146 73
51 60
13 46
23 195
199 43
184 100
117 116
106 186
28 178
67 192
158 179
95 48
109 183
35 149
76 21
97 108
164 112
129 7
38 88
66 31
96 187
166 36
35 220
53 71
19 194
35 147
217 154
25 173
86 222
57 25
35 193
109 95
217 132
4 63
149 62
159 202
182 44
51 80
0 155
150 46
136 21
42 194
74 38
101 65
166 83
39 5
115 9
174 102
210 126
118 44
2 41
5 23
3 108
187 107
194 112
178 109
83 132
114 32
167 38
96 6
198 170
182 1
170 210
32 93
147 129
90 165
134 133
199 172
156 24
56 181
124 39
214 47
109 130
141 61
127 84
191 48
160 120
152 118
171 55
164 203
136 199
32 6
64 60
92 18
112 187
216 187
160 116
129 30
40 122
130 141
138 97
223 146
204 99
2 88
155 202
31 36
105 216
169 218
188 57
98 106
133 217
0 13
99 40
38 42
36 116
66 104
179 63
137 124
84 222
114 173
25 10
200 215
151 120
133 73
206 226
93 174
16 210
154 5
69 219
156 144
102 176
18 150
133 175
13 187
149 228
8 158
78 92
114 40
226 194
195 169
75 36
35 197
193 218
46 202
202 209
147 188
88 104
215 191
43 47
64 40
70 32
81 50
131 129
179 27
82 210
193 226
60 181
41 84
155 34
144 74
158 96
168 83
154 151
89 7
150 223
114 14
171 226
87 151
144 135
115 58
22 15
132 110
140 134
40 74
4 155
203 8
223 174
39 134
18 34
74 180
48 120
103 178
186 144
21 47
56 103
149 19
216 64
117 163
194 206
155 19
63 195
55 90
114 170
176 184
75 82
191 97
15 46
201 160
40 173
168 74
203 183
193 184
5 3
111 69
208 75
151 123
3 82
224 134
1 58
215 28
118 211
75 22
194 103
94 129
15 203
111 20
120 29
182 157
44 193
192 37
135 83
149 91
5 175
89 163
29 163
46 150
202 42
110 25
146 202
210 221
96 177
112 22
122 218
108 15
194 121
112 112
117 181
59 222
131 178
169 227
42 222
13 44
177 179
166 77
191 164
221 115
203 77
162 188
150 190
43 170
36 210
43 108
73 10
2 50
191 139
214 196
223 115
93 2
218 39
50 64
217 93
41 63
147 217
167 52
6 151
174 104
139 199
9 149
40 83
152 21
195 98
219 70
212 197
183 146
155 228
156 161
70 223
225 173
109 40
96 12
21 56
182 205
212 21
90 11
155 68
114 42
82 217
33 94
14 184
74 115
140 136
194 192
40 62
24 48
170 75
125 194
204 127
104 93
67 36
97 88
7 47
67 8
110 4
31 76
140 59
35 21
63 90
161 150
190 71
168 31
79 132
8 133
16 111
49 139
205 161
228 95
16 49
92 215
85 213
171 217
157 156
156 36
138 198
163 150
220 37
224 139
185 54
227 89
195 156
12 24
166 166
139 99
138 18
99 142
226 113
104 191
69 73
196 221
54 143
138 104
38 8
142 177
108 99
81 132
38 120
4 44
35 15
203 103
157 137
31 224
116 211
176 38
124 78
39 146
18 15
83 191
95 32
171 219
53 49
8 175
75 227
191 124
202 205
176 109
195 225
184 173
71 59
150 215
30 15
47 114
131 17
26 200
186 80
13 182
127 167
103 173
228 121
214 97
145 14
142 85
169 163
52 128
31 158
71 202
104 214
182 195
197 87
184 162
125 110
169 223
18 134
121 58
195 110
197 153
97 75
225 0
196 112
132 140
214 116
144 110
135 107
33 131
193 203
37 219
21 162
190 50
207 166
38 202
197 117
203 60
88 198
121 23
135 79
58 142
92 173
43 58
98 42
218 192
20 58
14 113
120 91
82 136
47 139
132 60
58 170
210 105
12 95
117 59
93 180
210 76
65 158
156 8
7 149
0 16
134 9
1 111
70 152
149 120
146 44
20 133
27 174
167 85
70 115
218 64
10 163
46 123
146 133
35 218
217 185
4 171
170 144
163 18
140 95
196 0
222 40
216 193
195 184
156 154
204 54
101 50
190 221
122 48
22 158
80 82
47 194
164 165
99 64
143 50
2 17
159 47
51 78
211 207
55 48
207 73
79 68
168 199
180 85
129 126
129 143
64 156
167 215
163 142
99 97
65 39
104 177
121 157
167 128
120 0
63 50
211 154
117 85
43 186
76 0
44 142
6 53
18 227
119 221
35 167
40 42
89 5
85 167
185 149
162 70
103 158
45 67
4 81
117 161
197 137
179 111
107 57
177 175
141 82
43 50
177 155
82 130
155 142
96 77
222 74
223 80
189 34
178 215
34 32
166 34
122 74
128 58
123 168
183 64
186 69
74 122
138 106
31 140
27 164
61 116
135 185
141 162
184 66
186 195
4 16
118 112
25 0
175 28
57 72
123 190
209 15
158 98
125 117
129 89
93 41
31 148
71 69
16 10
203 165
128 5
107 25
57 28
217 106
88 174
73 224
162 7
65 51
65 176
193 133
14 97
193 209
90 215
148 53
187 10
107 121
158 161
36 154
151 63
91 3
89 217
165 183
92 1
128 56
118 21
165 216
70 169
154 35
35 209
136 122
14 94
120 223
105 131
213 93
11 196
122 167
72 132
201 226
182 224
75 59
14 228
158 1
81 151
32 100
21 27
120 168
1 198
77 82
79 122
74 117
168 181
14 111
84 69
180 110
20 204
134 105
6 130
83 219
128 88
108 45
59 106
224 220
110 205
142 1
56 134
7 147
120 201
195 117
134 72
175 19
87 143
81 54
42 203
52 97
211 168
118 114
142 55
123 117
210 151
93 49
1 48
40 131
10 40
4 164
205 7
227 79
212 162
221 35
75 84
143 151
191 106
174 62
32 187
23 162
23 199
15 143
215 189
55 8
39 101
119 214
91 174
127 57
92 77
207 103
157 108
102 174
58 46
105 23
13 93
222 216
211 46
54 58
131 15
147 182
57 90
25 2
126 85
157 60
46 193
190 112
227 188
39 60
219 86
78 179
141 140
96 127
44 204
108 181
6 132
106 218
49 179
224 47
132 198
4 18
174 46
53 129
179 138
49 19
31 78
35 128
144 89
210 78
188 66
58 217
57 41
51 82
20 153
126 59
89 136
162 9
45 17
56 119
160 118
173 116
147 120
30 121
86 64
127 129
209 19
115 83
126 37
0 213
195 53
82 188
8 131
77 224
134 118
36 125
4 209
73 120
33 192
52 115
162 121
83 189
86 214
90 101
17 142
39 204
190 212
140 0
78 85
101 126
176 44
133 215
72 166
69 193
134 195
62 15
3 112
168 183
53 144
91 136
133 186
131 163
196 121
203 58
105 139
3 110
202 181
221 147
92 25
63 52
101 141
140 197
85 60
5 179
45 227
89 67
156 179
165 38
156 103
20 138
95 87
103 54
121 169
73 143
124 22
157 80
90 137
37 208
175 175
154 226
167 130
119 119
188 49
210 130
192 10
10 182
75 61
41 186
169 81
125 20
109 179
73 118
180 76
65 49
47 18
65 37
76 100
29 17
71 144
11 120
74 100
25 227
102 52
30 212
38 124
187 222
72 220
12 218
110 128
191 204
208 131
48 116
44 42
31 216
228 171
66 33
228 51
74 86
172 164
207 155
94 35
105 158
27 204
203 217
49 21
94 186
40 76
97 158
66 136
150 17
10 161
20 145
63 157
115 171
64 136
80 209
15 209
221 120
205 178
183 169
78 194
39 181
44 60
6 19
84 25
56 46
223 218
95 40
62 205
131 165
114 91
23 11
82 177
131 200
205 159
124 64
68 216
119 108
159 135
5 208
57 156
218 177
50 154
87 135
158 68
218 88
176 95
38 77
140 150
66 75
220 77
176 52
124 108
109 78
79 78
73 201
180 80
145 215
36 146
37 97
53 56
88 216
22 197
71 33
8 125
182 88
172 101
184 184
153 123
118 45
154 216
221 66
185 167
13 148
24 25
140 177
225 163
55 56
109 139
11 117
43 32
123 226
182 140
88 87
26 160
191 67
127 162
159 6
175 183
196 8
43 16
48 107
4 42
155 3
171 37
32 162
27 64
78 80
205 165
3 57
76 193
102 190
223 20
167 228
191 217
159 184
71 82
153 115
143 153
59 214
117 14
24 81
110 99
95 188
135 20
209 115
149 168
170 111
52 215
29 118
89 15
87 66
151 23
30 119
201 7
85 96
42 208
94 77
29 144
179 188
40 147
144 189
65 63
219 132
109 66
145 87
65 46
18 13
66 16
10 131
19 56
217 175
210 120
125 60
202 132
162 113
209 164
203 159
200 131
151 217
124 93
165 169
112 7
83 211
71 119
78 97
93 182
0 114
73 58
43 196
119 182
61 165
187 3
206 88
227 74
212 131
173 216
192 138
198 71
151 52
119 225
100 67
112 63
165 73
223 208
102 69
39 87
24 197
47 185
36 5
88 214
82 12
212 116
9 113
197 31
89 152
51 95
140 166
121 109
68 162
205 216
92 62
107 145
93 31
80 111
60 28
20 91
101 188
5 124
58 182
225 185
74 44
180 4
152 49
74 131
79 108
153 149
132 102
30 178
183 208
156 50
84 98
15 221
148 45
56 88
48 111
217 90
22 67
184 78
71 56
91 29
63 177
63 110
182 197
187 35
156 48
128 174
131 33
171 63
119 92
194 85
107 202
222 61
155 80
67 70
135 99
11 122
94 184
173 222
45 31
20 206
121 159
34 54
1 86
135 217
37 59
213 3
83 39
33 196
57 145
168 126
108 192
122 78
118 223
83 61
16 0
206 179
7 113
182 5
77 60
153 33
188 109
38 86
148 47
17 221
221 118
46 181
179 143
21 182
169 220
156 12
210 96
47 4
111 43
109 70
34 199
107 221
64 34
173 218
143 148
112 219
108 86
58 154
108 194
92 141
119 139
57 152
7 207
141 84
72 168
223 166
55 99
199 75
86 169
103 140
117 110
108 13
212 193
131 8
134 2
225 145
1 3
140 2
97 86
121 27
36 33
219 114
126 107
67 73
69 145
18 198
92 227
210 29
13 0
116 221
60 209
189 8
208 222
107 216
77 215
133 98
71 100
207 15
80 48
148 33
84 112
122 90
209 208
0 18
66 35
44 52
139 79
112 42
192 58
161 136
92 10
49 62
92 71
13 222
217 102
63 0
13 216
123 61
12 108
187 209
170 165
50 152
143 109
31 222
3 3
205 222
3 151
189 36
221 167
130 212
127 139
219 160
107 23
112 34
30 146
172 75
92 88
120 54
64 102
87 37
52 133
45 140
95 44
38 79
33 147
150 166
203 79
74 21
207 206
129 87
215 26
90 145
142 52
5 69
16 196
15 20
101 67
166 171
211 15
116 160
30 20
218 41
93 94
180 142
111 204
15 219
210 197
181 204
107 5
41 48
149 192
47 57
121 96
219 175
61 227
212 17
46 141
20 155
111 191
55 145
200 204
135 58
63 179
131 6
12 190
184 5
31 95
136 103
109 132
210 70
8 24
182 79
181 187
126 87
20 49
196 71
157 76
58 178
1 0
221 11
120 170
207 178
156 98
75 225
206 53
195 55
165 68
150 78
77 133
204 202
145 183
189 222
135 50
35 97
10 42
31 29
26 68
43 40
19 51
97 4
183 226
162 115
35 31
11 188
91 67
197 119
216 49
63 101
50 213
28 23
69 191
96 194
134 151
125 226
133 14
124 146
110 6
225 20
94 60
176 207
178 17
126 128
16 12
2 210
165 185
91 14
39 58
96 109
220 134
18 77
47 65
207 52
33 114
60 173
137 23
132 100
138 196
176 218
19 61
32 215
161 16
203 161
173 183
111 222
120 143
85 220
172 122
127 227
49 185
107 20
27 117
124 196
160 44
172 125
145 179
172 59
221 151
181 104
120 112
88 134
97 154
220 82
82 155
133 129
42 54
58 176
169 53
93 29
55 23
113 20
121 225
223 32
176 93
10 190
189 141
162 97
31 9
102 127
106 30
43 198
116 7
202 134
19 219
72 228
0 186
141 199
20 73
107 79
20 197
198 174
92 33
81 26
75 123
193 33
50 105
190 69
52 93
76 86
77 84
56 150
109 47
80 11
144 201
74 190
210 124
218 212
61 105
228 138
58 14
124 192
189 151
182 82
101 213
98 128
74 46
94 91
155 107
21 89
135 109
115 44
61 90
18 201
209 30
78 181
68 223
18 97
148 170
85 151
223 129
198 73
54 10
126 109
150 173
64 32
48 183
176 89
59 131
40 221
122 203
152 163
221 225
21 75
162 117
226 141
94 194
113 148
208 146
223 12
137 48
110 194
227 13
208 186
225 209
119 47
153 161
163 168
29 116
80 180
104 132
113 189
116 90
59 148
178 207
32 146
139 16
184 133
125 159
113 55
63 46
59 12
169 127
186 213
199 87
79 94
124 62
33 107
35 195
211 138
222 227
46 14
200 217
122 22
167 82
151 168
196 227
172 166
213 118
167 32
48 151
186 122
178 88
146 204
96 16
210 153
46 204
182 55
143 179
122 88
85 67
90 65
217 66
157 105
194 171
26 103
41 44
83 116
36 150
225 31
11 26
203 225
165 129
57 165
100 193
72 155
184 70
200 8
123 166
184 141
169 0
189 124
171 116
203 186
12 124
90 63
147 65
6 71
41 40
197 113
62 194
132 30
146 222
178 158
51 62
216 172
10 72
211 111
33 36
96 200
127 164
192 165
111 89
176 29
100 185
126 202
131 174
212 96
207 80
22 145
84 110
127 210
104 127
106 161
76 131
214 193
93 45
18 52
15 205
160 65
137 20
79 22
45 197
64 225
190 126
188 82
177 31
108 123
189 13
128 36
14 117
78 52
213 36
42 130
109 89
57 115
178 51
93 51
224 117
214 198
215 15
164 140
71 217
31 131
159 95
212 129
143 139
71 190
109 152
48 181
95 73
37 221
221 214
123 76
153 51
220 61
83 46
158 187
170 167
41 207
196 154
111 115
17 65
70 60
175 125
85 131
10 192
47 109
105 178
157 134
186 153
194 11
22 132
215 210
37 172
66 85
90 103
74 124
34 124
194 56
180 140
26 80
38 113
27 70
191 33
111 71
14 108
143 161
223 118
84 198
108 59
53 108
160 63
59 210
126 213
178 20
143 100
46 152
75 129
145 66
137 50
17 183
29 8
159 80
226 47
160 10
72 123
209 149
48 6
165 197
126 126
93 43
223 0
47 122
175 94
1 109
6 60
8 26
167 169
170 73
20 82
0 141
115 73
110 18
186 82
25 12
51 66
86 198
5 59
59 90
35 211
77 95
178 96
173 124
205 17
50 27
72 114
187 83
154 37
207 148
141 102
4 53
94 179
227 157
223 120
34 142
20 63
29 220
10 98
143 183
157 67
96 89
184 182
190 136
200 11
171 23
57 48
42 61
150 226
225 106
57 202
181 144
147 3
147 46
18 49
57 56
158 185
74 80
218 204
178 4
101 211
57 131
137 102
108 162
32 160
61 222
6 43
200 133
205 78
151 221
160 114
146 111
68 202
109 97
213 98
167 213
189 96
84 149
150 44
217 51
191 99
135 56
147 36
64 199
161 182
199 203
110 14
113 89
227 169
95 198
34 6
158 14
138 75
181 136
188 38
83 221
212 164
63 175
205 10
151 42
132 13
89 13
155 218
120 74
174 44
228 91
227 106
30 13
119 57
91 143
50 183
81 220
108 22
8 189
27 84
174 207
28 211
39 187
146 12
190 102
194 167
61 154
216 30
137 73
123 158
212 227
134 154
10 184
226 139
123 20
127 53
117 30
105 114
53 146
16 184
47 67
93 68
103 189
177 203
93 70
228 31
56 58
156 158
18 132
173 118
54 93
41 184
215 106
177 27
195 2
41 204
187 163
17 167
78 48
103 68
10 25
173 26
121 182
192 135
48 143
62 223
192 185
83 128
131 31
215 120
126 6
191 141
40 85
204 208
57 126
152 113
73 19
136 2
90 34
212 48
157 62
36 198
102 171
163 166
167 19
200 174
196 115
121 62
151 80
13 220
135 77
210 219
181 22
74 9
173 225
30 5
58 144
21 152
85 200
219 167
150 36
97 189
132 44
39 73
192 56
175 31
214 29
91 5
225 165
73 39
5 66
25 26
95 165
136 197
97 211
187 135
94 17
81 162
125 165
77 123
2 180
78 21
116 74
84 71
16 98
71 151
197 75
49 23
185 169
134 57
59 40
129 85
121 145
110 49
30 101
149 175
184 25
184 42
211 36
156 5
93 218
51 211
205 224
163 183
61 213
224 193
115 13
20 131
50 156
170 125
63 63
196 80
6 64
3 166
141 203
5 57
223 144
119 158
7 129
217 152
60 205
97 2
215 169
4 227
79 120
150 21
85 115
24 177
45 44
126 61
119 96
143 187
128 90
3 59
206 55
155 23
171 14
94 89
87 212
68 164
181 161
160 221
189 133
145 164
63 152
121 227
169 209
75 57
171 221
9 174
109 104
120 203
220 41
168 36
116 200
224 75
123 140
191 52
143 223
209 210
81 109
136 213
61 13
167 201
31 106
6 164
157 112
147 175
122 63
54 106
178 184
98 78
34 40
96 111
97 196
169 55
62 48
181 63
8 162
75 146
68 132
99 212
209 107
186 99
90 139
94 79
95 190
19 172
141 148
60 224
86 26
121 205
31 27
207 69
156 1
25 113
15 115
205 218
169 129
3 156
64 105
113 70
86 165
217 203
14 48
108 134
177 91
38 115
98 130
57 123
50 226
144 32
29 95
65 204
195 151
227 104
70 84
219 90
209 103
59 146
94 19
166 182
192 195
209 36
170 30
135 0
124 89
80 195
54 182
194 186
53 60
13 145
84 207
77 22
91 12
137 120
54 73
162 186
11 90
28 66
172 17
71 224
141 54
212 136
132 32
200 40
5 113
227 93
189 98
107 83
158 226
212 44
220 73
148 68
208 113
17 168
192 71
109 113
40 175
119 199
20 14
38 147
29 111
144 131
45 71
62 54
15 3
222 76
64 28
110 16
121 199
198 156
218 82
44 208
93 125
29 83
152 37
227 0
40 53
109 203
135 16
94 62
133 182
106 214
217 200
188 122
204 181
9 21
105 173
228 108
188 99
40 51
42 182
72 158
191 152
74 0
126 145
226 73
193 89
64 85
147 67
58 92
99 129
11 159
168 143
120 218
90 172
31 97
136 151
109 4
139 19
40 78
114 186
129 130
80 92
76 217
199 152
18 59
188 154
213 49
172 30
117 96
199 139
45 195
39 206
186 141
214 136
145 50
16 63
55 17
141 179
207 101
81 212
81 68
39 179
44 166
204 57
37 188
120 78
69 203
89 150
90 106
12 185
221 62
117 92
54 100
217 189
117 213
204 163
49 71
120 98
41 0
60 195
73 156
213 27
2 14
29 215
59 216
2 81
225 79
15 207
195 44
25 64
91 147
185 40
110 45
129 128
64 15
17 61
54 131
83 126
76 80
4 65
65 74
30 7
207 219
152 39
63 154
90 88
11 96
19 220
114 111
171 162
23 56
138 214
67 194
17 219
82 24
213 95
196 139
26 66
46 120
133 16
139 101
182 86
64 38
62 31
43 168
22 58
172 24
185 68
197 69
206 57
16 186
185 24
149 161
67 34
128 54
119 156
27 9
118 202
140 154
155 51
122 128
86 161
127 146
217 84
130 226
69 189
57 18
72 102
103 50
107 94
120 94
80 70
143 87
48 209
23 27
209 102
150 203
144 29
69 217
125 76
191 184
19 75
210 34
36 87
57 12
39 64
220 64
153 23
189 32
206 78
99 70
201 179
4 61
157 181
205 32
162 141
18 95
6 127
137 77
159 151
54 21
210 223
29 75
37 51
95 95
193 140
37 133
58 58
0 227
134 43
111 113
109 24
138 111
139 57
209 111
112 173
94 15
208 58
186 49
3 179
36 55
10 115
18 140
210 68
15 33
33 190
171 79
91 163
25 115
98 119
120 100
2 168
168 56
137 79
112 67
104 187
206 154
142 221
182 77
164 82
120 124
77 19
201 76
92 220
115 183
109 150
161 138
26 24
150 65
211 170
137 38
131 211
186 171
224 64
22 130
178 217
225 12
112 170
49 155
95 5
220 53
109 68
70 132
135 23
35 187
42 59
196 13
159 115
108 217
110 142
211 147
217 36
126 78
221 129
49 121
117 8
100 187
33 75
22 48
60 61
119 110
205 167
159 139
182 193
42 132
11 45
189 107
226 216
105 125
198 205
110 8
157 221
33 157
170 51
143 146
122 197
197 29
28 202
27 121
73 226
132 196
30 103
177 205
44 2
185 225
26 175
137 109
74 167
121 195
98 76
25 55
214 201
185 11
185 227
34 146
221 132
60 193
185 160
60 175
72 21
70 7
9 193
99 210
117 183
3 39
127 55
184 54
55 86
213 19
23 100
46 166
187 124
96 163
203 6
163 185
30 105
155 148
199 45
138 141
218 187
162 197
97 198
32 15
30 187
126 191
163 94
86 149
167 78
118 28
208 190
135 181
216 170
49 4
153 53
128 225
82 113
95 218
109 115
152 200
30 93
0 170
64 42
145 188
75 133
33 221
104 91
119 141
210 100
94 7
224 195
7 68
162 202
112 91
73 199
211 31
29 213
11 92
178 156
155 159
123 112
46 69
225 221
117 108
37 170
29 27
189 224
145 107
123 148
223 62
17 75
201 135
102 48
227 185
205 103
9 206
168 39
124 217
95 181
129 216
53 8
119 123
211 209
219 152
138 84
222 22
213 154
129 173
189 127
1 137
136 18
32 31
166 113
144 143
160 188
197 158
78 228
68 7
34 126
20 34
25 28
110 12
194 80
137 113
187 168
63 227
15 172
107 54
111 220
115 85
161 93
138 55
213 25
133 34
199 62
214 171
15 79
146 181
21 99
112 221
152 64
17 33
165 20
127 7
208 105
16 170
107 190
163 96
82 175
33 79
140 188
94 118
118 94
178 61
7 45
98 200
161 152
41 171
123 51
87 200
157 6
8 191
107 159
147 168
47 192
43 4
66 60
154 81
139 201
26 123
113 171
98 195
170 102
15 16
39 32
75 11
111 149
84 165
160 15
46 0
210 122
58 119
27 217
212 29
176 17
152 81
224 227
216 91
14 13
107 182
221 103
159 200
31 214
185 38
152 215
91 150
169 187
180 25
179 136
217 173
25 99
153 76
11 194
173 22
58 208
117 42
9 117
154 163
184 150
78 183
160 97
174 100
6 206
140 55
25 163
210 132
124 187
42 42
150 38
68 146
211 0
153 41
116 45
205 85
27 57
196 186
193 120
11 220
78 69
32 142
133 173
112 181
139 23
156 152
155 221
147 215
50 125
175 57
23 29
185 212
220 101
105 146
23 32
111 151
14 9
227 173
40 112
179 22
96 61
106 93
61 102
64 107
38 4
71 98
118 228
196 160
85 65
217 210
175 179
68 221
12 126
106 133
56 154
121 220
113 72
54 114
134 131
31 74
20 166
194 90
221 99
46 116
66 224
65 154
102 124
38 33
135 39
47 112
206 126
28 21
156 226
172 39
56 21
111 100
195 204
106 59
87 167
193 87
52 73
48 141
36 114
228 33
60 150
215 166
71 133
19 17
221 159
191 36
55 82
44 225
24 175
215 202
221 174
125 189
25 102
215 51
64 109
41 181
219 149
92 27
166 111
93 160
28 161
220 161
116 169
46 2
173 227
144 52
89 171
55 152
152 226
103 156
150 163
18 153
129 166
189 135
183 148
84 114
110 59
180 61
222 131
175 42
84 215
121 184
131 183
160 180
66 161
163 33
214 100
151 50
193 169
194 29
197 77
33 23
156 219
118 1
60 14
83 67
82 119
153 217
16 2
14 23
34 99
120 126
78 101
71 37
31 80
207 192
35 151
114 201
133 194
157 159
80 153
177 113
228 195
220 145
124 224
59 129
105 143
35 207
138 95
134 200
93 195
4 46
174 39
73 22
109 221
9 165
25 57
145 129
109 141
191 54
20 158
184 196
225 147
68 209
41 169
182 162
194 182
186 101
150 170
161 95
183 144
58 215
119 30
137 217
44 54
137 152
118 127
87 95
134 29
177 22
227 30
6 2
135 183
149 216
215 138
62 156
118 74
121 64
150 112
192 207
140 80
216 88
154 47
72 116
124 91
103 130
101 129
197 169
168 207
41 50
36 123
48 123
135 215
9 123
203 219
19 199
172 15
115 20
181 159
83 37
29 37
27 61
171 205
180 52
192 220
166 203
156 215
52 6
14 218
220 39
33 18
69 83
223 221
166 57
224 18
92 102
0 12
28 59
31 11
67 62
193 54
193 150
96 14
180 190
4 84
34 101
106 21
179 186
137 16
7 70
47 22
135 201
15 64
56 54
221 149
12 99
169 201
116 87
134 59
19 100
187 23
130 29
199 38
219 214
22 156
204 204
157 69
33 194
26 101
107 184
104 180
20 228
142 2
181 138
190 38
117 120
74 165
184 171
92 90
22 92
80 136
66 72
208 100
54 184
154 21
148 66
33 154
210 128
61 167
65 134
146 34
189 48
105 79
184 85
26 22
224 216
216 136
227 49
5 173
107 96
59 212
171 215
42 52
96 78
27 35
192 122
207 90
64 48
217 138
72 41
67 206
122 216
171 32
112 159
110 102
117 32
150 34
178 194
43 45
60 42
113 114
45 58
149 32
221 153
183 139
33 16
33 219
210 162
45 156
48 153
42 174
190 109
126 94
29 128
177 2
176 177
29 25
105 160
46 16
71 35
123 119
217 168
158 223
66 131
84 79
179 19
131 216
39 0
206 74
45 109
85 27
186 161
92 35
81 126
208 125
39 120
219 154
16 141
148 190
55 121
223 164
174 165
169 212
178 177
1 157
135 124
98 96
55 130
207 71
61 147
82 181
156 10
70 163
72 153
135 35
9 195
169 216
224 122
219 43
147 228
119 20
139 139
170 203
88 64
219 208
150 152
58 88
194 227
173 56
58 159
37 206
41 32
10 119
18 203
184 194
186 151
12 39
30 99
92 66
214 173
226 227
117 118
76 10
33 125
187 191
33 38
121 122
171 140
174 58
95 37
75 223
71 39
14 147
16 53
74 192
186 96
185 175
13 204
205 207
0 81
23 1
6 177
86 224
137 116
214 35
222 64
49 210
42 192
73 151
197 192
173 63
17 18
36 168
212 106
201 46
45 4
19 84
68 105
159 45
164 170
108 41
213 15
204 157
72 8
148 203
206 190
217 191
26 211
209 109
33 28
58 133
4 149
6 45
178 107
53 81
20 174
219 147
45 125
68 197
151 161
42 2
80 121
143 200
111 57
150 133
216 95
82 81
191 219
117 159
156 78
176 99
195 202
218 104
146 186
220 113
196 11
21 199
91 217
178 141
3 175
161 143
205 150
114 66
99 74
159 137
135 178
107 43
194 0
41 101
71 121
82 215
103 126
157 110
197 43
17 144
211 19
196 78
45 56
204 87
22 136
204 210
84 96
55 104
170 207
47 20
121 141
158 63
159 61
185 124
175 15
198 154
206 86
142 164
135 7
222 78
168 76
172 61
188 220
155 111
213 1
219 99
18 1
56 141
87 172
155 150
19 19
79 163
181 3
9 46
64 160
197 85
177 201
162 119
95 50
75 119
20 135
70 41
223 105
170 21
71 204
145 120
68 32
211 4
159 113
19 163
185 191
32 189
116 202
4 207
1 107
117 57
25 34
20 80
22 12
129 164
91 36
146 190
208 67
158 102
219 51
129 227
77 12
41 113
122 92
149 93
135 153
40 56
63 103
148 118
218 101
56 10
87 141
209 42
226 102
151 114
85 62
160 3
79 176
76 102
97 98
114 62
0 93
208 127
97 181
187 8
134 122
146 53
217 70
212 152
0 20
180 192
100 131
217 208
135 112
107 3
45 46
114 8
159 100
118 129
195 119
126 35
59 117
175 92
219 84
177 183
69 134
213 169
192 105
206 76
70 221
127 51
107 188
16 34
80 216
114 160
222 161
196 193
129 145
152 78
134 81
46 110
154 49
165 212
88 31
57 158
89 28
133 8
119 219
103 25
45 183
107 88
222 38
147 16
110 160
111 67
96 185
172 57
67 204
153 165
107 114
210 22
206 30
217 55
112 65
189 210
119 23
4 2
174 60
42 224
53 99
60 183
133 11
212 133
195 114
6 62
117 215
204 213
227 212
145 3
165 214
202 203
56 203
118 146
135 116
56 143
158 78
61 16
204 101
126 192
214 131
16 77
148 31
128 212
140 221
176 63
149 64
54 6
