206 35
217 171
47 110
41 52
29 46
150 84
58 187
119 136
184 166
182 123
216 108
192 176
170 124
37 54
51 8
60 156
176 70
210 104
179 169
244 227
225 130
22 96
43 210
122 42
67 226
60 232
108 39
80 154
105 201
200 192
1 17
101 107
216 168
115 50
14 132
43 167
21 119
22 72
56 217
172 177
107 128
4 32
194 226
76 150
167 233
246 165
211 177
82 166
26 202
49 205
136 132
164 105
47 95
36 119
158 158
159 174
4 96
93 201
42 17
226 120
81 15
115 219
140 139
52 169
61 157
176 189
204 161
194 17
11 2
250 216
119 178
247 26
197 93
245 32
29 17
32 36
116 2
178 16
98 91
52 60
44 21
35 116
104 152
218 142
111 199
203 27
76 33
79 153
109 97
223 60
20 192
81 3
36 238
23 138
247 172
177 208
76 116
36 203
193 164
224 219
147 85
111 160
130 247
122 175
51 133
230 142
23 117
132 31
200 6
22 196
117 239
39 151
172 85
46 99
233 17
199 67
96 82
39 49
100 183
220 173
152 30
124 197
107 84
59 247
7 106
66 78
218 184
148 13
118 111
36 20
119 218
175 93
142 81
144 46
190 167
99 110
135 74
17 147
182 1
6 61
212 137
69 116
163 195
197 159
122 27
17 143
160 221
38 56
87 242
123 73
1 127
127 192
23 42
249 45
186 219
52 100
197 236
48 85
124 216
158 112
191 31
192 94
63 161
238 9
217 160
65 195
229 47
21 23
39 189
162 15
73 136
217 100
43 115
18 145
133 220
138 69
204 129
187 225
1 76
204 25
88 51
121 155
42 120
95 104
231 106
244 101
165 110
69 149
135 104
59 66
182 96
12 103
224 20
126 52
9 9
244 233
186 188
210 55
192 89
204 1
234 114
194 182
12 171
125 31
239 72
48 98
85 210
74 40
165 249
25 177
158 29
141 28
237 113
116 123
101 79
184 237
92 233
132 172
83 218
37 37
132 57
222 129
53 33
43 218
34 160
227 106
86 42
4 115
119 159
36 69
198 0
105 171
54 203
62 129
35 85
30 244
82 70
219 47
26 39
172 229
194 133
165 53
141 167
206 103
235 195
213 200
168 78
50 106
211 32
36 196
148 196
53 231
222 102
216 120
25 154
115 177
149 116
61 228
49 215
148 140
91 98
58 102
50 85
109 84
127 104
43 108
71 230
227 154
124 126
115 198
21 89
84 57
237 214
71 113
236 151
87 222
176 148
236 118
182 16
126 244
118 90
51 186
148 64
120 125
230 3
117 10
200 100
52 2
6 152
171 142
92 68
134 207
171 7
206 152
54 196
228 167
164 122
5 211
164 199
196 166
55 65
35 29
99 11
46 82
116 109
97 227
28 72
91 100
23 52
234 229
249 145
1 45
214 12
40 172
1 100
155 173
35 134
157 200
148 160
234 139
125 101
49 179
194 158
190 250
217 32
86 82
54 170
234 91
21 185
138 110
62 8
45 47
219 5
77 84
10 80
153 43
46 174
42 204
119 112
192 129
158 127
195 35
8 112
214 151
54 5
210 218
71 37
193 236
68 91
69 188
159 2
202 91
169 247
61 225
48 130
144 39
30 83
16 174
100 30
99 106
204 225
34 177
135 47
59 127
183 10
68 164
33 219
24 219
132 98
181 222
31 68
37 124
77 59
110 242
210 181
101 75
235 7
23 122
137 224
200 222
209 82
109 204
61 165
31 169
127 28
188 148
221 217
218 86
116 209
236 176
141 171
149 86
169 60
224 242
108 30
203 81
226 49
113 127
147 74
26 67
151 142
97 111
69 28
222 90
154 38
151 69
84 31
23 103
107 57
97 80
197 227
89 121
230 81
98 164
143 136
201 145
116 35
28 64
236 80
220 236
49 28
16 249
129 113
187 194
125 69
122 35
79 105
40 98
136 53
122 48
11 161
11 215
83 215
124 38
111 104
127 30
29 246
15 113
16 172
187 178
231 182
149 42
170 68
13 19
190 41
112 82
114 94
213 61
242 37
64 163
175 207
132 248
128 45
186 130
105 110
53 129
241 130
135 147
198 10
56 156
114 229
206 213
115 203
161 238
209 242
188 7
74 117
3 111
99 168
119 200
128 94
94 154
121 93
121 67
103 162
96 128
218 178
211 27
101 14
248 133
162 103
44 186
18 119
233 129
204 57
3 149
44 195
146 192
32 174
162 113
200 124
227 159
36 175
77 57
127 246
229 88
27 171
231 39
223 108
166 192
233 30
126 9
75 146
204 6
170 163
105 61
172 43
213 190
47 180
101 177
26 148
76 175
170 16
13 105
48 42
185 56
69 1
107 116
153 161
65 231
98 101
132 93
123 200
123 143
95 12
38 12
239 185
233 23
116 68
22 169
52 31
24 214
219 106
26 210
211 142
186 65
191 157
220 212
187 88
242 98
109 76
39 241
71 209
139 102
207 171
69 147
47 163
102 197
136 139
85 107
237 3
109 177
15 39
122 161
66 35
227 17
1 221
111 25
94 222
140 241
15 158
242 244
10 241
36 231
22 35
167 84
157 165
178 198
45 72
40 248
181 133
192 190
48 139
208 50
30 52
115 84
86 186
199 245
25 125
123 4
147 123
9 193
133 64
165 187
80 101
62 47
194 222
249 63
2 124
1 15
214 187
99 40
86 141
132 144
45 15
109 45
0 183
235 201
71 173
131 73
165 173
70 62
75 138
92 38
50 24
183 172
174 224
149 235
109 139
42 41
40 221
205 90
102 2
225 33
165 16
123 141
69 39
48 199
125 150
58 216
226 1
55 121
206 199
85 118
124 83
123 225
64 85
104 6
88 208
229 109
79 75
108 235
174 32
244 223
104 143
214 223
38 224
33 24
114 188
72 124
215 138
46 226
159 144
195 164
85 148
74 76
217 217
9 138
166 160
170 129
119 24
52 125
66 205
162 185
42 176
202 25
83 226
106 25
149 180
75 167
193 21
160 157
54 94
231 236
102 136
105 205
183 104
177 115
20 61
97 28
35 146
115 52
45 167
168 61
131 65
163 229
225 45
166 30
3 133
128 223
214 176
211 199
177 37
77 3
93 168
78 65
199 215
215 227
169 114
177 8
147 78
81 11
25 100
231 35
51 118
71 199
206 111
51 147
206 99
23 243
86 203
112 13
245 208
162 27
181 204
126 171
27 240
228 149
70 125
121 183
202 204
80 85
163 84
196 37
149 233
121 47
171 36
185 112
34 120
90 67
207 105
216 21
46 58
247 153
229 238
55 56
130 249
146 111
150 103
158 202
16 230
113 113
1 98
78 229
35 155
147 60
194 197
71 241
54 173
65 113
212 17
69 249
55 77
186 25
159 87
94 98
50 141
215 2
213 171
176 90
120 228
84 132
0 242
173 143
245 125
46 112
221 30
34 144
9 165
19 106
133 244
140 177
225 111
220 133
9 118
58 90
88 148
10 133
6 28
207 57
59 143
246 123
124 204
86 91
215 6
248 33
20 52
204 174
183 6
208 116
242 197
48 236
142 210
124 58
222 71
177 1
60 34
148 72
110 67
88 237
85 27
126 34
207 85
80 242
152 163
66 51
142 79
204 120
92 242
96 53
109 142
225 209
196 102
205 54
181 17
144 4
87 44
16 82
159 233
191 51
76 240
57 48
206 218
18 101
34 188
243 144
205 59
163 177
212 209
104 122
209 244
218 79
247 224
179 66
218 97
99 155
232 190
52 196
144 175
36 51
51 137
143 149
16 29
106 10
245 152
215 244
248 180
241 116
20 59
232 82
104 112
178 201
183 117
117 23
218 205
162 89
96 189
83 65
202 107
229 42
130 91
40 180
145 28
149 10
58 61
171 62
163 91
196 55
91 33
34 196
27 197
156 183
78 44
184 46
75 71
58 205
113 167
50 200
126 165
10 17
186 155
217 51
194 246
144 122
199 175
237 194
248 88
201 74
181 111
190 136
86 16
92 110
147 117
72 53
183 164
15 134
207 214
145 55
243 192
229 54
130 199
62 54
11 109
61 100
72 160
126 20
6 38
238 239
24 246
87 6
39 124
218 44
109 154
63 154
14 13
73 201
97 215
193 70
188 82
172 159
143 75
172 28
170 199
218 162
92 130
99 223
91 159
68 12
233 87
154 15
97 162
131 201
154 102
107 167
179 42
100 246
162 99
64 1
168 184
223 104
86 196
233 8
10 174
140 230
80 143
180 45
219 80
159 41
88 40
226 183
67 169
156 125
111 87
137 236
136 151
220 53
69 172
174 35
85 109
150 153
178 226
242 199
138 171
79 22
56 241
138 140
18 76
6 2
86 70
63 67
224 70
233 213
119 99
36 112
105 218
115 15
24 114
229 190
208 146
188 104
76 136
240 179
196 44
20 213
201 38
11 224
192 56
100 116
151 74
57 41
126 136
192 213
129 147
223 199
116 144
43 165
190 196
27 83
6 145
146 201
27 224
236 32
193 9
105 243
181 195
54 24
208 3
227 74
19 160
28 235
195 224
39 198
30 231
44 121
166 205
204 126
54 43
235 170
39 88
11 115
77 221
42 11
238 230
221 34
191 98
76 94
101 119
168 149
74 111
62 39
241 188
116 133
194 156
237 53
11 15
41 111
100 24
69 75
0 141
164 185
116 41
187 223
33 138
136 165
33 165
79 192
205 76
179 73
164 235
64 123
211 65
168 69
170 12
199 163
240 70
148 173
171 86
196 206
180 123
88 88
190 187
167 136
41 138
157 154
48 192
14 156
211 127
95 40
202 225
200 96
250 108
38 245
197 171
103 34
134 224
205 69
175 100
82 197
76 184
196 178
110 60
171 249
246 228
145 49
176 12
193 173
223 217
19 97
154 122
78 120
52 74
8 227
96 63
3 147
11 65
129 55
55 38
224 5
46 5
238 1
18 5
136 208
133 124
237 228
0 110
154 49
175 114
151 198
1 161
70 223
47 222
168 100
86 205
165 247
220 243
27 168
201 187
91 192
3 235
3 6
105 44
184 71
69 95
62 223
181 245
200 137
80 185
12 62
178 108
11 55
249 225
222 230
106 80
248 39
232 91
39 106
210 226
211 179
141 225
175 160
139 199
218 247
212 6
78 156
156 97
246 176
18 114
46 27
118 156
68 54
231 167
98 194
7 88
163 187
201 51
204 201
239 38
237 241
230 126
1 172
48 243
72 186
74 159
54 31
4 58
108 132
117 114
137 44
181 118
90 184
241 239
154 20
108 147
151 8
189 198
169 179
188 74
120 205
14 137
151 46
155 221
132 122
38 136
196 191
239 6
74 0
105 234
224 127
83 123
165 141
132 29
42 245
174 247
61 118
227 179
237 96
235 233
74 225
29 175
11 128
207 89
9 74
23 18
61 24
11 164
172 99
54 108
109 249
12 184
60 132
227 240
204 116
42 160
231 151
30 142
200 44
4 242
209 238
123 45
146 22
154 232
220 142
75 231
218 233
172 195
183 80
18 1
193 60
230 136
208 227
82 58
186 120
249 240
230 161
71 115
249 203
124 155
34 250
113 193
37 162
22 123
84 241
195 28
126 1
154 244
248 157
167 154
137 192
21 229
227 206
132 240
87 47
146 63
162 40
144 36
62 219
24 194
160 207
229 97
130 10
209 250
19 152
10 157
160 107
127 41
26 7
207 159
143 247
180 177
81 243
150 176
186 1
60 191
185 90
1 140
119 101
225 86
226 12
30 166
125 3
99 50
21 21
216 136
134 12
172 129
20 164
156 12
224 8
38 101
10 37
183 144
108 1
6 141
69 49
152 146
88 189
181 218
206 119
142 55
177 101
86 246
64 134
177 129
201 42
231 118
19 50
244 237
93 86
234 132
213 212
120 226
82 245
130 101
242 29
160 22
73 151
56 81
117 118
200 155
54 102
33 131
95 83
60 245
37 16
227 15
215 195
161 116
71 171
247 18
235 24
237 143
107 70
94 116
97 144
60 10
205 240
246 200
119 79
84 140
157 25
140 56
86 139
201 121
23 100
161 132
143 65
139 250
229 206
44 130
230 205
19 201
69 230
54 244
103 115
174 39
44 90
238 15
38 178
78 128
204 219
163 94
42 206
169 46
64 20
154 156
165 75
110 190
127 207
249 229
187 201
233 105
241 128
93 180
26 1
144 196
180 189
176 44
240 221
86 161
14 148
55 165
224 120
191 217
51 175
68 198
60 115
171 102
49 247
36 246
64 234
120 84
244 217
129 168
99 89
34 105
43 137
93 21
104 138
31 1
142 15
146 178
66 239
24 186
235 44
45 230
172 5
111 142
250 53
84 190
166 108
40 34
179 136
208 109
84 180
129 11
40 94
186 84
26 11
127 232
76 163
140 36
108 233
179 242
41 38
142 228
215 61
109 172
44 87
191 58
70 64
28 222
247 151
218 147
107 246
18 58
34 72
182 4
236 94
209 179
26 91
189 57
248 49
161 84
128 185
68 159
138 92
9 95
161 243
38 10
81 49
116 78
11 20
224 165
0 89
69 179
159 57
144 222
225 94
29 79
216 153
77 7
189 87
39 40
52 173
103 68
245 146
229 141
9 93
120 175
89 74
18 168
139 153
83 4
190 176
23 65
204 242
210 108
81 75
42 13
110 49
59 70
221 228
7 114
99 199
71 35
132 76
178 2
38 182
44 245
4 63
110 156
183 203
243 56
187 9
231 30
28 92
120 15
118 188
25 218
13 241
189 68
27 89
2 2
135 32
99 149
152 85
238 162
131 69
226 193
9 206
229 229
198 106
162 153
9 211
231 148
20 10
182 231
128 146
203 197
96 183
185 151
95 102
44 206
86 182
109 202
94 122
79 48
107 102
64 72
212 128
217 93
130 194
182 190
144 164
75 130
77 12
39 230
53 158
65 243
33 180
122 191
121 130
112 32
203 148
18 128
178 172
89 46
5 183
147 245
32 107
191 148
190 144
85 32
136 77
152 189
44 30
23 238
178 57
88 63
27 117
58 192
209 188
189 215
18 210
88 233
48 34
154 32
90 188
123 64
103 96
211 246
195 134
81 20
203 109
81 215
143 86
242 165
99 207
177 219
105 246
211 249
243 45
123 116
141 133
41 240
89 175
154 209
139 202
150 111
232 62
112 61
16 129
97 13
175 231
80 169
102 58
209 248
69 101
93 7
81 187
187 116
17 15
104 157
206 201
211 53
73 128
134 166
139 187
22 180
64 106
22 49
239 104
68 7
60 15
166 216
185 172
7 118
167 65
87 75
77 178
86 62
13 140
237 175
249 235
123 184
49 78
207 229
168 28
178 164
6 220
130 85
200 194
20 151
197 220
102 71
175 123
86 76
42 126
198 200
36 140
124 211
40 174
13 32
215 179
39 47
94 178
32 78
17 105
30 99
11 179
131 187
136 246
184 191
105 116
58 177
203 88
73 90
146 169
179 230
20 2
63 184
0 42
236 14
8 19
150 210
230 196
187 154
151 123
221 13
86 98
58 169
82 181
134 27
242 86
25 20
99 137
174 155
200 164
76 105
114 118
247 106
86 168
52 149
137 232
194 145
181 230
177 42
112 30
70 98
169 204
133 233
129 157
111 223
75 133
96 169
79 62
177 244
205 8
64 193
164 147
240 99
152 128
115 73
63 49
113 197
135 36
9 71
26 27
34 102
122 24
62 167
219 148
45 95
99 66
64 31
47 246
67 248
61 107
157 72
92 2
240 87
130 129
85 24
8 189
237 60
116 245
9 170
111 195
135 143
222 96
170 159
208 122
42 61
169 38
200 207
91 170
247 124
86 234
243 50
228 73
3 67
222 235
53 201
18 196
75 96
216 8
216 173
104 167
181 157
154 180
33 227
242 27
123 88
66 5
244 248
152 185
215 144
117 150
233 45
9 240
134 196
177 231
201 127
218 58
123 231
133 217
44 52
114 101
31 209
64 146
226 244
191 11
52 93
170 57
39 234
74 165
135 173
105 101
76 53
149 101
55 160
173 184
159 247
199 81
189 45
152 170
106 195
5 196
212 204
180 150
167 79
176 48
74 196
198 20
44 17
132 153
28 128
242 79
216 12
56 117
59 235
204 37
16 166
65 23
78 216
157 40
135 57
5 17
139 97
47 78
160 134
138 165
117 14
159 138
165 118
201 1
212 34
244 158
58 95
228 217
152 35
177 30
169 31
117 195
175 14
227 132
234 153
149 91
165 137
31 229
48 211
46 148
165 39
67 9
159 199
18 30
152 203
127 23
242 58
204 164
174 107
127 134
213 240
17 65
95 74
57 147
196 119
66 106
108 219
194 57
101 0
64 199
224 52
179 87
238 220
121 11
3 91
40 10
95 97
79 200
93 150
51 163
103 28
106 193
232 96
151 250
123 12
111 53
105 23
132 180
203 17
90 83
187 181
84 72
156 143
161 45
137 40
34 194
89 197
102 131
98 238
153 72
121 70
24 169
98 60
52 188
5 15
204 31
191 241
115 221
210 48
158 210
117 219
117 69
39 144
32 49
199 54
135 7
109 101
213 127
2 223
58 122
61 243
172 69
88 229
7 207
136 218
241 152
73 5
58 139
7 201
95 201
154 237
159 35
56 27
111 130
244 175
119 123
123 138
33 20
127 86
125 64
190 149
237 245
104 79
78 214
138 11
212 75
73 176
175 62
123 145
190 239
175 102
244 80
70 105
7 150
154 17
79 30
46 156
56 98
202 47
189 153
156 21
192 104
39 108
241 33
167 209
174 59
113 54
103 10
165 177
57 31
6 64
188 15
120 149
109 111
185 20
53 198
107 51
48 104
73 59
0 250
144 110
75 221
245 47
165 120
106 212
127 12
43 122
22 140
42 104
219 191
245 5
2 193
54 186
151 80
214 47
138 16
175 205
114 42
220 171
209 27
29 24
186 114
87 190
48 170
106 118
186 72
84 245
45 210
126 93
54 15
78 16
39 129
157 38
214 249
66 222
211 162
107 140
196 153
197 210
88 140
146 243
62 124
146 13
126 189
65 48
43 140
35 217
5 127
73 101
131 118
150 146
61 175
189 217
72 154
125 140
75 119
223 156
8 238
148 158
100 189
147 248
212 237
11 12
99 75
189 76
62 152
149 134
8 78
235 109
219 110
245 84
198 104
47 186
4 231
172 55
120 121
171 184
76 246
237 190
222 123
123 153
112 7
118 85
202 209
154 34
233 43
136 100
25 77
67 137
249 198
167 86
226 115
75 191
126 119
127 250
199 29
135 88
66 71
138 62
165 21
54 180
202 76
14 74
106 122
137 249
64 102
220 48
64 115
181 35
242 157
87 78
217 84
15 117
168 128
111 185
158 46
159 187
67 28
173 8
246 168
237 76
57 188
159 132
224 129
203 63
12 154
222 247
240 219
172 175
176 187
207 137
189 30
242 12
35 205
241 112
232 79
142 201
52 65
214 220
75 187
206 60
22 126
22 44
245 196
142 241
168 178
234 135
56 72
238 105
237 147
243 23
190 112
138 82
186 96
219 155
26 212
82 46
232 26
212 26
212 4
68 40
189 62
16 145
153 60
249 246
73 184
181 79
140 78
73 145
90 58
199 190
218 69
138 41
129 141
209 65
185 63
46 90
3 211
104 44
189 202
203 162
29 193
75 153
71 16
167 164
189 53
135 160
141 202
226 222
15 127
222 155
170 48
11 230
115 54
228 114
39 114
42 110
106 230
186 122
56 93
149 207
171 94
130 106
189 3
111 162
118 135
5 87
195 173
7 162
116 104
92 193
229 6
225 22
80 118
14 87
142 248
129 87
30 136
183 177
0 248
78 31
181 186
56 220
171 133
103 183
167 13
13 68
207 220
243 240
160 0
225 64
211 235
81 106
63 90
185 199
90 236
70 24
55 232
221 195
115 23
38 227
203 170
60 55
246 130
87 226
12 174
118 60
108 73
36 92
244 103
72 220
180 25
66 45
120 53
57 6
62 213
230 56
135 79
46 202
145 99
22 8
119 58
233 6
229 246
40 193
242 160
34 113
245 11
155 83
124 7
128 74
20 113
200 232
80 145
153 52
196 100
205 207
114 61
81 62
231 93
35 64
84 203
28 182
85 130
197 78
180 119
225 28
168 140
156 199
250 131
231 116
139 121
218 127
217 91
88 133
203 139
88 154
174 202
2 158
22 80
194 228
228 14
147 157
208 177
164 62
146 102
82 100
47 21
108 231
186 182
46 16
21 234
35 61
15 220
176 32
233 236
132 110
81 136
165 238
70 206
228 122
21 67
184 182
125 16
214 44
94 220
180 126
138 136
33 214
108 162
92 133
122 132
61 187
53 88
104 92
205 224
91 125
149 58
171 104
12 6
41 116
145 232
217 213
95 152
227 125
69 141
18 28
128 164
132 116
47 84
1 81
152 106
114 112
16 190
57 108
141 44
90 241
127 92
49 156
193 149
10 27
127 72
131 165
199 61
246 132
242 63
9 186
61 98
92 62
192 102
153 11
86 176
19 203
130 236
162 220
41 152
20 46
209 158
194 127
226 202
9 150
4 190
107 186
186 205
58 27
118 205
180 57
139 71
7 67
175 79
228 66
228 102
160 230
163 6
163 200
31 17
250 67
39 191
234 101
97 3
183 36
19 234
141 157
115 91
106 68
70 71
236 135
64 172
213 229
183 209
99 93
45 144
125 87
119 233
94 24
164 157
16 193
243 41
125 202
245 139
153 142
139 32
25 45
12 204
175 166
191 2
146 81
244 127
48 12
113 88
57 161
12 148
161 149
93 77
55 247
240 169
29 29
216 232
59 227
183 133
47 133
22 210
168 213
136 92
101 223
77 51
18 221
186 169
164 68
243 181
174 41
40 148
85 184
243 70
191 62
234 64
38 249
202 158
94 59
186 14
71 48
198 184
106 148
82 9
135 193
40 82
104 201
35 192
86 67
0 29
230 227
83 86
28 189
225 135
135 185
12 234
88 3
24 75
4 177
52 14
167 146
175 178
199 16
42 212
132 38
229 8
95 216
241 82
146 188
226 99
177 103
182 115
201 218
35 46
4 13
231 244
125 26
2 191
17 50
102 45
12 51
35 24
166 158
188 106
155 157
182 93
239 210
192 138
154 90
235 90
96 234
162 217
92 162
89 0
112 38
15 245
184 87
159 79
19 174
113 170
136 180
140 47
225 59
68 214
155 10
201 72
228 111
171 131
24 160
2 96
59 194
210 67
175 197
108 166
179 51
121 209
13 120
157 246
167 43
102 193
193 23
30 148
232 158
117 34
166 72
21 84
38 75
35 171
76 123
174 158
8 246
31 223
238 140
143 113
163 66
173 191
74 233
26 170
13 212
186 94
89 178
117 141
130 131
150 62
161 57
73 66
139 234
184 212
104 217
149 214
79 40
221 39
106 6
217 77
53 21
12 21
1 235
136 228
81 226
248 216
156 109
130 185
200 4
185 197
70 69
25 245
159 181
130 210
65 145
33 152
126 221
139 144
242 134
54 137
197 149
227 219
175 240
88 135
218 49
104 72
161 165
25 0
112 148
32 150
222 249
132 1
239 218
225 211
124 177
131 204
224 234
16 72
138 188
67 133
184 109
165 6
216 59
68 153
5 143
127 239
220 20
108 118
44 161
231 239
244 116
156 93
139 193
0 79
36 13
216 162
47 63
24 227
55 139
0 77
25 58
244 250
151 138
215 246
31 237
83 28
20 162
185 48
225 147
191 110
100 229
148 210
179 4
219 95
166 98
103 237
103 210
61 76
19 156
207 78
3 11
247 139
27 58
149 28
178 104
201 64
215 73
137 31
154 77
231 109
31 171
249 10
230 132
47 108
170 115
55 153
62 14
67 63
224 142
209 214
189 125
207 30
128 227
104 232
98 153
164 151
65 58
112 239
130 243
127 128
2 35
232 126
192 121
236 131
196 202
196 95
113 227
12 218
204 71
143 91
190 128
22 231
101 196
234 21
27 29
172 220
24 131
167 231
77 182
250 220
95 174
31 132
46 237
154 176
16 232
142 192
152 104
247 197
135 67
77 207
155 124
52 51
28 37
109 184
70 165
149 54
40 154
161 87
16 24
6 122
99 165
128 136
200 32
227 247
151 228
16 88
29 50
115 192
105 47
222 159
105 158
187 109
130 57
185 80
199 51
203 14
231 48
41 54
221 84
106 214
205 19
158 11
192 204
193 40
114 123
111 127
3 0
197 122
179 0
59 93
91 26
35 4
215 19
210 205
191 87
249 104
79 95
163 60
21 242
178 97
76 83
202 9
119 250
234 68
62 103
200 241
14 163
138 152
148 237
23 20
83 39
91 174
82 209
81 232
229 70
188 40
77 203
184 0
67 67
12 17
203 154
95 93
164 96
40 67
229 220
30 9
152 213
196 13
148 128
215 106
193 84
53 235
147 36
46 34
126 223
98 57
35 41
39 138
153 212
243 14
93 51
16 177
197 72
16 195
38 83
125 66
194 94
50 115
76 215
69 86
175 81
9 30
63 0
138 26
193 2
20 12
140 206
195 79
187 63
137 49
232 15
158 117
128 64
103 164
192 116
108 12
196 242
124 160
121 212
50 233
3 52
182 54
195 139
100 175
130 51
95 91
132 44
170 150
16 247
219 115
123 151
178 179
169 245
51 143
200 57
85 199
120 193
2 135
145 143
188 92
166 135
204 103
216 66
173 63
239 52
130 111
62 31
121 234
22 6
5 42
116 223
13 182
77 126
62 191
218 117
130 229
147 137
173 231
99 241
122 125
135 236
161 79
196 32
178 126
89 223
28 68
183 135
176 138
171 117
140 223
98 84
148 225
97 207
5 26
92 55
243 90
226 198
154 99
157 2
218 55
49 209
109 223
11 25
14 99
136 134
82 138
237 232
102 117
225 35
25 150
177 18
225 61
12 242
123 31
127 147
94 212
236 48
70 45
51 55
119 70
140 181
181 59
108 125
21 227
145 86
116 163
117 148
32 201
103 94
223 139
211 119
65 132
212 91
228 213
226 76
60 220
100 52
163 13
29 114
138 58
110 233
214 153
75 63
182 166
66 89
70 155
9 236
208 129
106 178
249 161
160 164
220 62
240 35
151 24
217 140
163 33
172 202
151 59
125 115
185 143
68 212
39 218
145 69
24 39
68 191
102 139
197 113
186 244
6 82
63 122
70 122
8 44
188 123
124 169
6 215
15 84
197 5
212 102
80 16
32 116
168 190
247 70
23 234
162 240
82 235
225 238
42 142
188 47
62 203
34 213
94 95
188 144
141 152
16 21
93 143
249 115
88 116
195 20
81 176
126 73
31 28
156 139
182 101
58 88
92 30
145 170
43 53
209 53
35 27
182 214
121 52
45 228
190 170
246 91
243 5
74 29
83 10
237 209
17 19
242 140
228 29
64 120
158 61
173 88
165 164
98 169
176 68
220 22
104 179
88 76
199 202
171 215
43 65
125 123
59 20
66 73
18 179
143 214
132 49
78 172
235 206
9 161
155 189
146 96
217 203
146 152
87 211
148 96
70 139
142 156
104 248
154 150
107 53
17 35
128 158
220 91
182 84
43 189
34 247
87 11
53 242
248 141
198 136
36 78
139 116
112 91
37 170
3 218
76 25
223 175
33 87
130 148
103 41
102 180
147 7
244 66
87 153
141 68
25 70
36 132
29 224
109 181
21 171
45 191
94 137
145 186
8 114
74 49
160 18
60 95
246 1
224 41
232 32
196 52
190 14
185 22
55 126
223 206
216 24
188 22
50 71
148 153
44 123
28 14
76 99
111 214
206 183
151 117
54 68
240 199
192 245
181 66
69 202
34 30
1 175
91 36
67 158
128 151
110 72
185 229
114 136
171 179
140 218
155 193
80 45
71 202
166 129
62 110
116 184
42 83
239 196
80 10
148 94
210 155
233 137
102 101
164 210
201 119
182 120
85 201
211 58
218 223
25 102
25 66
55 25
12 71
216 188
238 179
157 240
22 26
228 156
164 136
42 78
177 140
52 176
23 200
243 142
89 211
172 225
101 85
170 240
31 59
87 250
200 55
45 232
168 53
150 96
95 70
133 73
137 20
218 167
249 208
176 127
183 226
51 222
213 217
214 142
14 103
49 242
86 232
222 37
95 6
31 121
238 158
43 119
248 35
44 78
105 36
162 227
69 16
59 40
248 212
203 248
80 147
41 44
123 250
82 108
140 52
221 149
206 45
153 248
194 201
120 110
9 21
211 10
239 54
197 65
192 38
207 206
145 218
43 179
132 138
95 191
98 104
138 131
169 138
228 40
21 250
94 55
15 45
7 76
79 68
29 177
12 144
90 154
223 181
33 104
155 65
161 187
209 147
237 84
50 32
149 205
240 120
199 181
101 39
45 223
76 38
115 161
227 162
35 100
156 242
49 89
237 11
27 219
39 22
126 39
29 58
233 226
98 139
222 185
60 163
71 191
95 241
109 174
97 166
2 23
174 28
45 159
157 0
214 68
154 216
214 184
64 191
20 36
232 240
25 138
7 160
245 131
19 243
73 1
160 67
198 192
143 152
158 192
86 163
73 147
56 151
126 107
64 210
198 182
75 114
197 145
5 74
70 167
231 155
147 11
245 231
69 56
136 206
243 93
177 13
44 6
166 35
101 169
65 178
7 221
220 27
121 177
54 85
186 160
210 40
74 244
40 85
7 51
134 168
141 129
86 89
7 170
234 83
156 118
161 180
2 142
241 162
181 22
57 237
145 206
208 187
201 133
3 165
154 68
186 75
21 87
39 5
21 109
45 50
19 154
55 36
176 195
162 125
19 93
95 147
93 17
212 104
195 192
229 18
62 56
56 52
221 169
240 44
58 210
213 131
52 194
60 65
148 201
20 82
201 215
214 237
158 183
171 165
166 45
178 237
145 20
42 155
179 14
66 139
52 12
122 18
133 186
8 102
1 180
238 91
199 112
106 132
117 227
41 230
210 7
233 52
104 228
188 0
140 7
122 246
121 139
137 147
41 96
113 233
201 152
171 169
230 39
27 176
127 124
157 83
193 234
243 203
55 226
84 2
40 118
89 128
48 10
189 211
105 4
138 161
4 193
131 112
204 195
72 88
15 120
201 141
112 58
120 238
98 141
3 22
44 37
210 114
46 42
12 193
136 5
233 245
132 3
240 235
203 69
247 95
92 112
246 85
68 84
84 114
145 71
9 215
106 62
75 45
161 63
1 205
107 7
34 169
2 168
152 65
11 143
93 160
135 108
98 99
242 237
94 89
5 51
141 117
62 120
51 121
158 19
138 112
87 109
35 16
168 21
166 90
216 45
103 14
144 80
230 84
222 77
80 162
194 230
56 245
27 41
149 24
119 163
200 230
69 143
155 146
191 164
117 146
218 198
60 110
142 93
40 228
231 87
68 237
110 1
238 145
207 28
98 192
164 18
153 91
145 112
71 107
34 10
101 43
49 118
243 179
114 49
37 208
72 64
249 188
90 2
239 208
179 142
250 94
181 233
238 28
51 228
27 106
242 34
184 30
0 154
179 160
158 214
233 146
139 105
184 198
154 168
146 133
161 214
195 218
99 122
175 116
249 3
145 103
73 9
63 96
237 120
60 149
89 191
185 70
1 218
239 20
56 172
140 11
241 122
121 119
198 230
214 135
231 210
77 227
191 235
241 247
237 201
208 36
86 57
238 156
16 215
93 69
94 159
240 243
190 225
116 26
216 85
166 219
185 60
129 213
51 4
231 180
151 193
80 35
113 134
205 101
176 170
99 231
0 37
44 106
142 158
243 21
39 166
13 15
171 66
11 85
100 118
207 193
91 16
108 137
158 52
159 150
40 2
89 231
35 55
84 37
157 135
233 0
57 83
15 144
40 74
95 72
10 44
125 49
158 8
22 205
1 112
75 91
65 181
2 230
174 141
222 8
163 35
63 98
159 53
206 144
121 174
183 233
180 181
223 26
221 191
87 29
189 241
94 128
37 167
118 244
38 193
165 47
165 154
9 14
60 179
28 162
247 235
34 239
172 156
100 126
250 147
99 205
193 48
173 80
154 45
63 137
211 97
32 51
128 58
151 4
26 223
164 240
183 170
236 139
34 37
167 187
112 243
146 139
126 81
145 230
17 94
248 178
10 78
55 197
141 20
153 131
131 168
36 127
34 139
175 111
29 120
196 69
248 149
24 148
195 10
230 232
70 31
189 172
170 212
81 43
142 170
209 165
145 184
220 98
92 140
79 18
0 122
34 43
74 15
232 217
121 248
148 150
108 92
19 186
98 33
102 129
207 131
210 124
219 1
186 138
62 164
104 188
140 243
113 210
242 111
219 139
40 136
99 177
184 67
187 128
195 186
176 168
236 204
183 246
133 105
244 213
179 129
13 46
164 89
157 91
71 179
69 51
202 89
45 76
2 31
225 92
2 54
174 85
92 224
91 86
37 94
54 1
144 242
223 137
140 220
249 175
131 82
66 110
236 58
160 95
208 211
220 121
210 78
18 60
205 141
229 49
177 227
3 225
209 21
203 232
246 211
72 205
83 22
185 9
239 171
98 125
233 231
52 151
36 181
234 55
72 11
68 121
82 140
173 216
241 13
105 94
22 203
223 110
221 200
153 86
102 221
242 242
130 163
27 191
43 32
15 77
58 203
247 189
196 57
157 156
29 141
21 78
131 222
6 36
70 157
82 98
71 236
144 192
2 209
208 11
85 81
226 226
20 173
237 211
162 175
160 43
92 23
4 246
94 205
66 213
228 81
79 4
54 115
28 152
187 2
0 56
175 50
24 54
221 146
121 242
189 140
209 236
143 231
149 33
70 228
60 196
133 176
56 213
129 80
127 5
214 114
203 180
41 219
47 178
128 171
42 153
101 208
52 165
63 76
6 227
249 12
168 195
158 229
18 44
145 119
174 89
205 166
176 55
95 250
26 87
249 21
55 58
175 214
115 69
201 84
97 146
193 75
76 108
228 173
80 79
138 175
172 83
117 92
9 57
140 136
218 227
67 93
108 95
224 75
59 5
241 209
31 146
21 39
222 239
71 2
230 222
114 159
233 12
28 158
235 187
3 8
15 151
138 94
155 111
231 99
206 39
14 229
168 63
203 176
168 201
57 227
47 229
157 196
77 9
157 185
83 119
47 182
47 46
227 87
135 248
94 189
54 17
101 63
84 53
225 17
67 148
242 10
212 173
103 106
1 166
157 87
72 216
138 52
193 31
136 62
23 105
172 235
173 37
30 134
103 110
213 160
160 109
15 69
135 34
145 226
107 22
80 39
115 97
193 18
3 201
224 37
163 223
222 80
135 23
191 24
92 185
247 34
163 70
90 112
118 153
112 178
222 63
162 19
58 0
175 236
137 127
210 44
23 245
25 109
156 235
150 129
108 225
176 119
50 75
19 0
42 0
208 156
10 135
130 15
50 50
101 161
15 202
185 50
54 156
74 212
172 123
219 125
29 63
149 37
238 164
70 73
82 91
234 165
31 152
215 216
110 106
172 189
60 36
190 182
233 209
136 155
74 105
199 128
154 228
50 213
3 196
206 234
67 128
6 12
43 73
66 19
55 211
110 218
192 156
217 16
43 47
179 222
95 19
114 35
228 201
80 134
214 26
183 241
142 31
172 74
173 18
20 248
242 163
18 111
171 207
79 189
31 4
137 226
167 110
175 209
156 101
9 88
117 73
85 92
232 195
41 69
246 97
92 228
144 92
88 224
132 206
149 151
110 159
169 6
22 219
11 93
180 54
92 248
2 121
52 221
148 110
190 36
86 225
211 93
132 136
112 42
11 211
242 233
147 2
9 105
145 220
58 198
158 224
80 173
4 102
131 212
12 247
100 157
189 65
191 237
13 95
81 213
158 121
245 61
112 152
168 23
144 129
48 221
41 211
195 123
185 247
140 84
107 145
83 200
214 205
162 121
100 220
244 72
100 9
96 154
204 209
24 8
132 22
238 0
166 20
3 244
135 226
111 77
196 175
73 214
236 129
143 20
41 217
104 220
115 216
167 120
47 57
120 161
75 36
114 129
8 133
218 9
72 247
135 213
102 167
216 155
85 123
196 197
248 84
86 155
80 83
126 216
40 130
35 107
74 19
14 194
96 157
246 16
222 51
68 52
127 166
130 196
22 30
74 27
176 144
203 186
30 72
27 34
187 192
208 5
246 187
210 74
183 152
68 167
64 7
166 94
92 148
152 50
194 166
234 177
234 248
232 176
148 80
248 82
195 149
58 137
224 99
244 112
65 148
98 221
103 80
215 97
13 2
19 124
188 59
179 35
28 11
18 137
45 218
154 204
33 183
29 211
143 134
78 148
29 124
105 190
155 161
10 238
99 248
68 20
27 143
141 41
45 146
33 90
27 246
38 153
195 92
74 228
42 67
48 234
148 100
103 147
245 3
124 28
248 119
185 132
115 39
100 49
163 82
210 71
178 176
230 248
236 157
18 216
189 26
160 226
3 239
110 144
44 0
2 116
78 144
170 4
230 60
218 156
200 226
206 195
158 129
179 71
240 109
233 27
188 35
54 10
159 171
117 108
123 75
115 17
58 171
22 61
183 142
153 242
172 149
207 248
97 217
98 9
160 10
224 114
96 225
62 240
8 124
170 113
103 4
167 238
124 106
10 113
108 88
150 22
234 31
186 44
172 197
241 74
175 23
77 197
218 42
184 121
64 28
12 38
5 23
162 48
127 54
109 28
158 108
27 13
185 104
139 73
191 19
56 61
110 95
163 208
143 238
158 168
70 132
182 108
91 205
28 137
137 33
218 225
62 84
240 78
188 161
164 155
150 243
242 108
114 174
209 93
33 56
41 28
20 29
40 187
156 134
186 207
218 238
93 230
82 77
164 114
130 150
44 24
163 107
100 233
63 225
176 5
236 72
142 60
121 123
244 19
187 39
59 214
212 67
130 202
7 48
84 243
93 166
83 169
134 62
41 30
26 185
74 125
17 46
148 220
18 132
210 186
140 248
40 243
63 12
112 213
134 69
153 167
92 11
99 159
54 96
177 213
4 186
144 132
230 176
220 210
9 122
12 178
173 22
249 43
44 239
112 155
197 117
211 82
0 150
228 53
114 71
15 204
32 114
90 171
64 45
28 144
138 177
229 106
191 231
75 59
105 64
107 87
62 59
27 250
128 219
248 169
67 24
58 148
142 12
59 97
120 164
101 67
144 150
211 166
114 68
95 30
229 185
0 201
79 28
108 149
113 96
108 242
143 207
70 78
160 205
27 135
173 222
230 114
145 190
116 241
216 104
149 7
125 54
33 22
23 89
80 131
131 156
164 171
230 24
146 145
10 124
83 105
65 81
36 243
218 24
204 3
215 240
47 127
187 95
52 182
209 103
2 107
82 185
113 218
97 19
164 189
54 189
225 30
91 8
9 154
19 3
66 188
14 43
227 171
93 197
120 217
59 129
87 97
132 184
130 49
97 245
155 76
100 200
19 86
7 168
6 185
43 58
186 92
216 14
162 230
157 220
197 75
14 53
130 23
168 90
128 3
165 43
14 247
26 65
157 194
31 192
194 26
72 82
86 209
78 82
58 15
24 87
203 41
134 42
212 145
89 146
214 210
195 112
3 49
106 104
232 77
234 123
54 167
18 81
220 221
96 78
163 197
228 188
141 106
3 180
22 172
54 7
197 249
173 65
87 220
127 60
127 241
118 171
129 190
135 119
102 243
221 213
112 183
78 89
157 79
58 22
126 76
118 50
228 45
143 27
78 135
130 76
228 147
170 153
77 27
148 49
71 13
50 20
42 93
79 52
75 67
170 2
15 54
178 106
221 116
181 128
149 247
111 172
103 16
9 108
23 191
57 184
108 183
143 219
214 88
87 129
205 97
69 236
177 133
220 226
140 63
42 59
20 176
192 13
229 100
91 70
153 28
48 39
170 222
141 185
57 135
199 132
105 99
4 78
210 80
245 205
20 118
76 233
59 237
92 84
204 217
76 110
54 143
165 81
124 208
180 227
81 199
143 53
132 163
4 153
128 160
238 135
56 107
90 52
163 212
215 93
38 160
31 198
24 205
55 207
20 44
184 214
0 105
112 94
163 87
23 125
45 136
14 183
156 44
169 227
194 213
17 77
124 243
188 17
239 181
36 76
175 250
164 55
98 7
171 41
144 211
1 6
216 40
119 8
131 13
1 228
242 148
51 208
121 181
83 159
145 30
90 217
49 245
238 99
241 65
13 55
0 51
40 236
45 118
172 108
108 123
37 35
153 88
2 38
148 184
165 221
152 225
31 47
46 213
11 199
121 185
241 11
97 95
60 144
25 144
20 209
242 202
52 111
160 47
102 92
82 113
166 67
107 191
224 197
165 2
173 179
100 114
134 32
138 207
182 188
197 83
43 191
108 24
20 137
81 152
82 163
68 184
4 72
219 187
28 160
38 77
16 234
214 37
167 151
80 71
124 229
242 184
134 151
95 36
163 172
138 157
32 250
183 34
47 88
12 232
150 107
60 42
101 54
101 81
74 208
95 135
78 124
83 127
134 181
213 117
142 198
72 40
163 79
193 63
75 185
67 108
88 248
179 31
8 144
149 163
248 72
245 56
57 231
6 188
152 208
12 112
118 175
178 194
200 166
171 209
55 88
95 27
38 139
135 3
117 203
195 115
51 206
128 178
248 221
94 45
10 54
80 210
218 63
61 44
71 128
108 67
44 197
4 98
226 175
207 75
230 250
80 249
183 53
240 24
41 46
201 53
93 82
92 207
10 63
222 55
192 178
51 215
11 126
18 67
227 127
203 93
30 95
87 113
203 90
173 128
161 195
34 28
133 7
124 111
26 173
42 98
147 41
194 0
19 74
246 221
85 219
199 18
214 80
172 59
5 250
218 35
71 86
108 42
209 73
163 183
65 151
25 158
90 138
12 11
190 209
166 27
211 133
193 7
4 30
14 4
168 171
15 224
203 145
175 133
140 9
78 109
173 53
27 19
138 163
88 17
61 113
20 218
177 206
213 84
218 65
201 86
235 70
122 106
113 34
2 83
236 42
168 229
188 213
74 33
209 206
64 140
23 133
52 79
30 180
187 32
69 151
216 134
25 179
243 146
10 61
200 177
0 189
207 135
212 151
55 86
1 225
99 173
82 193
79 159
208 126
92 34
106 38
112 21
73 20
61 2
120 202
33 111
44 19
61 172
39 55
27 231
87 104
142 74
183 150
120 198
231 70
32 95
58 45
51 227
49 132
0 128
188 238
74 115
43 82
121 189
112 143
200 169
64 88
60 81
89 164
101 213
47 68
12 36
79 32
135 14
18 151
199 145
100 202
200 19
195 76
50 83
122 220
134 135
114 250
39 214
200 237
50 160
238 124
240 67
0 203
49 191
64 245
76 75
5 137
177 135
112 106
124 96
240 57
181 64
246 29
224 68
61 79
114 66
31 10
172 89
144 63
20 142
109 17
67 96
236 199
239 212
9 98
140 118
214 56
137 194
159 219
99 44
222 69
134 5
128 154
145 41
137 18
191 142
21 103
94 236
187 143
220 29
243 151
88 56
110 80
129 95
220 157
81 202
122 227
64 250
167 96
203 160
235 37
68 178
134 240
166 122
123 235
199 143
87 27
20 31
54 205
163 28
168 219
247 62
37 22
148 114
50 104
22 183
218 243
7 98
154 178
84 150
137 118
80 197
106 216
235 219
162 247
32 182
130 4
164 0
96 179
212 44
109 8
81 207
184 161
108 228
63 217
34 126
106 208
38 70
66 218
134 138
221 182
10 169
63 227
75 171
98 180
204 67
33 13
209 222
200 131
105 15
198 46
240 133
238 67
233 58
127 7
65 9
192 26
163 142
146 159
221 1
21 70
8 248
176 223
244 86
22 146
189 98
195 110
158 106
131 7
248 242
111 149
233 84
250 49
237 74
247 74
196 247
76 244
39 168
152 241
153 124
220 184
110 74
134 130
37 85
74 82
146 129
102 22
224 171
60 22
116 168
230 146
195 215
131 127
149 222
179 22
157 99
27 97
79 113
249 136
190 131
171 230
131 87
49 158
62 210
93 49
73 242
61 143
21 18
118 103
157 163
213 39
204 111
198 110
48 126
169 92
130 94
182 40
93 217
122 167
25 237
230 214
134 227
188 248
43 133
117 4
102 89
40 60
204 235
131 174
151 100
245 64
96 117
117 25
243 118
5 46
222 132
8 212
211 15
46 116
49 171
41 123
146 197
210 196
118 248
192 171
214 77
243 177
5 76
140 162
5 129
28 56
54 191
249 125
54 48
95 197
113 176
32 157
120 28
115 234
14 205
152 175
168 168
60 174
75 135
41 65
32 204
35 190
55 113
194 88
32 84
159 76
153 114
104 74
177 59
106 88
49 143
22 40
202 137
107 48
225 43
162 4
53 216
176 97
91 12
116 230
135 198
100 131
126 129
221 3
13 165
203 243
50 58
108 209
10 198
237 103
34 150
75 77
12 228
55 200
184 93
234 172
36 105
91 104
44 150
173 76
96 181
31 74
121 137
38 14
208 20
76 118
180 21
225 101
7 15
47 114
130 177
105 108
176 76
69 195
65 176
178 192
220 240
10 82
4 53
65 200
112 35
229 22
247 100
63 238
53 121
95 51
103 26
17 187
209 14
3 194
181 206
18 181
12 58
133 96
43 225
149 18
145 107
77 213
21 144
33 64
145 90
24 156
117 87
171 32
86 102
172 96
33 233
7 128
101 215
8 46
146 124
156 51
224 183
232 68
120 91
98 210
46 9
11 167
199 85
24 112
174 6
152 230
225 207
17 41
229 124
122 223
234 227
154 93
236 189
54 70
7 90
152 217
154 135
63 127
205 47
174 4
9 130
33 60
216 122
113 246
73 56
178 186
223 62
193 46
71 6
139 67
79 222
191 211
148 228
17 214
177 105
136 201
151 167
126 181
167 249
198 138
40 120
206 189
76 172
242 154
37 156
190 75
74 53
29 164
107 239
180 215
131 216
31 190
50 169
19 15
58 68
49 45
27 76
168 48
233 221
139 2
179 244
138 125
95 21
60 120
27 208
120 19
238 204
218 60
95 110
133 204
194 199
183 223
90 151
49 139
76 103
30 93
19 120
33 74
166 147
212 141
88 213
176 36
179 182
116 126
165 201
226 143
118 215
206 108
18 79
49 66
180 90
127 156
28 199
113 202
115 10
94 126
183 42
245 137
3 104
64 110
108 9
241 46
116 56
216 206
157 4
175 8
130 159
88 15
248 7
198 241
233 199
62 28
242 169
12 132
169 130
46 241
200 87
119 13
97 174
104 149
119 38
42 33
143 124
214 193
237 224
203 59
217 132
86 84
173 227
30 160
97 35
247 206
94 233
125 98
53 53
36 210
171 79
197 91
58 165
142 147
173 170
168 121
30 183
60 103
208 175
80 178
191 53
73 182
239 42
7 205
22 82
216 208
175 136
120 207
170 236
205 13
214 108
13 142
181 148
118 43
7 234
119 1
50 151
222 10
5 206
16 228
212 147
129 78
89 118
184 75
86 214
5 5
217 196
83 247
213 250
111 206
223 150
29 54
177 82
0 124
248 69
68 79
219 152
227 3
140 61
117 166
150 71
19 136
53 178
94 243
247 192
91 94
97 30
156 78
143 162
200 149
245 238
114 240
8 242
92 28
229 168
102 127
246 102
98 113
188 101
93 124
83 67
189 236
211 24
34 35
46 39
71 130
73 191
60 88
192 36
7 166
57 11
129 61
141 187
162 8
11 249
158 237
160 55
190 213
156 204
249 56
240 145
130 103
215 175
23 120
184 100
92 214
219 175
24 208
45 1
26 166
195 184
22 16
198 7
223 35
22 87
213 46
81 1
33 101
103 134
244 28
75 47
80 175
244 209
51 247
80 203
233 37
178 95
21 190
200 25
94 157
138 96
190 245
39 28
33 123
137 143
177 113
26 131
245 144
124 239
103 82
8 28
167 214
105 57
240 204
30 85
223 116
27 43
145 6
71 244
147 165
165 12
216 237
8 81
89 36
222 20
135 128
117 210
56 42
159 63
2 72
59 26
181 210
178 68
100 22
229 16
29 19
185 222
146 17
249 192
216 201
156 191
220 126
162 127
129 233
17 135
244 74
199 239
240 0
105 28
70 12
7 104
116 206
74 73
228 135
0 148
129 37
85 22
245 89
130 34
31 233
3 131
215 192
171 81
66 124
159 31
194 125
52 141
17 164
78 98
199 153
25 79
219 17
175 19
72 188
187 81
159 123
118 224
105 85
107 106
144 236
46 153
66 241
167 226
16 197
87 93
79 81
156 177
126 68
110 93
50 6
128 119
239 31
204 113
57 69
103 239
249 171
105 120
100 73
31 220
204 184
8 90
126 200
206 3
233 122
168 125
3 70
157 173
109 51
244 229
51 202
12 34
216 223
241 94
200 106
10 72
241 217
10 203
141 99
27 124
227 34
215 32
146 93
87 170
50 38
63 80
64 223
86 137
103 18
196 187
28 239
90 107
43 234
201 247
75 55
208 151
156 237
232 66
188 136
140 24
86 115
199 23
236 236
147 30
223 232
159 243
79 12
206 179
61 206
83 220
24 62
182 237
175 34
192 152
95 245
179 239
167 176
198 178
93 61
121 20
16 9
207 157
5 233
19 238
38 207
192 68
198 238
28 213
41 88
13 108
19 38
143 203
203 23
54 61
101 144
238 62
73 163
112 19
203 223
49 230
237 166
196 200
147 190
80 92
128 99
214 82
223 215
155 148
169 243
246 158
34 221
219 217
192 72
151 37
91 119
110 4
144 22
92 221
84 122
129 230
138 86
61 83
236 97
152 15
94 140
186 16
54 78
1 87
111 15
132 24
65 127
100 244
167 228
3 16
154 137
101 93
77 232
147 43
20 196
250 164
157 23
181 141
36 148
175 88
116 32
218 67
165 25
14 232
26 48
214 119
28 52
245 23
56 149
75 6
190 180
42 185
140 200
82 237
208 8
215 186
84 174
201 40
35 200
41 146
46 101
110 32
125 0
225 176
240 240
107 75
164 206
198 130
40 90
118 183
225 26
209 86
180 175
161 32
111 135
109 117
3 106
64 212
11 67
117 173
152 210
20 221
40 204
174 69
224 228
35 166
63 236
184 127
193 106
72 122
41 108
29 205
131 189
107 36
150 219
39 66
230 150
168 161
9 223
202 189
114 194
138 169
23 185
172 26
130 36
98 250
132 5
37 2
248 210
0 120
129 134
137 79
172 141
157 218
127 97
223 14
220 136
228 36
177 211
33 79
24 25
211 197
98 229
96 47
161 216
169 192
119 63
134 84
172 16
58 133
198 213
182 126
248 5
206 70
101 165
64 204
88 239
225 105
180 116
144 59
67 83
68 219
2 64
46 24
180 167
94 146
157 222
116 30
207 102
212 115
143 47
183 21
170 70
66 60
230 17
164 167
119 184
197 115
226 187
66 154
111 44
64 206
118 129
5 175
198 165
248 58
35 215
108 211
87 38
230 62
89 49
230 172
181 27
218 37
17 237
130 219
169 43
138 24
160 151
224 190
124 81
4 141
173 139
133 75
112 48
231 191
115 179
203 230
116 6
52 62
127 187
103 224
26 50
175 21
80 54
242 114
34 181
141 214
32 217
214 92
190 86
174 198
125 23
89 153
92 44
72 193
179 37
201 94
180 246
37 65
164 59
145 161
211 45
62 208
2 216
140 109
213 24
211 171
114 82
41 200
49 96
184 85
152 237
69 242
118 168
56 170
248 173
247 247
5 103
49 162
69 89
220 104
164 73
139 214
52 105
147 58
74 140
154 55
241 195
141 104
70 29
157 13
17 98
157 233
88 166
104 66
113 235
216 210
88 66
77 77
66 245
147 227
30 109
247 161
100 139
103 171
76 238
212 31
246 245
109 21
48 76
201 13
49 80
57 182
228 215
113 214
106 66
90 20
4 24
230 67
3 175
49 128
3 156
232 162
235 182
14 210
189 119
107 55
173 161
9 66
139 37
190 73
191 223
219 7
214 125
201 167
173 78
166 11
31 164
198 73
58 155
148 121
133 66
58 175
179 80
82 32
226 166
226 141
21 217
83 33
155 3
46 200
16 185
58 233
176 185
207 47
162 140
235 148
178 110
68 31
219 102
183 18
49 55
197 67
177 155
132 18
78 36
205 109
72 84
192 193
122 193
108 107
241 231
58 12
100 133
181 10
178 246
150 31
139 88
187 184
208 40
228 68
178 168
227 70
136 210
79 220
30 66
160 140
48 216
160 224
162 72
231 8
181 143
116 176
141 2
188 230
154 186
35 111
14 36
42 2
76 165
16 241
124 129
127 142
186 230
133 192
35 233
123 237
84 50
15 186
24 239
64 35
215 100
129 40
188 13
113 99
139 108
11 184
153 194
232 193
93 119
82 228
190 202
91 14
165 131
85 250
24 35
87 215
160 175
29 230
114 109
2 60
0 19
135 241
154 117
46 239
186 100
111 113
173 73
15 56
235 34
131 27
217 113
218 30
239 83
44 8
224 24
232 211
4 122
19 68
38 210
107 111
216 242
184 179
1 240
32 184
132 14
235 231
67 117
195 49
241 69
154 63
80 216
29 153
100 187
61 237
62 19
248 78
245 129
139 60
181 216
32 41
134 71
215 171
27 126
124 43
137 213
14 92
57 54
170 174
176 198
190 79
182 159
245 76
141 72
108 155
75 101
193 238
130 172
11 107
66 0
38 185
215 75
136 182
93 91
222 193
99 35
234 163
135 250
154 199
78 107
248 201
87 144
235 46
130 115
107 120
140 50
151 187
69 175
173 242
75 219
156 57
50 41
154 163
12 43
100 135
194 101
70 216
104 203
162 151
230 202
237 20
192 181
23 229
28 4
249 51
95 167
89 11
59 183
241 55
14 249
207 13
209 84
104 223
238 121
147 135
110 118
70 47
99 161
168 134
2 56
24 6
93 238
26 24
57 59
147 213
1 130
224 56
247 155
43 184
1 170
24 97
227 238
189 142
149 175
223 177
155 43
45 187
214 233
216 235
177 181
222 106
13 225
29 240
49 51
193 4
76 0
145 39
122 101
7 156
220 189
