206 35
217 171
47 110
40 52
29 46
149 84
58 187
119 137
184 166
182 122
216 108
193 176
170 124
37 54
51 8
60 156
175 70
210 104
179 169
245 227
225 130
23 96
43 210
122 43
67 226
60 232
107 39
80 155
105 202
201 192
1 17
101 107
216 168
115 50
14 132
43 168
21 119
22 72
56 217
172 177
107 128
3 32
194 226
76 150
167 233
246 165
211 177
82 167
26 203
49 205
136 132
164 105
47 94
36 119
158 158
159 174
4 95
93 202
42 18
226 120
81 15
115 220
140 139
52 169
61 158
176 189
204 161
195 17
11 2
0 216
119 178
247 25
197 93
245 32
29 18
32 36
116 3
177 16
98 92
52 60
44 21
34 116
104 152
217 142
111 199
203 27
76 33
78 153
109 97
223 60
20 192
81 3
35 238
24 139
247 172
177 208
76 116
36 203
193 164
223 219
148 85
112 161
130 247
122 176
51 133
231 142
23 116
132 31
200 6
23 195
117 239
39 151
172 85
47 99
233 18
199 67
96 82
39 49
99 183
220 172
152 30
124 198
107 84
60 247
7 106
66 79
218 184
148 13
118 111
36 20
119 219
175 93
142 80
145 46
190 168
99 110
135 73
17 147
182 1
6 61
212 137
70 116
163 195
198 159
122 27
16 143
160 220
38 56
87 241
123 73
1 128
127 192
22 42
249 45
186 219
52 100
196 236
48 85
125 216
158 112
191 31
192 95
63 162
238 10
218 160
66 195
229 47
21 23
40 189
162 15
73 136
217 100
43 115
18 145
133 220
138 69
204 129
187 225
1 76
204 25
88 51
121 155
42 120
94 105
231 105
244 102
166 110
69 149
135 104
59 66
182 96
12 103
224 20
126 52
9 9
244 232
186 188
210 55
192 89
204 2
234 114
194 182
13 171
125 30
239 72
48 98
85 211
74 40
165 249
25 177
158 29
141 28
236 114
116 122
101 79
184 237
93 234
132 172
83 218
37 37
131 57
222 129
53 33
43 218
34 160
227 106
85 42
4 116
119 159
36 69
198 250
105 171
54 203
61 128
35 85
29 244
83 70
219 47
25 40
172 229
194 133
165 53
141 167
206 103
236 195
213 200
168 78
50 106
210 32
36 196
148 196
54 231
222 102
216 120
25 154
114 177
149 117
61 228
50 215
148 140
91 98
58 103
50 85
109 84
127 103
43 108
71 230
227 154
124 126
116 198
21 89
84 57
237 213
71 113
236 151
87 221
176 148
236 118
181 15
126 244
118 89
51 186
148 64
120 125
230 3
116 10
200 100
52 3
6 152
170 142
92 68
134 207
171 7
206 152
54 195
227 166
164 122
5 211
164 199
196 166
55 66
36 29
99 11
45 82
116 109
97 227
28 72
91 100
23 53
234 229
249 145
1 45
214 12
40 172
0 100
155 173
35 134
157 199
148 161
234 139
125 101
49 179
194 159
190 250
217 31
86 82
54 169
234 91
21 185
139 110
62 8
45 47
219 4
77 84
10 79
153 43
46 174
42 204
119 112
191 130
158 126
195 36
8 112
215 151
54 5
210 218
70 37
193 236
68 91
68 188
159 1
202 91
169 247
61 225
48 130
143 39
30 83
16 174
99 30
99 106
204 225
35 177
135 47
59 128
184 11
67 164
34 219
24 219
132 98
181 221
31 68
37 125
76 59
110 241
210 181
100 76
234 6
24 122
137 224
200 222
209 82
109 205
62 165
32 169
128 28
187 149
221 217
218 85
116 208
236 176
141 171
149 86
170 60
224 242
109 31
203 80
226 48
114 127
147 74
27 67
151 142
97 111
69 28
222 90
153 38
151 69
84 31
23 103
108 57
96 80
197 228
89 120
230 81
98 164
143 136
201 145
116 35
29 64
236 80
220 236
49 27
15 249
129 113
187 193
125 69
122 35
79 105
40 98
136 54
122 48
10 161
11 215
82 215
125 38
111 104
127 30
29 246
15 112
16 172
187 178
231 182
149 41
170 68
13 19
190 41
112 81
114 94
213 61
242 37
64 163
175 207
132 248
128 44
186 130
105 110
53 129
241 130
135 147
198 11
56 156
114 229
206 214
115 203
161 238
209 242
187 7
74 117
3 112
100 168
120 200
128 93
94 155
120 93
121 67
103 162
95 128
218 178
211 28
101 14
248 134
162 102
44 185
17 119
233 130
204 57
3 150
44 194
146 192
33 174
162 114
200 124
227 159
36 175
77 57
127 246
229 88
27 171
231 39
224 108
167 192
233 29
126 9
75 146
205 6
170 163
105 61
172 43
213 189
47 180
101 177
26 148
77 175
171 16
13 105
48 42
185 56
69 1
107 117
153 162
65 231
97 101
132 92
123 200
123 142
95 13
38 12
239 185
233 23
116 68
22 169
51 31
24 213
219 106
26 210
211 142
187 65
191 158
220 212
187 89
242 99
109 76
39 241
72 209
139 102
208 171
69 147
47 163
102 197
135 139
85 108
237 3
109 176
16 39
123 161
66 35
227 18
1 221
111 24
94 223
140 241
16 158
242 244
10 241
36 231
22 35
167 84
156 164
178 198
45 73
40 248
182 133
192 190
47 140
208 50
31 52
115 84
85 186
198 244
25 126
123 3
147 123
9 192
133 64
165 187
80 102
63 48
194 222
249 63
2 125
1 15
214 187
99 40
86 141
132 144
44 15
109 45
1 184
235 201
71 172
131 73
165 172
70 61
75 138
92 38
50 24
183 172
174 225
149 235
109 139
41 41
40 221
205 91
102 2
225 33
165 16
123 140
70 39
48 199
125 150
58 216
226 1
55 122
205 199
85 118
124 83
123 225
64 84
104 6
87 208
229 109
79 75
108 235
174 32
244 223
105 142
213 223
38 223
32 24
114 187
72 124
215 137
47 226
159 144
195 164
84 148
74 76
217 217
9 138
166 161
170 129
118 24
51 125
66 205
162 185
42 175
202 25
83 226
106 24
149 181
75 167
193 21
160 157
54 94
231 237
102 136
104 205
183 104
177 116
20 61
97 28
35 146
115 52
45 167
168 61
131 64
163 229
225 45
166 30
3 132
128 222
214 176
211 200
178 37
77 3
93 168
78 65
199 215
215 227
168 114
177 8
148 78
81 11
25 100
230 35
51 118
71 200
206 112
51 147
206 99
23 243
86 203
112 13
246 207
162 27
180 204
126 171
27 240
227 149
70 124
122 183
202 203
80 85
163 84
197 37
149 233
120 47
171 36
185 112
34 120
90 67
207 104
216 21
45 58
247 153
229 238
56 55
130 249
146 111
150 103
158 201
16 230
113 113
1 98
78 229
36 155
147 59
194 197
71 242
54 173
65 113
212 16
70 249
55 77
185 24
159 87
94 98
50 141
215 3
213 171
176 90
120 228
84 132
250 242
172 143
245 124
46 112
222 31
34 145
9 166
18 106
132 244
140 177
226 110
220 134
9 118
58 90
88 148
10 134
6 28
207 58
59 142
245 122
124 204
86 91
215 6
249 33
20 52
203 174
183 6
209 116
242 196
48 236
143 209
124 58
223 71
177 1
60 34
148 72
110 67
89 237
85 28
126 33
207 84
80 241
153 164
65 51
142 78
204 120
91 242
96 53
109 142
225 209
196 102
205 54
181 17
143 5
87 44
16 82
159 233
191 51
76 240
57 48
207 218
18 101
34 189
243 144
205 59
163 177
212 209
104 122
209 244
218 79
247 224
179 66
218 97
99 155
232 189
52 196
144 175
36 51
51 137
143 149
16 28
106 10
245 152
215 244
248 181
241 116
20 59
232 82
104 112
178 201
183 117
117 23
218 205
162 89
96 189
84 65
202 108
229 42
130 91
39 180
145 28
149 10
58 61
171 63
162 91
196 55
90 33
34 196
27 197
156 183
78 44
184 46
74 71
58 205
112 167
49 200
126 165
10 18
186 156
217 50
195 245
144 122
199 175
237 194
248 88
201 74
181 111
190 136
87 16
91 110
147 117
72 53
183 164
16 134
208 214
145 55
243 193
228 55
130 199
62 54
11 109
60 99
72 160
126 20
6 38
238 239
25 247
86 5
39 124
218 44
109 154
62 154
14 12
73 201
97 215
194 70
188 82
172 159
143 75
172 28
170 198
218 162
92 129
99 223
91 159
68 12
233 87
154 14
97 162
131 201
154 102
106 167
179 42
100 246
162 99
65 1
168 184
223 105
87 196
233 7
10 174
140 230
80 143
180 44
219 80
159 41
88 40
226 183
66 169
156 125
112 87
137 237
136 151
220 53
69 172
174 35
84 110
150 153
178 226
242 198
138 171
80 22
57 241
137 140
19 76
6 1
86 70
63 68
224 69
233 213
120 99
36 112
105 219
115 15
24 114
229 190
207 146
189 104
76 136
239 179
195 44
20 213
200 38
11 223
192 56
100 116
151 74
57 41
126 136
192 213
129 148
224 199
116 144
42 166
190 196
27 83
6 145
146 201
28 224
235 32
193 9
105 242
180 194
54 24
208 4
226 74
19 160
28 235
195 224
39 198
30 231
44 121
165 205
203 126
53 43
235 170
39 88
11 115
77 221
41 11
238 230
221 34
192 98
77 94
101 119
168 149
74 111
63 39
242 188
116 133
194 157
237 53
11 15
41 111
100 24
70 74
0 141
164 185
116 41
187 223
33 137
135 165
34 165
79 193
205 77
179 73
164 235
65 123
212 65
168 68
170 12
199 163
240 70
148 173
171 86
195 206
180 123
88 88
189 186
167 136
41 138
157 153
48 192
14 155
211 126
95 40
202 225
200 96
250 109
37 245
198 170
103 33
134 224
205 69
175 100
81 197
76 183
196 178
110 60
171 249
246 228
144 49
176 12
193 172
223 217
19 97
154 122
78 120
51 74
8 228
96 63
3 147
11 65
129 55
55 38
224 5
45 5
239 1
18 5
136 208
132 124
238 228
0 110
154 49
175 114
151 198
0 161
70 222
47 222
168 100
86 205
166 247
220 242
28 168
201 187
90 192
3 235
4 6
105 45
184 71
69 95
62 223
181 245
200 137
79 185
12 62
178 108
11 55
249 224
222 230
106 79
248 38
232 91
39 106
210 226
210 179
142 224
175 161
140 198
218 248
211 6
78 156
156 97
246 176
19 114
45 27
117 156
68 53
231 167
98 194
7 88
163 187
200 51
204 201
239 38
236 241
231 126
1 172
48 243
73 186
74 158
53 30
4 58
108 132
117 114
137 44
182 118
90 184
242 239
155 20
108 147
151 8
189 198
169 179
188 75
120 206
14 137
151 46
155 220
132 122
38 136
197 191
239 6
74 0
105 234
225 127
82 123
165 142
132 29
42 245
174 247
61 118
227 179
237 96
236 233
74 225
29 175
11 128
207 90
10 75
23 17
61 24
11 164
172 100
55 108
109 248
12 184
60 132
227 239
204 116
41 160
231 151
30 143
200 43
4 242
209 238
123 45
146 22
154 232
220 142
75 231
218 233
172 195
183 80
18 2
193 60
230 137
208 227
83 58
186 120
249 240
230 161
72 115
249 203
124 154
34 250
113 193
37 162
22 123
84 241
195 28
126 1
154 244
248 157
167 155
137 192
21 229
227 206
132 240
87 47
146 63
162 40
145 35
62 218
24 194
160 207
229 96
130 10
209 250
20 153
10 157
160 107
127 41
25 7
207 159
143 247
180 177
81 243
150 176
186 0
60 191
185 90
2 139
119 100
225 86
226 12
30 166
125 3
99 50
21 21
216 136
134 12
172 129
20 163
156 11
224 8
37 101
10 37
183 144
108 1
6 141
70 49
152 147
88 189
180 218
206 119
142 55
177 101
87 246
64 133
177 129
201 42
232 118
19 50
244 236
94 86
234 132
212 212
120 226
82 245
130 101
242 29
160 22
73 151
56 81
117 117
200 155
54 102
32 131
94 83
61 245
37 16
227 15
215 195
161 116
71 170
246 18
235 24
238 143
107 70
94 116
97 144
59 10
205 240
247 200
119 79
84 140
157 25
140 56
86 139
201 121
23 101
162 132
142 65
140 249
229 207
44 129
230 205
19 201
69 231
54 244
103 115
174 39
44 89
238 15
39 178
77 128
205 219
163 94
42 206
169 46
64 20
154 156
165 75
110 190
127 207
249 229
186 201
234 105
241 128
93 180
26 1
144 196
180 189
177 44
240 221
86 161
14 148
55 165
224 121
191 218
51 175
68 199
60 114
171 102
49 247
36 246
65 234
120 84
244 217
129 168
99 90
33 105
43 136
93 22
104 137
30 1
143 15
146 178
67 239
25 185
235 44
45 231
172 5
111 141
250 53
83 189
166 108
41 34
179 136
208 109
84 180
129 11
40 94
186 83
26 11
127 232
76 163
141 36
108 233
179 242
41 37
143 228
215 61
109 172
45 87
192 58
70 63
28 222
247 151
218 147
107 246
18 58
33 72
183 4
236 94
208 178
26 90
189 57
248 49
161 84
128 185
68 159
138 92
10 95
161 243
38 10
81 50
116 78
11 20
224 165
250 89
69 179
160 57
144 222
225 94
30 78
215 153
77 7
189 88
39 40
52 174
103 68
245 147
229 141
9 93
120 175
88 73
17 168
139 153
83 4
190 176
23 65
204 242
210 108
81 76
42 13
110 49
59 70
222 228
7 114
99 199
71 35
132 76
178 2
38 182
44 245
4 63
110 156
182 203
243 56
187 9
231 30
28 92
120 15
118 188
25 218
13 240
189 68
28 89
3 2
135 32
99 149
151 85
239 163
130 68
226 193
9 205
229 229
198 106
162 153
9 210
230 148
20 9
182 231
128 146
203 197
96 183
185 151
95 103
44 206
86 182
109 202
94 122
79 49
107 102
64 73
212 128
217 93
130 194
181 190
144 165
75 130
78 13
39 230
53 159
65 243
33 180
122 191
122 130
112 32
204 148
18 128
179 172
89 46
5 183
146 245
32 107
191 148
190 144
86 32
136 77
152 189
44 30
23 238
178 57
88 63
27 117
59 192
209 188
189 215
18 210
88 233
48 34
154 32
90 189
123 64
103 96
211 247
196 134
80 20
203 109
80 215
144 86
241 165
99 207
176 219
106 247
211 249
243 46
123 116
141 133
40 240
90 175
154 209
139 202
150 111
232 62
112 61
16 129
97 12
175 231
80 169
102 57
209 248
69 101
93 7
80 187
187 116
17 15
104 157
206 201
211 53
73 128
134 167
139 186
22 179
63 107
22 49
239 104
68 6
60 15
165 216
185 172
7 118
167 65
87 74
77 177
86 62
14 140
237 175
249 235
123 184
49 77
207 229
168 28
178 164
6 219
131 84
200 194
20 151
197 220
102 71
175 123
86 76
42 126
197 200
36 139
124 210
40 174
14 33
215 179
39 47
94 178
32 79
16 105
30 99
11 179
131 187
136 247
184 191
105 116
58 177
204 88
73 89
146 169
179 229
20 2
63 185
0 43
236 14
8 19
150 210
230 196
187 154
151 123
221 13
86 98
58 169
82 181
133 27
242 86
25 20
99 136
174 155
200 164
75 105
113 118
247 106
86 168
52 149
136 233
195 145
181 230
177 42
112 30
71 98
170 204
134 233
129 157
110 223
75 133
96 169
79 62
177 245
205 8
64 194
164 146
240 99
152 128
115 73
63 50
113 197
135 36
9 71
26 27
35 102
122 25
62 167
219 148
45 95
99 66
64 31
47 246
68 248
61 107
156 72
92 3
241 87
130 129
85 24
8 188
237 59
116 245
9 170
111 195
136 143
222 96
170 158
208 122
43 61
169 38
199 207
92 170
247 124
86 234
243 50
228 73
4 67
222 235
53 201
18 196
75 95
216 8
216 173
104 167
181 158
153 180
33 227
242 27
123 87
66 5
244 248
151 185
215 144
117 150
233 45
8 240
134 196
177 231
201 127
218 58
123 230
133 216
45 52
114 101
30 210
64 146
226 244
191 11
52 93
170 56
39 234
74 165
135 173
105 101
76 53
150 101
55 160
173 184
159 247
199 81
188 45
152 169
106 195
5 196
212 204
180 150
167 80
176 48
73 196
199 20
44 17
132 153
27 128
242 78
216 12
56 117
59 235
205 37
16 166
65 23
78 216
158 40
135 56
4 17
139 98
47 78
160 134
137 165
117 14
159 138
165 118
200 2
212 33
244 158
58 94
227 217
153 35
177 31
169 32
118 195
175 14
226 132
234 153
150 91
165 137
31 230
48 211
46 148
166 40
67 8
159 200
18 30
152 203
127 23
242 58
204 164
174 107
127 134
213 240
17 65
96 73
57 147
196 119
66 106
109 219
194 57
102 0
64 199
223 52
179 87
238 219
121 12
3 92
40 9
95 97
79 200
93 149
51 164
103 28
107 193
232 97
151 250
123 12
111 54
105 23
132 180
204 17
91 83
187 180
84 72
157 142
161 45
137 39
34 194
89 197
102 131
98 238
153 72
121 69
24 168
99 60
52 188
5 15
204 31
191 240
115 222
209 48
159 210
117 219
117 70
39 143
33 48
200 54
135 7
109 101
213 127
1 223
59 122
62 244
172 69
88 229
7 207
135 218
241 152
73 5
58 139
8 201
95 201
154 237
159 35
56 27
112 130
244 175
119 123
123 138
32 21
127 87
125 64
189 149
237 245
104 79
78 214
138 11
212 76
73 176
175 62
123 144
190 239
175 102
243 80
70 105
7 150
154 17
79 30
46 156
55 98
202 47
188 153
156 22
192 104
39 108
241 32
167 209
174 59
113 53
104 10
165 177
57 30
6 63
188 15
120 149
109 111
185 20
53 197
106 51
48 104
73 58
0 250
144 111
75 221
244 48
165 120
106 212
127 12
43 122
22 140
42 104
219 191
245 5
2 193
54 186
151 80
215 47
139 16
175 205
115 42
221 170
209 27
28 23
186 114
86 190
48 169
106 118
186 72
84 245
45 209
126 94
54 15
78 15
40 128
157 38
214 248
66 223
211 162
108 140
196 154
196 209
88 140
145 243
63 124
146 13
126 188
65 48
43 140
35 217
5 127
73 101
131 118
150 146
61 175
189 217
72 155
125 140
75 119
224 156
8 238
148 159
99 188
148 249
212 237
10 13
98 75
189 76
62 152
149 134
8 78
235 109
219 110
245 84
198 104
47 186
4 231
172 55
120 121
171 184
76 245
238 190
223 122
122 153
112 6
119 86
202 210
154 34
233 43
135 100
25 77
67 137
249 198
168 86
226 115
75 191
126 119
127 250
199 29
135 88
66 71
139 62
164 21
54 180
201 76
14 74
106 122
138 249
64 101
220 48
64 115
181 36
242 158
87 78
217 83
16 118
168 128
111 185
158 46
159 187
67 28
173 8
246 168
237 76
56 188
159 132
224 128
203 63
13 154
221 247
240 219
171 175
176 187
207 137
189 30
242 12
35 205
241 112
232 80
142 201
51 66
214 219
75 187
207 60
21 126
22 44
245 196
142 241
168 178
234 135
56 72
238 105
237 147
243 23
191 112
139 82
186 96
219 155
26 212
82 45
232 26
212 26
212 4
68 40
189 62
16 145
153 59
249 246
73 184
181 79
140 77
73 145
90 58
200 190
218 69
138 41
129 141
209 65
185 64
46 90
3 211
103 43
188 201
203 162
30 194
75 153
71 16
166 164
189 53
135 160
141 202
226 223
14 128
222 155
170 48
11 230
115 54
228 114
39 114
43 110
106 230
186 122
56 93
149 207
171 93
129 106
189 3
111 162
118 135
5 87
195 173
6 162
117 104
91 193
229 7
225 22
80 119
14 87
142 248
129 87
29 136
183 176
250 248
77 31
181 186
56 220
171 133
103 183
166 13
13 68
207 220
243 240
160 0
225 64
211 235
81 106
63 90
186 199
91 237
69 23
56 232
221 195
115 23
37 228
204 170
60 55
247 130
87 227
12 174
119 60
108 72
36 92
244 104
72 220
180 25
67 44
120 53
58 6
62 213
229 57
135 79
46 202
144 100
22 8
120 58
232 5
229 246
40 194
242 161
34 113
246 11
155 83
125 7
127 74
20 113
200 233
80 145
152 52
196 100
205 207
114 61
81 62
231 93
35 64
84 203
28 182
85 130
196 77
180 119
225 27
168 140
155 199
0 131
231 116
140 120
218 126
217 91
88 133
204 139
88 154
174 201
2 158
22 80
194 228
228 14
147 157
208 176
164 62
147 103
82 101
47 22
108 231
186 182
46 16
21 234
35 61
15 220
176 32
233 236
132 111
80 136
165 238
70 206
227 122
21 66
184 182
125 16
214 44
94 221
180 126
138 135
32 214
108 162
92 133
122 132
60 187
53 88
104 92
205 224
91 124
150 58
171 104
13 6
41 116
146 232
216 213
95 153
227 124
69 141
18 27
128 164
132 117
46 84
1 81
152 106
113 111
16 190
57 108
141 43
90 240
127 92
49 156
193 150
10 27
127 72
130 165
199 61
246 132
243 63
9 186
61 98
92 62
192 102
154 11
86 176
20 203
130 235
162 219
40 152
20 45
209 158
194 128
226 202
9 150
4 190
106 186
186 205
58 27
118 205
180 57
139 71
6 67
175 79
229 66
228 102
160 231
163 6
163 200
31 17
250 68
40 191
234 102
96 4
183 36
19 234
141 157
115 91
107 68
70 70
236 135
63 172
213 229
183 210
99 93
46 144
125 87
118 233
93 24
164 157
16 192
242 40
125 202
245 139
153 142
139 32
25 45
12 204
175 166
191 2
146 81
244 127
48 11
113 88
57 161
12 147
161 149
93 77
55 247
240 169
29 28
216 232
59 227
184 133
47 133
23 210
168 213
136 92
102 223
77 51
18 221
186 169
164 68
243 181
173 41
40 147
86 184
243 70
191 61
233 64
38 249
202 157
94 59
186 14
72 48
199 184
106 148
82 9
135 193
40 81
103 201
35 192
86 66
0 29
229 227
83 86
29 189
225 135
135 185
12 233
88 3
24 75
5 177
53 14
167 146
175 178
199 16
42 212
133 38
229 9
95 216
241 82
146 188
226 99
177 103
182 115
201 217
35 46
4 13
232 244
125 26
2 191
17 50
102 45
12 51
35 24
166 157
188 106
156 157
182 93
239 210
192 138
154 90
235 90
96 234
162 217
92 162
89 0
111 37
15 245
184 87
159 80
20 174
113 170
136 180
140 48
225 59
67 214
155 10
201 72
228 111
171 131
24 160
2 96
58 194
211 67
176 197
108 166
180 51
121 210
14 120
157 246
167 43
102 193
193 23
30 148
232 158
117 34
166 72
21 84
38 75
35 171
76 123
174 158
8 246
31 222
238 140
143 114
163 66
173 191
74 233
26 170
13 211
186 94
88 178
117 141
130 131
149 62
162 57
73 66
139 234
184 212
104 217
148 214
79 41
221 39
106 6
217 77
53 21
12 21
1 234
136 228
81 225
248 216
156 109
130 185
200 4
185 197
70 68
25 245
159 181
130 210
65 145
33 152
126 221
139 144
242 134
54 137
197 149
227 219
175 240
88 135
218 49
104 72
161 165
24 0
112 148
32 150
222 249
132 1
239 217
225 211
124 177
131 205
224 234
16 72
138 187
68 133
184 109
165 5
216 59
68 153
5 143
127 239
221 20
108 118
44 161
231 239
244 116
156 93
139 193
0 79
36 14
216 162
47 63
24 227
54 138
0 77
25 58
244 249
152 138
215 246
31 237
83 28
20 161
185 48
225 146
191 110
100 229
148 209
179 4
220 96
165 98
103 237
104 210
61 75
19 156
207 77
3 11
247 139
27 58
149 27
178 104
202 65
215 73
137 31
154 77
231 109
31 171
250 10
230 132
47 108
170 115
55 153
62 14
67 63
224 143
210 215
190 124
208 29
128 227
104 232
98 153
164 151
64 58
112 239
130 244
127 128
2 35
233 126
192 121
236 131
195 202
196 95
112 227
12 217
204 71
143 90
190 128
22 231
101 196
234 21
27 29
172 221
25 131
167 231
77 181
250 221
95 174
31 132
46 237
154 176
16 232
142 192
152 104
246 198
135 67
77 207
155 124
51 51
27 36
110 184
69 165
149 54
40 154
161 87
16 23
6 122
99 165
128 136
200 33
227 247
151 228
16 88
29 50
115 192
105 47
222 159
105 159
188 110
129 57
185 80
198 51
203 13
231 48
41 54
221 84
106 214
205 18
158 11
192 204
193 40
115 124
111 127
4 1
197 122
178 0
59 93
91 26
35 4
215 20
210 204
191 87
248 104
79 95
163 60
21 242
178 96
76 83
202 9
119 249
234 69
62 103
199 241
14 163
138 151
148 237
23 19
82 39
92 175
82 209
81 232
229 70
188 40
76 203
184 0
67 67
12 17
204 154
95 93
164 96
40 67
228 221
30 9
152 214
196 13
148 128
215 106
192 84
53 235
147 36
46 33
126 223
99 57
35 42
39 138
154 212
242 14
94 51
16 177
197 72
16 195
38 83
125 66
194 94
50 115
76 215
69 86
175 82
9 30
63 0
137 26
193 2
20 11
140 206
195 79
187 63
136 49
232 16
158 117
127 64
103 164
192 116
108 12
196 243
125 160
120 212
50 234
3 52
182 54
195 139
100 175
130 51
95 91
132 44
170 149
16 247
219 115
123 151
178 180
169 245
51 143
199 58
85 199
120 193
2 134
145 143
188 92
166 134
204 102
216 66
174 63
239 52
130 111
62 31
121 234
21 6
5 42
116 224
13 182
77 126
62 191
219 117
131 229
148 137
173 230
99 242
122 125
135 236
161 79
196 32
178 126
89 223
29 68
183 135
176 138
171 117
140 223
98 83
148 225
97 207
4 26
92 55
243 90
226 198
155 99
157 2
218 55
49 209
108 223
10 25
14 99
136 134
82 138
237 232
102 117
225 35
25 150
177 18
225 61
12 242
123 31
126 148
94 212
236 48
70 45
50 54
119 70
140 181
181 58
107 124
21 227
145 85
115 162
117 148
31 201
103 94
222 139
212 119
66 132
212 92
228 213
226 76
59 220
101 52
162 13
28 114
138 58
110 234
213 153
75 63
182 166
67 89
70 155
9 236
209 129
106 178
249 161
160 164
219 62
240 34
151 24
217 140
163 32
172 202
151 59
125 115
185 143
68 212
39 218
145 69
24 39
68 191
102 138
197 113
186 244
6 81
63 122
70 122
8 44
188 124
124 169
6 214
15 84
196 5
212 101
80 16
32 116
168 190
247 70
23 234
162 240
82 236
225 238
42 141
188 47
62 202
34 213
94 95
188 144
142 152
17 21
92 143
249 115
88 116
195 20
81 176
126 73
31 28
156 139
183 101
57 88
92 30
144 170
43 53
209 53
35 27
182 214
122 52
45 229
190 170
246 91
243 5
74 30
83 10
237 209
17 19
242 140
228 29
64 120
158 62
173 88
164 164
98 170
175 68
220 22
104 178
88 76
200 203
171 216
43 65
125 123
59 20
66 73
17 179
143 214
132 49
79 173
235 206
8 161
156 189
146 96
217 203
146 152
87 210
148 96
70 139
142 156
104 248
154 150
107 53
17 35
128 158
220 91
182 84
43 189
35 248
87 12
54 242
249 142
198 136
37 78
139 116
112 91
37 170
3 218
76 25
223 175
34 87
131 148
103 41
103 180
147 7
244 65
87 152
141 68
25 70
36 132
30 224
109 180
21 170
44 191
94 137
145 186
9 114
74 49
160 18
60 95
247 1
224 41
232 32
196 52
190 14
185 22
54 126
224 206
216 23
188 23
50 71
148 153
44 123
28 14
76 100
111 214
206 183
151 118
54 68
240 199
192 245
181 65
69 202
34 30
2 175
90 36
67 158
128 151
110 72
185 229
113 136
171 179
140 218
155 193
80 45
71 202
166 129
62 111
116 185
41 83
238 196
80 10
148 94
210 155
234 137
102 100
164 210
201 119
182 120
85 201
211 57
217 223
25 102
25 66
55 25
12 71
215 189
237 179
157 241
22 26
228 156
164 135
42 77
178 140
52 177
23 200
243 142
89 211
172 225
101 85
170 240
31 58
87 249
200 56
45 233
168 53
150 96
95 70
133 73
137 20
218 167
248 208
176 127
182 226
51 222
214 217
214 142
14 103
49 242
86 232
222 37
94 6
31 121
238 158
43 119
248 35
44 78
105 36
162 227
69 16
59 40
248 212
203 248
80 147
41 44
123 249
81 108
140 52
221 149
206 45
152 248
194 201
120 110
9 21
211 10
239 54
197 66
192 39
207 206
145 218
43 179
132 138
94 190
98 104
138 132
168 138
228 40
21 249
94 56
15 45
7 76
78 67
29 177
12 144
90 155
223 181
33 103
155 65
161 187
209 147
237 84
50 32
149 205
240 119
199 181
101 39
45 222
75 38
115 160
228 162
35 100
156 242
50 89
237 11
27 219
39 22
126 39
29 57
233 226
98 138
222 185
61 163
70 191
95 241
108 174
97 166
2 23
174 28
44 159
157 0
214 69
154 217
214 184
64 192
20 36
233 240
25 138
7 160
245 131
19 243
72 1
160 67
199 192
144 152
158 192
87 163
73 147
56 151
126 107
64 210
198 182
75 114
197 146
5 74
70 167
231 155
148 11
245 231
68 55
136 206
243 94
177 14
44 6
166 35
101 170
65 178
7 221
220 27
121 177
54 84
186 160
210 40
74 244
40 84
7 51
133 168
141 129
87 89
7 170
234 83
156 117
161 180
2 142
240 162
182 22
57 237
145 206
208 187
201 133
3 165
153 69
186 76
21 87
39 5
21 110
45 50
19 154
55 36
176 195
161 125
20 93
96 148
93 17
212 103
195 192
229 18
62 56
56 52
222 169
240 44
58 210
213 131
52 194
60 65
148 202
21 82
201 215
214 237
158 183
171 165
166 45
179 238
145 20
42 155
179 14
66 139
52 12
122 18
132 186
7 102
0 180
238 91
199 112
106 133
116 227
41 229
210 7
233 52
104 228
188 0
140 7
122 246
121 139
137 148
40 97
113 233
201 152
171 169
229 39
27 176
126 124
157 82
193 234
243 204
56 226
84 2
40 118
89 128
48 9
189 211
105 4
138 161
4 192
131 113
204 195
72 88
16 120
200 141
112 57
120 238
98 140
4 22
45 38
210 114
46 42
12 193
136 5
233 244
132 3
240 236
203 69
247 95
92 112
246 85
68 84
84 114
146 71
9 215
106 63
75 45
161 64
1 205
107 7
34 169
2 168
152 65
11 142
92 160
135 108
98 99
242 237
93 89
5 51
141 117
62 120
51 121
158 19
138 112
86 110
35 16
169 21
166 90
216 45
103 14
144 80
230 84
222 77
80 161
194 230
56 245
27 41
149 23
119 163
200 230
70 143
154 146
191 164
117 146
218 198
60 110
142 92
40 228
231 88
68 237
110 2
238 145
207 28
98 192
164 18
152 91
145 113
71 107
34 10
101 44
49 118
243 179
114 49
36 208
72 64
249 188
90 2
239 208
179 142
250 94
181 233
238 29
51 228
27 105
242 34
184 30
0 154
180 160
158 214
234 146
140 106
184 198
154 168
146 133
162 214
196 218
98 122
175 116
249 2
145 104
73 9
62 96
237 119
60 150
89 191
185 70
1 218
239 21
56 172
140 11
241 122
121 118
198 230
214 135
231 210
77 227
191 235
240 246
237 202
208 35
86 57
238 156
16 215
93 69
94 159
240 243
190 225
116 27
216 85
166 220
185 60
129 213
51 5
231 180
151 193
80 35
113 134
205 101
176 170
99 231
0 37
44 106
142 158
243 21
39 166
13 15
171 66
11 85
100 118
207 193
91 16
108 137
158 51
160 150
40 1
89 231
35 56
84 38
157 135
232 250
57 83
14 144
40 74
94 72
10 44
125 49
157 8
21 205
1 112
75 91
65 181
2 230
174 141
222 7
162 35
63 98
159 53
207 144
121 174
182 233
180 181
223 26
221 191
86 29
189 241
93 128
37 167
118 245
38 193
165 47
165 154
9 14
59 179
28 162
247 236
34 239
172 156
101 126
249 147
99 205
193 48
173 80
154 45
63 137
211 97
33 51
128 58
151 4
26 223
165 240
183 170
236 139
33 37
167 186
112 243
146 139
126 82
145 230
18 93
248 178
10 77
55 197
141 20
153 131
131 168
36 127
34 139
175 111
29 120
196 70
249 150
24 148
195 9
230 232
70 31
189 172
170 212
81 43
142 170
209 165
145 184
220 98
92 141
78 17
0 122
34 44
74 15
233 217
122 248
148 149
108 92
19 187
98 33
102 129
208 131
210 124
219 1
186 138
63 164
104 188
140 243
112 210
242 110
219 139
40 136
99 176
183 67
187 128
195 186
175 168
236 204
183 246
133 105
244 213
179 129
13 46
164 89
157 91
71 180
69 51
202 89
45 76
2 31
224 92
3 54
174 84
91 225
92 86
37 94
53 1
144 242
222 137
141 220
250 175
130 82
66 110
236 57
160 96
207 212
220 121
209 78
18 60
205 140
228 49
176 228
2 225
209 21
203 232
246 211
72 205
84 22
185 10
240 171
99 125
233 231
52 151
36 182
234 54
72 11
68 121
82 140
173 217
240 13
105 94
22 203
223 111
220 200
153 86
102 221
242 242
131 163
27 191
44 32
15 77
58 203
247 189
196 58
157 156
29 141
21 78
130 222
7 36
70 157
82 98
71 236
144 192
2 209
207 11
85 80
226 226
20 172
237 211
162 175
160 43
91 23
4 246
94 205
66 213
228 82
79 4
54 114
28 152
187 2
0 56
175 50
23 55
221 146
121 242
190 140
209 236
144 231
149 33
70 228
60 196
132 176
55 213
130 80
127 5
214 114
203 180
41 219
48 178
128 172
42 153
101 208
53 164
63 76
6 228
250 12
167 195
159 229
18 44
145 119
174 90
205 166
176 55
95 250
26 87
248 22
55 57
175 214
115 70
202 83
97 146
194 74
76 108
228 173
80 79
137 176
173 82
117 91
9 57
140 137
218 227
67 92
108 95
224 75
60 5
241 209
32 147
21 39
222 239
71 2
230 222
114 159
232 13
28 158
235 187
3 8
16 152
138 94
155 110
231 99
206 38
14 229
168 63
203 176
168 201
57 227
47 230
157 195
76 9
157 185
84 120
47 182
47 46
227 87
134 248
94 188
54 17
100 64
84 53
225 17
67 148
242 10
212 173
102 105
1 166
157 86
73 216
138 52
193 30
137 62
23 105
172 236
174 37
30 134
103 110
213 160
160 109
15 69
135 34
145 226
107 21
80 39
115 98
193 18
3 202
224 37
163 223
222 80
135 23
190 24
92 185
247 33
163 70
90 112
118 154
112 178
221 63
161 19
58 0
175 236
137 127
210 43
23 245
25 109
155 235
150 128
108 225
175 118
50 75
19 0
42 0
208 156
10 136
130 15
50 49
101 161
15 202
185 50
54 157
74 212
172 123
219 125
30 62
149 37
238 165
71 72
82 91
235 165
31 152
215 216
110 106
172 189
60 36
190 183
233 209
136 155
73 105
199 128
155 228
51 213
3 196
206 234
67 127
6 13
43 73
66 19
55 211
111 218
192 156
217 17
43 47
179 222
96 19
114 35
228 201
80 134
214 26
184 240
143 31
172 74
173 19
20 248
242 163
19 111
171 207
79 190
31 4
137 226
168 110
176 209
156 101
9 88
117 73
85 93
232 195
41 69
245 97
92 228
144 92
88 225
132 206
149 151
110 159
169 6
22 220
11 94
180 55
92 248
1 120
52 220
148 110
190 35
86 225
211 93
133 136
111 42
11 211
242 233
147 2
9 105
145 220
57 198
158 224
80 174
4 101
131 212
12 247
100 157
189 64
191 237
13 95
81 212
158 121
245 61
112 152
168 23
144 129
48 221
41 210
195 124
184 247
140 84
107 145
83 200
214 205
162 121
100 220
244 72
100 9
96 154
204 209
24 8
132 22
237 0
166 20
3 244
135 226
111 76
196 175
73 214
236 129
143 20
41 217
104 221
115 215
167 120
47 57
120 161
75 36
114 129
8 133
218 8
72 246
135 213
102 167
216 155
84 123
196 196
248 84
86 155
79 83
127 216
40 130
35 107
74 19
14 194
95 157
247 16
222 51
67 52
127 166
130 196
22 30
74 28
176 144
203 186
30 72
27 34
187 191
208 6
246 187
210 75
183 152
68 167
64 7
167 94
92 148
151 50
194 166
234 178
234 249
232 175
148 80
249 82
195 149
58 137
224 99
243 112
65 148
98 221
102 80
215 97
13 2
19 124
188 59
179 35
28 10
18 137
44 219
154 204
33 184
29 212
143 134
78 147
28 124
105 190
155 161
10 238
99 248
68 20
26 143
141 41
45 146
33 90
27 246
39 153
195 92
74 228
42 67
48 234
148 101
103 147
245 3
124 28
248 119
185 132
115 39
100 48
163 82
209 71
178 176
230 248
236 157
18 215
189 26
160 226
2 239
110 143
44 0
1 116
78 144
170 4
230 61
217 157
200 226
207 195
158 128
179 71
240 109
233 27
188 34
54 9
159 172
117 107
123 75
116 17
58 171
22 61
183 142
154 242
172 148
207 248
97 217
98 9
160 9
224 114
97 225
62 240
8 124
170 113
103 4
167 238
124 107
10 113
108 88
150 22
234 31
186 44
172 197
240 74
174 23
77 197
218 42
184 121
64 28
11 38
6 23
161 49
127 54
109 28
158 108
28 12
185 104
140 73
191 20
56 61
110 95
163 208
143 237
158 168
70 132
182 108
92 205
28 137
137 33
217 225
62 85
240 77
187 161
164 155
150 243
242 108
114 174
209 93
33 55
41 28
20 29
40 187
156 134
186 207
218 238
93 230
82 78
164 114
130 150
44 23
163 107
100 233
63 225
175 5
236 72
142 60
121 123
245 20
187 39
59 214
213 67
130 203
7 47
84 243
93 166
83 169
135 62
41 30
26 184
74 124
17 46
148 220
19 131
210 186
140 247
40 242
63 12
112 212
134 69
152 167
92 10
99 159
53 96
177 213
4 186
144 132
230 176
220 210
9 122
13 179
173 21
248 43
44 240
111 154
197 117
211 82
0 151
228 53
114 71
15 204
32 113
90 171
64 44
28 143
138 178
229 106
190 231
74 59
105 64
107 86
62 59
26 250
127 219
248 169
67 24
58 148
142 12
59 97
120 164
101 67
144 150
210 166
114 68
95 30
229 185
250 201
79 28
108 149
114 96
108 242
144 208
70 78
160 205
27 135
173 223
230 114
145 190
115 241
216 104
149 7
125 54
34 22
23 89
80 132
131 156
164 170
230 23
147 145
10 124
83 105
65 80
36 243
218 24
204 4
215 240
47 127
188 95
51 182
209 103
2 107
81 185
113 219
98 19
164 189
54 190
226 29
91 8
9 154
19 4
66 188
13 44
227 171
93 198
120 217
59 130
87 97
132 184
129 49
97 245
155 76
100 200
19 86
7 168
6 185
44 59
186 92
216 14
162 231
157 220
196 75
14 53
131 23
168 90
128 3
165 44
14 247
27 65
157 193
31 192
194 26
72 82
85 209
77 82
58 14
25 88
204 40
134 42
212 145
88 146
214 209
195 112
3 50
106 104
233 78
234 123
54 167
18 80
220 221
95 78
163 197
229 188
141 106
3 180
22 172
54 7
197 248
172 65
87 219
127 60
128 241
118 171
129 189
135 119
101 243
222 213
111 183
77 89
157 79
58 22
126 76
117 50
228 45
143 27
78 135
130 76
228 147
170 153
77 27
148 50
71 13
50 20
42 93
80 52
75 67
169 2
15 54
178 106
221 116
181 128
149 247
110 171
103 16
9 109
23 191
57 184
109 182
143 219
214 87
87 129
205 97
69 236
177 133
219 226
140 63
42 59
21 176
191 13
229 101
90 70
153 28
48 40
170 222
141 185
57 135
199 132
105 99
4 78
211 79
245 205
20 119
76 233
59 237
92 84
205 217
76 110
53 144
165 81
125 209
180 226
81 199
143 53
133 163
4 152
128 160
238 135
56 107
89 52
163 212
215 94
38 160
31 198
23 205
55 207
20 43
184 215
0 105
112 95
163 87
23 125
45 136
15 183
156 45
168 227
194 213
17 77
124 243
188 17
238 181
36 76
175 250
164 55
98 7
171 41
144 211
2 6
217 40
119 8
131 13
2 228
242 148
51 208
122 181
83 158
144 30
90 218
49 245
238 100
241 64
13 55
0 51
41 236
45 118
172 109
108 123
37 35
153 88
2 39
149 184
165 222
151 225
31 47
46 214
11 199
121 185
240 11
97 94
60 144
25 144
19 209
242 202
52 111
160 47
102 92
82 113
166 67
106 191
225 197
165 2
173 178
99 114
134 33
138 206
182 188
197 84
42 191
108 23
20 138
80 152
82 163
68 184
4 72
219 188
28 160
38 77
16 234
214 37
167 151
81 71
124 229
242 183
134 151
96 37
163 172
138 157
32 0
183 34
48 89
11 232
150 107
60 42
100 54
101 81
75 208
95 136
78 124
83 128
134 181
212 117
143 198
72 40
163 79
193 62
75 185
66 108
88 247
180 30
8 144
149 164
248 72
245 56
57 231
6 188
152 208
12 112
118 175
178 194
200 166
171 209
55 88
95 27
38 140
135 3
117 203
195 114
51 206
128 178
248 221
94 45
10 54
80 209
218 63
61 44
71 128
108 67
45 196
4 97
226 175
206 75
230 250
80 250
183 53
240 24
41 46
202 53
93 82
92 207
11 63
222 54
193 178
52 215
11 126
18 66
227 126
202 93
30 95
87 114
203 90
173 127
161 195
34 28
133 7
124 112
25 172
42 98
147 40
194 0
18 74
246 222
84 219
199 18
214 80
172 60
5 250
218 35
71 86
108 42
209 73
163 184
65 152
24 158
90 138
12 11
190 209
166 27
211 134
193 7
4 30
14 4
169 171
14 224
203 145
175 133
141 9
78 109
173 53
27 19
138 163
88 17
61 113
20 218
177 206
213 83
218 65
201 85
236 70
122 106
113 33
3 83
236 42
168 229
188 213
74 33
209 206
64 139
23 132
52 79
30 180
187 33
68 151
216 134
25 179
243 146
10 61
200 177
0 189
207 135
213 151
55 86
0 225
99 173
82 193
80 159
208 125
92 35
106 38
111 21
73 20
61 2
120 202
33 111
44 19
61 172
39 55
27 230
88 103
142 74
183 150
120 198
231 70
32 95
58 44
51 226
49 132
0 129
188 238
73 115
43 82
121 189
112 143
200 169
65 88
60 81
88 164
101 213
47 69
12 36
79 32
134 14
18 151
199 145
100 202
201 20
195 76
49 83
123 220
134 135
114 0
39 214
200 236
50 160
238 123
240 66
0 203
49 191
63 244
76 75
5 137
177 135
112 106
123 97
240 58
181 63
246 29
223 68
61 79
115 66
32 10
172 89
144 63
20 143
110 17
67 95
237 200
239 213
9 99
139 118
214 56
137 194
159 219
99 45
222 69
134 5
128 154
145 41
137 18
191 142
21 104
94 236
187 143
220 29
244 150
88 56
110 80
129 95
219 158
80 201
122 227
64 249
166 96
203 159
235 37
68 178
134 240
166 122
123 235
200 143
87 27
20 31
54 205
163 28
168 219
247 62
37 22
148 115
50 104
22 184
218 243
7 98
154 178
84 150
137 118
79 197
106 216
234 219
163 247
32 182
130 4
164 0
96 179
212 44
109 8
81 207
184 161
108 229
64 217
34 126
106 208
38 69
66 217
134 137
221 181
10 168
63 227
75 171
98 180
204 67
33 12
209 222
201 131
105 15
197 47
239 133
238 67
234 58
127 7
65 9
191 26
162 142
146 159
222 1
21 70
8 248
175 223
244 86
23 146
190 99
195 110
158 106
131 7
248 242
111 149
233 84
250 49
238 74
247 74
196 246
76 243
38 168
152 241
153 124
220 183
111 74
134 129
36 86
74 82
146 130
102 22
224 171
60 22
115 168
230 146
195 215
131 127
149 221
179 23
157 99
27 96
79 114
250 135
190 131
171 230
131 87
49 158
62 209
93 49
73 242
61 143
21 18
118 103
157 162
213 40
204 111
198 111
48 125
169 92
130 94
183 40
93 217
122 167
25 238
229 214
134 228
188 249
43 133
118 4
102 90
40 59
204 235
131 174
151 100
245 64
96 117
116 25
243 118
5 46
221 132
9 212
211 14
46 116
49 171
41 123
146 197
210 196
118 248
191 171
214 77
243 177
5 76
140 162
4 129
28 56
55 192
249 125
54 48
95 196
113 176
32 157
120 28
115 234
14 205
152 175
168 168
60 173
75 135
41 65
32 203
35 190
55 112
194 88
32 84
159 76
153 114
104 75
176 59
106 88
49 143
22 40
202 137
107 47
225 43
162 4
53 216
176 97
91 12
116 229
135 198
100 131
126 129
220 3
13 165
203 243
50 58
108 209
9 198
237 103
34 150
75 77
12 228
55 200
184 93
234 172
35 105
91 103
43 150
173 76
97 181
31 74
121 137
37 15
207 20
76 118
180 21
225 101
7 15
47 114
129 177
105 108
176 76
69 195
65 176
177 192
220 240
10 81
5 53
65 200
112 35
230 21
247 101
63 237
53 121
96 51
103 26
16 187
209 14
4 194
180 206
18 181
12 58
133 96
43 225
149 18
145 107
77 213
21 145
33 64
145 90
25 156
117 87
171 32
86 102
171 95
33 233
7 128
100 215
8 46
146 125
156 50
224 183
232 68
120 91
98 210
46 9
11 166
199 85
24 112
174 6
153 230
225 207
17 41
229 123
122 223
234 227
154 93
236 189
53 70
6 90
152 217
154 135
63 127
206 47
174 4
10 130
33 60
216 122
113 246
73 56
178 186
223 62
194 46
72 6
139 67
79 222
191 211
148 228
18 213
176 105
136 201
150 166
126 181
167 249
199 138
40 120
205 189
77 172
242 155
37 156
190 74
74 52
29 164
107 239
180 215
131 216
30 190
50 169
19 15
59 68
49 46
27 76
168 48
233 221
139 2
179 244
138 125
95 21
60 120
27 208
120 18
238 204
218 60
95 111
133 204
194 199
183 222
90 151
50 139
76 103
30 93
19 120
33 74
166 147
212 141
88 213
176 36
179 182
116 126
165 200
226 143
118 215
206 108
18 78
49 65
180 89
127 156
27 199
113 202
115 11
94 126
183 42
246 137
3 103
64 110
108 9
241 45
116 56
216 206
157 4
175 8
130 159
89 15
248 6
197 241
232 199
62 27
242 169
12 132
169 130
46 241
199 87
119 13
97 174
104 149
119 38
42 33
143 124
214 194
237 225
203 59
217 132
86 83
173 227
31 160
97 35
247 206
94 233
125 97
52 53
36 210
171 79
197 91
58 166
141 148
173 170
168 121
30 182
60 103
208 174
80 178
191 53
73 182
239 42
7 204
23 82
215 208
175 136
121 208
170 237
205 13
214 108
13 142
181 148
118 43
7 233
118 1
50 152
223 10
5 206
16 228
212 147
129 78
89 118
184 76
86 213
6 5
217 196
83 247
213 249
110 206
223 150
29 54
177 82
0 124
248 69
68 79
219 152
227 3
141 62
117 167
150 71
19 136
53 179
94 243
247 191
92 94
97 30
155 78
144 163
201 149
246 238
114 239
8 242
91 28
229 168
102 127
246 102
97 113
188 100
94 124
83 67
189 236
211 24
34 35
46 39
71 130
72 191
59 88
192 36
7 166
57 11
129 61
141 187
162 8
11 249
158 237
160 55
190 213
156 205
249 56
240 144
130 103
215 175
23 120
184 100
92 214
219 174
23 208
45 1
26 166
195 184
21 16
198 7
223 35
23 86
213 46
81 1
33 101
103 135
244 28
75 47
79 175
245 209
51 247
80 203
233 37
179 95
21 190
199 25
93 156
138 96
190 245
39 28
32 122
138 143
177 114
27 131
245 145
124 239
103 82
8 28
167 214
105 56
239 205
30 85
223 116
27 43
145 6
72 244
147 165
164 13
216 237
8 81
88 36
222 21
135 128
117 210
55 42
159 63
2 72
60 26
181 210
179 68
100 22
229 16
29 20
185 222
146 17
249 192
217 201
156 191
220 126
162 127
129 234
17 136
244 74
199 239
239 250
105 28
70 12
7 104
116 206
74 73
228 135
0 149
128 36
86 22
245 89
130 34
31 233
3 130
216 192
171 81
66 124
159 30
194 125
52 142
16 164
77 98
200 153
26 79
219 17
175 19
72 188
186 81
160 123
118 224
105 86
107 105
145 236
46 153
66 241
167 226
16 197
87 93
79 81
156 177
126 68
110 93
50 6
128 119
239 32
203 113
57 69
103 239
248 171
105 120
100 74
31 220
204 184
8 89
125 200
206 3
233 122
168 125
3 70
157 173
108 51
244 229
51 202
12 34
215 223
241 94
200 105
10 73
241 217
10 204
141 99
26 124
227 34
215 32
146 93
86 169
50 39
63 80
64 223
86 137
103 18
197 187
28 239
90 107
44 234
201 248
75 54
208 150
156 237
233 66
188 136
140 24
86 115
199 23
236 235
146 29
223 232
159 242
79 12
206 179
61 206
83 220
24 62
182 238
175 34
192 152
95 245
178 240
167 176
198 178
93 61
121 20
15 9
207 157
4 233
19 238
38 208
193 68
198 237
28 213
41 88
13 108
19 38
143 203
203 23
54 61
101 144
238 61
73 163
112 19
203 224
49 230
236 166
195 200
147 190
79 93
128 99
214 82
223 215
155 148
170 243
246 158
35 221
219 217
192 72
151 38
91 119
111 4
144 22
92 221
83 122
128 229
137 87
61 83
236 97
152 15
94 140
186 16
54 78
1 86
111 15
132 24
65 127
99 244
167 228
3 16
155 136
101 93
77 232
147 42
21 196
250 165
157 23
181 141
36 148
176 88
116 33
217 67
165 25
13 232
26 48
214 118
29 52
245 24
56 149
75 6
190 180
42 185
140 200
82 238
208 8
215 186
84 174
202 40
34 200
41 146
45 101
110 32
125 0
225 176
240 239
107 74
164 206
199 130
40 90
118 183
225 25
209 86
180 175
161 32
111 135
109 117
4 105
64 212
11 67
117 173
152 210
20 221
41 205
174 69
225 228
35 166
63 235
184 126
193 106
72 122
41 108
29 205
131 189
107 36
150 219
39 65
229 150
168 162
9 223
202 189
115 194
138 169
23 186
173 26
130 36
99 250
132 5
37 3
248 210
250 120
129 134
137 79
172 141
157 218
127 97
222 14
221 136
228 36
178 211
34 79
24 25
211 197
98 229
97 48
161 216
169 192
120 63
134 84
173 17
58 133
198 213
182 126
248 4
206 70
101 165
63 204
88 239
225 105
180 116
143 59
67 83
67 218
2 64
46 23
179 167
94 147
157 222
116 30
207 101
212 115
143 47
183 20
169 70
66 59
231 17
164 166
120 184
197 115
225 187
66 155
111 44
64 206
117 129
6 176
198 165
248 58
34 215
108 212
87 38
230 63
89 49
230 172
181 27
219 37
17 236
129 219
169 43
138 24
160 152
224 190
124 81
4 141
173 139
133 75
112 48
231 191
115 179
202 230
117 6
52 62
128 187
103 225
26 50
175 21
81 53
243 114
34 182
141 214
32 217
214 92
189 86
174 198
125 23
89 153
92 44
72 193
180 37
201 94
179 246
37 65
164 59
146 161
211 45
63 208
2 216
140 109
213 24
211 171
114 82
41 199
48 96
184 85
152 237
69 241
118 168
56 170
248 173
247 247
5 103
49 162
69 89
219 104
164 73
139 214
52 105
148 58
74 140
155 55
240 196
141 104
70 29
157 13
18 99
157 233
88 166
104 66
113 235
216 210
88 66
77 76
66 245
147 227
31 109
247 161
100 138
103 171
76 238
212 31
245 245
109 22
48 76
201 13
49 79
57 181
228 215
113 214
106 66
89 19
4 24
231 67
4 176
49 128
3 156
232 162
236 182
14 209
190 119
107 55
173 161
9 66
139 36
191 73
191 224
219 6
215 126
202 167
173 78
166 11
31 164
198 73
58 155
148 121
133 66
58 175
179 80
82 32
226 165
225 141
21 217
84 33
155 3
46 200
16 185
58 233
176 185
208 47
162 140
235 147
178 110
67 31
218 102
183 18
49 55
197 68
177 155
132 18
78 36
205 110
71 84
193 193
122 193
108 107
241 231
58 12
100 133
181 10
177 247
150 31
139 87
187 184
208 40
228 68
177 168
227 69
136 210
79 220
30 66
160 140
48 216
160 224
162 72
231 8
181 143
116 176
141 2
188 231
153 186
35 111
14 36
42 2
76 165
15 241
124 129
127 141
186 230
133 192
35 233
123 237
84 51
14 186
24 240
65 35
215 101
129 41
188 13
113 99
139 108
11 184
153 194
231 193
93 120
81 227
190 202
90 14
165 131
86 0
24 35
87 215
159 176
29 230
114 109
2 59
0 19
135 241
154 118
47 239
186 100
111 113
173 72
15 56
235 34
131 27
217 113
218 29
239 83
44 8
224 24
232 211
4 122
19 68
38 210
107 111
216 242
184 178
0 240
31 184
132 14
235 231
68 117
195 49
241 69
154 63
80 217
29 153
99 186
61 236
62 19
249 78
245 129
140 60
181 216
32 40
134 71
215 171
27 126
124 43
137 213
14 92
57 54
169 174
176 199
190 79
183 159
245 76
141 72
108 155
75 101
193 238
130 172
12 107
66 0
38 184
215 75
136 182
93 91
222 193
99 35
234 163
136 249
153 198
78 107
248 201
87 144
235 46
130 115
107 120
140 50
151 187
69 176
173 241
75 219
156 57
50 41
155 163
12 42
100 135
194 101
71 216
104 203
162 151
230 202
237 20
192 182
23 229
28 4
249 51
95 168
89 11
59 182
241 54
13 249
207 13
209 84
104 223
238 121
147 135
110 119
70 47
99 161
168 134
3 56
23 6
92 238
26 25
57 59
146 213
1 130
224 56
247 155
43 184
1 170
24 98
227 238
189 142
149 175
223 177
155 43
45 187
214 233
216 235
177 181
223 107
12 225
29 240
49 51
193 4
77 0
145 39
122 101
8 156
220 189
