206 35
217 171
47 110
41 52
29 46
149 84
59 187
119 136
185 165
182 122
216 108
193 176
170 124
37 55
51 8
60 156
176 70
210 103
179 169
244 227
225 130
22 96
43 210
122 43
66 226
60 233
108 39
80 155
105 202
201 192
1 17
101 106
217 168
115 50
14 133
44 167
21 119
23 71
57 217
172 177
108 128
3 32
194 226
75 151
168 233
245 165
211 177
83 167
25 202
49 205
136 132
163 104
47 94
36 119
158 158
159 174
4 96
93 201
43 19
226 120
81 15
116 220
140 139
52 170
61 158
175 189
204 160
194 17
11 1
0 216
119 177
248 25
197 93
245 32
29 18
32 36
116 3
177 15
97 91
51 60
44 20
34 115
104 151
218 142
111 199
203 27
76 32
79 153
109 97
223 60
20 192
81 3
36 238
23 138
247 172
177 207
76 115
36 203
193 164
223 219
147 85
111 161
130 247
122 176
51 133
231 142
23 115
132 31
200 6
22 195
116 239
39 151
172 84
46 99
233 17
199 66
97 82
39 49
99 183
220 172
151 30
124 198
107 84
59 247
7 106
66 78
218 184
148 13
117 111
36 20
120 219
174 93
142 80
145 46
189 167
99 110
135 73
17 147
182 1
6 62
212 137
70 116
163 195
198 159
121 27
17 143
160 221
38 56
87 241
123 73
1 128
128 192
22 42
249 45
186 219
51 100
196 236
48 84
124 217
158 112
191 31
192 95
63 161
238 10
218 161
65 195
229 47
20 22
40 190
163 15
73 136
217 100
43 116
18 145
133 219
138 69
204 129
188 225
0 76
204 25
88 51
121 155
42 120
94 105
231 106
244 102
166 110
69 149
135 104
59 66
182 96
12 103
224 20
126 52
8 9
244 232
186 188
210 55
192 88
204 2
234 114
194 182
13 171
125 30
239 72
48 98
85 211
74 40
165 249
25 177
158 29
141 28
236 115
116 122
101 79
184 237
93 234
132 173
83 219
38 36
131 57
222 128
53 33
43 218
34 159
227 106
86 42
4 116
118 159
36 68
198 250
105 170
55 203
61 128
35 84
30 244
83 70
219 46
26 40
172 228
194 133
166 54
141 167
206 103
235 196
214 200
168 78
51 106
211 32
36 196
147 196
53 232
223 102
215 120
24 154
115 177
149 117
61 227
50 215
148 140
92 98
58 103
50 85
109 85
126 103
43 108
71 229
227 155
124 125
116 198
21 89
84 57
237 214
70 113
235 152
87 221
176 148
237 118
181 16
127 244
118 90
51 186
148 63
120 125
230 3
116 9
201 100
52 3
6 152
171 142
92 68
134 207
171 7
206 151
54 196
227 167
164 122
5 211
164 199
196 166
55 66
36 29
99 11
45 82
116 110
98 228
28 73
90 100
24 52
234 230
249 146
0 45
214 13
40 172
1 100
155 173
35 134
157 199
148 161
235 138
126 101
49 179
194 159
190 0
217 31
87 82
54 169
234 91
21 185
139 110
62 7
45 47
219 5
78 84
10 79
153 43
46 174
42 204
119 113
191 130
158 126
195 35
8 112
215 151
55 5
209 218
70 37
193 236
68 91
68 188
159 2
202 91
169 248
62 225
48 130
143 40
30 83
17 174
99 29
99 106
204 225
36 177
136 47
59 127
184 11
68 163
33 219
24 219
132 98
182 222
30 68
38 125
76 58
110 241
210 181
100 77
234 6
24 121
136 224
200 222
209 82
109 205
62 165
32 169
127 29
188 148
220 217
218 85
115 208
235 177
141 171
149 86
170 60
225 241
109 30
203 80
226 48
114 126
147 73
27 67
151 142
97 111
68 28
222 90
153 38
152 70
84 30
23 103
107 57
97 80
197 228
89 121
230 81
98 164
143 136
201 145
116 35
29 64
236 80
221 237
49 27
16 248
129 113
186 193
124 69
122 35
79 105
40 99
136 54
122 48
10 160
11 215
82 215
125 38
111 104
127 31
29 246
15 113
16 172
187 178
231 182
149 41
170 68
12 19
190 40
113 81
114 94
213 61
243 38
65 163
175 207
132 247
128 45
186 130
105 110
53 128
241 130
136 148
198 11
56 156
114 229
206 213
115 202
161 238
209 243
188 6
74 117
3 112
100 168
119 200
128 93
94 155
120 93
121 67
102 162
95 128
219 179
211 28
101 13
248 134
162 102
44 186
17 119
234 130
204 57
3 150
44 195
146 191
33 174
162 113
200 123
227 159
36 175
77 57
127 246
229 87
27 171
231 39
224 109
167 192
233 29
126 9
74 146
205 6
170 163
105 61
172 43
213 189
47 180
100 177
26 148
77 176
170 16
13 105
48 42
184 55
69 2
107 117
153 162
66 231
98 101
131 92
124 200
124 142
95 13
38 12
240 185
233 23
115 68
23 169
51 32
24 213
219 106
26 210
211 143
187 65
192 158
220 212
186 88
242 98
109 76
39 241
73 208
140 102
208 171
68 147
47 163
103 197
135 139
85 107
237 2
110 176
16 39
123 161
67 35
227 17
1 221
111 24
94 223
140 241
16 157
242 244
10 241
36 231
22 36
166 84
157 164
177 197
45 73
40 248
181 132
191 191
47 141
208 49
31 52
115 84
85 186
198 244
25 125
124 3
147 123
9 192
133 63
165 187
80 102
63 47
195 223
249 63
2 125
1 15
213 187
99 40
85 141
131 144
44 15
110 46
0 184
235 201
71 172
131 73
165 172
70 61
76 138
92 37
51 24
183 172
174 224
149 235
110 139
42 40
40 220
205 91
101 2
225 33
165 16
123 140
69 38
48 199
125 150
59 216
226 2
55 121
205 200
86 119
124 83
123 225
64 84
104 6
87 208
229 110
79 75
108 235
173 32
244 223
105 142
214 223
39 223
33 24
115 187
73 124
215 137
47 224
159 144
195 164
84 148
74 76
216 218
9 138
166 161
170 129
119 24
52 124
65 205
162 185
41 176
202 25
83 226
106 24
149 181
75 167
193 21
159 157
54 94
231 237
102 136
104 205
183 104
176 116
20 61
96 28
36 146
115 52
46 167
169 61
131 64
163 229
225 45
166 29
4 133
127 222
214 176
212 199
178 36
77 3
93 169
78 65
199 215
215 228
168 114
177 8
147 79
81 11
25 100
230 35
51 117
72 199
205 112
50 147
206 99
23 243
87 203
112 13
246 208
162 27
180 204
126 172
27 240
227 149
71 124
122 183
202 203
80 85
163 84
196 37
149 233
120 46
171 36
185 112
34 120
90 68
207 105
216 21
46 58
247 153
229 238
56 55
131 249
146 111
150 103
158 201
15 231
112 114
0 98
78 229
36 155
147 59
195 197
70 242
54 173
64 112
211 17
70 249
55 78
185 24
159 87
94 98
50 141
216 3
213 172
176 90
120 228
84 133
250 242
173 142
245 124
46 112
221 30
34 145
9 165
18 106
132 245
140 176
225 110
220 134
8 119
58 89
88 148
10 134
7 28
207 58
59 143
246 122
124 203
86 91
215 6
249 32
20 52
203 174
183 6
208 116
243 196
48 236
143 209
123 58
223 71
176 1
61 34
148 71
110 67
89 237
85 28
126 33
206 85
80 241
153 164
65 51
142 78
204 120
92 242
96 52
109 142
226 209
196 102
205 54
181 18
143 5
87 44
16 82
158 232
191 52
76 240
57 47
207 218
18 101
34 189
243 143
205 59
163 177
213 209
104 122
209 245
217 79
247 225
179 66
218 97
98 155
232 190
52 196
144 176
36 51
52 137
144 149
17 29
106 10
245 152
214 243
249 180
241 116
20 59
232 82
104 112
179 201
184 117
117 23
218 205
162 89
96 190
84 65
202 108
229 43
130 91
38 181
145 28
149 9
59 61
172 63
163 91
195 56
90 33
34 196
27 197
156 183
79 44
185 46
74 71
57 205
112 168
50 200
126 165
11 18
186 156
217 50
195 245
144 122
199 175
236 194
248 87
202 74
181 112
190 136
87 16
90 111
147 117
73 53
183 164
15 135
208 214
144 56
243 194
228 55
129 199
61 54
11 109
59 99
72 160
126 20
7 38
238 239
25 246
87 5
39 124
217 44
109 153
62 154
14 13
73 201
97 215
194 70
188 81
172 159
144 75
172 28
170 199
218 163
91 129
99 223
90 159
68 13
233 86
154 14
97 162
131 201
154 102
106 167
179 42
100 246
162 99
65 1
168 185
223 105
87 196
233 8
10 174
139 230
80 143
180 44
219 80
159 41
88 39
226 183
67 169
156 125
112 87
137 236
136 152
220 53
69 172
173 35
84 109
150 153
178 226
242 198
137 170
80 22
58 242
137 140
19 77
6 2
85 70
62 67
224 69
231 213
119 99
36 112
105 219
115 15
24 113
228 190
207 146
189 104
76 136
240 179
196 45
20 213
201 38
11 223
192 56
100 116
151 75
57 41
126 136
192 213
129 148
223 198
116 144
43 165
190 196
28 83
6 145
146 202
28 225
235 32
193 10
105 242
180 193
54 24
208 4
226 74
19 161
29 235
195 225
38 197
31 232
44 121
166 205
202 126
54 43
235 171
39 89
10 115
77 221
42 10
238 230
222 33
192 98
77 94
101 119
168 149
75 112
62 40
242 187
116 134
193 157
237 53
11 15
42 112
101 24
70 75
0 141
164 185
117 41
187 223
34 137
135 165
34 165
79 193
205 77
179 73
164 235
64 123
211 65
168 68
169 12
198 163
240 70
148 173
170 86
195 207
180 123
89 88
188 187
167 136
41 138
157 154
48 192
14 155
210 127
95 40
202 225
201 96
0 108
38 245
198 171
104 34
134 224
205 69
175 100
82 197
76 184
196 177
109 60
171 250
246 228
144 49
176 12
193 173
222 217
19 98
154 122
78 120
51 74
8 227
96 64
3 148
11 66
128 55
55 38
225 5
45 5
239 1
18 5
136 208
132 124
238 228
250 110
154 49
175 114
151 198
0 161
69 222
46 222
167 100
87 205
166 247
219 242
27 168
201 188
91 192
3 235
4 6
104 44
184 71
69 95
62 223
181 245
200 137
79 185
12 62
178 108
11 56
249 225
223 230
106 80
247 38
231 91
39 106
210 226
210 178
142 225
174 160
140 198
218 247
211 6
78 156
156 97
246 176
19 115
45 28
118 156
69 53
231 168
97 194
7 87
163 187
200 51
204 201
239 38
237 241
231 127
0 172
48 243
73 186
73 158
53 31
3 57
108 132
117 115
137 44
182 118
91 184
242 239
154 21
108 147
151 8
189 198
169 179
188 75
120 206
15 137
151 46
155 220
132 122
38 137
197 191
239 6
75 0
106 234
225 127
82 123
164 143
132 29
42 245
175 246
60 118
227 178
237 96
236 233
73 225
29 174
11 128
207 90
10 74
23 17
60 24
11 164
172 100
55 108
110 248
12 184
60 133
227 239
204 116
42 160
231 150
30 142
200 42
4 242
209 238
122 45
146 22
154 231
220 142
76 231
218 233
172 196
182 80
18 1
193 60
230 136
209 227
82 59
186 120
249 240
230 161
71 115
249 203
124 154
34 250
113 193
38 162
22 123
83 241
194 28
127 1
154 244
248 157
168 155
137 192
21 229
227 206
132 240
87 47
146 63
163 40
145 36
62 218
24 194
160 207
230 97
130 10
208 249
20 153
10 158
160 107
128 41
26 7
207 159
143 247
180 177
80 243
150 176
186 0
61 191
186 90
2 139
119 101
225 86
226 12
30 166
126 3
99 50
21 20
216 136
134 12
172 129
20 163
156 12
224 9
37 101
10 37
183 144
108 2
6 141
70 49
152 147
88 189
180 217
206 120
142 55
177 101
87 246
64 133
177 129
202 42
232 118
18 50
244 236
94 86
234 132
212 212
120 226
82 245
131 101
242 30
161 21
73 151
56 82
117 117
201 155
54 102
32 130
95 83
60 245
37 16
227 15
215 196
161 116
71 170
246 18
235 24
239 143
107 70
95 116
98 144
59 11
205 239
247 200
119 78
84 139
157 26
140 56
86 139
200 121
23 101
161 132
143 65
139 250
228 207
44 129
230 205
19 201
69 230
55 244
103 116
174 39
44 90
239 15
39 179
77 127
205 219
163 95
43 206
169 46
64 20
154 156
164 75
110 190
127 207
249 229
187 200
233 105
241 128
93 180
26 1
144 196
180 189
178 44
240 221
86 161
14 148
54 166
224 120
191 217
51 175
68 199
60 114
171 102
49 248
36 246
64 234
120 84
245 217
129 168
99 90
33 105
43 136
94 22
104 137
31 2
142 15
146 178
67 239
25 185
235 44
45 231
171 5
111 141
250 53
83 190
166 108
41 35
179 136
208 109
85 180
129 11
40 95
186 83
26 11
126 233
75 163
141 36
107 233
179 242
42 37
143 228
215 61
109 172
45 88
192 58
70 64
28 222
247 151
218 147
107 245
18 57
33 73
183 4
236 94
208 178
26 90
189 57
247 49
161 84
128 185
69 159
137 92
10 95
161 243
38 10
80 50
117 78
10 20
224 165
250 88
69 179
159 57
145 222
225 94
30 78
216 153
77 7
188 87
40 40
52 173
103 68
245 146
229 141
10 93
120 176
89 73
17 168
140 153
83 4
191 177
23 66
205 241
210 109
80 76
42 12
110 49
59 70
222 228
7 113
100 199
71 35
132 76
178 2
38 183
44 245
4 63
110 155
182 203
243 56
187 8
231 30
28 91
120 14
119 187
25 217
13 240
189 68
28 89
3 2
135 31
98 148
151 85
239 163
130 68
226 193
9 205
229 229
198 106
162 153
9 210
231 148
21 9
182 231
128 146
204 197
95 183
184 151
95 103
45 207
85 182
109 203
94 122
78 49
107 102
65 72
212 128
217 92
131 194
181 191
145 165
75 130
78 13
39 229
54 158
65 243
33 180
121 191
122 130
111 32
204 147
18 128
179 171
88 45
5 183
147 245
33 107
191 149
190 144
86 31
136 77
152 189
44 30
23 239
177 57
88 63
27 117
59 192
209 188
189 215
17 209
88 233
48 34
153 32
90 189
123 64
103 96
211 247
195 134
81 19
204 108
80 214
144 86
242 165
99 207
176 220
106 247
210 249
243 46
123 116
141 133
40 240
90 174
154 208
139 202
149 111
233 62
111 61
16 129
97 12
175 231
81 168
102 58
209 247
69 101
93 7
80 187
187 116
17 15
104 157
206 202
211 53
73 129
134 166
140 186
22 179
63 106
21 49
239 104
67 7
60 15
166 216
185 171
6 118
167 65
87 74
77 178
86 62
14 140
237 175
248 235
123 185
49 77
207 229
167 28
178 164
6 220
131 84
200 194
20 150
198 220
102 71
176 123
86 76
42 126
198 200
36 140
125 211
39 174
14 33
216 179
39 47
94 178
31 79
16 105
30 99
11 179
131 187
136 247
183 190
105 116
59 177
204 88
73 90
145 169
179 229
20 2
62 185
250 43
236 15
9 19
151 210
231 196
187 154
152 122
222 13
86 98
58 169
83 181
133 27
243 86
25 19
99 136
173 155
200 165
75 105
113 118
247 105
86 168
52 149
137 232
195 145
180 230
177 42
111 30
72 99
170 204
134 232
129 157
110 223
74 133
96 169
79 62
177 244
206 7
64 193
164 146
240 99
151 129
114 73
62 49
113 198
135 36
9 71
26 27
34 102
122 25
62 168
220 148
46 95
100 65
64 32
47 246
68 249
61 107
156 72
92 2
241 87
129 129
84 24
8 188
236 59
116 245
9 169
111 196
135 143
222 96
171 158
208 122
43 61
169 37
199 207
91 170
247 124
87 234
243 49
228 74
5 67
222 235
54 201
18 196
75 95
216 8
217 173
104 167
181 158
153 181
33 226
242 27
123 87
66 5
245 248
151 185
215 144
117 150
233 45
9 240
134 196
177 230
201 127
218 58
123 231
133 217
44 52
114 101
30 210
64 147
227 244
191 11
52 92
170 56
39 234
74 165
134 173
105 102
76 53
150 101
55 160
173 184
159 248
199 80
188 45
152 169
106 195
4 196
213 204
181 151
167 80
177 48
74 196
199 21
44 17
132 152
28 128
242 78
216 12
56 117
59 235
205 37
16 166
66 23
78 217
157 40
135 56
4 17
139 97
47 78
160 135
138 165
117 14
159 138
165 118
199 2
212 33
245 158
58 94
227 217
152 35
177 31
169 32
118 196
175 14
227 131
234 153
150 91
165 137
31 230
48 211
46 148
166 39
67 9
159 199
19 30
152 203
127 22
242 57
204 164
174 107
127 134
213 241
17 66
95 74
56 147
197 119
65 107
109 219
194 57
102 0
65 198
224 52
179 87
238 220
121 12
2 92
40 9
95 96
79 200
94 149
51 164
103 28
107 193
233 97
151 250
123 12
111 54
105 23
133 179
203 18
91 83
187 180
84 72
157 142
161 45
138 40
34 194
89 197
102 131
98 238
153 73
121 69
25 168
99 60
53 188
5 15
204 30
191 241
115 222
210 47
158 210
117 219
116 70
39 144
32 48
200 53
135 7
109 101
212 126
2 223
59 122
62 244
172 69
88 229
7 206
135 218
241 152
73 5
58 139
8 201
95 201
153 237
158 36
56 27
112 130
244 176
119 123
123 138
33 21
127 88
125 64
189 150
237 245
104 79
78 215
138 11
212 76
73 176
175 62
122 144
190 239
175 102
243 80
70 105
7 150
154 16
79 30
46 156
55 99
202 46
188 152
156 22
193 104
39 108
241 33
167 210
174 59
113 53
104 11
165 177
57 29
6 64
188 15
119 149
109 112
185 20
53 198
106 51
49 104
73 58
250 250
144 111
75 221
244 48
164 120
106 211
127 12
43 122
22 139
42 104
219 191
245 5
2 192
54 187
151 79
214 47
139 16
174 205
115 41
220 170
209 26
28 23
186 114
87 191
48 170
106 118
186 72
84 245
45 210
126 93
54 15
78 15
39 128
157 38
214 248
66 224
212 162
108 140
195 154
196 209
87 141
145 244
62 124
146 12
127 189
65 48
43 140
34 217
5 127
73 101
131 118
150 146
60 176
190 217
71 155
125 140
75 119
223 156
8 238
148 159
99 188
148 248
213 237
10 13
98 76
189 76
63 152
149 134
8 78
235 109
218 109
245 84
198 104
46 186
4 231
172 55
121 121
171 184
76 245
238 190
223 122
122 153
112 6
118 86
202 209
154 34
233 43
136 100
25 77
67 137
249 198
167 86
226 114
75 191
127 119
127 250
199 29
135 88
66 71
139 61
165 21
54 181
201 76
14 74
106 122
138 248
63 101
221 48
64 114
181 36
243 158
86 78
217 83
15 118
168 128
111 185
158 46
159 187
66 28
173 8
246 168
238 76
57 187
159 133
224 128
203 63
13 154
222 247
240 219
171 175
176 187
207 136
189 30
242 12
35 204
241 112
231 79
142 201
51 66
214 220
75 186
207 60
21 126
22 44
245 196
142 242
168 178
234 134
55 72
237 105
237 146
243 23
191 111
139 82
186 96
219 156
26 212
82 45
231 27
211 25
212 4
68 40
189 62
16 145
154 60
249 247
72 184
181 79
141 77
73 145
90 57
199 190
217 69
137 42
129 141
209 65
185 64
46 90
3 211
103 43
189 201
204 162
29 193
75 153
71 16
167 164
188 53
135 159
141 202
226 223
14 127
221 156
170 48
11 230
115 54
227 113
39 115
43 110
107 230
186 123
56 94
149 207
171 93
129 107
189 2
110 162
118 135
5 87
195 173
6 161
116 104
92 193
229 7
224 22
80 119
14 87
141 249
129 88
29 135
184 177
0 248
77 31
180 187
55 220
171 133
103 183
166 13
14 68
207 220
243 240
161 0
225 64
211 235
81 106
64 89
185 199
91 237
70 24
55 232
221 195
115 23
38 227
204 170
60 56
246 131
87 227
12 174
119 60
107 72
36 92
245 103
72 219
179 26
66 44
121 53
58 6
62 214
230 56
135 79
46 202
145 99
22 8
120 58
232 6
229 246
40 194
243 161
34 113
245 11
155 83
125 7
127 74
20 113
201 233
80 145
153 51
195 100
205 207
113 61
81 62
230 93
35 64
85 203
28 182
86 131
196 77
180 119
224 28
168 140
155 199
250 131
231 116
139 120
219 127
218 91
88 133
203 138
88 154
174 201
2 158
22 80
195 228
229 14
146 157
208 176
165 61
147 102
81 100
48 22
108 231
186 182
46 16
21 234
34 61
16 220
176 32
233 237
132 111
80 136
166 238
70 207
227 122
21 66
184 182
125 17
214 44
94 221
180 127
138 135
33 214
108 162
92 133
122 132
60 186
53 89
104 92
205 223
91 124
150 58
170 104
13 5
41 116
146 233
216 212
95 153
226 124
69 142
19 27
128 164
133 117
46 84
1 81
151 106
113 112
16 191
57 108
141 44
90 241
127 91
50 156
193 150
9 26
127 71
130 165
200 60
246 133
243 63
10 187
61 98
92 62
192 102
154 11
86 176
19 203
130 235
162 219
41 152
20 45
209 158
194 128
226 202
9 151
4 190
107 186
186 205
58 28
118 205
179 57
139 71
7 67
174 79
229 66
228 102
160 231
163 6
163 200
31 17
250 68
40 192
234 102
96 4
183 36
19 234
141 158
116 90
106 68
71 71
236 136
63 172
213 229
183 209
99 93
45 145
125 88
118 232
94 24
164 157
16 193
242 40
125 202
244 139
153 142
139 31
25 45
12 205
175 166
191 3
146 80
244 127
48 11
113 88
57 161
12 148
162 148
92 77
55 247
239 169
28 28
216 233
59 227
183 133
47 133
24 211
169 214
135 92
101 223
78 51
19 220
186 168
164 68
243 181
173 41
40 147
86 184
243 70
191 61
233 64
39 249
202 157
94 59
187 14
72 48
198 184
107 148
82 9
135 192
40 82
103 201
34 192
87 66
0 28
229 227
84 87
29 190
225 135
135 185
12 234
88 3
24 75
5 177
52 15
168 146
175 178
199 17
42 212
132 37
229 9
96 216
241 83
146 188
226 99
177 103
182 115
200 217
35 46
3 14
231 243
124 26
2 190
17 49
102 45
12 52
35 25
166 157
188 107
156 157
183 93
239 210
191 138
154 90
235 90
97 233
162 217
92 162
89 0
112 37
14 245
185 87
159 80
20 174
113 170
137 180
140 48
225 59
68 215
155 10
200 72
227 111
171 131
24 160
2 97
58 194
210 67
176 197
108 166
180 50
121 210
14 120
157 246
167 44
102 192
194 23
31 148
232 158
118 34
166 72
21 84
38 74
36 171
76 123
174 158
9 246
31 222
238 141
143 114
162 67
173 190
74 232
26 170
13 211
186 94
88 179
117 141
130 131
150 62
161 57
74 65
139 234
184 213
103 217
148 214
78 41
221 39
106 6
217 77
52 20
12 21
1 234
136 228
82 225
248 216
156 109
130 185
200 4
185 197
70 69
25 244
160 182
130 211
65 145
33 152
126 221
139 143
243 134
54 136
196 150
227 219
174 239
88 135
219 48
104 73
161 165
25 0
112 149
32 150
222 249
131 2
239 217
225 211
124 176
130 205
224 234
15 72
138 187
68 133
185 109
165 5
216 59
68 153
5 143
127 239
221 19
108 119
43 161
231 239
244 116
156 94
139 193
0 80
35 13
216 162
47 62
24 227
54 138
0 78
25 58
243 249
153 137
215 245
31 236
83 28
21 161
185 48
225 147
190 110
100 229
149 209
179 4
220 96
165 98
103 238
104 210
62 75
18 156
207 77
3 12
246 139
28 57
149 27
178 104
202 65
215 73
137 30
153 77
231 109
32 171
250 10
229 132
47 108
170 115
55 153
62 14
67 62
224 143
210 214
189 124
207 29
127 227
105 232
98 153
164 150
64 58
112 238
131 243
127 128
2 35
232 125
192 121
236 131
195 202
196 95
113 228
12 217
204 71
143 90
191 128
22 231
101 196
234 21
27 29
172 221
25 131
167 231
77 182
250 220
96 173
31 132
46 237
154 177
16 233
142 192
152 104
247 197
135 67
77 207
155 123
51 51
27 36
109 184
70 165
149 54
40 154
161 87
17 23
6 122
100 165
128 136
199 32
227 247
152 228
16 88
29 50
115 192
105 46
221 159
105 159
188 110
129 57
184 80
198 51
203 13
230 48
41 54
221 85
106 213
205 18
157 11
192 204
193 41
116 124
112 127
3 0
197 123
178 0
59 93
91 26
35 4
215 20
211 205
190 87
248 104
78 95
163 61
21 243
177 96
76 83
201 10
119 249
234 68
62 103
199 241
14 163
138 152
148 236
23 19
82 40
92 175
82 209
80 231
229 70
188 40
76 202
184 0
67 67
12 17
204 154
95 92
165 96
40 67
228 221
30 9
151 213
197 13
147 128
215 106
192 84
54 234
148 36
46 33
126 223
99 57
35 42
39 138
153 212
242 14
93 51
16 177
196 71
16 195
38 82
125 66
194 94
50 114
76 215
69 85
174 81
9 30
63 0
138 27
193 2
20 11
139 206
195 79
187 63
137 49
232 16
158 117
127 65
103 164
192 116
107 11
196 243
125 160
120 212
50 234
3 51
182 54
195 139
100 175
131 51
96 90
132 44
170 148
16 246
219 115
123 152
178 180
169 246
51 143
200 57
85 199
120 193
3 135
146 143
188 91
166 134
204 102
216 66
174 64
239 52
130 111
62 31
122 234
22 6
5 43
116 224
13 182
77 125
62 192
219 117
130 229
147 137
173 230
99 242
122 125
135 236
161 80
197 32
178 126
88 223
28 68
184 135
176 139
171 117
140 223
98 83
148 226
97 207
4 26
92 56
243 90
226 198
155 99
157 2
218 54
49 209
108 223
10 24
14 99
136 134
82 137
237 232
102 117
225 35
25 150
177 17
225 61
12 242
123 31
127 148
94 212
237 48
70 45
50 54
118 69
141 181
181 58
107 124
22 227
146 86
115 162
117 148
32 201
103 94
222 139
212 119
66 133
212 91
227 213
226 76
61 220
101 52
162 13
28 114
138 59
109 233
214 152
75 63
183 166
67 89
69 155
9 236
208 130
107 178
249 161
159 164
220 62
240 34
151 23
217 140
163 33
172 202
152 59
125 116
185 143
68 212
40 218
145 69
24 39
68 190
102 138
197 113
186 245
6 81
63 122
70 122
7 44
187 124
124 169
5 214
15 84
197 5
211 101
80 16
32 116
168 191
247 70
23 234
163 239
82 236
225 238
42 142
189 47
62 202
34 213
95 94
188 144
142 152
17 21
92 143
249 115
88 115
195 20
81 176
125 72
30 28
156 138
184 102
57 87
92 29
145 171
43 53
209 53
35 27
182 214
121 51
45 229
190 170
245 91
243 4
75 30
83 10
237 210
17 19
242 140
228 29
64 120
158 62
173 88
165 164
98 169
175 68
220 21
105 178
88 76
200 203
171 215
43 65
125 124
59 20
66 73
16 179
143 214
131 49
79 173
235 206
9 161
155 190
146 96
218 203
146 152
87 210
148 96
69 140
142 156
105 249
154 150
107 53
17 34
127 158
220 91
183 84
43 189
34 247
87 11
53 242
249 142
198 136
36 78
139 116
111 91
37 170
3 218
76 25
223 175
33 86
131 149
103 41
103 179
147 7
244 65
87 153
140 68
24 70
37 133
30 223
109 180
21 170
44 191
94 137
146 186
8 114
74 49
160 18
60 95
247 2
224 41
232 32
196 52
190 14
185 22
54 125
223 206
216 23
189 23
50 71
148 153
44 123
28 14
76 100
111 214
206 184
150 118
54 68
240 199
193 245
181 66
69 201
34 30
2 175
90 36
67 158
128 150
109 72
185 229
114 136
171 179
140 218
155 194
80 45
71 201
166 129
61 111
116 185
41 83
239 197
80 10
147 94
210 155
234 137
103 101
163 210
201 119
182 120
85 201
211 57
218 224
25 102
25 66
55 26
12 70
215 188
238 178
158 241
22 26
228 157
164 136
42 77
177 140
52 177
23 200
244 142
89 211
172 225
101 85
169 240
32 58
87 249
200 55
45 233
168 54
150 96
95 70
133 72
136 20
218 167
248 208
176 127
182 227
52 222
214 217
214 142
14 103
49 241
86 232
222 37
95 6
30 121
238 158
43 119
248 35
44 77
105 36
162 227
69 17
59 40
248 212
203 248
80 147
41 44
124 249
81 108
140 52
221 149
206 46
153 249
194 201
119 111
9 21
211 10
239 54
197 65
192 39
207 207
145 218
43 179
132 138
94 190
98 104
138 132
168 138
228 41
21 249
94 56
14 46
7 77
78 67
29 177
12 144
90 155
223 181
33 103
155 65
161 187
209 147
237 83
49 33
149 205
239 120
199 181
101 39
44 223
75 38
115 160
228 162
35 100
156 242
49 89
236 11
27 219
39 21
127 39
30 58
233 226
98 138
221 186
61 162
70 191
95 241
109 174
98 166
2 23
174 28
44 159
156 0
214 69
154 217
214 184
65 191
20 36
233 240
25 138
8 160
244 131
19 243
73 1
160 68
199 192
144 153
158 191
86 163
72 147
56 151
127 107
63 211
198 182
75 113
197 146
4 74
70 167
231 156
148 11
246 231
69 55
136 206
244 93
177 13
44 6
166 35
101 170
65 178
7 221
220 27
121 177
54 85
186 160
210 40
74 244
39 84
7 51
133 168
141 129
87 89
7 170
234 83
156 118
161 180
2 141
241 161
182 22
57 238
146 206
208 187
201 133
3 165
153 68
186 75
21 87
39 5
21 110
46 50
19 154
54 36
177 195
161 125
20 92
96 148
93 17
212 103
195 192
229 18
62 56
57 52
222 170
240 44
58 210
213 132
52 194
61 65
148 201
20 82
201 215
215 237
158 183
171 164
166 45
179 238
145 20
41 155
179 15
66 139
52 12
122 18
132 186
7 102
1 180
239 91
199 112
106 133
117 227
41 229
210 7
233 52
103 228
188 0
139 7
122 246
121 139
138 148
40 97
113 233
200 152
171 169
229 39
27 176
126 125
157 83
193 234
243 204
56 226
83 2
40 118
89 128
48 9
189 211
105 4
139 161
4 192
131 113
205 195
72 88
16 120
200 141
112 58
120 238
99 140
4 22
45 38
210 115
46 42
13 193
136 5
233 244
133 3
241 236
203 69
247 95
92 112
247 85
68 84
84 114
146 71
9 215
105 63
75 45
161 64
1 204
107 8
34 170
2 168
153 65
11 142
92 160
135 109
98 99
242 237
94 89
5 51
141 117
62 120
51 121
158 18
138 112
86 109
35 15
169 21
166 91
215 45
103 14
144 79
230 84
222 77
81 161
193 229
56 245
27 41
149 23
119 163
201 230
69 144
154 146
191 164
117 146
218 198
60 109
142 92
40 227
231 87
68 237
110 2
238 145
207 27
98 192
163 17
152 91
145 113
71 107
34 10
101 44
49 118
244 179
114 48
37 208
72 64
249 188
90 2
239 208
179 143
250 93
181 232
238 29
50 228
27 105
242 34
184 31
0 153
180 160
159 216
233 147
139 106
184 198
154 168
146 133
162 214
197 219
99 122
174 116
249 2
145 104
73 9
62 96
237 120
60 149
89 191
186 70
1 218
239 21
55 172
140 11
240 122
122 118
199 229
214 135
231 209
77 227
191 235
240 247
237 201
208 35
86 57
238 156
16 215
93 70
93 159
240 243
190 225
117 27
216 85
166 220
184 60
129 213
52 5
230 180
151 193
79 34
112 135
205 101
176 170
99 231
1 37
44 106
143 158
244 22
39 166
13 15
170 66
11 85
100 118
208 193
91 15
107 138
158 51
160 150
40 2
88 231
36 56
83 38
157 135
232 250
58 83
15 143
40 75
94 72
9 44
126 50
157 8
22 205
1 112
75 91
65 181
2 231
174 141
223 8
162 34
63 97
159 53
207 144
121 174
183 233
180 181
223 26
221 191
87 29
189 241
93 128
37 167
118 244
38 193
166 47
166 154
9 14
59 179
29 162
246 235
34 239
172 156
100 126
249 148
99 206
193 48
172 80
154 45
64 137
211 97
32 51
128 59
151 4
26 224
165 240
183 170
237 139
33 37
167 187
111 243
146 139
125 82
145 231
18 93
249 178
10 77
55 197
141 20
153 131
131 169
36 127
34 139
175 111
29 120
196 69
248 150
24 148
195 9
230 233
70 31
189 172
170 212
81 43
143 170
209 165
145 184
220 98
92 141
78 17
250 122
34 44
74 15
233 218
122 248
148 150
108 92
19 186
98 33
102 129
208 132
210 125
220 1
187 138
63 164
104 188
140 243
113 210
242 110
219 140
40 136
98 176
183 68
187 128
195 186
176 168
236 204
183 246
133 105
243 213
179 129
12 45
164 90
156 92
71 180
69 51
202 89
46 76
2 31
225 92
2 53
174 84
90 225
92 86
37 94
53 1
144 242
223 137
141 220
249 175
130 82
66 110
236 57
161 96
207 212
220 121
209 77
18 60
205 140
228 48
177 228
2 225
209 21
202 231
246 211
72 205
83 22
185 9
240 170
99 125
233 232
52 151
36 182
234 54
72 11
68 120
82 140
173 216
240 13
105 94
22 203
224 111
221 201
153 86
102 221
242 242
130 163
27 191
44 32
15 77
58 204
247 189
196 58
157 156
29 141
22 78
129 221
7 36
70 157
82 98
71 236
144 191
2 209
207 11
86 81
226 226
20 172
237 212
162 176
159 43
92 23
4 246
93 205
66 213
228 81
79 4
55 115
29 152
187 2
1 56
175 50
24 55
221 145
121 242
190 140
209 236
144 232
149 33
69 228
60 196
131 176
55 213
130 80
127 5
214 113
203 180
42 219
48 177
128 172
42 153
101 207
53 164
64 76
6 228
249 12
168 194
158 230
18 44
145 118
174 90
204 166
176 55
96 250
27 87
248 22
55 57
176 214
114 69
202 83
97 146
194 74
76 108
228 173
80 79
138 176
172 82
118 92
8 57
139 137
218 227
66 93
108 95
224 75
60 6
240 209
32 147
21 38
221 239
71 2
230 222
113 159
233 14
28 158
235 187
3 8
16 152
138 94
155 110
231 100
207 39
14 229
168 63
204 176
168 201
57 228
47 229
157 195
76 8
158 185
84 120
46 182
47 46
227 87
134 248
95 188
55 17
101 64
84 53
225 16
67 149
242 10
212 173
102 105
1 166
157 87
73 216
138 53
193 31
137 62
23 105
171 235
174 37
30 134
103 110
212 160
160 109
15 70
135 34
145 227
107 22
79 39
115 98
193 19
2 202
224 37
164 223
222 80
134 23
190 24
93 185
247 33
163 69
90 113
117 154
113 178
221 63
162 19
58 0
175 235
137 126
210 43
23 245
25 109
156 235
149 129
109 225
175 117
50 75
19 0
42 1
208 156
10 136
130 15
50 49
100 161
15 201
185 50
54 156
74 213
172 124
219 125
29 62
149 38
238 165
71 73
82 91
235 165
31 151
215 216
110 105
172 188
59 36
189 182
233 209
136 155
74 105
199 128
154 227
51 214
2 196
206 233
67 127
5 13
43 74
66 20
55 211
111 218
191 157
217 17
43 47
179 222
95 19
114 35
228 201
80 134
213 27
184 241
143 31
172 74
173 19
20 247
242 163
19 111
171 207
79 190
31 4
137 226
168 110
176 209
155 101
9 88
116 73
85 92
232 195
41 69
245 97
92 229
144 92
87 225
132 206
149 151
111 159
169 6
22 220
12 94
180 55
92 248
1 121
52 220
148 110
190 35
86 226
210 93
133 136
112 42
11 211
242 233
147 2
9 105
145 220
57 199
157 224
81 174
4 101
131 212
12 248
98 157
189 64
191 237
14 94
82 213
159 122
246 61
112 152
168 23
143 129
48 221
41 210
195 124
184 247
140 84
107 145
83 201
214 206
162 121
100 221
244 72
99 9
96 154
204 209
24 9
132 22
237 0
167 20
4 244
135 226
111 76
195 175
72 214
236 129
143 20
41 217
104 221
115 215
167 120
47 56
120 161
76 36
113 129
8 134
218 8
72 246
135 214
102 167
217 154
84 123
197 196
248 84
86 154
79 83
126 216
40 130
35 107
74 19
14 194
95 157
246 16
222 52
67 51
128 166
130 196
22 29
74 28
175 143
203 187
30 72
27 34
187 191
208 6
247 187
210 75
183 152
68 168
64 7
167 94
92 148
151 50
194 166
234 178
234 249
232 176
148 81
249 82
195 149
58 137
224 98
243 112
65 148
98 221
103 80
215 97
13 2
18 124
187 58
179 35
28 10
18 138
44 219
154 204
33 184
29 212
143 134
78 147
28 124
105 190
155 161
10 238
99 248
68 20
26 144
141 42
45 147
32 90
27 245
39 153
195 92
75 228
42 67
48 234
148 101
103 148
245 3
123 28
248 119
185 131
116 39
100 48
163 82
210 71
178 176
230 248
236 157
18 216
189 26
161 225
2 239
111 143
44 0
2 117
78 144
170 4
230 61
217 156
201 226
207 195
158 128
179 71
240 109
234 27
189 34
54 10
159 172
117 108
122 75
116 17
57 171
22 61
183 142
154 241
172 148
207 248
98 217
97 9
161 9
224 113
96 226
62 240
9 124
170 113
103 4
168 238
125 107
10 113
108 88
150 21
234 31
186 44
172 198
239 74
174 23
78 197
218 42
184 121
64 27
11 38
6 23
161 48
126 54
109 28
158 108
28 12
185 104
140 73
191 19
57 61
110 95
163 208
144 238
158 168
70 132
183 108
91 204
28 137
137 32
217 226
62 84
240 77
187 161
164 155
151 243
242 108
114 174
208 94
34 56
41 28
20 28
40 187
155 134
186 207
218 239
93 230
82 78
164 114
130 151
44 23
163 106
99 233
64 225
175 5
236 72
142 60
121 123
245 20
187 39
59 214
213 67
130 203
7 47
84 243
93 166
83 168
135 62
41 30
27 184
75 125
16 45
149 220
19 131
210 186
140 248
40 242
63 12
112 213
134 69
153 166
91 10
100 159
54 96
177 213
5 186
145 132
230 176
220 210
10 122
13 179
173 21
248 43
44 240
111 154
196 117
211 82
250 151
228 53
114 71
15 204
33 114
90 171
64 45
28 144
138 178
229 106
190 232
74 59
105 64
107 86
62 60
27 250
128 220
248 169
68 23
58 148
142 12
59 97
120 164
101 67
144 151
210 166
113 68
95 29
229 185
250 201
79 28
109 149
114 96
108 241
144 207
70 78
160 205
27 135
173 222
229 115
145 189
115 241
216 104
149 7
124 53
34 23
23 88
80 132
131 156
164 171
230 23
147 145
11 124
83 105
65 80
37 243
218 24
204 4
215 241
48 127
188 95
52 182
208 103
2 106
81 185
113 218
97 19
164 189
53 190
226 29
91 8
9 154
18 3
66 189
13 44
227 171
93 198
120 217
59 129
88 96
132 184
129 50
97 245
155 76
100 201
19 86
7 168
6 185
44 59
186 92
216 14
162 231
157 220
196 75
14 53
131 24
168 90
128 3
165 43
14 247
27 65
157 193
31 192
193 26
72 82
85 209
78 82
59 14
25 87
203 41
134 42
212 144
88 146
214 210
195 112
3 49
106 104
233 78
234 123
55 168
18 81
220 221
95 78
163 197
228 188
141 106
3 181
22 172
53 6
197 248
172 65
87 219
127 60
128 241
118 172
129 188
135 118
101 243
222 213
111 183
77 89
157 79
58 22
127 76
117 49
228 45
143 27
78 136
130 76
229 148
169 152
77 27
148 49
70 14
50 20
41 93
80 52
75 67
169 2
15 55
178 106
221 116
181 128
149 246
111 171
103 16
9 108
23 191
57 183
109 182
143 219
214 86
87 129
205 98
69 236
177 133
219 226
139 63
42 59
21 176
192 13
229 101
91 70
152 28
48 40
171 222
141 185
58 135
199 132
105 100
4 78
211 78
245 205
19 119
75 233
59 237
93 84
205 217
76 110
53 144
165 81
125 209
180 226
81 200
144 54
132 163
4 152
128 160
238 135
56 106
89 52
163 212
215 93
38 160
32 198
24 205
56 206
20 43
184 215
250 105
112 95
163 88
23 125
45 136
14 183
156 45
168 227
194 213
17 77
125 242
188 17
238 181
36 76
175 250
164 54
98 7
171 41
143 211
2 6
217 40
119 8
130 13
2 229
243 147
50 208
122 181
83 158
145 30
90 218
49 245
238 100
241 64
13 55
0 51
41 237
45 118
172 109
108 122
37 35
153 88
2 39
149 184
165 221
152 226
30 47
46 214
11 198
121 185
240 11
97 94
59 145
25 145
19 208
242 202
52 110
160 47
102 92
82 113
166 67
106 192
224 196
166 2
173 179
99 114
134 33
138 207
182 189
197 83
42 191
108 24
20 138
81 153
82 163
68 183
3 72
219 187
28 160
38 76
17 234
214 37
167 151
81 71
125 229
242 183
134 151
95 36
163 172
139 157
32 0
182 34
47 89
11 232
150 107
61 42
101 54
101 81
75 208
95 135
78 124
83 128
135 180
213 117
143 198
72 40
163 80
193 62
74 184
66 108
88 248
179 30
7 143
148 164
248 72
245 56
57 231
6 188
152 208
12 113
118 175
178 193
200 167
171 209
55 88
95 27
38 139
135 3
117 204
195 114
50 206
127 177
248 220
93 45
9 54
80 209
218 63
61 44
71 128
108 67
45 196
3 98
226 175
206 75
230 250
80 0
184 53
240 24
41 46
202 52
93 82
92 206
11 63
221 55
193 178
52 215
11 126
19 66
227 126
203 93
31 94
87 113
204 90
173 127
161 196
34 28
133 7
125 112
25 172
42 98
147 40
194 0
18 75
246 221
85 220
199 19
215 80
172 60
5 0
218 35
71 86
108 42
209 73
163 184
65 152
24 158
90 138
12 12
190 209
167 26
212 133
193 8
3 30
14 4
169 170
14 225
203 146
175 134
141 8
78 108
172 53
27 19
139 163
88 17
61 113
20 219
177 205
213 83
217 65
200 85
235 70
123 107
113 33
3 83
235 42
168 229
188 213
74 33
209 206
64 139
24 132
52 80
31 180
188 32
68 151
216 134
25 179
243 145
10 62
200 177
0 188
208 135
213 150
55 86
0 224
99 173
82 194
80 160
208 126
91 34
106 38
111 21
73 20
62 2
121 202
33 112
45 19
61 172
39 55
27 231
88 104
142 74
183 150
119 198
231 70
33 95
57 44
51 226
49 132
250 129
189 238
73 115
43 82
121 189
113 142
200 169
65 88
60 81
88 165
101 213
47 69
12 36
79 32
134 14
19 151
199 145
99 203
201 19
194 76
49 83
124 220
134 134
114 0
38 214
200 236
49 160
237 123
241 66
0 203
49 191
64 244
76 75
5 137
177 135
112 106
124 96
240 58
180 63
246 28
224 67
61 79
115 66
32 9
172 90
144 63
20 143
110 17
66 96
237 199
239 213
9 99
139 118
213 55
137 194
159 219
99 45
222 69
134 5
128 155
145 41
137 18
191 142
21 104
94 236
187 142
219 29
243 150
88 56
111 80
128 95
219 158
80 202
122 227
64 249
167 96
203 159
235 37
68 178
134 240
166 122
123 235
200 143
87 27
20 31
54 205
164 28
168 219
247 62
37 22
148 115
51 104
23 184
218 243
6 99
154 179
84 150
137 119
80 197
106 215
234 220
162 247
32 182
131 4
165 0
96 180
212 44
109 8
81 207
184 161
109 229
64 216
34 126
106 208
38 69
66 217
134 137
221 182
11 168
63 227
75 171
98 179
204 67
33 12
209 222
200 131
105 15
197 47
239 134
239 67
234 59
127 7
65 9
191 26
162 142
146 159
222 1
21 70
8 248
175 222
245 86
23 146
190 99
195 110
158 105
131 7
248 242
110 150
232 84
250 49
237 74
247 74
196 246
75 243
39 168
152 241
153 124
221 184
110 74
134 129
36 86
74 82
146 129
102 22
223 171
60 22
115 167
230 146
194 215
131 128
149 221
179 23
157 99
28 97
79 115
249 135
190 131
171 230
131 86
49 158
61 210
93 49
72 242
61 143
21 18
118 103
157 162
213 39
204 110
197 111
48 125
169 92
130 94
183 40
94 217
123 168
25 238
229 214
134 228
189 249
42 134
117 4
102 90
40 58
205 234
131 174
151 100
246 64
96 117
116 25
243 117
6 46
222 132
10 212
211 15
46 116
50 171
41 122
146 197
210 196
118 247
191 172
214 76
243 177
5 76
141 162
5 129
29 56
55 191
249 125
54 48
94 196
113 176
32 158
120 28
115 234
14 205
152 176
168 168
60 174
75 135
41 65
33 203
35 190
55 112
194 88
31 84
159 76
153 114
104 75
176 59
106 87
49 143
22 40
202 137
107 48
225 43
161 5
53 217
176 98
91 12
116 229
134 198
100 130
126 129
221 3
13 166
203 242
50 59
108 209
9 198
237 103
34 150
75 77
12 228
55 200
184 93
233 172
35 105
91 103
43 150
173 76
97 181
31 74
121 137
37 14
207 19
76 117
180 21
224 100
7 15
46 114
129 177
105 108
176 76
69 195
65 176
177 192
220 240
11 81
4 53
65 201
112 35
229 22
248 101
62 238
53 121
95 50
103 26
16 186
209 14
3 194
180 206
18 180
12 57
133 96
43 225
148 18
145 107
76 213
21 145
33 64
145 91
25 156
117 88
171 32
86 102
171 95
32 233
7 129
101 216
8 45
146 124
156 50
224 183
232 68
120 91
98 210
46 8
11 166
198 85
24 111
173 6
152 230
225 207
17 41
228 123
122 223
233 228
154 93
236 188
53 70
6 89
152 217
154 135
63 128
206 48
173 4
10 130
33 60
216 122
113 246
73 55
178 186
223 62
194 46
72 7
140 66
79 222
191 211
149 228
18 214
177 105
135 201
151 166
126 181
167 248
198 138
39 120
205 190
77 172
243 154
37 157
190 74
74 52
30 164
106 240
180 215
131 216
31 190
50 169
20 15
58 68
49 46
27 77
168 48
233 221
139 2
179 244
138 125
95 21
60 121
27 208
120 18
238 204
218 60
95 110
132 204
194 199
184 223
90 151
49 139
76 103
30 92
18 121
33 75
166 147
213 142
88 213
176 36
178 182
116 126
165 201
226 143
119 215
206 108
18 79
49 65
180 90
127 156
28 199
113 202
115 11
94 126
183 42
245 137
3 103
64 111
108 9
241 45
116 56
216 206
158 4
175 7
129 159
89 16
248 6
197 242
232 199
62 28
242 169
12 132
169 130
46 241
199 87
119 13
98 174
105 149
118 38
43 33
143 124
214 194
237 225
203 59
216 132
85 83
173 227
30 160
97 35
247 206
95 234
125 98
52 53
36 210
171 79
197 91
58 166
142 148
173 169
168 121
30 182
60 103
208 174
79 177
190 54
73 182
239 42
7 204
22 82
215 208
175 137
121 208
170 237
205 13
214 107
13 142
182 148
118 43
6 233
118 1
50 152
222 10
5 206
16 229
212 147
129 78
89 119
184 75
86 214
5 5
217 196
83 247
212 249
111 206
223 151
29 54
176 82
0 124
248 69
68 79
219 152
227 3
141 62
117 167
150 70
19 136
52 179
95 243
247 191
91 94
97 30
155 78
144 163
200 150
246 237
114 239
8 242
91 28
229 168
102 127
246 102
98 113
189 101
93 124
82 66
189 236
211 23
34 35
46 39
71 130
73 191
59 87
192 37
7 166
57 10
129 61
141 187
161 7
12 250
157 236
160 56
190 213
156 205
249 57
240 145
130 103
216 175
24 119
185 100
92 213
219 174
24 209
46 1
26 166
195 184
21 16
198 7
223 35
23 86
213 45
81 1
33 100
103 135
244 29
75 47
79 175
245 209
50 246
79 203
233 38
179 95
21 190
200 26
93 157
138 96
191 245
39 28
32 122
137 142
177 114
27 131
245 144
124 239
103 81
9 28
167 214
105 56
240 205
30 85
223 115
28 43
145 6
72 244
147 165
164 13
217 237
9 81
88 37
222 20
135 128
117 209
55 42
159 63
1 72
60 26
182 210
179 69
100 22
229 16
29 20
186 222
146 16
249 192
217 201
156 192
221 127
162 127
128 234
17 136
244 74
199 239
239 250
105 28
70 12
7 104
117 207
74 74
228 136
0 149
128 36
85 22
245 89
130 34
30 234
3 131
216 193
171 81
66 124
159 30
194 126
52 142
16 164
77 98
200 154
26 79
220 17
175 19
72 189
186 81
160 123
118 225
105 85
107 105
144 236
47 153
66 241
167 226
17 197
87 93
79 81
156 178
126 68
109 93
50 6
129 119
239 32
203 113
57 69
104 240
249 172
105 120
100 75
32 220
204 185
8 89
126 199
206 3
233 121
168 125
3 70
157 173
109 51
245 229
51 201
12 34
216 223
242 94
200 105
11 72
240 216
11 204
140 99
26 124
227 34
215 33
146 93
86 170
50 38
63 80
64 223
85 137
103 18
197 187
27 238
90 107
44 235
202 247
75 54
208 151
155 237
233 66
188 137
141 24
86 115
199 24
237 235
147 29
224 232
159 243
79 12
207 179
61 206
83 221
24 62
182 238
175 34
192 152
95 245
178 240
167 176
198 178
93 61
121 20
15 9
207 157
4 233
18 238
39 208
194 68
198 237
27 213
41 88
13 108
19 38
143 203
203 23
55 61
101 144
237 61
73 164
112 19
203 223
48 231
236 166
196 200
147 190
79 93
128 98
214 82
223 215
155 148
169 244
246 159
34 221
218 217
192 71
151 38
91 120
111 4
144 22
92 221
83 121
128 229
137 87
61 83
236 98
152 16
94 141
186 16
53 78
0 86
111 15
133 24
65 127
99 244
166 228
3 16
155 136
101 93
77 232
147 42
20 196
0 164
157 24
181 141
35 148
175 88
116 32
218 67
165 25
14 232
26 48
214 119
28 52
245 24
57 149
75 6
190 180
42 185
140 200
83 238
208 8
215 186
85 174
201 40
34 200
41 145
46 101
109 32
125 0
225 176
240 239
108 74
164 206
198 130
40 90
118 184
225 26
210 85
180 175
161 32
110 134
109 117
4 105
64 213
12 67
117 173
153 210
21 221
41 205
174 69
225 227
35 166
63 236
184 127
193 106
72 122
41 108
29 204
131 189
107 37
151 220
39 65
229 150
168 162
9 223
201 190
115 194
138 169
23 186
172 26
130 36
98 250
132 5
36 2
248 210
0 120
130 135
137 78
172 140
157 217
127 97
222 15
221 136
228 36
177 210
33 80
24 26
211 197
98 230
96 47
161 216
169 193
119 63
133 84
173 17
58 133
199 213
182 126
249 4
206 70
102 165
64 204
89 239
225 105
181 117
144 59
66 82
68 218
2 63
46 23
180 167
94 147
157 222
116 30
207 101
212 115
143 47
183 20
170 70
65 60
231 17
163 165
120 184
197 115
225 187
66 154
110 44
64 206
118 130
6 175
198 165
248 58
35 215
108 212
87 38
231 63
89 49
230 172
181 26
218 37
17 236
130 219
169 42
139 25
160 152
223 190
124 81
4 141
174 139
133 74
112 48
231 191
115 179
203 229
116 6
52 62
127 187
103 225
26 50
175 21
81 53
242 114
34 182
141 213
32 217
214 92
189 86
174 198
125 22
89 153
92 44
72 193
179 37
201 94
179 246
37 65
164 59
146 161
211 45
62 208
2 216
140 109
213 25
211 171
115 82
42 199
48 96
185 85
151 236
68 241
118 168
56 170
248 174
247 247
5 103
49 162
69 90
219 104
164 73
139 214
53 105
148 57
74 140
155 56
241 196
140 104
70 29
157 13
17 99
157 233
88 167
104 66
113 235
216 209
89 67
77 76
66 245
147 227
32 109
247 161
100 138
103 171
77 238
212 31
245 245
109 22
48 76
201 13
48 79
57 181
228 215
113 214
106 65
89 19
4 24
231 67
4 176
49 128
3 156
232 162
236 182
14 209
189 120
107 55
173 161
9 67
139 37
191 72
191 224
220 7
214 127
202 167
173 78
166 11
31 165
197 73
58 155
148 121
133 65
58 175
179 80
82 32
226 165
225 141
21 217
84 32
156 3
47 200
16 184
58 233
176 185
208 47
162 140
235 148
178 110
68 31
218 102
183 18
49 55
197 68
178 155
132 18
78 36
206 110
71 84
193 192
122 193
108 107
241 231
58 12
100 133
183 10
177 246
150 31
139 87
187 183
208 40
228 68
178 168
226 69
137 210
79 220
30 66
160 140
48 217
159 224
162 72
231 8
181 144
116 175
142 2
188 231
153 186
35 111
14 36
42 3
76 165
15 241
124 130
127 141
186 230
133 191
35 233
123 237
83 51
14 186
25 240
64 35
215 101
130 41
189 13
113 99
139 108
11 185
153 193
232 193
93 120
82 227
190 203
90 14
165 131
86 0
24 35
88 215
159 176
29 230
114 110
2 59
0 19
135 241
154 118
47 239
187 100
111 113
173 72
14 57
234 34
131 27
216 113
217 29
239 83
44 8
224 24
232 211
4 122
20 68
38 210
107 111
216 242
185 178
1 240
31 184
132 14
235 231
68 117
195 48
242 69
154 63
80 216
30 153
100 186
61 236
62 19
249 78
245 129
140 60
181 216
31 40
134 71
215 171
27 126
124 43
137 213
15 92
58 54
169 174
176 199
190 80
182 159
246 75
141 72
108 155
75 101
193 238
130 172
11 107
66 250
38 185
216 75
136 182
94 91
222 193
99 35
233 163
136 249
153 198
77 106
248 201
87 145
235 46
131 115
107 120
140 50
151 187
68 176
173 241
74 219
157 57
50 41
155 163
11 43
100 135
194 101
71 215
104 203
162 151
230 202
237 20
191 182
23 229
27 4
249 51
95 168
89 12
59 183
241 55
14 249
207 13
208 84
103 223
238 121
147 135
110 119
70 47
98 161
168 134
3 55
24 7
92 238
26 25
58 59
147 212
1 130
224 56
247 155
44 184
1 170
24 98
227 237
189 142
148 175
223 178
155 43
45 188
214 232
216 235
176 181
223 107
12 225
29 240
49 51
193 4
77 0
145 39
121 101
7 156
220 189
