206 35
217 171
46 110
41 52
29 46
149 84
59 187
119 136
185 166
182 122
216 108
193 176
170 124
37 54
51 8
60 156
176 70
210 103
180 169
244 227
225 130
23 97
43 210
122 43
66 226
60 233
108 39
80 155
105 202
201 192
1 17
101 106
218 168
115 50
14 133
44 167
21 119
23 71
57 216
172 177
107 128
3 32
194 226
75 151
168 233
245 165
211 176
83 166
25 202
48 205
136 132
163 104
47 94
36 120
158 158
158 174
4 96
93 202
43 19
226 120
81 15
116 220
140 139
52 170
61 158
175 188
204 160
194 17
11 1
0 216
119 177
248 25
197 93
245 32
29 18
32 36
116 3
177 16
97 92
51 60
44 20
34 115
105 150
217 142
111 199
203 27
76 32
78 153
109 97
223 61
19 192
81 3
36 237
24 138
247 172
177 207
75 115
36 203
193 164
223 219
148 85
112 161
130 247
122 176
51 133
231 142
24 116
132 31
200 5
22 195
116 240
39 150
172 84
47 99
233 17
199 66
97 82
39 49
99 182
220 172
151 30
124 198
107 84
59 247
7 106
66 79
218 184
148 13
117 111
36 20
119 218
174 93
142 81
145 46
189 167
99 111
135 73
17 147
182 1
6 62
212 137
70 116
163 195
198 159
121 27
17 143
159 221
37 56
87 241
123 73
2 128
128 192
22 42
249 45
186 219
51 100
196 236
48 84
125 217
158 112
191 31
192 94
63 161
238 11
218 161
64 195
229 47
20 22
40 190
163 15
73 136
217 100
43 115
18 145
133 219
139 69
204 129
188 225
0 76
204 25
88 51
121 155
42 121
94 105
231 106
244 102
166 110
69 149
135 104
59 66
183 96
12 103
224 20
126 52
8 9
244 232
186 188
210 55
192 89
204 2
234 115
193 182
13 170
125 31
239 72
48 98
85 211
74 40
165 249
25 177
158 29
141 28
236 115
117 122
100 79
184 237
93 234
132 172
83 219
38 36
131 57
222 128
53 33
43 217
34 159
227 106
86 42
4 116
118 159
36 68
198 249
105 170
55 203
61 128
35 84
30 244
83 70
219 47
25 40
172 228
194 133
166 53
141 167
206 103
235 196
214 200
168 78
50 106
211 32
36 196
147 195
54 232
223 102
216 120
24 155
115 177
148 116
61 227
50 215
148 140
92 99
58 102
50 85
109 84
125 103
44 108
71 229
228 155
124 125
116 198
21 89
84 58
237 214
70 113
235 151
87 222
176 148
236 118
181 15
127 244
118 89
51 186
148 63
120 125
231 3
116 9
201 100
52 3
6 152
171 142
92 68
134 207
171 7
206 151
54 195
227 167
164 122
5 211
165 199
196 166
55 66
35 29
99 11
45 82
116 110
97 228
28 73
90 100
24 53
234 230
249 146
0 45
214 13
40 172
1 100
155 173
35 134
157 199
147 161
235 138
126 101
49 179
194 159
190 0
217 31
87 82
54 170
234 92
21 186
139 110
63 8
45 47
219 5
78 84
10 79
153 43
46 174
42 203
119 113
191 129
158 126
195 35
8 112
215 151
55 5
209 218
70 37
193 236
67 91
68 188
159 2
201 91
169 248
62 225
48 130
143 39
30 83
16 174
99 29
99 106
204 225
35 177
136 47
59 127
185 11
68 163
33 219
23 219
132 98
182 222
31 68
38 125
76 59
110 241
210 180
101 77
234 6
23 121
136 224
200 222
209 82
109 205
62 165
32 169
127 29
187 148
220 217
217 85
115 208
235 177
141 171
150 86
170 60
225 241
109 30
203 80
226 48
114 127
147 73
27 67
151 142
97 111
68 28
222 90
153 38
152 70
84 30
23 103
107 57
97 80
197 228
89 121
231 81
98 164
143 136
201 145
116 35
29 64
236 79
222 237
49 27
16 248
129 113
187 193
125 69
122 34
79 105
40 99
136 54
122 48
10 160
11 215
82 215
126 37
111 104
127 31
29 246
15 113
15 172
187 178
231 182
149 41
170 68
12 19
191 40
113 81
114 94
213 62
243 39
65 163
175 207
132 247
128 44
186 130
105 110
53 128
241 130
135 147
198 11
56 156
114 229
205 213
115 202
161 238
209 243
187 6
74 117
3 112
100 169
119 200
128 93
94 155
120 93
121 67
102 162
96 128
219 179
211 28
101 13
248 134
162 103
44 186
17 119
234 130
204 57
3 150
44 194
146 191
33 174
162 114
200 123
227 159
35 175
77 57
127 246
229 87
27 171
231 39
224 109
167 192
233 29
126 9
74 146
205 6
170 163
105 61
172 43
214 189
48 180
100 177
26 148
77 176
170 17
12 105
48 42
185 55
69 1
107 117
153 162
65 231
98 101
131 92
124 201
124 142
96 13
38 12
240 185
233 23
115 68
23 169
51 32
24 213
219 105
26 210
210 143
187 65
192 158
220 212
186 88
242 98
109 76
38 241
72 208
140 102
208 170
68 147
47 163
103 197
135 140
85 107
237 2
109 176
15 39
123 161
67 35
227 17
1 221
111 24
94 223
140 242
16 157
242 244
11 241
35 231
22 36
166 84
157 164
177 198
45 72
40 248
181 133
191 191
47 141
208 49
31 52
115 84
85 186
198 243
25 125
124 4
147 123
9 191
134 64
165 187
80 102
63 47
195 223
249 63
2 124
1 15
213 187
99 40
85 141
131 144
45 15
109 46
0 184
235 201
71 172
131 73
165 172
71 62
75 138
92 37
51 24
184 172
174 224
150 236
109 139
42 40
40 220
205 91
102 2
225 33
165 16
123 140
69 39
48 199
125 151
59 216
226 2
55 121
205 200
86 118
124 84
123 225
64 83
104 6
87 208
229 110
79 75
108 235
173 32
244 222
105 142
213 223
38 223
33 24
115 187
72 124
215 137
47 224
159 144
195 164
84 148
74 75
216 218
9 138
166 161
170 129
118 25
52 124
65 205
162 186
41 175
202 25
84 226
106 24
149 181
75 167
193 21
159 156
54 94
231 237
102 136
103 205
183 104
176 116
20 61
97 27
36 147
115 52
46 167
168 61
131 64
163 229
225 45
165 30
4 132
127 222
214 176
212 199
178 36
77 4
93 168
77 65
199 215
215 227
168 114
177 7
147 79
81 11
25 100
230 36
51 117
72 199
205 112
50 147
207 99
23 244
86 202
112 14
246 208
162 27
180 204
126 172
27 240
227 149
70 124
122 183
202 202
80 85
163 84
196 36
149 234
121 46
171 36
185 112
34 120
90 68
207 105
216 21
46 58
247 153
229 238
56 55
131 249
146 111
150 103
158 201
15 231
112 114
0 98
78 229
36 155
147 60
195 197
70 242
54 173
64 112
211 16
70 249
55 77
185 24
159 87
94 98
50 141
216 3
213 172
176 90
120 228
84 133
0 242
173 143
244 124
46 112
221 30
35 145
9 165
18 106
132 245
140 177
225 110
221 134
8 118
58 89
88 148
10 133
7 27
207 58
59 142
246 122
124 203
86 91
215 6
249 32
20 52
203 174
183 6
208 116
243 196
48 236
143 209
124 59
223 71
176 1
61 34
148 71
110 67
89 237
85 28
126 33
206 85
79 241
153 164
65 51
142 79
204 120
92 242
96 52
109 142
225 209
196 102
205 54
181 17
143 5
87 44
16 82
159 232
191 52
76 240
57 47
207 218
18 101
33 189
243 143
205 59
163 176
213 209
104 122
209 245
218 79
247 225
179 66
218 97
98 155
233 191
52 196
144 176
36 51
52 137
144 148
17 28
106 10
245 152
214 244
249 180
241 116
20 59
232 82
104 112
179 201
183 117
117 23
218 205
162 89
96 190
84 65
202 108
228 43
130 90
38 181
145 28
149 9
59 61
172 63
163 91
195 56
90 33
34 196
27 197
157 183
79 44
185 46
74 71
58 205
112 168
50 200
126 165
10 18
186 156
217 50
195 245
144 122
199 175
237 194
248 88
202 74
181 112
190 136
87 16
91 110
147 117
73 54
184 164
15 135
207 214
144 56
243 194
229 55
129 199
61 54
11 109
59 99
73 160
127 20
7 38
238 239
25 246
87 4
39 124
218 44
109 153
62 154
14 13
73 201
97 215
194 70
188 81
172 159
144 75
172 28
170 199
218 163
92 129
99 223
90 159
68 13
233 86
154 14
97 162
131 201
154 102
106 167
179 42
100 246
162 99
64 1
168 185
223 105
87 196
233 8
9 174
139 230
80 143
180 44
219 81
159 41
88 39
226 184
67 169
156 126
111 87
137 237
136 152
220 53
69 172
174 35
84 109
150 153
178 226
242 198
137 170
80 21
57 241
137 140
19 77
6 2
85 70
62 67
224 69
231 213
119 99
36 112
105 219
115 15
24 114
229 191
207 146
188 105
76 136
239 179
195 44
20 213
201 38
11 223
192 56
100 116
151 76
57 41
126 136
192 213
129 148
224 198
116 144
43 166
190 196
28 83
7 145
146 202
28 225
235 32
193 10
105 241
180 194
54 24
208 4
226 74
19 161
29 235
195 225
38 197
31 232
44 121
166 206
202 126
54 43
235 171
39 88
10 115
77 222
42 10
238 230
222 34
192 98
77 94
101 119
168 149
75 111
61 40
242 187
116 134
193 157
237 52
11 15
42 112
101 24
70 74
0 141
164 186
117 41
187 224
34 137
135 165
34 164
78 193
205 77
179 73
164 235
64 124
211 65
168 68
170 12
198 163
240 71
148 174
171 86
195 207
180 123
89 88
189 187
167 136
41 138
158 154
48 192
15 155
211 127
95 41
202 225
201 96
250 108
37 245
198 170
104 35
134 224
205 69
175 100
82 197
76 184
196 177
110 60
171 250
246 228
144 49
175 12
193 173
222 217
19 98
154 122
78 120
51 74
8 227
96 63
3 148
11 65
128 55
56 37
224 6
45 5
239 1
18 5
136 208
132 124
238 228
250 110
154 49
175 114
151 198
0 161
69 222
46 222
167 101
87 204
166 247
219 242
27 168
201 188
90 191
3 235
4 6
104 44
184 71
69 95
62 223
181 245
200 137
79 185
12 61
177 108
11 56
249 224
223 230
106 80
248 38
232 91
39 106
210 226
210 178
141 225
174 160
140 198
218 247
212 6
78 156
156 97
246 176
19 114
44 28
118 156
69 53
231 167
97 194
7 87
163 187
200 51
204 201
239 38
237 241
230 127
0 172
48 243
73 186
74 159
53 31
3 57
108 132
117 115
137 44
182 118
91 183
242 239
154 21
108 147
151 8
189 198
169 179
188 75
120 206
15 137
151 46
156 220
132 122
38 137
197 191
240 6
75 0
106 234
226 127
82 123
164 143
132 29
42 245
175 247
60 119
228 179
237 96
236 233
73 226
28 175
10 128
207 90
10 74
23 17
60 24
11 164
172 100
55 108
110 248
13 184
60 133
226 239
204 116
42 160
231 150
30 142
200 42
4 242
210 238
122 45
146 22
154 231
219 142
76 231
218 233
172 196
182 81
18 1
193 60
230 136
209 228
82 59
186 120
249 240
230 161
71 115
249 203
124 153
34 249
113 193
38 162
22 123
83 241
194 28
127 1
154 243
247 157
167 156
137 192
21 229
227 205
132 240
87 47
146 63
162 40
145 36
62 218
24 194
160 207
229 97
130 10
209 250
20 153
10 158
160 107
128 41
26 7
207 159
143 247
181 177
80 243
150 176
186 0
61 191
186 90
2 139
118 101
225 86
226 12
30 166
126 3
99 50
21 20
216 136
134 12
172 129
20 163
156 12
224 9
37 101
9 36
183 144
108 2
7 141
70 49
153 147
88 189
179 217
206 120
142 55
177 101
87 246
64 134
177 129
202 42
232 118
18 50
244 236
94 85
234 132
212 213
120 226
82 244
131 101
242 30
161 21
73 151
56 82
117 117
201 156
54 102
32 130
95 83
61 246
36 16
227 15
215 196
161 116
70 170
246 18
235 24
239 143
107 70
95 116
97 144
59 10
205 239
247 199
119 79
84 139
156 25
140 56
86 139
200 121
23 101
161 132
143 65
139 250
228 207
45 129
229 205
19 201
69 230
55 243
103 116
174 39
44 90
238 14
39 179
77 127
205 219
163 95
43 205
169 46
64 20
154 156
165 75
110 190
127 206
249 229
187 200
233 105
241 128
93 180
26 1
144 196
180 189
178 44
240 221
87 161
14 148
54 166
224 120
192 217
51 175
68 199
60 114
171 102
49 247
36 246
64 234
120 85
244 217
129 168
98 90
33 105
43 136
94 22
104 137
32 2
143 15
146 178
67 239
25 185
235 44
45 230
171 5
111 141
250 53
83 190
166 108
41 35
179 136
207 109
85 179
129 12
40 95
186 83
26 11
127 233
75 163
142 36
108 233
179 242
42 37
144 228
215 61
109 172
45 88
192 58
70 64
28 223
247 151
218 147
107 245
18 58
33 73
183 4
236 94
208 178
26 90
189 57
248 49
161 84
128 185
69 158
137 92
10 95
161 243
38 10
81 50
117 78
11 20
224 165
250 88
69 179
159 57
145 222
225 94
30 78
216 153
77 7
188 87
40 40
52 174
103 67
245 146
229 141
10 93
120 175
89 73
17 167
140 153
83 4
191 177
23 65
205 241
210 109
80 76
42 12
110 49
59 70
222 228
6 113
100 199
71 35
132 76
178 2
37 182
44 245
4 63
110 155
182 203
243 56
187 8
231 30
28 91
120 14
119 187
25 217
13 240
189 68
28 89
3 2
135 32
98 148
151 85
239 163
130 68
226 192
9 205
229 229
198 106
162 153
9 210
231 148
21 9
182 231
128 146
204 197
95 183
184 151
95 103
44 207
85 182
109 202
94 122
79 49
107 102
65 72
212 128
217 92
131 194
181 191
144 165
75 130
78 13
39 229
54 158
65 243
33 180
121 191
122 130
111 32
204 147
18 128
179 171
88 45
5 183
147 245
33 107
191 149
190 144
86 31
136 77
152 189
44 30
23 238
177 57
88 63
27 117
59 192
209 188
189 215
17 209
88 233
48 34
153 32
90 189
123 63
103 96
211 247
195 134
81 19
204 108
80 214
144 87
242 165
99 208
176 219
106 247
210 249
243 46
123 116
141 133
40 240
90 174
154 208
139 202
150 111
233 62
111 62
16 129
97 12
175 231
81 168
101 57
209 247
69 100
93 7
80 187
187 116
18 15
104 157
206 202
211 53
73 129
134 166
139 186
22 179
62 106
22 49
239 104
66 7
60 15
166 217
185 171
6 118
167 65
87 74
77 178
86 62
14 140
237 175
248 235
123 185
49 77
207 229
167 29
178 164
6 220
131 84
200 194
20 151
198 221
102 71
176 123
85 76
42 126
198 200
36 140
125 211
39 174
14 33
216 179
39 47
94 178
32 79
15 105
29 99
11 179
131 187
136 247
183 190
105 117
59 177
204 88
73 90
145 168
179 229
20 2
62 185
250 43
236 15
9 19
151 210
231 196
187 154
152 122
222 13
87 98
58 169
83 181
133 27
243 86
25 18
99 136
174 155
200 164
76 105
114 118
248 106
86 168
51 149
138 232
195 145
180 230
177 43
111 30
72 99
170 203
135 232
129 157
110 222
74 133
96 169
79 62
177 245
206 8
64 193
164 146
240 99
152 128
115 73
62 49
112 197
135 36
9 71
27 27
34 102
122 25
62 167
219 148
46 95
100 65
64 32
47 246
68 249
60 107
157 72
92 2
240 86
129 129
85 24
8 188
236 59
116 245
9 169
111 196
135 142
221 96
171 158
209 122
43 61
169 37
199 207
91 170
246 124
87 234
243 49
228 74
5 67
222 235
54 201
18 196
75 95
216 8
217 173
104 168
181 157
153 181
33 226
242 28
123 87
66 5
245 248
151 185
215 143
117 150
233 45
9 240
134 196
177 230
200 127
218 59
124 231
133 217
44 52
114 101
30 210
64 146
227 244
191 11
52 92
170 56
39 235
74 165
134 172
105 102
76 53
150 102
54 160
173 184
158 247
199 80
187 46
152 169
106 196
4 196
213 204
181 150
167 80
176 48
74 197
199 20
44 17
133 152
28 128
242 78
216 12
56 117
59 235
205 37
16 165
66 23
78 217
158 40
135 55
4 17
139 98
47 78
160 135
137 165
117 14
159 138
165 118
199 1
212 33
245 157
58 94
227 217
152 34
177 31
169 32
118 197
175 14
227 132
234 153
150 90
165 137
32 230
48 211
46 148
166 39
67 9
159 199
18 30
152 203
127 22
242 58
204 164
174 108
127 134
213 241
17 66
95 74
56 147
197 119
64 107
109 219
194 57
102 0
64 199
224 52
179 87
238 219
121 12
2 92
40 9
95 97
79 200
94 149
51 164
103 29
106 193
232 97
151 250
123 12
111 53
105 22
133 179
203 18
91 83
187 180
83 72
157 142
161 45
138 40
34 194
89 197
102 131
99 237
153 73
120 69
24 168
98 60
52 188
5 15
204 30
192 241
114 222
210 47
158 210
117 219
116 70
39 144
32 48
200 53
135 7
108 101
213 126
2 223
58 122
61 244
172 70
89 229
7 206
135 218
241 152
74 5
58 139
8 201
95 201
153 237
158 36
56 27
112 130
244 175
119 123
123 138
33 21
127 88
125 64
189 150
237 245
104 79
78 215
138 11
212 76
73 175
175 62
122 144
191 239
175 102
243 80
70 105
7 150
154 16
79 30
47 156
55 98
202 47
188 152
155 23
193 104
39 108
241 32
167 210
174 59
113 53
104 10
166 177
57 29
6 64
188 15
119 149
109 112
185 20
53 197
106 51
49 104
74 58
250 250
144 110
75 221
244 48
165 120
106 211
127 12
43 122
22 139
42 104
219 191
245 5
2 192
54 187
151 80
214 47
139 16
174 205
115 41
220 170
209 26
28 23
186 114
87 191
48 169
106 119
186 72
84 245
45 210
126 93
54 15
78 15
40 128
158 38
214 248
66 224
212 162
108 140
195 155
196 208
87 141
145 244
62 124
146 12
127 189
65 47
43 140
34 217
5 127
73 101
131 118
151 146
60 176
190 217
71 155
125 141
75 119
223 156
8 238
148 158
99 188
149 248
213 237
10 13
99 76
189 76
62 152
149 134
8 78
235 109
218 108
245 84
198 104
46 186
4 231
172 55
121 121
171 184
76 245
238 190
223 122
122 154
112 6
118 85
202 209
154 34
233 43
136 100
25 77
67 137
248 198
167 86
225 114
75 191
127 119
127 250
199 29
135 87
67 71
139 61
165 20
53 181
201 76
14 73
106 122
138 248
63 102
221 48
64 114
181 36
243 158
86 78
217 83
15 118
168 129
111 185
158 46
159 187
66 28
173 8
246 168
238 76
57 187
159 133
224 128
203 63
13 154
222 247
240 219
171 175
177 187
207 137
189 30
242 12
35 204
241 112
231 79
142 201
51 66
214 219
76 186
207 60
22 127
21 44
245 196
142 242
167 178
234 134
55 71
238 105
236 146
243 24
191 111
138 83
186 96
219 156
26 212
82 45
232 27
211 26
212 4
68 40
189 62
16 145
153 60
249 247
72 184
181 80
141 77
73 145
90 57
199 190
217 69
137 42
129 140
209 65
186 64
46 90
3 211
103 43
189 201
203 162
29 193
74 153
71 16
167 164
188 53
136 159
141 202
226 224
14 127
221 155
170 48
11 230
115 54
227 113
39 115
43 110
107 230
186 122
56 94
150 207
171 93
129 107
189 2
110 162
118 135
5 87
195 174
6 161
116 105
92 193
229 7
224 22
80 119
14 87
141 249
129 88
29 135
184 176
0 248
77 31
180 187
55 220
171 133
103 183
166 13
14 68
207 220
243 240
161 0
225 63
211 235
81 106
63 89
185 199
91 237
70 24
56 233
221 195
115 23
38 227
204 170
60 56
246 131
87 226
11 174
119 60
107 72
36 93
245 103
72 219
179 26
66 44
120 53
58 5
63 214
230 56
135 79
46 202
145 99
22 8
119 58
232 6
229 246
39 194
242 161
34 113
245 11
155 83
125 7
127 73
19 113
200 232
80 145
153 52
196 100
205 207
113 61
81 62
230 93
35 65
85 204
28 182
85 131
197 77
180 119
224 27
168 139
155 199
250 131
230 116
139 120
219 127
218 90
88 133
204 138
88 155
174 201
2 158
22 80
195 228
229 14
146 157
208 176
165 61
146 102
81 100
48 22
108 231
186 182
46 17
21 234
35 61
16 220
175 32
233 237
132 111
81 136
166 239
70 207
227 122
21 67
184 183
125 17
214 44
93 221
180 127
137 136
33 215
108 162
92 133
123 132
61 186
53 88
104 92
205 223
91 125
150 58
170 104
13 5
41 116
146 233
216 212
95 153
226 124
69 142
19 27
128 164
132 117
46 84
2 81
151 105
113 112
16 191
57 108
141 44
90 241
127 91
50 156
193 150
9 26
127 71
130 165
199 60
246 133
242 63
9 186
61 98
92 63
192 102
154 11
85 176
20 203
130 235
161 220
40 152
20 45
208 158
194 128
226 202
9 151
5 190
107 186
186 205
58 28
118 205
179 57
139 71
7 67
174 79
229 66
228 102
160 231
163 6
163 200
31 17
250 68
40 192
234 102
96 4
183 36
19 234
141 158
116 90
106 67
71 71
236 136
64 172
213 228
183 209
99 93
45 145
125 87
118 232
93 24
164 157
16 193
242 40
125 202
244 139
153 142
139 31
25 45
12 206
175 166
191 2
146 81
245 127
47 11
113 88
56 160
12 148
162 148
92 76
55 247
240 169
29 28
216 233
59 227
183 133
47 132
24 211
168 214
135 93
102 223
78 51
19 220
186 168
164 67
244 181
173 41
40 147
86 184
243 71
191 61
233 64
39 250
202 157
94 60
187 14
72 48
198 185
107 148
81 9
135 192
39 82
103 201
35 192
87 66
0 28
229 227
84 86
29 189
225 135
135 185
12 234
88 3
24 75
5 177
52 15
168 145
175 179
199 16
42 212
132 37
229 9
96 216
241 83
146 188
226 100
177 103
182 115
201 217
35 46
3 14
232 244
124 26
3 190
17 49
103 45
12 52
35 25
166 157
188 107
156 158
183 92
239 210
191 138
154 90
235 90
97 233
161 218
92 162
89 0
112 37
14 245
185 87
159 80
20 174
113 171
137 180
140 48
225 59
68 214
156 10
200 73
227 111
171 131
24 160
1 96
59 194
210 67
176 197
108 166
180 51
121 210
14 120
157 246
167 44
102 192
193 23
30 148
232 158
118 34
165 71
21 84
38 75
36 172
76 123
174 158
9 246
31 222
238 140
144 114
162 67
173 190
74 232
26 170
13 211
186 94
88 178
117 142
131 130
150 62
161 57
74 65
139 234
184 213
103 217
148 214
78 41
221 39
106 6
217 77
52 20
13 21
2 234
136 227
82 225
248 216
157 109
130 185
200 3
186 197
70 69
25 244
160 182
130 211
65 145
33 152
126 221
138 144
242 134
54 136
196 150
227 219
174 239
87 135
219 49
104 72
161 165
25 0
112 149
32 150
222 249
131 2
239 217
225 211
124 176
131 205
224 234
15 72
138 187
68 133
185 108
165 5
216 59
68 153
6 143
127 239
221 19
108 119
43 161
231 239
245 116
156 93
139 193
0 80
36 14
216 162
48 62
24 227
54 138
0 78
26 58
244 249
153 136
215 246
30 236
83 28
21 161
185 48
224 146
190 110
100 229
149 209
179 4
220 95
166 98
103 238
104 210
62 76
18 156
207 77
3 12
246 139
28 57
149 27
178 104
202 65
215 73
137 30
153 77
231 110
32 171
249 10
229 132
47 108
170 115
55 153
61 14
67 63
224 143
209 214
189 124
208 29
127 228
106 232
97 153
164 151
64 58
112 239
131 243
127 128
2 35
232 126
193 121
236 131
195 202
196 95
112 228
12 217
204 71
143 90
191 127
22 231
101 195
234 21
27 30
172 221
25 131
168 231
78 182
250 219
96 173
31 132
46 237
154 177
15 233
142 192
152 104
246 197
134 66
77 207
155 124
51 51
28 36
109 184
70 164
149 54
40 154
161 87
17 23
6 122
100 165
128 136
199 32
227 247
152 228
16 88
29 50
114 192
105 46
221 159
105 159
188 110
129 57
184 80
198 51
203 13
230 48
41 54
221 84
106 213
205 18
157 11
192 204
193 41
116 124
112 128
3 0
196 122
178 0
59 93
91 26
35 4
214 20
211 205
190 87
248 104
78 95
163 60
21 243
177 96
76 83
201 10
119 249
234 68
62 103
199 241
13 164
138 152
148 237
23 19
83 39
92 175
81 209
80 231
228 70
189 40
76 202
184 0
68 67
12 17
204 154
95 92
165 96
40 67
228 221
30 9
151 214
196 12
147 128
215 106
192 84
54 234
148 36
46 33
126 223
99 58
35 42
39 138
153 212
242 14
93 51
16 177
196 71
16 195
38 82
125 66
194 94
50 114
76 215
69 85
174 82
9 30
63 0
138 27
193 1
20 11
139 206
195 78
187 63
137 49
232 15
159 117
127 65
103 164
192 116
107 12
196 243
125 161
120 212
50 234
3 51
182 54
195 139
100 175
131 51
95 90
132 44
170 148
16 246
219 115
123 152
178 180
169 246
51 143
200 58
85 200
120 193
3 134
146 143
187 91
166 134
204 102
216 66
174 64
239 52
130 111
62 31
122 234
22 6
6 43
115 224
13 182
77 125
63 192
219 117
130 229
146 137
173 230
98 242
122 125
135 236
161 80
197 32
178 126
89 223
29 68
184 135
176 138
171 117
141 223
98 84
148 226
97 207
5 26
92 55
243 90
226 198
154 99
157 2
219 54
49 209
108 223
10 25
13 99
136 134
82 138
237 232
102 117
225 35
26 150
176 17
225 61
13 242
123 31
127 148
94 212
237 48
70 45
51 54
118 69
141 181
181 57
107 124
22 227
146 86
115 162
117 148
32 202
103 94
222 139
212 119
66 133
212 92
227 213
225 76
61 220
100 52
163 13
28 114
138 59
109 234
214 152
75 63
183 166
67 89
69 155
9 236
208 129
107 178
249 161
159 164
220 62
240 34
151 23
217 140
163 33
172 202
152 58
125 115
185 143
68 212
40 218
145 69
24 39
69 190
102 138
197 113
186 244
6 80
63 122
70 122
7 44
187 124
124 169
5 214
15 84
197 5
211 101
79 16
32 116
168 190
246 71
23 234
163 239
82 236
225 237
42 142
189 47
62 202
34 213
95 95
188 144
142 152
16 21
92 142
249 114
87 115
195 20
81 176
125 72
31 28
155 138
184 102
57 87
92 29
145 170
43 53
209 53
36 27
182 214
121 51
44 229
190 170
245 91
243 4
75 29
83 10
237 209
16 19
242 140
228 29
64 120
157 62
173 88
165 164
98 169
175 68
221 21
105 178
87 76
200 203
171 216
43 65
125 123
59 20
66 73
16 179
143 213
132 49
79 173
235 206
8 161
155 190
146 96
218 203
146 152
87 210
148 96
69 140
142 156
105 249
154 150
108 53
17 35
127 158
220 91
183 84
43 189
34 247
87 11
53 242
249 142
198 136
36 78
139 116
111 90
37 170
3 218
76 25
223 176
34 86
131 149
103 41
103 179
147 7
244 64
87 153
140 68
25 70
37 133
29 223
108 180
21 170
45 191
94 137
145 186
8 114
74 49
160 18
60 95
247 1
225 41
232 32
196 52
190 14
185 22
54 125
223 207
216 23
189 23
50 71
148 153
45 123
28 14
76 100
111 214
206 184
150 118
54 68
240 199
193 245
181 66
69 201
33 30
2 175
91 36
67 158
128 150
109 72
185 229
114 136
171 179
140 218
155 194
80 45
71 201
166 129
61 111
116 185
41 83
240 197
79 10
147 94
210 155
234 136
103 101
163 210
202 119
182 120
85 202
211 57
217 223
25 102
25 66
55 26
11 70
215 188
237 179
158 241
22 26
228 157
164 136
42 76
178 140
52 177
23 200
244 141
89 211
172 225
101 85
169 239
32 58
87 249
200 55
44 232
168 54
150 96
95 70
133 72
137 20
218 166
248 208
176 127
182 226
52 222
214 217
214 142
15 103
49 241
87 232
222 37
95 7
30 122
238 158
43 119
248 34
44 77
105 36
162 227
69 16
59 40
248 212
203 248
80 147
41 43
124 250
81 108
140 52
221 150
206 46
152 248
194 201
119 111
9 21
211 10
238 54
197 65
192 39
207 207
145 218
43 179
132 138
94 190
97 105
138 132
168 137
228 41
21 249
94 56
14 45
6 77
78 67
29 177
13 144
90 155
223 181
33 103
154 65
161 187
209 147
237 83
50 33
149 205
240 120
199 181
101 40
44 223
75 39
115 160
228 162
35 100
156 242
49 89
236 11
27 218
39 22
127 39
30 57
232 226
98 138
221 185
61 162
71 191
95 241
109 174
98 166
2 23
174 28
44 159
156 1
213 69
154 216
214 184
65 191
20 36
233 240
26 138
8 160
244 131
19 243
73 1
160 68
199 192
144 152
158 192
87 164
72 146
56 151
127 107
63 211
198 183
75 113
197 146
5 74
70 166
231 156
148 11
246 231
69 55
136 206
244 93
177 13
44 6
166 35
101 170
65 178
7 221
220 27
121 177
54 85
185 160
210 41
74 244
39 84
7 51
133 168
141 129
87 89
7 170
234 83
156 117
161 180
2 141
240 161
181 21
57 238
145 206
208 187
201 133
3 165
152 68
185 75
21 87
39 5
21 110
46 50
19 154
54 36
177 195
161 125
20 93
96 148
93 17
212 103
195 192
229 18
62 56
56 52
222 170
240 44
58 210
213 132
52 194
61 65
148 201
21 82
201 215
215 237
159 183
171 164
166 45
179 238
145 20
41 155
179 15
66 139
52 13
122 18
132 186
7 102
1 180
239 92
199 112
106 133
117 227
41 229
210 7
233 52
103 228
188 0
139 7
122 246
121 139
137 148
40 97
113 233
200 152
171 169
229 39
27 176
126 125
157 83
193 234
243 203
56 226
83 2
40 118
88 128
48 9
189 211
105 4
139 161
4 192
131 113
205 195
72 88
16 120
200 141
112 58
120 238
99 140
4 22
45 38
210 115
46 42
12 193
136 5
234 244
133 3
241 235
203 69
247 95
92 112
247 85
68 84
84 114
146 71
9 215
106 63
75 45
161 64
1 205
107 8
34 170
2 168
152 64
11 142
92 160
135 108
98 99
242 237
94 89
5 51
141 117
62 120
51 121
158 18
138 112
86 109
35 15
169 21
166 90
216 45
103 14
144 80
230 84
222 76
80 162
194 230
55 245
27 41
149 23
119 163
201 230
70 144
155 146
191 163
117 146
218 198
60 109
142 92
40 227
231 87
68 238
110 2
238 145
207 27
97 192
163 17
152 91
145 112
70 107
34 10
101 44
49 117
244 179
114 48
37 208
72 64
249 188
90 2
239 208
179 143
250 94
181 232
238 29
51 228
28 105
242 34
184 31
0 153
180 159
159 216
233 147
139 106
184 198
154 168
146 133
162 214
197 219
99 122
174 116
248 2
145 104
73 9
61 96
238 119
60 149
89 191
186 70
1 218
239 21
56 172
140 11
240 122
122 118
198 229
214 135
231 209
77 227
191 235
241 246
237 202
208 35
86 57
238 157
16 215
93 70
93 159
240 243
190 226
117 27
216 85
166 220
184 61
129 213
52 5
230 180
151 193
79 34
113 135
205 101
176 170
99 231
1 37
44 106
143 158
243 22
39 166
13 15
171 66
11 85
100 118
208 193
91 16
107 138
158 52
160 150
40 2
88 231
35 56
84 38
157 135
232 250
58 83
15 143
40 76
94 72
9 44
126 50
157 8
22 205
1 112
75 91
65 181
2 231
174 141
223 8
162 35
63 97
159 53
207 144
121 174
183 233
180 181
223 26
221 191
87 29
189 241
94 128
37 167
118 245
38 192
166 47
166 154
9 14
59 179
29 162
246 236
34 239
172 156
100 126
249 148
99 206
193 48
172 80
154 45
65 137
211 97
32 51
128 59
151 4
26 224
164 240
183 170
237 139
33 38
167 187
111 243
146 139
125 82
145 231
18 93
249 178
10 77
55 197
141 20
153 132
131 169
36 127
34 140
174 111
29 120
196 69
248 150
24 148
195 9
230 232
70 31
190 172
170 213
81 43
143 170
209 165
145 184
220 98
92 140
78 17
0 122
34 44
73 14
233 218
122 248
147 150
108 92
19 186
97 33
101 129
208 131
210 125
220 1
187 138
63 164
104 188
140 244
112 210
243 110
219 140
40 136
98 176
184 68
187 128
195 185
176 168
236 204
183 246
134 105
243 213
179 129
12 45
164 90
156 91
71 180
70 51
202 89
46 76
1 31
225 92
2 53
174 84
90 225
92 86
37 94
53 1
144 242
223 137
141 220
249 175
130 82
65 111
236 57
161 96
207 212
220 120
209 77
18 60
205 140
228 48
177 228
2 225
209 21
202 231
246 211
72 205
83 22
185 9
240 171
99 125
233 232
52 151
36 181
234 54
72 11
68 120
82 140
173 216
240 13
105 94
22 203
223 111
221 201
153 86
103 221
242 242
130 163
27 191
44 32
15 77
58 204
247 189
196 58
157 156
30 140
21 78
129 221
7 36
70 157
82 99
71 237
144 191
2 209
207 11
85 81
226 226
20 172
237 212
161 177
159 43
92 23
3 246
93 205
66 213
228 81
79 4
55 115
29 152
187 2
0 55
175 50
24 55
221 144
121 242
190 140
209 236
144 232
149 33
69 228
60 196
131 176
55 213
130 80
127 5
213 114
203 180
42 219
48 178
128 172
42 153
101 207
53 165
64 76
6 227
249 12
167 194
158 230
18 44
145 119
174 90
204 166
175 55
96 0
27 87
248 22
55 57
176 214
114 69
201 84
97 146
195 74
76 107
228 173
81 79
138 176
172 82
118 92
8 56
139 137
218 227
66 93
108 95
224 74
60 5
241 209
32 147
21 38
221 239
71 2
230 222
113 159
233 14
28 158
235 186
3 8
16 152
138 94
155 110
231 99
207 38
14 229
168 63
204 176
168 201
57 227
47 229
157 195
76 8
158 185
84 119
46 182
47 46
227 87
134 247
95 188
55 17
101 63
83 53
225 16
67 149
242 10
212 173
102 105
1 166
157 87
73 216
138 53
193 31
137 62
23 105
171 236
174 37
30 134
103 110
212 160
159 109
15 70
135 34
145 226
107 22
79 39
115 98
193 18
2 202
224 37
164 223
222 80
134 22
190 24
92 185
247 33
163 69
90 112
117 154
113 178
221 63
162 19
58 0
175 235
137 126
210 43
23 246
24 109
156 235
150 129
109 224
175 118
50 75
19 0
42 0
208 156
10 136
130 15
50 49
100 161
15 201
184 50
54 156
74 213
172 124
219 125
29 62
149 38
238 164
71 73
82 91
235 165
30 151
215 216
109 105
173 188
59 35
189 182
233 209
136 155
74 105
199 128
154 227
51 214
2 196
206 233
66 127
6 13
43 74
66 20
55 211
111 218
191 156
217 17
43 46
180 222
94 19
114 35
228 201
80 134
213 27
184 241
143 31
172 74
173 19
20 248
242 163
19 111
171 207
79 190
31 4
137 226
168 110
176 209
155 101
9 88
117 74
85 93
233 195
41 68
245 97
92 228
144 92
87 224
132 206
149 151
111 159
169 6
22 220
12 94
180 55
92 248
2 121
53 220
148 110
190 35
85 225
210 93
133 136
112 42
11 211
242 233
147 2
9 104
145 220
57 198
157 224
81 174
4 101
131 212
12 248
99 157
189 64
191 237
14 94
82 213
159 121
246 61
112 152
169 23
143 129
48 221
41 210
195 124
184 247
140 83
108 145
83 201
214 206
163 121
100 221
245 72
99 9
96 155
204 208
24 9
132 22
237 0
167 20
4 244
135 226
111 76
196 175
72 214
236 129
143 20
41 217
105 221
115 216
167 120
47 56
119 161
76 37
114 129
8 134
218 8
72 246
135 214
102 168
217 154
84 123
196 196
248 84
86 154
80 83
126 216
40 130
35 107
74 18
14 194
95 157
246 16
222 52
68 51
128 166
130 196
22 30
74 28
175 143
203 187
30 72
27 34
187 191
208 6
247 187
210 75
183 152
68 167
64 7
166 94
92 148
151 50
194 166
234 178
234 249
232 176
148 81
249 82
195 149
58 137
225 98
243 112
65 148
98 221
102 80
215 97
13 2
19 124
188 59
179 35
28 10
18 138
44 219
154 204
33 184
29 212
143 134
78 148
28 124
105 190
155 161
10 238
99 248
68 21
27 144
141 42
45 147
33 90
27 245
38 152
195 92
75 228
42 67
48 234
148 101
103 148
245 3
123 28
249 120
185 132
116 39
100 49
163 82
210 72
179 177
231 248
236 157
18 216
189 26
161 225
2 239
111 143
44 250
2 117
78 144
169 4
230 61
217 156
200 226
207 195
158 128
179 71
241 109
234 27
188 34
54 10
159 172
117 108
122 75
116 17
57 171
22 61
183 142
154 241
172 148
207 248
97 217
98 10
161 9
223 113
96 226
62 240
9 124
170 113
103 4
168 238
125 107
10 113
108 88
150 22
233 31
186 44
172 198
239 74
174 23
78 197
217 42
184 121
64 27
11 38
6 23
161 49
126 54
109 28
158 107
28 12
185 104
140 73
191 19
57 61
110 95
164 208
144 238
158 168
70 132
183 108
91 204
28 137
137 33
217 226
63 84
240 77
187 161
165 155
151 243
242 108
114 174
208 94
33 56
42 27
20 28
39 188
155 134
187 207
218 239
93 230
82 78
164 114
130 150
44 23
163 106
99 233
64 225
175 5
236 72
142 60
121 123
245 20
187 39
59 214
212 67
131 203
7 47
83 243
93 166
83 169
135 62
41 29
27 184
74 125
16 46
149 220
19 132
210 186
140 248
40 242
63 12
112 213
134 68
153 166
92 10
100 159
54 96
177 212
5 186
145 132
230 176
220 210
9 122
13 180
173 21
248 43
44 240
111 154
196 117
211 82
0 151
228 53
113 71
15 203
32 114
90 172
64 45
29 144
138 178
229 106
190 232
74 60
105 64
107 86
62 60
27 250
128 220
248 169
68 23
58 148
142 12
59 97
120 164
101 67
144 150
210 166
113 68
95 29
229 186
250 201
79 28
109 149
114 96
108 241
144 207
70 78
160 205
27 135
173 222
229 115
145 190
115 241
217 104
149 7
124 53
34 22
23 88
79 132
131 157
164 171
230 24
146 145
11 124
82 105
65 80
37 243
218 24
204 4
215 241
48 127
188 96
52 182
208 103
3 106
81 185
113 219
96 19
164 189
54 189
226 29
91 8
9 154
18 3
66 189
13 43
227 171
93 198
120 217
59 129
88 96
132 184
130 49
97 244
155 76
100 201
19 87
7 168
6 184
44 59
186 92
216 14
162 231
158 220
197 75
14 53
131 23
168 90
128 3
165 43
14 247
27 65
157 193
31 192
193 26
72 82
85 209
78 82
59 14
25 88
203 41
134 42
212 144
89 146
215 210
195 112
3 49
106 104
233 78
234 123
55 168
18 81
220 222
95 79
163 197
228 188
141 106
3 181
22 172
53 6
197 248
172 65
87 219
127 60
128 241
118 171
129 188
135 119
100 243
222 213
111 183
78 89
157 79
58 22
127 76
117 50
228 45
143 28
78 136
130 76
229 148
169 152
77 27
148 49
70 14
50 20
41 93
80 51
75 67
169 2
15 55
178 106
220 115
181 128
149 246
111 171
103 16
9 108
23 190
57 183
109 182
143 219
215 86
87 130
205 98
69 236
177 133
219 225
140 63
42 59
21 176
191 13
230 101
91 70
152 28
48 40
171 222
141 185
57 135
199 132
105 100
5 78
211 78
245 205
19 119
75 233
59 237
93 84
205 217
76 110
53 144
165 81
124 209
180 226
81 200
144 54
132 163
4 152
128 160
238 135
56 106
89 53
163 212
215 93
39 160
32 198
24 205
56 206
20 43
184 215
250 105
112 95
163 88
23 125
45 136
15 183
156 45
168 227
194 213
17 78
125 243
188 17
238 181
36 76
175 250
164 54
98 8
171 41
143 211
2 6
217 40
120 8
130 13
2 229
243 147
51 208
122 181
83 158
145 30
90 217
49 245
238 100
241 64
13 55
0 51
41 237
45 118
172 109
108 122
37 34
153 88
2 39
149 184
165 221
152 226
30 48
46 213
11 199
121 185
240 11
97 94
60 144
24 145
19 208
242 202
52 110
160 47
102 92
82 113
166 67
105 192
224 196
166 2
173 179
100 114
133 33
138 208
182 189
197 83
43 191
108 24
20 138
81 153
82 163
68 183
3 73
219 188
28 160
38 77
17 234
214 37
167 151
81 71
125 230
243 183
134 151
95 36
163 172
139 157
32 250
183 34
47 89
11 232
150 107
61 42
101 54
101 81
75 208
95 135
78 124
83 127
135 180
213 117
143 198
73 40
163 80
193 62
74 184
66 109
88 247
179 30
8 143
148 164
248 72
245 56
57 231
6 188
152 208
12 113
118 175
178 193
200 166
170 209
55 88
95 27
38 140
135 3
116 204
195 114
50 206
127 177
248 220
93 46
9 54
79 209
218 63
60 44
71 128
108 66
45 196
3 98
226 175
206 75
230 250
80 0
184 53
240 24
41 45
202 53
93 82
92 206
11 63
222 55
193 178
52 216
11 126
19 66
227 126
203 92
31 94
87 113
203 90
173 127
161 196
34 28
133 7
125 112
25 172
41 98
147 40
194 0
18 75
246 221
85 220
199 18
215 80
172 59
5 0
218 35
71 86
108 42
209 73
163 184
65 152
24 158
90 138
12 12
190 209
167 26
211 133
193 8
3 30
14 4
169 170
14 225
203 146
175 134
141 9
78 108
171 53
27 19
139 163
89 17
61 113
20 218
176 205
213 83
217 65
200 85
236 70
123 106
113 34
3 83
235 42
168 229
188 213
74 34
209 206
64 139
23 132
52 80
31 180
188 32
68 151
215 134
25 179
243 145
10 62
200 177
0 188
208 135
213 150
56 86
0 224
99 173
82 194
80 160
209 126
91 34
106 38
111 21
73 20
62 2
121 201
32 111
45 19
61 172
39 55
27 231
87 103
142 74
183 150
120 198
230 70
33 95
57 45
51 226
49 132
0 129
189 238
73 115
43 82
121 189
113 143
200 169
65 88
60 81
88 165
101 213
47 69
11 36
78 32
134 14
18 151
199 145
99 203
201 19
195 76
49 83
124 220
134 134
114 0
38 214
200 237
50 160
238 123
241 66
0 203
49 191
64 244
76 75
5 137
177 135
112 106
124 96
240 58
180 63
246 28
224 67
61 79
115 66
32 9
172 90
144 63
20 144
110 17
67 96
237 200
239 213
9 98
139 118
213 55
137 193
159 219
99 45
222 69
134 5
128 155
145 41
137 18
191 142
21 104
94 236
187 142
220 29
244 150
89 56
111 80
128 95
219 158
80 202
122 227
64 249
167 96
203 159
235 37
68 178
134 240
166 122
123 235
200 143
87 27
20 31
54 205
164 28
168 220
247 62
37 22
148 115
51 104
23 184
218 244
7 99
154 179
84 150
137 119
80 198
106 215
235 219
162 248
32 182
131 4
165 0
95 180
212 43
109 8
81 207
183 161
109 229
64 216
34 126
106 209
38 69
66 217
134 138
221 181
11 168
63 227
75 171
97 180
204 67
33 12
209 222
200 131
105 15
197 47
239 134
239 67
234 59
127 7
65 9
191 26
162 142
146 159
222 1
21 70
8 247
175 222
245 86
23 146
190 99
196 110
158 105
131 7
248 242
110 150
232 84
250 49
237 74
247 74
196 246
76 243
38 168
152 241
153 124
221 183
110 74
134 129
36 86
74 82
145 129
102 22
223 171
60 22
115 167
230 146
194 215
131 128
149 222
179 23
157 99
27 97
79 114
249 135
190 131
171 230
130 86
49 158
61 209
94 49
72 243
61 143
21 18
118 103
157 162
213 39
204 111
197 111
47 125
169 92
130 94
182 40
94 217
123 167
25 238
229 214
134 228
189 249
42 134
118 5
102 89
40 58
205 234
131 174
151 100
246 64
96 117
116 25
243 117
6 45
222 132
9 212
211 14
46 116
50 171
41 122
146 197
210 196
118 248
191 171
214 76
243 177
4 76
141 162
5 129
29 56
54 191
248 125
54 48
94 196
113 176
32 158
120 29
115 234
14 205
152 176
168 168
60 174
75 135
41 65
33 203
35 190
55 113
194 88
31 84
159 76
153 114
104 74
176 59
106 87
49 143
22 40
202 137
107 48
225 43
161 5
53 217
176 98
91 12
116 229
134 198
100 131
126 129
221 3
13 166
203 242
50 59
108 210
9 198
237 103
34 150
75 77
12 228
55 200
184 94
233 171
35 105
91 103
42 150
173 76
97 182
31 73
121 137
38 14
207 19
76 117
179 21
224 100
7 15
46 114
129 176
105 108
176 76
68 195
66 176
177 192
220 240
10 81
4 53
65 201
112 35
229 22
248 100
62 238
53 121
95 50
103 26
16 187
209 15
3 194
180 206
18 180
12 57
133 96
42 226
148 18
145 107
76 213
21 145
33 65
145 91
25 156
118 88
171 32
86 102
171 95
32 233
7 128
101 215
8 46
146 124
156 50
224 183
232 68
120 91
98 210
46 8
11 166
198 85
24 111
173 6
152 230
225 207
17 41
228 124
122 223
233 228
154 92
236 188
53 70
6 89
152 217
154 134
63 128
206 48
173 4
10 130
33 60
215 122
113 245
73 56
178 186
223 63
194 46
73 7
140 66
79 223
191 211
149 228
18 214
177 105
135 201
151 166
126 181
167 249
198 138
40 120
205 190
77 172
242 154
37 157
190 75
74 52
30 164
106 240
180 215
131 216
31 190
50 169
20 15
58 68
49 46
27 76
168 47
233 221
139 2
179 244
139 125
95 21
60 121
27 208
119 18
238 204
218 61
95 110
133 204
194 199
184 223
90 151
49 139
76 103
30 92
18 121
33 75
166 147
213 143
88 213
176 36
178 182
116 126
165 201
226 143
119 215
206 108
18 79
49 66
180 90
127 156
27 199
113 202
115 11
94 126
183 42
245 137
3 103
63 111
108 10
241 45
116 56
216 206
158 4
175 7
129 159
89 15
248 6
197 241
232 199
62 28
242 169
12 132
169 131
45 241
199 87
119 12
98 174
105 148
118 38
42 33
143 124
214 194
237 226
203 59
216 132
86 83
174 227
30 160
97 35
247 206
95 234
125 98
52 53
36 210
171 79
197 91
59 166
142 148
173 169
168 121
30 182
60 103
208 174
79 177
190 53
73 182
238 42
7 204
23 82
215 208
175 136
121 208
170 237
205 13
214 108
13 142
181 148
118 43
6 233
118 0
50 152
222 10
5 206
15 229
212 147
129 78
90 118
183 75
86 214
5 4
217 196
83 246
212 249
111 206
223 150
30 54
176 82
0 124
248 69
68 79
219 152
227 3
141 62
117 167
149 70
19 136
52 179
95 243
247 191
92 94
97 29
155 78
144 163
200 150
245 238
114 239
9 242
91 28
229 168
102 127
246 102
98 113
189 100
93 124
83 67
189 236
211 24
34 36
46 40
71 130
73 191
59 87
191 37
8 166
57 10
129 61
141 187
161 7
12 250
158 236
160 55
190 213
155 205
249 57
240 145
130 103
216 175
24 119
185 100
93 213
219 174
24 209
45 1
26 166
195 183
21 16
198 7
223 35
23 86
213 45
81 1
33 100
103 135
244 29
75 47
79 175
245 209
50 246
79 203
233 38
179 95
21 190
200 26
93 157
138 96
191 245
40 28
32 122
137 142
177 114
27 131
245 144
123 240
103 82
8 28
166 215
105 56
240 204
29 85
223 115
28 43
145 7
72 245
147 165
165 12
217 237
8 81
89 37
222 20
136 128
117 209
55 42
159 63
1 72
60 26
181 211
179 69
100 22
229 16
29 20
186 222
146 17
249 192
217 201
156 192
221 127
162 127
128 234
17 136
244 74
199 239
239 250
105 28
70 12
7 104
116 207
74 73
228 135
0 149
128 37
85 22
245 89
130 33
30 234
3 130
216 193
171 81
66 124
159 30
194 126
52 142
15 164
77 98
200 154
25 79
219 17
175 19
72 189
186 81
160 123
117 225
105 85
107 105
144 236
46 153
66 241
166 226
16 197
87 93
79 81
156 178
126 68
109 93
50 6
129 119
239 32
203 113
57 69
104 240
249 171
105 120
100 75
32 220
204 185
8 89
125 200
206 3
233 122
168 125
2 71
157 173
108 51
244 230
52 201
12 34
216 223
242 94
200 105
11 72
241 216
11 204
140 99
26 124
227 34
215 33
146 93
86 170
50 39
63 80
64 223
85 137
103 18
197 187
27 238
89 107
44 234
202 246
75 54
208 151
156 237
233 67
188 137
140 25
85 115
199 24
237 235
147 29
224 232
159 243
79 12
207 179
61 206
83 221
24 62
182 238
175 34
192 152
95 245
178 240
167 176
198 179
93 61
121 20
15 10
207 157
4 233
18 237
39 208
194 68
198 237
27 213
41 88
13 108
19 38
143 203
203 23
55 62
102 144
236 61
73 164
112 19
203 223
48 230
237 166
195 200
147 190
79 93
128 99
214 82
223 215
155 148
169 244
246 159
34 220
218 217
192 71
151 38
91 120
111 3
144 22
91 221
83 121
128 229
137 87
61 83
236 98
152 16
94 141
186 16
53 78
0 86
111 15
133 24
64 126
99 244
166 228
3 16
155 136
101 93
77 233
147 42
20 196
0 164
157 23
181 142
36 149
175 88
116 33
218 67
165 26
14 232
27 48
214 119
28 52
245 24
56 149
75 6
190 180
42 185
140 200
83 238
208 8
215 186
85 174
201 40
35 200
41 145
45 101
109 33
125 1
225 176
240 239
108 74
164 206
198 130
41 90
118 184
225 25
210 86
180 175
161 32
110 134
109 117
4 105
64 212
12 67
117 173
153 210
21 222
41 205
174 69
225 228
35 166
63 236
184 127
192 106
72 122
42 108
29 204
131 189
107 37
151 220
39 65
229 150
168 162
9 223
201 190
114 194
139 169
23 186
172 26
130 36
98 250
132 5
36 2
248 210
0 120
129 134
137 78
172 140
158 218
127 97
222 15
221 136
227 36
178 210
34 80
24 26
211 198
98 230
96 47
161 216
169 192
119 63
133 85
173 17
58 133
199 213
182 126
249 4
206 71
102 166
64 204
89 239
225 105
180 117
144 59
66 82
68 217
2 64
46 23
180 167
94 147
157 222
115 31
207 101
212 115
144 47
183 21
170 70
65 60
230 17
163 165
120 184
197 115
225 187
66 154
111 44
63 206
118 130
6 175
198 165
248 58
35 215
107 212
87 38
231 63
88 49
230 172
181 26
218 37
17 236
130 219
169 43
138 25
160 152
223 190
123 81
4 141
174 139
133 74
112 48
231 191
115 179
203 229
116 6
53 62
127 187
103 225
26 50
175 21
81 53
242 114
34 182
141 213
32 217
214 92
189 86
174 198
125 22
89 153
92 44
72 193
180 37
202 94
179 246
37 65
164 59
145 161
211 45
62 208
2 216
140 109
213 25
211 172
115 82
42 199
48 96
185 85
151 236
68 241
118 169
56 170
248 173
247 246
5 103
49 162
69 90
219 103
164 73
139 214
52 105
148 58
74 140
155 56
241 196
140 104
70 29
157 13
17 99
157 233
87 167
105 66
113 235
216 209
89 66
77 76
65 245
147 227
32 109
247 161
100 138
103 171
77 238
212 31
245 245
109 22
48 76
201 13
48 79
57 181
228 215
113 215
106 65
89 20
4 24
231 67
4 176
49 128
3 156
231 163
236 182
14 209
190 120
107 55
173 161
9 66
140 37
191 73
191 224
220 7
215 127
202 167
173 78
166 11
31 165
197 73
58 156
148 121
133 66
58 175
179 80
82 32
226 165
225 141
21 217
84 32
156 4
47 200
16 184
58 233
176 185
208 47
162 140
235 148
177 110
68 30
219 101
183 19
49 55
197 68
179 155
132 18
78 36
206 110
71 84
193 192
122 193
108 107
240 231
58 12
100 133
183 10
177 247
150 31
139 88
187 183
209 39
228 68
178 168
226 69
137 210
78 220
30 66
160 140
48 216
159 224
163 72
231 8
181 144
116 175
141 2
188 231
153 185
34 111
13 36
42 2
76 165
15 240
124 130
127 141
186 230
133 191
34 233
124 237
83 51
14 185
25 240
65 35
215 100
130 41
189 13
114 99
139 108
11 185
153 194
232 193
93 119
82 227
190 203
90 14
165 131
86 0
24 35
88 215
159 176
29 230
113 110
2 59
0 19
135 241
154 118
46 240
187 100
110 113
173 72
14 57
235 34
131 27
216 113
217 29
239 83
44 8
223 24
232 211
4 122
20 68
38 210
107 111
216 243
185 178
1 240
31 184
132 14
235 231
68 116
195 48
242 69
154 63
80 216
30 153
100 186
61 236
62 20
249 78
245 129
140 60
181 216
31 40
134 70
215 171
27 126
124 44
137 214
15 92
57 54
169 174
176 199
190 80
182 159
246 75
141 72
108 155
75 102
193 238
130 173
11 107
66 0
38 185
216 75
136 182
94 91
222 193
99 34
233 163
136 249
153 199
78 106
248 201
87 145
235 46
131 115
107 120
140 50
151 187
68 176
173 241
75 219
157 57
50 41
155 163
11 43
100 135
194 102
71 215
103 203
162 150
230 201
237 20
191 182
23 229
27 4
249 51
95 167
89 12
59 183
240 55
14 249
207 13
208 84
104 223
238 121
147 135
110 119
70 47
98 161
168 134
2 55
24 7
92 238
26 26
58 59
146 213
1 130
224 55
247 155
44 184
1 170
24 98
227 237
189 142
148 176
223 178
155 43
45 188
214 232
216 235
177 181
223 107
12 225
29 240
49 51
193 4
77 0
145 39
122 102
7 156
220 189
