209 36
217 171
46 110
41 52
30 46
150 84
57 187
119 136
186 165
182 122
217 108
194 176
169 125
37 54
52 7
59 154
176 69
210 101
179 169
244 229
226 129
23 98
43 209
122 43
66 227
60 234
107 38
81 154
105 202
200 191
0 16
100 104
217 169
115 51
14 134
44 166
21 120
23 70
57 216
171 177
107 128
2 32
193 226
74 151
168 232
244 166
211 176
84 168
24 202
49 206
135 132
164 104
46 95
35 120
159 157
159 174
2 95
92 201
43 20
226 121
81 14
116 219
139 139
51 168
61 155
175 188
204 160
194 17
12 1
0 217
119 176
248 24
197 92
247 32
29 18
31 36
116 2
178 16
97 92
52 61
44 21
34 114
106 150
217 142
111 199
203 26
76 32
79 152
109 97
223 61
20 194
81 3
35 238
25 136
248 172
177 208
75 116
35 202
193 164
223 217
148 85
112 160
130 245
122 174
49 134
232 143
26 115
133 31
199 4
21 195
117 240
38 151
172 84
47 99
231 18
199 67
97 82
38 47
96 183
220 172
149 29
121 200
107 84
59 247
7 105
67 80
220 183
149 13
117 112
37 20
120 218
173 91
142 81
145 47
187 166
99 111
134 73
18 145
182 0
5 62
213 137
71 116
163 196
198 162
122 28
16 142
160 221
37 56
87 240
124 74
2 129
129 191
21 42
249 45
186 222
50 99
197 239
48 83
125 218
160 114
192 31
195 95
62 162
238 13
219 160
65 195
229 46
21 22
40 190
164 16
74 135
218 101
43 116
18 143
133 219
139 69
206 131
189 224
2 77
204 24
88 52
120 152
42 121
95 103
231 105
245 101
167 112
68 150
137 104
57 65
183 94
14 105
225 19
127 53
9 11
243 233
186 188
210 56
192 88
204 3
234 115
193 182
12 172
125 31
239 72
48 98
86 211
74 41
165 249
25 176
159 31
140 27
235 117
118 124
100 79
183 237
93 236
131 173
84 219
39 36
131 56
223 127
52 33
44 217
35 157
227 106
86 42
5 117
119 159
37 69
198 0
103 170
56 203
61 128
35 85
29 242
83 69
218 47
25 39
173 228
196 132
166 52
143 168
207 102
236 196
213 201
167 79
51 106
211 31
35 196
146 198
54 232
223 102
216 120
26 156
115 176
148 117
60 227
50 217
147 139
92 100
59 102
50 85
109 85
125 101
44 108
71 230
228 155
124 126
118 199
21 89
84 58
237 213
70 115
235 151
86 222
177 151
236 118
181 16
127 244
118 90
52 185
148 62
120 125
230 4
116 8
200 100
51 3
6 153
171 141
91 68
134 207
171 7
206 151
52 196
227 167
164 122
7 210
165 197
196 166
55 65
34 29
100 12
45 83
117 110
97 228
30 72
90 99
25 52
233 230
248 147
0 44
214 14
38 171
2 99
157 171
34 133
156 200
147 161
235 137
126 99
49 180
194 157
190 250
216 30
88 79
53 169
232 92
20 185
139 110
63 7
45 47
220 6
78 84
9 79
152 43
46 173
43 204
118 114
190 129
157 125
192 35
8 112
215 151
55 4
208 219
70 37
193 236
69 92
69 190
159 2
202 92
169 248
61 225
49 130
144 40
28 82
15 173
99 31
99 106
205 226
35 177
136 47
59 127
185 10
71 164
33 219
22 217
132 96
181 221
30 67
38 125
76 58
110 243
211 180
101 77
233 6
23 122
137 224
200 221
211 84
109 204
62 165
32 170
125 29
187 149
219 217
217 83
116 208
235 178
142 171
150 86
171 61
225 240
110 32
203 82
225 48
115 127
147 73
27 67
153 141
96 112
67 28
222 90
153 39
151 70
85 31
22 102
108 56
97 80
196 229
90 120
231 82
98 165
143 135
201 146
115 36
28 64
236 80
220 236
50 28
16 248
129 113
185 192
125 70
123 36
80 105
41 98
136 54
122 47
9 162
10 215
82 215
127 38
110 104
127 30
29 244
13 111
14 172
186 178
230 183
149 40
171 69
13 19
191 40
113 81
114 95
215 62
243 37
64 162
175 208
132 246
129 44
186 131
106 111
54 128
240 129
136 145
196 13
57 156
113 227
208 215
116 203
162 240
208 244
187 8
73 117
1 112
100 169
119 201
128 92
94 155
121 93
121 65
102 162
94 126
222 180
211 28
101 14
249 133
162 103
45 185
18 119
234 131
206 57
3 150
44 196
146 191
33 173
161 116
200 123
228 159
34 175
78 58
128 245
229 87
27 172
231 39
224 108
166 191
234 28
127 8
75 145
205 6
170 163
105 62
172 42
214 189
47 180
101 177
25 146
78 176
172 18
13 107
49 42
185 54
69 1
106 116
154 162
67 229
96 102
130 91
122 202
124 142
96 12
35 11
241 185
233 24
116 68
22 169
51 32
24 213
219 106
26 209
211 143
187 66
192 158
220 213
186 87
241 99
109 75
39 242
72 207
138 103
206 172
67 148
48 163
104 196
135 140
85 108
238 3
111 175
16 39
124 162
65 35
227 18
1 221
111 23
94 224
140 241
14 158
242 242
10 241
37 233
23 36
165 84
157 164
177 197
45 74
40 249
183 136
193 190
47 141
208 48
31 52
114 83
84 186
198 242
25 125
125 3
148 123
10 194
134 63
166 187
79 101
62 45
194 223
248 61
1 123
1 14
214 187
99 41
85 140
131 142
44 16
110 44
248 184
235 202
71 170
131 74
164 172
70 62
76 138
92 38
51 27
185 173
174 224
151 235
109 140
39 43
42 221
205 92
104 2
226 34
165 17
123 140
69 38
50 199
124 151
59 216
226 3
53 121
205 199
85 119
123 82
125 225
64 82
105 6
87 208
227 111
79 76
108 234
173 33
244 222
106 141
215 221
41 223
32 23
116 185
73 124
214 136
49 223
160 144
195 164
83 148
73 75
215 218
9 138
166 162
170 129
119 24
52 127
65 205
162 186
40 175
202 24
84 226
106 23
149 184
75 167
193 20
160 155
54 95
231 237
102 136
105 206
185 104
177 115
20 61
97 27
34 147
114 52
46 167
168 62
132 64
161 229
227 46
166 31
3 133
127 221
213 175
212 200
177 35
77 3
94 170
77 66
198 215
216 227
168 115
176 8
146 80
81 12
26 101
230 37
51 118
72 200
206 111
51 148
207 99
23 244
87 201
113 15
245 207
162 29
180 203
126 174
27 241
227 150
71 124
122 183
202 202
80 85
163 84
194 34
149 234
121 45
172 36
185 114
33 121
89 68
207 104
216 22
47 58
247 153
229 237
56 56
131 247
148 110
150 102
157 201
15 231
113 114
0 98
76 229
34 156
146 60
194 197
70 242
53 173
65 112
212 15
70 249
53 77
182 24
158 88
93 98
50 141
215 2
213 173
175 89
122 227
84 133
250 241
173 142
244 122
47 112
221 29
36 145
9 164
17 105
132 244
140 177
226 109
221 134
9 117
57 89
88 148
10 135
7 28
208 59
58 144
246 121
124 204
86 90
214 6
249 33
19 52
202 174
183 5
209 117
242 196
48 234
142 208
124 59
224 69
176 2
60 34
148 71
111 67
90 238
85 29
126 32
209 84
78 242
154 164
67 51
142 79
204 121
91 242
95 52
109 143
225 209
196 101
205 53
182 18
144 5
88 44
17 82
160 233
189 52
77 240
56 45
207 217
17 102
35 188
244 143
206 59
164 177
212 207
104 122
207 246
217 79
247 225
178 66
218 96
98 156
232 190
50 197
144 177
37 48
53 137
145 148
18 27
105 10
245 152
215 243
0 180
242 115
20 59
232 83
104 112
178 202
182 116
117 23
216 204
162 90
97 189
85 65
203 107
228 42
128 90
37 181
145 27
150 9
59 61
171 63
163 92
197 57
89 36
36 194
29 197
157 184
80 44
185 47
75 72
58 205
110 168
51 200
126 164
11 18
188 155
216 49
196 245
146 122
198 174
238 194
247 88
200 75
179 114
190 137
89 15
90 111
146 117
72 54
184 163
15 135
208 213
143 55
243 194
228 55
130 199
62 54
10 108
61 99
72 161
126 22
8 37
239 240
25 247
87 5
40 124
218 45
109 153
61 153
14 14
72 202
98 214
194 69
188 81
173 159
144 75
173 28
170 199
219 162
92 129
100 223
91 159
68 14
233 86
154 14
98 163
131 201
153 101
105 167
180 42
99 246
164 99
65 1
168 185
223 105
88 195
233 8
11 173
137 231
80 143
182 43
217 81
159 42
87 40
225 184
67 169
155 126
111 88
137 235
136 152
221 53
69 170
173 35
85 110
149 154
178 226
240 197
138 170
80 18
56 242
137 140
19 77
5 2
85 71
61 66
225 67
231 211
119 100
36 111
103 218
115 14
25 114
231 189
206 146
188 105
77 136
238 180
196 46
20 214
202 38
12 223
192 57
101 115
150 75
58 40
127 137
192 213
129 147
223 199
114 145
42 166
190 197
29 84
6 145
145 204
28 225
233 32
193 11
104 242
179 192
57 24
208 4
226 74
19 161
30 235
195 225
38 196
32 231
44 122
165 208
202 127
54 42
236 170
39 90
9 115
76 222
41 11
236 230
222 34
191 97
77 94
101 118
168 148
76 112
62 39
239 187
117 133
193 156
237 52
10 16
41 112
98 23
71 74
1 142
165 186
118 42
187 224
33 137
136 165
34 166
80 192
206 74
179 72
165 236
64 122
211 65
169 68
170 11
197 164
241 72
148 175
172 86
194 207
180 122
89 89
188 187
167 135
41 138
159 153
50 193
16 156
210 126
97 43
203 226
203 96
250 109
37 244
197 171
103 35
135 224
204 69
177 100
81 196
75 182
196 177
111 60
172 1
245 230
142 49
175 13
192 173
221 217
19 99
154 122
77 122
52 76
7 228
94 64
2 149
11 65
128 55
57 36
224 7
45 6
240 2
18 5
136 209
132 124
236 228
0 111
154 51
176 113
153 197
250 160
70 224
48 224
169 103
88 203
167 247
218 241
26 168
201 189
91 193
2 233
3 6
104 44
185 71
69 94
62 223
180 245
200 136
80 185
11 63
176 108
11 56
249 224
224 230
106 81
248 39
231 91
39 108
208 225
211 178
141 223
175 159
139 199
218 245
211 5
79 154
155 97
247 177
19 115
44 28
117 155
69 52
231 168
98 193
7 87
164 188
201 53
204 201
241 37
237 240
232 127
1 172
46 244
73 185
74 159
53 31
4 57
107 130
117 116
135 42
182 118
92 185
243 238
154 19
108 147
150 7
188 197
170 179
187 73
120 204
16 137
151 48
156 221
133 123
38 138
197 193
240 4
75 0
106 234
226 127
83 123
162 144
133 29
42 244
176 249
60 118
227 180
236 94
234 233
73 229
28 174
10 127
207 91
10 73
23 17
59 24
11 164
169 101
55 108
107 247
13 185
59 136
226 239
204 116
42 159
232 150
30 143
199 41
3 242
211 238
123 45
145 22
153 230
219 142
74 230
217 235
171 197
183 80
18 1
192 61
231 136
208 227
83 59
185 120
250 239
230 160
72 114
249 202
124 153
33 249
112 193
39 163
22 123
82 240
194 28
128 1
156 244
248 156
166 155
137 191
20 229
226 205
131 242
88 48
146 62
164 39
145 36
63 220
22 193
161 206
230 97
129 9
210 249
19 152
10 160
159 107
129 40
26 7
206 159
142 247
180 177
79 243
150 176
186 1
61 192
186 89
3 141
120 102
228 84
225 14
31 166
127 3
99 50
22 20
217 136
132 12
172 128
19 163
156 13
225 9
38 100
9 35
184 145
110 3
7 142
71 49
153 147
88 190
179 216
204 123
142 54
177 102
86 247
64 131
178 127
201 42
231 117
19 50
243 236
95 85
234 133
210 212
121 225
81 244
131 100
242 30
160 21
73 152
56 83
115 117
201 156
53 102
31 130
95 83
61 246
38 14
226 16
216 195
159 116
71 168
244 18
235 24
238 142
107 70
96 118
96 144
60 12
205 239
246 200
116 79
83 139
155 24
140 54
86 138
201 121
24 100
160 133
143 65
139 250
227 207
47 130
228 205
20 202
69 230
55 244
103 115
172 38
43 89
238 15
36 179
76 127
205 218
163 95
44 206
169 44
64 20
155 155
164 75
109 192
125 208
1 230
186 201
233 105
240 127
94 181
27 0
144 197
180 190
180 44
240 220
85 162
13 148
54 167
224 122
192 217
53 175
66 200
59 112
171 102
48 247
36 246
62 234
120 84
242 218
129 167
99 91
32 105
42 137
93 23
104 136
34 0
143 17
147 177
67 239
24 185
235 43
45 230
171 5
110 141
0 54
82 188
166 110
41 35
178 136
207 108
85 180
130 11
41 94
186 83
27 9
127 231
75 163
140 37
107 232
180 242
41 37
143 229
214 60
109 172
44 88
193 59
70 64
28 223
246 151
219 148
107 245
18 58
33 73
181 4
234 93
209 179
26 90
188 55
248 50
162 82
128 187
69 158
139 93
9 96
160 244
37 11
81 50
114 78
11 20
224 165
248 86
69 180
158 58
147 222
226 93
29 79
216 153
77 5
188 88
40 41
51 174
103 66
246 146
231 141
9 94
120 174
88 73
19 165
140 154
83 3
192 177
23 66
205 241
209 107
80 77
41 13
110 50
58 68
222 230
6 113
101 199
71 35
131 76
177 3
36 182
44 245
4 64
109 155
182 204
244 58
186 6
232 29
27 91
120 15
118 187
23 219
13 240
189 67
28 89
4 2
135 32
98 148
152 85
240 162
133 67
224 193
10 206
228 228
200 104
163 153
8 211
231 148
22 10
181 232
129 145
205 196
94 183
185 151
93 102
43 207
84 182
109 202
94 122
78 50
106 102
66 73
212 127
216 92
131 195
181 191
144 165
75 129
77 13
40 229
56 158
66 243
33 181
122 191
124 129
112 32
204 147
16 127
178 171
89 46
5 182
147 245
32 107
191 149
189 144
87 32
136 77
152 188
45 30
24 239
177 58
87 64
28 115
62 193
209 187
190 216
16 210
88 231
47 32
154 31
90 190
123 66
102 95
209 245
198 134
82 18
204 109
80 213
144 87
243 165
98 207
175 218
106 246
211 247
242 46
122 116
143 132
41 241
91 174
154 208
139 201
150 114
232 63
112 62
16 129
98 13
176 230
82 168
100 58
209 247
72 102
93 9
80 187
188 116
19 16
104 157
206 201
211 54
74 130
135 166
139 185
23 180
62 109
23 48
239 102
66 7
61 15
168 215
186 171
7 117
167 66
86 74
79 178
86 63
13 140
237 176
245 234
124 184
48 78
207 228
168 29
178 165
8 221
131 83
201 193
19 150
199 219
102 73
178 123
85 76
43 125
197 201
35 140
123 211
39 173
14 32
214 179
40 46
93 179
31 79
15 103
28 98
12 179
130 187
136 247
183 191
104 117
59 178
203 89
73 88
145 167
179 228
20 1
62 186
250 43
236 15
9 19
151 211
230 195
189 153
152 123
222 12
88 100
57 169
83 180
133 27
244 86
25 17
100 136
174 154
200 164
76 105
112 117
248 105
86 169
53 147
136 233
197 147
180 230
178 43
111 30
71 99
170 201
135 234
129 158
110 222
75 133
97 170
77 63
177 244
206 8
64 193
164 145
239 100
151 128
115 72
61 47
111 197
134 35
11 71
28 28
34 102
123 26
61 167
220 146
46 97
100 67
64 32
46 246
68 250
60 108
155 72
90 3
242 86
129 129
86 24
8 187
235 60
114 245
8 170
111 195
135 142
222 97
171 157
209 120
43 60
169 36
197 209
92 170
246 123
86 232
241 48
228 74
5 66
221 234
55 201
18 195
76 96
216 7
216 173
104 168
182 157
154 181
32 228
242 28
125 88
67 5
246 249
151 184
215 143
116 150
234 45
9 240
133 194
178 230
200 127
218 59
125 231
132 217
44 52
112 100
30 211
64 146
228 246
191 11
52 95
172 56
37 235
74 165
133 174
104 102
76 53
148 102
55 160
174 184
158 249
199 81
187 46
156 169
109 194
5 194
212 205
181 151
167 81
178 47
76 198
201 20
43 18
134 153
26 127
240 79
215 12
56 116
58 235
208 37
17 164
65 21
78 216
157 40
135 56
4 17
139 97
46 78
160 135
138 164
117 14
158 139
167 119
200 0
213 33
246 157
58 94
228 216
154 33
176 30
169 32
118 197
176 15
228 131
233 151
150 91
166 137
31 229
49 210
47 146
166 38
66 9
158 200
19 28
153 205
128 22
243 57
203 164
175 107
127 135
214 241
17 65
95 72
56 148
196 118
64 108
111 220
194 57
102 2
64 197
223 52
179 86
238 218
120 13
0 92
39 11
94 96
79 200
94 149
52 163
105 29
107 193
231 95
150 249
121 11
110 52
105 21
133 179
203 17
91 83
188 180
83 71
157 141
161 44
138 40
34 194
88 197
101 130
99 239
153 72
119 67
24 170
98 59
52 187
4 15
207 29
192 241
115 221
209 46
158 211
118 218
117 70
39 145
31 48
202 55
135 7
107 100
212 125
1 223
57 121
62 244
172 71
88 228
9 207
134 217
241 154
74 6
58 140
7 201
94 200
155 236
158 36
57 27
113 130
245 175
119 123
123 138
33 21
129 88
124 64
189 150
236 244
104 80
78 214
139 13
212 75
72 176
173 61
122 143
191 239
175 102
242 80
70 103
7 152
153 16
78 30
48 155
55 98
202 47
188 151
155 21
193 103
40 110
241 33
168 210
174 60
112 54
104 11
166 178
57 29
6 64
189 15
118 150
110 112
185 20
52 198
107 50
50 105
72 58
249 250
146 110
76 220
243 48
166 121
106 210
128 12
43 123
23 137
43 105
219 190
247 5
2 192
54 186
151 79
214 46
139 19
174 206
115 42
219 170
210 27
29 26
187 114
87 191
48 169
106 118
187 71
83 244
45 208
127 94
55 15
79 15
39 126
158 38
213 246
65 225
212 164
108 141
195 156
195 208
87 140
145 243
63 124
147 12
127 190
64 46
42 140
34 217
5 129
73 100
129 117
151 148
61 176
190 218
70 156
125 140
74 119
222 156
8 238
148 159
101 189
149 248
213 238
10 14
99 77
189 74
63 151
149 135
8 77
235 108
219 108
245 84
198 104
45 187
3 232
174 55
121 122
172 183
77 245
238 191
224 124
122 153
111 5
119 86
203 206
156 32
233 43
135 101
24 76
66 135
247 198
167 85
225 113
74 191
127 119
126 250
198 29
134 86
68 72
139 60
167 19
52 181
198 74
14 73
106 122
138 248
62 101
220 47
63 112
180 35
245 156
87 77
216 82
16 119
168 130
110 185
157 45
160 186
65 28
172 9
246 170
239 75
55 187
158 133
225 128
200 65
13 156
223 246
240 218
171 175
176 186
205 136
190 31
242 12
33 202
242 111
231 80
143 201
53 65
214 220
75 184
207 61
23 125
21 44
244 196
142 241
168 178
233 134
55 71
239 104
235 144
244 24
193 111
140 81
185 95
219 156
26 211
83 45
233 27
212 26
211 4
68 40
189 63
16 144
154 59
248 248
71 184
180 80
143 77
74 143
90 57
198 191
218 69
137 42
129 141
209 65
185 64
45 90
5 211
102 43
188 202
203 162
29 192
75 153
71 16
167 164
187 54
136 157
141 202
227 224
14 128
221 155
170 46
11 229
114 54
227 113
39 116
42 110
105 230
186 122
56 95
150 209
171 92
129 107
189 1
111 161
119 134
5 88
194 174
6 161
117 104
92 195
229 8
224 21
79 122
13 86
141 249
129 86
28 135
184 175
250 249
76 30
180 188
54 220
171 132
103 185
167 13
13 67
206 219
242 240
159 0
225 63
212 236
80 107
64 90
185 199
91 236
69 22
56 233
223 195
115 24
38 228
205 169
60 54
246 130
86 226
13 173
119 60
106 72
37 92
244 103
74 220
180 25
66 43
121 52
56 6
63 213
230 54
136 79
47 202
145 96
23 9
120 58
231 6
230 247
40 194
243 161
34 112
247 10
156 85
126 7
126 74
19 113
199 232
81 145
152 51
195 100
205 206
113 60
79 61
230 92
35 64
86 203
27 182
84 131
197 77
181 120
225 27
167 138
154 199
0 131
230 116
138 120
221 128
218 91
88 133
204 137
87 154
173 202
1 157
22 80
195 227
227 14
147 157
209 177
165 60
146 102
81 99
48 23
107 230
186 180
45 17
21 233
34 62
15 221
175 32
232 238
132 110
80 137
166 238
70 206
226 123
21 66
185 182
125 15
214 44
92 222
179 126
138 135
32 216
108 161
94 131
124 131
60 186
53 87
104 92
206 224
92 123
150 59
170 104
13 4
41 117
146 231
215 210
95 153
226 125
67 142
20 26
128 163
130 116
46 84
0 81
150 104
113 112
14 192
57 107
142 42
91 240
127 92
48 157
194 149
9 29
127 72
129 164
198 59
247 132
243 64
9 186
62 97
92 64
193 101
154 12
87 177
21 204
128 235
162 220
39 152
20 46
207 157
195 127
227 203
9 150
4 190
108 186
186 205
59 27
118 205
179 57
139 72
7 66
175 79
230 68
227 102
161 231
163 5
165 199
30 19
250 69
41 192
233 103
95 5
182 36
19 232
142 159
117 91
107 68
71 71
235 135
63 172
215 225
183 208
99 93
46 145
127 87
117 234
93 25
163 156
16 193
242 39
124 202
244 139
154 143
139 32
26 43
12 206
176 165
191 2
144 81
245 129
49 10
113 88
57 159
12 147
161 149
91 76
55 248
238 169
28 29
216 233
59 225
183 134
48 132
24 210
170 214
137 92
102 222
77 52
20 220
185 167
165 68
245 181
173 40
39 147
85 184
244 70
190 61
233 65
39 0
203 156
93 60
188 13
72 47
195 184
107 149
81 10
135 192
40 81
103 202
33 192
89 66
2 29
229 226
85 86
28 190
224 137
135 183
12 234
88 3
24 74
4 176
53 15
168 146
174 179
199 17
41 210
132 34
230 10
96 215
243 84
145 188
226 101
176 104
181 115
200 216
35 47
3 14
233 246
125 25
2 190
17 51
102 45
11 52
33 24
165 156
187 107
157 157
183 90
238 209
192 137
154 89
234 91
97 234
162 218
91 162
88 250
112 38
14 245
186 85
159 80
21 174
112 173
137 180
141 48
225 59
66 215
156 11
200 73
225 111
172 130
23 159
0 96
60 193
211 67
175 196
107 168
178 52
120 207
15 121
157 247
168 43
102 195
194 21
30 149
230 158
116 34
165 71
20 83
39 75
35 172
76 123
174 157
10 247
32 223
237 140
145 112
163 67
173 189
72 231
26 170
12 210
185 93
89 177
116 144
131 131
150 61
160 57
74 64
138 232
182 214
101 217
149 213
80 42
222 38
107 6
218 77
52 20
13 21
1 231
137 228
82 224
248 217
157 110
129 185
199 2
186 197
69 70
25 245
160 180
131 211
66 146
33 152
125 220
137 144
243 132
55 137
198 149
227 218
171 239
86 132
219 49
105 72
161 164
25 0
112 148
32 150
222 248
131 2
239 216
225 211
124 175
131 205
223 234
15 71
137 185
68 133
185 108
165 3
216 60
68 153
5 143
128 240
221 19
108 118
43 160
230 239
244 115
156 92
139 192
249 79
34 13
217 161
48 62
23 228
54 139
1 78
26 58
244 250
154 136
214 244
32 235
83 30
21 162
185 49
223 149
191 110
100 231
149 211
179 3
220 96
166 98
104 238
104 209
62 76
17 155
207 76
3 12
246 139
29 57
148 28
178 105
201 66
216 74
137 31
154 79
229 110
32 172
0 9
229 132
46 108
170 116
55 153
61 13
68 62
223 143
210 214
189 125
209 29
126 227
105 232
96 152
163 149
63 60
113 238
130 243
127 129
2 36
232 125
192 123
236 132
194 203
199 94
112 229
11 217
203 71
144 90
189 127
20 231
102 197
235 22
26 29
172 221
24 132
167 230
73 181
249 220
98 172
30 132
46 235
154 177
16 233
144 194
152 103
245 198
135 67
79 207
155 124
51 52
29 36
108 184
72 166
149 55
39 154
161 88
18 22
6 122
100 165
129 137
198 31
228 248
150 228
14 87
30 50
113 192
104 46
220 157
104 159
190 109
129 57
184 80
199 51
203 13
229 48
41 54
222 83
106 212
204 19
158 12
192 204
193 40
116 125
113 128
2 1
196 123
178 1
60 94
93 27
37 4
217 21
210 206
190 87
248 103
78 96
163 61
21 243
177 96
76 84
203 11
119 250
234 69
62 103
199 240
13 164
138 153
149 236
23 19
83 40
93 174
81 209
78 231
228 69
189 40
78 202
184 1
68 68
12 17
204 155
95 92
164 97
40 67
228 220
31 11
151 213
195 11
147 128
217 106
193 86
54 234
147 37
45 33
126 222
98 57
34 43
39 139
153 213
242 14
93 51
14 179
195 71
16 196
38 82
125 66
197 94
48 114
76 215
69 85
174 81
9 31
64 0
138 27
193 1
21 12
138 206
195 78
187 63
135 48
232 16
159 118
126 65
102 164
192 116
106 11
196 243
126 161
119 209
49 235
3 52
181 53
196 137
101 175
130 51
96 90
131 44
169 150
16 246
219 114
122 151
178 180
168 246
50 143
199 58
83 200
120 193
4 134
144 143
188 90
166 133
205 102
216 67
173 63
238 51
130 111
62 33
122 235
22 7
7 42
115 223
13 183
77 125
63 191
220 116
129 230
146 137
174 230
99 242
122 126
135 236
161 80
196 31
178 125
88 222
28 68
185 135
176 138
170 118
140 222
99 81
147 225
96 206
6 26
91 56
244 90
225 198
154 99
157 2
219 54
49 208
108 223
8 27
12 97
136 134
81 139
236 232
102 117
226 36
26 148
176 17
225 61
13 242
123 29
127 146
94 213
236 47
70 46
50 54
118 69
141 179
181 58
108 123
21 227
146 86
114 162
117 148
32 200
102 93
223 139
212 118
66 131
213 94
227 213
226 76
61 219
100 51
162 14
27 114
140 58
109 233
214 153
76 64
184 165
68 90
69 155
9 236
207 129
103 176
249 162
159 164
219 62
241 35
152 24
216 141
162 33
171 203
152 60
124 116
185 143
68 214
41 219
146 69
24 40
68 192
103 138
196 114
187 243
7 79
62 122
70 122
7 44
188 123
124 167
7 212
15 83
197 3
212 101
80 16
32 115
168 190
246 70
22 235
164 238
81 237
225 238
41 143
189 46
63 202
33 214
95 95
187 143
142 153
16 21
94 142
1 114
89 114
194 19
81 175
125 72
30 28
155 138
183 102
57 87
94 29
145 169
42 52
209 54
33 27
182 216
122 51
44 228
190 170
245 91
245 4
75 29
83 10
236 208
14 20
243 141
228 29
63 120
157 63
172 88
165 163
98 168
174 68
222 21
103 178
88 75
200 203
171 213
42 64
124 124
59 21
68 74
16 180
142 212
130 49
79 173
236 206
7 163
155 190
147 97
215 203
146 152
87 210
149 96
69 140
143 158
105 248
154 149
107 53
15 34
127 159
220 90
183 83
44 189
35 248
89 11
54 242
250 142
198 136
37 78
140 116
112 89
36 170
2 219
76 27
222 177
33 86
131 147
103 41
101 179
148 5
244 63
87 152
140 68
24 68
36 133
30 224
109 180
23 171
44 191
95 136
145 186
8 114
73 49
161 17
59 96
247 1
226 41
232 31
198 50
191 15
183 22
54 126
223 208
217 23
190 23
50 71
148 152
45 124
27 14
75 99
111 214
205 185
150 117
54 67
239 198
194 246
180 65
68 201
32 30
0 176
90 38
67 158
128 148
109 71
186 228
112 136
172 179
142 219
155 193
81 45
70 200
166 129
61 111
117 183
42 82
238 196
79 11
147 95
208 155
233 136
103 101
163 210
203 119
183 120
85 202
212 56
218 224
24 102
25 66
55 25
13 71
216 187
238 178
158 241
22 26
229 157
165 135
42 77
178 138
54 177
24 200
245 141
89 210
172 224
101 83
169 238
33 58
86 249
201 57
44 232
167 53
149 94
93 68
132 73
135 19
217 167
247 208
176 126
181 228
53 221
214 217
214 141
14 103
47 242
87 230
222 36
95 8
29 122
237 157
44 120
249 35
44 78
104 36
161 227
69 17
60 40
247 212
202 248
82 147
41 44
124 0
80 109
139 52
222 148
205 47
151 248
193 201
119 112
9 21
210 7
239 52
197 66
192 39
207 205
145 219
42 178
132 137
96 191
98 104
137 133
168 137
229 41
21 250
93 55
14 45
6 77
77 68
29 176
13 144
89 154
223 181
32 103
154 65
162 188
208 147
239 83
49 32
150 207
240 120
197 180
101 42
46 224
74 39
114 160
228 161
35 101
157 242
49 88
238 10
25 217
39 19
129 38
31 57
235 226
99 138
220 185
61 163
70 191
97 242
109 174
99 167
3 24
175 27
44 159
157 0
215 66
154 217
215 183
65 191
21 37
232 240
26 137
8 161
245 132
20 245
73 1
161 68
199 193
144 152
158 192
85 164
73 145
57 152
126 108
63 211
196 182
75 114
199 147
3 75
70 166
231 157
149 11
245 232
70 53
136 207
243 92
177 14
43 6
167 36
101 170
66 178
8 223
218 27
121 176
54 85
185 161
211 41
73 244
40 83
6 53
133 167
142 130
88 91
6 170
234 84
157 117
161 179
3 143
241 161
181 22
57 237
146 206
207 186
201 132
4 163
151 68
185 73
21 87
39 5
21 110
46 51
17 153
56 34
177 195
162 124
19 94
96 148
94 17
211 103
195 193
229 18
60 56
58 54
221 169
239 44
58 211
213 129
51 195
59 66
146 202
20 81
200 214
214 237
159 182
172 165
167 45
181 238
145 20
41 155
179 14
66 137
55 13
122 19
131 186
7 101
2 180
241 92
198 113
107 132
115 227
42 228
209 6
232 53
104 228
188 0
139 9
124 248
121 139
136 147
41 96
113 233
199 153
171 169
229 39
27 175
126 125
158 86
193 234
244 203
56 226
82 2
40 118
87 127
49 8
189 212
106 4
139 161
4 192
131 112
207 196
71 88
17 121
201 142
111 58
122 237
100 140
5 23
46 38
210 115
47 42
12 193
136 5
234 244
132 4
242 234
202 70
248 94
91 113
247 84
68 83
85 113
146 71
9 217
107 64
75 46
161 63
250 204
106 8
33 171
1 168
153 64
11 143
93 160
136 106
98 100
241 236
94 89
5 52
141 118
61 120
49 120
160 19
137 111
87 109
36 15
169 21
166 91
216 44
103 14
144 79
230 84
222 76
80 161
194 228
54 246
25 41
150 24
120 163
200 230
69 143
155 147
192 163
116 146
218 199
60 110
142 92
40 227
231 87
69 238
110 1
237 144
208 27
98 191
163 18
152 90
147 112
69 105
33 9
101 44
49 117
246 179
113 49
38 207
72 63
249 189
89 1
238 207
180 144
249 93
179 232
239 28
50 230
29 103
243 34
183 32
2 151
180 159
160 217
232 146
138 105
184 198
154 168
146 134
163 214
197 219
99 123
175 115
249 1
146 104
72 10
61 96
238 119
60 149
89 191
186 69
0 219
239 21
55 172
139 11
241 122
123 118
198 230
215 134
233 208
76 227
191 235
241 248
237 203
211 35
86 58
238 157
16 215
92 70
94 158
241 243
191 225
119 26
216 84
164 220
184 62
131 213
53 5
228 182
153 193
78 34
112 134
206 100
177 169
97 232
0 38
45 107
144 160
244 22
38 167
12 15
171 67
11 86
100 117
207 194
92 16
107 139
156 53
160 151
40 2
89 229
35 55
84 38
158 135
232 250
58 82
15 143
40 76
94 70
9 43
126 51
158 10
23 205
0 113
73 90
63 185
3 230
175 141
223 9
164 33
63 95
158 54
208 145
121 172
180 233
179 182
223 25
220 191
87 30
190 240
92 127
36 168
114 243
39 192
166 47
165 153
8 15
59 180
29 163
246 236
34 240
172 155
100 126
247 149
98 205
193 48
173 80
153 45
64 136
212 96
33 52
128 59
151 5
26 224
164 240
184 171
236 139
32 38
168 187
111 245
145 139
125 83
145 229
17 93
1 178
10 77
54 198
141 20
155 132
131 166
37 126
34 139
175 109
29 119
196 70
248 150
24 148
194 9
231 231
68 31
189 172
169 212
82 43
143 170
210 164
145 184
220 98
92 141
78 17
0 122
35 45
73 16
233 219
122 250
148 150
109 92
18 186
99 33
100 129
208 131
210 124
219 2
186 137
63 163
105 188
141 243
113 211
243 109
218 140
40 137
99 176
184 69
188 130
194 186
176 167
235 204
182 245
135 105
243 212
179 129
12 45
164 90
156 90
69 182
71 51
202 90
46 76
1 30
224 92
2 54
174 83
89 224
94 86
35 92
52 1
143 243
222 138
142 221
1 174
132 81
65 110
237 59
162 97
206 214
218 121
209 76
18 60
206 138
227 48
177 228
0 224
208 21
201 232
245 211
71 205
84 23
185 8
238 171
98 125
233 232
52 149
35 181
231 55
71 11
69 120
83 140
173 214
240 13
104 94
22 203
224 110
219 200
154 85
102 220
240 241
130 162
27 192
43 31
16 77
60 206
247 189
195 59
158 155
29 142
21 78
129 220
7 36
68 156
80 97
71 237
145 192
3 211
207 11
86 79
227 226
21 172
236 210
162 177
159 44
91 23
2 244
95 205
66 213
229 82
79 3
57 114
29 152
187 2
1 55
176 48
25 54
222 142
121 243
190 141
210 236
144 231
149 31
69 228
61 195
131 177
56 214
131 79
128 4
213 115
203 180
43 219
48 178
127 173
41 153
100 206
53 165
64 75
8 229
249 9
166 193
159 231
18 45
147 119
173 89
205 165
176 56
97 249
27 88
249 22
57 58
179 214
115 70
201 82
96 146
194 74
76 107
227 174
80 79
137 178
172 82
119 92
9 55
139 137
218 227
67 92
109 94
224 75
58 4
240 208
32 148
22 38
220 238
71 0
230 221
113 158
231 15
28 159
236 187
4 8
15 152
139 95
155 108
229 99
210 38
13 230
168 64
201 176
168 200
58 226
46 229
156 195
78 7
159 184
83 119
46 182
46 45
227 86
134 247
95 190
54 16
101 65
81 52
224 18
66 150
242 10
211 174
102 105
2 166
156 88
74 216
138 53
193 30
137 61
23 104
169 234
173 37
30 134
104 110
212 162
159 109
13 69
135 34
144 227
107 21
78 41
115 97
192 18
2 200
224 37
164 224
222 79
135 25
191 25
94 185
247 34
164 69
89 113
115 154
113 178
222 62
162 19
58 1
175 232
137 125
210 42
23 246
23 110
157 234
149 129
110 224
176 116
50 77
19 250
41 0
206 155
8 136
130 15
50 50
102 160
16 201
185 51
55 156
74 214
171 124
219 126
29 62
149 38
239 164
70 72
83 92
235 163
31 151
215 216
109 106
173 188
58 35
189 182
234 210
138 155
74 104
198 128
152 228
51 215
3 196
205 231
65 126
5 13
44 76
65 19
56 212
113 219
190 156
218 17
43 47
179 221
95 19
113 36
228 201
81 135
213 27
183 239
143 31
173 74
173 20
20 248
242 163
19 111
171 205
81 190
33 2
138 226
168 110
176 210
155 101
9 87
117 73
85 92
232 194
41 68
247 96
92 229
144 92
87 224
132 206
150 152
111 158
169 6
21 219
11 96
181 55
90 249
2 121
52 219
149 112
190 35
85 224
211 94
133 136
113 42
10 211
241 232
146 3
9 104
145 221
55 199
158 224
81 173
5 101
132 212
12 248
99 157
189 65
191 237
11 94
82 213
159 121
246 59
113 153
168 22
144 130
47 222
41 208
194 124
182 247
141 83
108 145
83 202
214 205
163 121
100 221
245 72
100 10
96 154
204 208
25 9
134 23
238 1
168 20
4 243
136 226
111 75
196 175
72 214
236 130
143 19
42 217
104 219
115 216
168 121
48 57
121 161
75 37
115 129
8 134
218 8
73 246
135 215
102 168
217 155
85 123
195 195
247 82
85 153
79 83
127 217
40 128
34 106
72 18
14 195
95 157
245 16
221 51
69 50
127 165
130 197
22 29
73 28
175 143
202 187
32 72
29 34
185 190
207 6
248 188
210 75
183 152
68 168
65 6
165 95
92 148
151 50
194 166
233 177
234 248
232 175
146 82
249 81
196 149
58 137
224 101
244 111
65 148
98 221
102 79
217 98
14 0
21 125
189 57
179 34
29 10
19 137
45 219
155 205
33 184
28 212
144 134
80 147
28 123
105 190
156 161
10 238
98 247
67 21
26 144
140 41
46 147
32 87
27 245
38 153
195 93
74 228
42 66
49 233
147 100
104 147
246 3
124 27
249 120
185 133
117 40
99 48
164 82
209 71
179 175
232 247
237 155
18 215
189 25
160 225
3 240
111 143
43 0
3 118
79 145
170 4
230 62
217 157
200 226
209 195
157 127
178 70
241 109
235 26
189 33
53 12
159 172
119 110
122 75
115 16
57 171
22 62
183 143
155 242
171 150
208 249
97 216
98 11
160 8
223 112
96 227
62 239
10 123
170 114
104 4
167 237
124 107
10 113
107 88
151 22
234 30
185 45
172 199
240 73
174 23
78 198
218 43
184 122
63 29
10 37
6 24
160 48
126 55
108 30
157 108
28 11
185 102
141 73
191 20
57 62
111 95
163 208
145 237
159 167
70 132
183 108
93 205
28 137
137 33
217 225
62 82
240 77
187 160
164 155
151 240
242 107
114 174
208 94
34 57
42 27
21 28
41 189
156 134
185 207
218 237
92 231
82 79
162 115
130 149
44 23
165 106
99 233
63 225
175 6
237 72
142 62
121 124
245 20
187 39
58 214
213 66
131 203
8 47
81 242
94 168
84 170
136 63
43 29
26 183
75 125
16 45
147 220
18 130
209 185
140 248
41 243
62 11
112 213
134 69
154 166
91 10
100 159
55 96
178 212
6 186
145 132
231 177
221 211
11 121
14 181
173 22
248 43
44 239
111 154
194 117
212 82
0 150
228 53
114 71
14 203
33 113
91 172
64 44
28 143
139 179
229 105
189 232
74 58
105 65
107 86
62 62
26 249
127 219
248 170
67 23
58 149
141 12
60 97
119 165
102 67
145 150
208 165
114 68
96 29
227 187
0 200
79 28
109 149
113 96
108 243
144 207
70 77
160 205
26 135
173 223
228 114
145 190
115 241
218 104
148 7
125 53
34 23
23 89
79 133
130 156
163 170
230 22
146 144
12 123
82 106
65 81
39 244
218 25
204 5
216 241
48 126
187 95
51 180
209 103
4 107
82 186
114 218
97 20
165 189
54 188
226 28
91 8
10 155
18 3
67 190
13 43
229 173
91 199
121 217
59 129
88 98
130 184
128 51
98 244
155 77
102 201
20 85
7 168
6 184
45 58
186 91
216 14
163 230
158 220
196 75
13 53
132 23
168 90
129 2
166 43
14 247
27 65
157 193
31 192
192 27
74 84
85 209
77 82
59 14
25 88
203 40
133 43
212 145
87 146
213 209
195 113
4 50
105 104
232 78
233 123
55 168
18 80
219 222
96 78
163 198
228 189
140 106
4 181
23 173
54 6
196 249
172 65
87 221
126 59
129 241
118 172
128 189
136 120
101 242
221 214
109 183
78 91
158 78
58 22
127 75
115 49
228 44
143 27
79 135
129 76
229 148
168 152
77 29
149 49
69 15
50 21
42 92
79 52
75 66
168 3
15 54
178 107
221 115
181 128
148 246
110 173
102 15
9 106
22 191
58 183
107 182
143 220
214 85
86 129
205 98
69 236
175 134
219 225
138 62
43 58
21 176
192 13
228 100
90 70
151 28
48 40
171 223
141 184
57 135
199 132
105 100
5 79
211 77
245 205
20 119
74 232
59 237
93 84
206 216
76 110
52 144
165 80
123 209
180 226
81 200
144 53
132 163
5 151
128 161
237 135
55 105
89 53
164 212
215 94
38 161
30 199
25 205
56 205
19 44
184 215
250 104
113 94
163 88
24 123
44 136
15 184
155 45
167 227
194 214
18 78
127 242
188 17
236 180
37 76
176 0
164 53
98 9
171 41
143 210
2 8
216 41
118 8
130 13
2 228
244 147
51 209
122 181
84 159
144 29
89 216
48 245
237 101
241 66
13 55
0 52
44 237
44 118
173 108
108 122
39 34
154 87
0 40
150 186
164 222
151 226
28 48
46 214
12 200
122 185
240 11
97 94
60 144
24 144
18 209
242 203
52 111
159 46
103 91
83 114
168 68
105 192
223 197
166 2
173 177
100 113
134 33
138 208
182 189
199 83
42 190
109 23
21 137
81 152
81 163
67 182
2 74
221 187
28 161
39 77
17 234
214 37
167 150
81 69
126 229
243 181
135 150
96 36
162 172
140 159
32 0
182 34
46 88
12 232
150 106
62 41
102 53
101 81
77 208
95 134
78 124
81 128
135 180
214 117
143 199
72 39
163 80
191 63
73 183
66 108
88 248
178 29
7 144
146 163
247 72
246 57
57 231
6 188
152 209
12 113
118 174
179 194
201 166
172 206
55 88
95 27
37 140
134 3
116 205
194 115
51 207
128 175
247 220
94 46
11 54
79 209
218 63
62 43
72 128
108 67
43 197
2 97
226 176
208 74
230 249
80 250
183 55
242 23
42 46
203 53
93 82
94 207
9 63
221 55
194 178
52 217
10 125
18 66
228 126
204 93
31 93
87 113
204 91
174 128
161 197
32 28
133 7
126 111
25 172
42 98
147 39
195 2
18 76
245 221
85 221
199 19
215 80
172 59
4 0
216 34
70 86
110 42
210 73
163 184
65 151
24 157
92 139
12 13
189 210
166 29
214 131
192 9
3 30
14 3
169 170
13 226
203 145
174 135
141 10
78 108
172 54
27 19
140 162
89 17
61 113
20 218
177 206
213 84
217 65
201 84
236 70
124 105
112 34
2 82
234 41
165 229
188 214
73 32
208 207
64 138
24 134
55 81
30 181
191 33
67 152
217 134
24 178
244 145
10 61
198 176
0 190
207 136
213 151
55 86
250 222
100 173
80 194
81 159
209 125
91 36
105 38
112 21
72 20
63 2
120 202
33 111
45 19
61 172
39 54
28 230
89 104
143 73
183 150
120 199
230 70
33 93
57 43
51 228
50 132
0 129
190 238
74 115
43 84
122 189
112 142
202 168
66 91
60 81
86 165
100 214
48 71
11 34
78 32
134 13
17 151
199 145
100 201
201 18
195 76
50 82
124 219
134 134
112 0
38 216
200 236
50 160
239 123
242 68
0 202
50 191
63 243
75 74
6 136
176 136
111 106
124 99
241 56
179 63
246 30
224 66
61 80
116 66
31 9
171 90
144 63
20 144
111 19
67 95
237 201
238 211
8 98
139 118
214 57
137 193
160 219
100 46
223 68
134 5
128 156
145 40
137 19
190 143
21 103
95 237
187 141
219 29
243 152
88 58
111 81
129 94
219 158
80 202
123 226
66 250
166 96
204 158
234 36
68 179
133 242
166 123
124 236
201 144
87 28
20 30
54 203
164 30
166 220
245 61
39 21
148 115
51 103
22 184
219 243
9 100
154 179
83 150
137 118
80 198
105 214
235 218
163 248
32 183
130 4
166 0
95 179
212 43
108 8
81 207
184 159
106 228
63 218
35 126
106 208
38 71
65 217
134 138
222 182
9 168
62 227
76 170
97 180
202 68
33 11
208 221
199 130
104 15
197 48
238 133
240 68
235 58
127 6
64 8
190 27
161 142
146 159
221 2
21 70
7 247
175 222
246 86
23 146
190 98
195 111
157 106
131 7
248 240
110 148
232 85
0 50
238 74
246 74
196 247
75 245
38 169
153 242
153 124
222 184
110 73
135 129
35 87
75 82
146 130
101 23
222 171
60 23
117 168
230 146
192 215
131 128
149 222
180 23
156 99
27 97
77 115
249 135
190 131
172 230
131 85
48 159
61 209
93 48
71 243
59 142
21 18
119 104
157 162
215 39
204 111
196 112
47 124
170 91
130 93
182 41
95 217
126 166
25 238
229 212
134 228
188 249
42 134
117 4
101 90
41 58
205 233
131 175
149 100
246 63
96 120
117 25
242 117
6 46
219 133
10 213
210 15
45 116
50 169
41 123
145 199
209 197
117 249
191 171
214 75
245 177
4 77
141 161
6 130
30 56
54 190
247 125
56 47
92 197
113 176
33 157
120 27
115 232
13 205
153 176
169 168
60 174
76 135
40 65
34 200
35 190
57 112
194 88
30 81
158 77
152 113
104 74
176 59
105 87
49 142
21 40
202 136
106 46
226 44
161 5
54 218
176 98
91 12
115 229
134 196
99 130
128 131
220 4
12 166
203 242
51 59
108 209
11 198
237 103
34 151
75 77
13 228
53 200
184 92
234 170
34 104
91 103
42 151
174 76
96 181
31 74
121 137
36 13
206 19
75 118
179 21
225 102
6 15
46 114
130 176
106 109
175 74
69 196
67 177
177 193
218 239
10 81
4 54
65 199
111 36
230 20
247 101
61 238
51 120
95 50
104 27
17 187
208 15
3 194
180 205
18 180
13 57
132 94
42 226
147 18
145 106
76 213
22 144
34 66
146 91
26 158
118 88
171 32
88 102
173 93
33 233
7 129
99 216
8 45
146 124
156 51
224 183
232 68
120 91
98 209
47 8
10 166
199 85
24 112
173 7
151 230
225 207
18 39
228 124
124 224
234 228
154 91
238 188
54 69
6 89
152 218
154 134
61 126
206 48
173 5
11 128
32 60
216 122
112 244
73 56
178 187
224 63
194 47
73 8
141 66
78 223
191 212
148 227
18 213
176 106
134 201
152 165
125 180
167 249
198 138
40 120
204 190
77 173
240 156
36 156
189 72
73 53
31 164
105 240
180 215
131 218
30 191
49 167
20 14
57 67
48 44
26 75
168 46
235 220
139 4
179 244
139 125
95 21
59 120
27 208
120 19
237 205
218 61
94 112
133 204
194 199
183 223
91 153
49 139
76 103
29 93
19 120
32 75
166 146
213 143
89 213
175 36
177 182
117 126
167 198
225 142
119 216
205 107
20 79
51 64
181 91
127 157
27 197
114 204
116 10
92 125
183 42
244 137
3 102
63 110
107 10
240 45
115 56
216 206
158 4
174 8
129 159
90 16
249 5
197 241
234 195
62 27
240 169
15 132
170 131
46 240
201 86
119 13
99 174
105 149
117 38
43 33
144 124
215 194
237 226
204 58
216 132
87 81
173 226
30 161
98 34
247 206
95 235
126 97
52 54
37 209
171 78
196 91
60 165
143 150
173 170
169 123
29 183
60 104
209 175
80 177
189 54
71 182
239 42
8 205
22 82
214 207
174 137
121 206
169 236
205 12
215 107
13 142
181 149
117 44
6 234
117 0
50 150
223 11
6 207
15 229
211 147
130 78
92 119
186 75
87 212
4 4
218 197
83 246
212 248
110 206
222 150
30 53
176 81
249 123
248 70
68 78
219 154
228 3
140 62
118 166
150 70
20 135
53 179
96 244
246 191
92 96
98 29
156 78
144 163
197 151
245 238
115 239
8 242
92 29
229 167
102 128
246 103
98 113
188 100
94 124
84 67
189 236
212 24
33 37
46 40
71 130
72 192
59 89
191 37
8 166
59 10
127 61
141 186
162 7
12 250
159 234
158 56
190 214
155 207
250 56
239 144
130 102
215 175
23 119
184 100
92 214
218 172
24 208
44 1
24 168
193 184
21 16
198 5
224 35
23 87
212 45
80 1
33 100
103 134
244 29
74 47
79 175
244 209
50 246
79 204
232 38
176 95
20 191
201 26
93 156
137 97
192 246
41 29
31 121
137 142
178 113
23 130
246 144
122 239
103 81
7 30
168 213
106 56
239 206
30 83
223 114
27 42
146 5
71 245
146 165
165 14
216 237
8 81
88 39
223 20
135 127
117 210
56 41
159 63
0 72
60 26
183 210
177 68
100 21
228 16
28 20
185 224
145 18
248 191
216 201
156 191
221 126
163 126
127 233
18 136
243 72
199 238
239 0
106 27
69 13
7 103
117 207
73 73
229 137
249 148
128 36
86 22
246 90
129 34
31 233
4 131
217 194
171 81
66 124
161 31
195 125
52 142
15 165
77 98
199 155
25 77
220 17
175 19
72 190
186 81
160 123
115 225
105 85
108 104
144 236
46 154
67 241
166 225
18 197
87 92
78 81
156 178
125 68
111 93
51 5
129 119
239 35
204 113
56 69
103 240
250 171
105 120
101 75
33 221
203 185
8 89
123 200
206 4
231 123
167 125
2 72
157 173
108 51
243 231
53 202
13 34
216 223
242 94
199 103
12 73
241 216
11 204
139 99
26 123
227 35
215 32
146 93
85 171
50 39
63 80
64 223
84 137
103 17
196 186
27 239
90 107
46 233
200 248
74 55
207 149
157 236
233 67
188 137
140 25
86 115
199 25
236 234
146 29
223 232
159 243
79 13
207 180
61 207
83 220
24 62
181 236
175 34
193 151
97 246
181 240
167 176
198 178
92 62
121 21
16 7
205 157
4 234
17 238
40 207
195 68
198 237
28 210
42 91
12 108
20 39
143 203
203 22
54 61
102 145
234 61
73 164
113 20
204 224
48 230
237 164
195 201
147 189
79 94
128 98
214 82
223 215
156 149
169 244
248 158
35 220
217 217
193 71
151 38
92 121
112 3
144 21
90 222
84 121
127 229
136 87
60 83
235 96
152 15
94 140
187 15
54 79
0 87
112 17
133 25
63 126
100 244
164 227
2 16
156 136
101 92
76 231
147 41
20 196
2 164
157 22
181 143
34 149
174 87
114 34
218 67
164 28
14 232
28 50
214 119
29 52
246 23
56 150
76 6
190 180
43 185
141 200
83 239
208 8
215 185
86 175
201 40
35 198
41 146
46 101
110 34
126 1
224 177
240 238
108 73
163 206
197 130
40 92
118 185
225 25
212 87
181 175
160 33
111 135
108 116
4 104
64 211
11 67
116 173
153 210
21 222
42 205
174 70
226 228
36 166
62 236
183 127
193 106
72 122
41 108
25 207
130 189
106 36
149 220
38 65
230 150
168 162
10 223
199 189
114 194
139 168
22 186
174 26
130 36
99 249
132 5
38 3
246 210
0 120
129 135
138 78
173 140
159 218
127 96
223 14
222 136
227 37
178 210
33 78
24 26
211 198
98 230
95 48
162 216
168 192
119 65
133 85
174 18
59 134
199 213
181 126
248 3
205 71
102 166
63 204
89 240
225 106
180 117
144 61
66 83
67 218
2 64
46 23
181 167
94 147
158 222
116 33
208 101
212 116
143 47
183 20
170 70
65 59
230 16
163 164
120 185
196 116
226 186
66 153
112 43
63 206
120 129
3 175
198 166
248 58
34 215
108 211
86 38
231 64
88 50
228 175
182 26
218 35
17 236
129 218
170 42
137 25
161 153
222 191
124 81
5 141
175 139
133 75
111 48
231 191
115 178
202 230
117 6
53 63
126 188
103 223
27 52
175 21
80 54
243 113
34 183
141 213
32 218
214 92
188 86
173 197
126 24
89 152
93 45
70 193
179 36
202 94
178 246
37 64
163 59
145 161
210 45
63 208
2 217
140 108
213 25
211 172
115 81
43 199
48 96
184 84
153 236
69 240
120 167
55 170
250 173
247 247
5 103
50 162
70 90
220 105
163 73
139 214
53 104
148 60
74 139
157 57
240 195
140 104
69 29
158 14
17 100
158 232
86 167
105 67
115 234
215 208
91 66
77 76
64 244
146 227
33 109
247 160
101 138
103 172
77 238
214 31
245 247
109 21
48 76
201 13
47 80
57 181
228 214
113 215
107 66
89 19
4 25
231 66
2 177
48 128
3 156
232 162
234 179
14 210
190 123
107 55
174 161
9 65
140 39
191 72
193 224
218 6
214 126
203 166
173 78
165 12
32 165
196 73
57 154
147 121
134 65
59 176
178 81
83 32
226 166
223 141
20 216
85 33
156 4
49 201
17 185
58 233
178 185
207 47
162 140
234 146
177 110
67 30
220 103
184 18
48 55
197 68
178 155
130 17
77 36
206 109
72 85
193 192
122 193
107 106
241 230
58 12
100 132
183 9
176 247
148 30
138 86
187 182
209 40
228 67
179 167
226 69
138 210
78 221
28 66
160 140
49 215
160 223
163 71
231 8
182 144
116 175
140 3
189 230
153 184
34 110
12 36
42 2
76 165
15 241
126 130
127 140
187 230
135 194
35 233
124 238
83 50
15 186
26 240
64 34
217 100
130 42
190 13
113 98
139 107
11 185
154 195
232 192
94 120
81 226
190 203
91 14
167 131
87 1
22 34
88 214
161 175
30 231
115 111
4 59
2 18
135 241
155 117
46 237
186 100
111 113
174 72
15 56
234 34
131 28
217 113
217 29
241 84
45 8
223 23
232 210
4 122
20 68
39 208
108 111
217 243
185 176
1 240
31 185
132 14
235 231
69 117
195 48
242 70
155 63
80 216
31 153
102 187
60 236
62 21
250 77
244 130
141 60
181 217
30 38
134 71
215 171
27 125
124 43
137 214
13 93
58 56
169 177
175 198
190 79
183 159
244 74
141 71
107 154
75 102
193 238
129 174
11 107
67 1
38 183
216 76
136 181
94 91
222 193
100 35
234 161
135 249
152 199
78 106
248 200
85 145
236 45
131 114
107 120
141 50
152 186
69 177
172 241
75 218
156 59
50 41
155 163
11 43
101 134
195 102
72 217
105 204
162 151
229 203
238 19
191 181
22 229
28 6
249 52
96 169
89 13
59 182
239 55
14 249
207 13
210 86
104 221
239 121
147 135
110 117
70 48
100 161
168 133
3 55
24 7
92 238
26 27
57 60
147 212
2 131
223 54
246 155
45 183
1 170
25 99
226 237
189 142
149 177
223 179
154 43
43 187
214 233
215 235
176 180
223 107
11 225
29 240
49 52
193 3
75 2
145 38
121 100
8 154
221 189
