209 36
217 171
47 110
41 51
29 46
150 84
58 187
119 136
186 165
182 122
217 108
194 176
169 125
37 53
52 7
59 154
176 69
210 101
179 169
243 229
226 129
23 98
43 209
122 43
66 227
60 234
107 38
81 153
106 202
200 191
1 16
100 105
217 169
115 51
14 134
44 166
21 121
24 70
57 215
171 177
108 129
2 32
193 227
74 151
168 232
245 166
211 176
84 168
24 202
49 205
135 132
164 104
46 95
35 120
159 157
159 174
3 95
93 200
43 20
227 121
81 14
116 219
138 139
51 168
61 155
174 188
204 160
194 17
12 1
0 217
119 176
248 24
198 92
247 32
29 18
31 37
117 2
178 16
97 92
52 61
45 21
35 114
105 150
217 143
110 199
202 26
75 32
79 152
109 97
223 61
20 194
81 3
35 238
24 136
248 172
177 208
75 116
35 202
193 164
223 217
148 85
112 160
130 245
122 174
50 134
232 143
26 115
133 31
199 4
22 194
117 240
38 151
172 84
46 99
231 18
199 66
97 82
38 46
96 183
220 171
149 29
121 200
107 84
59 247
8 106
67 80
220 183
149 13
117 112
37 20
120 218
173 92
142 81
145 47
187 166
99 111
134 73
18 146
182 0
5 62
212 137
72 116
163 196
199 163
122 28
17 142
160 221
37 55
87 240
124 74
2 129
129 191
21 42
249 45
186 222
49 100
197 239
48 83
125 218
160 114
192 31
195 95
62 162
238 12
219 160
65 195
229 46
21 22
40 190
164 16
74 135
219 101
43 116
18 144
133 219
139 70
205 131
188 225
2 77
203 24
88 52
119 152
42 121
95 103
231 106
245 101
167 112
68 150
137 104
57 65
183 94
14 105
225 19
127 53
9 11
244 233
186 188
210 56
192 88
204 3
234 115
193 182
12 172
125 31
239 72
48 98
86 211
74 40
165 249
24 176
159 31
141 26
234 117
118 125
100 79
183 237
93 236
131 173
84 219
40 36
130 56
223 127
53 33
44 218
35 157
227 106
87 42
5 117
120 159
37 70
198 0
103 170
56 203
62 128
34 85
29 243
83 69
218 47
25 39
173 228
196 132
166 52
143 168
207 102
236 196
214 201
167 79
52 105
212 31
35 196
146 198
54 232
223 102
216 120
26 156
114 177
148 117
60 227
50 217
147 140
92 100
59 102
50 84
109 85
125 101
43 108
71 230
228 155
124 126
118 199
21 89
84 58
237 212
70 115
236 152
86 223
177 150
236 118
181 16
127 244
118 90
52 185
148 62
120 125
230 5
117 9
201 99
51 3
6 154
171 141
91 68
134 208
171 7
206 151
52 196
227 167
164 122
6 210
165 197
196 166
55 65
34 28
100 12
45 82
117 110
97 228
30 72
90 99
25 52
233 229
248 147
0 44
214 14
38 171
2 99
157 171
35 133
156 200
147 161
235 137
126 99
49 180
194 158
190 250
216 30
88 79
53 169
232 92
21 186
139 110
63 7
45 47
220 6
78 84
9 79
152 43
46 173
43 204
118 114
190 129
157 125
192 35
8 112
215 151
55 4
208 219
70 37
193 236
69 92
68 189
159 1
202 92
169 248
61 225
49 130
143 39
28 82
15 174
98 31
99 107
205 226
35 177
137 47
60 128
185 10
70 164
33 219
22 217
131 95
181 222
30 67
38 125
76 58
111 244
211 180
101 77
233 5
23 121
137 224
199 221
211 84
109 204
62 165
31 170
125 29
187 149
219 218
218 83
116 208
235 177
142 171
150 86
171 61
225 240
109 32
203 82
225 48
115 127
147 73
27 67
153 141
97 112
67 28
222 90
153 39
151 71
85 31
22 102
109 56
97 80
196 229
90 120
231 82
99 165
143 135
200 146
115 36
28 64
236 80
220 236
50 28
16 248
129 112
184 192
125 70
124 37
80 105
40 98
136 54
122 47
9 162
10 215
82 214
127 37
109 104
127 30
28 245
13 112
14 172
187 178
230 184
149 40
172 69
13 19
191 41
113 81
114 95
215 62
243 37
64 162
175 208
132 246
129 44
187 131
106 111
54 128
240 129
136 145
196 13
57 156
113 227
208 215
116 203
162 240
208 244
187 8
73 117
1 112
100 169
119 201
128 93
94 155
121 92
121 65
102 162
94 126
221 180
211 28
102 13
249 133
162 103
45 185
18 119
234 131
205 57
3 150
44 196
147 191
33 173
161 116
200 122
228 159
34 175
78 58
128 245
229 87
27 172
231 39
224 108
166 191
234 28
127 8
75 145
205 6
170 163
105 62
172 42
214 189
47 180
101 177
25 146
78 177
172 18
14 107
49 42
185 54
69 0
106 116
154 162
67 229
97 102
130 91
122 202
124 142
96 12
35 11
240 185
233 23
116 68
22 169
51 32
24 213
219 107
26 209
211 142
187 66
191 158
220 212
186 87
241 99
109 75
39 242
72 207
138 103
205 172
67 148
48 162
103 197
135 140
85 108
238 3
111 175
16 39
124 162
66 35
227 18
1 221
111 23
94 224
140 241
15 158
242 242
11 242
37 233
23 37
165 84
157 164
177 197
45 74
39 249
183 135
193 190
47 140
208 48
31 51
114 83
84 186
199 242
25 125
125 3
148 122
11 194
135 64
166 187
79 101
62 45
194 223
248 61
1 123
1 14
213 187
99 42
84 140
131 142
44 16
110 44
249 184
235 202
71 170
131 74
163 172
70 62
76 138
92 38
52 27
185 173
174 225
151 235
109 140
39 43
42 221
205 92
104 2
226 34
165 17
123 140
69 38
50 199
124 150
60 215
227 3
53 121
206 199
85 119
123 82
125 225
64 82
105 6
87 208
227 111
79 76
108 234
173 33
244 222
106 141
215 222
41 223
32 22
116 186
73 124
214 136
49 223
161 144
195 164
84 149
73 75
216 218
8 138
166 162
170 129
119 23
52 127
65 205
162 186
40 175
201 24
83 226
106 23
149 184
75 167
193 20
160 155
54 95
230 237
102 136
106 205
184 104
177 114
20 61
97 27
34 147
114 53
46 167
169 62
133 64
162 229
227 46
166 31
3 133
127 221
213 175
212 200
177 35
77 3
94 170
77 66
198 215
216 227
168 115
176 8
146 80
81 12
26 101
230 37
50 118
72 199
205 112
51 148
207 99
22 245
87 202
113 15
245 207
162 29
180 203
126 175
28 241
228 150
71 124
122 184
202 202
80 85
163 84
194 35
149 234
121 45
172 36
185 114
33 121
89 67
207 104
216 22
47 58
247 153
228 238
56 56
131 247
148 110
150 102
157 202
15 231
113 114
0 98
76 230
34 155
147 60
194 197
69 242
53 173
65 111
212 15
70 249
53 77
182 24
158 88
93 98
50 141
214 2
213 173
175 89
122 227
84 133
250 241
173 142
244 122
47 112
221 29
35 145
9 164
17 104
132 244
139 177
226 109
221 134
9 117
57 89
87 148
10 135
7 28
208 59
58 143
246 121
124 204
86 90
214 6
249 33
19 51
202 174
183 5
209 116
242 195
47 235
142 207
124 59
225 69
176 2
60 33
148 71
110 67
90 238
85 29
126 32
209 84
78 241
153 164
67 51
142 79
203 121
90 242
95 52
109 143
224 209
197 102
205 53
182 17
144 5
88 44
17 82
160 233
189 51
76 240
57 45
207 217
17 102
35 189
244 143
206 59
164 177
212 208
104 122
207 246
217 79
247 225
178 66
218 97
97 156
232 190
50 197
145 176
37 48
52 137
145 148
18 27
104 10
245 152
215 243
0 180
242 115
19 59
232 83
104 112
178 202
182 116
117 22
216 204
162 90
97 190
85 65
204 106
228 42
128 91
37 180
145 27
150 9
58 62
171 63
163 91
197 57
89 36
37 194
28 196
158 184
79 44
185 47
75 72
58 206
110 168
51 200
126 164
11 18
188 155
216 48
196 245
146 122
198 174
238 194
247 88
199 75
179 114
190 137
89 15
90 111
146 116
72 54
184 163
15 135
208 213
143 56
244 194
228 55
130 199
62 54
10 108
61 99
72 160
126 22
8 37
239 240
25 247
87 5
40 124
218 45
109 153
61 153
14 13
72 201
98 214
194 69
188 81
173 159
143 75
173 28
170 199
219 162
92 129
100 223
91 159
67 14
233 87
154 14
98 163
131 201
153 101
106 167
180 42
99 245
164 99
65 1
168 185
223 104
87 195
233 7
11 174
137 231
80 144
182 43
217 81
159 42
88 40
225 184
67 170
155 126
111 88
137 235
136 151
221 53
69 170
173 35
86 110
149 154
178 227
241 197
138 170
80 18
56 242
137 140
20 77
6 2
85 71
61 66
225 67
231 211
119 100
36 111
103 218
115 14
25 114
231 189
206 146
188 105
77 137
238 180
196 46
20 214
202 38
12 223
192 57
101 115
151 75
58 40
127 137
192 213
129 147
223 199
114 145
42 166
190 197
29 84
6 145
146 204
28 225
233 32
193 11
104 242
179 192
57 24
208 4
226 74
19 161
30 235
195 225
37 196
32 231
44 122
165 207
202 127
54 42
236 170
40 90
9 115
76 222
41 11
236 230
222 34
190 97
77 95
101 119
168 148
76 112
61 39
239 187
116 133
192 156
237 52
10 16
41 112
98 23
71 74
1 143
164 186
117 42
187 224
33 137
136 165
34 166
80 192
206 74
180 71
165 237
64 123
211 65
169 69
170 12
198 164
241 72
148 175
172 86
194 207
180 122
88 89
187 187
167 135
41 138
159 153
49 193
15 156
210 126
97 42
203 226
203 96
250 109
37 244
197 171
102 35
135 224
204 69
177 100
81 196
75 182
196 177
111 60
172 1
245 230
142 49
175 13
192 173
221 217
19 99
154 122
77 122
52 76
7 228
94 64
2 149
11 64
127 55
57 36
224 7
46 6
240 2
18 5
136 209
132 124
236 228
0 110
155 51
175 113
153 197
250 160
70 225
48 225
169 103
88 203
167 247
218 241
25 168
201 189
91 193
2 233
3 6
104 44
185 71
69 94
62 223
180 245
200 136
80 185
12 62
177 108
11 56
249 223
224 231
106 81
249 38
231 90
39 108
207 225
211 178
141 223
175 159
139 199
218 245
211 5
79 154
155 97
247 177
19 116
44 28
117 156
69 52
231 169
98 193
7 87
164 188
201 53
204 201
240 37
237 240
232 127
1 172
46 244
73 185
73 159
52 31
4 57
107 131
116 115
135 42
182 118
92 185
243 238
154 19
108 147
150 7
188 198
170 179
187 73
120 204
16 137
151 48
156 221
133 123
38 137
197 193
240 4
75 0
106 234
227 128
83 123
163 144
133 29
42 244
176 249
60 118
227 181
236 94
234 233
73 229
28 174
9 126
207 90
10 73
23 17
59 24
11 164
170 101
55 108
107 247
13 185
59 136
227 239
204 116
42 158
232 150
30 143
199 41
3 242
211 238
123 45
145 22
153 230
219 142
74 230
217 235
171 197
183 80
18 1
192 61
231 136
208 227
83 59
185 120
0 239
230 160
71 114
249 201
123 152
34 249
112 194
39 162
22 123
82 240
194 28
128 1
155 244
249 156
166 155
137 191
20 229
226 205
131 242
88 47
146 62
165 39
145 36
62 220
22 192
161 207
230 97
129 9
210 249
19 152
10 160
159 106
129 40
26 7
206 159
142 247
180 177
79 243
151 175
186 1
61 191
186 89
3 141
119 102
228 84
225 14
31 166
127 3
99 50
22 20
216 136
131 12
172 129
19 163
156 13
225 9
38 101
9 35
184 145
110 3
7 142
71 50
152 147
88 189
179 216
204 123
142 54
177 102
86 247
65 131
178 127
201 42
231 118
19 49
244 236
95 85
234 133
210 212
121 225
81 244
132 101
241 30
160 21
73 152
56 82
115 117
201 156
53 102
30 130
95 82
61 246
38 14
226 16
216 195
159 116
70 168
244 18
235 24
238 142
107 70
97 118
96 144
60 12
206 239
246 200
115 79
83 138
155 23
140 54
85 138
201 121
24 100
160 133
143 65
139 250
227 207
47 130
228 205
20 202
69 230
55 244
103 115
172 38
43 89
238 14
35 179
76 127
205 218
163 95
44 206
169 44
64 20
156 155
164 75
109 193
125 207
0 230
186 201
233 104
240 127
94 180
27 0
144 197
180 190
180 44
240 220
85 161
13 148
54 167
225 122
192 217
54 175
66 200
59 112
171 102
48 247
36 246
62 234
120 84
242 217
129 167
99 91
32 105
42 136
94 23
104 136
34 1
143 17
147 176
67 239
24 185
235 43
45 230
171 5
110 141
0 53
82 188
166 110
41 35
178 136
207 109
85 180
130 11
41 94
185 83
27 9
127 231
74 163
140 37
107 232
180 242
42 37
143 229
214 60
109 172
44 87
194 59
70 64
28 223
246 151
220 148
107 245
17 58
33 73
181 3
234 92
209 179
26 90
188 55
248 50
162 82
128 187
69 158
139 93
9 96
161 244
37 11
81 50
114 78
11 20
224 165
248 86
68 180
158 58
146 223
225 93
30 79
216 153
78 5
188 88
39 41
52 175
103 65
246 146
231 141
9 94
120 174
88 73
19 166
140 154
83 3
192 177
23 66
205 241
209 107
80 77
42 13
110 50
58 68
222 230
6 112
101 199
71 35
131 76
177 3
36 182
44 245
4 64
109 155
182 204
244 58
186 6
232 29
28 91
120 15
118 187
23 218
13 240
188 67
28 89
4 3
135 32
98 148
152 85
240 162
133 67
224 193
10 206
228 228
200 104
163 153
8 211
231 149
22 10
181 232
129 145
205 196
94 182
184 151
93 103
43 207
84 182
109 202
94 122
79 50
106 103
66 73
212 127
216 92
132 196
181 191
144 165
76 129
77 13
40 229
56 158
66 243
32 181
122 191
124 129
112 32
204 147
16 126
178 171
89 46
5 183
147 244
32 107
191 149
189 144
87 32
136 77
151 187
45 31
24 239
177 58
87 64
28 115
62 193
209 188
190 216
16 209
88 231
47 32
154 31
91 189
123 65
102 95
209 245
197 134
82 18
204 108
80 213
144 86
243 165
98 207
175 218
105 246
211 247
242 46
122 116
143 132
41 241
91 174
154 208
139 201
150 114
232 63
113 62
16 128
98 13
176 230
82 169
100 57
209 247
72 102
93 9
80 187
188 116
19 16
104 157
206 201
211 54
74 130
135 166
139 185
23 180
62 109
23 48
239 102
67 7
61 15
167 215
186 171
7 117
168 66
86 74
78 179
86 62
13 140
237 176
246 234
124 184
49 78
207 228
168 29
177 165
7 221
132 83
201 193
19 150
199 219
103 73
179 124
86 76
44 125
197 202
35 140
124 211
39 173
14 32
214 179
40 46
93 178
32 78
15 103
28 99
12 179
130 187
136 246
183 190
104 117
60 178
203 89
73 88
145 167
179 228
20 2
62 186
250 43
236 15
9 19
151 211
230 195
189 153
152 123
222 13
88 100
57 169
83 181
133 27
244 86
25 18
100 136
174 154
200 164
76 105
112 118
248 104
86 169
53 147
137 233
196 148
180 230
178 43
111 30
71 100
170 201
135 234
129 158
110 222
75 133
97 170
77 62
177 244
206 8
64 193
164 145
239 100
151 128
116 72
62 47
111 197
134 35
11 71
28 28
34 102
123 26
61 167
220 146
46 97
100 67
64 32
46 246
68 250
60 108
155 72
90 3
242 85
129 130
86 24
7 187
235 60
115 245
8 170
111 196
136 142
222 98
172 157
210 120
43 60
170 36
198 209
92 170
246 123
86 232
240 47
228 75
5 66
221 234
55 201
18 195
76 96
216 7
216 173
104 168
182 157
154 182
32 227
242 28
125 88
67 5
246 249
151 184
215 143
116 150
234 45
10 240
134 194
178 230
200 127
218 59
125 232
132 217
44 51
113 100
30 211
64 146
228 246
191 11
52 95
172 56
37 235
74 166
133 174
104 102
76 53
148 102
56 160
173 184
158 249
199 81
186 46
156 169
109 195
5 194
212 206
181 152
167 81
178 47
76 198
201 20
43 18
135 153
26 127
241 79
215 12
56 116
59 235
208 38
17 164
65 22
78 216
157 40
135 55
4 17
139 97
46 78
160 135
138 164
117 14
158 140
167 119
200 1
213 33
247 157
58 94
228 216
154 33
177 31
169 32
119 197
176 15
227 131
234 151
150 90
166 137
31 229
48 209
48 147
166 38
67 9
158 200
19 28
153 206
128 22
243 57
203 164
175 107
127 135
214 241
17 65
95 72
57 148
196 118
64 108
111 221
195 57
102 2
64 197
223 52
180 86
238 218
121 13
0 92
39 11
94 96
79 200
94 149
52 163
104 28
107 193
231 95
150 250
121 11
110 52
105 21
133 179
203 18
91 82
188 180
83 71
157 141
161 44
138 40
35 194
88 196
101 130
98 240
153 71
119 67
24 169
98 58
52 187
4 15
207 29
191 241
115 221
209 46
158 211
118 217
117 70
39 145
31 48
201 55
135 7
108 101
212 125
1 223
57 122
63 245
172 71
88 228
8 207
134 217
241 154
74 6
58 139
7 201
95 201
155 236
158 36
56 27
113 130
245 175
119 123
123 138
34 21
128 88
125 64
189 150
237 244
104 80
78 214
139 13
212 75
72 175
173 62
122 142
191 239
175 102
242 80
70 103
7 152
154 16
78 30
48 155
55 98
202 46
188 151
155 21
193 103
40 110
240 33
169 210
174 60
112 53
103 12
166 178
58 28
6 64
189 15
118 150
110 111
185 21
52 198
106 50
50 104
72 58
249 0
146 110
76 220
242 48
166 121
106 210
128 12
43 123
23 137
43 105
219 190
246 5
1 192
54 186
151 79
214 46
140 19
174 206
115 42
219 170
210 27
29 26
187 114
87 191
48 169
106 118
187 71
83 244
45 208
127 94
55 15
79 15
39 126
158 38
213 246
65 225
212 165
108 141
195 156
196 208
87 140
145 244
62 124
147 12
127 190
64 46
42 140
34 217
4 129
73 100
129 117
150 148
61 176
190 218
70 156
125 140
73 119
222 156
9 238
148 159
101 189
150 248
213 238
10 14
99 77
189 74
62 151
149 135
8 77
235 108
219 109
245 84
198 105
45 187
3 232
174 55
121 122
172 183
77 245
238 191
224 124
121 153
111 5
119 86
203 206
156 32
233 43
136 101
24 76
66 135
247 198
166 85
225 113
74 191
127 119
126 250
198 29
134 87
68 72
139 60
167 18
53 181
198 74
14 73
106 122
138 248
62 101
220 47
63 112
180 35
245 156
87 77
216 83
16 118
168 130
109 185
157 45
160 186
65 28
172 9
247 171
239 75
56 187
158 133
225 128
199 64
13 157
222 246
240 218
171 175
176 187
205 136
190 31
242 13
33 202
242 111
231 80
143 201
53 64
214 220
75 184
207 61
23 125
21 44
244 196
142 241
168 178
233 134
55 70
239 104
235 144
243 24
193 111
140 81
185 95
219 156
26 211
83 45
233 27
212 26
210 4
67 40
190 63
16 144
154 60
248 248
71 184
180 80
143 77
74 143
90 57
198 191
218 69
137 42
129 141
209 65
185 64
45 89
4 211
102 43
188 201
203 162
29 192
75 153
71 16
167 164
187 54
136 157
141 202
227 224
14 128
221 155
171 46
11 229
113 55
227 113
39 116
42 110
105 230
186 122
56 95
150 209
171 92
128 107
189 1
111 161
118 134
5 88
194 174
6 161
117 104
92 195
229 8
224 21
79 122
13 86
141 249
129 86
28 134
185 175
250 249
76 31
180 188
54 220
171 133
102 185
167 13
13 67
206 219
242 240
159 250
225 64
212 236
80 107
64 91
186 199
91 236
69 22
56 233
223 194
115 24
38 228
205 170
60 54
246 130
86 226
13 174
119 59
106 72
37 92
244 103
74 220
180 25
66 43
120 51
56 6
63 213
230 54
136 79
47 202
145 96
23 9
120 57
231 6
230 247
40 194
243 161
34 112
247 10
156 85
126 7
126 74
19 113
199 232
81 146
153 51
195 100
205 206
113 60
79 62
230 92
35 64
86 203
28 182
85 131
197 77
181 120
224 26
167 139
155 198
0 131
230 116
138 119
221 127
218 91
88 133
204 137
88 154
173 202
1 157
22 80
195 227
227 14
147 157
209 177
164 60
146 102
81 100
48 23
107 230
186 180
45 17
21 233
34 62
16 221
175 32
232 238
132 110
80 137
166 239
70 207
226 123
21 66
185 182
124 15
214 44
92 223
179 126
138 135
32 216
109 161
94 131
124 131
60 186
53 87
104 92
206 224
92 123
150 59
170 104
13 4
41 117
146 231
215 210
95 153
226 125
67 142
20 26
128 163
130 116
47 84
1 80
150 104
113 112
14 193
56 107
142 42
91 240
126 92
48 157
193 149
9 28
126 72
129 165
198 59
247 132
243 65
9 186
62 97
92 64
193 101
154 12
87 177
21 204
127 235
162 220
39 152
19 46
207 157
196 128
227 203
9 151
4 189
108 186
185 205
59 27
118 205
179 56
139 72
7 66
175 79
230 68
227 103
161 231
163 5
164 199
30 19
250 69
41 192
234 103
95 5
182 36
19 232
142 159
116 91
106 68
72 71
235 135
62 172
215 225
184 208
99 93
46 145
127 87
117 234
93 25
163 156
16 194
242 39
124 202
244 139
153 143
139 32
26 43
12 206
175 165
191 2
144 81
244 129
49 10
113 88
58 159
12 147
161 149
91 75
55 248
238 169
29 29
216 233
59 225
184 133
48 132
24 211
169 214
137 92
102 222
77 52
20 221
185 167
165 68
246 181
173 40
39 147
85 184
244 70
190 61
233 65
38 0
203 156
93 60
188 13
72 48
195 184
107 149
81 9
135 193
40 81
104 202
33 192
89 65
2 29
230 226
86 86
28 190
224 137
135 184
12 234
88 3
24 74
4 176
53 15
168 146
174 179
199 17
41 211
132 34
230 10
96 215
243 84
145 188
226 101
176 104
181 115
200 217
35 47
3 14
234 246
125 25
2 190
17 51
102 45
11 52
33 24
165 156
186 107
157 157
183 90
238 209
192 137
154 89
233 91
97 234
162 218
91 161
88 250
112 38
14 245
186 85
160 80
21 174
112 174
137 180
141 48
225 59
67 216
156 11
200 73
225 111
172 131
23 159
1 96
60 193
211 67
175 196
108 167
179 51
120 207
15 120
157 247
168 43
102 195
195 21
30 149
230 158
116 34
165 71
20 83
39 75
35 172
76 123
174 157
10 246
32 223
237 140
145 112
163 67
173 190
72 231
26 170
12 211
185 93
89 177
116 144
131 131
150 61
160 58
74 64
139 232
182 214
101 217
149 213
80 42
222 38
107 6
218 77
53 21
13 21
1 231
136 228
82 224
248 217
157 109
129 185
198 2
186 197
70 70
24 245
160 180
131 211
66 146
32 152
126 220
137 144
243 133
55 137
198 149
227 218
171 239
86 132
218 49
105 73
161 164
25 0
112 148
32 150
222 248
131 2
239 216
226 211
124 175
131 205
223 234
15 71
137 185
68 133
185 108
165 4
216 60
67 153
5 143
128 240
221 19
108 118
43 160
230 239
244 116
156 91
139 192
249 79
34 13
217 161
48 61
23 228
54 139
1 78
27 58
244 250
154 136
214 244
32 235
83 30
21 163
185 49
224 148
191 110
99 231
149 211
179 2
220 96
166 98
104 239
104 210
62 76
17 155
207 76
3 12
246 139
29 57
148 28
178 104
201 66
216 74
137 31
154 79
229 110
31 172
0 9
229 132
45 108
170 116
55 153
61 13
68 63
223 143
211 213
189 125
209 29
126 227
105 232
96 152
163 149
64 61
113 238
130 243
127 129
2 36
232 125
192 122
236 132
194 203
199 94
113 229
11 217
203 71
144 90
189 127
20 231
101 197
235 22
26 29
172 221
24 132
167 230
73 181
249 220
98 172
29 132
45 235
154 178
15 233
144 194
152 103
245 198
135 67
79 207
155 124
51 52
29 36
108 184
72 166
150 55
39 154
160 88
18 22
5 121
101 165
129 137
198 31
228 248
150 228
14 87
30 50
113 192
104 46
220 157
103 159
190 109
129 57
185 80
200 51
203 13
229 48
41 53
223 83
106 213
204 19
157 12
192 204
193 41
116 125
113 128
2 1
196 124
178 1
60 94
93 27
37 4
217 21
210 206
190 87
248 102
78 96
163 61
21 243
177 97
76 84
202 11
119 0
234 69
63 103
199 240
13 164
138 153
149 236
23 19
83 40
93 173
81 210
78 231
228 69
189 41
78 202
184 1
69 68
12 17
204 155
95 92
165 97
40 67
228 220
31 11
151 213
195 11
147 128
217 106
193 86
54 234
147 37
45 33
126 222
99 56
33 43
39 139
153 212
242 15
93 50
14 179
195 71
16 196
38 82
125 66
197 94
48 114
76 215
69 85
174 81
10 30
64 0
139 27
193 1
21 12
138 206
195 78
187 64
135 48
232 17
159 118
126 65
102 164
193 116
105 12
197 243
126 161
119 209
49 235
3 52
182 53
196 137
101 175
130 51
96 90
131 44
170 149
16 246
219 115
122 151
178 180
168 246
50 143
200 58
83 200
121 193
4 134
144 143
188 90
166 133
205 102
216 67
173 64
238 51
130 110
62 33
122 235
22 7
7 42
115 223
13 183
77 125
63 191
220 117
129 230
147 138
174 230
99 242
122 126
136 236
161 80
196 30
177 125
88 223
28 68
185 135
177 138
169 117
140 222
99 80
148 226
96 207
6 26
91 55
244 90
225 198
154 99
157 2
219 54
49 207
108 223
8 27
12 97
136 134
81 139
236 232
102 117
226 36
26 148
176 17
225 62
13 242
123 29
127 146
94 214
236 47
71 46
50 54
118 69
141 179
181 57
107 124
21 227
146 86
114 162
117 148
32 200
103 93
223 139
212 118
67 132
213 94
227 213
225 76
61 218
100 52
163 14
27 114
140 58
109 233
214 152
76 64
184 165
68 91
69 155
10 236
207 129
103 176
249 162
159 163
220 62
242 35
152 24
216 141
162 33
171 203
152 60
124 116
185 143
68 214
41 219
147 69
24 40
68 192
103 138
196 114
186 243
7 79
62 122
71 122
7 44
188 123
124 167
6 212
16 83
197 3
212 101
80 16
33 115
168 190
246 70
22 235
164 238
81 237
225 238
41 142
188 46
63 202
33 214
95 94
187 144
142 152
17 20
94 142
1 114
89 114
194 19
81 176
124 72
30 28
155 138
183 102
57 87
94 29
145 169
43 52
209 54
32 26
182 216
122 50
44 228
190 170
245 92
244 4
75 29
83 10
236 208
14 20
243 141
227 29
63 121
157 63
172 88
165 163
98 168
174 68
222 21
103 178
88 75
201 203
171 213
42 64
123 124
59 20
68 74
16 180
142 211
129 49
79 173
236 206
7 163
155 190
147 97
215 203
146 152
87 210
149 96
69 140
143 157
105 248
154 149
107 53
15 34
127 159
220 90
183 83
44 189
35 248
90 11
54 243
250 143
198 136
36 78
140 116
112 90
37 170
2 219
76 27
223 176
33 87
131 147
103 41
101 179
148 6
245 63
87 152
140 68
23 68
37 133
30 224
109 180
23 171
45 191
94 136
145 186
8 114
73 49
161 17
59 96
247 1
226 42
232 31
198 50
191 15
183 22
54 126
223 207
217 23
190 23
50 71
148 153
45 124
28 13
75 100
111 214
205 185
150 116
54 67
239 198
194 246
180 65
68 201
33 30
0 176
90 38
67 158
128 148
109 71
186 228
113 136
172 179
141 219
155 193
81 45
70 200
166 130
61 111
117 184
41 82
238 196
79 11
147 95
208 155
233 136
103 100
163 210
202 119
183 120
84 202
212 56
219 224
24 102
25 66
55 25
13 71
216 187
237 178
158 241
22 26
229 157
165 135
42 77
179 138
54 177
23 200
245 141
89 210
172 225
101 83
169 238
33 58
86 249
201 57
44 232
167 53
149 94
93 68
132 73
136 19
218 167
247 208
176 126
181 228
53 222
214 218
214 141
13 103
47 242
87 230
222 36
95 7
29 122
236 157
44 120
249 35
44 78
104 36
161 227
69 17
60 40
247 212
202 248
82 147
40 44
124 0
80 109
139 52
222 148
205 47
152 248
193 201
119 112
9 21
210 7
239 53
197 66
192 39
207 205
145 219
42 178
132 137
96 192
98 105
137 133
168 137
229 41
21 0
93 55
14 45
6 77
77 68
29 176
13 144
89 154
223 181
32 103
155 65
162 188
208 147
239 83
49 31
150 207
240 120
197 180
101 42
46 224
74 38
114 160
228 161
36 101
157 243
49 87
238 10
25 217
39 19
128 38
31 57
235 226
99 138
220 185
61 163
70 191
97 242
109 174
99 167
3 24
175 27
44 159
157 0
215 66
154 217
214 183
65 191
21 37
232 240
26 137
8 161
245 132
20 244
73 1
161 68
199 193
144 152
159 192
85 164
72 145
57 152
126 107
63 211
196 182
75 114
198 147
3 75
70 166
231 157
149 11
245 232
70 54
136 207
243 92
177 14
44 6
168 36
101 170
65 178
8 223
218 27
121 176
54 85
185 161
211 41
73 244
40 83
7 53
133 167
142 130
88 91
6 170
234 85
157 117
161 179
3 143
241 161
181 22
57 237
146 206
207 186
200 132
4 163
152 69
185 73
21 87
39 4
21 110
46 52
17 153
56 34
177 195
162 124
19 94
96 148
94 17
211 103
195 193
229 18
61 56
58 54
221 169
238 44
57 211
212 130
51 195
59 66
146 202
20 81
200 215
214 237
159 182
171 165
167 45
181 238
145 20
41 155
179 15
66 137
54 13
122 19
131 185
7 101
2 180
241 92
198 113
107 133
115 227
42 228
209 6
232 53
105 227
188 0
138 9
124 248
121 139
136 148
41 96
114 232
199 153
171 169
228 39
27 175
125 124
158 86
193 234
243 203
56 226
82 1
40 119
87 127
49 8
189 212
106 4
139 161
3 191
131 112
207 196
71 88
17 120
201 142
111 58
122 237
100 140
5 23
46 38
210 115
47 42
13 194
136 5
234 244
132 4
242 234
202 70
248 94
91 112
247 84
67 83
85 113
146 71
9 216
107 64
75 46
161 63
249 204
106 8
33 171
2 168
153 64
11 142
93 160
136 106
98 101
242 236
94 89
5 52
141 118
61 120
49 120
160 19
137 111
87 108
36 15
170 21
165 91
216 44
104 14
144 79
230 84
223 76
80 160
194 229
55 246
25 41
150 24
120 163
200 230
69 142
154 147
192 163
116 146
218 199
60 110
143 92
40 227
231 87
69 238
110 1
237 144
208 27
98 191
163 18
152 90
147 112
70 105
33 9
101 44
49 117
246 179
113 49
38 206
72 63
249 189
89 1
238 207
180 145
250 93
179 232
240 28
50 229
30 103
243 33
182 32
1 151
181 158
160 217
232 147
138 105
184 198
154 168
146 134
163 214
197 219
99 123
175 115
249 2
146 104
72 10
61 95
238 119
60 149
90 191
186 69
0 219
240 21
55 172
139 11
240 122
123 118
198 230
215 134
233 208
76 228
191 235
242 249
237 203
211 35
86 58
238 157
16 214
92 70
94 158
241 243
191 225
119 25
216 85
164 220
185 62
131 213
53 5
229 182
153 193
78 34
112 134
206 100
177 169
97 232
0 37
45 106
144 159
244 22
38 167
12 15
171 67
11 86
100 117
207 194
92 16
107 139
156 53
160 151
40 2
89 229
35 55
84 38
158 135
232 250
58 82
15 143
40 77
94 70
9 43
126 51
158 10
22 205
250 112
72 90
63 185
2 230
175 141
223 9
164 34
63 95
157 55
208 145
121 172
180 234
180 181
223 25
220 191
87 30
189 240
92 127
37 168
114 243
39 192
167 47
165 153
8 15
59 179
29 163
246 236
34 240
173 155
100 127
247 149
98 205
193 49
173 80
154 45
64 136
211 96
33 51
128 59
151 5
27 224
164 240
184 171
236 139
32 38
168 187
111 246
145 139
125 82
145 229
17 93
1 178
11 77
54 198
142 20
155 132
131 166
37 127
33 139
175 109
30 119
196 70
248 150
24 148
194 9
231 230
68 31
189 172
169 212
81 43
143 170
210 163
144 184
220 98
92 141
78 17
250 122
35 45
73 16
234 219
122 249
149 151
109 92
19 186
99 33
100 129
207 132
210 124
219 2
186 137
63 164
104 189
141 243
113 211
243 109
218 141
40 137
99 176
184 69
188 129
194 186
176 167
235 204
182 245
135 105
243 212
179 128
12 45
164 89
156 89
69 182
70 52
202 90
46 76
1 30
223 92
2 54
174 83
89 224
93 86
35 92
52 1
143 242
222 138
141 221
1 174
132 81
65 109
237 59
163 97
206 214
218 121
209 76
18 60
206 138
227 48
177 228
0 224
208 21
201 232
245 211
71 205
84 23
185 8
238 171
98 125
233 232
52 149
35 181
232 55
71 11
69 120
82 140
173 214
240 14
104 95
22 203
224 110
220 200
154 85
102 220
240 241
130 163
27 192
43 32
16 77
59 207
247 189
196 59
158 155
29 141
21 78
129 220
7 36
68 156
81 98
71 238
145 192
2 211
207 12
86 79
228 226
21 172
236 210
162 177
159 44
92 23
2 244
95 205
66 214
229 82
79 3
57 114
29 152
187 2
1 55
176 48
26 54
221 142
120 244
190 141
210 236
144 231
149 31
69 228
61 195
131 177
56 214
131 80
128 5
213 115
204 180
43 219
48 178
127 173
41 153
100 206
53 165
63 75
8 229
248 9
166 193
159 231
17 45
147 118
173 89
204 165
176 57
97 249
27 88
249 22
57 58
179 214
115 70
201 82
96 146
194 74
76 108
227 174
80 79
137 178
173 82
118 92
10 55
139 137
218 227
67 93
109 94
224 75
57 4
240 208
32 148
22 39
220 238
71 0
230 220
113 158
231 15
28 159
237 187
4 8
15 152
139 95
155 108
229 99
209 39
13 230
168 64
202 176
168 199
58 226
46 228
156 195
78 7
160 184
83 119
46 181
46 45
228 86
134 247
95 190
53 17
101 65
82 52
224 18
66 150
242 10
211 174
102 105
2 166
156 87
74 216
138 54
193 29
137 61
23 104
169 234
173 37
30 134
104 110
212 162
159 108
14 69
135 34
144 227
107 21
78 41
115 97
192 18
1 201
224 37
165 224
222 79
135 24
191 25
94 184
247 34
164 69
89 112
115 154
113 178
222 62
162 19
57 1
175 232
137 125
210 43
23 246
22 110
156 234
149 129
110 224
176 116
50 77
19 0
41 0
206 155
8 136
130 15
50 50
102 160
15 201
185 51
55 156
75 214
171 124
219 126
29 62
149 38
239 164
70 72
83 92
235 163
31 151
215 216
108 106
172 188
58 34
189 182
234 210
138 155
74 105
198 128
152 229
51 215
3 195
205 232
65 126
5 13
44 76
65 20
56 212
113 219
190 156
218 17
43 47
179 221
95 19
113 36
228 202
81 135
213 27
182 239
143 31
173 74
173 20
20 249
242 163
19 111
171 205
81 190
33 2
138 226
168 110
176 210
155 101
9 87
118 72
85 92
232 194
41 68
246 96
92 229
145 92
87 225
133 206
150 152
111 158
169 6
22 219
11 96
181 55
90 249
1 122
52 220
149 112
190 35
85 225
211 94
134 136
113 42
10 211
242 232
147 3
9 104
145 221
55 199
158 224
81 174
5 101
133 212
12 248
99 157
189 65
191 237
11 94
82 212
159 121
246 58
112 154
168 22
144 130
47 223
41 209
194 124
181 247
141 83
109 145
82 202
214 205
163 120
100 221
245 72
100 10
96 154
204 208
25 9
134 23
238 1
168 20
4 243
135 226
111 75
196 175
73 215
236 130
143 19
42 217
104 219
115 216
168 121
48 57
120 161
75 37
115 129
8 134
218 8
73 246
135 215
102 168
217 155
85 122
194 195
248 82
86 153
79 83
127 217
40 128
34 106
72 18
14 195
95 157
245 16
221 51
69 50
127 165
131 197
22 29
73 28
174 143
202 187
32 72
28 34
185 190
207 6
248 187
210 75
183 152
68 168
65 6
165 95
92 148
151 50
194 166
233 177
234 248
232 176
146 82
249 81
195 149
58 137
224 101
244 111
65 148
98 221
102 79
217 98
14 0
21 125
189 57
179 34
29 10
19 137
45 220
155 205
33 184
28 212
144 134
80 147
28 123
104 191
156 161
11 238
98 247
67 21
26 144
140 41
46 147
31 88
26 245
37 153
195 93
75 228
42 66
49 233
147 100
104 146
246 3
124 27
249 120
186 133
116 40
99 48
164 82
208 71
178 175
232 248
237 155
18 215
189 25
160 225
3 240
111 143
43 0
3 117
79 145
170 4
230 62
217 157
200 226
209 195
158 127
178 70
241 109
235 26
189 33
53 11
159 172
119 110
122 75
115 16
57 171
22 62
183 143
155 242
172 150
208 249
97 216
98 11
160 7
223 112
97 226
63 239
10 122
170 114
104 4
167 237
124 107
10 113
107 88
151 22
234 30
185 45
172 199
240 74
174 23
78 198
217 43
184 122
63 28
10 36
6 24
159 48
125 55
109 30
157 107
28 11
185 102
141 73
191 20
56 61
111 95
163 208
145 237
159 167
70 132
183 108
93 206
28 136
137 33
217 225
62 81
241 77
187 160
164 155
151 240
243 107
114 175
209 94
34 56
42 28
21 28
42 188
156 134
185 207
218 237
92 231
82 79
162 115
130 149
44 23
165 106
99 233
63 225
175 6
237 72
143 62
121 124
245 20
187 39
58 213
213 66
131 203
8 47
81 242
94 168
84 170
136 63
43 30
26 184
75 125
15 46
147 220
18 130
209 186
140 248
41 243
62 11
112 213
134 69
154 166
92 10
100 159
55 96
178 212
5 187
145 132
231 178
220 210
11 121
14 181
173 22
248 43
44 239
110 154
194 117
212 82
0 150
228 53
113 71
14 203
33 113
91 172
64 44
28 143
139 179
229 106
189 232
74 58
105 64
107 86
62 62
26 249
127 219
248 170
67 23
58 149
141 12
60 97
119 165
102 67
145 150
209 165
114 68
96 29
227 188
0 200
79 28
109 149
113 96
108 243
144 208
70 77
161 205
26 135
173 223
228 114
145 190
115 241
218 105
148 8
125 53
34 23
23 88
79 133
130 156
163 170
229 22
146 144
12 123
82 106
65 80
39 244
218 25
204 5
216 241
48 126
187 95
51 180
209 103
4 106
82 186
114 218
97 20
165 189
54 188
225 28
91 8
10 154
18 3
67 190
13 43
229 173
91 199
121 217
60 130
88 98
130 184
128 51
98 244
155 76
102 201
20 85
7 168
5 185
45 58
186 91
216 13
163 230
158 220
196 75
13 53
132 23
167 91
129 3
166 43
14 247
26 65
157 193
31 193
192 26
73 84
85 209
77 82
59 14
25 88
203 40
133 44
212 144
87 146
213 209
195 113
4 50
105 104
232 78
233 124
55 168
18 80
219 222
96 78
163 198
228 189
140 106
4 181
23 173
54 6
196 249
172 65
87 221
126 59
129 241
118 172
128 189
136 120
101 242
222 213
109 182
79 91
159 79
58 22
127 75
115 49
228 44
143 27
79 135
129 76
229 149
168 152
77 29
149 49
69 15
51 21
42 92
79 52
75 66
168 3
15 54
178 106
221 115
181 127
148 246
110 173
102 15
9 106
21 190
57 183
107 182
143 220
214 85
86 129
205 98
69 236
175 134
219 225
139 62
43 58
21 176
192 13
228 101
90 69
151 28
48 40
171 223
141 184
57 135
198 132
105 101
5 79
211 77
245 205
20 119
74 232
59 237
93 84
206 216
76 110
52 144
166 80
123 209
180 227
81 200
144 54
132 163
5 152
128 161
237 135
55 106
90 53
164 212
215 94
39 160
31 199
25 205
56 205
19 44
184 215
250 103
112 94
162 88
24 123
44 136
15 184
155 44
166 228
194 214
18 78
127 241
188 17
236 179
37 76
176 0
164 53
99 9
171 40
143 209
1 7
216 42
119 8
130 13
2 228
244 147
50 209
122 181
84 160
144 29
89 216
48 245
237 101
241 66
13 55
1 52
44 237
43 118
173 109
108 122
39 34
154 87
1 39
150 186
164 222
152 227
29 48
45 214
12 200
122 186
240 11
97 94
60 145
24 144
18 209
241 204
52 111
159 46
103 91
83 113
168 68
106 192
223 197
166 2
173 177
100 113
134 33
138 208
181 189
199 83
43 190
109 23
21 137
81 151
81 163
67 182
2 74
221 187
29 161
38 77
17 234
214 38
168 150
81 69
125 229
244 182
135 150
96 36
161 171
140 159
32 0
182 34
46 88
12 232
150 106
62 41
102 52
101 81
77 208
95 134
78 123
81 128
135 180
214 117
142 199
72 39
164 80
192 63
73 183
65 107
88 248
178 29
7 144
146 163
247 72
246 56
57 231
6 189
152 209
12 113
118 174
179 194
201 166
172 206
55 88
95 27
37 139
134 3
116 205
194 115
51 206
128 175
247 220
94 46
11 54
79 209
218 63
62 43
72 128
108 67
43 197
2 97
226 175
208 75
230 249
81 250
183 55
242 22
42 46
203 53
93 81
94 207
10 63
221 55
194 178
52 217
10 124
19 67
228 126
204 93
31 93
87 113
203 91
174 128
161 196
32 28
133 7
126 110
25 171
42 98
147 39
195 2
18 76
246 221
85 221
199 19
215 80
172 60
4 1
217 34
70 86
110 42
209 73
163 184
65 151
24 158
92 139
12 13
189 210
166 28
214 131
192 9
3 30
14 2
169 170
12 227
202 146
174 135
141 10
78 109
172 54
27 19
140 163
88 17
61 113
20 219
176 206
213 84
217 65
200 84
236 70
124 105
112 34
2 82
234 42
165 229
188 214
73 33
208 207
64 138
24 134
55 80
30 181
191 33
67 151
217 134
24 178
244 145
10 61
198 176
0 190
207 137
213 150
55 86
250 222
100 173
80 194
82 159
209 125
91 36
105 38
112 21
72 20
63 2
120 202
33 111
45 19
60 172
39 54
28 230
89 104
143 73
182 150
120 199
230 70
33 93
56 43
51 228
50 132
0 129
189 238
73 115
43 84
122 189
112 142
202 168
66 91
59 81
86 165
100 214
48 71
11 34
78 32
133 13
17 151
199 145
100 201
201 18
195 76
50 82
124 219
134 134
112 1
39 216
199 236
49 161
239 123
242 68
0 202
50 191
63 243
75 74
6 136
176 136
110 106
124 99
241 55
179 63
245 30
224 66
61 79
116 66
31 9
171 90
144 63
20 145
112 19
67 95
236 201
238 211
7 98
139 117
214 56
137 193
160 219
100 46
223 68
134 5
128 156
145 40
138 19
191 143
21 103
95 237
186 142
219 29
243 152
88 58
111 81
128 95
218 158
80 202
123 225
66 250
167 96
204 158
233 36
67 179
133 242
166 123
124 236
201 144
87 28
20 30
54 203
164 30
166 220
246 60
39 21
148 115
51 103
22 184
219 243
8 100
154 180
83 151
137 118
80 198
106 215
236 218
163 248
32 183
130 4
166 0
95 179
212 43
108 8
81 208
185 159
107 228
63 218
35 126
106 208
38 71
65 217
134 138
222 182
9 168
62 227
77 170
97 179
202 68
33 12
208 221
199 130
105 16
197 48
237 133
240 68
235 58
127 6
65 8
190 27
162 142
146 159
221 2
22 69
8 247
175 223
246 86
23 146
189 99
195 111
157 105
131 8
248 240
110 148
232 85
0 50
238 74
246 74
195 247
75 245
38 169
153 242
153 124
222 184
110 73
135 129
35 87
75 82
146 130
100 23
222 171
60 22
116 168
230 147
192 215
131 129
148 222
179 23
156 99
27 97
77 115
249 135
190 131
172 230
130 85
48 159
61 210
94 48
71 243
60 143
21 18
119 104
157 162
215 40
204 111
196 112
47 125
169 91
130 94
181 41
95 217
125 166
25 238
229 212
134 227
188 249
43 134
117 4
101 90
41 59
206 233
131 175
150 100
246 62
96 120
117 25
242 117
6 46
219 134
9 213
210 15
45 116
50 169
41 123
145 199
209 197
117 249
191 171
214 75
245 177
4 77
141 161
6 130
30 55
54 190
247 125
56 47
92 197
112 176
33 157
120 27
116 232
13 204
152 176
169 168
60 174
76 135
40 65
34 200
34 190
57 112
194 88
29 81
158 77
151 113
104 75
176 59
105 87
49 142
21 41
202 137
106 46
226 44
161 5
54 218
176 98
91 12
115 229
134 196
99 131
128 131
220 4
12 166
203 241
51 59
108 209
11 198
238 103
34 151
75 77
13 228
53 200
184 92
234 170
34 104
91 103
41 151
174 76
96 181
31 73
121 137
36 13
206 20
75 118
179 20
225 103
6 14
46 114
129 176
106 109
175 74
69 197
67 177
177 193
218 239
10 81
4 54
65 199
111 36
229 20
247 101
61 238
51 120
95 50
104 26
17 187
208 15
3 193
180 205
18 180
13 57
132 93
42 226
147 19
145 106
76 213
22 144
34 66
146 91
26 158
118 88
171 32
88 102
173 94
33 233
6 128
99 216
8 45
147 124
157 51
224 183
232 69
120 90
98 210
47 8
10 166
199 85
24 112
173 7
151 230
225 207
18 39
228 124
124 224
234 228
154 91
238 189
54 69
6 89
152 218
154 134
61 126
206 48
173 5
11 128
33 60
216 122
113 244
73 56
178 187
223 63
194 47
73 8
142 66
78 223
191 212
148 227
18 213
176 106
134 202
152 165
125 180
167 249
198 138
40 121
204 190
77 172
240 155
36 155
189 72
74 53
31 164
105 240
181 215
131 219
30 191
49 167
20 14
57 67
48 44
26 75
169 46
235 220
139 4
179 244
139 125
95 21
59 120
27 208
120 19
237 205
218 61
95 112
133 204
194 199
183 222
91 153
49 139
76 103
29 93
19 121
32 75
166 146
213 143
90 212
175 36
178 182
117 127
166 199
225 143
119 216
206 107
20 79
51 64
181 91
127 157
27 197
114 204
116 11
92 125
183 42
244 137
3 102
63 110
107 10
241 45
115 56
216 206
158 3
174 8
130 160
90 16
249 5
197 241
234 195
62 27
240 169
15 132
170 131
46 239
201 86
119 13
99 174
105 148
116 38
43 34
145 124
215 194
237 226
204 59
216 132
87 81
172 226
31 161
98 34
247 206
95 235
126 98
52 54
37 208
171 79
196 91
60 165
143 150
173 170
169 123
30 183
60 103
210 175
80 177
189 53
71 182
239 42
8 205
22 82
214 207
175 137
121 206
169 236
205 12
215 108
13 142
180 150
117 44
6 234
117 0
50 150
223 11
6 207
15 229
211 146
130 78
92 119
186 75
88 212
5 5
218 197
82 246
212 248
110 206
222 150
30 53
176 81
249 124
248 71
68 78
219 154
229 3
141 62
118 166
150 69
20 135
53 179
96 244
246 191
92 96
98 29
157 78
144 163
197 151
245 238
115 239
9 242
92 29
229 167
102 128
246 103
98 113
188 101
94 124
84 67
189 236
212 24
33 37
47 39
72 130
72 192
59 88
191 37
8 166
58 10
127 61
141 186
162 7
12 250
159 234
158 56
190 214
155 207
250 57
239 144
130 102
215 174
22 119
184 100
92 214
218 172
24 209
44 2
23 167
193 184
21 16
198 5
224 35
23 86
212 45
80 1
34 100
103 134
243 29
74 47
79 175
244 209
50 246
79 204
232 38
176 95
20 191
200 26
93 156
138 97
192 246
41 29
31 121
138 142
177 112
23 130
246 144
122 239
103 81
8 30
167 213
107 57
239 206
30 83
223 114
27 42
146 5
71 245
146 165
165 14
216 237
8 81
88 38
223 19
135 126
117 210
56 41
159 63
0 72
60 26
184 210
177 68
100 21
228 16
29 20
185 224
145 18
248 191
216 201
156 192
221 125
163 125
127 233
18 135
243 72
199 238
240 0
106 27
69 13
7 103
117 207
73 73
229 137
249 148
128 36
86 22
246 90
129 34
31 233
4 131
217 193
171 81
66 124
161 31
195 126
52 142
15 164
77 98
199 154
26 77
220 17
175 19
72 190
186 81
160 123
116 225
105 85
107 104
144 236
46 154
67 241
165 226
18 197
87 92
78 81
156 179
125 68
111 93
51 5
129 119
239 35
204 113
56 69
103 240
250 171
105 120
101 75
34 221
203 185
8 89
123 200
206 4
231 123
167 125
2 72
157 173
108 51
243 231
53 202
13 34
216 223
242 94
198 103
12 73
241 216
11 204
139 99
26 123
228 35
215 32
147 93
85 171
50 39
63 80
64 223
84 137
103 17
196 186
27 239
89 108
46 233
201 247
74 55
206 149
157 236
233 67
188 137
139 25
87 115
199 25
236 234
146 29
223 232
159 243
79 13
208 180
61 207
83 221
24 62
181 236
175 34
192 151
97 245
181 240
167 176
197 178
93 62
121 21
16 7
205 157
4 233
18 238
40 207
195 68
198 237
28 210
42 91
12 109
20 39
143 203
202 22
54 62
102 145
233 61
72 164
113 20
204 224
48 230
237 164
195 201
147 189
79 94
128 98
214 82
222 215
156 149
169 244
248 158
35 220
217 217
193 71
151 38
92 121
112 3
143 21
90 223
84 121
127 229
136 87
60 83
235 96
152 15
94 140
187 15
54 79
250 87
112 17
133 25
63 126
100 244
164 228
3 16
156 136
101 92
76 232
147 41
20 196
2 164
157 22
181 143
34 149
174 87
114 34
218 66
164 28
13 232
28 50
214 119
29 52
246 23
57 150
76 6
190 180
43 185
141 200
83 238
208 8
215 185
86 175
201 40
35 198
41 145
46 101
110 34
126 1
225 177
241 238
108 73
163 206
197 130
40 92
118 185
225 24
212 86
180 175
160 33
111 135
108 116
4 104
65 212
11 66
116 173
153 210
22 222
42 205
174 70
226 227
36 166
63 236
183 126
193 105
73 122
41 108
25 207
130 189
106 36
149 220
38 65
230 150
168 162
10 223
199 189
114 194
139 168
23 186
174 26
130 35
99 249
132 6
38 2
246 209
0 120
130 135
138 79
173 140
158 218
127 96
223 15
222 136
228 37
178 210
34 78
24 26
210 199
98 230
96 48
162 216
168 192
119 65
133 85
174 18
59 134
199 213
181 125
248 3
205 70
102 166
63 204
89 240
225 106
180 117
145 61
66 82
67 218
2 64
46 23
180 167
94 147
158 222
116 33
208 101
212 116
143 47
183 20
170 71
65 59
230 16
163 164
120 185
196 116
226 186
65 153
112 43
63 206
120 130
3 174
198 166
249 58
34 216
108 211
86 38
231 65
88 50
228 175
182 26
218 35
17 236
129 218
170 42
137 25
161 153
222 191
124 80
5 141
175 139
133 75
111 49
230 191
115 179
202 230
117 7
52 63
126 188
103 223
27 52
175 21
80 54
242 113
34 183
141 213
32 218
213 92
188 86
173 197
126 24
89 152
93 45
70 193
178 36
202 95
178 246
37 64
163 59
145 161
210 45
63 209
2 217
140 108
213 25
212 172
116 81
43 200
48 96
184 85
153 236
69 240
120 167
55 170
250 173
246 247
5 103
50 163
70 90
220 105
164 73
139 214
53 104
149 60
74 140
156 57
240 195
140 104
69 29
157 14
17 100
158 232
86 167
105 67
115 234
215 208
91 66
77 76
65 244
146 227
33 109
247 160
101 138
103 172
77 238
214 31
244 248
109 21
48 76
201 13
47 80
57 181
228 214
113 214
107 66
90 18
4 25
231 66
2 176
48 129
2 156
232 161
234 179
14 209
190 123
107 55
174 161
9 65
140 39
191 72
193 225
218 6
214 126
203 166
173 78
166 12
33 165
196 73
57 154
147 121
134 66
59 176
179 81
83 32
225 167
223 141
20 216
85 33
156 4
49 201
17 185
58 233
178 185
207 47
162 140
234 146
177 110
67 30
220 103
184 19
48 55
197 68
178 154
131 17
77 36
206 109
72 85
194 191
123 193
106 106
241 230
58 12
101 132
184 9
176 247
147 30
138 87
187 182
209 41
228 67
178 167
227 69
138 210
78 221
28 66
160 140
49 216
160 223
163 71
231 8
182 145
116 175
140 3
189 230
153 184
34 110
12 36
42 2
76 165
15 241
126 130
127 140
187 229
136 195
35 233
124 238
83 50
15 186
26 240
64 34
217 100
130 42
190 13
113 98
138 107
11 185
154 195
232 192
94 120
81 226
190 203
91 14
167 131
87 1
22 35
88 214
161 175
30 231
115 111
4 59
2 18
135 241
155 118
46 237
186 100
111 113
174 72
15 56
234 34
131 28
217 114
217 29
241 83
45 8
223 23
232 210
3 122
20 68
39 208
108 110
217 243
185 177
1 241
31 185
132 14
234 231
70 117
195 48
242 70
155 63
80 215
31 153
102 187
61 236
61 21
249 77
244 131
141 60
181 217
30 38
134 71
215 171
27 125
124 43
137 215
13 92
58 56
169 177
175 198
190 79
183 159
244 74
142 71
107 154
75 102
193 238
129 174
12 107
67 1
37 184
216 76
136 182
94 91
222 193
100 35
234 161
136 248
153 199
78 106
248 199
85 145
236 45
131 114
107 120
141 50
152 186
69 177
172 241
75 218
156 59
50 41
155 163
11 43
101 134
195 102
72 217
104 204
162 151
229 203
238 20
191 181
22 229
28 6
249 52
96 169
89 13
59 182
239 55
14 249
207 14
210 86
104 222
238 121
147 136
110 118
70 48
100 161
168 133
3 55
24 7
92 238
26 28
57 60
147 212
2 131
223 54
247 155
44 183
1 170
25 99
226 237
189 142
149 177
223 178
154 43
43 187
214 233
215 235
176 180
223 107
11 225
29 239
48 52
193 3
75 2
145 38
121 100
8 154
221 189
