206 34
217 171
47 110
41 51
29 46
150 84
59 187
118 137
185 166
182 123
215 108
192 176
170 124
37 54
51 8
60 156
176 71
211 104
179 169
244 227
226 130
22 96
43 210
122 43
66 227
61 232
108 39
80 155
106 201
200 192
1 17
101 107
216 168
116 49
14 133
43 168
21 119
22 72
56 217
172 177
108 128
4 32
194 226
76 150
167 233
246 165
211 177
81 166
26 202
49 205
136 132
164 105
47 95
36 120
158 158
159 173
4 96
93 202
42 17
226 120
81 15
115 220
141 139
52 169
61 158
176 189
204 160
194 17
10 2
0 216
119 178
247 25
197 94
245 32
29 17
32 36
116 2
178 16
98 91
51 60
44 21
35 116
104 151
218 142
111 199
203 27
76 33
79 152
108 97
223 60
20 192
81 3
35 238
23 137
246 172
177 208
76 116
35 203
193 164
224 218
147 86
111 160
131 247
122 175
50 133
230 142
23 117
132 31
200 6
22 196
117 239
39 151
172 85
46 99
233 17
198 67
97 82
39 49
99 183
220 173
152 30
124 197
107 83
60 248
7 106
66 78
218 184
148 14
117 111
37 20
120 219
175 93
142 81
145 46
190 167
99 110
135 74
18 148
182 1
6 60
211 137
69 116
163 195
198 160
122 27
17 142
160 220
38 57
88 242
122 74
2 128
127 193
23 42
249 45
187 219
52 99
196 236
48 85
124 216
158 112
191 31
191 95
63 162
238 10
217 160
65 195
229 47
21 23
39 189
161 15
73 136
217 101
43 115
18 146
133 220
138 70
204 128
187 226
1 75
204 25
88 51
121 155
42 120
94 104
232 105
244 102
165 110
69 150
135 103
58 66
182 96
12 103
224 20
126 52
9 8
244 232
186 187
211 54
193 89
204 1
234 114
194 182
12 171
125 31
239 72
49 98
84 210
74 40
165 249
25 177
158 29
141 28
237 113
116 123
101 79
184 237
92 233
132 172
83 218
37 37
132 57
222 129
53 33
43 217
34 160
226 106
85 42
4 116
119 160
37 68
197 0
105 170
54 203
62 129
35 85
30 243
82 70
218 47
26 39
172 229
193 133
166 53
141 167
206 103
235 195
213 200
167 78
50 106
211 32
36 196
148 196
53 230
222 102
216 120
25 154
115 177
149 117
61 228
49 215
148 140
91 98
58 102
50 85
109 83
127 103
43 108
72 230
227 154
124 126
116 198
21 89
84 57
237 213
70 113
236 151
87 221
176 148
236 117
182 16
126 244
119 90
51 186
148 64
120 125
230 3
117 10
200 100
52 2
6 152
170 143
92 68
134 207
171 7
206 151
53 195
228 166
164 123
5 211
164 199
196 166
55 65
36 30
99 10
46 82
116 109
97 227
27 72
91 100
23 52
234 229
249 145
1 46
214 12
40 172
1 100
155 173
36 134
157 200
148 160
235 139
125 101
49 179
194 158
190 250
217 32
86 82
54 170
233 91
21 184
138 110
62 7
45 47
219 5
77 85
10 80
153 43
46 174
42 204
119 112
191 129
159 127
195 35
8 112
214 150
55 5
210 219
71 37
193 236
69 91
68 188
159 2
202 91
168 247
61 224
48 130
144 39
30 83
16 174
100 31
99 106
204 225
35 177
136 47
58 127
184 10
68 164
33 219
24 219
132 98
181 221
31 68
36 125
77 59
111 242
210 182
101 75
235 7
24 122
137 225
200 222
209 82
109 204
62 166
31 169
128 29
188 148
221 217
218 86
116 208
236 176
141 172
149 87
169 60
224 242
108 30
203 81
226 49
114 127
147 74
26 67
151 143
97 111
69 28
222 90
154 38
150 69
84 31
23 103
107 57
97 80
197 227
90 120
230 81
97 164
144 136
201 145
116 36
28 64
237 79
220 236
50 27
16 248
129 113
186 194
125 70
122 35
79 105
40 98
136 53
122 48
11 161
11 215
83 215
124 39
111 104
127 30
29 247
16 112
16 172
187 178
231 182
149 42
170 68
13 19
190 41
112 82
114 94
213 61
242 37
64 163
175 207
132 248
128 45
185 129
105 110
53 130
241 130
135 147
199 10
56 156
114 229
206 214
115 203
161 238
209 242
188 7
74 117
3 111
99 168
119 200
128 94
94 154
120 93
121 67
103 162
96 129
218 178
211 27
101 13
248 133
162 103
44 186
17 119
233 129
204 57
3 149
44 194
146 192
33 175
162 113
201 124
227 160
36 175
77 57
127 246
229 88
27 171
231 40
223 108
166 191
233 29
126 9
75 146
205 6
170 163
105 60
172 43
213 190
47 180
101 177
26 148
76 175
170 16
12 105
48 42
184 56
69 1
107 116
153 161
65 231
97 100
132 93
123 200
123 143
95 12
38 12
239 185
234 23
116 68
21 168
51 31
24 214
219 106
26 210
210 142
187 65
190 157
220 211
187 88
242 98
109 76
39 241
71 209
139 102
207 171
70 148
47 163
102 197
136 139
85 107
237 3
109 177
15 39
122 161
66 35
227 17
1 221
111 24
95 222
140 241
16 158
242 244
10 241
36 232
22 35
167 85
157 165
178 198
45 72
40 248
182 132
192 190
47 140
208 50
30 52
115 84
85 185
199 244
25 125
123 4
147 123
9 193
133 63
165 187
80 101
62 47
194 222
249 62
1 125
1 15
214 187
98 40
86 141
132 144
44 14
110 46
0 183
235 201
71 173
131 73
165 173
71 62
76 138
91 38
50 23
183 172
174 224
149 235
109 138
42 41
40 221
206 91
102 2
225 33
165 16
123 141
69 39
48 199
125 150
59 217
226 2
55 121
206 199
85 118
124 82
124 226
64 85
104 6
88 208
229 109
79 75
108 235
174 32
244 223
104 143
214 223
38 224
33 25
114 188
73 124
215 138
46 225
159 144
195 164
84 148
74 76
217 218
9 138
166 161
170 129
119 24
52 125
65 205
162 185
42 176
202 25
83 226
106 24
149 180
75 167
193 21
160 157
53 94
231 236
102 136
105 205
183 104
177 116
20 61
97 27
36 146
116 52
45 167
167 61
132 65
163 229
225 46
166 30
3 132
128 223
214 177
211 199
177 36
77 3
93 168
79 65
199 215
215 227
169 114
177 8
147 78
81 11
25 100
230 36
52 118
71 199
206 111
51 147
206 98
23 243
86 203
112 12
245 208
161 27
181 204
125 171
27 241
227 149
70 125
121 183
202 204
80 85
163 83
196 37
150 233
121 47
170 36
185 112
34 120
89 67
208 105
215 21
46 58
247 153
229 237
55 56
130 249
146 111
150 103
158 202
17 230
113 114
0 98
78 229
35 156
146 60
194 197
71 241
54 174
65 113
212 17
70 249
55 77
186 25
159 87
93 98
50 141
215 2
213 171
177 89
120 228
84 132
250 242
172 143
245 124
46 112
222 30
34 144
8 165
19 106
133 244
140 177
225 110
220 133
9 118
58 90
88 148
10 134
6 29
207 57
59 142
246 122
124 204
87 91
215 6
249 33
20 53
204 174
183 6
208 116
242 196
49 237
142 210
124 57
222 71
177 1
61 34
148 71
110 66
88 237
85 27
125 34
207 84
80 242
152 163
66 51
142 79
204 120
92 242
96 53
108 142
226 210
196 102
205 54
181 17
144 4
87 43
16 81
159 233
192 51
76 240
57 48
206 217
18 101
34 188
243 144
205 58
163 177
212 209
104 123
209 244
217 79
247 224
178 65
218 97
100 155
232 189
52 196
144 175
36 51
51 137
143 149
17 29
106 10
245 152
215 244
248 181
241 116
20 59
232 82
104 112
179 201
183 117
117 23
218 205
162 89
96 189
83 65
202 107
229 42
130 90
40 180
146 28
149 10
59 61
171 63
162 91
196 56
91 33
34 197
27 197
156 183
78 44
184 46
75 71
58 205
113 167
50 200
125 165
9 17
185 155
217 51
195 245
144 122
199 175
236 193
249 88
201 74
181 111
190 137
86 16
92 111
146 117
72 53
183 164
16 134
208 214
146 55
243 193
229 54
130 199
62 54
11 109
61 100
72 161
126 20
6 38
237 239
24 247
87 6
39 125
218 44
109 154
62 154
14 13
72 201
97 214
193 70
189 82
172 159
143 75
172 28
170 198
218 162
92 130
100 223
90 159
68 12
233 87
154 14
97 162
131 200
155 102
107 167
179 41
101 246
162 99
65 1
167 184
223 105
86 196
232 8
9 174
140 230
79 142
179 45
219 80
159 41
88 40
226 183
67 169
156 125
111 86
137 236
136 151
219 54
69 172
174 35
85 109
150 153
178 226
242 198
138 171
80 22
56 242
138 140
18 76
6 2
86 70
63 67
224 69
233 214
119 99
37 111
105 218
115 14
24 114
229 191
208 146
189 104
76 136
240 179
196 43
20 214
200 38
11 223
192 55
100 116
151 75
57 40
126 136
192 213
128 147
223 199
116 144
43 165
190 196
27 83
7 145
146 201
28 224
236 32
193 9
104 243
181 195
54 24
207 3
227 74
19 160
28 235
195 224
39 198
30 231
44 121
166 205
204 125
53 43
235 170
39 88
10 115
77 221
42 11
238 230
221 33
191 98
77 95
101 120
168 149
74 110
62 39
241 188
117 133
194 156
237 53
12 14
41 112
100 24
69 75
0 141
164 185
116 41
187 223
33 137
135 165
33 165
79 193
206 77
179 73
164 235
64 123
211 65
168 69
170 12
199 163
239 70
148 173
171 86
195 206
180 123
88 88
190 187
167 136
41 137
157 154
47 193
14 156
211 127
95 41
202 226
200 96
249 109
38 245
197 171
103 33
134 224
205 69
175 100
82 197
77 184
196 178
110 60
171 249
246 228
145 49
175 12
193 173
223 216
19 97
154 121
79 120
52 74
9 227
96 63
3 147
11 65
129 55
55 38
225 5
46 5
238 1
18 5
136 208
133 124
238 227
0 110
154 48
175 114
152 198
1 161
70 223
47 222
167 100
86 205
165 247
220 243
27 168
201 187
91 192
3 235
3 6
105 44
184 71
69 94
62 223
181 244
200 137
80 185
12 62
178 108
11 55
249 225
222 230
106 80
248 38
231 91
39 106
210 225
211 179
141 224
175 161
139 198
218 247
211 6
77 156
156 97
246 176
19 114
46 27
118 155
68 54
231 167
98 194
7 88
163 187
201 51
204 201
239 38
237 241
231 127
1 172
48 243
71 186
74 159
54 31
4 58
109 132
117 115
137 44
182 118
90 184
241 239
155 20
108 147
151 8
189 198
168 180
187 75
120 206
14 136
151 46
156 221
132 122
38 136
196 191
239 6
74 0
105 234
224 126
82 124
165 141
133 29
42 245
174 247
61 119
227 179
236 95
236 233
75 225
29 175
12 128
207 89
9 74
23 18
61 24
11 164
172 99
54 108
109 249
12 184
60 133
227 239
205 116
42 160
232 151
30 142
200 44
4 242
209 238
123 45
147 21
154 231
220 142
75 231
219 233
173 195
183 81
18 2
193 61
229 136
208 227
82 58
186 120
249 240
230 161
71 115
249 203
124 155
34 0
113 193
37 162
22 123
84 241
195 28
127 1
154 244
248 157
167 155
137 191
21 229
227 206
132 241
87 47
147 63
162 40
144 35
62 219
25 194
160 207
229 96
130 10
209 0
19 153
11 157
160 107
127 41
26 6
207 159
143 246
180 177
80 244
150 177
186 1
60 191
185 90
2 139
118 101
225 86
226 12
30 165
126 3
99 50
21 21
216 136
134 13
172 130
20 164
156 12
224 8
38 101
10 37
183 145
108 1
6 141
69 49
153 146
88 189
180 218
206 119
142 55
177 100
87 246
64 134
177 128
201 42
231 119
19 50
244 237
93 86
234 132
213 212
120 226
82 245
130 101
242 29
160 22
72 151
56 81
118 118
200 155
54 102
32 131
94 83
60 246
37 16
227 15
215 195
162 117
71 171
247 18
235 24
237 143
107 70
94 116
97 144
60 10
205 240
246 201
119 78
84 140
157 25
140 56
86 139
200 121
23 100
161 132
143 65
139 249
229 206
44 129
230 205
20 201
70 230
54 244
103 115
175 39
44 90
238 16
39 178
78 128
204 219
163 94
42 206
170 46
64 20
154 156
165 75
110 190
127 207
250 229
187 201
234 106
240 128
93 180
26 1
144 196
180 189
176 43
240 221
86 161
14 148
55 165
224 120
191 217
51 175
68 198
60 115
171 103
49 247
36 246
64 234
120 84
244 217
129 167
99 89
34 105
43 136
94 22
103 138
30 1
142 15
146 178
66 239
25 186
235 44
45 230
172 5
111 141
249 53
84 190
166 108
41 34
179 135
209 109
84 180
129 11
40 94
186 84
26 12
127 233
77 163
140 35
108 233
179 242
41 38
142 228
215 61
108 172
44 87
191 58
70 64
28 222
247 151
218 147
107 246
18 58
33 71
182 4
235 94
208 179
26 91
188 57
248 49
161 83
128 185
68 159
138 92
10 95
161 243
39 9
81 49
115 78
11 20
224 165
0 89
69 179
160 57
144 222
225 94
30 78
216 153
77 6
189 88
39 41
52 173
103 68
245 147
229 140
9 93
120 175
89 73
18 167
139 153
82 4
190 175
23 65
204 242
211 109
81 75
42 13
110 49
59 70
222 228
7 113
99 198
71 35
132 76
179 2
38 182
44 244
4 63
110 156
183 203
243 56
187 9
231 30
27 93
120 15
118 188
25 218
13 241
189 68
28 88
2 2
136 32
99 149
152 85
238 162
131 69
226 193
8 206
229 229
198 106
162 153
10 211
231 148
20 10
182 231
128 145
203 197
96 183
185 152
95 102
44 206
86 181
109 202
94 122
79 49
108 102
65 72
211 129
217 93
131 194
182 191
144 164
75 130
77 12
39 230
53 158
65 243
33 180
122 191
121 130
111 32
203 148
18 128
179 172
89 46
5 183
147 245
32 107
191 148
191 144
85 33
136 77
152 189
45 30
23 238
177 56
88 63
27 117
58 192
209 188
189 215
18 210
88 233
48 35
154 32
90 189
122 63
104 96
211 246
195 135
81 20
203 109
81 215
143 86
242 165
98 207
177 219
105 247
211 250
244 45
123 115
141 133
40 241
89 174
154 209
139 202
150 111
232 62
112 62
16 129
97 14
175 231
80 169
102 58
209 248
69 101
93 7
81 187
187 116
17 15
104 157
207 201
211 52
74 129
134 167
139 186
21 180
63 107
22 49
240 104
68 7
60 15
166 216
185 172
7 118
167 65
87 74
76 177
86 62
13 140
238 175
249 235
123 184
50 78
207 229
168 28
178 164
5 220
130 84
199 195
20 151
197 220
102 70
175 123
85 76
42 127
198 200
36 140
125 211
40 174
14 32
215 179
39 46
94 178
32 78
17 105
30 99
10 179
131 186
137 246
184 190
105 116
58 177
203 88
73 90
146 169
179 230
20 2
63 184
0 42
236 14
8 19
150 210
230 196
187 154
151 123
221 13
86 98
59 169
82 181
134 27
242 86
25 20
99 137
174 155
200 164
76 104
114 119
247 106
85 168
53 148
137 233
195 145
181 229
177 41
112 30
70 98
170 205
133 233
129 157
111 223
75 133
96 170
79 62
177 245
205 8
64 193
164 146
240 99
152 127
114 73
63 49
113 198
136 36
9 71
26 27
34 102
122 24
63 168
219 149
45 95
99 66
64 31
47 246
67 248
60 107
157 72
92 2
241 87
130 129
85 24
8 189
237 60
116 245
9 171
111 195
135 143
222 95
170 159
208 122
42 61
169 38
199 207
91 170
247 124
87 234
243 50
229 73
4 67
222 235
53 201
18 196
75 96
216 8
217 173
104 167
181 157
153 180
33 227
242 27
123 88
66 5
244 248
152 185
215 144
117 150
233 45
9 240
133 196
177 231
201 127
218 58
122 231
133 216
44 52
114 101
31 209
64 146
226 244
191 11
51 93
170 56
39 234
74 165
135 173
105 101
76 53
149 101
55 160
173 184
159 247
200 81
189 45
152 170
106 196
4 196
212 203
179 151
167 80
176 48
74 196
198 20
44 17
132 152
27 128
242 79
216 11
56 117
58 234
204 36
16 166
65 23
78 216
157 40
135 56
4 17
139 98
48 78
159 134
137 166
117 14
160 138
166 118
201 1
212 34
244 158
58 95
227 217
152 35
177 30
169 31
118 194
174 14
226 132
234 154
149 91
165 137
31 229
48 211
47 148
166 39
67 9
160 199
18 30
152 203
127 23
243 58
204 165
174 107
127 134
213 241
17 65
95 74
56 146
195 119
66 106
108 219
194 57
101 0
64 199
224 52
179 87
238 220
121 11
4 92
41 9
95 97
79 200
93 150
51 164
103 28
106 193
232 97
151 0
123 11
111 53
105 22
132 180
203 18
90 83
187 180
84 71
157 142
161 44
136 39
33 195
89 198
102 132
98 238
153 73
122 71
23 168
98 60
52 188
4 15
204 31
191 241
115 222
210 48
158 210
118 219
117 70
39 144
32 48
199 54
135 7
109 101
213 127
2 223
58 122
61 243
172 69
88 229
7 208
136 218
241 151
73 5
58 139
7 201
95 201
154 237
159 35
56 27
111 130
244 175
119 123
123 138
33 20
127 86
125 64
190 149
237 245
104 79
78 214
138 12
212 75
73 176
176 62
123 145
190 240
175 103
244 79
70 105
7 150
153 17
80 29
46 157
56 98
201 47
189 153
156 22
192 104
39 108
241 32
167 209
174 59
113 53
103 10
165 176
57 31
6 64
188 15
120 149
109 111
185 21
53 197
107 51
49 104
72 59
0 250
144 110
75 221
245 47
165 120
106 211
127 12
43 122
22 140
43 104
219 191
245 5
2 193
55 185
151 81
214 47
139 16
175 205
115 42
220 171
209 27
29 24
186 114
86 191
47 170
106 118
186 72
84 245
45 210
126 93
54 15
78 16
39 128
157 38
215 249
66 222
211 162
107 141
196 153
197 210
88 141
146 243
62 124
146 13
126 189
65 48
43 140
36 217
5 127
73 101
131 118
151 146
61 175
189 217
72 155
125 140
74 119
224 156
8 238
148 158
99 189
147 249
212 237
11 12
99 75
189 76
62 152
150 133
8 78
235 109
219 110
245 84
199 104
47 186
4 231
172 55
121 121
171 184
76 246
237 191
222 123
123 154
112 8
119 85
202 209
154 34
233 43
136 100
25 77
67 137
249 198
167 87
226 115
75 191
126 119
126 249
199 29
135 88
66 71
138 62
164 21
54 180
201 76
13 74
106 122
137 250
64 102
220 48
65 115
181 36
242 157
86 78
217 84
15 117
168 128
111 185
158 46
159 188
67 28
173 8
246 168
237 76
57 188
159 132
224 129
203 63
12 155
221 247
240 219
172 174
176 187
206 137
189 30
242 12
34 205
241 113
232 79
142 201
51 65
214 219
75 187
206 61
22 127
22 44
245 196
142 241
168 178
233 135
55 73
238 105
237 147
242 23
190 112
139 82
186 96
219 155
26 212
82 46
232 26
212 26
212 4
67 40
189 62
16 145
153 59
249 246
73 184
181 79
140 78
73 145
91 58
199 190
218 70
138 41
129 141
208 65
184 63
46 90
3 211
103 44
189 202
203 163
29 193
76 153
71 16
167 164
189 53
135 160
141 202
226 222
15 127
222 155
170 48
11 229
115 54
228 114
39 115
43 110
107 229
186 122
55 93
149 207
171 94
129 106
189 4
111 162
118 135
5 87
195 173
6 162
117 103
92 193
229 6
225 22
80 118
14 88
142 248
129 87
31 136
183 177
0 248
78 31
181 186
55 220
172 133
103 184
167 13
13 67
207 219
244 241
160 0
224 64
212 235
81 106
63 90
186 199
90 236
70 23
55 232
221 195
115 23
38 227
204 170
60 55
246 130
87 226
12 174
118 60
108 73
36 92
243 104
72 221
180 25
66 45
120 54
58 7
62 213
229 57
134 79
45 202
145 99
22 9
120 58
233 6
228 246
40 194
243 160
34 113
245 11
154 83
124 7
128 74
21 113
200 233
80 144
152 52
195 100
205 206
114 61
82 62
231 93
35 64
84 203
28 183
85 130
197 78
179 119
225 27
168 140
156 199
250 131
230 117
140 121
218 127
217 90
88 133
203 139
88 154
174 202
2 158
21 80
194 228
228 14
147 157
208 176
164 63
146 102
82 100
47 22
108 231
185 182
46 16
21 235
35 61
15 220
176 31
233 236
132 111
81 136
166 239
70 205
228 122
21 67
183 182
125 16
214 44
94 221
180 126
138 136
32 214
107 162
92 133
123 133
61 187
53 88
104 92
206 223
91 125
149 58
171 105
13 6
41 115
145 232
217 213
95 152
227 125
69 141
18 27
128 164
132 116
46 84
1 81
151 106
114 111
16 190
57 108
141 44
90 241
127 92
50 156
193 149
10 27
127 72
131 164
199 61
247 133
242 63
9 186
61 98
91 62
192 102
153 11
86 176
19 203
131 236
162 220
41 152
20 46
209 158
194 127
226 202
9 150
4 190
107 186
186 205
58 28
118 205
180 57
139 71
6 68
175 79
228 66
228 102
160 230
162 6
162 201
31 17
250 67
39 191
234 102
97 3
183 37
19 234
140 157
115 90
107 68
70 71
236 134
64 172
214 229
183 209
98 93
45 144
125 87
118 233
94 24
164 157
16 192
242 41
125 202
245 139
153 143
139 32
25 45
12 204
175 166
191 2
146 81
244 127
48 12
113 87
57 161
12 148
161 149
93 77
54 247
239 168
29 30
217 232
59 227
183 133
47 133
22 210
168 213
136 92
102 224
77 51
18 221
186 169
164 68
243 181
174 41
41 147
85 183
243 70
191 62
234 65
39 249
202 157
95 59
186 14
71 48
199 184
106 149
82 9
135 193
40 81
103 201
35 191
86 67
0 28
230 227
83 86
29 189
225 135
136 184
12 234
88 3
23 75
5 177
52 14
167 145
175 178
199 16
43 212
132 37
229 9
95 216
241 83
146 188
226 99
177 103
182 115
201 218
35 46
4 13
232 244
125 26
2 191
17 50
102 45
12 51
35 24
166 158
188 106
155 158
182 93
239 210
192 138
154 89
235 90
96 234
162 217
92 162
89 0
112 38
15 245
183 87
159 80
19 174
113 170
136 179
140 47
225 59
68 214
155 10
201 72
227 111
171 131
24 161
2 96
59 195
210 67
175 197
108 165
180 51
121 209
13 120
157 246
167 43
102 193
193 23
30 148
232 158
118 34
166 72
21 84
38 75
35 172
76 123
173 158
8 246
31 223
239 140
142 113
163 66
173 191
74 233
26 170
14 211
186 94
89 178
118 141
129 131
150 62
162 57
73 66
139 234
184 212
103 217
149 214
79 41
221 39
106 6
217 77
53 21
12 22
1 234
136 228
81 225
248 216
156 109
130 184
199 4
185 197
71 69
26 244
160 181
130 210
65 145
33 152
125 220
140 144
242 135
53 137
197 150
227 219
175 241
89 135
219 49
104 72
161 165
25 0
112 148
33 150
222 249
132 1
238 217
225 211
124 176
131 204
225 234
17 71
138 188
67 133
184 109
165 6
216 58
68 153
5 143
127 238
220 20
108 118
44 161
231 240
245 117
156 94
139 194
0 80
36 13
216 162
47 62
24 228
54 138
0 78
25 57
243 249
151 138
215 246
31 236
83 28
20 162
185 48
225 146
190 110
100 229
148 209
179 4
220 95
165 98
103 237
103 210
61 75
19 156
207 78
2 11
247 138
27 58
149 27
179 104
201 64
215 73
137 30
154 77
231 109
30 171
249 10
230 132
48 108
171 115
55 153
62 13
67 64
224 143
210 214
190 124
207 30
127 227
104 232
98 153
164 150
65 58
112 239
130 243
127 128
2 35
233 126
192 121
236 131
196 202
196 95
112 227
12 217
204 71
143 90
190 128
22 231
101 196
234 21
27 30
172 220
24 131
168 231
77 182
250 221
95 174
30 131
47 237
154 176
15 232
142 192
152 104
247 197
135 67
77 207
155 123
53 51
28 37
110 184
70 165
149 53
40 154
161 87
16 24
6 121
99 165
128 136
200 32
227 248
151 228
16 89
29 50
115 192
105 46
222 159
105 159
187 109
130 57
185 80
199 50
203 14
231 48
41 54
221 84
105 213
205 18
158 11
192 204
193 40
114 124
111 127
3 0
197 122
178 250
59 93
91 26
35 4
214 19
210 205
191 87
248 104
80 95
163 60
21 242
178 96
76 83
202 9
118 250
234 69
62 103
200 241
14 162
138 152
148 237
23 20
83 39
92 174
82 209
81 232
229 70
188 41
76 202
184 0
67 68
12 17
203 154
96 93
164 96
40 67
229 220
30 8
152 213
196 13
148 128
215 106
193 84
53 235
147 35
46 34
126 223
99 57
35 42
39 138
153 212
243 14
93 51
16 177
197 71
15 196
37 82
125 66
194 94
50 115
76 215
69 86
175 81
9 30
62 0
138 26
194 2
20 12
140 206
195 79
186 63
136 49
232 15
159 117
128 64
104 164
192 117
108 13
196 242
124 160
120 213
50 233
3 52
182 54
195 139
100 175
129 52
95 91
132 45
170 150
16 246
219 115
123 151
178 179
170 246
51 143
199 58
85 199
120 192
2 134
145 143
188 91
166 135
204 102
216 66
173 63
239 52
130 110
62 31
121 234
22 6
5 42
116 223
13 182
78 126
62 191
219 117
131 229
147 137
173 231
99 242
122 125
135 236
161 79
196 32
178 126
89 222
29 68
183 135
176 138
171 118
140 223
98 84
148 225
96 207
4 26
92 55
243 90
226 198
154 99
157 2
218 55
49 209
108 223
10 24
14 100
136 134
82 137
237 232
102 118
225 35
25 150
177 18
225 61
12 242
123 31
126 147
94 211
237 47
70 44
51 55
120 70
140 181
181 59
108 125
20 227
145 85
116 163
117 148
32 201
103 94
223 139
211 119
65 132
212 92
228 213
226 77
59 221
100 52
163 13
29 114
138 59
110 234
214 152
75 63
182 166
66 89
70 155
9 236
208 129
106 177
249 161
160 164
220 62
240 35
151 24
217 140
162 33
172 202
151 58
125 115
185 143
68 212
39 218
145 69
24 39
68 191
102 139
197 113
186 244
6 81
63 121
70 122
8 44
188 123
124 169
6 215
14 84
196 5
212 101
80 16
33 116
168 190
247 70
24 233
162 240
81 236
225 238
42 142
188 47
63 202
34 213
94 95
189 144
141 152
16 21
93 143
249 114
87 115
195 20
81 176
126 73
30 28
156 139
182 101
57 88
92 30
144 170
43 54
209 53
36 27
182 214
121 52
45 228
190 170
246 91
243 5
75 29
84 10
237 210
17 19
242 140
228 28
64 119
157 61
173 88
164 164
98 169
176 68
220 22
105 179
88 77
199 202
171 216
44 65
125 123
60 20
66 74
18 179
143 214
132 49
78 172
235 206
9 161
155 189
146 96
218 203
146 153
86 211
148 96
70 139
142 156
104 249
154 150
107 53
17 35
128 158
220 91
182 83
43 189
35 248
87 11
53 241
249 141
198 136
37 78
139 116
112 91
38 170
3 218
76 25
223 175
33 88
130 148
103 42
103 180
147 7
244 66
87 152
141 67
25 70
36 132
30 224
109 181
21 170
44 191
94 137
144 186
8 114
74 49
160 18
60 95
247 1
224 41
232 32
196 52
190 14
185 23
54 126
223 206
216 24
188 22
50 70
148 153
44 123
29 15
76 99
111 215
206 183
151 117
54 68
240 199
192 245
181 66
69 202
34 30
1 175
91 36
66 158
127 151
110 72
185 228
114 136
171 179
140 218
154 193
80 45
71 203
165 129
62 110
116 184
42 84
239 197
80 10
148 94
210 155
233 137
102 101
164 211
201 119
182 120
85 201
211 58
218 223
25 102
24 66
55 26
12 71
216 189
238 179
157 240
22 26
228 156
164 135
42 78
177 140
52 177
23 200
243 142
89 212
172 225
101 85
169 240
31 59
87 250
200 56
45 232
168 53
150 96
95 70
133 72
137 20
218 167
249 208
176 127
183 226
51 222
213 216
214 142
14 103
49 241
86 231
222 37
95 6
31 121
238 158
43 118
248 35
44 78
104 36
162 227
68 16
59 40
248 212
203 248
80 147
41 44
123 250
81 108
140 52
221 150
205 45
153 249
194 201
120 110
9 21
212 10
238 54
197 65
192 38
207 206
145 218
43 179
132 138
95 191
98 104
138 131
169 137
228 40
20 249
94 55
15 46
7 77
79 68
29 177
12 144
90 155
224 181
33 103
155 65
161 188
209 148
237 84
50 32
149 205
240 119
199 181
100 40
45 222
76 38
115 161
227 162
36 100
156 242
50 89
237 12
27 219
39 22
126 39
29 58
232 226
98 139
222 186
60 163
71 191
95 241
109 174
97 166
2 23
174 28
45 159
156 1
214 68
153 216
214 184
64 191
20 36
233 240
25 137
7 160
244 131
19 243
73 1
160 67
198 192
143 152
159 192
87 163
73 147
56 151
126 108
64 210
198 183
75 114
197 145
5 74
69 167
231 155
147 11
246 232
69 55
136 206
243 93
177 12
44 5
166 35
101 169
65 178
7 221
220 27
121 177
54 84
186 160
210 40
74 244
40 85
7 51
134 169
141 129
86 88
7 171
234 83
156 118
162 180
2 142
241 161
181 22
57 237
145 206
208 186
201 133
3 165
154 68
186 75
20 87
39 5
21 110
45 50
18 154
54 36
176 195
162 125
19 93
95 147
93 17
213 103
195 193
229 18
62 56
56 52
222 169
240 44
58 210
213 131
52 194
60 64
148 201
21 82
201 214
214 237
158 183
171 165
166 45
179 237
145 20
42 155
179 14
65 138
52 12
122 18
133 186
8 101
1 180
238 92
199 113
107 132
116 227
41 230
210 7
232 52
104 228
187 250
139 7
122 246
122 139
137 148
41 96
114 233
200 152
171 169
230 39
27 176
127 124
157 83
193 234
243 203
55 226
85 2
40 117
88 129
48 10
189 211
106 4
139 161
4 192
132 113
204 195
72 88
15 120
201 142
111 57
120 238
98 141
4 22
44 37
209 114
46 43
13 192
136 5
233 245
132 3
240 235
203 69
246 95
92 113
246 86
68 84
84 114
145 71
9 216
106 62
74 45
161 63
1 204
108 7
34 170
2 168
151 66
11 142
92 160
134 108
99 99
241 237
93 89
5 51
141 116
61 121
50 121
158 19
137 112
87 109
35 16
168 20
165 91
216 45
103 14
144 80
231 84
222 77
80 162
194 230
56 245
27 41
149 24
118 163
201 230
69 143
155 146
191 164
117 146
217 199
60 110
142 93
40 227
231 87
67 237
110 1
238 145
207 28
98 192
164 18
152 91
144 113
71 107
34 10
100 43
50 118
244 179
114 49
36 208
72 65
249 188
90 2
239 208
180 142
250 94
181 233
238 28
51 228
27 106
242 34
184 29
1 154
179 160
157 214
233 146
140 106
184 198
154 168
146 133
162 214
196 218
99 122
175 116
248 3
145 103
72 9
63 96
237 119
60 150
89 191
186 70
1 218
239 21
56 172
141 11
241 121
121 118
199 230
214 135
231 210
78 227
191 235
240 247
237 201
208 36
86 57
238 156
16 216
93 68
94 158
240 243
190 226
116 26
216 85
166 220
185 59
129 213
51 5
232 180
151 192
80 35
113 134
205 101
176 170
99 231
0 37
44 106
142 159
243 21
39 166
13 16
171 66
11 85
100 118
207 193
91 16
108 137
158 51
159 150
39 2
89 231
35 55
83 37
157 135
233 0
58 83
15 143
40 74
95 72
10 44
125 49
158 8
22 205
1 112
75 91
65 181
2 230
174 141
222 7
163 35
63 98
159 53
207 144
121 174
183 233
180 181
223 26
221 191
87 29
189 242
94 128
37 167
118 244
38 193
165 47
165 154
10 14
59 179
28 162
247 235
33 240
172 156
100 126
250 146
99 205
193 48
173 80
154 45
63 137
211 97
33 51
127 58
151 4
26 222
164 240
183 170
237 139
34 37
167 186
112 243
146 140
126 81
145 230
18 94
248 179
10 77
56 197
141 20
153 131
131 168
36 127
34 139
175 111
29 120
196 70
248 149
24 149
195 10
230 233
70 32
189 173
170 212
81 43
142 171
209 164
145 183
220 99
92 140
78 18
0 122
34 43
74 16
232 217
121 248
148 150
108 92
19 186
98 32
102 129
207 131
211 124
219 1
186 138
62 164
103 188
140 243
112 210
242 111
219 139
40 136
99 177
184 67
187 128
195 186
175 168
236 204
183 246
133 105
243 213
179 129
13 46
164 89
157 91
71 180
69 51
202 89
44 76
2 31
225 91
2 54
174 85
92 224
91 86
37 94
54 1
144 242
223 137
140 220
249 175
131 82
66 110
237 58
160 95
207 211
220 121
210 77
18 60
206 141
229 49
177 227
3 225
209 21
203 232
246 211
72 205
83 22
185 9
239 171
99 125
233 231
52 150
36 181
234 55
73 11
69 120
82 139
173 216
241 13
105 94
21 203
223 111
220 199
153 86
102 222
242 242
131 162
26 190
44 32
15 78
58 203
247 189
196 58
157 156
29 141
22 78
131 223
6 36
70 157
82 98
71 237
144 192
2 209
208 11
85 81
226 226
20 172
236 211
162 175
160 43
92 23
4 246
93 205
66 213
228 82
79 4
54 114
28 152
187 2
0 56
176 50
24 54
221 146
122 243
188 140
209 236
144 231
150 33
70 228
61 196
133 176
56 213
129 80
127 5
214 114
203 180
41 219
47 178
127 171
42 153
101 207
52 165
63 76
6 227
248 12
167 196
158 230
17 44
145 119
174 90
204 167
176 55
95 250
26 87
249 21
55 58
175 214
115 69
201 84
97 146
193 75
76 108
228 173
80 79
138 175
172 83
117 92
8 57
139 137
219 228
67 92
109 95
225 75
58 5
241 209
31 146
21 39
221 239
71 2
230 222
114 159
233 12
28 158
235 186
3 8
15 151
138 94
155 111
231 99
207 39
14 229
168 63
203 176
168 201
57 227
47 229
157 196
76 8
157 185
84 119
47 182
47 46
227 87
134 248
94 189
54 17
100 64
84 52
225 17
68 148
242 10
212 173
103 106
1 166
157 87
72 216
138 53
193 30
136 61
22 105
172 235
174 37
31 134
103 110
213 160
159 109
15 69
135 34
145 226
107 22
79 39
115 98
193 18
3 201
224 37
163 224
222 81
134 23
190 25
92 185
247 34
162 69
90 112
117 153
112 178
222 63
161 19
58 0
175 236
137 126
210 44
22 245
25 109
156 235
150 129
108 225
176 120
50 75
18 250
42 0
208 156
11 135
130 15
49 50
101 161
15 202
186 50
54 156
73 212
172 124
219 124
29 62
149 38
238 164
70 73
82 91
234 165
31 151
215 215
110 106
172 189
60 36
190 183
233 209
136 155
74 105
199 128
154 228
51 213
2 197
206 234
67 128
6 12
43 72
67 19
55 211
110 219
192 156
217 17
43 46
179 222
96 19
114 36
227 201
80 134
214 26
183 241
142 31
172 74
172 19
20 247
242 163
18 110
171 207
79 190
31 4
138 226
167 110
175 209
156 100
9 87
117 74
85 93
232 195
41 69
246 97
92 229
144 92
88 224
133 206
150 151
110 159
169 7
22 219
11 93
180 54
92 247
2 121
52 220
149 110
190 35
86 225
211 94
132 136
111 42
12 211
242 233
147 2
9 105
145 220
58 199
158 224
80 174
4 102
131 212
12 247
100 158
189 65
191 237
13 95
81 212
158 121
246 60
113 152
168 24
144 128
48 221
41 211
196 123
184 247
140 84
108 145
83 200
214 205
162 121
100 220
244 72
100 9
96 154
204 209
24 9
131 22
238 250
166 20
3 244
135 226
111 77
196 174
73 214
236 129
143 19
41 216
104 221
115 216
167 120
47 57
119 162
75 36
114 129
8 133
218 9
72 246
135 214
102 166
216 155
85 124
196 197
248 84
86 156
79 83
126 216
40 130
35 107
74 19
14 194
96 157
245 16
222 51
68 52
127 166
130 196
22 29
74 27
176 144
203 186
29 72
27 34
187 192
208 6
246 187
210 74
182 152
67 167
64 7
167 94
92 148
152 50
194 166
234 178
234 248
232 176
148 80
248 82
195 149
58 137
224 99
244 112
64 148
98 221
103 80
215 97
13 2
18 124
188 59
179 35
28 11
18 138
45 219
153 204
34 183
29 211
143 134
78 148
29 124
105 190
155 161
10 238
100 248
68 20
27 143
141 41
45 146
33 90
27 246
38 153
195 92
75 228
42 67
48 235
147 100
103 147
245 3
124 28
248 119
185 131
115 39
100 48
163 82
210 71
178 176
230 247
236 157
18 216
189 26
160 226
2 239
110 143
44 250
2 116
78 144
170 4
230 60
218 157
200 226
206 195
158 129
180 71
241 108
234 27
187 35
54 10
159 171
117 107
123 75
115 17
58 171
22 61
183 142
153 242
172 149
207 248
97 217
98 9
160 9
224 114
96 225
62 240
8 124
170 113
103 4
167 237
124 107
10 113
109 88
150 22
234 31
186 43
172 197
240 74
174 23
77 198
218 42
184 121
65 28
11 39
5 23
162 49
127 54
109 28
158 108
28 13
185 104
139 73
191 20
57 61
111 95
163 208
143 238
157 168
70 132
182 108
91 205
28 138
137 33
217 225
62 85
240 78
187 162
164 155
149 243
243 107
114 174
209 93
33 55
42 28
20 29
40 188
156 134
186 207
218 238
93 230
81 77
164 114
129 150
44 24
163 107
100 233
63 225
176 5
236 72
142 60
121 123
244 20
186 39
59 214
212 67
130 202
7 47
84 243
93 166
83 169
134 61
41 30
26 185
75 125
17 46
148 220
18 132
210 186
140 247
40 243
63 12
112 213
134 69
152 167
93 11
99 159
53 96
177 213
4 186
144 132
230 176
221 209
9 122
12 178
173 22
248 43
43 239
112 155
197 117
211 83
0 150
228 52
114 71
15 204
32 114
90 171
64 44
29 143
138 177
228 106
191 231
75 59
105 64
107 87
62 59
27 250
128 220
248 169
67 24
58 148
143 12
59 97
121 164
101 67
144 150
210 166
114 68
95 30
230 185
0 201
79 27
108 149
114 96
108 242
143 207
70 78
160 205
27 134
174 222
230 115
145 190
116 241
216 104
149 7
125 54
33 22
23 89
80 131
132 156
164 171
230 23
147 145
10 124
83 105
65 80
36 243
218 24
203 3
215 240
47 127
188 95
52 182
209 103
2 107
82 185
112 219
98 19
164 189
54 189
225 30
91 8
9 154
19 4
66 188
13 43
228 171
93 197
120 217
59 129
87 96
132 184
129 50
97 245
155 76
100 201
19 86
7 169
6 185
43 59
186 92
216 13
162 231
157 220
197 76
13 53
130 23
167 90
128 3
165 44
14 247
26 64
158 194
31 192
194 26
72 82
86 209
77 82
58 14
24 87
203 41
134 41
212 145
89 146
214 210
195 112
3 49
106 104
232 77
234 123
54 167
18 81
220 221
96 78
163 197
229 188
142 106
3 180
22 172
54 7
197 249
173 65
87 219
126 60
127 240
119 171
130 190
134 119
102 244
221 214
112 182
78 89
157 79
58 22
126 77
118 50
228 46
142 27
78 135
129 76
228 147
171 153
77 27
148 50
71 13
50 19
42 93
79 52
75 67
170 2
15 54
179 106
221 116
181 128
149 247
110 172
103 16
9 109
23 191
57 184
108 183
143 219
213 88
86 129
205 97
69 236
177 133
219 226
139 63
41 59
21 176
192 14
229 100
90 71
153 28
48 39
169 221
141 185
57 135
199 132
105 99
4 78
210 79
244 205
19 118
76 233
59 238
92 84
204 217
76 110
54 143
165 81
125 208
180 227
81 200
143 53
133 162
4 153
128 160
238 135
56 106
89 52
162 212
215 93
38 160
31 198
24 205
55 207
19 44
184 214
0 105
112 94
163 87
23 125
45 136
15 183
156 44
169 227
195 213
17 77
124 243
188 17
239 181
36 76
175 250
164 55
98 7
171 41
144 211
2 5
217 40
120 7
131 13
2 228
242 148
51 208
121 181
83 159
145 30
90 218
49 245
238 99
241 65
13 55
0 51
41 236
45 118
172 108
108 123
37 35
152 88
2 38
148 184
165 222
152 225
31 47
46 213
11 199
122 186
241 11
97 95
60 144
25 144
19 209
241 202
51 111
160 47
102 92
82 113
166 67
107 191
224 197
165 2
173 179
100 114
134 32
138 206
182 188
197 83
42 191
108 24
20 138
81 151
83 163
68 184
4 72
219 187
29 160
38 77
16 234
214 37
167 151
80 71
124 229
242 184
134 150
95 36
163 172
138 157
32 250
183 34
47 88
12 232
149 107
60 42
101 54
101 81
74 208
95 135
78 124
83 127
135 181
212 117
143 198
72 40
163 79
193 63
75 185
66 108
89 247
179 30
8 144
149 163
248 72
245 56
57 230
7 188
152 209
11 112
118 175
178 194
199 166
171 209
55 88
95 27
38 139
135 3
117 203
195 114
50 206
128 178
248 221
93 45
10 54
80 209
218 63
60 44
71 128
108 67
44 196
3 98
226 175
206 75
229 249
80 249
184 52
240 24
41 46
202 53
93 82
92 207
10 63
221 55
192 178
51 215
11 126
18 67
227 127
203 93
31 94
87 113
204 90
173 128
161 194
34 28
133 7
124 111
26 173
42 98
147 41
194 0
19 74
246 222
85 219
199 18
214 80
172 59
5 250
218 35
71 86
108 42
209 73
164 183
65 151
24 159
91 138
12 10
190 209
166 27
211 133
193 7
4 30
14 4
168 171
15 224
203 145
175 132
141 9
78 109
173 53
26 19
138 163
88 17
61 113
20 218
177 205
213 84
218 66
202 86
235 70
122 106
112 34
2 83
235 42
168 229
188 212
74 33
209 206
64 140
23 133
52 79
30 180
188 33
68 151
216 134
26 179
243 146
10 61
200 177
0 188
207 135
212 151
55 86
1 225
99 173
82 193
79 159
208 126
92 34
106 38
113 21
72 20
62 2
120 202
33 112
43 19
62 172
39 55
27 231
88 103
142 73
183 150
120 198
231 71
33 94
57 45
51 226
49 132
0 128
188 238
74 115
43 82
121 189
112 143
200 169
64 88
60 80
90 165
101 213
46 68
12 36
79 32
135 14
18 151
199 145
100 203
200 20
195 76
50 83
122 220
134 135
114 0
39 214
199 237
50 160
238 124
240 67
0 203
49 191
64 245
76 75
5 137
177 135
112 106
124 96
240 58
181 64
247 28
223 67
61 78
114 66
32 10
172 90
145 64
20 142
109 17
67 95
236 199
239 213
9 98
140 118
214 56
137 193
159 219
98 44
222 69
134 5
127 154
145 41
136 18
192 142
21 103
94 236
187 143
220 29
244 151
88 56
111 80
129 95
219 157
81 202
122 227
64 249
166 96
202 160
235 38
68 178
134 240
166 122
123 235
199 143
87 27
20 31
54 205
163 28
168 219
247 62
37 22
148 115
51 104
22 183
218 243
7 98
154 178
84 150
136 119
80 197
107 215
235 220
162 247
32 182
130 5
165 0
96 178
212 44
109 8
81 206
184 160
108 228
63 216
34 126
107 208
38 70
66 218
134 138
221 181
10 169
63 227
75 171
98 180
204 67
33 14
209 222
201 131
105 15
198 46
240 133
238 67
233 59
127 7
65 9
192 26
163 142
146 159
221 1
21 70
9 248
176 222
245 86
22 145
189 98
196 110
158 106
131 7
248 242
111 149
233 84
250 49
237 74
248 74
196 247
76 244
39 168
152 241
153 124
220 183
111 74
134 129
37 85
74 81
146 129
102 22
224 171
60 22
116 168
230 146
195 215
131 127
149 221
178 22
157 99
27 96
79 113
249 136
190 131
171 230
131 87
49 158
62 210
93 49
73 242
61 143
21 18
119 103
157 162
213 40
204 111
198 110
48 125
169 91
130 94
183 40
93 217
122 167
24 238
230 214
134 228
188 248
43 133
117 4
102 89
39 60
204 235
130 174
151 100
245 64
96 116
117 25
243 118
5 46
222 132
8 213
211 15
46 116
49 171
41 123
146 197
210 196
118 248
192 171
214 76
243 177
5 76
140 162
5 129
28 56
54 192
248 125
54 48
95 197
113 176
32 157
120 28
115 235
14 206
152 175
168 168
60 174
75 135
42 65
32 203
35 189
54 112
195 88
32 84
159 76
153 114
104 74
178 59
106 88
49 144
22 40
202 137
107 48
225 43
162 4
53 216
176 97
90 12
115 230
135 198
100 131
125 129
220 4
12 165
203 242
50 58
108 209
10 198
237 104
35 150
75 78
12 228
55 200
184 93
234 172
36 105
91 104
43 150
173 76
96 181
31 75
121 137
38 14
208 20
76 118
180 21
225 101
6 15
47 114
130 177
105 108
176 76
69 195
65 176
177 192
219 240
10 82
5 53
65 201
112 36
230 21
248 100
64 238
53 121
95 51
103 26
17 187
209 14
3 194
181 206
18 181
13 58
134 96
42 225
149 18
145 107
77 213
21 144
33 64
145 90
25 156
118 87
171 32
86 102
171 96
33 234
7 128
101 215
8 47
146 125
156 51
224 183
232 68
120 91
98 210
46 9
11 167
198 85
24 111
174 6
152 230
226 207
17 41
229 124
123 224
234 227
154 93
236 189
54 70
7 90
151 217
154 134
63 127
205 47
174 4
9 130
33 60
216 122
113 246
73 56
178 186
223 62
193 46
71 6
139 67
79 222
191 211
148 229
17 214
177 105
135 200
150 167
127 181
167 249
198 139
40 119
205 189
76 173
242 154
37 157
190 74
74 53
29 163
107 238
180 215
131 215
31 190
49 169
19 15
59 68
49 45
27 76
168 48
233 221
139 2
179 244
139 125
96 21
59 120
27 208
119 19
238 204
217 60
95 110
133 204
194 199
183 223
90 151
50 139
77 103
30 92
19 120
33 73
166 147
213 141
88 213
176 35
178 182
116 126
165 201
226 143
117 215
206 107
18 79
49 66
181 90
127 156
28 199
113 202
115 10
94 126
183 42
245 137
3 104
64 110
108 9
242 45
115 56
216 206
157 4
175 8
130 159
88 15
248 7
198 241
232 199
62 28
242 170
12 131
168 130
46 241
199 87
119 13
97 174
104 149
119 38
43 33
143 124
214 193
238 224
203 59
217 132
86 84
173 227
31 161
96 35
247 207
94 233
125 98
53 53
36 210
171 79
197 91
58 165
142 147
173 170
168 121
31 183
60 103
207 174
80 178
191 53
73 182
239 42
7 205
23 82
216 208
175 137
120 208
170 237
205 14
213 109
13 143
181 148
118 43
7 234
119 1
50 151
222 9
5 206
16 228
212 147
130 78
89 118
184 75
86 214
5 5
217 196
83 247
213 249
111 206
223 150
29 55
177 82
0 124
248 69
68 79
219 152
227 4
141 62
117 167
150 71
19 136
53 178
94 243
247 192
91 94
97 29
156 78
143 162
200 149
246 238
114 240
8 242
92 28
229 168
102 127
246 101
98 114
188 101
93 124
83 67
189 236
211 24
34 35
45 39
71 130
73 191
60 88
192 36
7 166
57 11
129 61
141 187
161 8
12 249
158 236
160 55
190 213
156 205
249 56
240 145
130 103
215 175
23 120
184 100
92 214
219 175
23 208
45 1
26 166
194 184
22 16
198 7
223 35
22 87
213 45
81 1
33 101
104 135
244 28
76 46
80 175
244 210
51 247
80 204
233 37
178 94
21 190
199 25
94 156
138 96
190 245
39 29
33 123
137 144
177 113
27 131
245 145
124 239
103 82
8 28
167 214
105 57
240 205
30 85
223 117
27 43
145 7
71 244
147 165
165 13
216 237
8 82
88 36
222 20
135 128
117 210
56 42
159 63
2 72
59 25
181 210
179 68
100 22
229 16
29 19
185 223
146 16
249 192
216 201
155 191
220 126
162 127
129 233
17 136
244 74
200 239
240 0
105 28
70 11
7 104
116 206
74 73
227 136
0 148
129 36
85 22
245 89
130 33
31 233
4 131
216 192
171 81
67 124
159 30
194 125
52 141
17 164
79 98
199 154
25 79
219 16
175 19
72 188
187 81
159 123
118 224
105 86
107 106
144 236
46 153
66 241
167 226
16 197
87 93
79 81
156 177
126 68
110 93
49 6
128 119
239 31
203 113
57 69
104 239
249 172
104 121
100 73
30 221
204 184
9 89
125 200
205 3
233 121
168 125
4 70
157 172
109 51
243 229
51 202
12 33
216 223
241 94
200 106
10 72
240 217
10 204
141 99
27 124
227 34
215 32
146 93
87 170
50 38
63 79
64 223
86 137
103 18
197 187
28 239
90 107
43 234
201 247
75 55
208 151
156 237
232 66
188 136
140 24
86 115
199 23
236 236
147 30
224 232
159 243
79 12
206 179
61 207
83 220
24 62
182 238
176 33
192 152
94 245
179 239
167 176
198 178
93 61
121 20
16 10
207 157
5 233
19 238
38 207
192 68
198 238
28 213
41 89
13 108
19 39
143 203
203 23
55 61
101 145
237 62
74 163
112 19
204 223
49 231
236 167
196 200
147 190
80 93
128 99
214 82
224 214
155 149
170 243
246 158
34 220
219 217
192 72
151 38
91 119
110 3
144 22
92 220
84 121
129 230
138 86
62 83
235 97
152 15
94 140
186 16
53 78
1 87
112 15
132 24
65 127
100 244
167 228
3 16
154 136
101 94
77 232
147 43
20 196
250 164
157 23
181 141
36 148
175 88
117 32
217 67
165 25
14 232
26 48
213 118
28 52
245 23
56 149
75 6
190 181
42 185
140 200
83 237
208 8
215 186
84 174
201 40
35 199
41 145
45 101
109 32
125 0
225 176
239 239
107 75
164 206
199 130
40 91
117 183
225 25
210 86
180 175
160 32
111 134
109 117
4 106
64 212
11 67
117 172
152 211
21 221
40 204
174 70
224 228
36 165
63 236
184 127
193 106
72 122
41 108
29 205
132 188
106 36
150 219
39 66
230 150
168 161
9 223
202 189
114 194
137 169
23 185
172 26
131 35
98 250
132 5
36 3
248 210
0 120
129 134
137 79
172 141
157 218
127 97
223 14
221 136
228 36
178 211
34 79
24 25
211 197
97 229
96 47
161 216
169 192
119 64
134 84
172 16
58 133
198 213
182 126
249 5
206 70
102 164
64 204
87 239
225 105
180 116
144 59
67 83
68 219
2 64
47 24
179 167
94 146
157 222
116 31
207 102
212 115
143 48
183 20
170 70
66 60
231 17
165 166
119 184
197 115
226 187
66 155
111 44
64 206
118 129
5 175
198 165
248 58
35 215
108 211
87 38
230 62
89 49
230 172
181 27
218 37
17 237
130 219
169 43
138 24
160 151
224 190
123 81
4 141
173 139
133 74
112 48
231 191
115 180
203 230
116 6
52 62
127 187
103 225
26 50
175 21
80 54
242 114
34 181
141 214
32 217
214 92
190 86
174 198
125 23
89 153
91 43
72 193
179 38
201 94
180 246
37 64
164 58
145 162
211 45
62 208
2 216
140 109
213 24
211 171
114 82
42 200
49 96
184 84
152 237
69 242
119 168
56 170
248 174
247 247
5 103
49 162
70 89
219 104
164 72
139 214
52 106
147 58
74 140
154 55
241 195
141 104
70 30
158 13
18 98
157 233
89 167
104 66
113 235
216 210
88 66
77 77
66 245
147 227
31 109
247 161
100 139
103 171
76 238
212 31
246 245
109 21
48 76
201 13
49 80
57 182
228 215
113 214
106 66
89 19
4 24
230 67
3 175
49 128
2 156
231 162
236 182
14 209
189 119
108 55
173 161
9 66
139 37
190 72
191 224
219 7
215 125
201 167
174 78
166 11
31 164
197 74
58 156
148 121
133 66
58 175
179 80
82 32
226 166
226 141
21 216
84 34
155 4
46 200
16 185
59 232
176 184
207 46
162 140
235 148
178 110
68 31
219 102
183 18
49 55
196 67
177 155
132 18
78 36
205 110
72 84
192 193
122 193
109 108
241 231
58 13
100 133
181 10
177 247
150 31
139 88
187 184
208 40
227 68
178 168
227 70
136 211
79 220
29 66
159 140
48 216
160 224
162 72
230 7
181 144
116 177
141 2
188 231
154 185
35 111
14 36
42 2
76 165
16 241
123 130
127 141
186 230
133 192
35 234
123 237
84 50
15 186
24 240
64 35
215 101
129 40
188 13
113 100
139 107
10 184
153 194
232 193
94 119
81 228
191 202
91 14
165 131
85 249
24 35
88 215
160 175
29 230
114 109
2 60
0 19
136 241
154 117
46 239
186 101
111 113
173 72
15 57
235 34
132 27
217 112
218 30
239 83
45 7
224 24
232 212
4 122
19 68
38 210
107 111
216 242
183 179
1 240
32 185
132 15
235 231
68 117
195 49
241 70
154 63
80 216
30 153
100 187
60 237
62 19
248 78
244 129
139 60
181 216
31 41
134 71
215 170
27 126
125 43
137 213
14 91
57 54
170 174
176 199
191 79
183 159
245 76
141 71
108 155
75 101
193 238
129 172
11 107
66 0
38 185
216 75
137 181
93 91
222 193
99 34
234 163
135 250
154 198
78 107
249 201
86 144
235 46
129 115
106 120
139 50
152 187
69 176
174 242
75 219
156 56
50 41
154 163
11 43
100 135
194 101
70 217
104 203
162 151
230 202
237 20
192 181
23 229
28 4
249 51
95 168
89 11
59 183
240 54
14 249
207 13
209 84
104 223
238 122
147 135
110 118
70 46
99 161
168 134
2 56
24 5
93 239
26 24
57 59
147 213
1 129
225 56
247 155
43 184
1 170
24 97
227 237
189 142
148 175
223 177
155 42
45 187
215 232
216 235
177 181
222 107
13 225
29 240
48 51
193 4
76 0
146 39
122 101
7 156
220 189
