208 37
216 171
43 110
41 52
26 47
151 86
57 183
120 135
186 163
182 122
218 107
193 177
169 125
37 54
51 7
61 152
176 69
210 102
177 167
242 228
227 129
24 99
43 211
124 46
67 227
60 235
108 36
81 153
105 201
200 192
1 16
101 103
216 169
115 51
16 132
46 168
20 120
23 70
60 215
171 179
104 129
2 32
192 227
76 151
165 234
242 163
211 177
84 168
24 204
48 205
136 134
164 109
48 95
33 121
157 156
159 175
3 96
92 197
44 21
227 121
80 13
117 219
137 138
52 171
61 154
174 189
204 159
193 14
11 3
2 217
120 176
247 24
198 93
247 31
28 19
30 38
119 4
177 16
96 91
52 61
45 23
32 114
105 151
217 143
113 196
204 23
75 32
81 151
110 99
223 60
20 195
81 4
37 242
24 136
250 174
176 209
76 115
36 201
194 167
222 217
149 88
113 159
131 246
122 173
47 133
233 143
27 117
133 31
198 3
22 195
117 240
38 151
173 83
46 98
231 19
199 67
97 82
39 46
95 183
220 171
148 28
121 201
107 84
61 243
8 105
68 82
222 186
152 12
116 114
40 20
120 217
172 90
142 80
140 46
188 165
99 113
133 72
17 145
182 2
5 63
212 135
73 114
165 198
199 164
122 27
15 142
160 222
37 56
89 239
124 74
4 129
128 191
19 40
249 45
185 224
47 100
198 240
48 80
125 220
157 115
192 30
195 95
62 161
239 11
218 159
64 197
230 46
19 19
42 188
165 17
73 137
219 101
42 116
17 143
132 218
143 69
206 129
188 226
1 76
202 22
89 49
119 151
43 121
93 104
231 105
246 101
166 109
68 152
138 106
58 65
185 94
15 104
225 20
127 53
7 13
244 232
183 188
208 55
191 85
205 1
234 116
194 181
12 174
124 31
240 71
48 98
86 213
73 40
165 0
25 175
161 33
141 28
234 118
119 125
101 79
182 237
93 235
131 174
86 218
41 36
129 54
224 126
52 33
44 218
37 154
227 105
86 41
3 117
117 160
36 67
196 0
104 169
57 201
62 128
35 88
27 244
83 67
219 47
25 39
176 229
198 134
166 50
143 166
208 104
237 195
213 204
166 80
52 106
212 30
35 196
145 199
55 232
224 104
217 119
28 157
114 177
150 119
60 225
51 218
145 138
92 99
58 101
50 81
109 85
128 101
42 107
70 230
228 154
125 126
118 201
20 88
83 55
236 212
71 112
234 150
87 221
178 154
236 118
180 17
128 244
116 89
53 185
149 62
121 125
228 8
117 9
203 99
50 4
3 153
172 140
92 68
136 204
170 8
204 152
51 196
227 167
165 123
7 211
166 200
198 168
56 66
31 26
100 13
46 81
115 112
94 229
31 75
90 100
25 54
232 229
247 147
0 45
214 15
38 172
2 100
157 172
33 132
154 202
147 160
235 138
128 99
49 179
193 158
191 1
216 30
89 80
52 169
232 96
20 184
138 112
63 6
46 43
217 8
77 83
8 77
152 42
48 172
44 206
116 116
189 129
156 123
192 34
6 113
216 150
53 5
207 220
72 37
192 235
69 91
67 189
158 0
204 92
168 249
61 224
49 130
143 41
30 80
15 176
101 31
100 105
205 225
34 176
136 50
60 128
186 8
73 165
33 219
22 216
132 95
183 224
29 63
38 123
76 58
111 242
211 181
102 78
229 4
22 120
138 225
198 221
211 84
109 203
61 164
32 168
125 29
189 152
219 218
217 81
117 209
236 179
141 169
151 88
172 61
228 243
108 34
203 80
226 47
115 125
147 73
27 66
154 140
97 114
64 28
218 92
151 41
153 72
84 32
24 103
109 57
97 80
195 229
88 121
231 82
99 165
142 133
200 148
115 37
25 63
233 82
219 237
49 31
14 250
128 113
183 192
125 70
128 40
78 107
39 95
136 52
123 49
9 162
7 215
81 216
128 38
108 106
126 31
25 243
9 111
14 174
190 177
226 182
149 40
172 68
13 18
191 39
113 79
115 97
217 64
242 37
64 161
174 208
133 246
131 42
188 132
106 111
54 127
242 129
136 145
194 13
57 154
114 228
207 216
116 203
162 240
207 243
188 7
74 115
1 113
100 168
120 202
128 93
96 156
119 91
121 65
100 163
94 126
223 183
213 29
102 13
250 131
162 108
47 184
17 119
233 132
202 56
2 149
45 197
145 189
32 172
159 117
202 120
228 158
33 174
77 57
129 246
230 86
26 173
229 39
226 108
164 191
236 30
129 9
78 145
205 5
167 164
105 63
172 41
216 185
48 180
101 175
24 146
79 177
171 17
13 105
47 40
186 57
71 1
106 116
155 163
69 227
95 103
130 92
123 202
125 140
97 11
35 11
237 187
235 27
115 67
22 170
49 33
26 212
220 105
26 208
211 144
187 66
191 158
217 214
187 87
239 99
108 73
39 242
73 206
140 106
204 173
68 150
47 162
105 198
134 138
85 109
240 2
111 175
17 39
125 163
65 35
227 18
1 221
112 20
93 220
140 244
15 157
244 241
10 244
35 232
24 37
164 85
159 164
177 197
45 73
38 248
184 134
192 191
46 141
209 47
30 51
112 81
83 187
197 243
25 124
124 5
148 123
11 195
136 65
165 188
80 99
62 45
193 223
247 61
0 122
2 14
215 186
98 42
82 140
130 139
45 17
109 45
0 185
235 202
73 170
130 73
162 176
72 60
75 138
90 38
50 29
188 173
174 225
152 233
110 140
40 44
42 221
207 91
103 2
226 33
166 19
125 138
71 35
50 200
123 151
61 214
226 6
53 121
206 202
84 118
123 81
126 225
64 81
104 6
87 210
227 112
79 75
108 235
173 33
246 220
106 140
216 221
44 221
32 21
119 188
75 124
214 136
49 220
162 145
196 166
85 148
74 75
215 219
6 138
167 161
171 129
120 24
52 128
65 207
162 186
39 175
202 24
85 225
110 23
148 183
76 169
193 18
159 155
55 94
228 238
101 137
107 204
185 103
178 114
22 62
98 28
34 145
114 53
46 170
170 62
134 66
160 228
228 45
168 31
3 133
128 221
213 176
211 202
177 35
78 3
95 168
75 65
200 217
215 226
170 116
175 9
145 78
80 11
27 100
230 37
52 119
70 198
206 111
49 145
207 100
21 245
85 205
113 14
244 208
164 30
177 204
126 174
28 242
228 152
74 126
121 183
203 204
79 83
162 84
193 32
153 231
122 47
171 36
182 115
32 122
90 69
209 105
218 22
47 58
245 153
226 239
56 56
132 248
148 114
150 103
155 203
16 231
110 114
0 99
75 230
35 154
147 61
196 195
69 243
52 174
64 112
212 14
71 250
53 79
183 24
158 89
93 97
49 141
212 4
212 174
174 87
122 225
83 133
248 243
173 141
245 121
42 112
218 30
36 145
9 164
17 103
132 244
139 178
227 110
220 137
8 117
57 90
85 146
9 135
9 28
206 58
57 146
247 121
125 204
83 91
213 6
249 32
23 53
203 175
184 4
210 118
242 198
47 235
142 206
126 57
225 68
177 1
61 33
149 73
108 69
91 238
85 30
125 33
209 84
81 240
156 165
68 53
141 78
205 122
93 241
91 51
108 143
223 209
197 102
204 55
182 18
144 6
86 43
17 83
159 232
186 53
79 239
58 46
206 218
17 101
35 191
243 144
204 57
164 177
212 208
103 122
207 245
215 78
246 222
177 66
220 98
98 158
234 190
49 198
144 178
38 48
55 137
145 150
20 26
104 9
243 152
215 243
3 180
242 115
21 60
233 83
105 113
176 205
182 117
119 22
216 205
162 90
97 189
86 65
207 106
228 42
129 91
35 179
144 27
150 9
56 61
172 63
164 91
193 56
87 37
37 196
29 194
160 183
79 43
183 49
74 71
58 205
107 165
52 200
126 164
11 18
190 154
217 48
196 245
146 123
196 174
239 195
246 87
200 74
180 114
189 138
91 15
91 109
148 119
74 55
185 162
15 134
208 214
143 53
243 196
228 55
134 199
62 56
10 105
58 98
72 156
125 24
11 39
240 240
24 247
85 4
40 123
218 46
111 152
62 153
13 12
69 200
98 215
194 69
187 81
173 157
143 74
173 25
171 200
218 161
93 129
101 222
90 161
70 12
234 87
154 15
98 163
132 200
152 102
105 165
179 45
99 245
167 96
67 2
166 186
223 106
88 194
230 5
11 176
139 231
80 144
181 43
217 79
159 39
84 40
225 188
69 170
154 124
112 88
137 234
139 151
221 52
71 170
173 35
87 110
145 155
179 227
240 198
142 170
79 17
59 244
136 139
19 78
3 2
84 68
60 68
226 66
231 211
117 100
35 112
103 216
114 13
25 116
232 188
204 149
186 105
77 138
239 181
199 48
19 213
202 38
14 225
190 59
100 116
152 76
59 42
127 135
193 213
130 148
221 197
113 146
44 167
189 199
30 82
6 144
144 205
30 224
234 34
192 11
104 242
180 193
57 25
208 3
224 74
19 162
31 236
194 225
36 198
33 232
45 121
162 211
199 129
56 44
235 170
41 90
9 115
74 222
39 10
235 229
222 34
188 98
75 96
102 119
168 147
75 111
62 41
239 188
120 133
193 156
240 53
10 16
41 111
98 20
72 74
2 140
164 186
115 42
187 224
34 140
137 165
33 166
82 194
207 75
179 68
166 238
64 123
213 63
170 68
169 10
198 166
242 72
146 178
171 84
194 207
180 122
83 89
185 187
168 135
39 141
158 153
51 194
16 155
210 128
98 44
204 224
206 95
249 109
37 246
199 169
102 35
137 223
202 69
176 101
82 196
75 184
195 177
108 60
172 1
244 229
140 48
175 13
191 173
221 218
18 102
153 121
78 122
51 78
7 230
92 64
0 149
11 64
127 55
59 32
227 10
47 6
241 1
17 1
137 206
133 128
236 227
1 110
154 53
177 112
156 198
249 159
71 226
48 221
168 102
84 207
166 248
218 243
26 169
202 190
91 192
3 234
1 5
104 45
185 70
69 93
63 223
180 243
201 136
81 187
11 62
177 108
12 55
248 223
224 235
105 83
249 36
231 94
38 108
207 227
211 179
141 223
175 158
138 200
216 246
211 6
79 153
156 100
245 178
20 114
43 29
117 158
70 53
229 166
96 192
7 89
163 187
200 53
204 202
240 37
239 238
232 127
2 172
45 241
71 185
71 154
51 31
3 57
104 131
114 116
136 42
183 119
92 184
243 237
154 20
107 148
150 7
187 198
170 180
187 73
119 204
16 136
153 49
157 221
133 126
37 138
197 193
242 3
76 1
106 234
228 127
86 120
163 143
131 30
42 244
177 248
60 120
226 178
236 97
233 232
72 229
28 174
10 127
209 92
10 74
23 18
59 25
11 164
169 100
53 108
109 248
13 185
60 138
227 241
206 120
41 156
232 151
26 142
200 42
1 244
211 236
124 48
147 21
152 229
219 143
73 231
218 237
172 198
181 80
18 250
192 62
231 137
209 226
83 57
185 121
249 241
229 160
73 112
249 201
122 153
34 248
109 193
40 159
21 122
85 239
195 28
126 2
158 245
247 155
166 155
137 190
20 230
226 206
131 242
88 47
147 63
167 40
144 37
63 217
22 193
161 207
229 97
130 10
210 248
17 153
10 160
158 108
129 41
26 8
205 158
141 246
178 178
83 242
148 177
186 1
61 194
187 89
4 139
118 103
229 84
225 14
31 166
126 4
100 49
21 21
216 136
133 13
173 129
17 163
156 14
226 12
35 101
10 36
184 146
108 5
8 141
71 50
156 145
88 190
178 216
204 124
141 54
177 103
85 246
67 132
178 127
203 41
230 114
22 51
244 236
97 86
234 134
208 213
123 223
84 243
130 100
242 31
161 21
77 153
59 80
112 115
201 157
52 103
31 131
97 84
60 242
38 14
226 16
216 196
157 117
72 168
245 18
237 26
236 142
105 69
93 118
94 144
61 11
202 241
247 200
115 79
82 138
155 24
140 52
84 140
203 122
25 101
160 133
144 65
138 248
226 208
47 129
228 206
21 203
68 229
58 245
102 115
171 38
45 91
239 13
34 178
77 127
204 217
165 93
45 208
170 44
63 19
155 154
163 73
107 194
126 212
0 232
187 202
230 103
242 127
93 181
24 0
143 198
179 191
182 45
239 219
84 161
13 145
53 167
226 123
193 217
50 175
65 200
59 111
170 102
45 245
35 246
62 235
119 84
241 216
130 167
98 90
31 106
41 139
95 23
103 137
35 250
143 17
146 180
68 240
24 184
237 43
44 230
171 6
109 142
249 55
81 190
166 107
43 36
177 135
209 109
84 183
131 12
42 94
186 83
28 10
126 230
77 165
142 40
108 233
179 241
42 38
143 230
215 63
109 171
46 89
192 60
73 62
29 222
245 151
218 147
110 246
19 60
34 74
182 4
234 96
209 180
26 91
189 55
247 52
162 82
128 187
70 157
139 95
8 97
162 242
37 11
80 52
114 77
11 20
225 168
247 85
68 181
156 58
144 224
222 96
34 80
217 152
77 5
189 88
40 42
51 173
103 66
246 145
232 141
8 95
120 174
90 74
16 165
140 153
83 3
191 178
23 66
203 243
210 107
80 77
41 11
109 51
58 69
222 234
5 115
103 200
73 35
131 75
178 3
35 181
43 242
5 65
109 153
179 205
244 59
188 5
234 31
28 91
119 13
121 186
23 217
11 241
189 66
28 89
1 3
135 32
96 147
152 87
239 161
134 68
225 193
11 208
228 228
199 104
162 154
8 213
231 150
22 11
182 232
128 147
207 198
93 183
183 152
93 102
43 209
82 185
107 202
92 122
78 51
105 104
66 75
211 129
217 93
134 195
181 192
145 164
75 127
76 12
41 229
58 156
65 243
31 180
122 190
123 130
111 34
204 147
17 127
175 167
88 45
5 183
146 246
31 108
193 151
190 143
85 34
138 75
151 186
44 31
24 242
179 58
86 67
29 116
63 195
204 187
191 216
14 213
88 230
46 31
151 33
89 188
121 67
100 95
209 244
200 134
81 17
206 108
80 215
147 87
240 163
98 206
174 212
108 246
210 246
242 46
124 117
143 131
41 242
92 172
153 208
138 202
150 116
233 63
110 61
17 129
98 13
177 231
83 170
99 57
208 247
72 101
93 8
80 188
184 115
20 17
103 160
205 204
208 53
74 129
135 167
140 183
23 178
61 108
24 52
238 101
66 6
60 15
167 213
188 171
6 117
169 66
88 75
81 178
88 66
10 140
238 177
246 233
123 183
48 78
208 228
170 30
179 163
10 222
131 83
201 194
19 153
200 220
104 75
179 123
87 77
45 125
198 200
36 141
124 213
40 173
14 32
214 182
41 45
93 178
33 78
15 102
28 98
12 181
130 188
135 246
182 190
104 116
59 177
205 89
71 87
145 166
180 229
20 0
61 186
0 43
237 13
9 19
151 211
234 193
192 154
151 121
223 14
88 101
56 170
82 183
133 29
243 84
25 19
99 137
176 154
200 165
74 106
110 116
247 105
86 168
51 146
137 232
196 149
181 230
180 47
109 32
73 99
170 202
135 233
127 158
111 223
74 135
96 169
78 63
177 245
206 7
65 194
164 144
237 99
147 128
118 70
61 47
111 196
133 35
10 72
27 29
32 102
123 26
60 166
219 145
47 96
101 69
63 32
44 243
69 0
60 107
154 73
87 3
241 83
128 130
83 22
7 186
235 62
115 242
9 170
109 195
134 140
223 101
173 155
211 120
45 58
169 37
195 208
94 170
245 123
86 231
240 47
226 75
6 67
219 235
55 200
18 196
75 98
215 5
216 173
104 167
184 158
151 181
31 229
244 31
127 89
67 4
247 250
150 183
215 143
115 150
236 44
10 242
135 193
179 230
197 129
218 60
124 231
131 216
44 55
112 99
30 208
66 147
228 245
190 11
55 96
173 58
37 232
75 167
133 175
103 103
77 54
148 102
56 158
175 182
160 248
201 80
185 49
156 170
107 196
5 193
212 206
180 154
167 82
182 47
78 198
201 20
45 19
137 152
26 125
243 78
214 13
57 115
58 236
209 38
15 163
63 21
78 218
157 39
136 54
3 18
138 99
46 77
160 135
138 164
117 13
157 142
167 120
198 0
213 32
246 157
58 92
229 213
153 34
177 33
170 32
118 199
175 15
229 130
233 149
150 92
167 136
32 231
48 209
46 145
167 38
66 8
156 202
20 28
152 207
126 22
243 57
202 162
175 108
129 134
215 241
20 64
95 70
57 150
198 119
63 108
113 223
192 58
101 2
64 199
222 50
175 85
238 218
120 11
250 95
39 12
94 95
80 199
92 147
51 163
107 30
105 194
231 98
150 247
122 11
111 52
108 23
134 181
203 20
94 83
190 179
83 69
156 140
160 41
139 43
35 194
90 194
102 131
99 239
153 74
119 66
24 171
101 57
54 187
5 16
209 29
190 240
116 221
210 46
155 210
119 219
117 67
38 144
28 48
201 55
135 6
107 102
212 128
1 223
58 121
62 241
172 70
87 227
10 209
133 216
242 155
75 7
59 140
7 208
95 197
155 235
161 38
59 26
114 129
243 177
120 123
124 136
34 21
129 89
123 66
191 150
231 246
105 81
78 216
140 13
213 74
72 172
174 62
123 140
190 238
175 103
243 80
71 103
5 152
153 16
78 30
52 158
56 97
202 43
191 152
153 22
193 104
39 109
239 34
167 209
176 60
113 51
103 11
166 178
60 28
7 65
189 15
117 150
110 110
185 20
51 198
107 51
50 106
72 58
249 0
146 113
76 221
242 48
166 121
105 210
129 13
44 123
22 137
43 105
220 191
245 5
2 190
55 185
154 78
214 46
141 20
174 206
113 43
218 170
212 27
26 27
183 113
89 192
48 170
105 118
187 71
86 242
45 210
127 94
56 14
78 14
39 125
159 37
212 245
65 226
211 164
108 141
195 157
195 206
83 142
144 244
63 124
150 11
126 190
63 46
41 142
34 217
6 130
74 100
128 117
155 147
58 176
191 218
70 155
127 139
74 117
221 157
8 241
148 159
99 190
148 246
212 237
10 14
100 77
189 74
62 151
147 135
7 76
235 105
220 107
245 83
198 106
47 186
3 232
175 58
122 122
174 183
75 243
237 191
226 125
120 153
110 6
119 86
205 206
153 32
235 42
137 101
21 73
63 136
248 197
166 83
224 113
72 190
127 119
124 1
197 28
134 85
68 73
140 63
167 21
53 178
198 73
14 71
105 122
137 246
60 99
220 49
62 112
180 36
244 157
89 78
215 81
15 119
169 129
110 184
157 43
160 185
63 30
171 10
248 174
240 75
57 185
158 133
226 127
198 65
14 155
218 247
239 217
171 176
175 188
205 137
190 30
242 11
34 202
241 111
232 80
142 202
54 64
214 221
74 186
204 59
23 124
20 42
244 197
141 242
168 179
233 135
54 70
240 102
234 145
245 24
193 114
140 80
186 95
218 156
27 210
81 46
235 29
214 27
210 4
70 37
189 62
15 144
155 60
249 249
71 184
179 79
142 76
77 142
89 55
198 192
219 69
138 42
128 140
211 64
185 65
47 90
5 211
102 44
189 201
204 161
30 193
78 151
71 16
166 163
188 57
138 155
140 203
227 224
15 128
220 155
172 46
13 229
112 53
226 113
40 117
41 109
107 230
186 123
56 93
149 209
170 90
126 106
190 3
113 161
121 134
6 87
192 175
6 161
116 102
92 194
231 9
224 21
80 121
10 89
140 248
129 86
25 133
188 175
0 250
76 30
178 190
52 222
171 133
103 189
167 15
10 68
204 219
242 239
160 250
224 64
213 235
77 109
65 94
187 200
91 236
66 24
56 234
224 195
117 22
39 228
205 171
60 55
246 129
87 225
13 176
118 57
104 71
34 93
245 102
74 220
182 25
65 43
123 51
55 6
61 212
229 56
136 74
50 204
145 95
24 11
120 56
228 6
229 247
41 192
242 160
33 112
247 8
156 86
127 7
126 74
20 112
198 232
81 146
154 51
195 101
207 205
110 59
78 65
230 96
35 62
83 205
27 181
85 131
197 76
181 120
225 25
168 138
155 200
1 130
229 112
139 117
223 125
216 92
87 132
203 137
87 153
172 202
250 157
21 81
195 227
227 14
147 157
209 178
162 64
147 101
78 99
47 22
108 231
188 179
47 19
21 233
36 60
12 220
175 32
230 238
131 111
79 137
166 240
72 208
228 123
21 67
186 180
121 13
214 44
92 222
179 125
138 136
33 215
111 160
94 128
123 132
59 185
55 87
103 93
207 225
91 123
151 59
169 104
11 5
42 118
147 231
215 211
97 154
228 125
64 141
22 26
128 163
130 117
48 82
1 80
150 105
112 113
14 194
55 108
141 44
93 239
127 91
51 159
195 150
11 27
127 72
130 165
195 57
248 130
244 64
9 185
60 97
92 66
193 102
154 13
85 172
20 204
124 234
162 221
40 152
19 43
206 156
195 129
227 204
6 150
6 189
108 185
182 207
61 26
117 205
180 56
142 71
8 66
176 78
230 68
228 103
161 230
163 6
165 202
30 20
0 69
42 190
231 101
94 5
182 35
20 232
143 160
115 90
106 68
71 72
235 136
56 174
214 224
183 209
98 92
44 147
127 87
118 231
96 25
164 158
16 195
241 39
125 202
243 140
155 142
139 32
28 41
12 206
177 161
192 3
144 80
244 128
48 10
114 88
58 158
11 146
162 150
91 77
54 247
236 168
29 29
217 235
60 223
186 133
47 131
25 210
169 211
137 95
103 221
77 52
20 219
186 165
167 69
244 182
173 39
37 146
84 185
245 70
190 61
234 65
37 250
202 156
90 63
187 13
70 48
196 183
107 150
81 9
136 191
41 81
103 202
34 192
88 68
0 29
230 227
81 90
29 191
223 138
138 183
12 233
85 2
21 71
7 176
54 14
168 145
173 181
200 17
41 212
132 34
232 7
96 215
243 82
142 187
226 102
176 105
180 116
201 218
37 46
4 14
233 247
125 26
4 188
21 52
102 46
14 52
30 22
165 157
185 107
155 156
185 90
237 209
191 139
153 89
233 94
97 233
162 219
92 161
87 249
112 39
12 247
187 84
159 79
21 175
113 174
138 181
138 49
225 60
65 213
156 12
200 72
225 111
172 131
26 158
1 97
61 196
213 65
175 197
106 167
178 56
119 206
14 121
158 247
169 43
105 196
195 18
32 148
230 157
116 35
166 71
19 84
38 76
34 172
77 123
175 156
12 245
32 221
234 141
144 113
166 67
172 189
71 231
26 171
12 213
187 93
86 173
114 144
129 132
151 61
158 58
76 62
139 233
182 215
101 216
148 213
80 42
223 38
106 5
217 78
49 22
13 20
1 233
136 227
84 224
4 217
155 110
130 186
197 1
185 199
69 72
23 245
162 180
131 214
68 148
35 150
126 221
136 143
244 132
57 136
198 150
229 215
169 240
85 133
218 49
104 73
163 162
22 0
111 146
34 148
220 248
129 2
237 216
225 210
123 174
133 204
221 236
13 69
139 185
69 132
184 105
165 5
217 62
66 155
6 142
128 240
221 19
107 118
41 158
228 240
241 116
155 92
139 190
249 80
35 13
216 159
49 59
23 227
56 138
0 78
28 54
245 1
154 137
214 245
33 236
83 31
18 164
184 51
222 146
193 112
98 230
149 211
180 3
222 99
168 95
105 239
103 209
62 76
15 153
208 77
5 13
245 140
30 55
146 27
178 105
200 65
215 74
137 31
154 75
229 110
31 170
249 5
230 128
43 108
171 118
57 152
61 13
70 59
221 144
210 213
189 126
211 29
125 227
107 232
99 154
164 151
64 58
114 239
130 244
126 129
0 33
232 125
191 125
235 132
196 200
199 95
116 228
8 217
202 71
144 92
187 127
22 231
103 198
236 25
27 31
171 223
23 133
165 232
74 182
250 220
98 171
30 132
45 236
150 177
16 234
146 191
152 104
246 198
136 69
79 206
154 122
50 53
28 37
108 182
73 167
144 55
40 154
161 90
17 19
4 123
101 166
129 136
198 30
227 247
148 228
12 89
28 50
111 192
104 47
219 157
101 159
191 110
128 56
183 81
199 52
205 13
230 48
41 54
227 85
105 212
204 21
158 12
190 203
193 39
117 124
114 127
0 1
193 126
179 1
60 93
94 27
35 3
220 22
210 206
190 87
249 104
77 98
160 65
23 243
176 97
75 83
204 11
120 3
234 69
62 100
199 242
13 164
138 153
151 231
23 20
83 38
94 172
82 207
77 232
229 69
190 38
78 200
184 2
70 70
12 16
203 154
94 91
166 94
38 66
228 216
32 10
150 213
194 11
147 131
218 105
192 84
54 234
146 38
45 33
127 223
101 59
35 44
37 140
152 212
243 13
91 49
13 179
194 71
17 197
39 82
123 68
197 95
44 113
76 217
69 84
175 80
13 28
65 1
139 28
193 1
21 13
140 205
196 78
187 64
137 48
232 17
159 119
124 66
102 164
194 118
105 11
195 243
127 162
119 208
49 235
1 54
184 56
197 138
101 173
130 50
95 89
133 41
170 146
14 248
221 114
121 151
177 179
167 247
49 143
197 58
84 201
120 190
5 133
147 138
188 90
167 133
205 104
218 67
174 64
241 52
129 112
63 34
122 234
22 9
8 41
115 223
12 183
78 125
63 193
221 116
128 230
146 137
175 231
100 241
123 126
135 235
161 80
196 30
177 125
89 221
29 65
186 135
177 137
169 118
139 223
99 80
145 226
96 207
8 27
88 53
246 91
223 197
154 101
156 250
221 54
48 207
109 224
9 26
11 94
136 136
81 137
235 231
102 117
226 35
25 147
175 18
225 62
11 243
123 29
128 149
94 215
236 46
68 47
48 54
117 65
141 179
182 58
107 124
21 228
148 89
115 159
116 148
33 200
101 93
222 140
213 119
68 130
214 95
227 210
224 76
62 218
102 50
163 16
27 115
140 61
110 235
215 152
76 64
184 164
67 90
68 154
7 239
208 127
103 174
248 161
161 163
221 63
241 35
149 26
216 141
164 32
170 204
153 60
126 117
186 145
67 212
41 219
149 71
24 40
67 191
102 138
197 115
188 241
6 78
62 122
72 126
9 43
187 125
124 166
6 213
15 83
196 3
212 101
79 15
29 114
166 190
247 70
23 233
164 239
83 237
226 243
39 143
187 48
63 204
33 214
94 93
188 144
141 151
16 20
92 144
250 114
89 112
194 16
81 173
125 72
28 27
155 138
184 102
58 89
95 29
144 168
43 53
206 55
31 24
181 217
125 50
45 228
190 170
248 90
243 4
75 29
82 11
235 208
15 18
242 142
226 27
64 121
158 66
171 86
165 161
98 169
174 69
222 21
103 176
89 76
202 203
170 210
41 63
124 124
59 21
68 75
15 180
139 209
128 49
77 174
235 206
7 163
155 190
147 97
215 203
144 154
88 211
149 96
65 140
142 158
107 247
157 147
107 53
15 34
127 160
217 90
184 83
45 187
36 248
91 11
57 244
2 142
199 136
37 79
139 113
113 90
36 172
3 221
75 27
223 181
33 89
132 147
102 42
102 177
148 6
244 62
86 151
143 67
23 68
35 131
31 223
110 180
22 172
46 189
96 134
143 185
7 115
72 48
162 17
58 94
247 1
226 41
233 33
197 51
191 15
184 22
53 126
222 207
219 24
191 25
52 70
146 153
46 123
28 12
75 102
112 216
204 185
151 118
54 66
238 199
194 246
179 66
67 200
30 27
2 176
88 39
68 158
130 150
106 70
191 228
112 134
171 181
141 219
155 194
79 46
68 198
166 129
61 110
117 187
43 82
239 197
79 10
147 95
208 154
233 137
102 102
160 211
204 120
183 121
84 203
210 54
218 224
26 102
25 67
57 27
12 71
215 184
238 179
158 241
24 26
228 156
166 135
42 75
179 137
50 177
23 203
244 142
90 211
173 226
101 83
169 238
34 57
85 248
199 56
46 232
167 51
149 94
93 67
131 72
139 19
216 167
246 208
176 126
182 229
50 222
213 218
214 141
13 103
47 241
87 229
223 36
93 6
29 120
236 154
44 120
249 34
44 76
104 36
161 227
69 16
60 40
246 212
199 249
83 147
42 43
122 2
77 111
138 51
220 147
207 44
150 245
195 199
118 115
10 21
210 7
241 54
197 66
192 37
208 207
144 221
38 174
131 137
96 190
99 103
138 134
169 136
227 40
21 249
90 53
14 46
5 76
77 66
29 176
11 144
89 153
225 183
30 104
156 67
161 187
205 150
241 79
47 33
150 207
237 119
195 179
100 43
46 221
74 38
115 157
228 160
34 103
159 243
49 90
239 9
23 215
42 20
129 39
32 56
234 226
98 138
222 188
61 162
69 190
98 241
109 173
99 167
4 25
175 25
43 156
158 249
216 66
157 217
213 183
65 192
22 36
230 240
26 136
8 161
246 131
21 243
74 2
164 67
199 194
143 152
157 192
83 163
76 144
59 151
127 108
63 210
196 181
77 113
198 148
2 74
71 167
230 155
152 10
245 231
72 53
138 204
247 92
177 14
46 4
169 39
102 170
66 181
12 222
218 27
122 175
56 85
187 161
212 41
73 244
41 83
4 52
134 165
142 130
85 89
6 170
234 85
157 119
164 179
4 141
240 160
182 22
57 238
144 207
206 186
200 131
5 163
151 71
185 73
22 87
37 3
22 115
45 53
16 152
59 30
176 195
161 124
18 91
94 147
94 18
212 103
196 191
229 18
61 57
58 54
219 169
239 43
59 211
211 131
49 196
59 67
144 203
19 82
202 216
214 237
161 182
169 164
168 45
181 238
146 19
42 154
179 15
64 138
55 12
121 20
132 187
6 102
5 179
245 93
198 114
106 130
113 226
43 229
209 5
231 56
107 228
188 1
139 9
122 0
123 138
134 147
40 93
115 230
200 154
169 171
228 38
27 175
126 125
158 87
193 233
245 204
58 227
82 1
40 119
85 129
48 8
189 213
105 4
139 162
4 191
130 113
208 200
69 87
16 121
203 145
107 58
122 236
99 140
6 24
45 36
211 116
46 38
13 196
135 4
233 245
131 4
242 234
200 70
248 96
91 111
247 83
67 84
86 113
147 71
6 217
107 64
74 46
162 66
249 203
105 7
33 170
2 168
154 66
10 142
92 159
137 108
97 102
241 236
93 88
3 54
141 115
62 120
50 120
160 19
137 110
87 107
36 15
170 19
166 90
216 45
104 13
143 78
231 84
222 77
80 162
193 229
56 246
26 41
149 24
120 161
199 230
66 141
158 145
195 165
115 146
220 196
59 109
144 94
41 227
232 87
69 239
108 3
235 143
210 27
97 191
164 18
151 90
146 115
71 105
33 10
100 45
50 118
244 180
113 49
39 207
74 61
0 187
87 1
237 207
181 144
249 97
180 232
242 29
48 229
29 105
241 33
182 33
1 151
182 158
161 218
231 148
139 108
185 201
155 169
146 133
162 215
199 219
99 126
176 114
249 2
147 103
72 10
60 95
235 120
60 147
90 190
186 69
1 219
242 21
53 173
140 11
238 121
125 119
197 230
214 134
232 209
76 228
191 234
243 0
237 203
210 36
85 55
238 156
16 215
94 69
94 159
243 243
190 226
119 26
216 83
162 223
186 67
134 214
51 5
226 180
153 195
77 34
113 132
206 102
176 165
96 231
0 35
44 106
144 159
244 22
36 168
12 14
171 66
10 91
100 118
209 198
94 16
108 139
157 53
160 152
38 1
89 228
36 55
83 36
158 135
231 250
59 78
13 143
40 77
95 68
10 42
126 51
157 10
21 206
250 112
70 89
59 187
1 231
175 141
225 10
165 34
62 96
155 54
206 148
120 172
181 234
179 180
223 25
222 192
86 32
188 239
92 127
35 170
113 241
40 190
168 47
164 154
8 15
58 179
29 163
246 235
36 244
174 154
101 127
246 149
97 205
196 47
174 78
153 44
62 138
212 95
30 48
128 58
150 5
28 224
164 241
186 172
234 139
31 39
167 188
111 244
144 137
123 83
145 230
17 93
4 177
9 75
53 197
143 20
155 133
132 166
37 125
34 142
176 110
31 121
196 70
247 151
23 148
193 9
230 229
66 31
190 172
169 209
81 44
142 167
210 166
144 184
221 100
90 144
77 16
250 120
37 44
73 17
234 219
120 1
148 153
109 95
18 184
101 33
100 129
209 129
211 126
218 5
188 136
63 163
101 191
142 244
111 214
243 111
218 141
39 139
99 175
184 68
187 130
195 185
177 163
235 204
182 243
136 106
245 214
180 127
12 45
164 89
155 90
70 182
71 51
203 90
46 75
0 31
224 96
0 55
175 82
90 223
95 87
32 93
48 4
143 242
221 138
140 221
3 174
130 81
65 110
236 60
165 95
206 214
218 121
210 76
20 62
205 139
228 47
178 229
250 224
206 21
200 232
244 212
71 206
81 22
187 6
238 170
99 128
231 231
49 147
33 180
231 58
72 12
70 124
81 139
172 211
241 12
102 95
22 204
225 109
219 198
154 86
103 219
242 241
130 163
28 193
43 32
15 78
60 206
249 188
194 58
157 154
26 140
21 79
129 220
9 38
68 156
79 97
70 237
143 191
6 209
208 13
87 79
229 226
21 173
235 210
162 178
158 41
94 25
2 246
95 205
65 211
229 82
79 4
59 114
32 152
187 3
250 57
181 49
26 55
220 142
119 239
189 140
212 234
144 231
149 30
70 228
62 197
131 178
58 214
129 79
127 5
213 116
199 177
43 219
47 179
127 173
42 152
99 205
52 165
64 75
5 231
249 7
165 193
159 230
17 43
149 121
172 88
204 164
177 57
98 248
26 89
249 23
57 58
178 214
116 69
202 81
95 146
195 73
74 108
224 175
78 77
138 179
173 80
117 91
11 53
139 138
217 227
67 92
110 97
222 75
55 4
239 208
33 146
23 38
220 239
73 0
230 216
113 156
231 15
28 161
237 189
2 6
17 150
138 97
153 108
229 99
211 38
15 230
171 64
205 175
169 200
58 225
46 230
156 196
77 7
162 184
84 120
48 183
45 42
228 86
134 248
95 188
55 15
101 67
81 54
225 18
66 151
242 9
211 175
102 105
3 167
156 88
74 218
138 53
194 30
138 64
25 104
166 235
173 37
28 132
104 111
209 165
157 109
12 69
135 34
144 228
109 21
78 41
115 99
192 16
2 201
225 37
164 226
224 78
136 27
192 27
94 185
247 33
165 69
89 110
116 156
113 178
221 61
162 19
54 3
176 232
135 125
210 42
22 247
23 116
156 233
148 129
112 224
176 116
49 77
19 248
39 250
205 154
7 136
131 16
49 52
101 161
15 203
186 51
56 156
74 216
171 124
222 123
27 62
148 38
238 163
70 74
83 95
235 160
33 150
215 217
107 108
173 187
61 31
190 181
234 209
140 155
73 104
196 131
151 228
52 216
3 194
204 232
65 125
6 15
44 74
65 20
58 212
114 221
191 156
220 20
44 43
182 223
94 20
113 37
228 203
79 135
215 29
183 239
143 31
174 74
172 19
20 247
241 161
22 112
172 205
82 192
34 1
138 227
168 108
174 210
154 103
8 91
119 68
84 93
235 192
40 67
249 94
90 230
146 93
88 223
135 205
148 155
111 158
169 7
22 218
10 95
182 56
89 248
1 120
51 220
148 116
190 34
86 223
213 93
132 136
113 45
10 213
242 232
146 5
8 102
143 222
55 198
158 225
79 173
4 101
132 212
10 250
97 160
189 64
190 236
9 93
82 214
162 120
246 59
113 153
169 21
144 129
47 220
41 210
191 127
182 244
141 82
107 145
82 202
214 205
164 121
101 219
246 71
101 11
98 156
206 207
26 10
136 25
240 0
168 19
3 244
136 225
110 73
195 175
72 217
235 130
144 18
42 218
105 218
116 217
168 121
48 56
118 162
74 36
116 127
7 134
215 7
72 246
135 215
102 168
216 154
88 119
195 193
249 82
85 152
78 81
125 218
41 125
33 106
71 18
15 196
96 159
247 18
220 51
69 51
128 165
135 197
23 30
73 27
174 143
203 188
32 74
30 36
184 190
207 5
249 186
211 75
182 154
70 168
65 5
166 92
91 145
152 50
196 168
234 178
233 249
232 178
146 80
0 82
196 151
58 138
224 102
242 113
66 149
99 220
103 80
219 99
12 2
20 124
190 57
178 34
30 9
19 135
45 220
154 206
32 184
29 210
144 133
81 148
28 122
103 191
157 162
9 240
97 246
65 22
25 144
141 42
46 147
34 91
26 245
38 153
196 93
74 229
40 65
47 233
148 100
106 146
245 3
124 28
249 118
188 134
113 41
102 48
164 83
208 73
176 177
231 248
239 154
18 215
190 27
160 226
1 242
109 145
41 249
3 119
80 146
169 5
231 62
216 156
203 226
210 199
156 125
177 68
242 109
237 28
189 32
57 12
159 173
117 113
123 73
115 15
55 172
23 60
184 144
157 243
171 147
208 249
97 217
99 11
160 8
223 111
93 227
63 239
11 124
172 117
103 4
167 239
125 107
8 113
107 88
151 25
235 32
185 47
173 200
241 73
172 23
80 197
217 44
184 123
62 28
12 37
7 25
157 45
125 54
107 32
156 108
30 11
186 101
142 73
191 18
55 59
112 97
161 209
142 235
161 165
71 131
183 107
93 205
27 134
137 33
216 225
63 79
241 77
188 159
164 156
155 243
244 109
114 175
210 94
34 55
41 29
22 28
43 187
156 134
184 207
218 239
92 229
79 79
160 115
132 149
44 25
164 107
98 232
63 225
174 7
238 71
144 63
122 124
246 20
189 40
59 213
215 65
133 202
11 46
85 241
95 166
85 170
138 66
42 30
26 183
76 125
16 45
145 222
17 131
206 188
139 246
40 244
63 12
113 215
134 70
154 167
93 10
99 159
56 95
178 212
6 185
145 131
233 180
219 214
13 123
14 181
171 21
248 43
45 239
111 154
196 119
211 82
249 151
230 54
116 71
13 204
31 112
92 170
64 44
24 142
139 180
229 105
191 232
74 59
105 65
107 86
62 58
23 249
127 220
249 172
64 24
58 148
142 12
58 96
120 163
103 68
145 152
210 168
114 68
97 30
228 188
0 200
79 28
109 149
114 98
109 244
143 208
70 76
163 206
25 135
172 224
228 114
143 189
115 240
220 103
148 8
125 52
32 23
22 89
78 134
128 156
163 174
231 21
146 140
13 125
79 108
66 80
38 244
217 25
204 3
216 242
47 127
188 94
51 178
210 103
4 105
82 189
115 219
96 20
164 189
56 187
224 27
92 9
7 152
19 1
65 190
14 44
225 174
93 195
119 215
61 130
88 98
132 185
128 51
98 243
156 75
101 201
20 86
7 168
7 184
46 56
187 91
216 14
162 229
158 221
197 74
15 53
134 25
168 91
127 3
167 44
12 249
25 65
157 194
32 192
193 28
73 83
85 211
76 81
59 13
24 90
203 39
134 43
213 144
85 144
213 209
195 115
2 52
104 105
234 80
234 126
55 169
17 81
218 222
99 78
164 200
230 188
141 109
5 181
23 174
53 7
197 249
173 65
87 219
126 59
129 242
118 173
128 189
138 119
102 242
218 216
110 182
77 89
158 78
58 23
128 73
115 49
229 44
142 27
77 136
129 75
229 150
171 149
77 28
151 48
70 14
49 24
44 92
79 53
74 63
167 5
16 55
178 107
223 114
181 126
148 244
111 173
103 15
9 103
22 191
59 183
108 180
142 221
214 84
83 130
205 100
68 238
174 134
218 226
140 65
44 57
23 176
192 13
229 101
92 70
147 26
48 38
171 225
142 184
59 136
199 133
104 102
4 78
212 76
243 206
19 119
73 233
59 238
95 85
205 216
73 110
51 144
165 81
125 214
181 227
82 200
142 51
132 164
3 151
129 161
237 136
54 106
89 51
162 213
216 95
39 157
32 202
23 206
58 203
18 41
183 217
249 106
113 96
162 88
23 122
43 138
14 183
155 44
166 230
195 213
17 79
127 242
188 17
237 181
37 77
178 250
168 49
100 10
171 40
141 207
0 7
216 43
118 8
131 14
250 230
245 147
50 208
121 181
83 159
143 29
92 215
46 243
236 101
243 66
14 55
250 54
44 238
44 117
174 110
108 122
42 34
155 88
0 37
150 184
164 224
150 226
26 49
43 213
10 197
122 184
241 10
96 93
59 146
23 144
15 211
243 204
56 113
159 43
102 91
85 111
168 67
104 193
222 195
166 3
173 179
101 114
133 33
139 206
180 190
200 82
44 189
111 21
21 135
83 152
81 163
68 183
2 72
224 189
30 161
39 78
18 233
214 40
169 148
81 68
125 229
242 181
138 150
97 33
161 174
140 160
33 250
180 33
48 89
13 231
149 104
61 42
104 51
101 81
78 208
94 135
79 123
80 125
136 180
214 117
141 200
72 39
163 81
191 63
73 184
66 108
87 247
179 32
8 143
146 162
248 71
245 57
57 232
5 187
151 209
10 113
118 175
178 195
202 166
172 207
56 89
96 27
35 139
133 3
115 205
195 117
50 206
127 175
248 219
95 48
13 53
80 207
219 63
63 43
73 127
108 67
43 198
2 98
224 177
209 75
229 249
80 0
184 58
243 23
43 45
202 54
96 83
94 207
9 62
223 54
193 179
53 218
11 126
20 66
230 126
206 93
30 92
88 112
205 91
175 128
163 198
29 25
133 7
125 109
24 173
41 95
147 40
195 1
17 77
248 221
85 220
199 19
214 79
174 60
2 1
217 32
70 85
111 44
210 73
164 184
64 152
27 159
89 142
11 12
189 211
168 29
213 133
191 9
2 30
12 4
167 172
13 227
202 147
173 136
141 10
75 109
175 56
26 20
140 164
90 17
60 112
20 217
176 207
213 83
218 65
201 83
236 71
124 105
112 35
2 78
237 41
164 230
189 215
75 34
210 208
63 140
23 135
57 79
29 181
191 32
66 153
217 134
25 177
244 145
10 60
197 176
2 188
207 138
214 151
57 87
250 222
100 171
80 195
82 161
209 126
89 37
106 37
111 18
69 18
65 3
121 203
32 110
46 21
54 174
39 55
30 231
91 103
144 73
181 152
120 200
231 70
32 91
58 44
50 231
49 132
2 129
189 237
75 113
44 80
121 188
111 144
204 166
65 92
61 78
85 164
100 214
53 71
12 35
78 32
135 14
18 151
199 146
101 199
201 18
195 75
50 79
124 222
134 136
110 2
40 218
202 239
49 161
238 123
244 68
0 202
49 194
64 241
75 73
5 136
175 136
109 108
126 100
241 56
178 64
245 32
226 64
63 77
114 66
32 8
170 88
145 64
18 144
112 16
67 94
237 201
237 211
7 99
138 115
210 52
138 191
160 220
100 47
224 66
133 5
126 157
145 42
141 18
190 141
23 105
94 236
186 143
219 28
243 154
87 55
111 80
128 95
217 157
80 201
124 225
67 0
168 93
203 158
232 37
67 179
133 242
167 123
124 236
201 146
87 30
21 30
56 202
166 31
164 222
245 60
42 22
149 118
51 104
22 183
218 245
5 100
152 179
84 150
137 117
82 198
103 211
236 217
164 248
31 182
129 4
166 1
95 179
212 43
107 7
81 205
185 160
109 229
61 216
36 123
105 208
38 68
63 215
132 139
223 185
9 168
62 226
75 171
96 180
201 67
33 12
205 221
198 131
105 15
199 50
236 134
241 68
234 60
129 7
64 7
191 28
161 143
146 159
220 6
21 69
10 246
174 223
245 85
22 146
188 96
195 112
156 106
131 8
247 241
109 147
232 85
249 52
238 73
247 73
196 247
74 245
37 170
156 241
152 123
224 187
108 71
135 129
35 90
74 81
146 129
97 22
221 170
60 23
117 166
229 148
193 215
130 131
146 224
181 24
156 102
26 97
78 114
248 132
189 131
174 229
130 85
51 161
61 209
93 48
71 242
57 144
21 19
116 104
159 162
214 42
205 109
196 113
47 125
168 89
130 94
179 43
95 217
126 166
25 240
229 211
134 226
190 0
41 137
118 6
100 90
42 55
206 234
131 176
150 101
246 62
94 120
118 24
240 115
9 45
218 136
9 215
210 15
44 115
50 171
42 123
143 200
210 201
118 0
191 171
214 76
243 179
3 76
141 162
6 132
32 54
54 189
247 123
60 45
91 195
113 176
35 156
121 25
117 230
11 204
150 179
168 170
56 176
75 136
39 64
35 200
33 191
58 113
192 86
32 79
158 76
152 116
106 74
177 59
105 87
48 142
22 40
202 138
106 46
227 43
161 6
54 220
175 99
93 12
115 226
136 195
100 131
127 131
218 7
12 166
201 243
51 60
107 209
9 199
238 102
36 148
76 75
15 228
53 199
185 92
234 168
32 104
91 101
41 150
176 75
95 181
33 76
122 136
37 13
205 19
76 117
180 22
226 104
7 17
42 114
129 176
105 109
175 73
66 198
65 179
177 193
218 241
9 79
2 55
63 200
111 37
229 20
248 102
61 239
51 121
93 50
105 29
17 186
208 15
3 192
177 206
15 178
13 57
132 93
43 227
147 17
147 105
76 215
20 144
35 64
146 91
29 159
118 87
171 34
90 102
172 92
34 234
8 131
99 216
10 44
146 125
156 51
225 186
232 68
119 89
97 208
46 8
10 166
199 83
25 114
172 8
150 229
224 208
19 38
230 124
125 223
234 228
153 91
239 190
55 68
5 89
157 219
154 135
62 126
207 46
173 6
9 129
36 57
216 121
113 243
74 57
176 189
223 62
198 46
73 8
142 66
73 224
191 212
147 226
16 213
176 106
134 201
154 165
123 181
167 0
199 138
41 121
207 196
77 172
240 156
36 152
189 72
75 54
30 165
105 241
180 216
130 218
31 191
50 169
20 15
57 67
47 42
23 72
170 46
236 219
139 1
178 243
137 126
94 22
60 122
27 206
119 20
237 205
219 61
97 116
134 203
195 197
184 226
90 151
48 140
75 104
30 90
18 121
35 76
166 146
213 142
91 213
175 36
177 181
117 126
167 202
223 144
118 217
208 107
19 80
52 63
185 87
125 159
27 194
114 204
116 11
92 125
181 41
245 138
2 102
63 110
106 9
240 45
114 55
216 207
156 1
173 9
129 159
92 16
247 6
197 241
236 193
63 26
238 168
15 130
170 131
48 239
200 85
118 11
99 173
106 149
114 39
44 34
144 125
215 194
236 225
202 58
215 132
87 81
175 227
31 163
99 32
245 206
95 234
126 98
50 56
37 209
172 77
197 91
59 164
143 150
170 169
169 123
29 183
60 101
209 176
81 175
186 55
72 182
241 44
9 208
21 83
214 207
174 138
121 205
167 237
206 12
216 106
11 141
179 152
115 44
7 232
118 2
48 146
224 12
8 209
16 229
215 145
130 77
90 119
186 75
89 213
3 4
218 196
86 244
212 247
109 205
222 148
30 53
177 79
249 122
249 69
68 80
218 154
226 8
142 64
117 164
151 72
19 133
52 176
96 242
249 190
92 95
99 30
156 77
144 162
198 152
245 237
116 238
8 243
93 28
229 168
102 129
247 103
99 115
186 97
93 124
84 66
189 235
215 25
33 38
47 36
72 129
70 191
59 90
191 36
8 166
60 9
127 60
141 185
162 8
10 1
158 234
157 56
191 214
155 208
247 57
237 144
130 98
214 174
21 118
184 100
93 214
218 172
24 208
43 1
24 168
194 183
22 17
197 5
224 34
24 88
212 45
80 2
33 101
102 135
243 33
71 46
79 175
244 210
48 244
78 202
231 39
177 99
20 192
203 25
94 157
136 97
194 244
40 30
30 122
135 141
179 112
21 133
245 144
121 238
103 82
11 29
167 211
107 56
239 206
32 81
222 112
27 39
146 7
71 245
147 164
165 15
216 238
7 79
86 39
223 19
135 127
118 210
57 42
160 67
2 70
62 24
185 208
175 67
99 22
228 16
28 21
186 226
145 17
0 189
213 202
155 192
224 124
163 124
126 232
17 134
244 71
200 241
241 250
107 28
72 14
6 104
117 207
73 73
232 139
248 149
130 37
81 20
246 89
130 35
32 234
5 131
217 194
172 79
66 123
163 31
193 128
51 142
14 165
76 100
200 156
23 74
219 18
174 19
70 189
185 81
162 122
114 224
105 85
106 106
143 236
54 156
67 242
166 227
19 198
85 91
77 79
153 177
125 68
111 95
49 6
129 119
239 36
204 111
56 69
103 240
0 172
104 120
102 76
34 221
202 186
6 91
123 200
206 3
233 123
167 125
4 71
157 174
109 53
243 230
54 201
13 34
216 223
247 94
197 104
12 73
239 215
10 206
136 99
25 122
228 34
215 32
148 93
88 170
50 39
65 79
65 224
84 138
104 17
197 185
27 240
89 108
45 234
198 247
75 56
203 151
157 235
234 67
187 138
140 26
88 114
201 26
234 233
145 29
223 236
160 241
78 12
210 182
61 207
84 218
25 61
180 236
175 34
194 152
97 244
181 240
167 177
197 178
90 65
121 22
17 3
204 156
5 233
18 235
41 208
195 68
200 239
28 208
43 90
11 106
21 38
142 204
200 22
54 60
106 144
233 61
75 165
113 18
206 223
48 231
237 161
197 198
144 187
77 96
128 97
213 81
220 216
159 147
169 247
248 157
35 219
217 218
192 71
150 39
90 121
110 4
145 20
91 221
86 118
127 228
134 87
61 80
235 99
152 14
91 142
187 15
55 79
249 84
114 16
134 27
64 126
100 243
164 228
3 16
156 136
100 92
75 232
147 42
20 197
3 164
155 22
182 143
35 146
173 85
114 35
220 67
166 28
14 232
26 51
215 119
28 52
246 22
59 149
75 5
192 180
45 183
140 201
83 239
208 7
213 185
87 171
201 40
34 198
39 146
45 100
110 36
124 3
224 179
241 238
106 72
163 208
197 133
42 92
119 186
224 23
212 85
178 176
163 33
111 132
108 116
2 104
63 213
10 66
116 174
153 210
22 220
43 207
174 71
227 226
34 168
62 237
183 124
192 103
73 124
40 107
25 206
130 190
106 35
147 222
37 65
230 152
168 162
14 223
200 190
111 194
139 170
22 185
174 23
131 36
99 247
131 6
36 1
246 210
1 118
131 135
137 76
174 139
159 218
126 96
224 16
222 137
228 36
176 211
35 78
25 28
212 200
96 229
95 50
162 217
166 192
119 64
132 84
173 17
61 136
200 215
181 124
247 4
204 70
103 166
65 205
91 240
225 105
181 118
145 62
66 82
65 216
3 64
47 24
179 167
93 146
158 223
115 33
208 102
212 118
139 47
183 20
170 70
64 56
230 17
163 160
120 184
197 117
227 186
64 154
111 46
63 206
121 132
6 174
200 167
248 59
35 215
107 211
85 38
232 64
90 47
226 176
184 25
216 34
20 234
128 218
171 42
138 26
160 154
224 192
125 82
6 140
176 139
132 73
111 50
232 190
114 179
201 231
116 7
54 62
126 188
105 222
26 53
173 21
79 55
240 113
33 182
137 210
32 217
215 93
189 86
174 198
127 24
88 151
94 46
69 192
178 36
204 94
179 245
37 63
161 63
145 160
210 44
63 208
3 219
140 111
216 27
211 173
114 81
45 199
49 96
185 84
154 233
69 241
119 165
54 171
1 174
247 248
4 103
49 163
68 89
222 104
165 73
137 212
53 104
149 60
76 140
154 56
241 196
141 107
66 29
158 14
18 100
157 232
85 166
105 67
116 231
215 209
90 67
77 74
63 243
146 228
33 108
247 159
100 138
102 172
81 238
214 30
245 249
110 20
48 76
203 12
46 79
58 181
227 212
114 217
107 66
92 18
6 26
232 66
5 176
49 128
249 155
231 159
235 180
13 211
189 124
108 55
174 159
9 64
140 41
191 72
192 225
217 6
213 130
202 164
174 76
167 13
32 165
196 72
59 153
147 121
136 67
57 177
178 77
82 33
227 169
222 142
20 215
83 34
154 0
50 202
16 184
58 234
177 188
208 45
161 141
233 147
178 110
64 30
221 102
184 18
46 54
197 68
177 152
131 18
76 36
207 109
71 83
194 191
121 192
105 107
241 230
59 10
101 133
185 6
179 247
147 29
136 87
188 181
210 40
228 67
178 165
227 68
137 208
75 223
27 64
159 142
50 216
160 224
164 71
230 7
182 145
116 176
139 250
192 230
152 182
34 110
14 36
40 1
78 167
13 241
125 131
129 138
190 230
137 193
36 234
123 238
82 53
15 185
26 242
65 33
217 101
131 40
189 13
114 100
139 110
11 184
154 196
233 192
92 120
83 226
188 204
92 14
168 131
85 0
23 35
89 215
160 176
31 232
114 114
5 57
1 18
134 241
154 120
46 237
186 99
110 112
173 72
15 57
232 35
131 28
219 115
217 28
241 81
45 6
222 23
233 211
2 122
20 68
39 209
108 110
216 244
188 177
250 243
30 184
133 15
233 230
71 114
197 49
243 70
156 65
80 217
34 152
101 189
60 237
61 21
248 78
244 130
142 62
179 218
29 39
132 70
214 172
27 124
126 47
136 214
7 93
59 56
169 178
176 198
186 79
183 160
245 73
144 71
109 151
73 102
192 237
129 174
11 104
69 2
34 183
216 76
136 182
93 90
223 194
99 34
233 159
136 248
154 198
76 107
249 199
83 145
238 45
129 115
106 120
140 50
152 184
66 178
171 239
76 219
154 58
49 40
157 164
12 43
100 135
195 103
72 219
105 203
162 152
229 205
241 23
192 182
22 229
28 8
248 53
97 167
91 13
60 181
240 55
12 0
206 14
210 86
105 220
236 121
145 135
109 118
69 49
99 161
169 133
1 57
24 9
93 237
25 30
57 60
147 212
3 131
223 52
245 155
46 182
1 170
26 99
225 241
188 142
148 179
225 181
155 42
45 185
215 234
216 236
175 180
224 107
12 225
29 240
47 52
194 3
76 3
145 40
119 101
5 154
222 190
