209 36
216 171
43 110
41 53
27 46
150 87
57 183
120 137
188 163
182 123
218 107
193 177
169 126
37 55
50 7
61 152
176 70
210 102
179 165
242 229
227 129
24 99
43 209
126 45
67 228
60 236
107 36
81 151
105 200
201 192
0 17
101 103
215 169
114 49
16 132
47 168
20 121
22 70
59 215
170 178
104 129
2 33
192 227
76 152
165 233
242 163
211 177
85 167
24 203
46 204
134 134
166 109
46 94
33 120
156 154
157 175
3 96
92 198
43 21
227 122
79 13
117 219
136 137
51 171
60 154
174 190
202 159
192 14
10 3
2 217
119 175
246 23
197 92
247 33
27 19
30 38
118 5
177 16
96 91
52 62
44 23
31 114
106 151
217 143
112 195
205 23
74 32
80 150
110 99
223 60
20 194
81 3
36 242
24 137
1 173
175 209
75 115
34 202
194 167
221 218
149 89
113 158
131 246
121 172
46 133
232 143
28 117
135 31
197 4
22 194
117 238
37 150
173 83
46 98
230 18
198 67
98 82
39 46
96 182
219 171
147 28
121 202
106 84
61 244
8 104
68 81
223 186
150 12
115 113
39 20
121 217
172 89
140 78
140 46
190 164
99 111
133 72
18 144
182 2
6 63
214 133
72 114
166 197
198 163
122 27
16 141
160 221
37 57
89 240
125 76
4 128
127 191
20 41
248 44
185 225
48 99
199 241
48 80
125 220
156 116
192 30
195 95
63 160
239 12
218 160
64 197
231 44
19 18
41 187
166 17
74 137
219 101
43 116
18 142
132 218
143 69
208 131
188 227
0 76
203 22
88 50
118 150
43 121
93 103
231 104
247 101
168 109
68 153
139 106
57 66
184 93
15 104
224 19
127 53
7 13
244 233
183 188
207 56
191 84
206 0
236 117
194 181
12 172
123 31
239 71
48 97
87 212
72 40
164 0
25 175
162 33
140 29
235 119
119 125
100 79
182 236
93 236
130 172
85 218
41 36
128 54
224 126
51 32
44 218
36 154
227 105
86 42
2 117
117 160
35 65
195 0
104 168
57 201
62 127
35 87
27 244
82 66
219 46
25 39
177 229
198 135
165 48
144 165
207 104
236 195
213 204
166 80
53 105
211 30
34 196
145 200
55 233
224 104
218 120
27 158
114 177
150 119
61 225
50 218
147 138
92 98
60 100
50 81
106 86
129 101
42 107
70 231
228 155
125 125
118 201
20 89
82 55
235 212
71 112
235 150
86 222
179 153
238 119
179 17
127 244
117 88
53 186
149 62
121 125
228 9
117 9
203 101
49 3
2 154
171 138
91 68
136 204
170 8
205 152
51 196
226 166
165 122
7 211
167 199
198 167
55 66
31 26
100 13
46 81
115 111
93 229
31 76
90 99
25 54
232 228
246 147
0 44
211 13
39 171
2 100
156 172
31 131
153 201
147 160
234 138
129 99
49 179
191 158
190 2
215 30
87 79
52 169
232 96
21 184
137 111
64 6
46 43
216 8
77 83
7 76
152 41
47 171
44 203
116 115
189 128
156 122
192 34
5 113
216 151
53 5
207 221
71 37
192 235
68 91
67 190
158 250
205 93
168 249
62 224
48 130
143 42
31 81
13 176
100 33
99 105
206 226
34 176
136 50
60 126
184 7
73 165
32 220
22 215
133 95
183 225
28 63
38 123
75 58
111 242
212 182
102 78
231 5
22 121
139 225
199 220
210 83
108 203
63 164
32 169
124 30
189 151
217 218
217 81
117 209
237 178
144 169
151 90
172 61
228 243
108 34
203 80
228 45
115 126
146 72
26 66
156 139
97 112
65 28
218 91
151 43
152 74
85 35
25 103
110 57
97 80
195 229
88 121
232 82
99 164
142 133
201 148
114 37
25 63
234 81
219 238
48 31
14 249
128 113
183 192
124 72
129 40
78 107
39 95
136 52
124 48
9 163
7 215
81 216
129 38
108 106
125 32
25 244
8 112
14 174
190 177
226 181
149 42
172 69
13 17
192 39
116 80
115 97
217 64
242 36
65 160
173 208
133 246
132 42
187 131
105 111
55 123
242 131
133 145
193 12
57 153
115 228
207 217
116 204
161 240
207 244
187 7
73 115
0 115
100 168
119 202
130 92
96 156
120 89
121 66
100 162
94 125
223 183
212 28
102 13
249 129
164 109
46 184
17 120
232 132
202 57
1 150
43 197
144 190
33 172
158 116
202 120
229 159
34 174
77 57
129 246
230 86
26 174
230 38
226 107
164 191
237 32
128 8
78 145
204 3
166 166
106 62
172 42
216 185
48 181
102 174
23 147
77 176
172 17
13 105
47 40
186 57
72 1
106 115
155 163
69 227
95 102
132 92
123 203
124 142
96 11
35 12
239 187
235 28
115 67
23 170
49 32
25 211
220 105
26 207
211 143
188 66
190 157
217 214
187 86
239 96
107 73
38 242
74 206
141 106
203 174
68 151
48 161
105 198
133 138
85 109
239 2
110 175
18 40
125 163
64 34
226 18
2 222
112 20
92 220
140 244
17 157
244 241
9 244
35 234
24 37
164 85
159 164
178 197
46 73
38 248
185 135
194 190
45 141
209 47
30 50
118 81
84 188
197 244
25 124
123 6
148 123
12 195
136 65
165 187
81 99
61 45
193 223
246 61
0 122
2 15
215 186
98 42
82 140
130 140
44 17
110 46
0 185
234 201
74 170
130 73
161 176
72 61
75 138
90 38
49 29
188 174
175 225
152 233
109 141
40 44
42 221
208 92
104 2
226 33
166 19
124 140
70 35
49 200
122 148
61 214
227 7
54 117
205 202
83 118
122 82
126 225
65 81
104 6
87 208
228 111
78 75
108 235
172 33
247 221
105 141
215 221
44 221
31 20
120 188
76 125
214 135
49 220
162 147
196 166
85 147
73 76
214 219
5 136
167 162
171 129
120 25
54 125
63 207
161 185
39 175
203 24
85 226
109 23
147 184
77 168
193 18
158 154
55 95
227 238
101 137
106 204
183 102
178 115
21 62
99 29
35 144
115 51
46 170
171 62
135 66
160 228
229 44
168 32
3 131
128 222
213 176
212 202
176 35
77 2
95 168
75 66
201 216
215 226
169 117
175 10
143 77
80 11
28 101
231 36
52 117
70 197
206 112
49 145
207 100
21 245
85 204
113 15
243 208
165 30
176 203
125 173
28 243
229 153
75 126
121 182
203 205
79 82
162 85
193 32
153 231
124 46
171 36
182 115
32 121
89 69
209 106
218 22
48 58
245 153
226 240
56 56
132 248
148 114
150 103
155 203
16 231
110 114
0 98
76 231
34 153
147 61
197 195
68 243
52 174
65 111
210 11
72 249
53 79
181 23
158 90
93 97
48 141
212 4
213 174
174 86
122 225
83 131
248 243
172 140
244 123
43 112
217 31
37 145
8 165
17 103
132 244
140 178
227 109
218 139
6 117
57 90
85 145
8 134
11 28
206 58
56 146
246 122
125 204
83 89
212 6
249 34
23 52
203 176
184 3
211 120
240 198
47 235
142 206
126 57
224 67
178 0
61 32
148 73
108 69
91 239
86 32
123 34
208 84
82 241
156 165
68 53
139 76
206 121
92 242
90 51
107 144
224 209
197 102
203 55
181 17
145 8
85 44
18 84
160 232
185 53
81 240
57 46
206 219
16 101
34 193
243 143
204 57
163 177
212 208
102 120
207 246
215 77
247 223
177 66
220 98
97 157
234 190
49 198
144 177
38 47
55 138
144 150
19 24
104 9
243 152
214 243
3 179
241 116
21 60
233 83
104 113
174 205
182 117
118 24
217 205
162 92
97 190
86 64
206 106
229 40
130 90
34 179
143 27
151 9
55 61
173 63
164 92
193 56
87 38
36 197
28 196
158 183
80 42
184 48
73 72
57 205
107 164
51 201
127 164
11 17
189 153
217 47
196 245
146 123
196 174
238 194
246 86
199 74
180 115
190 136
92 17
91 111
148 119
73 56
187 162
15 133
208 215
143 53
241 196
225 56
134 199
61 55
9 105
59 98
71 158
125 25
12 38
240 240
24 247
84 3
40 123
218 45
110 153
62 153
12 12
70 199
98 213
193 69
186 81
174 157
143 75
173 25
171 200
217 162
93 129
99 221
93 162
72 11
234 87
153 15
98 163
132 200
151 102
105 164
179 45
99 245
168 96
68 2
166 185
223 106
89 194
231 7
10 173
137 232
80 144
180 43
216 79
160 40
84 41
227 187
70 170
155 123
113 88
138 235
138 152
222 51
72 170
172 35
87 111
145 155
180 227
238 198
144 171
77 17
59 243
135 139
19 79
3 2
83 67
61 68
226 66
232 212
117 100
34 113
101 216
114 13
26 116
233 188
204 149
185 104
77 138
240 180
200 51
18 214
203 39
14 224
190 59
101 115
153 78
58 42
126 136
193 212
131 148
221 197
113 147
45 168
189 199
31 83
7 144
144 205
30 224
237 36
191 11
104 242
180 194
58 25
208 3
226 74
18 162
29 235
194 225
35 198
33 233
45 121
162 212
198 130
56 44
234 170
42 90
7 116
74 223
39 12
236 229
223 35
187 98
76 96
102 118
168 147
75 111
62 41
240 189
119 135
191 156
240 54
10 15
41 111
98 20
71 75
4 139
164 185
115 42
187 225
35 140
137 163
33 167
81 193
208 72
180 69
165 238
65 122
213 63
170 68
169 9
198 165
241 70
146 177
171 84
196 207
180 122
84 87
185 189
169 135
40 141
159 152
51 194
18 155
210 128
98 44
205 224
208 95
0 112
37 246
199 168
102 34
137 223
202 69
175 102
81 195
75 183
195 178
107 60
173 4
244 229
140 48
174 14
191 173
219 219
18 102
153 120
79 123
51 78
8 229
91 64
249 150
11 63
126 55
59 31
227 11
46 5
241 1
15 0
136 206
135 128
236 227
1 113
153 52
177 113
155 197
249 159
71 227
48 221
168 105
84 206
166 249
218 243
26 170
202 190
92 193
4 233
0 5
104 45
185 70
69 93
64 223
181 243
201 137
82 188
11 61
177 109
12 55
249 224
223 234
105 82
250 38
231 94
38 108
207 228
212 179
141 223
176 158
138 200
216 246
210 5
79 152
155 100
243 179
20 114
43 29
116 158
70 53
228 165
96 194
8 90
163 187
199 54
203 203
239 36
239 239
232 127
4 172
45 241
71 185
71 155
50 31
2 58
104 131
114 115
136 42
183 119
93 183
243 238
154 20
107 148
151 7
187 198
168 179
187 73
119 204
16 135
152 49
157 221
136 126
38 138
198 193
241 3
76 1
107 234
228 128
86 121
163 145
133 32
42 243
178 248
60 119
225 177
236 95
233 231
72 230
28 175
9 126
209 94
10 74
23 18
60 25
10 164
168 103
53 107
110 247
13 184
60 139
227 241
206 119
40 155
233 151
26 144
200 42
1 245
212 234
126 47
147 21
152 230
219 143
73 232
217 237
172 199
180 81
17 249
192 62
230 137
209 227
83 57
186 121
0 242
231 159
73 112
248 200
122 150
34 248
109 192
40 158
21 123
86 239
195 28
125 2
159 245
248 155
165 156
137 190
20 229
227 207
130 242
89 46
147 63
167 41
144 39
63 216
21 192
160 209
228 97
130 9
211 248
18 153
9 161
158 108
131 41
27 8
203 158
141 246
177 176
84 242
148 178
185 2
61 195
187 88
5 138
117 102
229 84
224 14
31 167
125 4
100 49
20 19
215 136
133 13
173 129
16 163
154 13
226 12
36 102
11 36
185 144
108 6
9 141
71 50
156 143
89 190
178 215
205 123
141 53
176 104
88 247
68 133
178 127
202 43
230 114
23 50
244 236
98 86
233 134
207 214
123 223
86 243
131 100
243 32
161 21
77 153
59 81
112 114
200 156
55 102
30 133
98 84
60 242
37 15
225 16
216 195
156 118
73 168
244 18
237 27
236 142
104 68
93 118
93 144
61 12
203 242
246 199
116 78
83 138
157 23
140 52
84 140
204 121
26 101
161 132
144 65
138 248
228 209
46 129
229 208
21 201
69 229
58 245
102 114
171 38
46 92
240 14
32 178
78 129
204 219
165 94
45 206
169 44
62 19
155 151
161 69
107 193
127 215
1 230
187 203
230 103
241 129
93 180
23 0
143 199
179 192
181 45
239 220
83 159
14 144
53 167
225 123
192 216
50 175
66 201
59 110
170 103
45 245
35 246
62 236
118 84
241 217
130 167
98 91
31 106
42 140
98 24
103 137
35 250
143 17
144 179
67 239
22 181
237 43
45 230
171 6
109 143
248 56
82 192
167 107
43 36
177 134
209 109
83 184
131 11
43 94
186 83
28 9
125 231
77 165
142 40
109 233
180 241
42 38
144 230
215 63
108 172
46 90
192 59
72 63
29 222
244 151
218 146
111 245
20 59
34 74
182 4
234 96
210 181
26 90
189 55
246 52
161 83
128 186
69 158
139 97
9 97
161 242
37 12
80 52
114 79
12 19
224 167
247 85
67 181
155 57
145 224
222 96
34 80
217 153
77 4
189 87
41 42
51 173
104 64
246 146
232 141
8 95
119 173
91 74
16 165
140 153
83 2
191 178
23 66
203 244
210 107
79 77
40 13
109 51
59 69
221 235
3 115
103 199
72 35
131 75
178 2
34 181
43 241
5 65
108 153
178 204
243 59
188 5
235 32
28 90
119 13
121 186
24 215
10 240
190 66
28 88
1 3
137 32
96 147
152 88
240 160
135 68
226 194
12 208
229 227
199 104
162 155
8 213
231 150
22 11
183 232
129 147
208 198
94 181
182 149
94 101
43 207
82 186
106 202
92 121
78 52
105 104
65 76
212 130
217 93
133 195
181 192
145 164
76 128
76 11
42 229
58 155
66 243
30 180
123 189
121 131
110 34
205 147
16 126
177 167
87 45
6 183
146 246
31 108
193 151
189 142
87 36
139 74
149 187
44 31
24 242
179 57
85 66
29 115
63 196
204 188
190 215
14 214
90 228
46 31
152 34
91 189
121 68
99 96
209 245
200 135
79 16
206 108
79 215
147 88
240 162
99 206
174 212
109 245
210 246
242 46
124 117
143 131
41 242
95 173
152 209
138 202
149 116
234 64
108 62
16 128
97 13
178 231
85 169
100 56
209 247
73 101
95 10
81 190
184 115
20 16
102 159
205 204
207 54
74 130
135 165
141 184
23 178
62 108
25 51
239 98
67 7
58 15
169 213
187 172
4 117
170 66
89 74
78 177
87 66
11 140
238 177
246 233
123 182
48 78
209 229
170 30
177 162
11 220
129 83
202 193
20 152
201 220
102 74
179 124
87 76
45 125
200 201
36 141
125 216
40 173
14 31
214 182
41 45
93 178
34 78
15 102
29 99
12 181
130 188
135 246
182 190
104 115
59 177
205 90
70 86
146 165
181 229
19 250
60 185
250 42
238 13
10 19
150 212
235 193
191 154
151 121
222 14
88 100
56 170
81 185
133 30
243 83
24 20
99 137
177 155
200 164
75 106
110 116
246 106
86 166
50 146
137 234
197 149
182 231
181 47
108 33
73 99
170 202
136 236
128 158
112 223
74 135
97 169
78 63
178 244
205 5
65 195
164 146
237 97
146 127
117 70
61 47
110 196
134 35
9 72
26 28
32 103
123 26
61 165
219 145
46 96
101 67
63 31
44 243
70 0
61 106
154 75
86 3
242 83
127 131
85 22
8 186
235 63
115 241
8 170
109 195
133 140
223 100
174 155
213 121
46 59
169 38
196 205
95 170
246 124
89 230
240 48
227 76
7 66
219 236
55 200
19 196
75 98
214 5
216 173
104 166
185 159
149 181
33 229
245 32
128 89
68 5
247 250
149 183
215 142
116 149
236 44
9 242
134 193
180 231
196 130
218 60
123 231
131 216
44 56
111 100
30 208
67 147
228 245
189 11
55 97
173 58
36 235
76 167
132 173
103 103
77 55
148 102
56 157
175 181
161 249
201 79
185 50
157 170
107 195
5 192
212 206
181 152
167 82
183 46
78 198
201 21
44 19
136 153
26 125
243 77
213 11
58 114
58 238
209 38
14 163
63 21
78 219
158 39
136 54
4 19
136 101
46 77
161 134
139 164
117 13
158 142
169 120
197 0
212 32
246 157
58 92
230 214
151 32
176 33
170 32
118 199
175 16
229 130
233 149
149 91
168 137
33 231
47 208
45 146
167 39
67 9
155 201
20 26
151 208
127 23
242 57
201 161
175 109
128 135
214 241
19 63
94 71
57 149
199 117
64 107
114 223
192 57
102 2
64 199
222 49
175 84
237 219
120 11
250 95
38 13
94 95
80 199
92 148
51 163
107 31
105 194
230 98
150 246
122 11
111 52
107 23
135 181
204 20
94 85
190 180
81 68
158 140
160 42
139 42
35 195
91 194
102 131
99 239
152 76
119 67
25 171
102 56
54 187
5 17
208 27
188 240
117 221
211 46
154 210
120 219
117 68
39 145
28 47
200 56
134 5
106 102
212 128
2 224
59 120
63 242
173 71
86 227
10 210
133 216
242 156
75 7
59 141
7 208
94 199
155 235
161 38
59 27
114 129
241 179
120 124
124 137
33 21
130 88
123 67
191 150
231 244
105 80
78 216
141 11
214 73
73 172
174 62
122 141
189 238
174 104
243 79
72 102
4 152
151 16
77 30
52 157
57 98
201 44
191 152
155 22
193 103
40 109
239 33
168 209
176 60
113 51
103 11
165 178
61 28
7 64
188 15
118 148
109 110
184 20
51 198
107 52
52 104
72 59
248 0
147 112
76 222
242 48
167 121
106 211
129 12
44 123
22 137
43 105
222 190
245 5
2 190
55 185
155 79
214 45
142 19
173 206
113 43
217 170
211 26
25 26
183 114
90 192
48 170
105 117
187 71
88 242
45 208
128 93
57 13
77 13
39 125
159 38
212 244
66 226
209 168
107 142
193 157
194 206
84 142
144 244
63 123
150 10
126 189
63 46
42 142
34 218
6 129
75 100
128 117
154 145
58 175
190 217
69 156
126 141
73 117
221 158
7 241
148 158
99 191
148 246
212 236
9 14
100 77
189 74
62 151
148 134
6 74
234 110
220 107
245 82
198 106
46 186
4 231
175 58
121 122
173 183
74 243
237 191
226 125
120 151
110 6
120 86
205 207
150 33
235 42
135 102
20 73
63 137
246 197
166 84
224 112
72 190
127 119
123 1
197 28
132 85
66 75
140 63
167 20
53 178
197 73
13 71
104 120
137 246
61 99
221 48
63 111
180 35
244 156
88 78
214 81
15 120
169 129
111 181
156 43
159 185
63 29
171 10
249 173
241 74
57 185
159 133
226 127
198 65
16 155
218 247
239 218
170 176
174 188
205 136
190 30
243 11
32 202
240 112
233 80
142 202
54 65
213 220
73 185
204 59
23 124
20 42
243 197
141 242
167 179
232 135
55 70
240 100
233 145
244 23
193 114
138 78
186 94
217 157
27 209
83 44
235 30
213 26
210 3
69 37
189 62
16 143
155 59
248 249
70 183
179 79
141 75
76 142
88 56
199 191
219 69
138 41
128 141
211 64
186 65
48 90
5 211
102 44
189 201
203 160
29 194
78 151
72 15
166 164
188 57
138 156
140 203
228 224
14 128
219 156
171 46
13 228
113 53
226 113
41 117
42 109
108 230
187 123
56 94
148 210
170 90
127 108
189 4
113 160
121 135
8 88
193 175
5 162
115 101
93 195
231 11
223 21
81 124
10 90
140 248
130 86
25 133
186 175
250 250
75 30
178 190
52 222
172 133
102 192
167 15
11 67
205 221
243 240
160 0
224 63
214 235
77 109
65 94
187 201
91 237
66 23
56 235
225 196
116 25
41 227
206 173
59 55
245 129
87 225
12 174
116 55
104 70
34 92
245 102
74 221
180 24
64 42
123 50
54 6
61 212
227 56
137 74
48 203
146 96
24 10
118 54
229 7
229 246
39 190
243 160
32 112
246 8
156 88
127 7
127 75
21 113
197 233
82 145
154 50
196 101
207 206
109 60
78 65
229 96
35 60
83 204
26 182
85 132
196 76
182 121
225 25
169 138
154 199
0 129
230 112
139 116
222 126
216 92
85 134
203 136
85 151
172 202
0 157
21 81
194 227
226 14
147 156
210 179
161 63
146 101
79 100
46 22
109 231
188 179
46 19
21 233
37 59
13 220
174 32
229 238
131 112
79 137
165 240
73 208
227 124
21 66
186 180
121 13
214 43
91 222
180 126
137 136
33 216
111 159
94 127
122 133
59 184
56 86
102 95
208 226
91 123
151 59
170 105
10 5
43 119
147 231
215 211
96 154
228 126
65 142
21 25
129 164
130 117
48 82
1 79
150 105
111 112
14 195
55 109
140 44
92 240
128 91
51 159
195 150
13 26
126 73
130 165
195 57
247 129
244 65
9 185
61 97
91 66
194 101
152 13
86 170
20 203
122 233
162 220
39 151
19 44
205 157
194 130
229 205
5 150
6 189
110 183
183 206
61 26
117 205
180 56
142 71
9 65
176 78
230 68
228 103
161 230
165 5
166 201
29 20
250 70
41 189
230 101
95 8
181 34
19 232
143 160
116 90
106 68
70 73
234 136
56 173
214 224
184 208
97 93
44 147
129 87
119 232
97 26
163 158
16 195
241 38
125 202
243 140
156 141
140 33
28 41
13 206
175 161
191 4
142 79
243 129
47 9
115 88
58 157
12 145
163 151
90 78
55 246
236 169
28 29
217 235
61 223
186 133
46 131
25 209
170 211
136 97
101 220
76 53
22 219
188 165
166 68
245 183
173 39
38 147
84 186
244 68
190 61
234 66
37 250
201 155
89 63
187 14
70 48
196 184
107 150
81 9
136 192
41 83
103 201
33 195
87 68
0 31
231 227
82 88
28 192
221 138
139 183
12 232
85 2
20 71
8 176
55 13
168 145
173 180
200 17
42 210
133 34
232 9
96 214
243 81
142 188
226 101
175 105
180 117
202 218
37 46
4 15
233 245
125 27
4 188
21 51
102 46
14 51
30 22
165 158
184 106
155 153
185 89
237 208
191 138
153 90
233 94
94 233
162 218
94 160
88 250
112 39
12 246
187 84
159 80
21 175
112 174
139 181
138 49
225 59
65 213
154 11
199 71
226 111
173 131
25 159
1 96
61 197
213 65
175 197
106 166
178 55
119 206
14 122
161 247
168 43
105 196
195 17
32 147
230 157
115 35
165 69
20 85
38 75
35 172
78 125
176 156
11 244
31 221
234 141
145 113
166 66
171 190
72 232
26 172
12 214
186 92
88 171
113 145
127 133
151 61
157 56
76 62
139 233
182 214
102 214
147 214
81 40
225 38
106 6
217 78
48 22
14 19
2 231
136 227
83 224
4 217
156 110
130 186
196 2
185 200
68 73
23 245
161 180
131 214
68 149
35 150
126 222
134 143
245 133
57 138
198 150
229 215
169 240
83 133
219 48
103 72
162 162
21 250
111 146
34 148
219 249
128 2
237 217
226 210
123 173
133 204
221 237
12 69
139 185
70 133
183 104
167 6
217 62
65 156
7 142
127 241
220 19
107 117
41 157
228 239
241 118
155 93
139 190
249 80
34 14
216 160
49 60
22 227
56 140
250 78
28 54
245 1
156 137
214 245
31 236
84 33
18 164
183 50
221 146
192 113
97 230
148 212
180 3
222 98
169 94
104 238
104 211
62 76
16 153
208 74
5 13
245 140
30 55
145 28
177 106
200 66
216 74
139 32
154 77
229 110
32 171
249 5
230 128
44 108
170 118
57 151
60 14
70 60
221 144
209 214
189 126
210 28
125 227
107 232
98 153
164 152
64 57
114 238
129 244
125 130
0 35
231 125
191 126
234 132
198 200
199 94
117 228
8 217
201 71
144 93
187 127
21 231
103 197
236 26
26 30
170 226
23 133
166 231
74 182
0 221
98 170
29 131
45 236
150 178
15 233
144 192
151 104
244 198
136 69
79 204
155 121
50 53
28 37
109 181
74 167
143 55
40 153
160 91
18 19
3 124
101 166
128 137
198 30
228 247
149 228
13 91
28 49
111 192
104 47
219 158
101 158
193 111
128 56
182 81
197 54
204 12
232 45
41 55
227 84
107 213
205 21
156 12
191 202
194 39
117 125
114 127
0 1
193 127
180 1
60 93
95 27
36 3
220 22
210 206
191 86
248 105
78 98
161 65
23 243
176 98
75 83
204 10
119 4
234 70
63 99
199 243
12 164
138 154
151 231
22 20
83 39
96 171
82 206
77 233
228 69
191 38
78 200
184 1
69 71
12 16
203 154
94 91
167 94
37 65
229 217
31 11
149 214
193 10
147 130
218 104
193 83
54 235
146 39
45 32
127 224
102 58
36 44
38 140
151 213
243 14
90 49
13 179
194 71
17 197
41 85
123 69
197 95
45 113
76 217
69 83
175 80
15 27
66 1
138 28
192 2
21 12
140 205
194 77
187 64
136 48
231 16
158 119
124 68
101 163
195 118
105 11
195 243
127 162
118 208
49 235
0 54
184 55
198 139
101 172
130 51
95 89
134 41
170 146
14 247
221 113
120 149
175 177
167 247
48 143
197 58
84 200
121 189
5 132
149 137
188 89
168 133
205 104
218 67
175 64
242 54
129 111
62 33
120 234
23 9
11 40
116 223
13 182
79 127
63 194
222 115
127 231
147 136
176 231
100 241
123 125
138 237
160 81
196 30
178 126
88 221
28 65
187 135
176 136
168 118
139 223
99 81
146 226
97 206
9 27
87 54
245 90
223 197
153 101
157 248
221 53
47 206
111 225
11 25
12 94
135 136
81 137
235 231
102 116
227 35
24 148
176 18
225 61
11 242
122 29
129 149
94 214
236 46
68 48
48 54
117 66
142 179
181 57
105 122
20 227
147 90
115 159
116 147
31 200
100 95
222 140
215 120
69 131
214 95
228 211
225 76
62 218
102 50
164 16
27 115
140 61
110 235
215 153
76 64
186 164
66 90
67 155
6 239
208 129
103 173
248 161
160 162
221 63
240 35
148 26
216 141
165 32
170 204
153 60
126 117
185 142
66 212
41 219
149 71
24 41
67 192
102 139
197 114
186 240
5 76
63 121
73 126
10 42
188 125
125 165
6 213
16 83
195 4
212 102
78 15
29 113
166 189
246 68
23 232
163 239
84 238
226 243
40 143
187 49
61 204
35 215
93 93
187 142
140 151
16 20
91 145
249 116
89 114
194 16
80 174
125 74
27 27
158 138
182 101
59 89
95 29
145 167
43 54
205 56
30 24
181 216
125 49
46 228
189 171
247 90
243 4
73 29
82 11
235 208
16 18
242 141
226 27
64 120
160 67
171 86
165 162
98 168
174 69
221 21
104 175
89 76
201 204
172 210
40 63
124 123
59 21
67 77
15 179
139 209
129 50
77 172
234 206
7 163
156 190
148 96
215 204
143 154
88 210
150 95
66 140
142 158
108 247
156 146
108 54
15 33
128 160
217 90
184 83
44 187
36 248
92 12
58 243
3 141
199 137
38 79
138 113
114 90
37 172
4 221
74 27
222 181
33 88
132 147
102 42
103 176
149 6
243 63
85 149
143 67
23 68
33 131
31 223
110 177
23 172
44 189
92 137
143 186
5 115
72 48
162 18
58 94
247 1
226 40
235 34
197 52
190 15
183 21
53 124
224 207
219 24
191 25
53 69
145 153
46 123
27 11
76 102
113 216
205 186
150 117
53 67
236 198
194 246
179 67
68 200
29 27
3 175
88 39
67 159
131 150
106 70
191 228
113 132
170 180
141 219
154 194
81 44
68 198
167 130
61 110
118 188
43 82
237 196
79 9
148 94
207 156
232 137
102 101
160 213
204 119
184 121
84 202
209 55
218 223
27 103
24 67
58 28
11 71
214 184
239 179
158 242
23 25
228 157
167 135
42 75
178 136
49 177
23 202
244 142
90 210
174 227
102 83
168 237
34 57
87 248
198 56
47 232
166 50
150 93
92 68
131 71
140 18
217 168
245 209
176 127
183 229
50 222
212 218
214 140
13 103
47 241
88 229
224 36
93 8
29 119
237 156
44 120
249 36
44 76
104 35
162 227
70 15
60 40
246 213
199 250
83 146
42 43
121 2
77 111
138 51
220 147
207 44
148 244
197 199
117 114
11 21
209 7
241 55
196 66
193 37
208 207
145 221
38 173
130 138
95 192
99 103
136 134
170 137
227 38
20 248
89 54
15 46
4 75
77 66
28 177
12 143
87 152
225 183
31 104
158 67
160 187
206 150
241 78
47 32
149 208
239 121
195 180
100 43
46 221
73 38
114 157
229 161
34 104
160 243
49 89
239 10
22 213
42 19
131 39
32 56
235 225
98 139
223 188
62 162
69 191
98 241
108 174
99 166
6 25
175 25
42 155
159 248
216 66
157 217
213 184
65 193
22 37
230 239
26 136
7 161
246 131
21 243
74 2
165 65
200 193
142 153
157 192
83 161
78 143
59 150
128 109
62 210
196 182
76 113
199 148
0 74
72 167
230 155
152 11
245 231
73 53
138 205
247 92
176 14
45 4
169 40
102 169
65 181
12 222
217 27
121 174
58 85
188 161
212 40
72 244
43 84
3 52
134 166
141 130
85 89
6 171
235 85
156 120
163 179
5 140
241 159
181 21
57 240
144 207
206 188
200 131
5 164
151 72
185 72
22 87
38 3
22 116
45 54
17 151
59 29
177 195
162 122
18 89
94 147
95 19
211 103
197 191
228 18
60 57
57 54
219 169
239 43
59 211
213 131
49 195
59 67
143 203
20 83
203 217
214 237
159 182
169 166
167 44
180 237
146 19
42 153
178 15
64 139
56 11
119 21
132 187
5 101
5 179
245 93
198 112
106 131
114 226
44 228
208 5
229 55
108 228
188 2
138 9
121 0
122 139
134 147
41 94
116 230
200 152
169 172
228 36
27 176
126 123
158 88
192 233
245 204
59 226
81 1
41 119
86 131
48 7
189 211
105 4
140 162
4 190
130 113
209 199
68 87
16 122
203 145
108 58
120 236
99 140
7 24
45 36
211 118
46 38
13 197
134 3
233 243
130 3
242 234
200 70
248 95
91 113
247 83
67 83
85 114
147 71
6 217
108 64
73 46
163 64
248 202
105 7
34 170
3 168
157 66
11 142
92 160
137 107
97 104
242 236
94 88
2 54
139 114
62 119
50 118
161 19
136 109
87 108
35 16
171 19
166 90
216 44
104 13
141 77
231 84
223 76
80 162
193 228
56 244
26 41
148 24
120 161
198 231
67 142
158 144
194 165
114 146
220 195
60 108
144 95
43 227
232 87
69 239
107 4
235 143
209 26
97 192
164 18
151 92
146 114
71 104
33 10
100 45
50 116
244 181
113 49
39 205
74 62
0 187
87 1
236 206
182 146
249 97
181 232
245 30
49 230
29 106
241 33
181 32
0 151
183 160
160 217
231 148
139 107
185 202
156 168
146 132
160 215
200 218
99 126
175 115
249 2
146 103
73 9
60 95
237 121
60 146
91 191
186 69
2 220
240 22
53 172
140 10
240 122
125 119
196 231
215 134
232 210
76 229
190 234
243 0
236 202
211 36
84 55
238 158
15 216
92 70
93 158
243 243
190 226
120 27
215 83
162 222
186 67
133 214
51 5
226 179
152 194
76 34
111 132
206 102
177 165
95 231
1 37
45 106
144 158
242 22
36 168
11 14
172 66
11 92
100 117
210 197
95 17
107 140
155 53
161 151
39 1
88 227
35 56
83 37
159 135
232 248
59 79
14 142
40 76
94 69
12 41
127 50
156 10
21 205
249 114
70 88
58 186
3 229
174 140
225 10
166 34
62 95
153 54
206 148
119 171
182 234
177 178
223 25
223 192
87 34
187 238
92 127
36 170
114 240
39 187
166 46
164 154
8 15
58 179
29 164
246 235
36 244
176 154
101 128
245 149
98 204
198 48
174 79
153 43
62 139
212 96
30 48
128 58
150 5
28 224
163 241
186 173
233 139
31 39
167 187
112 244
145 136
120 84
146 230
20 91
4 177
8 74
53 197
143 21
155 133
132 167
37 125
35 142
176 111
31 120
195 70
246 151
22 149
192 9
230 229
66 32
189 173
170 209
82 42
143 167
207 168
145 185
221 100
89 145
76 15
250 120
38 44
73 17
233 219
119 2
147 152
109 95
19 183
100 35
100 130
210 130
210 126
217 5
189 135
64 162
100 192
142 244
114 214
242 112
218 141
40 139
100 174
184 68
187 129
195 185
176 163
234 203
183 244
137 105
244 214
181 128
13 45
163 90
155 91
70 181
72 52
204 91
46 75
0 33
224 97
250 56
175 82
89 223
96 88
32 92
47 3
143 243
220 140
140 221
5 174
129 81
66 109
237 62
166 96
206 215
219 122
210 75
19 61
205 138
230 45
179 229
0 225
207 21
199 233
244 212
72 207
83 21
186 5
235 172
99 128
232 230
49 147
32 180
229 57
74 11
72 124
81 139
172 212
241 13
101 96
22 203
225 109
219 196
154 87
101 218
242 242
131 163
27 194
43 32
15 79
59 205
249 188
194 58
157 152
27 143
21 79
129 220
10 38
67 157
80 98
70 237
142 192
6 209
207 12
86 78
229 225
21 173
235 210
161 178
158 41
96 25
2 247
96 204
64 211
230 82
79 3
60 114
32 151
187 3
249 57
182 48
26 55
220 142
118 236
189 138
214 233
145 231
148 30
71 229
63 198
130 176
58 214
130 79
127 5
213 117
199 177
43 219
47 179
127 172
41 151
100 204
53 165
64 75
6 230
248 7
166 193
159 230
17 44
149 121
172 87
203 162
177 57
98 248
26 88
246 21
56 58
178 213
115 69
202 81
94 145
194 73
74 108
222 175
77 77
139 179
173 81
118 89
11 53
138 137
217 227
67 92
109 97
224 74
55 4
238 207
34 146
23 39
219 240
74 0
230 216
112 156
230 15
27 162
238 189
2 6
17 149
137 99
154 109
229 99
211 38
14 229
171 64
205 175
169 200
59 224
47 230
156 196
77 6
160 183
84 120
48 183
45 42
228 86
134 248
95 190
56 15
102 65
80 54
224 17
66 151
243 9
211 175
101 105
3 166
156 90
74 219
138 53
194 30
138 64
26 105
166 235
172 37
28 133
103 111
208 166
158 110
10 69
136 34
145 228
108 21
79 40
115 99
192 16
1 200
226 36
164 226
224 78
135 28
192 27
95 183
247 35
165 67
89 112
116 156
112 178
221 61
163 20
54 3
177 233
138 126
210 42
22 247
24 115
156 233
147 128
113 225
176 116
50 77
18 248
39 249
205 155
7 135
131 16
49 52
100 160
15 206
184 52
55 155
74 216
171 125
222 124
27 62
148 40
238 162
69 75
84 93
236 158
33 149
213 217
106 108
172 189
61 30
190 182
233 209
139 156
73 104
195 132
151 228
51 216
3 194
201 233
65 124
6 15
44 74
64 19
57 212
115 221
189 155
219 20
44 43
181 225
94 21
112 37
231 204
80 135
214 28
182 238
142 31
174 75
173 19
20 246
242 161
22 114
171 206
83 194
35 1
138 227
169 107
174 210
153 103
9 92
119 69
82 91
235 191
38 67
248 93
90 226
146 93
87 223
135 205
147 154
111 157
169 6
23 217
10 96
182 56
90 250
1 120
51 220
147 116
190 34
85 224
213 94
131 137
114 45
10 213
242 232
146 6
7 102
143 223
55 198
158 224
79 172
4 100
132 212
10 249
97 159
189 64
190 236
10 94
81 214
164 119
245 59
110 155
169 21
143 129
47 220
41 208
191 128
182 245
139 80
107 146
82 202
214 206
165 120
99 219
245 70
101 11
98 155
207 208
26 10
135 26
239 0
169 19
3 245
137 225
109 73
195 176
72 218
234 130
144 19
42 218
103 217
116 217
169 122
48 56
118 161
73 36
116 128
7 133
214 7
71 246
135 215
102 167
216 155
87 119
196 193
249 82
83 150
77 81
126 218
41 125
33 107
71 17
15 197
95 158
245 19
220 50
70 51
128 166
133 197
22 29
72 28
174 142
202 188
32 74
29 36
184 190
206 4
249 186
212 73
182 151
71 168
66 5
166 92
90 147
152 51
196 168
235 178
233 247
233 178
144 79
0 81
196 151
58 139
224 102
242 114
66 149
98 220
102 80
219 99
12 2
21 125
190 57
178 34
30 9
18 135
45 219
153 207
31 184
29 209
144 133
81 147
28 121
102 194
156 162
8 240
98 246
65 21
24 145
141 42
46 148
34 90
25 246
38 152
196 93
74 230
39 65
48 233
148 100
105 147
245 3
124 28
249 118
188 133
113 41
102 48
163 83
209 71
175 175
231 246
239 156
17 216
190 27
160 225
1 243
109 145
42 249
3 119
80 146
171 4
232 63
215 157
204 226
211 199
156 124
178 68
241 110
237 29
189 32
58 11
158 173
117 112
123 76
115 15
55 172
23 61
184 143
158 244
172 146
209 249
98 215
98 11
162 8
224 110
94 227
64 240
13 124
172 117
103 4
167 239
126 109
7 114
103 87
150 25
237 34
186 48
173 201
241 72
172 23
80 197
217 43
184 123
63 27
13 36
9 24
157 45
125 53
106 33
156 108
29 11
184 100
142 73
191 18
55 59
111 98
160 211
140 234
161 164
71 131
182 106
94 205
27 135
138 34
216 225
63 79
241 76
188 159
163 156
156 245
243 110
114 175
211 94
34 55
41 29
22 27
43 186
157 134
185 206
217 239
92 228
78 79
158 114
133 149
44 25
165 107
96 232
64 225
174 8
237 72
144 63
122 123
243 20
190 40
59 213
215 65
133 202
11 45
86 241
95 166
86 168
138 66
42 30
24 182
77 127
17 46
146 222
17 130
204 190
139 246
40 244
62 14
115 216
135 70
155 167
94 12
99 158
57 96
176 213
6 185
145 131
234 180
219 215
15 124
14 181
171 21
247 42
45 239
108 155
197 118
210 81
248 151
227 54
115 71
14 204
30 112
94 172
64 44
24 143
140 180
229 105
191 232
74 60
106 64
104 86
62 57
22 249
127 220
0 171
64 23
58 147
142 9
59 96
119 163
103 66
143 152
208 170
114 68
97 30
229 187
250 199
77 28
109 149
113 99
110 244
142 208
69 77
161 207
25 135
172 225
228 113
142 190
116 239
219 103
149 8
125 51
32 22
22 89
78 134
129 156
161 174
231 20
148 139
14 126
79 108
67 80
38 244
217 25
204 1
216 242
46 127
188 93
51 178
209 104
4 105
83 190
115 219
96 21
163 189
56 187
223 27
93 10
6 152
17 0
65 191
15 44
223 174
93 197
119 215
60 128
88 98
132 185
128 52
99 243
156 75
101 200
20 87
7 169
8 184
46 57
186 90
214 13
162 229
158 220
196 74
15 53
133 26
168 90
126 3
166 43
12 248
25 65
157 194
31 194
193 28
73 83
86 210
75 81
59 13
24 89
203 41
134 43
213 144
85 143
213 210
195 114
1 52
103 105
235 80
233 126
54 168
18 82
217 221
98 79
165 199
231 188
140 109
5 181
23 174
52 7
197 249
173 65
86 220
126 59
128 242
117 172
128 189
139 118
102 242
217 216
111 179
79 85
158 78
58 23
128 73
114 47
230 42
141 27
78 136
129 75
229 151
172 148
75 28
150 49
71 13
48 24
45 93
78 54
74 64
168 4
16 55
178 107
223 114
182 126
146 244
110 173
103 15
9 103
20 190
59 182
109 179
142 221
214 84
85 130
205 101
68 237
174 133
218 225
140 65
44 58
23 176
191 13
228 101
90 70
146 26
48 38
172 227
143 184
59 137
199 133
104 102
3 77
212 75
243 206
19 119
73 234
59 240
96 85
205 217
73 110
50 144
165 82
127 216
182 227
82 199
142 51
132 165
2 152
129 162
236 136
55 107
89 52
162 214
216 95
39 156
30 201
23 205
57 203
18 42
183 215
247 107
113 97
161 90
24 122
44 139
15 183
155 44
166 229
194 214
17 80
126 243
188 17
238 180
37 77
180 249
167 48
99 9
171 41
140 208
0 7
216 42
119 8
131 13
1 228
244 147
49 207
120 181
81 158
142 29
92 214
46 243
237 99
242 65
14 55
249 54
44 238
45 118
174 111
106 121
42 34
154 89
1 39
148 185
164 223
150 226
27 48
44 211
11 197
122 184
241 11
95 93
58 145
22 145
15 212
243 204
57 113
158 43
102 93
85 112
168 67
103 195
222 195
166 4
172 178
101 113
135 33
138 207
180 190
200 81
43 188
110 21
20 135
81 149
82 162
68 183
0 72
226 188
29 162
39 77
17 232
213 39
170 148
80 67
124 229
243 182
136 151
96 34
159 175
141 160
33 250
180 33
47 88
12 230
148 104
60 42
104 49
101 81
78 206
94 136
80 125
81 127
137 180
215 118
141 200
71 39
163 81
191 63
72 183
66 107
89 248
178 32
9 143
146 162
247 70
244 57
57 234
6 187
150 210
9 114
118 174
179 195
201 165
171 208
57 88
97 28
36 139
132 2
115 206
196 116
48 205
127 174
249 220
93 46
13 53
80 206
219 63
62 43
74 128
108 67
42 198
2 98
223 177
210 73
230 248
80 250
183 57
241 23
43 45
201 55
96 83
95 206
9 61
223 52
193 179
52 218
11 126
19 65
230 126
207 94
30 91
87 113
206 92
174 127
164 197
29 25
132 6
127 111
25 173
41 96
147 41
194 2
17 78
249 222
84 220
200 19
214 79
174 60
2 1
216 32
69 85
112 44
211 71
163 183
64 152
26 160
87 144
10 12
190 209
168 29
215 132
190 9
2 31
12 4
167 173
13 226
203 147
173 134
140 8
75 109
175 56
26 21
141 164
91 19
61 112
21 217
175 207
212 83
218 65
200 83
236 71
125 107
111 36
1 77
237 41
164 230
189 213
74 34
210 208
63 140
23 135
57 79
28 181
191 32
66 154
217 135
25 177
244 145
10 59
197 176
2 188
207 138
214 152
58 87
0 223
100 171
79 195
81 160
208 127
89 37
105 37
111 18
69 17
66 3
121 204
32 110
45 21
54 174
39 56
32 230
92 102
144 73
180 150
120 200
230 70
32 90
58 44
51 231
48 132
2 127
188 236
74 113
44 80
122 188
111 144
203 164
65 92
61 78
84 163
100 212
53 71
12 35
76 32
134 14
19 151
199 146
101 198
202 19
194 75
50 79
124 222
133 136
108 2
40 218
202 240
50 160
239 124
243 66
250 201
49 193
65 242
74 74
5 134
175 134
108 108
127 99
240 57
179 65
245 34
226 64
63 77
114 66
32 9
170 88
145 64
20 143
112 16
67 94
235 200
237 210
7 99
138 115
208 53
138 192
160 219
100 47
224 65
132 4
127 157
145 43
141 17
190 140
24 105
94 237
186 140
218 29
243 154
86 56
116 82
129 95
216 158
80 201
124 225
68 0
168 92
201 157
233 36
67 179
132 242
167 123
122 235
201 146
88 32
20 28
55 202
167 31
164 221
244 61
41 21
148 118
53 103
21 182
218 245
5 99
151 180
83 148
137 117
82 197
105 213
235 218
163 249
30 182
128 4
165 2
95 178
212 42
107 7
81 204
187 160
110 229
61 216
36 123
106 209
36 67
63 214
131 139
224 185
9 168
62 226
76 170
97 178
200 68
33 12
206 222
197 132
105 15
199 52
235 134
241 66
235 61
128 6
66 7
191 29
161 145
146 158
219 5
21 68
10 246
173 224
245 84
21 147
187 96
194 112
157 106
130 7
249 241
109 147
233 85
248 52
239 73
246 72
196 247
73 245
38 170
156 243
153 122
225 186
107 71
136 130
35 89
73 81
145 129
98 22
221 169
60 23
116 165
229 149
192 214
129 132
147 224
179 23
155 102
28 97
77 114
248 131
189 130
175 229
129 85
51 161
60 210
91 48
70 242
56 144
21 18
116 103
158 162
214 41
205 110
196 112
48 125
168 88
131 94
178 43
96 216
126 166
26 240
230 212
135 226
189 0
42 138
119 6
100 91
43 56
200 235
130 174
149 101
245 63
94 120
118 26
239 116
10 44
217 137
9 215
209 13
45 116
49 171
42 123
143 201
210 201
117 1
191 171
214 75
242 181
2 75
142 162
6 131
32 54
56 189
248 123
59 45
91 196
112 176
35 155
121 25
118 230
12 204
149 179
168 171
55 175
76 136
38 63
33 200
32 193
59 112
192 86
32 79
158 76
151 115
105 74
177 59
102 85
47 142
22 41
203 138
105 46
228 42
163 6
53 220
175 100
94 14
116 226
135 195
99 132
125 132
218 7
12 166
201 244
51 60
108 210
9 197
238 100
36 148
75 76
15 227
53 199
184 91
234 168
32 105
92 100
41 149
176 75
96 180
33 76
123 136
36 14
205 19
75 117
179 21
226 103
7 17
43 114
129 175
105 109
175 73
66 199
65 179
178 194
217 241
9 77
1 56
64 201
110 38
229 20
248 103
62 240
52 119
92 50
105 31
18 185
208 14
3 192
176 206
14 177
13 57
133 93
45 226
147 18
146 105
76 215
20 145
34 62
146 91
28 160
117 86
171 34
90 101
171 91
33 235
8 130
100 214
12 43
147 125
155 51
226 185
232 69
119 87
98 208
46 7
10 166
198 82
25 114
172 8
150 230
226 208
19 39
229 124
125 224
234 227
153 92
239 190
55 68
6 89
157 219
156 135
62 125
207 46
173 6
9 128
35 58
217 121
113 242
73 58
176 190
223 62
200 49
75 9
142 66
74 225
191 211
148 226
16 214
176 107
134 201
154 165
122 180
166 0
201 139
41 121
209 196
78 170
240 157
36 152
189 72
75 54
30 165
105 240
180 214
130 218
30 192
50 169
21 14
57 68
47 42
22 72
168 46
235 220
140 1
179 243
139 128
96 23
61 121
27 206
117 22
236 204
219 61
97 114
134 203
198 197
184 227
88 151
47 140
75 104
30 89
18 121
35 76
166 147
213 142
91 212
174 36
176 179
117 127
168 201
223 144
118 217
208 108
19 81
52 64
185 87
126 159
25 195
114 204
116 11
92 125
179 41
244 138
2 102
64 109
106 9
239 46
115 54
216 207
156 249
173 10
130 160
93 18
247 6
197 242
237 193
63 25
237 171
15 130
171 131
47 239
198 84
118 11
99 172
105 149
114 39
44 34
145 125
215 193
237 225
202 59
217 133
85 79
176 227
31 163
98 34
245 207
94 235
127 97
50 55
37 207
172 77
196 91
60 163
142 150
169 170
169 124
28 183
62 101
209 177
79 176
186 55
72 182
241 44
9 208
22 83
214 208
174 136
121 206
167 237
206 11
216 106
13 141
179 151
115 44
8 231
117 3
47 146
224 12
8 210
16 229
215 144
130 77
89 119
186 74
89 212
2 4
218 194
87 244
212 246
108 205
222 148
30 53
177 80
248 121
248 68
68 79
218 155
226 9
142 64
117 163
150 73
19 133
51 176
96 243
249 190
92 95
98 31
156 77
144 162
198 152
245 237
116 237
7 243
93 28
228 167
102 129
246 103
99 113
185 96
93 123
84 65
188 234
215 25
32 38
47 36
72 130
71 191
59 91
191 36
8 167
62 10
128 60
141 186
164 7
10 1
158 234
155 55
191 213
154 208
246 57
237 144
131 98
214 175
21 119
183 99
93 213
218 172
24 207
43 0
25 169
194 183
22 16
196 6
225 35
24 87
212 44
79 1
34 102
102 135
243 34
71 46
78 174
243 210
47 244
79 202
232 38
177 101
19 192
204 25
94 156
135 99
194 244
40 30
30 121
135 141
179 113
21 133
245 144
119 238
103 82
13 28
168 211
108 56
238 205
33 81
222 112
27 39
147 8
70 244
147 163
165 15
216 238
7 78
86 40
222 19
137 128
118 211
56 42
162 66
1 70
62 24
186 208
176 68
100 21
227 16
28 21
186 227
145 17
0 189
214 202
155 192
224 124
164 123
124 233
17 133
243 70
201 242
241 249
106 29
73 13
6 103
117 207
72 74
231 139
247 149
130 37
84 20
246 88
131 35
31 234
4 130
217 193
172 79
67 123
163 32
192 129
50 142
14 165
77 100
200 154
22 74
218 19
175 20
70 189
184 81
164 121
115 225
104 84
105 106
142 235
54 157
67 241
166 226
19 198
84 91
76 79
152 178
124 70
111 96
48 5
129 119
238 35
204 112
57 70
103 240
2 172
104 118
101 76
33 222
203 186
7 92
123 201
206 2
233 123
167 125
2 72
156 174
109 53
243 231
53 201
13 33
216 223
246 94
197 104
11 73
239 216
11 206
134 101
26 122
228 33
214 32
148 92
88 167
50 39
65 78
66 224
85 138
104 17
196 186
28 241
89 110
46 234
198 248
75 56
204 151
157 235
234 68
188 137
139 27
87 115
202 26
235 233
144 29
223 236
159 241
78 11
211 183
60 208
83 219
25 60
180 235
174 34
194 152
97 244
180 239
166 177
197 178
89 65
119 23
16 2
203 156
6 232
17 234
41 206
195 68
201 240
28 208
44 91
11 106
21 39
142 204
201 23
53 61
105 145
234 62
75 165
113 18
207 224
49 231
238 160
199 199
144 188
78 96
129 97
212 81
219 217
158 146
169 247
248 157
34 220
215 217
192 70
150 41
90 121
109 4
145 21
90 221
85 119
126 229
132 87
61 80
235 97
151 14
89 143
186 16
55 79
249 84
114 16
133 28
64 125
101 243
164 228
2 17
157 136
99 93
75 233
147 43
21 196
3 164
156 21
182 144
36 146
173 85
113 35
220 67
166 29
14 231
27 50
217 119
28 51
244 21
59 148
75 5
192 180
45 182
140 201
84 240
207 6
213 186
88 169
201 41
33 198
40 147
46 100
109 36
123 3
224 179
241 238
105 72
162 210
197 134
43 92
119 186
224 23
212 85
176 174
164 34
112 134
108 116
2 104
63 212
11 65
116 174
152 211
24 219
43 205
175 71
227 226
34 168
63 238
183 125
192 102
74 124
40 107
25 205
129 190
106 35
148 222
36 63
231 152
168 164
14 222
200 190
111 194
142 169
22 183
174 23
132 36
100 247
130 5
37 1
245 211
0 118
130 136
137 76
173 138
158 218
127 95
223 15
219 138
229 35
176 211
36 78
24 28
212 200
95 229
93 48
162 216
167 191
119 65
131 84
174 18
61 137
202 215
181 124
247 4
203 71
103 165
63 205
91 241
225 105
181 119
146 62
66 82
65 215
4 64
46 24
180 164
92 146
158 222
114 34
208 102
213 119
138 47
182 19
171 70
63 55
229 16
163 160
120 184
198 116
228 185
64 154
112 47
61 206
120 133
7 174
199 166
247 59
35 217
108 212
85 39
232 65
88 48
224 175
182 25
214 34
19 234
128 218
170 43
137 26
160 153
225 192
122 84
7 140
175 138
132 73
111 50
232 190
114 179
200 231
117 7
54 63
126 187
103 221
27 52
173 21
78 56
240 114
32 182
137 210
32 217
215 93
189 85
174 199
127 25
87 150
91 46
69 193
178 36
205 95
180 245
36 61
159 63
145 160
210 44
62 208
4 219
139 111
215 27
211 173
118 79
44 199
48 95
185 85
154 233
69 241
118 165
53 170
3 173
246 248
4 103
49 162
68 89
221 104
163 70
137 212
55 104
149 60
77 140
153 56
239 196
142 108
66 30
156 14
18 99
158 232
85 165
105 66
117 232
215 209
89 67
76 74
64 244
147 228
33 109
247 159
100 139
102 171
82 239
213 30
245 249
109 20
48 76
202 12
46 79
58 181
228 213
114 217
107 66
93 20
7 26
232 67
5 176
48 128
250 155
232 158
236 180
13 212
190 124
109 55
174 159
9 63
140 41
191 72
192 225
216 6
214 129
201 163
174 77
166 13
32 165
196 72
59 152
147 121
136 67
57 177
178 78
83 35
226 168
222 142
20 216
85 37
155 247
49 202
17 183
57 236
177 188
209 45
162 143
233 147
178 111
65 30
221 102
183 18
46 55
197 68
177 153
132 17
75 36
207 110
71 84
195 191
123 191
104 107
241 230
60 11
101 133
184 5
178 246
146 30
134 86
188 181
210 40
228 67
178 163
226 68
137 208
76 224
26 64
160 143
49 216
160 223
163 68
230 9
184 145
116 176
139 249
192 230
151 183
34 111
14 35
41 0
78 167
12 241
124 131
128 139
190 230
136 193
35 236
121 237
82 53
15 185
26 242
64 32
217 100
132 40
189 13
113 101
138 109
11 184
153 196
233 192
91 119
83 226
189 203
94 16
168 131
86 0
23 35
90 214
159 177
31 232
113 113
3 56
1 19
131 240
155 119
46 237
185 98
109 112
173 73
15 57
235 36
131 31
219 115
216 29
241 80
44 6
222 23
233 211
2 122
19 67
39 207
107 110
216 244
188 177
250 244
30 185
133 15
234 229
70 114
198 50
242 68
159 65
80 217
34 151
101 190
61 238
61 21
248 78
244 131
142 62
179 216
29 39
133 70
214 173
27 123
127 46
135 213
8 93
58 56
168 177
176 199
185 79
185 161
244 72
144 71
109 151
74 102
191 237
129 173
11 104
70 2
33 183
216 76
137 182
93 89
224 194
98 36
234 159
136 248
153 198
76 107
248 198
84 144
238 45
129 115
106 119
140 50
150 185
66 177
170 238
76 220
153 58
49 40
157 164
14 43
100 135
195 103
72 220
105 203
162 153
231 206
239 24
192 182
22 229
29 7
247 54
97 167
92 15
60 180
239 55
12 0
206 13
210 85
103 219
238 122
146 134
109 118
69 50
98 161
170 133
0 58
25 8
92 238
24 30
57 60
146 213
2 129
224 50
245 155
47 182
3 170
27 99
225 241
188 140
147 179
224 181
154 42
44 185
216 234
216 236
174 179
224 107
12 224
30 241
47 53
193 4
76 3
145 41
119 101
4 154
224 190
