209 36
216 171
43 110
41 54
26 46
151 88
57 182
120 137
189 162
183 123
218 107
193 177
168 127
37 55
49 7
60 152
176 70
210 101
179 166
243 229
227 128
25 99
43 209
125 45
68 226
59 237
107 36
81 151
104 201
201 193
1 17
101 103
216 169
114 49
15 132
46 168
20 121
22 70
60 216
170 178
104 131
2 34
192 226
76 153
166 232
242 162
212 178
84 168
24 203
46 204
134 134
166 109
46 93
33 120
156 155
158 175
3 95
93 198
43 21
228 121
80 13
118 219
137 138
51 170
60 154
174 189
201 159
192 14
10 2
2 218
119 175
245 23
199 92
247 33
27 20
30 37
117 4
177 16
97 91
51 62
44 23
31 114
106 152
217 142
112 195
204 24
75 32
80 150
111 98
223 61
20 194
81 2
36 242
23 136
2 172
175 208
75 115
32 203
194 167
222 218
150 89
113 159
130 246
121 172
47 133
233 143
28 117
134 30
197 4
22 194
117 238
38 151
173 83
46 97
229 18
197 66
98 82
39 45
96 181
220 170
147 29
121 202
106 84
62 244
7 104
68 81
223 187
150 11
115 113
40 20
120 217
171 89
140 78
141 45
191 162
99 111
133 72
17 145
182 2
5 64
213 133
71 114
167 198
198 163
123 28
16 141
160 222
37 57
88 240
125 77
4 128
127 191
19 40
250 42
185 225
47 98
199 241
48 81
125 220
157 116
192 31
196 95
64 160
239 11
219 159
64 197
231 43
19 17
41 186
166 17
74 137
219 101
43 117
17 143
132 218
144 70
207 132
188 227
0 75
203 23
87 49
118 149
43 122
95 103
231 105
246 102
168 109
67 153
140 105
58 64
183 92
15 104
224 19
127 53
7 13
244 233
183 188
207 57
190 84
208 250
235 118
194 181
13 173
123 32
239 71
48 96
87 212
72 40
164 250
25 175
162 33
140 29
235 120
120 126
101 79
183 236
91 235
130 171
84 218
40 36
129 54
225 126
51 32
44 218
36 154
227 105
85 43
1 117
116 160
34 65
195 0
103 168
56 201
63 127
34 85
27 244
83 65
219 47
25 39
177 229
198 135
165 48
144 165
207 103
236 196
214 204
165 81
52 106
210 29
33 197
145 200
56 234
223 104
220 119
27 158
114 177
149 119
61 225
51 219
148 137
94 98
60 100
50 81
106 86
129 101
42 107
70 230
228 154
125 123
117 201
20 89
81 55
235 212
70 112
235 149
85 222
179 153
237 119
179 16
127 244
117 88
52 186
149 63
122 125
228 9
117 9
204 103
49 3
1 155
172 138
91 68
136 204
169 7
205 153
50 198
227 166
166 122
7 212
167 200
197 167
56 65
30 27
99 13
47 82
114 111
93 229
30 77
92 98
24 53
232 229
246 148
1 43
212 12
38 172
2 99
156 172
30 133
153 200
147 160
235 138
129 98
48 179
191 158
190 2
215 30
88 79
51 169
232 96
21 184
139 111
65 7
46 43
216 9
77 83
7 75
152 40
47 171
44 203
115 115
189 129
156 122
192 34
4 114
215 151
52 5
208 221
72 37
192 235
69 91
66 189
158 0
205 93
167 249
63 224
49 130
143 43
31 83
12 177
100 33
99 105
207 226
33 176
136 49
61 126
184 7
74 164
32 218
20 216
133 95
183 225
28 62
38 123
75 59
110 241
213 182
102 78
230 6
22 120
139 226
199 220
210 82
107 203
63 164
31 168
125 31
189 150
218 218
217 80
116 209
237 179
144 169
152 90
172 61
229 244
108 34
204 84
228 45
116 125
146 73
26 65
156 140
97 111
65 28
218 93
150 42
152 73
85 35
26 103
110 57
97 80
195 227
88 122
232 82
99 164
143 133
201 148
114 37
24 62
234 81
220 238
48 30
14 249
127 112
183 191
123 73
129 40
77 107
40 95
136 51
124 49
9 163
7 216
82 217
129 38
107 106
125 33
25 244
8 114
14 175
190 177
227 182
148 42
172 69
13 17
192 39
115 79
116 97
217 65
241 37
66 161
173 208
132 246
133 42
186 131
105 111
54 122
242 130
134 145
193 12
56 154
116 229
208 217
115 204
161 240
208 243
186 7
73 115
1 115
100 167
119 202
130 92
96 155
120 89
121 67
99 162
94 126
224 183
212 28
101 13
249 129
164 110
46 184
16 120
233 132
201 57
250 152
42 199
144 190
32 172
158 117
204 120
229 159
33 174
76 57
128 246
230 85
27 173
230 37
226 107
165 191
236 31
128 8
78 145
206 2
166 166
107 62
173 42
218 185
48 181
100 175
22 147
77 175
172 17
13 105
46 39
186 57
72 1
106 115
156 164
70 227
96 102
132 91
122 203
125 142
96 11
35 12
237 187
235 28
116 67
23 170
49 32
25 211
220 105
26 207
212 143
188 65
189 157
217 214
187 85
239 96
107 73
38 242
76 207
142 105
204 173
67 151
49 161
104 199
133 138
86 109
239 2
110 175
17 40
126 162
65 34
225 18
1 222
112 19
91 219
140 244
19 156
244 242
10 244
34 233
24 37
164 86
160 164
178 197
45 74
38 248
185 135
196 191
44 141
209 47
30 50
115 81
83 188
198 244
25 123
123 5
148 122
12 195
136 65
165 187
80 98
60 46
192 222
246 61
249 122
2 15
216 186
97 43
82 140
130 141
45 18
110 45
250 184
234 201
74 169
130 73
161 176
72 62
75 138
89 39
49 29
187 175
175 225
153 233
109 141
40 43
42 222
209 92
104 3
226 32
166 19
124 140
70 35
49 201
122 148
61 214
227 7
54 119
206 202
82 120
120 82
126 226
64 81
104 6
87 208
228 111
78 75
108 235
173 33
247 219
106 141
214 221
44 222
31 21
120 187
77 125
213 135
49 220
163 147
196 166
85 147
72 76
214 219
6 136
167 163
171 129
121 25
53 124
63 207
161 186
38 175
203 25
85 226
110 22
146 185
77 168
193 17
158 154
54 95
228 238
100 136
105 204
185 102
178 115
20 62
98 30
37 144
115 51
45 170
171 63
134 66
161 229
229 43
169 31
3 131
128 222
214 176
212 203
176 35
77 2
94 168
75 66
202 217
214 226
170 118
174 10
143 77
81 11
29 100
230 36
52 118
69 197
207 111
48 145
206 100
21 245
84 204
114 14
244 209
165 30
174 202
125 173
28 243
230 153
76 127
120 182
203 205
79 82
161 86
193 32
153 231
124 46
171 36
182 115
31 121
89 69
209 105
217 22
48 57
245 153
227 240
55 55
131 248
148 113
150 104
155 202
16 230
109 114
0 98
76 232
34 153
147 62
197 196
68 243
52 174
65 110
212 10
72 249
53 78
182 22
159 91
93 96
48 141
213 5
213 174
174 86
122 226
82 131
248 244
173 139
244 124
43 112
217 30
39 145
8 165
16 104
131 244
140 177
227 109
218 139
5 118
56 90
85 145
9 133
11 29
205 58
55 146
246 122
124 204
83 89
213 7
249 34
23 52
205 175
183 3
213 121
241 198
47 235
142 206
128 57
225 68
178 250
61 32
148 73
109 69
90 239
85 33
124 34
208 83
83 241
157 166
68 53
139 76
207 121
92 242
89 50
107 144
225 208
198 103
203 56
181 17
146 5
85 45
17 84
160 232
185 53
81 241
56 45
207 219
17 101
34 194
242 144
203 58
163 177
212 208
101 120
208 246
215 76
246 221
177 66
220 98
97 157
234 190
48 199
143 177
38 47
55 138
144 149
19 24
104 10
243 153
215 243
4 179
241 117
20 60
233 83
104 113
173 204
183 117
119 24
217 206
162 93
96 190
87 64
207 106
229 39
130 90
35 179
143 28
152 7
55 61
173 63
164 92
194 56
86 39
35 198
27 195
158 184
80 43
185 48
73 72
57 205
106 164
51 202
127 164
11 17
189 153
217 47
196 245
146 123
197 174
238 195
246 86
197 73
180 115
190 136
91 17
91 111
147 119
72 56
187 162
15 134
209 216
143 52
242 196
226 55
134 199
61 55
9 105
59 98
70 158
126 25
12 38
240 241
24 247
84 3
40 123
218 45
110 154
61 153
12 11
69 199
98 213
192 68
185 80
175 158
143 75
173 25
171 200
219 162
93 129
100 221
94 161
73 11
233 87
153 14
97 162
132 200
152 103
104 164
180 45
100 245
169 95
68 3
166 186
223 106
89 195
231 7
11 173
139 231
80 144
181 43
216 78
158 38
84 41
227 188
70 169
154 123
112 89
138 235
138 151
222 51
72 169
173 35
88 111
145 155
180 227
239 199
144 171
77 16
60 245
135 139
18 79
3 2
84 67
61 66
227 67
232 212
118 101
34 113
101 216
115 12
26 117
233 189
204 149
186 104
77 138
240 181
200 51
18 215
202 39
14 224
190 58
100 114
152 77
58 42
126 137
192 212
131 148
221 197
113 147
44 168
189 199
32 84
6 143
143 205
30 224
236 36
191 10
105 241
180 193
58 26
210 3
225 75
18 162
30 236
193 224
34 199
32 233
45 122
162 212
198 129
55 44
235 171
41 90
7 117
74 223
39 11
235 230
223 35
186 97
75 96
101 118
168 148
74 111
62 42
239 188
119 135
191 156
241 53
10 15
41 111
98 20
70 76
3 138
164 186
115 41
187 225
35 142
137 164
32 167
81 193
208 71
180 69
163 237
66 122
213 64
170 68
168 9
197 165
241 70
145 177
171 83
190 207
181 122
83 87
185 188
169 135
40 142
159 152
49 195
19 154
209 129
97 45
206 225
208 96
249 112
36 246
199 168
102 34
137 224
200 68
175 102
82 195
72 183
195 177
108 60
171 4
245 230
140 47
174 14
191 174
220 219
18 103
153 120
80 123
51 78
8 231
92 64
249 150
10 63
127 55
60 31
226 10
46 5
241 1
15 0
136 206
136 126
236 228
1 113
153 53
177 113
155 196
250 159
72 227
48 222
167 105
83 206
165 248
218 243
27 169
202 191
92 193
3 234
0 5
103 44
185 70
69 93
65 224
181 243
202 136
81 189
10 61
177 110
11 55
248 223
223 233
105 82
249 38
231 94
38 108
209 228
213 180
141 223
177 159
138 200
217 246
211 6
80 152
155 101
243 179
21 114
43 28
116 158
70 53
228 164
94 193
8 91
163 187
199 54
204 203
239 37
239 239
232 126
5 172
44 241
69 185
70 156
50 31
2 58
103 132
113 115
137 42
184 119
93 183
243 238
155 22
108 149
152 5
187 198
168 180
187 72
119 204
16 136
151 50
157 222
138 126
38 139
198 194
241 3
76 1
107 234
229 127
85 122
164 145
133 31
41 243
178 248
61 118
226 178
236 95
232 232
72 230
29 174
9 127
209 94
10 74
23 18
60 25
10 164
166 104
52 108
110 246
14 184
60 139
228 242
207 119
40 156
233 151
24 145
200 43
2 244
212 234
125 47
146 21
152 229
219 143
73 232
218 237
173 199
182 79
17 249
193 61
231 137
211 227
81 57
186 122
250 242
231 159
72 112
248 200
121 150
34 248
108 193
39 159
21 122
86 239
195 29
124 2
161 245
248 155
165 156
139 190
20 229
229 207
130 242
89 46
147 64
167 41
143 39
64 217
21 192
158 210
228 98
130 9
211 248
19 152
9 161
157 106
131 41
27 8
203 158
141 246
176 176
84 242
147 178
185 2
61 194
186 88
5 138
118 103
229 84
224 14
30 167
125 4
101 50
20 19
215 136
132 12
173 128
16 163
154 12
225 12
35 102
11 36
186 144
108 6
8 140
71 50
156 144
89 191
178 213
207 123
141 53
176 104
88 246
69 133
178 127
202 43
231 114
23 50
244 236
99 86
234 134
208 214
123 224
86 243
131 100
243 32
162 22
78 154
59 81
111 115
200 156
55 103
28 134
98 84
61 243
38 15
225 16
217 196
156 118
73 167
244 18
236 27
237 142
105 68
92 119
92 145
60 12
203 243
247 199
117 78
83 138
158 24
139 51
84 140
206 122
27 101
160 132
144 66
138 248
228 209
47 129
230 208
22 201
69 228
58 245
102 114
171 39
45 91
239 13
33 178
78 129
205 219
166 94
44 205
169 44
62 19
155 151
161 69
106 194
126 215
1 230
186 202
230 103
241 128
93 179
23 0
143 199
179 191
182 44
237 220
84 160
13 144
52 167
226 122
192 216
50 175
65 200
59 110
168 103
45 245
34 246
61 237
118 84
239 217
130 166
99 91
30 107
42 141
97 24
102 136
35 250
143 16
144 179
68 240
23 181
238 43
45 230
170 5
109 143
248 56
83 192
167 107
42 36
177 133
210 108
81 185
130 11
43 94
185 82
28 9
125 231
78 164
142 41
109 233
180 241
41 37
144 230
215 63
108 172
45 89
192 59
73 64
29 222
244 151
219 146
111 244
19 59
34 75
182 4
234 96
211 181
26 90
189 55
246 52
161 84
127 187
68 158
139 99
10 98
161 242
37 11
79 52
115 77
12 18
226 168
247 85
65 182
155 58
145 224
222 97
34 81
217 153
77 4
188 87
40 41
50 173
104 65
245 146
233 141
9 96
119 173
90 73
16 165
140 153
83 1
192 178
22 65
203 245
210 106
79 77
40 13
109 51
59 67
221 234
3 116
102 199
72 35
131 75
178 2
34 181
42 241
5 66
108 153
176 203
243 59
187 5
234 32
28 90
119 12
120 185
22 214
10 240
189 66
27 88
1 3
136 31
95 148
153 89
240 160
134 68
226 195
11 209
228 227
199 105
162 155
8 214
231 150
22 11
183 232
129 147
209 198
94 181
181 148
95 101
43 207
81 187
105 202
92 122
77 52
105 104
65 77
211 130
217 94
134 195
181 191
145 163
76 128
77 11
42 229
58 155
66 244
31 181
123 188
121 132
110 34
205 147
15 126
178 167
87 45
8 181
146 244
31 109
193 150
190 142
86 36
139 73
150 187
44 30
24 242
179 58
86 66
29 116
62 196
203 189
190 215
14 214
90 227
46 30
152 35
90 189
121 69
99 97
209 244
200 135
80 16
206 108
80 216
148 88
240 162
99 205
175 211
109 245
211 245
242 47
123 118
143 131
40 242
97 173
152 209
138 202
149 115
233 63
109 62
16 128
97 13
178 231
85 170
99 54
209 247
72 101
95 10
81 191
184 116
21 15
102 159
205 204
206 55
75 130
135 163
141 183
24 178
62 107
24 51
239 98
68 7
59 15
170 213
187 173
3 118
170 66
88 74
78 177
88 66
10 139
238 177
246 234
122 181
48 79
210 229
170 30
177 162
9 221
129 83
202 194
21 151
201 220
103 74
179 124
87 76
45 125
201 200
37 142
125 217
39 173
14 31
215 182
41 45
92 177
33 79
15 102
29 98
12 180
129 188
135 246
182 190
104 115
58 176
206 89
71 86
146 165
181 229
19 250
60 185
1 41
237 12
10 18
150 212
235 194
191 154
151 121
222 13
90 99
55 170
79 186
133 29
243 83
24 20
98 137
178 155
199 164
74 106
110 116
245 106
85 166
50 147
138 233
197 149
182 230
181 46
109 32
72 99
170 202
136 234
129 157
112 224
74 135
96 169
78 63
177 244
206 5
64 195
165 146
237 97
146 126
117 71
59 47
110 196
135 34
9 72
25 29
31 103
124 26
61 165
220 145
46 95
102 67
63 31
43 243
70 0
60 106
154 74
86 3
242 82
127 132
85 19
8 184
235 62
114 240
9 170
108 195
133 141
223 101
175 156
215 122
47 59
169 38
193 207
94 170
246 125
90 230
240 48
226 76
7 67
220 236
54 201
19 195
74 98
215 6
217 173
104 166
184 159
148 182
31 229
245 33
128 89
68 5
246 0
148 184
215 142
116 147
236 44
9 242
136 193
180 231
196 130
218 61
123 231
131 216
45 56
113 99
30 208
66 148
228 246
189 11
55 97
173 58
37 233
77 166
132 172
103 103
76 55
148 103
57 157
174 181
162 249
203 83
186 49
158 171
106 196
6 190
213 206
180 152
166 83
183 46
78 197
201 22
44 20
136 152
26 124
243 77
214 11
59 114
58 239
209 38
14 163
63 21
78 219
156 37
135 53
4 19
136 102
46 78
161 134
139 164
117 12
158 143
170 122
197 1
211 31
247 157
57 92
230 214
153 33
176 33
171 32
118 199
175 16
229 129
233 149
150 91
168 136
32 231
47 208
44 147
167 39
68 9
155 200
19 26
150 208
128 24
242 57
201 161
175 110
128 136
215 241
19 63
94 71
56 150
200 118
64 106
114 224
192 57
102 3
63 199
223 49
175 84
236 219
120 11
0 94
38 13
94 94
80 198
91 149
51 165
107 30
104 194
230 98
148 240
122 11
111 51
107 22
135 181
203 21
95 85
190 180
82 67
158 141
159 40
139 42
35 196
91 195
101 131
99 239
152 75
120 68
25 170
101 53
54 187
5 17
208 27
187 238
117 221
210 46
153 211
120 219
118 68
41 146
28 47
199 56
134 5
106 102
211 128
1 224
60 120
63 242
173 71
86 227
10 210
133 216
243 157
76 7
59 141
7 209
95 198
155 235
159 36
60 27
114 128
241 179
120 123
124 138
33 22
130 88
123 68
191 149
231 244
105 80
78 217
141 13
214 72
73 171
174 62
123 141
188 236
174 104
243 79
71 103
3 153
151 15
77 29
54 160
57 98
201 44
191 151
156 24
194 103
40 110
239 33
168 209
176 61
113 50
102 12
164 179
62 28
7 65
188 15
118 147
109 110
184 19
50 200
108 52
51 105
71 60
248 1
147 112
76 222
242 49
168 122
107 210
128 13
44 123
21 137
42 105
222 190
245 5
3 188
54 185
154 78
214 46
142 18
172 206
113 43
218 170
211 26
25 26
184 114
90 193
47 169
104 117
187 70
88 242
45 207
128 93
57 14
78 12
39 125
157 36
213 244
66 227
209 170
107 142
193 157
192 205
83 142
144 244
64 123
150 9
125 189
61 48
42 143
33 217
6 128
74 100
127 116
155 145
57 175
190 217
68 156
126 141
72 117
222 157
7 242
147 158
98 192
147 242
212 237
9 13
100 77
189 73
62 151
148 133
6 74
237 108
220 107
245 82
198 107
46 186
4 232
175 59
120 121
173 182
74 244
237 192
226 124
119 150
110 6
119 86
205 206
151 33
236 42
134 103
21 73
63 137
247 197
165 84
224 112
71 189
127 119
123 1
197 29
132 85
66 75
140 63
167 21
52 178
196 72
13 72
104 120
137 246
61 98
221 48
63 110
180 35
245 157
88 77
214 80
14 121
169 129
113 182
156 41
159 186
63 29
170 9
0 171
241 74
56 184
159 133
227 126
196 64
17 154
218 247
238 218
169 176
175 188
206 135
190 31
243 11
31 202
239 114
233 80
141 202
54 64
213 220
72 185
203 60
23 124
20 42
243 198
141 242
166 179
233 136
56 69
240 99
234 145
243 23
193 115
138 77
185 94
218 156
26 209
83 43
234 30
213 26
211 4
70 37
189 62
15 143
155 60
248 249
68 183
180 79
141 74
76 142
87 55
199 192
219 69
138 40
128 142
211 65
186 64
47 89
5 212
101 44
188 201
203 160
29 194
78 151
73 14
165 164
188 57
137 155
140 203
228 224
14 128
220 155
170 46
13 228
113 52
226 113
41 118
42 109
108 230
187 124
55 94
148 211
169 89
128 107
189 3
113 161
121 135
7 89
193 175
5 162
116 102
93 195
230 11
223 21
82 124
10 91
140 248
130 86
25 132
186 176
250 250
75 30
178 190
52 222
172 132
101 191
167 15
10 67
206 221
242 240
160 0
224 64
214 235
77 109
65 93
187 200
89 237
66 23
56 236
225 196
117 25
40 227
206 171
59 55
245 129
87 225
12 175
117 54
104 70
34 91
244 103
74 221
180 24
64 45
124 51
53 7
61 212
229 55
137 73
47 202
147 96
24 10
119 53
229 7
230 246
39 189
244 158
32 113
246 8
157 88
126 7
126 75
22 112
196 231
81 145
153 51
197 101
207 205
110 60
79 65
229 96
34 59
82 204
27 182
84 132
195 75
182 121
224 25
170 138
154 198
0 129
230 112
140 116
223 125
216 92
84 134
204 136
85 151
172 202
0 157
20 82
194 225
226 14
146 156
211 179
162 63
146 102
78 99
46 23
109 231
188 179
46 20
21 232
36 59
11 220
174 32
230 239
130 112
79 137
164 239
74 208
228 123
20 66
187 180
121 13
214 44
91 221
180 126
137 136
32 215
111 160
95 128
122 133
58 184
54 86
102 96
209 226
91 124
151 60
169 105
9 4
43 119
147 231
214 212
97 153
228 125
65 142
21 25
129 163
129 116
49 83
1 79
150 106
111 113
15 195
54 110
139 44
91 240
128 91
53 161
195 150
13 28
125 73
131 164
196 57
247 129
244 64
10 185
60 96
92 66
195 101
152 12
87 170
20 202
122 233
162 221
40 151
19 44
205 157
194 130
231 206
4 152
6 186
111 183
183 205
62 26
117 205
180 56
142 71
8 66
176 78
231 68
228 103
162 231
164 5
166 201
29 21
249 70
40 188
230 101
95 8
182 34
20 231
142 160
116 90
107 68
69 74
235 136
56 173
214 224
184 207
98 93
44 149
128 87
121 231
97 26
163 159
17 195
240 38
124 202
242 140
156 142
140 31
28 41
12 207
175 162
191 3
141 78
243 129
46 9
115 88
59 156
11 145
163 151
90 77
56 245
237 171
27 29
218 235
62 223
185 133
47 131
24 209
171 211
137 98
102 220
75 53
23 218
190 164
166 69
245 183
173 40
39 147
83 186
244 68
191 61
234 65
37 250
201 155
90 63
187 13
70 48
197 183
108 151
82 9
137 192
43 83
102 201
33 195
88 68
250 31
230 227
81 88
28 192
221 137
139 182
12 232
85 1
20 71
7 177
55 15
167 146
172 180
199 18
42 210
133 33
232 9
96 213
243 81
142 187
226 102
175 106
181 117
203 219
37 46
4 15
233 244
126 27
4 186
21 51
101 46
14 52
29 23
165 158
185 105
155 153
184 88
237 208
191 138
153 91
233 94
92 232
162 219
95 159
88 250
111 39
13 246
187 83
159 80
22 175
112 174
138 180
138 48
225 60
65 213
154 10
198 71
226 111
173 130
25 158
1 96
60 196
213 66
176 197
106 166
178 56
118 207
14 123
161 247
168 42
104 197
195 17
33 147
231 157
115 35
165 69
19 85
38 76
34 172
79 125
177 157
12 244
31 220
235 141
145 112
167 67
171 189
71 232
27 171
12 214
185 92
89 170
113 145
126 134
151 62
157 57
76 63
140 233
182 213
102 214
147 215
80 41
225 38
106 6
217 77
48 23
14 18
2 232
136 228
83 224
4 217
156 109
129 186
196 2
185 198
67 73
23 245
160 180
132 214
67 149
36 150
126 222
135 144
245 132
57 138
198 150
229 215
168 238
83 133
219 49
104 72
163 162
21 0
111 146
35 148
218 249
128 2
236 217
226 210
123 173
132 204
221 236
13 70
139 184
71 133
184 103
166 5
217 63
65 156
6 141
127 240
220 19
106 117
41 158
229 240
241 119
156 94
141 191
249 79
34 14
217 160
49 60
22 226
56 140
250 77
28 53
244 1
156 138
215 245
32 236
83 34
18 164
184 50
222 145
192 113
95 231
148 213
180 3
222 99
170 93
105 237
105 210
61 76
17 152
208 73
5 13
244 140
30 54
145 28
177 106
198 65
216 73
138 30
154 76
229 110
30 170
249 5
231 128
44 108
171 120
56 152
60 14
70 61
221 143
210 214
190 127
210 27
125 227
107 232
99 153
164 153
63 58
113 237
129 244
125 131
0 35
232 124
192 127
235 132
199 200
200 94
118 228
8 218
200 70
145 93
188 127
22 230
102 197
235 26
26 31
171 225
23 133
167 230
71 181
0 220
98 170
29 132
45 236
149 179
16 232
145 192
152 105
245 197
136 69
78 203
154 121
50 52
28 37
111 181
75 166
142 54
40 154
160 93
18 18
3 123
100 165
128 138
198 31
229 247
149 228
12 91
28 49
110 192
103 46
220 157
101 158
193 111
129 56
182 82
197 53
205 11
233 44
41 56
227 84
109 211
204 22
156 11
190 203
194 38
118 124
114 126
250 1
193 128
180 1
59 93
95 27
36 3
219 22
211 207
190 86
247 105
76 97
162 65
23 243
178 101
75 83
204 9
119 3
235 69
63 99
199 243
12 164
138 153
151 231
22 20
82 40
96 171
81 206
77 234
229 69
191 38
78 199
183 1
68 72
12 15
203 154
95 91
168 93
36 65
229 217
31 11
149 214
194 10
147 130
218 105
192 83
54 234
145 39
45 32
127 224
101 55
36 44
38 141
151 213
243 13
89 48
13 179
192 71
18 197
42 84
123 70
198 94
45 114
76 218
69 82
176 80
15 29
66 2
138 28
192 2
23 12
140 205
193 77
187 63
137 47
231 17
158 119
125 69
101 163
196 119
105 12
196 243
128 161
118 209
49 235
0 54
185 55
199 138
100 173
131 50
96 89
135 41
169 146
14 247
221 114
120 148
175 177
167 247
48 143
197 57
83 200
121 189
5 132
150 136
188 89
168 133
205 104
218 68
175 64
243 53
128 111
63 33
120 233
23 9
11 40
116 223
13 182
80 127
63 193
222 116
127 231
148 135
176 231
100 241
124 124
136 236
160 82
196 31
178 125
87 221
28 64
187 135
177 135
169 120
139 224
99 80
146 226
97 206
10 27
86 53
246 90
223 198
153 102
158 248
222 53
46 206
112 226
12 27
12 94
135 136
81 137
234 232
102 116
227 34
24 148
176 18
225 62
11 242
123 30
129 149
94 214
236 46
68 48
48 53
118 66
142 178
182 58
104 122
20 227
148 90
114 159
117 145
30 200
100 95
222 139
216 120
70 132
213 95
228 211
224 76
62 218
103 50
164 17
27 115
140 61
110 235
215 153
77 65
188 163
67 90
67 155
6 240
208 130
102 173
249 160
161 162
221 63
240 35
149 28
217 140
165 32
171 204
153 61
125 117
186 142
66 212
41 220
149 71
24 41
66 191
101 138
198 115
185 238
5 76
64 121
73 126
10 42
188 125
125 164
6 214
15 84
195 4
212 100
79 14
29 114
166 189
246 68
23 231
162 238
84 238
227 244
40 144
188 49
61 205
33 213
94 92
188 142
140 150
16 19
90 145
250 116
89 114
194 15
81 173
124 75
27 27
158 139
183 101
57 89
95 29
145 167
43 55
205 56
30 25
181 215
125 50
46 228
189 172
248 89
243 4
74 28
83 11
235 208
16 17
241 142
225 27
65 120
161 67
170 85
165 162
98 168
174 69
221 21
102 175
89 75
202 203
172 209
39 63
124 122
58 22
67 77
15 179
138 209
129 49
77 172
234 206
7 163
156 189
149 97
216 204
143 153
88 210
150 95
66 141
141 158
108 247
157 146
108 54
15 33
128 159
218 91
183 83
44 187
36 248
92 13
59 243
3 140
199 136
38 79
140 112
114 90
36 172
3 221
74 26
223 181
33 87
132 146
100 42
101 177
150 4
243 62
85 149
143 68
22 67
31 131
31 222
110 177
23 172
44 189
92 138
143 186
5 116
72 48
162 18
57 94
246 2
227 40
234 34
196 51
190 14
183 21
52 122
225 206
218 24
190 25
54 68
145 153
46 123
27 11
75 102
113 216
204 187
150 117
54 66
237 199
194 246
179 67
67 200
29 28
4 175
87 40
66 159
132 150
106 70
191 227
116 129
170 180
141 220
155 193
81 44
67 198
167 129
61 109
118 188
45 83
238 197
80 9
148 95
207 156
233 137
102 101
160 213
206 120
184 121
83 202
208 56
217 223
28 102
24 66
58 28
11 71
216 184
239 179
158 243
23 26
229 157
167 135
42 77
179 135
49 176
24 201
243 142
90 210
174 227
102 83
167 236
33 57
87 248
197 55
46 232
166 50
150 93
93 68
131 72
140 17
217 168
246 209
176 127
183 229
50 222
213 218
215 140
13 103
46 241
88 228
224 36
93 8
29 119
237 156
44 120
249 36
44 77
104 34
162 227
71 15
60 41
246 214
199 250
83 146
42 43
121 2
76 111
138 50
221 147
207 44
146 241
198 198
117 113
11 20
209 7
242 55
195 66
192 37
208 207
144 221
37 174
130 139
94 191
99 103
136 134
170 136
228 38
20 248
88 53
15 47
4 74
77 66
29 176
12 143
87 153
226 184
30 105
159 67
160 187
206 151
241 78
47 32
148 209
239 120
196 179
99 44
46 222
73 38
114 157
229 161
33 104
160 243
48 88
239 9
20 214
42 20
131 39
31 55
234 226
97 139
224 189
63 162
68 190
98 241
108 174
98 166
6 25
175 25
42 156
160 249
216 67
157 218
214 184
65 193
22 37
231 241
26 136
7 161
246 130
21 243
74 2
165 65
200 194
142 152
157 191
83 162
78 143
58 151
128 109
62 211
196 181
75 113
199 148
0 73
73 166
230 155
152 9
246 232
72 54
138 204
247 91
176 14
45 4
169 40
101 169
64 180
10 222
217 26
121 174
56 85
188 160
212 41
72 245
44 85
3 52
134 165
142 130
85 88
7 171
234 85
156 120
162 179
5 140
241 158
181 21
57 241
144 207
205 189
200 131
4 164
151 71
185 72
21 87
38 2
22 116
45 54
18 150
60 29
177 195
162 121
18 89
93 149
95 19
211 102
197 192
227 18
59 57
57 54
219 168
240 44
59 212
213 131
48 197
59 65
143 203
19 83
204 217
214 237
160 182
168 166
167 44
181 237
146 19
42 154
178 14
64 139
55 13
120 21
131 188
6 101
6 178
245 92
199 113
105 133
115 227
44 228
209 5
229 53
108 228
188 2
137 10
121 0
123 139
134 147
41 94
118 230
200 152
169 174
228 36
27 176
126 121
159 89
193 233
245 205
59 225
81 0
41 120
86 131
47 7
189 212
105 4
140 162
5 188
129 113
210 199
69 87
16 122
204 146
108 58
120 235
99 140
8 24
45 36
212 119
45 38
13 197
133 3
232 242
130 3
243 235
198 69
248 95
91 113
247 83
67 83
85 114
147 71
6 218
108 64
73 47
164 64
248 202
105 8
33 170
5 167
158 66
10 142
93 159
139 107
97 104
242 237
96 87
2 54
141 114
63 119
51 120
161 20
138 109
88 109
36 15
171 19
165 90
216 44
103 13
141 76
231 84
222 76
79 161
193 227
57 243
26 41
148 26
118 161
197 229
67 142
158 145
194 165
115 146
221 195
60 108
145 95
42 227
231 87
70 239
107 5
235 143
209 25
96 192
164 19
152 92
146 114
70 105
34 10
99 46
50 118
244 181
112 48
39 206
74 62
0 186
87 1
236 206
183 147
250 96
181 232
244 30
49 230
28 106
241 33
182 32
249 153
183 161
160 218
231 148
141 107
185 200
157 170
147 132
160 216
201 218
102 126
176 115
248 3
146 104
74 9
59 94
237 121
59 147
91 191
186 68
2 220
240 22
52 172
139 11
241 121
125 119
194 229
215 134
232 210
76 230
191 233
243 0
236 202
211 37
83 56
238 157
15 216
93 70
93 157
243 244
190 226
121 27
215 82
162 223
186 66
134 214
50 5
227 180
152 193
76 34
114 130
206 102
177 166
93 231
0 37
44 106
143 158
242 22
36 168
11 13
172 67
11 92
100 116
211 197
95 17
107 140
155 54
161 152
38 0
88 226
35 56
82 38
159 135
233 248
59 79
14 142
40 76
95 69
12 42
127 51
156 9
21 204
250 114
71 88
58 186
3 230
175 139
224 10
166 34
61 95
153 55
206 149
119 171
182 234
177 178
222 24
223 192
87 34
186 236
92 128
35 170
113 239
39 187
166 46
164 155
8 15
58 178
28 163
246 236
35 244
176 155
102 128
245 149
97 204
198 48
174 79
152 42
62 139
211 95
30 48
129 58
152 3
28 223
163 240
186 174
234 139
31 39
167 187
112 242
146 136
120 84
146 230
19 91
4 177
8 73
52 198
142 20
155 134
132 166
37 125
35 144
176 111
31 119
194 69
246 151
22 149
192 8
230 229
67 32
189 174
170 209
82 42
143 167
207 170
145 184
221 100
88 146
77 14
249 120
38 44
74 16
232 219
119 1
147 152
111 94
19 183
100 35
100 129
209 131
209 127
218 6
189 134
64 162
100 193
142 244
114 215
241 113
219 141
40 140
98 174
184 68
187 129
195 185
176 164
234 204
183 243
138 105
245 215
180 128
13 45
163 91
155 92
67 181
71 52
205 91
45 76
0 33
224 97
250 56
175 82
89 222
98 87
32 90
47 3
143 242
220 139
140 222
6 174
128 81
65 108
237 61
167 95
207 215
220 121
210 73
19 61
205 137
230 45
179 229
249 224
206 21
198 231
244 213
75 206
85 17
185 5
237 173
100 127
231 231
48 148
33 180
231 55
75 11
73 124
81 139
173 211
241 12
101 97
22 203
225 109
219 197
155 88
101 218
242 242
131 162
27 193
43 32
15 79
59 206
250 188
194 58
157 153
25 143
20 80
129 220
10 38
66 157
78 97
70 237
143 191
6 211
208 10
86 78
229 225
22 173
235 210
161 178
157 39
95 25
4 244
95 205
64 211
230 82
79 3
61 113
32 150
187 3
249 57
183 48
26 54
221 141
118 236
189 138
214 233
145 232
148 31
71 228
62 198
131 176
58 215
129 79
126 5
214 118
199 176
43 220
46 179
127 172
41 152
99 203
53 165
63 75
6 232
248 7
166 193
160 230
17 44
149 121
172 87
203 162
177 57
100 248
25 88
246 22
56 57
179 211
116 69
202 85
94 147
192 73
73 108
223 176
77 77
138 178
174 81
118 90
11 53
139 138
216 227
67 92
111 96
223 75
54 5
238 207
35 146
23 39
220 240
74 0
231 216
112 156
230 15
27 161
237 189
1 6
18 148
137 100
154 109
229 99
211 39
14 229
171 65
206 173
169 200
60 223
47 230
156 194
77 6
161 184
83 122
48 183
45 41
228 86
133 248
95 189
57 16
102 65
79 54
223 17
65 152
243 9
212 175
101 105
6 165
157 91
75 219
137 52
194 31
138 64
28 104
166 234
173 37
27 132
103 111
209 168
157 108
11 69
136 33
145 228
109 20
78 41
116 99
192 16
1 200
226 36
164 226
223 78
135 28
192 27
95 183
247 35
165 67
89 112
116 156
112 178
221 61
163 20
53 3
177 232
139 128
210 42
22 247
24 116
157 233
147 128
114 226
177 117
49 77
18 248
39 249
205 155
8 134
130 16
48 51
100 160
14 207
185 51
56 156
75 217
170 127
223 123
26 61
147 40
238 161
68 75
84 92
236 158
34 149
214 217
106 108
173 188
61 30
191 182
233 209
139 155
72 104
196 132
151 228
52 217
5 192
200 231
66 124
6 15
43 75
64 19
57 213
115 222
189 155
219 20
44 43
181 225
94 21
112 37
232 205
80 135
214 28
183 238
142 31
174 75
173 19
20 246
242 160
23 114
170 206
83 194
34 1
138 228
169 107
174 210
153 104
9 92
119 70
83 91
235 192
37 66
249 93
90 225
146 94
87 223
134 205
147 154
111 158
168 5
22 216
11 96
182 56
90 250
0 120
52 221
147 115
190 34
85 224
213 93
131 138
113 45
10 214
242 233
148 4
7 102
143 223
54 199
159 225
80 172
4 100
133 213
10 249
97 159
189 64
189 235
10 94
82 215
165 119
245 59
110 156
169 21
144 129
47 220
41 208
191 129
181 245
138 79
108 147
82 201
215 206
167 120
100 219
245 70
100 11
98 155
206 207
26 10
135 26
239 0
169 19
3 242
137 226
109 73
195 175
73 218
235 130
144 18
42 218
103 217
116 218
169 124
48 55
116 162
74 36
116 127
7 132
215 8
71 247
135 216
102 167
216 155
87 120
196 194
249 81
83 150
78 81
126 218
41 125
32 107
72 16
15 197
95 157
245 20
221 50
69 51
129 165
135 197
22 29
72 27
174 141
201 189
32 75
29 35
184 190
208 4
249 186
212 72
182 150
71 167
67 6
166 92
90 147
151 52
195 168
235 178
234 246
233 178
143 79
0 81
196 151
58 139
224 102
241 115
66 150
98 220
103 80
219 99
11 1
21 124
190 56
178 34
30 9
18 135
45 220
152 207
32 184
29 209
145 132
81 147
27 120
101 194
156 162
8 240
99 246
65 21
22 145
141 42
46 148
33 89
25 246
38 153
197 93
74 230
38 65
47 233
148 101
106 148
245 3
125 29
248 118
187 133
113 41
102 48
163 84
209 69
174 175
232 246
239 155
17 217
189 27
161 226
1 242
109 145
41 249
2 119
80 146
169 4
231 63
216 157
205 227
212 199
156 124
178 68
239 112
236 29
189 33
57 12
158 173
116 112
123 77
116 14
54 172
22 61
184 143
158 245
171 146
209 249
98 215
98 11
163 8
224 110
94 227
64 240
12 124
172 118
103 4
166 237
126 108
6 115
103 87
150 26
236 34
187 48
174 201
241 72
172 23
80 196
217 43
185 123
63 27
13 37
10 25
156 43
126 54
107 32
155 107
29 11
185 100
143 73
191 18
54 59
113 97
160 211
140 235
162 164
72 132
183 105
94 207
26 134
138 32
216 225
62 79
241 76
188 158
163 157
157 246
241 111
114 175
211 93
33 55
41 28
21 27
42 185
157 135
185 206
218 239
92 227
78 79
158 115
133 148
43 25
165 108
94 233
65 226
173 8
237 72
144 64
122 123
243 20
190 40
59 214
215 65
132 202
11 46
86 241
94 166
86 168
138 66
42 30
24 182
78 127
17 46
145 223
17 130
204 191
139 246
39 244
62 13
115 216
134 70
156 168
94 12
99 158
56 96
177 212
7 183
145 130
233 180
219 215
15 125
14 181
172 21
250 40
45 239
109 155
198 118
210 80
248 151
227 54
116 71
13 205
30 112
95 172
62 46
23 143
140 179
229 105
192 231
73 60
106 64
104 86
61 57
22 249
127 220
2 170
64 23
57 147
141 11
58 96
118 163
104 67
144 151
208 172
114 68
96 30
229 188
0 199
78 28
110 149
114 98
110 243
142 208
69 77
160 209
24 134
173 225
229 113
142 189
115 238
219 103
150 6
125 52
32 23
22 89
79 134
129 155
162 174
230 20
149 138
13 126
79 108
66 80
37 244
216 24
206 0
217 242
46 127
187 93
50 178
209 103
4 105
83 190
116 220
96 21
164 189
56 186
223 26
93 11
5 154
18 1
64 191
15 45
225 174
94 197
119 215
62 128
90 97
131 185
129 51
99 243
156 75
100 200
19 87
7 169
9 183
47 57
186 90
214 14
163 229
159 221
194 73
15 54
133 25
167 90
126 3
166 42
12 248
24 64
157 192
31 195
193 29
73 84
86 210
76 81
59 13
24 89
203 41
135 43
214 144
85 143
213 210
196 115
1 52
103 105
235 80
234 125
54 168
17 82
216 221
99 78
165 199
231 189
142 109
6 180
24 174
51 7
197 249
173 65
85 220
128 59
128 242
117 172
127 189
139 118
102 241
218 216
113 180
80 84
157 79
58 24
128 73
114 47
230 41
141 27
78 136
128 75
230 151
172 148
76 28
149 51
72 13
47 25
44 92
77 54
75 64
167 3
15 56
178 108
223 114
182 126
145 242
110 173
102 15
9 103
20 190
59 182
111 179
142 221
214 83
84 130
204 101
68 238
174 132
218 225
140 65
45 58
24 176
191 12
228 101
91 71
147 27
47 38
172 227
143 183
59 138
199 133
104 102
3 76
212 74
244 207
18 119
72 234
59 241
97 85
206 217
73 110
50 144
164 82
127 216
182 227
82 199
141 51
133 164
0 153
130 161
237 136
54 108
87 51
162 214
215 96
39 157
29 201
23 205
57 203
18 42
183 215
246 107
114 96
161 91
23 122
43 139
15 182
154 43
166 228
194 214
17 80
126 242
188 17
238 181
37 77
180 249
167 48
99 10
171 41
140 207
250 7
216 42
119 8
130 14
1 228
244 148
48 207
118 180
82 158
142 29
92 214
45 243
237 99
242 64
13 55
249 54
44 238
44 118
174 112
106 121
41 34
155 90
1 39
148 186
164 224
150 226
26 48
44 211
11 197
121 183
241 10
96 93
57 145
20 145
16 213
243 204
57 113
158 41
102 94
86 111
168 68
103 195
223 196
165 3
172 179
101 112
134 32
138 207
180 190
201 83
42 188
111 21
20 135
81 149
81 162
66 183
250 72
226 189
29 161
39 77
18 232
213 40
170 148
81 66
124 229
243 183
136 150
96 35
160 174
140 160
33 250
180 33
46 87
12 230
148 105
60 43
104 48
101 81
77 205
94 137
81 125
82 127
136 179
216 118
141 200
71 39
162 82
191 63
70 183
66 106
89 248
178 32
8 142
146 162
247 70
244 57
58 236
5 184
150 210
8 116
118 174
179 195
201 165
171 208
55 88
97 28
36 140
132 2
115 206
197 117
48 204
127 174
249 219
92 46
13 53
79 205
219 64
62 44
74 128
109 67
41 200
2 97
224 178
210 71
231 248
79 249
184 57
241 24
43 45
201 55
96 83
96 208
8 62
224 53
194 179
53 219
11 126
19 66
230 126
207 94
30 90
87 113
207 92
174 126
165 197
28 26
132 6
126 110
25 173
42 96
146 41
194 2
16 78
248 221
83 221
199 21
214 78
174 60
1 1
216 31
69 85
111 44
211 70
163 184
63 152
26 160
87 144
10 11
189 210
169 29
215 132
190 9
1 32
11 3
168 172
13 226
203 148
173 134
139 9
75 109
175 57
25 22
141 164
91 19
61 111
21 218
174 206
212 82
218 66
200 85
236 71
126 106
111 35
1 77
238 41
165 230
188 214
74 34
210 208
64 141
22 135
57 80
29 181
191 32
65 154
217 135
26 177
243 146
8 60
197 176
2 186
207 137
213 152
56 87
250 222
100 171
80 194
81 160
208 128
88 38
105 36
111 17
70 17
66 4
121 204
31 111
45 21
54 174
39 56
29 230
93 102
145 74
180 150
119 200
231 70
31 88
57 44
50 231
49 132
2 127
187 234
73 113
45 81
122 187
111 144
203 164
65 91
61 78
82 164
100 212
54 70
12 35
77 31
134 13
20 149
199 146
100 198
201 19
193 75
50 79
124 222
133 136
108 3
40 218
203 241
51 161
241 123
243 66
250 201
47 195
65 242
73 74
6 134
175 133
108 108
127 99
240 57
179 65
245 35
226 65
63 77
114 66
32 9
170 87
145 65
19 144
113 16
67 94
235 200
237 210
8 99
139 114
208 54
139 192
160 220
100 48
225 66
132 4
127 156
145 43
141 16
190 140
26 105
93 236
186 140
218 28
244 155
85 54
113 80
129 94
218 158
80 200
124 226
68 1
169 91
201 157
232 35
66 180
132 242
167 124
122 235
202 146
87 32
20 28
55 203
167 31
164 221
244 61
41 21
148 117
53 104
21 182
218 245
6 99
149 181
83 148
138 116
82 197
107 212
234 218
163 248
30 183
128 4
165 1
94 177
212 43
107 8
80 204
186 160
110 229
62 216
36 123
106 208
35 67
63 215
132 140
224 185
9 168
63 226
76 170
96 177
199 67
33 12
206 223
198 131
104 15
198 52
236 134
241 66
235 60
128 6
67 8
191 29
162 145
145 158
220 8
21 69
11 246
174 223
245 84
20 147
187 95
194 113
155 105
130 7
248 242
110 147
232 85
248 52
239 73
246 71
196 247
73 246
37 170
156 244
152 122
225 187
108 71
135 127
35 87
74 82
146 128
98 22
221 169
60 23
116 166
229 149
192 214
128 134
147 224
180 22
155 103
28 97
77 114
248 131
188 131
175 229
129 85
52 163
60 210
91 47
70 243
55 144
21 18
116 104
159 162
214 42
206 110
196 113
47 125
168 88
131 93
179 43
96 215
127 166
26 240
230 212
135 227
189 0
41 139
119 6
101 92
43 57
199 232
130 173
150 102
245 63
93 120
119 26
239 118
10 44
217 137
9 216
210 11
45 116
49 171
42 123
143 201
211 201
117 0
191 172
214 74
242 181
2 75
142 162
7 130
32 53
55 189
248 123
58 45
92 197
112 176
35 155
123 26
120 230
11 205
148 180
170 173
55 175
76 136
37 63
32 201
32 193
59 112
192 85
32 81
157 77
151 115
105 74
177 59
102 85
46 142
21 41
203 138
105 45
228 41
163 6
54 221
176 101
94 14
117 227
136 195
99 131
125 133
218 8
11 166
201 244
51 60
108 208
10 195
239 100
37 149
74 76
15 227
52 200
184 90
236 169
32 105
93 100
41 150
176 75
95 179
33 77
122 137
36 13
204 19
74 117
179 20
225 103
7 17
43 114
129 175
105 109
176 73
65 198
65 178
178 193
218 241
9 76
1 56
63 201
110 37
228 20
247 103
62 241
53 120
91 49
105 30
18 185
209 12
4 190
175 204
14 177
12 57
133 93
45 227
147 17
146 107
77 216
18 146
33 61
146 92
28 160
117 86
171 34
91 100
171 91
33 235
8 129
100 214
12 44
147 124
155 52
226 186
233 69
119 88
99 207
45 7
9 166
199 84
25 115
171 7
150 230
227 207
18 39
230 124
125 224
234 228
154 93
239 190
56 67
6 91
157 220
155 136
63 125
207 46
172 6
7 127
35 58
218 121
112 241
73 58
176 189
223 63
200 49
76 9
142 67
74 225
191 211
148 226
16 215
176 108
134 201
155 166
120 180
166 250
201 138
41 122
210 196
78 170
241 157
36 152
188 71
74 55
29 165
106 239
180 213
130 218
30 193
49 169
23 14
57 66
47 41
22 72
168 46
234 220
139 1
179 242
137 130
96 23
62 120
27 205
118 22
236 204
219 62
97 113
134 203
199 196
184 227
89 151
46 140
74 104
29 88
18 121
35 77
166 148
213 142
91 212
174 36
176 179
118 126
168 202
223 143
118 217
208 107
19 81
52 64
185 86
127 158
25 195
113 204
116 10
92 126
180 41
243 138
2 101
63 108
106 10
240 46
115 53
216 208
156 250
172 9
130 159
93 18
247 6
197 242
237 194
64 25
239 172
15 130
171 131
47 239
198 86
118 11
98 172
106 150
113 39
44 34
145 124
215 195
236 226
201 59
217 133
86 79
176 227
30 163
98 34
245 207
93 234
127 97
50 54
37 207
173 77
197 91
61 163
142 150
171 175
169 125
28 183
62 100
210 177
80 175
187 55
69 181
242 45
9 209
21 84
214 208
175 135
120 206
165 235
206 10
216 106
12 141
178 151
115 43
7 233
117 2
46 146
223 12
8 210
16 228
216 144
129 77
89 120
185 74
89 212
2 4
219 195
88 244
213 246
107 205
223 147
30 52
178 80
247 121
248 68
68 79
218 154
226 8
142 65
116 164
150 73
19 133
51 176
97 243
0 189
92 94
98 32
156 77
144 162
198 152
245 238
115 236
8 244
93 28
229 166
102 130
245 104
99 113
185 96
93 124
85 65
188 233
214 24
32 37
47 36
73 130
70 190
58 91
191 36
7 167
60 10
130 60
141 185
165 7
10 0
159 234
155 56
190 213
154 209
246 57
237 144
131 97
215 175
20 119
183 99
93 212
218 172
24 207
42 0
25 168
195 183
23 16
196 6
225 34
23 88
212 45
79 1
33 102
101 134
243 34
71 46
79 173
244 211
47 244
78 201
232 37
177 102
19 192
204 26
94 155
135 99
194 244
40 30
29 121
135 141
179 113
21 133
244 144
119 237
103 82
13 30
169 211
108 56
238 205
33 83
222 112
27 39
148 6
70 245
147 163
165 15
216 238
7 77
86 41
222 19
137 128
117 211
56 42
163 66
0 70
62 24
186 208
176 68
100 21
227 16
27 22
186 227
145 17
1 188
215 203
155 191
225 124
164 123
124 233
17 134
243 70
201 242
241 250
106 28
74 13
6 103
116 207
71 74
232 139
247 149
131 37
87 18
246 88
131 34
31 234
4 130
217 194
172 79
68 122
163 31
192 130
50 142
13 165
76 100
200 154
22 74
218 18
175 19
69 188
184 81
164 121
116 225
104 84
105 106
141 234
55 158
67 242
166 226
20 197
84 90
76 79
151 180
125 71
113 95
48 5
129 118
238 35
205 112
57 68
104 239
3 171
103 118
102 76
33 220
202 187
7 92
123 201
208 1
234 123
166 126
1 72
156 174
109 53
244 231
53 202
13 33
215 223
247 93
197 105
11 73
238 216
10 207
134 101
25 121
228 32
213 31
148 92
87 166
50 38
64 79
67 225
85 138
103 17
197 185
28 241
89 110
45 234
198 248
74 57
204 151
157 235
234 67
188 136
139 27
87 115
203 27
234 234
144 30
223 235
159 241
79 11
212 183
60 208
82 219
24 60
181 235
174 34
194 152
98 244
182 240
165 177
197 178
90 65
120 23
16 2
203 156
5 234
17 234
41 206
193 67
201 240
28 207
43 90
11 106
21 39
142 204
201 24
53 60
106 146
233 61
76 164
113 17
208 224
48 232
238 159
200 198
144 188
77 95
129 96
212 80
220 217
159 147
169 247
249 157
34 218
216 218
190 70
149 40
90 122
109 5
144 20
89 220
84 120
126 229
132 87
61 80
235 97
151 13
89 144
186 15
55 79
249 83
115 16
133 27
65 125
101 243
164 228
3 17
157 137
100 93
75 234
147 43
21 196
4 166
157 22
182 145
37 147
173 85
113 35
220 67
167 29
14 231
26 50
218 119
28 51
244 22
58 149
76 5
192 180
45 182
139 201
84 240
208 6
214 186
88 168
201 41
32 199
41 148
46 99
109 36
123 3
225 180
241 239
106 72
162 210
197 133
42 92
118 186
224 23
212 84
176 174
164 33
115 132
108 116
2 103
63 213
10 65
116 173
151 211
24 217
42 205
175 71
227 226
34 168
62 239
183 125
193 101
75 125
40 108
25 205
128 190
106 34
147 222
35 63
231 152
168 164
13 222
200 191
110 194
142 169
23 183
175 23
133 36
101 246
130 5
36 1
246 211
0 118
130 137
137 75
174 137
159 219
128 95
223 15
219 137
229 34
176 210
36 79
23 28
213 201
95 229
93 48
162 216
167 191
120 66
130 84
174 18
61 137
203 215
181 124
247 4
202 70
102 165
63 205
90 241
225 105
182 119
146 63
66 82
65 215
3 65
45 25
180 164
92 147
159 223
114 33
208 101
214 120
139 46
182 19
171 70
63 56
229 16
164 160
119 184
199 116
229 186
63 155
112 46
61 207
120 134
7 175
199 166
247 59
34 215
109 209
84 39
232 65
87 47
225 176
183 24
214 33
19 233
128 218
171 43
137 26
160 154
225 193
122 83
7 139
176 137
132 73
111 49
232 191
114 179
199 229
117 7
53 62
125 187
104 221
26 52
174 21
78 56
239 116
32 182
137 210
31 216
215 94
188 85
175 199
128 26
87 150
90 45
68 192
178 36
206 95
179 244
35 61
160 63
145 160
210 44
62 209
4 219
141 111
215 26
211 173
117 80
43 201
48 94
185 84
155 233
69 241
118 166
53 170
4 173
246 248
4 102
50 163
69 89
221 104
163 70
136 212
54 105
149 61
77 140
153 57
240 197
143 107
67 29
156 13
18 100
158 232
83 166
106 66
119 232
215 210
90 67
76 74
64 244
147 228
33 109
248 159
99 138
102 171
82 239
213 29
244 249
110 19
47 77
203 10
46 80
57 180
228 213
114 218
108 66
93 20
8 26
232 67
6 176
48 128
250 155
233 158
236 180
14 212
190 125
110 55
176 160
8 64
140 40
190 72
191 224
217 7
213 129
201 163
175 77
166 13
31 165
194 71
58 153
146 121
136 67
56 177
178 78
83 36
228 168
223 141
19 217
84 37
156 248
49 203
17 183
57 238
177 188
209 45
162 143
233 147
178 111
65 30
221 102
183 17
46 54
195 68
177 153
132 16
76 36
208 109
71 84
195 192
123 190
104 107
242 231
59 11
99 133
183 5
178 246
146 31
134 86
189 181
210 40
229 67
178 164
227 69
136 208
76 224
26 63
160 144
50 217
161 224
163 68
230 9
184 146
116 176
139 249
192 229
150 183
33 111
14 35
40 0
79 166
12 240
123 132
128 140
190 229
138 194
35 235
121 237
81 53
16 184
26 242
65 32
217 100
133 40
189 13
114 100
140 109
12 184
154 195
233 192
91 120
83 226
188 203
93 16
168 131
86 250
23 35
90 214
159 176
30 232
113 113
3 56
2 19
132 240
154 119
46 237
184 98
108 112
174 73
14 58
234 37
131 31
220 115
216 28
242 80
44 5
221 23
233 211
1 123
19 68
39 208
107 110
217 244
188 177
0 244
30 185
132 14
233 230
69 114
198 50
242 68
160 65
80 218
34 151
99 191
60 239
60 21
248 78
244 130
142 63
179 215
29 39
132 70
215 173
27 122
127 46
136 214
8 94
57 56
168 178
177 199
184 79
185 161
244 71
144 72
110 151
73 102
190 236
129 173
11 104
70 2
34 183
216 75
137 181
94 89
224 194
98 36
234 157
136 248
153 197
75 107
249 198
83 144
238 45
127 114
105 119
140 49
150 185
67 178
169 236
76 220
153 59
48 40
158 164
14 43
99 135
196 103
73 220
103 203
162 153
232 207
239 24
193 182
22 228
29 7
247 54
96 167
92 15
59 180
240 55
12 250
207 12
210 85
103 219
239 122
147 134
108 118
69 49
98 160
170 133
0 58
25 8
91 238
24 30
56 59
146 213
2 129
224 51
246 155
46 182
5 170
27 99
226 242
188 140
146 179
225 182
154 41
44 185
216 234
216 236
174 179
224 107
12 224
30 241
46 52
193 4
76 3
144 41
120 102
3 155
225 191
