209 36
216 172
44 110
41 55
26 46
151 88
57 183
121 137
189 161
183 123
218 106
193 177
168 127
37 55
49 7
60 153
177 70
210 101
179 165
244 229
227 128
25 99
43 209
125 45
68 227
59 237
107 36
81 151
104 201
201 193
1 16
101 103
216 170
114 49
15 132
46 168
20 120
22 69
60 216
169 178
104 132
1 33
193 226
76 152
166 231
243 162
212 178
83 167
24 204
46 204
133 134
166 109
47 93
32 121
156 155
158 175
3 95
94 198
44 21
227 121
80 12
118 219
136 137
51 171
59 155
173 190
201 159
193 13
11 2
3 217
119 175
245 23
198 91
246 33
27 20
30 37
117 4
177 15
96 91
52 61
44 23
30 114
107 152
217 143
112 196
204 24
75 32
80 150
110 99
224 61
20 195
81 2
36 242
23 136
2 172
175 208
74 115
31 203
194 167
222 216
149 89
113 158
130 245
121 172
46 133
233 143
28 117
135 30
198 4
22 195
117 238
38 151
173 83
46 97
230 18
197 66
97 82
39 45
96 181
220 171
147 29
121 202
105 84
62 244
7 104
68 81
223 187
150 11
114 113
40 19
120 217
171 89
139 78
141 46
191 162
99 111
133 72
17 144
182 1
5 64
213 134
71 113
167 198
198 163
123 27
16 140
160 221
37 57
88 240
125 77
4 128
127 191
20 41
249 42
185 225
48 98
199 241
48 81
125 220
157 117
191 31
196 94
64 161
240 11
219 159
64 197
233 42
19 17
41 187
165 17
74 136
219 101
43 116
18 142
133 218
143 69
207 131
188 227
0 76
202 23
87 49
118 148
43 121
95 103
231 105
244 103
168 109
67 154
139 105
58 64
184 93
15 104
224 19
127 52
7 13
245 233
182 187
207 56
190 84
208 0
235 118
194 181
13 173
124 31
239 71
48 96
87 213
72 40
164 250
25 175
162 32
140 29
235 121
120 125
100 79
183 236
91 235
130 170
83 219
41 35
129 53
224 126
52 31
45 218
36 154
227 105
85 43
2 117
117 160
33 64
196 0
103 168
56 201
64 127
34 85
27 245
83 65
219 46
25 39
177 229
198 135
165 48
143 165
208 104
236 195
214 205
165 81
53 106
211 29
32 197
145 200
57 234
223 104
220 118
28 157
114 176
149 119
61 225
51 219
147 137
94 97
59 100
50 82
106 86
130 100
43 107
70 230
229 155
126 123
117 202
20 89
81 55
235 211
70 112
235 149
85 222
180 153
237 119
179 15
127 243
116 88
52 186
149 62
122 124
227 8
117 9
204 103
48 4
1 155
172 138
92 68
136 204
169 6
205 153
50 198
227 167
166 122
7 213
168 200
198 167
56 65
31 27
100 13
46 82
114 112
93 229
30 78
92 98
24 53
232 228
246 148
1 43
212 12
37 172
2 99
158 171
30 133
153 200
146 160
235 138
130 98
48 178
191 157
190 1
215 29
88 79
52 169
232 96
21 184
138 110
64 8
45 42
216 10
77 83
7 75
152 40
47 171
44 203
115 115
189 129
156 123
192 34
5 114
215 151
52 5
208 222
71 37
191 235
70 91
66 189
159 0
205 94
168 249
63 224
48 130
143 43
31 83
13 177
100 33
100 104
208 226
33 176
137 49
62 127
185 6
74 163
32 218
20 215
133 94
183 225
28 63
38 123
75 59
110 241
213 182
102 78
229 5
22 119
139 225
199 220
210 83
107 204
63 165
31 168
126 30
189 150
219 219
216 80
116 210
237 179
144 169
151 90
172 62
228 244
107 35
203 85
230 44
117 125
146 72
26 66
156 140
97 111
65 28
218 93
150 42
152 74
84 36
26 102
110 57
97 80
196 227
87 122
232 82
98 164
143 133
201 148
114 37
25 62
233 81
219 238
48 30
15 249
127 112
183 191
124 73
129 40
77 107
40 95
136 51
123 49
8 163
8 216
82 218
130 38
108 107
126 32
25 244
8 114
14 175
190 178
227 182
148 42
173 69
13 16
192 39
115 80
116 98
217 64
242 36
66 162
173 208
132 245
133 42
186 131
105 112
55 123
242 130
132 144
194 11
56 154
116 229
208 218
115 205
161 240
207 244
187 6
72 115
1 115
99 167
119 203
130 92
95 155
119 89
121 67
99 162
93 126
224 183
212 27
102 13
249 128
164 110
46 184
16 119
234 132
201 57
250 152
44 200
144 190
31 172
158 118
203 121
230 159
32 174
77 58
128 245
231 86
27 174
230 37
226 107
164 191
237 32
128 9
78 144
206 3
166 166
107 62
173 41
217 185
48 181
100 175
22 146
76 175
172 17
13 105
46 39
186 57
72 1
105 115
156 165
70 227
97 102
132 91
122 203
124 142
97 11
35 11
235 188
237 28
116 67
24 169
50 31
26 211
220 105
26 207
212 144
187 65
189 156
216 215
186 86
239 95
107 73
38 242
78 207
141 105
205 173
67 152
48 162
104 199
133 138
86 110
239 3
110 174
18 41
126 161
65 34
226 17
2 221
112 19
91 220
140 244
18 155
244 242
10 243
35 232
24 37
164 86
160 164
178 197
45 74
38 247
184 135
196 190
45 141
209 47
30 50
115 82
84 188
197 244
25 122
123 6
148 123
13 195
137 65
164 187
80 99
60 46
192 222
246 61
249 122
2 15
215 187
96 44
82 140
129 140
46 18
110 46
250 184
233 201
74 169
130 73
162 176
72 62
76 137
89 40
50 28
187 175
175 226
152 233
108 141
39 43
42 221
208 93
105 3
226 33
166 19
124 140
70 35
49 201
122 147
61 214
226 7
56 119
207 202
82 120
119 82
126 226
65 81
105 6
87 209
228 111
77 76
109 236
172 33
248 218
105 142
214 221
44 221
31 21
121 187
76 125
213 136
49 220
163 147
196 166
85 147
73 76
215 219
7 135
167 162
171 129
121 24
54 124
63 207
161 186
37 176
202 25
85 227
109 22
146 186
77 168
194 17
158 154
53 95
227 238
100 135
105 204
186 102
179 115
21 62
99 29
37 145
115 51
45 170
171 63
135 66
161 229
231 43
169 31
3 131
128 222
213 176
213 203
176 35
77 2
94 168
76 67
202 217
215 227
170 118
175 8
143 77
81 10
29 100
231 35
54 119
69 197
208 111
47 146
207 100
21 245
84 204
113 13
243 208
165 29
175 202
125 172
28 244
230 153
75 127
120 182
204 205
79 83
162 86
192 32
153 231
123 47
171 36
183 115
30 122
90 69
209 105
218 22
49 58
245 153
226 240
56 55
131 247
148 114
149 105
155 201
16 230
109 114
1 97
75 231
35 154
147 61
197 196
68 243
51 174
65 110
212 10
72 250
53 79
181 23
159 91
92 96
48 142
213 6
213 174
174 86
122 225
82 131
249 245
173 139
244 123
43 112
217 29
39 146
8 165
16 103
131 244
139 177
227 109
218 139
5 119
56 90
85 145
10 132
11 29
205 58
55 146
246 122
124 204
82 89
213 8
248 34
22 53
206 175
184 2
213 120
241 198
47 235
142 206
127 57
225 69
179 250
61 32
148 73
108 70
90 239
85 34
124 33
208 84
83 242
158 166
68 54
139 76
206 119
92 242
89 50
107 145
224 207
197 103
203 55
180 17
146 5
84 45
18 85
160 232
185 54
81 241
56 45
207 220
17 101
34 194
242 144
203 57
163 178
213 209
101 120
207 246
215 76
247 220
177 66
221 98
97 157
234 190
48 199
143 176
38 47
54 137
144 149
19 24
104 10
243 153
214 244
4 179
241 117
21 60
233 83
104 113
174 204
183 117
119 24
217 206
162 92
97 190
87 64
207 106
230 39
130 90
35 179
143 28
152 8
55 60
173 64
164 92
194 56
85 39
34 198
27 195
158 184
79 43
185 48
73 72
57 206
106 164
51 202
127 163
11 16
189 152
217 47
196 245
146 123
196 174
238 195
245 86
198 73
181 115
189 136
92 16
92 110
147 119
73 57
187 161
15 134
210 217
143 53
242 196
227 54
134 198
61 55
9 105
58 98
70 158
126 24
13 39
241 241
24 248
84 3
40 123
218 45
111 154
61 154
12 11
69 199
98 213
192 68
186 80
175 157
143 75
174 24
172 200
219 161
93 130
99 221
94 161
72 12
235 86
152 14
97 162
132 199
151 104
104 164
181 45
101 245
169 95
68 3
165 186
222 106
89 196
230 7
11 173
138 232
80 144
181 43
216 78
158 38
83 42
228 187
70 168
154 124
112 88
139 235
138 151
222 51
72 169
173 35
88 111
144 154
180 227
239 199
143 171
79 16
60 245
135 139
18 79
3 2
85 66
62 66
227 68
231 212
117 101
34 113
102 216
115 12
26 117
233 189
204 149
186 104
78 137
240 181
200 51
18 215
203 39
14 224
190 59
100 114
152 78
58 42
125 136
192 212
130 148
222 198
113 147
44 168
188 200
32 85
6 142
143 205
30 223
236 35
192 10
104 240
180 193
58 26
209 3
225 74
17 160
30 235
193 224
33 199
33 232
45 121
162 212
198 130
55 43
237 171
42 90
7 117
74 223
39 10
235 230
223 35
187 97
75 96
101 118
168 148
74 111
62 42
237 188
120 135
191 155
241 53
10 14
42 111
99 20
70 75
3 138
163 186
115 41
187 225
35 142
136 164
32 167
82 193
207 72
180 68
163 237
66 122
214 63
171 69
168 8
198 165
240 69
145 178
171 83
189 208
181 122
82 87
184 187
169 134
40 142
159 152
49 196
19 153
209 129
97 46
206 225
207 96
250 112
37 246
200 168
102 34
138 223
200 68
175 102
82 195
73 183
195 177
108 60
171 3
246 230
141 48
174 13
191 174
221 218
18 102
153 120
79 123
51 78
8 230
93 64
249 150
10 63
127 55
60 31
226 10
46 6
241 2
15 0
136 206
135 127
236 228
1 113
153 52
178 113
155 196
250 159
72 226
48 222
167 105
83 206
166 248
218 244
28 170
202 191
92 193
4 234
1 5
103 44
185 70
70 93
65 224
181 243
202 136
82 189
10 61
177 110
11 55
249 222
222 234
105 82
249 38
231 94
39 108
210 227
212 180
142 223
177 158
138 200
216 247
211 7
79 152
155 102
243 179
21 114
43 28
117 158
70 54
228 165
94 193
8 91
162 187
198 54
205 203
240 37
240 239
232 126
6 172
45 241
70 185
70 156
51 30
2 57
102 132
113 115
137 42
184 119
93 183
244 238
154 21
108 149
151 6
186 198
168 180
187 72
119 205
16 135
150 49
157 221
137 127
38 139
198 194
241 4
75 1
107 235
228 127
85 122
163 145
133 31
42 243
179 248
61 119
225 178
235 95
233 232
72 230
29 175
9 127
209 95
9 74
23 18
60 25
10 164
166 104
53 108
111 247
14 184
60 139
227 242
205 118
40 156
233 151
24 146
200 42
2 245
212 235
125 47
145 21
152 230
219 143
73 232
217 237
173 199
182 80
17 249
192 61
231 137
212 226
82 57
187 122
250 244
232 159
72 111
249 199
121 149
34 248
108 193
39 159
21 121
86 239
194 28
125 2
161 245
248 155
165 156
139 190
20 228
228 206
130 242
88 45
147 63
167 41
143 39
64 216
21 193
158 210
228 98
130 10
211 248
19 151
9 161
157 106
131 41
27 8
203 158
141 246
176 175
85 243
147 179
186 1
61 194
186 88
5 137
118 103
229 84
224 14
30 166
125 4
101 50
20 19
215 136
131 11
173 128
16 161
154 13
225 12
34 102
12 37
186 144
109 6
9 139
71 51
157 144
88 192
178 214
207 121
141 53
176 104
87 246
70 134
179 127
201 43
231 112
22 50
244 236
98 86
234 134
209 215
123 224
87 244
131 99
242 31
162 22
78 153
59 81
111 115
199 156
53 102
28 133
98 84
61 243
38 14
225 16
217 195
156 119
73 167
243 18
239 28
237 142
105 68
91 119
92 145
60 12
203 242
247 198
117 79
83 138
157 24
140 52
84 140
205 121
27 100
160 132
144 65
137 248
228 208
46 129
230 207
21 202
69 228
58 245
102 114
171 38
46 91
239 13
33 178
78 128
205 219
165 93
44 205
169 44
61 19
155 151
161 68
106 194
127 215
1 231
185 202
230 103
241 129
92 180
23 1
143 199
179 191
183 45
237 220
83 159
14 143
52 167
225 122
193 216
49 174
65 200
59 109
168 103
45 244
35 246
61 237
118 84
239 217
130 166
98 92
30 107
42 141
98 24
102 134
35 250
143 16
143 178
68 240
23 181
238 42
45 230
170 5
109 143
247 55
84 192
166 107
43 35
177 133
210 109
82 184
129 11
44 94
185 82
28 10
125 231
78 164
142 41
109 233
181 241
42 37
144 230
216 63
108 171
46 89
192 59
73 64
29 221
244 151
219 146
111 245
20 59
33 76
182 3
234 96
211 181
26 89
189 55
246 52
161 84
128 187
68 159
140 100
10 98
161 242
37 11
79 52
115 78
12 18
226 169
247 85
65 181
155 57
145 224
222 96
34 82
217 153
77 4
188 87
40 41
50 172
104 65
245 146
233 141
9 96
119 173
90 73
16 163
140 152
83 1
192 178
23 65
203 244
211 107
78 77
41 11
109 51
60 67
221 235
3 116
102 200
72 35
131 75
179 1
34 181
43 241
5 66
109 153
177 203
243 59
188 5
235 32
28 90
119 12
121 185
22 213
10 240
189 66
27 88
1 3
137 31
95 149
153 89
240 160
135 68
226 195
11 209
229 227
199 105
162 155
8 214
231 150
22 12
184 232
128 148
209 198
94 181
182 148
95 101
43 207
82 187
106 202
91 123
77 52
105 104
65 77
211 130
216 94
135 195
181 191
144 163
76 129
77 11
42 228
57 155
66 244
31 180
124 188
121 131
109 34
205 147
15 126
177 167
86 45
7 180
146 245
30 109
193 150
189 142
86 37
139 74
149 188
44 29
24 242
179 58
87 66
29 116
62 195
204 189
191 215
14 214
90 228
46 29
151 36
89 190
121 69
98 97
209 245
200 135
81 16
207 108
80 217
147 89
241 162
98 205
175 212
109 246
211 246
241 47
123 118
143 131
40 242
96 173
152 210
138 202
149 115
233 64
109 62
16 128
98 13
178 231
84 169
99 55
209 247
71 100
95 10
82 191
185 116
21 16
102 160
206 204
206 54
75 130
135 163
141 183
23 178
62 107
24 51
239 97
68 8
57 15
170 213
187 173
3 118
170 67
88 73
77 177
89 65
11 139
238 177
247 234
122 181
48 79
212 228
171 30
177 161
9 221
128 82
202 195
21 150
201 220
103 74
180 124
87 75
45 125
200 200
37 143
125 217
38 174
15 31
215 182
41 44
91 178
33 80
15 102
30 98
12 180
130 189
134 246
182 189
103 115
58 177
205 91
71 85
146 165
181 229
19 250
60 185
0 41
238 12
10 18
150 213
235 194
191 153
151 121
222 14
90 99
55 170
80 185
133 29
244 82
24 21
98 136
178 154
200 164
74 105
110 116
245 107
85 166
49 147
138 234
197 149
182 231
182 47
108 33
72 98
171 202
137 236
129 157
112 224
75 134
96 169
79 64
177 244
206 5
64 195
165 146
237 96
146 126
118 71
58 47
110 197
135 35
9 72
25 28
31 103
125 26
61 166
220 145
47 95
101 67
63 31
44 243
70 0
61 105
154 75
86 2
242 81
126 132
85 18
8 184
235 63
114 240
10 170
108 195
133 140
223 101
175 155
215 121
47 59
169 37
191 209
94 171
246 124
90 230
239 48
227 75
7 67
219 236
54 201
19 196
74 98
215 7
217 174
103 166
184 159
147 183
31 228
244 32
128 89
68 6
246 0
147 185
215 142
116 147
236 43
9 242
136 193
180 231
196 130
218 60
123 231
131 217
45 56
112 100
31 207
66 148
227 246
190 10
54 97
173 58
37 232
77 166
132 171
103 104
76 56
147 104
57 157
174 180
162 249
202 83
186 50
160 171
106 196
6 189
213 207
181 151
166 82
184 47
78 197
201 21
45 19
136 151
26 123
244 76
214 11
58 113
58 239
209 38
14 162
62 21
78 220
156 37
136 53
4 18
137 103
46 78
161 134
138 164
117 12
158 143
170 121
198 0
212 31
247 157
56 92
229 213
153 36
176 33
171 32
117 199
175 15
229 129
233 149
150 91
168 136
32 230
47 208
44 147
167 38
68 10
155 199
20 26
150 209
128 23
242 57
201 161
175 110
127 135
214 242
19 63
94 71
57 150
200 119
64 107
114 224
192 57
103 2
63 199
223 49
174 84
235 219
120 11
0 94
39 12
94 94
80 198
90 149
51 165
107 31
105 195
230 98
149 242
122 11
111 52
107 22
135 181
203 21
94 85
190 180
83 67
158 140
159 40
139 42
34 196
91 195
101 131
99 240
152 76
120 68
26 171
99 53
54 188
5 16
208 27
187 238
117 221
210 46
153 211
120 219
118 69
41 146
27 47
199 56
134 5
107 103
211 128
2 223
60 121
63 242
173 71
87 228
10 211
133 216
242 157
76 7
59 141
7 209
96 198
155 235
160 36
60 27
115 128
241 179
121 123
125 138
33 22
130 88
123 68
191 149
230 244
104 80
78 218
139 14
213 73
73 170
174 62
122 141
188 236
174 104
244 78
71 102
2 153
151 15
77 30
54 159
56 97
200 44
191 151
154 23
193 104
40 109
239 33
168 209
176 61
113 50
103 11
164 180
61 28
7 65
189 14
118 146
109 111
183 19
50 200
108 52
51 105
72 60
248 1
147 112
76 223
241 49
168 122
107 209
128 13
44 123
21 136
43 105
223 190
245 5
3 187
54 185
154 79
214 46
141 17
172 206
113 43
218 170
211 25
25 26
184 114
90 194
47 169
104 117
186 70
88 242
45 207
128 93
56 14
78 13
39 125
157 36
213 245
66 227
210 169
107 142
193 156
190 207
83 142
144 245
65 124
150 9
126 190
60 48
42 143
33 217
6 128
73 100
127 117
155 145
57 175
191 217
68 157
126 141
72 117
222 156
7 242
147 158
98 192
147 243
212 237
9 13
100 77
189 73
62 152
148 133
5 73
237 112
220 107
246 81
198 107
46 186
4 232
175 59
121 121
173 182
74 244
238 192
226 124
119 150
111 6
119 86
206 206
152 34
237 41
135 104
20 72
63 137
247 196
165 84
225 113
71 189
127 119
123 1
196 28
132 84
66 75
140 63
167 21
52 178
196 72
13 72
103 121
137 246
60 98
221 48
63 111
180 35
245 157
89 77
214 80
14 120
169 129
113 182
156 41
159 185
63 29
170 8
1 171
242 73
56 185
159 133
226 126
196 64
17 153
218 248
237 218
168 176
174 188
206 135
189 31
243 11
29 202
239 114
232 80
141 202
55 64
213 220
72 185
204 59
23 122
21 43
243 198
141 242
166 180
233 135
56 69
241 98
234 145
243 23
194 114
137 77
185 94
218 156
27 209
83 44
236 30
213 25
211 5
69 37
189 62
16 143
155 60
248 249
68 183
180 80
141 74
77 141
88 54
199 192
219 69
138 40
128 142
211 63
185 64
48 89
5 213
101 44
187 202
203 160
28 193
78 151
73 15
165 164
188 57
137 155
140 203
228 224
14 128
220 155
170 46
13 228
113 52
227 113
41 117
42 109
107 230
187 124
55 93
148 212
169 89
128 107
189 3
114 160
122 135
7 89
193 175
5 162
116 102
93 195
230 10
223 21
81 123
10 91
140 248
130 85
25 132
186 177
250 250
75 30
177 190
52 223
172 132
101 193
167 15
10 67
206 221
243 240
161 0
225 65
214 236
76 109
66 93
185 200
89 237
65 22
56 236
225 196
117 25
40 227
206 171
59 54
245 128
87 226
12 175
117 54
104 70
34 91
243 105
74 221
180 24
63 45
123 51
53 7
61 212
229 55
137 73
47 203
147 96
24 11
118 52
228 7
229 246
39 190
243 159
32 113
247 8
156 88
126 8
126 75
22 113
196 231
82 145
152 50
196 102
208 206
110 60
79 66
230 96
34 59
82 204
27 182
83 132
195 75
183 121
225 25
169 138
154 198
1 129
230 111
139 116
222 125
216 92
83 134
204 136
85 151
173 202
0 157
21 82
195 225
226 14
146 156
210 179
163 62
146 103
78 99
47 23
109 231
188 179
47 19
22 232
36 59
11 221
174 32
230 239
130 112
80 137
164 239
76 208
227 123
21 66
187 181
121 13
214 44
90 222
180 126
137 135
32 215
112 160
94 128
122 133
58 184
54 86
102 96
210 225
90 124
151 59
169 105
11 4
43 118
147 232
215 212
96 153
228 125
64 142
21 25
129 162
129 116
48 83
1 79
149 107
110 113
15 196
55 108
139 44
92 240
128 91
53 161
195 150
13 28
126 73
130 164
195 57
247 128
244 64
10 184
59 96
92 66
194 102
152 12
86 170
20 204
122 233
162 220
40 152
20 45
205 157
194 131
230 205
3 152
7 186
111 183
182 206
61 26
117 206
180 57
142 71
8 66
177 79
231 69
228 104
161 231
164 5
166 202
29 21
248 70
41 189
231 102
96 7
182 34
20 231
142 160
115 90
107 68
70 74
235 136
56 173
214 225
184 207
97 93
43 149
128 87
121 232
98 26
163 158
17 196
241 38
124 202
242 140
156 142
140 31
28 41
12 207
175 161
191 3
141 78
243 128
46 10
114 88
59 157
12 144
163 151
91 76
56 245
238 169
27 29
217 235
61 223
185 133
46 131
25 209
171 211
138 99
101 220
75 54
23 217
190 163
166 69
245 182
173 39
39 148
84 185
243 68
190 61
234 66
37 249
201 155
91 63
188 13
70 49
197 183
108 151
81 8
137 191
43 83
102 202
32 195
88 67
250 30
231 227
80 89
28 191
221 138
139 182
13 233
85 1
20 70
7 177
54 15
167 146
172 180
200 18
42 210
133 33
231 9
96 214
244 80
142 187
226 102
175 106
181 117
203 219
37 46
4 14
232 244
127 26
4 186
21 52
102 46
14 52
30 23
165 158
185 106
155 153
184 89
236 208
190 138
153 91
233 95
92 232
162 218
94 159
87 249
112 39
13 245
187 84
159 80
22 174
112 173
138 180
139 48
226 61
65 213
154 11
198 71
226 111
173 130
26 157
1 95
60 196
213 65
176 197
105 166
178 56
118 207
14 122
161 247
168 42
104 197
196 16
34 147
231 157
115 35
164 69
20 85
38 76
33 172
78 125
177 156
12 243
31 220
235 141
145 112
167 67
171 190
71 232
28 172
12 213
186 92
88 170
113 145
126 134
151 61
156 56
77 63
140 234
182 214
102 213
148 216
80 41
226 38
107 6
217 77
49 23
14 18
2 232
137 228
83 226
5 217
156 110
130 187
197 2
184 198
67 73
23 246
160 180
132 215
68 150
36 150
126 222
133 142
246 132
56 137
198 150
228 214
167 237
81 133
219 48
103 72
163 161
21 0
111 146
36 148
220 249
128 2
236 217
226 209
123 173
133 204
221 237
13 70
140 184
72 132
184 104
166 5
218 62
65 157
7 140
127 240
220 19
106 117
41 158
228 240
241 119
155 93
141 190
250 80
35 13
217 160
49 60
22 225
55 139
250 78
28 53
245 1
156 138
214 246
32 236
83 34
17 162
184 50
222 145
193 112
95 231
148 214
180 2
222 99
169 93
103 237
105 209
61 76
17 151
208 74
5 13
244 140
30 54
145 28
177 106
198 65
215 73
138 30
154 77
229 109
30 170
249 5
230 128
44 108
171 119
56 152
59 14
70 62
222 143
211 215
190 127
210 27
125 227
107 232
98 153
164 152
64 57
114 237
129 243
125 130
250 35
231 124
192 127
236 132
198 199
200 92
118 228
9 218
200 70
144 93
188 127
22 229
103 198
237 26
26 31
170 226
23 132
167 229
71 181
1 219
98 170
29 131
45 235
149 180
16 233
145 192
151 106
245 197
136 69
78 203
154 122
50 52
28 37
111 181
75 165
143 55
40 154
160 92
18 19
2 121
100 165
127 137
197 29
227 248
149 228
12 91
28 49
110 192
104 46
220 157
100 158
195 110
129 56
182 82
197 53
205 10
234 44
41 57
227 85
109 211
204 22
156 12
188 204
194 38
119 124
115 126
0 1
193 129
180 0
58 92
96 27
36 2
220 22
211 207
190 86
247 105
76 97
162 64
23 244
178 100
75 84
205 8
119 3
235 71
62 99
199 243
12 163
138 153
151 232
22 20
82 41
96 171
81 205
77 233
229 70
191 38
78 199
184 0
69 72
12 14
203 154
94 91
167 93
35 64
228 216
32 11
150 215
194 9
147 130
218 104
192 83
55 234
145 40
45 31
127 224
101 55
35 44
38 141
151 214
243 13
89 47
14 178
192 70
17 198
41 84
123 70
198 93
45 113
76 218
70 82
176 81
15 29
66 2
138 28
193 2
24 13
140 205
193 77
187 63
137 47
231 16
158 120
125 69
100 163
195 118
105 11
196 243
128 161
118 209
49 235
0 54
184 56
199 139
100 173
130 50
96 89
135 41
169 146
15 246
222 115
120 148
175 177
167 247
48 144
197 57
84 200
122 189
5 131
149 137
188 89
168 133
206 105
218 68
175 64
243 53
129 111
63 33
120 234
23 10
12 40
116 223
13 182
79 127
63 193
223 116
127 231
148 135
176 231
100 241
124 123
138 237
160 82
195 30
178 125
87 221
28 65
186 135
176 135
169 120
140 223
99 81
146 226
97 207
10 27
86 53
246 89
224 198
153 103
158 249
222 53
46 206
112 226
12 27
12 95
135 136
82 136
235 232
101 116
227 34
24 148
176 17
225 63
11 242
124 29
129 150
94 215
236 45
68 48
48 53
118 66
141 177
182 58
104 123
20 226
148 91
115 159
117 145
29 200
100 96
222 140
216 119
70 132
213 96
227 210
225 76
63 218
103 50
163 17
27 115
140 61
111 234
215 153
77 65
188 163
68 90
67 156
6 240
207 129
102 173
249 161
161 162
221 63
240 35
149 27
216 141
165 31
171 204
153 61
125 117
185 142
66 211
41 219
149 71
24 41
66 191
101 137
198 115
185 237
5 76
64 122
73 127
11 42
189 126
125 163
6 215
16 84
195 4
212 101
79 14
28 114
165 189
245 68
24 231
162 238
84 239
226 244
40 144
188 50
60 205
34 213
93 92
187 142
140 150
16 19
90 145
0 116
90 113
195 15
79 174
124 75
27 27
158 138
184 102
57 88
95 29
145 167
43 55
205 56
30 25
181 216
125 50
46 228
188 172
248 88
243 4
74 29
83 10
234 207
16 17
241 142
226 27
66 120
162 66
170 85
165 162
97 168
175 70
221 21
102 175
89 75
203 203
172 210
39 62
124 121
58 22
67 77
16 179
138 209
129 49
77 171
234 205
6 164
156 189
149 97
216 204
143 153
88 211
150 95
65 141
141 158
109 248
157 146
108 54
16 33
128 159
217 91
183 83
44 187
36 248
93 12
59 243
3 140
200 137
38 80
139 112
113 90
35 172
4 220
74 27
223 181
33 87
131 146
99 42
101 177
149 5
243 62
85 149
144 67
22 67
31 131
31 222
110 176
24 171
44 189
93 135
144 185
5 117
72 49
162 18
57 94
247 2
228 40
235 34
196 51
191 14
182 21
53 122
225 205
219 24
189 25
54 68
145 152
46 123
28 12
75 101
113 217
205 187
150 117
54 66
237 199
194 246
179 66
67 200
29 28
4 175
87 41
66 160
132 149
106 70
192 228
117 129
170 180
142 219
154 192
81 45
67 198
167 129
61 109
119 188
45 83
238 197
79 9
148 95
207 156
233 137
103 101
160 213
204 120
185 121
84 202
208 55
217 223
28 102
24 66
58 28
11 71
215 185
239 179
158 243
23 26
229 157
167 135
42 76
179 135
49 176
23 202
243 142
90 211
174 228
101 83
167 235
34 56
86 248
197 55
46 231
166 50
150 93
94 68
131 72
139 16
217 168
245 209
177 127
183 229
50 222
213 218
214 141
13 103
47 241
89 229
225 37
94 8
29 119
237 156
44 120
248 36
44 77
103 35
162 227
71 16
60 41
246 214
199 249
83 146
41 42
121 2
76 111
138 50
221 147
207 45
147 241
197 197
116 114
11 20
209 8
241 55
195 65
193 37
209 207
145 221
36 174
129 138
95 191
99 102
135 134
170 136
228 38
20 249
89 53
15 47
3 74
78 67
29 177
12 142
87 152
226 184
29 105
160 66
160 187
206 151
242 77
47 31
148 210
239 120
196 179
98 44
46 222
73 38
115 157
230 161
33 104
160 243
49 87
240 9
20 213
43 19
131 39
32 55
235 226
97 138
224 189
63 162
68 190
98 242
108 173
98 166
6 25
176 24
42 157
160 249
216 66
157 217
213 184
65 193
22 37
230 241
25 136
7 161
246 130
21 243
74 2
166 65
200 194
142 152
157 190
82 161
78 142
58 151
128 109
62 210
197 181
75 113
199 148
0 74
73 165
231 155
152 10
246 232
72 55
138 204
248 90
176 14
44 5
169 39
101 169
64 180
10 223
217 26
121 174
56 84
188 159
211 41
72 245
43 85
3 52
134 165
142 130
84 88
8 171
235 84
156 121
162 180
5 139
241 158
180 21
58 241
144 207
206 189
200 131
5 164
151 72
185 72
21 87
38 2
21 116
44 54
18 149
60 29
177 195
163 120
18 88
93 149
95 19
212 103
197 192
228 18
60 56
57 53
219 169
240 44
59 212
212 132
48 197
60 65
143 203
20 83
204 217
214 238
159 182
168 166
167 44
181 237
145 18
42 154
178 14
64 139
54 12
120 20
132 188
6 101
5 178
246 91
199 113
104 134
115 227
44 228
209 5
231 54
107 228
188 1
138 10
121 0
123 138
133 146
42 94
118 230
200 152
168 174
229 36
27 176
126 121
158 89
193 233
245 205
59 225
81 0
41 119
85 132
47 8
189 212
106 4
139 162
5 187
129 113
210 200
69 86
16 121
204 146
108 58
120 236
99 139
8 24
45 35
212 118
46 37
13 197
134 3
231 243
130 3
243 235
198 69
249 94
92 112
247 83
68 83
87 114
147 71
7 218
108 64
74 48
164 64
249 201
106 8
32 170
6 168
158 65
10 141
92 160
138 107
98 104
242 237
95 87
2 54
140 114
63 120
52 120
161 20
137 108
88 109
36 15
171 19
165 90
216 44
104 13
141 76
231 84
223 77
79 161
194 227
57 243
26 41
148 25
119 161
197 229
66 142
158 145
194 165
115 145
221 196
60 107
145 95
42 227
233 87
70 239
108 4
235 143
209 25
96 192
164 19
152 92
146 114
70 104
34 10
99 46
52 119
244 181
113 48
39 206
75 63
0 185
87 0
236 206
184 148
250 96
181 232
244 30
49 229
28 106
241 33
182 32
249 153
183 161
160 217
231 148
140 107
183 200
159 169
147 132
160 215
201 218
104 126
177 115
249 3
146 105
73 10
59 94
237 122
59 147
90 192
186 68
3 219
240 22
52 172
138 12
241 121
125 119
195 229
215 134
231 210
76 230
191 233
243 0
235 202
211 37
84 55
238 157
15 216
93 70
93 158
244 244
190 226
121 26
215 82
162 222
185 66
134 214
50 5
226 180
152 192
76 34
115 130
206 102
177 165
93 231
0 37
45 106
143 158
242 22
35 169
11 12
172 67
11 93
99 116
211 198
96 17
106 140
154 53
161 152
39 0
88 227
35 55
82 39
159 135
231 248
59 79
14 141
40 76
95 69
13 42
127 50
155 9
21 205
250 114
71 88
58 186
3 230
175 139
224 10
165 34
61 95
153 54
206 149
119 171
183 234
177 177
223 24
224 192
86 35
186 236
92 128
34 170
113 239
39 188
166 46
164 154
8 14
57 179
28 163
246 236
36 244
176 154
103 128
245 150
96 205
197 48
175 79
152 42
62 139
211 95
29 48
129 58
151 4
28 223
163 240
185 175
234 139
31 39
166 187
112 243
146 136
120 84
146 230
19 90
4 177
7 73
52 198
141 19
155 133
132 165
37 125
35 144
177 111
31 120
194 69
246 151
22 148
193 8
230 229
67 31
189 174
170 209
81 43
143 167
207 169
145 184
221 100
88 145
77 15
249 120
37 44
74 17
232 219
119 1
147 152
110 95
19 183
100 35
101 129
209 131
210 127
218 7
188 135
65 163
99 193
142 244
113 215
241 113
219 141
40 140
98 174
184 68
187 129
196 185
176 163
234 203
183 244
137 105
244 215
181 128
14 45
163 90
155 91
67 181
71 53
204 92
45 76
250 33
224 97
250 55
175 83
89 223
97 88
32 90
46 4
143 243
220 139
140 221
6 174
128 80
66 108
237 62
167 95
208 216
220 120
210 74
19 61
205 137
232 44
179 229
0 223
206 22
198 230
244 213
76 207
85 16
186 4
239 171
102 127
231 230
47 148
33 180
231 56
74 11
72 125
81 138
173 211
241 12
100 97
22 204
225 109
220 197
154 87
101 218
242 242
131 162
27 192
43 31
15 81
59 206
250 187
194 58
157 153
26 145
20 80
129 220
11 38
66 158
78 97
71 237
143 191
6 211
209 10
87 77
229 225
22 172
235 209
161 178
157 39
96 25
4 245
95 206
64 211
230 82
79 3
60 113
32 151
187 3
248 57
183 48
26 54
221 141
118 236
188 138
213 234
145 231
148 31
71 228
62 197
131 174
58 215
128 78
126 5
214 117
199 176
43 219
46 180
126 171
42 152
98 203
53 165
63 75
6 231
249 7
165 193
159 230
18 45
148 121
172 87
203 162
177 58
101 248
25 88
246 21
56 57
179 212
116 70
201 85
93 147
192 72
73 107
222 176
76 78
138 178
174 81
117 89
10 54
138 137
217 227
68 92
110 97
223 75
54 5
238 207
35 146
23 39
220 240
73 0
230 215
113 156
230 14
27 161
237 190
2 6
18 147
139 101
154 110
229 100
211 39
15 229
171 65
207 173
170 200
59 223
47 230
155 194
77 6
160 184
83 122
48 183
45 40
229 86
133 247
95 189
56 16
102 65
79 54
223 17
65 153
243 9
212 176
102 105
6 166
157 90
74 219
138 53
193 30
138 64
27 104
166 233
173 37
27 132
103 111
209 167
157 108
12 69
137 33
145 228
108 20
78 42
116 100
193 15
1 199
227 36
163 225
225 78
136 28
191 27
95 183
247 35
165 67
90 111
116 156
112 177
222 62
163 20
53 3
177 233
138 129
210 42
22 247
23 117
157 233
148 128
114 226
178 117
49 78
18 248
39 249
205 155
8 134
131 15
48 51
100 160
14 207
185 52
56 156
75 217
170 127
222 123
27 61
148 40
239 162
68 75
85 92
236 158
34 149
216 217
106 108
172 188
61 30
191 182
233 209
139 154
72 104
196 132
151 228
52 217
5 191
200 230
67 124
6 14
44 75
63 19
57 213
115 222
189 154
219 20
43 42
181 225
95 21
112 37
232 205
80 135
214 27
183 238
142 31
175 75
173 19
20 246
242 160
23 115
170 206
84 194
34 1
139 227
168 107
174 210
153 105
9 93
119 70
83 91
236 192
37 66
249 92
90 226
146 94
87 223
134 205
146 154
111 158
168 5
23 215
11 96
182 56
90 249
0 120
52 221
147 116
190 34
85 224
212 94
131 137
114 45
10 214
243 233
147 4
8 102
144 223
54 199
159 224
79 172
4 100
132 213
11 248
96 159
189 64
189 234
10 95
82 216
166 118
245 59
111 156
169 21
144 129
47 220
41 208
191 129
181 246
138 79
108 147
82 201
215 206
167 120
99 219
244 70
101 11
97 155
207 208
26 10
135 26
239 1
168 19
3 243
137 226
109 73
195 175
73 218
235 130
143 18
43 218
103 217
116 218
169 123
48 56
117 162
73 36
117 127
7 132
214 9
71 247
135 216
101 167
216 155
86 120
196 194
249 82
83 150
77 81
126 218
41 125
32 107
72 17
15 197
95 157
244 19
221 50
69 52
128 164
135 197
22 29
72 27
174 141
202 189
31 76
29 35
184 189
208 4
249 185
211 72
183 150
71 167
66 7
166 91
89 147
151 51
196 168
235 178
233 246
233 178
143 79
0 81
196 151
58 139
224 102
241 115
66 150
97 219
102 80
219 99
13 1
21 123
190 56
178 34
30 9
18 135
45 220
152 208
32 184
30 209
145 133
81 147
27 119
101 195
157 163
8 240
100 247
64 21
23 144
141 43
45 148
33 89
25 246
38 153
196 92
74 230
38 64
48 233
147 102
106 148
245 3
125 28
249 118
187 133
113 41
102 48
163 84
208 70
174 175
231 246
239 155
17 216
189 27
160 226
1 243
109 145
42 249
2 119
80 146
169 3
231 64
216 157
206 227
212 199
155 125
178 68
239 112
238 30
188 33
56 12
159 173
116 112
123 76
115 14
54 172
23 61
184 144
159 245
171 146
209 249
98 215
99 11
164 9
224 111
94 227
64 241
13 124
172 117
104 4
165 237
126 108
7 115
103 87
150 26
237 33
187 48
174 201
241 71
173 22
80 196
217 43
185 123
63 27
14 37
10 25
157 43
125 54
106 33
155 108
30 11
185 100
142 73
192 17
55 58
112 98
160 211
141 235
162 163
71 130
183 105
94 208
26 134
138 32
216 225
63 80
243 75
187 158
163 156
157 247
241 111
114 174
210 93
33 54
41 28
22 27
43 186
157 134
184 205
218 239
92 227
78 79
159 116
133 148
43 25
164 108
94 233
64 226
174 6
237 73
144 63
123 122
242 20
191 40
59 214
215 65
133 201
12 46
86 241
93 166
85 168
138 66
42 29
25 182
77 127
17 47
146 223
17 130
205 191
139 246
40 243
61 14
115 216
134 70
157 168
95 12
98 158
55 95
177 212
6 182
145 131
233 180
218 215
15 124
14 180
172 21
249 40
45 239
109 155
198 118
210 81
248 152
229 53
116 72
13 205
30 112
94 173
62 46
25 143
140 179
229 105
192 231
74 61
106 64
104 86
62 57
22 249
127 220
2 170
63 23
57 148
140 13
57 96
119 163
103 67
144 151
208 171
114 68
97 30
230 188
0 198
78 28
110 149
114 99
110 243
142 208
69 77
160 209
24 134
173 226
229 112
142 189
115 238
219 103
150 7
125 52
32 23
22 89
79 133
130 155
163 174
231 20
149 139
13 126
79 108
66 80
38 244
217 24
206 1
216 243
46 127
187 93
50 178
210 103
4 104
84 190
115 220
97 21
163 189
56 187
224 26
93 10
4 154
17 1
64 191
16 45
224 174
95 196
119 215
62 129
90 97
132 186
129 51
99 243
156 76
100 201
19 87
8 169
9 182
47 57
186 90
214 13
163 229
159 220
194 73
15 54
133 25
167 89
126 3
166 42
13 247
24 64
157 192
30 194
192 29
73 85
86 211
75 82
58 13
24 89
203 41
135 43
214 144
85 143
214 210
196 114
1 52
104 106
234 79
233 125
54 168
17 83
216 222
98 79
166 200
231 189
141 108
5 180
24 174
51 7
197 249
173 66
85 220
127 59
128 242
117 172
128 189
138 118
102 241
218 217
112 179
81 84
157 79
58 24
128 73
114 47
231 41
141 27
78 135
129 75
230 151
172 147
76 28
149 51
71 14
47 25
45 92
77 54
75 65
167 3
15 56
178 108
224 115
182 126
145 243
110 172
103 15
9 103
20 191
59 182
111 179
143 221
214 83
84 131
205 101
69 238
174 132
218 225
140 65
45 58
23 176
192 12
228 102
91 70
147 27
48 37
172 228
143 183
59 137
199 133
105 102
3 76
212 74
243 206
18 119
72 234
60 241
96 86
206 218
72 109
49 145
164 82
127 217
182 227
82 199
142 51
133 163
0 153
130 160
237 136
55 106
87 51
162 214
215 96
39 157
27 201
23 205
57 203
19 43
183 216
248 107
114 97
161 90
23 120
43 140
15 182
155 43
166 228
194 213
17 81
126 241
188 16
238 180
37 78
180 249
167 48
100 9
171 40
140 207
0 7
215 42
119 8
130 13
1 229
244 148
48 207
119 180
81 158
142 29
92 215
46 243
237 98
242 64
13 56
249 54
44 237
45 117
174 112
105 121
42 33
155 89
0 39
148 187
164 223
150 226
26 48
44 211
11 197
122 183
241 10
95 93
57 146
21 145
16 212
243 204
57 111
158 41
101 94
87 112
168 68
103 196
223 196
165 3
171 178
100 112
135 32
138 207
179 189
200 84
43 188
110 20
20 135
81 149
80 162
66 183
249 72
226 189
29 161
39 78
18 232
213 40
170 148
81 65
124 229
243 182
137 149
96 34
161 174
140 160
33 250
180 33
47 87
13 231
147 106
60 43
105 48
101 81
77 205
94 137
80 125
81 127
136 180
216 117
141 200
71 39
162 82
190 63
71 183
66 106
88 247
178 32
8 141
145 162
246 70
244 57
58 236
5 184
150 211
9 116
118 174
179 195
202 165
171 208
55 88
97 28
36 141
132 2
115 207
197 116
48 205
127 173
250 218
92 45
13 54
79 205
219 64
61 44
74 129
109 68
41 200
3 97
223 178
209 72
229 248
79 250
184 58
241 24
43 44
200 55
96 84
96 208
8 62
224 52
194 179
53 219
11 126
19 65
230 126
207 94
30 90
88 113
206 93
175 127
165 198
29 26
132 6
127 110
26 173
42 96
146 42
195 2
16 79
249 220
83 221
199 20
213 78
174 60
2 1
216 31
70 84
112 44
210 70
162 184
63 153
27 159
87 144
10 11
189 210
169 29
214 132
191 8
1 31
12 3
168 172
13 226
203 148
173 134
140 11
74 109
175 57
26 21
140 164
92 18
61 111
21 217
174 206
212 82
218 66
199 86
237 71
126 106
111 36
1 77
238 40
165 229
189 214
74 34
210 209
63 141
22 134
57 80
29 181
190 32
65 155
217 135
25 177
243 146
8 60
197 176
2 186
207 137
213 152
56 86
0 221
100 171
80 194
81 160
208 127
87 38
105 37
111 17
70 18
66 5
120 204
31 111
46 21
53 174
39 56
29 230
93 101
144 74
181 149
119 201
231 71
31 89
57 43
50 231
48 132
2 127
187 234
73 113
44 81
123 187
111 144
203 164
66 91
61 78
82 163
100 212
54 70
13 35
77 32
133 11
20 149
199 146
101 199
201 19
193 74
50 80
124 222
133 136
109 3
40 217
203 240
50 161
241 124
242 66
0 200
47 195
65 242
74 74
6 133
175 133
108 109
128 99
240 57
178 65
245 34
226 66
63 78
114 66
32 9
170 87
146 64
19 143
112 15
68 94
235 200
236 210
8 98
138 114
208 53
139 192
160 219
100 48
225 67
132 4
128 155
145 43
141 15
190 140
25 104
93 236
185 140
218 28
244 155
86 55
114 81
130 94
218 158
80 200
124 226
68 1
168 91
201 157
233 34
66 180
133 242
167 124
122 235
201 146
87 33
20 28
55 203
167 30
164 221
244 61
41 21
148 117
52 104
21 182
218 246
6 99
149 182
83 148
137 116
82 197
106 211
234 218
164 248
30 183
128 4
165 1
93 178
212 43
108 8
80 203
186 159
109 229
62 216
36 123
106 208
34 66
63 215
131 139
225 185
10 168
62 226
76 169
95 177
199 67
33 12
206 223
198 132
105 15
198 52
236 134
240 66
235 61
128 7
66 9
190 29
161 145
145 158
220 8
20 68
11 245
173 224
245 84
20 147
187 95
195 112
155 106
130 8
248 244
110 147
233 85
248 52
240 73
245 72
196 247
73 246
36 170
157 245
152 122
225 187
107 71
134 128
35 87
74 83
146 129
98 22
221 170
60 23
116 166
229 149
193 214
128 133
147 224
179 22
155 104
28 97
76 114
248 130
188 131
175 229
128 84
52 163
60 210
90 46
70 243
56 144
21 18
116 104
159 162
213 42
206 110
197 113
47 125
168 87
132 93
179 43
96 216
126 165
26 241
229 211
135 226
190 250
41 139
119 5
100 92
43 57
200 232
130 172
149 103
245 62
92 121
119 26
239 118
10 44
217 137
10 216
211 10
45 115
49 171
42 123
143 201
211 201
117 0
190 172
214 75
242 181
1 75
141 162
7 130
32 53
56 189
247 123
58 45
93 197
112 175
35 156
123 25
120 230
11 205
147 181
170 173
55 175
76 135
36 62
31 201
32 193
59 111
192 86
32 81
157 77
151 115
105 74
177 60
102 85
46 142
22 41
203 138
105 44
229 41
163 7
54 221
176 101
94 14
117 227
137 195
99 130
124 132
218 9
12 165
201 244
51 59
108 207
11 195
239 99
38 149
75 76
15 227
52 200
184 91
236 169
31 105
94 99
41 150
177 75
94 179
32 78
123 136
37 13
205 20
74 117
178 21
225 104
7 16
43 114
129 174
105 110
176 74
65 198
65 178
178 193
218 241
9 76
1 55
63 201
110 38
229 19
246 103
62 241
54 121
91 48
105 31
18 185
209 12
4 189
176 204
15 177
12 57
133 92
44 226
146 17
146 107
76 216
19 145
33 61
146 92
29 159
117 86
171 34
92 100
170 91
34 234
8 128
100 214
12 44
147 125
154 51
227 186
233 70
118 88
99 207
45 8
10 166
198 84
25 115
171 6
150 230
226 207
19 39
229 124
125 224
234 228
153 93
239 190
56 67
6 91
157 219
155 136
63 125
207 47
172 4
7 126
35 57
218 120
112 241
73 59
175 190
223 63
199 49
75 10
142 66
74 225
191 211
148 226
16 214
176 108
134 200
156 167
121 180
166 250
201 138
41 121
209 196
78 170
240 156
36 152
188 71
74 55
29 165
105 238
180 214
131 219
30 192
50 169
22 14
58 66
47 41
22 71
168 46
233 220
140 250
179 243
137 131
96 23
62 121
27 205
119 21
236 204
220 62
96 113
134 202
199 196
184 227
89 151
47 140
74 103
29 88
18 121
34 78
166 148
213 142
91 213
174 36
175 179
119 126
169 202
224 143
118 217
209 107
19 81
53 63
185 86
127 157
25 194
113 205
116 10
91 126
180 41
243 139
2 101
64 109
106 10
239 46
115 53
217 208
157 250
173 8
130 158
94 18
247 6
197 242
237 193
63 25
240 170
15 130
170 130
47 239
197 86
118 11
98 172
106 150
114 39
44 33
145 125
216 194
237 226
201 59
216 133
86 79
176 227
30 163
98 33
245 207
93 234
128 97
50 54
37 207
174 77
196 90
61 164
142 150
170 175
169 125
28 183
61 100
210 177
78 175
187 55
69 181
241 45
9 209
22 84
215 208
174 135
120 206
165 235
207 9
216 106
12 140
179 151
115 43
8 233
117 2
46 146
223 12
8 211
16 228
216 144
129 77
88 121
185 74
89 213
3 4
219 195
89 244
213 247
107 206
223 147
30 52
178 80
247 121
247 68
68 79
218 154
225 8
142 64
117 164
150 73
19 133
51 176
97 244
0 189
92 94
98 31
156 78
143 162
198 152
246 238
116 236
8 244
94 27
229 167
103 130
245 105
98 113
185 96
92 125
85 64
189 232
215 24
32 37
47 35
73 130
70 190
58 90
191 36
8 167
60 10
129 60
142 185
165 7
11 0
159 234
155 55
191 213
154 209
246 57
237 144
132 97
215 175
20 118
183 100
93 213
218 172
24 207
43 0
26 169
195 183
23 16
196 6
225 35
23 87
212 45
79 1
32 102
100 133
243 33
72 47
77 173
243 211
47 244
78 201
232 37
177 102
19 193
203 26
93 156
137 100
194 244
40 29
29 121
135 141
180 113
21 133
244 144
119 238
103 82
13 30
169 211
108 56
238 205
33 83
223 113
27 39
148 6
70 245
146 163
165 15
216 239
7 77
85 41
222 19
136 129
118 211
56 42
164 66
0 70
61 24
186 206
176 68
100 21
227 16
28 22
186 227
145 16
1 187
215 203
155 191
224 124
164 122
124 233
17 133
242 69
201 242
241 250
105 29
74 13
6 103
116 208
72 74
232 139
247 150
131 37
87 17
247 87
131 35
31 234
5 129
218 194
173 79
68 123
163 31
192 131
50 143
14 164
75 99
199 154
22 73
218 19
175 19
69 188
184 81
165 120
116 225
103 84
106 106
142 233
55 158
67 242
165 226
20 198
84 90
76 80
150 180
125 71
112 96
48 6
129 118
238 35
206 112
58 68
103 239
4 171
103 119
101 76
33 220
203 187
7 92
122 201
208 2
233 123
167 126
1 72
157 173
110 53
244 231
53 202
14 33
215 223
247 92
197 105
11 73
237 216
10 207
135 102
25 120
228 32
214 31
148 93
87 166
50 38
65 79
66 225
85 138
104 17
198 185
28 242
90 109
46 233
198 247
75 57
203 151
157 235
234 68
187 136
139 27
89 115
201 27
234 233
144 30
223 236
159 241
79 11
211 183
59 208
82 220
25 60
181 235
174 34
194 152
99 245
181 239
165 178
197 178
91 65
121 22
15 2
203 156
6 233
18 234
41 206
193 67
201 239
28 207
44 90
11 106
21 39
142 204
200 23
53 60
106 146
233 62
76 164
113 17
208 224
48 231
238 159
199 198
144 188
77 96
130 96
212 80
220 217
159 147
169 247
249 157
34 218
217 219
190 70
150 40
89 123
110 5
143 20
89 221
84 120
126 229
132 86
61 80
236 97
150 13
89 144
187 15
55 80
249 84
114 15
134 27
65 126
101 243
164 227
3 16
157 136
99 94
74 233
147 44
21 196
4 166
156 22
183 146
37 147
172 85
113 35
220 67
167 28
15 231
26 50
218 118
28 51
244 21
59 149
75 5
192 180
45 183
140 201
84 241
207 6
213 186
87 168
201 41
31 199
41 148
46 99
109 36
123 3
224 180
242 239
105 72
162 210
197 134
43 92
119 186
224 23
212 84
175 173
164 33
116 131
108 116
2 103
63 212
10 65
116 173
152 212
25 216
42 205
175 72
227 226
33 168
63 239
184 125
192 103
74 125
41 107
25 205
129 191
105 35
148 222
34 62
232 152
167 164
12 223
200 191
110 194
142 169
23 183
175 23
133 36
102 246
130 5
37 1
245 211
0 118
129 136
137 75
174 137
159 218
128 95
223 15
219 137
229 34
176 210
35 80
23 28
213 201
95 229
92 47
162 216
166 191
120 66
130 83
174 17
61 137
204 215
182 124
247 4
202 69
102 165
62 205
90 241
224 105
182 119
146 62
66 82
65 215
3 65
45 25
180 163
91 147
159 222
114 33
208 102
214 119
139 46
181 19
171 71
63 55
229 16
164 160
120 184
199 117
229 186
63 155
112 46
61 207
120 133
7 175
200 166
247 59
34 215
109 209
84 40
232 66
87 47
225 176
182 24
215 33
20 233
128 219
171 42
137 26
160 154
226 193
121 82
7 138
176 137
132 74
111 50
232 191
114 178
199 228
117 6
54 62
126 188
103 221
26 52
174 21
78 56
239 116
32 182
137 210
31 216
214 94
188 85
175 199
128 25
87 150
90 44
68 192
178 36
205 96
179 245
35 61
161 63
144 160
210 44
62 209
5 219
140 110
215 26
211 174
117 81
43 202
49 94
185 84
155 233
69 241
118 165
53 170
4 173
246 248
4 102
50 163
69 88
221 104
162 70
136 212
54 104
149 60
77 139
153 56
240 197
142 107
67 29
156 14
18 100
158 232
83 165
105 66
119 232
216 210
90 67
76 74
64 244
147 228
33 109
248 159
99 137
102 171
82 240
213 29
244 250
109 18
47 77
203 10
46 80
57 181
228 212
114 218
108 66
93 20
8 26
232 68
6 176
48 128
250 155
233 158
235 180
14 212
191 125
110 55
176 159
8 64
140 41
190 72
191 224
216 8
213 130
202 163
176 77
166 13
31 165
194 71
58 153
146 121
136 67
56 177
179 79
82 37
228 169
223 141
19 217
84 38
156 248
49 203
17 183
57 238
176 188
208 45
162 143
233 146
179 111
65 30
221 102
182 17
46 55
195 68
178 152
133 15
75 36
208 109
72 83
195 192
124 190
104 108
242 231
58 11
99 132
184 4
177 246
146 30
133 85
189 181
210 40
229 68
178 163
227 70
136 208
76 225
26 63
160 143
50 217
160 223
163 68
229 9
185 146
116 175
138 249
193 229
149 184
33 111
15 35
41 0
79 166
12 240
123 131
128 140
191 229
138 193
36 234
121 237
81 53
16 184
26 243
65 32
217 100
133 40
190 12
114 101
139 108
12 183
153 194
234 192
90 121
83 228
186 204
94 16
168 131
85 249
22 35
90 214
160 176
30 232
112 113
3 55
2 18
132 240
155 119
46 237
185 98
108 112
174 73
14 58
234 36
131 30
221 117
216 27
242 79
44 7
222 23
233 211
0 122
19 67
39 208
107 110
216 245
188 177
0 245
30 185
132 13
233 230
69 114
198 50
241 68
160 64
80 219
34 152
100 191
61 239
60 21
248 78
244 130
142 62
179 216
29 39
132 70
215 173
27 121
127 46
136 214
8 94
58 55
167 178
177 199
184 79
185 161
243 71
144 72
110 151
73 102
190 236
128 172
11 104
70 2
34 183
216 75
137 182
94 89
224 194
98 35
235 157
135 247
152 196
75 107
249 197
83 144
238 45
127 114
105 119
140 50
149 186
67 178
169 235
76 220
153 58
48 39
158 164
14 43
98 134
195 104
72 220
104 203
162 153
232 207
239 24
193 182
22 227
29 8
246 53
95 167
92 14
59 180
239 55
13 249
207 11
210 85
103 219
239 123
146 134
108 118
69 50
98 160
170 132
0 57
25 9
91 238
24 30
57 59
146 215
3 129
224 50
246 155
46 182
6 170
27 99
225 242
187 140
145 180
225 182
154 41
45 185
215 234
216 236
173 179
224 107
12 225
30 242
46 53
193 3
75 3
144 41
119 101
3 155
225 191
