209 36
216 171
43 110
42 54
25 47
151 88
56 182
121 137
190 162
183 123
217 106
194 177
168 127
38 55
48 9
59 153
177 70
210 100
182 165
241 230
226 127
25 99
43 209
125 46
67 227
60 237
106 37
81 151
103 201
202 193
3 19
101 104
216 169
114 49
15 131
45 168
20 119
21 69
60 215
168 178
103 132
2 32
192 226
76 152
165 231
244 162
212 177
83 167
25 204
46 204
133 134
166 108
48 93
32 121
157 155
157 175
3 94
95 196
44 22
226 120
80 12
118 220
136 137
50 171
58 155
174 191
202 159
194 13
12 1
4 217
120 175
245 22
197 92
247 32
28 19
30 37
118 5
178 16
97 91
52 61
44 24
30 113
107 152
217 143
111 196
205 24
76 32
80 150
111 99
224 63
20 195
80 2
37 243
23 136
3 172
175 207
76 114
30 203
195 168
220 214
149 90
113 158
131 246
121 171
44 132
233 143
27 117
135 30
197 4
22 196
117 238
39 151
173 83
47 97
229 18
196 66
98 82
40 45
97 182
220 170
148 29
121 201
106 84
62 244
8 103
68 81
224 187
149 11
114 114
42 19
121 217
171 89
140 76
142 46
192 163
99 111
133 72
17 144
182 0
6 63
213 133
72 114
166 198
199 163
123 27
16 141
160 221
38 57
88 240
125 77
4 128
127 191
20 42
0 41
185 225
49 98
198 241
49 81
125 220
157 117
190 31
193 91
63 162
239 12
219 160
63 197
233 42
20 17
41 187
167 15
74 135
218 101
42 116
17 142
133 218
145 68
207 132
188 227
250 75
203 23
87 49
116 148
43 121
95 103
230 106
245 103
168 108
66 154
138 105
58 64
183 92
15 103
224 20
127 53
8 14
243 233
183 187
206 57
190 84
208 0
236 118
195 181
12 172
124 31
238 71
49 96
87 213
74 40
164 249
26 174
163 31
140 29
236 120
122 125
101 79
182 237
91 236
130 171
83 219
42 34
129 54
224 125
52 30
45 219
37 155
226 106
84 44
2 117
116 161
32 62
195 0
103 168
56 201
65 128
35 85
28 245
83 63
219 47
25 39
177 230
198 136
166 49
143 166
207 103
236 195
212 204
165 82
52 107
210 29
32 198
145 200
57 233
223 104
221 119
30 157
114 177
149 119
60 225
51 220
146 138
94 98
58 100
51 82
106 86
129 99
41 106
70 230
228 155
127 122
118 200
21 88
82 55
235 211
71 112
234 149
84 222
180 153
238 119
180 16
128 244
116 88
51 185
149 62
124 124
227 9
119 10
204 103
48 5
2 155
171 138
91 68
136 204
168 6
205 152
49 198
226 166
167 122
7 213
167 200
199 167
56 65
30 26
100 13
47 82
113 112
92 229
31 77
92 98
25 54
232 229
246 148
2 41
212 12
37 173
3 98
157 172
30 133
154 202
146 160
235 138
129 97
48 179
190 158
190 1
214 29
89 78
51 169
232 97
20 184
139 110
63 7
45 41
216 10
77 83
6 74
152 40
46 172
44 204
114 116
188 130
155 123
190 35
6 115
215 152
51 7
208 222
73 37
191 235
70 90
65 190
158 0
206 95
167 248
63 225
47 130
143 43
32 83
12 176
101 33
100 105
207 227
32 176
138 49
63 128
184 6
74 163
33 219
21 215
133 93
183 226
28 63
38 123
76 59
111 242
213 181
102 78
230 6
22 119
141 225
200 219
210 82
107 204
63 166
32 168
126 30
190 150
218 217
217 79
116 208
237 180
143 170
151 90
173 62
228 245
107 35
203 85
230 44
119 125
147 72
26 65
156 139
97 111
65 27
218 92
151 41
152 74
84 36
26 101
111 57
97 80
195 228
87 124
232 82
99 163
142 133
201 148
114 37
24 62
234 82
219 238
49 29
15 247
127 111
183 191
124 73
130 40
77 106
43 99
137 51
124 49
8 163
8 216
81 217
130 38
108 107
126 32
26 245
9 116
13 174
191 177
228 182
149 41
173 69
15 16
193 38
115 81
116 98
217 64
242 35
66 162
173 207
133 246
134 42
185 132
106 112
55 124
243 128
131 142
194 11
55 154
117 229
209 218
116 203
160 239
207 243
186 6
74 115
2 115
100 167
119 201
129 91
96 155
120 89
122 67
99 161
92 128
225 183
211 27
102 13
250 131
164 107
46 184
16 119
233 132
200 57
0 152
43 202
145 190
31 172
159 119
204 121
230 158
32 174
77 57
129 246
231 87
28 174
231 37
225 108
165 192
238 31
130 8
78 145
206 3
164 166
108 63
173 42
218 184
48 181
101 174
22 147
76 174
173 17
13 104
46 38
185 57
71 1
105 115
157 164
70 227
97 103
131 90
123 202
123 142
97 11
35 12
234 189
237 27
117 66
25 169
50 30
26 212
219 105
26 208
211 143
187 66
189 156
214 215
186 85
239 96
107 74
39 242
78 207
140 104
206 173
67 152
49 161
103 199
132 138
85 109
240 2
110 175
18 42
126 161
65 33
225 18
2 221
112 19
90 219
140 245
18 155
245 242
10 243
35 231
24 38
162 86
161 163
177 196
46 74
39 248
184 135
197 189
44 142
208 48
30 50
117 83
84 188
197 244
25 121
124 6
148 123
13 194
136 65
165 188
81 99
59 45
192 223
245 60
249 121
3 17
216 186
96 46
82 140
129 140
47 19
110 46
250 185
234 201
74 168
130 74
160 177
73 62
75 137
88 41
49 27
188 174
175 226
152 234
108 141
40 43
42 222
209 93
104 2
226 32
167 17
124 140
72 35
49 201
120 149
62 214
227 7
56 121
207 202
81 122
119 82
126 226
64 80
104 6
87 209
227 111
76 76
108 236
173 34
248 217
104 142
214 221
44 222
31 21
121 187
75 126
213 135
50 221
163 146
197 166
85 146
72 75
214 219
9 135
166 163
171 129
121 24
54 125
63 207
162 186
37 176
203 25
84 226
109 22
146 187
77 167
194 16
159 155
53 94
230 240
99 135
105 204
186 100
179 115
21 61
99 30
37 145
115 51
45 170
171 63
134 67
160 229
231 42
170 32
4 132
128 222
214 176
211 202
177 36
76 2
94 168
77 66
203 216
217 226
171 118
173 8
143 76
81 10
29 100
231 35
54 120
69 198
209 111
47 145
206 100
22 245
85 204
114 14
243 208
166 29
174 202
125 172
29 244
229 153
75 128
120 182
204 203
79 83
160 85
191 33
153 232
123 47
171 37
183 115
30 121
89 69
209 104
217 22
49 58
245 153
228 241
55 55
132 248
147 114
150 104
156 202
16 231
108 114
1 96
75 232
35 154
147 61
197 195
68 244
51 174
64 108
212 10
71 250
54 77
179 23
159 90
93 96
47 141
213 6
213 174
174 87
122 226
81 131
0 248
172 139
243 122
43 112
216 30
39 146
8 165
17 102
132 244
140 177
226 109
217 139
5 120
55 89
85 144
10 131
12 29
204 58
55 146
245 121
124 203
82 90
213 8
249 32
23 53
207 175
183 2
215 122
241 198
48 236
141 207
128 57
226 70
179 248
62 31
149 72
109 70
89 239
85 34
124 33
209 83
82 242
158 166
68 54
139 74
203 117
92 242
89 49
107 144
225 207
197 104
202 56
179 17
146 5
84 46
19 84
160 232
185 53
81 241
55 44
207 220
17 100
34 195
242 144
202 58
162 178
212 208
101 120
207 245
214 75
247 219
178 67
220 98
97 156
233 191
48 199
144 177
40 47
55 135
145 150
19 26
104 9
243 153
214 244
3 179
241 117
21 59
233 84
104 113
173 204
184 117
119 23
216 204
162 92
97 192
87 63
207 105
230 39
130 88
33 179
144 28
151 8
55 60
173 64
164 92
192 56
85 40
33 199
26 194
159 184
78 43
185 47
73 72
58 204
106 163
51 202
127 162
13 17
190 152
218 48
195 245
146 123
197 175
238 195
245 86
198 72
181 115
189 137
92 17
91 111
147 119
73 56
188 162
14 133
210 217
144 52
242 196
231 52
134 198
61 54
10 104
57 98
69 159
127 24
14 39
241 241
24 248
83 3
40 123
217 46
111 153
60 154
13 11
68 200
98 213
191 68
186 80
177 158
143 74
174 24
171 200
219 162
92 131
99 220
94 161
73 11
235 87
151 15
97 162
132 199
152 103
104 164
181 44
100 244
169 95
67 3
166 186
222 106
89 194
231 8
10 172
140 230
79 143
182 42
215 77
159 36
82 42
228 188
70 168
153 124
112 89
140 234
139 151
223 50
72 168
173 36
87 110
145 155
180 228
239 198
143 172
79 16
60 244
134 139
19 78
4 2
84 65
62 66
227 69
231 212
117 102
33 112
102 215
116 13
25 116
232 189
205 149
188 102
77 137
240 182
199 51
19 215
202 40
15 226
189 59
99 114
152 78
58 41
125 136
192 212
129 146
222 197
113 146
43 169
186 199
32 85
6 141
143 206
30 223
237 35
193 9
103 238
179 193
57 25
209 3
225 74
17 160
32 236
193 224
32 200
33 232
45 121
162 212
198 130
55 42
237 173
42 93
7 119
73 223
39 12
235 230
224 35
185 97
76 96
100 118
168 147
75 111
62 42
236 188
119 135
191 156
242 52
11 15
41 110
99 20
70 75
4 135
164 186
114 42
187 225
35 142
136 164
33 167
82 193
206 71
180 69
163 236
66 122
214 62
171 69
166 8
199 165
240 69
146 178
171 83
187 210
181 122
81 88
185 187
169 134
40 142
159 153
49 196
18 153
209 129
97 48
206 225
209 97
0 112
37 246
201 168
103 34
139 225
200 67
175 103
82 195
72 182
196 178
108 61
170 2
243 230
141 48
175 13
192 174
220 217
19 101
153 120
78 124
52 79
8 229
93 65
250 150
11 62
128 55
60 30
226 11
45 7
242 1
15 250
136 206
138 127
236 228
2 113
153 52
178 113
154 198
250 159
72 226
48 223
169 105
84 206
165 247
218 244
29 169
203 191
92 192
4 233
1 5
102 44
184 71
71 92
65 224
182 243
201 136
82 189
11 60
178 110
11 54
249 221
222 234
105 82
250 37
231 95
37 108
209 228
213 179
142 223
179 159
138 200
216 247
211 7
80 152
156 101
243 180
20 114
43 27
117 159
70 54
227 164
94 191
9 92
163 188
198 54
205 202
241 36
239 240
231 125
6 172
45 241
70 185
69 157
51 28
1 57
101 133
112 115
137 42
184 119
93 183
243 238
156 22
108 148
151 6
184 198
167 180
187 73
119 203
15 135
152 48
156 221
140 128
38 140
198 194
242 3
74 1
107 234
228 126
84 124
164 144
134 32
42 244
179 246
60 121
227 178
235 96
232 232
72 230
30 175
9 126
210 95
8 74
25 16
59 24
10 164
168 103
52 109
112 247
14 183
59 139
228 243
201 118
41 156
233 150
24 146
200 43
4 247
211 235
125 48
146 20
152 231
219 143
73 232
217 238
172 198
182 79
17 248
192 62
231 137
211 227
84 55
187 122
1 246
232 159
73 112
247 198
119 151
35 248
108 193
40 159
21 121
86 239
193 29
125 2
160 245
248 155
166 156
139 190
20 230
229 206
131 243
88 45
147 63
168 42
144 39
64 216
22 194
158 209
228 98
132 9
211 248
19 151
9 161
157 106
132 41
27 8
204 158
141 247
174 174
84 243
147 179
186 0
61 194
186 87
7 135
117 104
230 85
224 14
31 166
125 5
102 50
22 19
215 136
132 11
173 128
16 161
153 14
225 12
33 101
13 37
186 144
108 5
9 138
70 51
158 143
88 191
178 213
205 117
143 53
176 104
86 246
72 136
179 127
202 43
230 113
23 51
243 236
99 86
234 134
210 215
123 224
86 244
131 98
243 30
162 20
78 153
59 81
110 115
200 156
54 104
28 134
98 84
61 242
38 16
224 16
218 196
157 119
73 166
241 18
239 27
236 142
105 69
91 120
92 145
59 12
202 242
245 197
116 79
82 138
159 24
141 52
84 139
204 119
27 100
160 131
143 65
138 248
228 208
46 128
230 208
22 202
69 229
58 244
101 114
171 39
46 92
239 14
32 178
78 129
205 219
165 93
44 206
170 45
60 18
156 152
161 68
106 194
127 215
1 231
184 202
229 104
243 126
94 180
23 0
143 199
178 191
183 44
234 220
82 160
13 143
51 167
225 121
194 215
49 175
64 201
59 107
170 103
46 245
35 246
62 237
118 84
237 218
130 165
99 92
29 106
42 141
98 24
101 135
36 250
143 15
144 179
68 241
23 182
238 42
46 231
169 4
108 143
247 55
84 192
167 106
44 34
177 134
211 108
82 185
130 10
45 96
185 82
28 10
126 231
78 164
142 41
109 234
182 241
43 36
144 230
216 62
108 173
44 90
191 60
74 64
30 221
244 151
218 146
112 245
20 58
35 76
181 2
234 98
211 180
27 89
188 55
244 52
160 83
128 187
67 160
141 102
10 99
161 241
37 12
79 52
114 79
14 18
225 167
247 85
65 184
154 57
145 225
222 97
35 81
217 153
76 4
188 87
39 41
49 173
105 65
245 146
232 141
9 97
119 173
91 72
16 163
140 152
82 1
192 178
22 64
202 244
211 106
78 77
41 13
109 51
60 67
220 235
4 116
102 200
74 35
131 76
178 250
33 181
43 242
5 65
109 152
176 202
242 58
187 4
236 31
29 89
120 13
121 185
22 213
9 240
189 66
28 87
2 3
137 31
94 148
153 89
241 160
134 69
227 195
11 208
228 227
198 107
163 155
9 214
231 150
22 11
184 233
127 146
206 198
94 182
182 148
95 101
43 207
82 187
105 202
91 124
77 52
105 104
65 76
211 130
217 94
135 194
180 191
144 164
76 129
77 11
42 230
56 155
66 244
29 180
124 188
120 131
109 34
205 147
15 126
181 167
85 45
7 180
147 245
30 108
194 151
189 142
86 38
139 72
150 188
44 29
26 242
179 57
87 65
29 115
62 196
205 190
192 215
15 214
89 228
47 28
149 33
89 189
122 69
100 97
209 244
200 135
81 15
207 107
79 216
147 89
241 162
99 205
175 211
110 246
211 246
241 47
124 118
143 131
41 242
97 173
153 210
138 203
149 115
232 63
110 62
16 128
98 13
178 231
84 169
101 55
209 247
72 100
96 10
82 191
185 116
21 15
102 159
206 203
205 55
75 131
134 163
142 183
24 177
62 105
25 52
239 98
67 7
56 14
170 213
188 172
4 118
170 66
89 72
76 176
89 65
11 138
238 178
245 233
122 181
48 79
210 229
172 31
179 162
12 221
128 81
202 195
21 151
202 220
103 74
180 124
89 74
45 124
200 200
37 143
125 217
38 175
16 31
215 182
41 44
93 178
34 79
15 101
29 98
12 180
130 189
135 246
182 189
103 115
58 176
206 91
71 85
145 166
181 229
19 249
59 185
2 39
237 13
12 19
150 212
235 194
191 154
151 120
222 14
90 99
54 170
80 186
134 29
243 82
26 18
97 136
179 155
201 164
74 105
109 116
247 106
85 166
49 146
139 232
197 149
182 231
182 45
107 33
73 98
170 202
138 234
129 156
113 224
74 133
96 169
79 63
178 242
206 5
64 196
165 146
237 97
146 127
118 70
58 47
109 197
135 35
9 72
25 29
30 102
125 26
62 167
220 145
47 95
102 67
63 30
44 243
69 0
60 103
154 75
85 2
242 81
126 132
83 14
7 183
233 62
114 240
10 170
108 195
133 140
222 101
176 157
217 122
47 59
170 38
189 210
94 170
245 123
89 230
239 48
225 76
7 66
219 236
54 201
19 196
75 98
214 7
217 173
104 166
185 159
147 183
30 229
245 31
128 87
67 5
247 250
148 186
215 142
115 146
237 43
8 242
136 193
180 231
196 131
219 61
124 232
131 217
45 56
112 100
30 209
66 149
227 246
191 9
53 96
173 58
37 230
77 165
132 172
103 104
76 55
148 103
56 157
173 179
162 249
201 84
186 49
159 171
106 196
7 189
212 206
182 152
165 84
184 46
78 197
201 22
46 20
137 151
26 123
244 76
214 11
57 111
59 239
209 38
14 162
61 20
77 219
157 36
137 53
6 20
137 103
47 78
160 133
138 164
118 13
159 142
171 122
197 0
211 31
247 157
56 91
230 213
151 34
177 34
171 33
118 198
176 15
228 128
232 148
150 92
168 136
31 230
47 208
43 147
168 40
67 9
155 200
19 28
152 208
128 23
242 57
202 161
176 110
127 135
214 242
19 62
94 72
56 150
199 119
64 105
115 224
191 58
102 2
62 199
223 48
175 85
233 219
121 12
0 93
39 14
94 95
80 198
90 148
51 165
106 31
104 195
230 99
149 241
123 12
111 52
107 21
136 182
203 21
95 85
191 179
82 65
158 140
159 38
139 43
33 197
91 194
100 131
98 239
152 76
120 67
27 170
103 55
53 187
7 18
207 27
186 238
117 222
210 47
154 211
120 219
118 68
41 146
27 47
198 56
134 4
107 103
211 128
1 222
59 123
63 242
174 71
85 227
10 210
133 216
243 157
74 7
58 140
7 209
97 196
156 236
160 35
59 26
117 128
241 180
122 123
124 138
33 22
130 86
124 68
192 149
230 246
105 80
77 217
140 14
212 72
72 170
175 62
122 140
187 237
174 105
244 78
71 102
3 154
149 15
79 30
53 160
55 97
201 45
192 152
157 24
193 103
39 109
239 32
168 209
176 60
113 50
103 11
163 180
61 27
7 64
189 13
117 147
109 111
182 20
50 200
108 53
50 106
72 60
249 0
146 112
75 222
241 49
169 122
108 209
128 11
44 123
21 136
41 104
224 190
246 5
4 188
53 185
153 80
214 46
142 17
172 205
113 43
218 169
211 25
25 27
185 114
90 192
47 170
104 117
186 71
88 242
45 208
128 92
55 13
78 12
39 125
158 34
213 245
65 228
210 169
106 142
192 157
188 208
83 141
145 245
65 124
149 9
126 190
60 47
42 143
35 218
6 128
74 100
127 116
156 145
56 175
193 217
67 158
126 140
74 117
222 157
6 242
147 159
97 194
148 243
212 237
10 14
100 77
189 74
61 152
148 134
5 73
239 110
219 107
245 81
197 108
46 186
4 231
175 58
122 121
172 181
73 246
237 191
225 123
117 150
110 5
119 86
205 205
151 32
237 41
135 104
19 71
63 138
246 195
163 85
224 113
70 188
127 118
123 2
196 29
132 83
66 74
139 63
168 19
52 178
196 71
12 72
103 121
137 247
59 98
221 48
62 109
180 36
245 157
90 76
214 79
14 120
169 129
114 182
156 40
160 186
63 28
169 8
1 171
241 73
55 184
158 132
226 125
195 64
16 154
218 248
235 218
167 176
174 189
205 135
188 31
243 13
28 202
239 114
232 80
141 203
54 64
212 220
72 184
202 60
23 122
21 43
243 197
142 243
165 180
233 136
56 69
241 98
233 145
243 23
194 114
138 75
184 93
218 157
27 210
82 44
236 29
213 26
211 4
71 37
188 62
15 143
154 59
249 249
69 184
180 80
141 73
77 140
87 54
200 192
217 70
138 41
127 141
212 62
185 65
46 90
5 213
100 45
186 201
204 160
28 193
78 151
73 15
164 164
187 57
137 155
140 204
228 224
14 127
220 156
171 47
13 229
113 52
226 113
41 117
41 108
108 230
187 124
54 93
149 210
169 89
129 106
188 3
113 160
121 135
8 90
194 175
5 163
115 102
93 193
230 11
223 21
80 123
11 92
140 249
130 84
24 132
187 176
0 250
77 30
177 189
53 224
172 132
101 194
168 14
11 67
206 221
243 240
160 0
224 66
213 236
77 108
68 94
184 200
89 237
65 21
56 235
225 196
118 24
41 228
207 171
59 54
246 128
86 225
11 174
117 54
105 71
35 90
244 104
74 221
178 25
63 45
124 51
52 9
61 212
231 54
137 71
47 203
147 96
24 11
117 52
229 7
228 247
39 190
244 159
31 112
247 8
156 88
128 7
126 75
22 112
196 231
81 144
153 50
197 102
207 205
111 61
80 65
230 97
35 58
83 204
25 181
83 132
195 75
183 121
224 25
169 138
153 200
1 130
229 111
140 115
222 124
216 92
82 134
203 136
85 150
172 202
1 157
22 81
194 226
226 14
146 157
211 178
163 62
146 102
79 100
46 24
110 232
189 179
48 21
22 233
37 58
14 222
175 33
231 240
131 111
79 136
163 238
77 209
226 122
20 65
187 180
122 14
214 44
90 221
180 126
136 135
35 216
111 159
93 130
122 133
57 184
55 85
103 96
209 226
90 126
150 59
171 105
12 3
42 118
147 232
215 210
96 153
227 124
61 144
21 26
129 162
129 114
49 83
0 79
150 106
110 113
15 194
54 110
140 44
91 240
128 89
54 162
195 150
14 28
126 73
130 163
194 57
248 130
243 64
9 183
59 96
92 67
195 102
151 13
86 169
20 204
123 233
162 220
40 152
21 45
206 157
194 131
231 206
4 152
7 185
112 184
183 205
61 25
117 204
180 55
143 70
9 65
177 79
231 69
227 104
161 231
162 4
166 202
30 20
248 70
41 189
230 102
96 8
182 35
20 232
142 161
116 90
107 68
69 73
235 136
55 173
216 225
184 206
98 93
44 149
128 85
121 232
98 26
164 159
17 195
242 37
125 201
242 140
157 141
141 31
29 41
12 206
177 162
190 3
141 77
244 127
45 10
114 88
58 157
11 144
163 151
92 76
56 244
238 171
27 29
217 235
61 223
184 134
45 130
25 210
171 211
139 101
101 220
76 53
24 217
190 164
167 69
245 184
173 40
40 148
84 186
243 68
190 61
233 65
38 250
202 155
91 63
188 12
69 49
197 184
109 150
82 8
138 192
43 83
101 202
32 196
88 67
250 29
230 227
80 90
28 191
221 138
140 182
13 233
84 1
19 69
7 178
53 13
167 146
171 180
200 18
42 210
134 34
232 10
96 214
243 80
143 187
226 102
175 106
182 117
203 218
38 46
5 17
232 247
127 27
5 186
21 53
101 46
15 53
30 22
166 158
187 104
156 154
184 88
236 208
190 138
153 91
233 96
91 233
162 218
94 159
87 249
111 39
13 245
187 83
159 79
23 174
112 174
139 180
140 49
226 63
65 213
153 12
198 70
225 111
172 130
28 156
2 94
60 196
212 64
175 196
106 165
178 55
118 205
14 122
161 247
169 43
104 197
196 16
34 148
231 157
114 35
165 69
21 84
39 76
33 172
77 126
178 157
12 243
32 220
234 142
144 112
167 67
172 192
71 232
28 171
13 213
185 91
88 170
113 144
125 134
150 61
156 56
77 63
141 232
182 213
102 213
147 214
79 41
227 38
106 5
217 75
48 25
16 18
2 232
141 228
82 225
6 216
157 109
130 187
196 2
182 199
67 73
24 246
159 181
132 215
67 150
37 151
126 222
133 142
244 131
57 135
199 150
228 214
167 237
81 132
220 49
104 72
163 161
21 250
111 145
36 149
216 249
128 2
234 217
226 208
123 172
132 204
221 237
13 70
140 185
72 134
186 102
164 4
218 62
64 157
7 139
128 241
220 19
106 117
42 158
230 242
241 119
156 93
141 191
249 80
35 14
217 161
49 60
23 227
56 137
249 78
28 53
246 1
156 137
214 246
34 235
83 35
17 162
184 49
222 145
193 112
95 231
148 212
180 1
222 99
169 93
99 237
106 210
61 76
17 152
207 73
6 15
244 140
30 54
146 28
177 106
197 64
214 72
139 30
154 77
228 109
31 170
250 5
230 126
43 108
172 120
55 152
58 14
71 62
221 143
212 216
189 128
209 27
125 228
107 232
98 152
165 153
64 57
114 237
130 244
125 130
0 33
231 123
191 128
235 133
198 199
196 94
119 229
9 218
200 69
144 94
187 128
22 231
102 198
237 25
26 31
170 227
22 132
166 229
71 181
1 219
98 169
29 132
45 236
149 180
16 234
145 192
152 105
244 195
136 70
79 204
154 122
50 52
28 37
112 182
75 165
144 54
41 154
160 92
20 19
2 121
100 165
127 137
197 31
227 248
149 229
13 92
28 49
110 193
103 46
220 158
100 157
195 110
130 56
182 81
196 54
205 9
235 43
42 56
228 86
110 210
205 22
154 13
188 202
194 36
120 124
117 126
0 1
192 129
180 249
58 92
96 27
36 3
219 23
210 206
190 86
248 105
77 98
162 64
24 244
178 101
75 84
205 7
120 4
235 69
61 99
198 243
12 163
138 153
151 232
24 18
81 41
96 171
82 206
76 233
230 70
191 39
79 199
184 250
68 71
14 15
204 154
95 91
167 93
34 63
228 216
32 11
149 213
195 9
147 130
217 104
192 83
55 234
146 39
46 30
127 224
103 57
36 45
38 142
151 213
242 15
88 47
13 178
192 70
17 197
42 84
123 70
195 92
44 113
76 218
69 82
176 81
16 29
65 2
138 28
192 1
24 13
140 206
194 76
186 64
138 47
231 17
158 121
125 70
101 163
195 118
105 11
195 243
128 160
118 207
50 235
250 54
184 55
199 139
100 172
131 50
96 89
135 41
169 145
15 245
221 115
118 149
173 176
166 246
48 143
196 58
84 200
122 189
6 131
149 137
187 89
167 133
206 104
216 68
175 64
244 54
129 110
63 32
121 234
23 9
13 40
117 224
13 181
79 127
63 194
222 117
128 231
147 136
176 232
100 240
126 123
139 235
160 81
195 31
178 125
86 221
28 65
186 135
176 135
170 120
140 223
99 81
146 227
97 205
11 28
87 52
246 89
224 198
154 102
158 248
224 52
46 206
112 226
12 27
12 96
134 136
81 136
235 232
101 116
228 34
23 148
177 17
225 65
10 241
124 29
128 148
94 214
236 45
67 49
49 53
119 66
142 177
181 57
103 123
21 228
148 91
115 160
117 145
28 200
101 96
222 140
218 120
70 134
214 95
227 210
223 75
63 218
104 49
165 15
27 115
139 61
110 235
215 154
78 65
188 164
68 90
66 156
5 241
207 130
102 173
249 160
161 161
221 65
241 34
149 27
216 141
166 31
171 204
152 60
125 117
185 142
66 211
42 220
150 71
25 41
66 192
101 137
198 115
184 238
4 75
64 122
73 128
12 42
188 126
125 163
7 214
17 83
195 4
212 100
80 14
28 113
166 190
245 68
24 232
161 238
84 239
226 244
41 144
188 50
61 204
36 214
94 93
187 142
141 150
18 20
90 145
0 116
89 114
195 14
79 173
124 75
27 27
158 138
184 101
57 88
96 29
144 168
43 55
204 56
29 24
181 215
125 50
46 229
190 171
248 88
244 4
75 29
83 10
234 207
18 18
241 142
225 27
65 121
162 66
170 85
165 162
98 167
175 70
221 21
103 175
91 74
203 202
172 209
38 62
126 121
57 21
67 76
15 178
138 209
129 50
76 171
234 205
7 164
156 191
149 97
214 203
143 154
88 211
150 96
63 142
141 159
110 248
158 145
108 55
17 33
128 158
218 90
183 82
44 187
37 248
93 13
59 242
4 137
199 137
38 80
140 112
114 90
35 173
4 220
76 27
224 181
33 86
130 144
98 44
101 176
149 5
242 62
85 148
143 67
22 66
31 132
32 222
111 177
25 171
44 189
93 135
144 186
5 117
72 49
163 16
56 94
247 2
228 39
235 33
195 51
191 13
180 21
53 123
225 205
218 24
189 26
54 68
145 153
46 123
28 12
76 102
113 217
206 188
150 117
54 66
237 199
193 247
180 67
66 201
29 28
4 175
87 41
65 160
130 148
107 70
191 228
119 129
169 180
142 219
154 195
80 45
67 199
167 129
61 107
119 188
45 83
238 197
80 8
148 95
207 155
233 138
102 102
160 213
202 119
185 121
84 202
207 56
217 222
28 102
24 66
58 27
11 71
216 184
239 180
157 243
23 27
229 157
167 135
43 76
178 135
48 177
24 203
243 142
90 211
174 228
102 83
166 235
34 56
86 248
196 56
47 232
167 51
150 94
93 68
131 72
140 16
218 167
245 209
177 127
183 229
50 223
212 218
214 140
14 102
47 241
87 229
225 36
94 9
29 118
237 157
44 119
249 35
45 77
103 36
161 227
71 15
60 41
244 213
198 249
83 145
41 42
121 3
77 110
139 51
220 147
206 45
147 241
197 197
116 114
14 20
209 7
242 55
194 65
192 37
208 207
146 221
36 174
129 138
96 190
99 103
135 134
170 136
229 37
21 248
89 53
16 47
3 74
79 67
30 177
12 142
87 151
227 184
28 104
160 67
161 188
206 150
242 77
48 30
150 208
240 120
196 180
98 46
46 223
74 38
115 158
231 160
32 103
159 243
46 87
240 10
20 213
44 20
132 39
32 55
235 226
97 138
225 189
62 164
67 190
98 241
109 175
98 165
7 26
176 24
43 157
160 249
215 66
156 217
214 183
65 194
22 38
232 242
25 136
7 162
246 131
22 243
73 2
166 65
200 194
142 152
157 193
83 162
77 142
57 151
129 108
62 210
197 182
76 112
199 148
250 73
73 164
230 155
151 10
244 231
72 54
138 205
247 90
177 14
44 5
170 40
101 168
63 182
12 223
217 26
121 174
56 84
189 160
212 41
71 246
44 85
3 52
134 165
141 129
83 89
8 171
235 85
156 121
161 180
6 137
242 158
178 21
57 241
143 208
207 190
199 132
5 165
152 72
185 73
22 86
38 3
21 116
45 54
17 150
59 28
176 195
163 120
19 87
92 148
95 20
211 102
198 192
227 18
59 56
57 53
220 168
240 43
59 212
213 131
47 197
60 65
143 204
21 82
205 217
214 238
160 182
165 168
168 45
181 238
146 18
43 155
180 14
63 140
53 11
121 20
132 188
6 100
5 178
246 91
199 113
103 134
115 228
44 229
209 5
233 56
109 228
188 1
139 10
121 1
122 138
132 144
43 96
118 231
201 152
168 174
229 35
28 176
127 120
158 88
192 234
246 205
58 226
80 0
41 119
85 132
46 9
188 213
105 4
139 163
6 187
129 112
207 200
69 86
16 121
204 145
109 59
120 236
99 140
9 25
46 34
214 121
46 36
13 196
134 2
232 245
130 3
242 235
198 68
249 94
90 113
247 83
68 83
85 113
148 70
7 218
109 64
73 47
164 64
246 200
105 7
33 170
6 168
158 65
10 140
92 159
138 107
98 104
241 237
96 87
2 54
141 113
63 121
53 121
162 18
137 109
87 108
36 16
171 18
165 90
215 45
105 13
141 75
232 84
221 75
80 163
193 228
57 243
27 41
149 25
118 162
197 230
63 145
160 144
195 166
115 144
221 195
60 105
145 96
43 228
233 88
70 241
107 4
235 144
208 25
95 192
165 17
152 92
145 114
71 104
34 11
99 47
52 119
244 182
112 48
39 206
75 63
0 186
86 1
236 206
184 148
250 95
181 233
245 29
50 230
27 105
241 32
182 33
249 153
184 161
160 217
230 148
140 106
182 201
157 170
146 132
160 215
201 218
102 126
177 115
249 2
146 104
74 9
58 94
238 121
59 147
90 190
186 69
3 219
239 23
51 172
139 12
241 121
125 119
194 230
215 134
231 210
76 230
190 233
244 0
236 202
211 37
83 53
239 158
15 216
92 70
93 157
245 244
190 226
121 26
215 81
162 222
185 67
134 214
49 7
227 180
152 195
78 34
117 130
206 102
180 165
93 231
1 35
43 105
143 159
241 22
36 169
12 13
172 67
12 94
99 116
208 198
96 18
106 140
155 53
161 152
39 1
87 227
36 54
81 39
159 134
230 250
59 79
14 141
41 77
94 70
14 42
127 51
155 11
21 206
0 114
70 87
57 186
2 230
174 139
224 10
166 33
60 95
153 54
207 148
119 171
183 235
175 176
222 25
224 192
86 36
185 236
91 130
35 171
113 239
39 188
167 47
165 155
9 16
57 178
30 162
245 235
36 244
177 155
102 128
245 149
97 203
196 48
175 79
153 41
61 139
212 95
29 48
130 58
151 4
28 223
162 240
186 174
234 140
32 38
167 188
112 243
145 136
120 84
146 230
19 89
3 177
7 72
51 198
142 19
155 133
132 165
37 125
35 145
177 112
31 119
193 69
246 151
21 149
194 7
230 229
67 30
190 173
170 209
80 43
142 168
208 169
146 185
220 100
88 145
78 14
249 119
38 44
75 16
230 217
120 2
148 153
111 95
19 182
101 35
100 129
209 131
209 127
218 7
188 135
64 164
99 195
143 245
114 215
241 113
218 141
40 140
99 173
184 69
186 130
195 185
179 164
234 203
183 245
136 105
242 214
181 128
14 46
163 90
155 91
67 183
71 53
205 93
46 76
0 31
224 97
249 55
175 83
88 222
98 88
33 90
46 5
144 243
220 139
141 221
6 174
128 79
65 106
234 60
166 95
208 216
222 120
209 73
19 60
205 137
232 44
179 230
250 223
207 21
198 231
243 212
76 207
85 16
185 4
239 173
100 127
231 231
47 147
31 180
231 57
75 11
71 127
80 138
173 211
241 13
102 97
22 204
224 109
220 197
154 87
101 218
243 242
131 161
27 192
44 31
16 80
59 206
0 188
193 58
158 153
26 146
21 79
129 221
12 39
65 158
79 98
71 239
143 192
6 211
209 9
88 76
229 225
23 172
235 209
160 179
157 38
96 25
6 247
95 204
64 211
230 83
78 3
59 111
33 151
186 2
248 57
183 47
27 55
220 141
118 236
188 138
213 234
145 232
148 31
71 228
61 198
130 175
58 215
127 77
127 5
215 119
200 177
44 220
46 180
127 171
42 152
99 203
53 165
63 75
6 230
249 7
165 194
159 231
19 45
148 121
172 87
204 162
176 56
101 247
26 87
245 20
56 57
179 211
116 68
201 86
93 147
192 72
74 108
224 176
76 78
139 178
174 81
118 90
11 52
138 137
219 225
69 92
111 97
223 73
53 8
238 207
36 147
23 40
220 240
73 0
230 215
114 156
230 15
30 160
235 190
3 6
18 148
139 103
154 109
229 100
211 39
15 230
172 65
208 173
169 200
59 224
48 230
155 196
76 6
161 184
82 124
48 183
45 39
229 87
134 248
98 190
54 15
103 65
80 54
223 18
64 153
243 11
212 175
102 106
6 166
157 90
74 219
139 53
192 31
138 64
26 103
165 233
173 38
27 132
104 112
208 167
158 108
11 69
137 34
145 228
108 20
77 42
116 100
193 15
0 199
227 36
162 225
222 77
136 28
190 28
95 184
247 34
165 67
89 112
117 157
113 178
222 63
164 18
53 6
177 233
140 130
210 42
22 247
23 116
157 234
148 128
114 226
178 117
50 78
19 247
40 249
206 155
10 133
131 14
49 51
100 159
14 206
185 51
54 156
74 217
170 127
221 122
26 61
148 39
239 162
68 75
85 93
237 159
35 150
214 217
106 108
172 189
61 29
191 182
233 208
139 154
73 104
195 133
151 229
52 218
7 191
200 231
67 124
7 16
45 75
62 18
58 213
115 222
189 154
218 21
43 41
181 226
95 22
112 37
232 204
80 134
214 27
182 239
143 31
175 75
174 18
20 246
243 160
23 114
170 205
84 194
35 1
142 227
169 107
174 209
153 104
9 94
120 69
83 92
235 192
34 65
249 92
89 226
146 94
86 223
134 205
147 155
112 157
167 4
23 215
11 97
182 55
89 249
0 120
52 222
147 115
188 35
84 224
213 94
131 137
113 45
11 214
241 233
148 4
8 101
144 223
53 199
158 224
79 171
4 99
132 213
11 248
96 158
188 64
189 235
10 95
81 215
166 118
245 59
112 155
170 20
143 129
48 221
41 208
190 129
181 245
138 77
108 146
82 201
214 205
168 120
99 218
244 69
101 11
98 154
206 207
26 10
136 26
240 0
169 18
5 246
140 226
109 74
196 176
72 218
235 131
144 17
43 218
103 217
117 218
170 123
49 56
116 163
75 36
119 127
8 131
214 9
70 248
135 216
102 166
217 155
86 122
196 193
249 82
83 150
77 81
126 219
41 125
31 106
73 17
15 196
95 157
243 19
221 50
69 53
128 164
135 196
22 30
74 27
174 141
203 189
33 75
29 35
184 189
208 4
249 187
210 72
183 150
71 166
65 6
166 91
89 147
151 50
197 169
235 180
232 249
233 180
143 78
0 81
197 151
58 138
224 102
241 115
65 151
97 219
103 80
218 99
14 0
21 123
189 57
179 35
31 10
17 135
46 221
154 208
30 184
29 210
144 133
81 146
27 119
100 196
157 162
7 240
99 246
63 20
22 145
141 43
45 148
34 88
26 247
39 153
195 90
74 230
36 64
48 234
148 101
106 148
246 3
125 28
249 117
186 133
112 41
103 48
162 84
207 70
172 174
230 248
239 156
18 216
188 28
160 225
3 246
109 145
42 249
2 119
79 145
168 2
230 63
216 157
205 227
209 199
155 125
178 69
239 112
238 29
187 33
55 11
158 173
115 112
123 77
116 15
54 172
23 60
184 144
158 245
171 145
209 249
98 215
99 11
162 7
223 111
93 227
64 241
12 123
173 118
103 4
165 236
127 107
7 117
103 87
151 26
237 33
187 48
173 200
241 71
173 22
80 196
217 44
185 123
63 26
15 37
11 26
157 42
126 54
105 33
156 107
30 12
185 99
143 72
192 17
55 58
112 98
160 211
142 234
163 163
71 132
185 104
93 205
26 134
139 33
217 224
63 79
242 75
188 158
164 157
157 246
241 111
114 175
211 93
34 54
41 27
21 28
43 186
157 134
184 204
218 240
91 227
77 79
159 117
131 146
43 25
165 106
94 233
64 226
172 6
237 73
143 63
124 122
241 20
192 40
60 214
215 64
132 201
12 46
86 242
94 166
85 167
138 66
42 29
24 183
77 127
18 47
146 223
16 130
205 192
139 247
40 244
60 13
115 217
134 71
158 168
95 12
98 158
55 95
177 211
6 182
145 131
234 182
216 214
14 124
14 180
172 20
0 39
46 240
110 154
197 118
211 80
248 151
233 54
116 70
12 204
29 111
95 172
61 46
24 144
141 179
228 106
191 232
74 61
107 65
104 86
61 56
23 249
127 220
3 170
63 22
57 148
141 13
57 96
118 164
104 67
144 152
209 171
115 67
97 30
230 188
249 197
80 28
110 149
114 99
110 244
141 209
69 77
160 208
24 134
172 226
228 113
143 189
115 238
219 103
149 7
126 52
31 23
23 88
79 133
130 154
161 175
230 20
148 139
13 125
79 107
66 79
38 244
216 24
206 1
216 243
46 126
186 93
50 178
209 102
4 103
84 190
116 220
97 21
164 190
55 186
223 27
94 11
5 154
17 0
64 192
16 46
225 174
95 194
119 216
64 130
91 97
132 186
129 52
99 242
156 77
100 201
20 86
8 169
8 181
47 57
185 89
214 13
162 229
158 220
195 73
14 55
134 26
167 89
127 3
167 43
13 247
24 64
156 195
30 194
191 30
73 85
86 211
75 82
57 12
25 89
203 42
135 43
213 144
85 142
213 209
196 114
1 52
104 106
234 80
233 123
53 168
19 82
216 221
99 79
165 200
230 190
141 108
5 180
25 173
50 9
196 249
174 66
85 220
128 59
129 243
117 172
128 189
139 117
102 240
216 216
113 180
78 85
157 80
57 23
128 74
114 47
232 40
142 27
78 135
129 76
229 151
172 146
77 28
150 49
72 13
47 26
46 94
78 54
76 64
166 2
14 57
178 108
223 115
182 126
146 243
110 173
104 15
10 102
22 192
58 182
111 180
143 221
214 82
83 130
204 101
69 239
174 132
219 223
139 65
46 58
25 175
192 11
228 102
90 70
147 27
48 37
172 228
144 184
59 136
198 134
104 102
3 76
211 73
244 206
18 118
72 234
60 241
97 86
207 218
73 110
49 144
163 83
128 217
182 227
82 199
143 51
132 163
1 153
130 160
237 137
54 108
88 51
162 214
216 96
40 157
26 201
23 206
57 203
19 43
183 215
249 106
114 97
161 90
23 120
43 140
15 182
155 41
165 227
194 212
18 80
127 243
189 15
238 182
37 78
181 247
168 49
100 9
172 41
140 208
1 7
215 43
120 8
130 12
1 229
244 148
48 207
119 180
80 159
143 29
92 214
46 243
238 99
241 64
12 55
248 53
45 238
44 117
175 112
105 121
43 32
155 89
1 37
148 188
163 223
150 227
26 49
44 211
11 195
122 183
241 11
96 93
57 146
20 145
16 212
244 204
56 109
158 40
102 94
85 111
169 68
102 196
223 196
164 2
170 178
100 112
136 33
138 207
179 189
200 85
42 188
110 20
19 134
81 149
82 163
67 185
249 72
227 189
32 161
40 78
18 233
213 40
170 147
81 63
124 230
243 184
137 149
97 35
159 175
140 161
34 0
180 34
44 88
13 231
148 105
60 43
105 47
101 81
78 205
92 133
79 125
81 127
137 180
217 119
141 200
72 39
162 82
190 63
71 183
66 105
88 247
178 33
8 140
145 162
246 70
244 57
58 235
5 184
151 210
9 118
118 174
178 195
202 165
171 207
55 87
97 28
36 141
132 1
115 205
197 116
48 205
127 173
0 217
91 44
13 53
80 205
219 64
61 44
74 130
110 68
41 201
3 96
225 178
208 71
229 249
78 250
183 57
241 24
43 43
200 55
96 84
95 206
10 61
225 51
194 179
53 220
11 125
19 64
229 124
208 95
31 90
87 113
207 93
175 128
164 198
28 26
133 5
127 109
27 172
45 98
147 41
194 2
17 78
250 219
83 221
199 20
213 77
174 60
2 1
215 31
69 84
111 44
209 70
163 184
62 153
29 158
87 143
11 12
188 211
170 30
215 132
192 8
1 30
14 2
169 172
13 227
203 147
173 134
141 11
75 109
174 56
26 20
140 164
92 19
60 109
22 217
174 205
212 81
217 66
199 87
236 71
127 105
110 36
1 77
239 40
164 229
189 215
76 34
210 208
61 141
22 134
57 80
27 181
189 33
64 155
217 135
26 177
243 146
10 59
198 177
3 186
207 137
213 152
57 86
0 221
100 170
80 194
81 161
207 128
87 39
104 37
111 17
70 17
65 4
121 203
31 110
46 22
53 174
40 55
29 231
93 102
145 73
181 150
120 199
232 71
32 88
57 43
51 231
46 132
2 128
187 235
74 113
45 81
123 187
110 143
204 164
67 92
61 78
84 164
100 212
54 70
14 35
78 32
134 12
19 149
200 146
100 199
201 19
193 74
50 80
124 222
132 136
108 2
41 218
202 240
51 161
242 123
242 66
248 199
47 195
65 242
73 73
8 133
175 134
108 109
127 98
240 55
179 65
245 33
226 67
63 77
115 65
33 9
170 87
145 64
19 144
113 16
70 94
235 200
237 210
8 99
139 113
207 54
140 192
160 219
101 48
225 68
132 3
128 155
146 43
142 15
190 140
24 103
93 237
185 141
218 28
244 155
85 54
115 83
129 93
218 159
80 200
124 226
67 1
168 91
202 157
233 34
65 182
133 243
168 123
122 235
202 146
87 34
20 30
55 203
168 31
164 221
243 60
42 21
148 117
52 105
21 182
218 246
6 98
149 182
83 147
138 115
82 197
108 211
232 217
163 247
28 182
129 4
165 0
95 178
212 43
107 7
81 204
187 160
110 230
62 216
36 123
106 208
33 65
64 214
131 139
226 185
10 168
62 227
76 169
97 178
198 66
33 13
206 223
197 132
106 14
197 52
236 135
240 66
232 60
129 6
65 8
189 30
162 144
145 159
220 9
20 67
11 245
173 224
245 83
20 147
186 95
195 112
155 105
131 7
249 246
110 147
233 86
247 52
239 73
245 71
195 247
72 248
37 171
156 244
152 122
226 187
108 72
136 128
35 87
73 83
145 129
98 22
222 168
59 22
117 167
229 149
193 213
127 133
147 225
177 23
155 103
28 96
78 114
248 132
187 131
175 230
128 83
52 163
60 210
90 45
70 244
56 144
23 17
115 105
159 162
213 42
207 109
197 113
47 124
168 87
131 92
180 42
96 216
126 164
27 241
229 211
139 228
189 250
41 139
120 6
101 92
44 57
199 233
130 173
150 102
244 62
92 122
119 25
239 118
11 44
217 137
10 216
210 11
44 115
48 171
42 123
143 202
209 201
118 1
192 172
213 74
242 182
1 75
141 163
7 130
32 53
54 188
247 122
57 45
93 195
112 176
36 156
123 25
120 230
10 205
147 181
170 174
54 175
76 135
36 62
30 201
32 193
58 109
192 85
33 81
157 78
151 115
105 74
177 58
102 85
46 142
22 41
203 138
104 44
230 41
161 6
54 222
176 101
95 14
117 227
137 195
98 130
124 132
218 9
12 165
200 243
51 59
108 207
11 193
240 100
38 149
74 75
15 228
52 200
183 90
236 171
30 104
94 100
42 150
177 76
96 180
33 77
123 136
37 14
205 20
76 116
176 21
225 104
9 18
43 114
128 174
105 110
176 74
65 199
63 180
177 193
218 242
8 76
0 55
62 201
110 38
228 20
247 103
62 241
55 122
90 47
104 32
18 184
209 12
5 189
175 204
14 176
10 56
133 91
45 227
147 17
146 106
76 216
18 146
33 59
146 92
31 159
117 86
171 35
92 100
170 91
35 233
8 128
100 214
13 44
147 125
155 51
228 186
233 69
119 88
99 207
44 8
10 166
198 86
25 114
170 6
150 231
227 206
19 40
229 122
125 224
234 228
154 93
237 189
56 67
6 91
156 219
155 135
64 126
206 47
171 4
7 126
36 56
220 120
112 241
74 59
175 190
223 65
198 49
76 9
141 66
73 225
190 211
148 227
17 214
176 108
134 200
156 166
121 180
166 249
201 139
41 121
206 196
78 169
240 157
37 153
188 72
74 55
31 164
101 236
180 213
131 219
30 192
49 169
22 13
58 66
47 40
21 71
169 47
231 219
141 0
180 242
138 131
96 23
62 123
28 207
119 21
236 204
220 63
96 113
134 203
199 196
184 227
89 150
45 140
75 104
30 88
18 120
35 78
166 148
213 142
91 213
175 37
174 177
120 126
168 202
223 144
119 218
209 107
20 80
53 63
184 86
127 157
25 193
114 203
117 11
90 128
181 40
243 139
3 100
63 107
106 9
240 45
115 53
216 206
156 250
171 8
130 158
94 18
248 6
196 242
237 193
63 24
240 171
14 129
170 131
48 239
198 88
119 11
98 171
107 150
113 39
45 32
145 125
216 196
237 226
200 59
217 133
87 78
176 228
32 163
99 34
245 207
92 235
128 96
51 54
37 207
173 78
198 90
61 165
143 150
169 176
169 125
26 183
60 100
210 176
78 175
186 55
69 182
242 45
9 209
23 83
214 207
174 136
120 205
164 235
207 8
215 105
12 140
179 151
115 44
8 231
118 3
45 146
223 12
8 211
16 229
216 144
129 77
88 122
186 75
89 213
3 4
219 195
88 245
213 247
106 206
222 147
30 52
178 80
247 120
247 68
68 79
218 155
225 9
141 64
117 165
150 73
18 133
50 176
97 243
1 190
92 94
99 32
155 79
143 162
199 152
245 237
116 237
8 244
94 28
228 166
102 130
246 105
98 113
184 95
92 126
85 64
188 233
214 24
32 37
48 35
73 132
69 190
57 90
190 37
8 167
59 10
130 60
142 185
163 6
12 250
159 234
154 55
191 213
155 209
246 57
237 144
131 96
215 174
20 117
183 99
93 213
218 171
24 208
43 0
27 168
195 183
23 15
195 6
226 34
24 87
212 45
78 1
31 101
100 133
243 32
71 47
77 173
243 210
48 245
79 201
233 36
177 103
20 193
204 26
94 155
137 101
193 245
40 29
29 120
135 141
180 113
20 133
244 144
119 238
103 82
14 30
169 211
109 57
238 205
34 83
222 113
27 39
148 6
69 246
146 164
166 13
216 239
6 76
84 42
222 19
138 129
117 210
56 41
164 66
250 70
61 23
186 205
176 68
100 21
226 16
28 21
186 227
145 16
2 188
213 201
155 193
223 123
164 122
125 233
16 133
242 69
200 241
242 250
105 30
74 13
6 102
117 206
71 73
232 139
247 150
132 37
83 16
246 87
132 35
33 234
5 130
217 194
173 80
68 122
164 30
191 131
50 142
14 164
76 100
200 154
20 73
218 19
176 19
68 188
184 80
165 120
116 226
104 84
106 106
143 232
54 158
67 242
164 225
19 198
84 91
75 80
151 181
125 72
113 96
47 7
129 117
239 34
207 112
58 68
100 238
4 171
102 119
102 76
34 221
204 188
7 93
123 200
208 2
232 121
167 125
0 72
156 174
110 53
242 231
53 202
15 33
216 223
247 92
196 106
10 73
236 217
10 207
135 102
25 119
228 32
213 31
148 93
87 166
50 38
64 78
66 225
85 137
105 16
197 186
29 242
89 110
46 234
198 248
75 57
204 151
158 236
234 67
187 137
140 27
87 115
203 27
234 234
145 30
222 236
159 241
79 10
212 182
60 208
81 220
25 60
181 236
175 35
195 152
98 244
180 240
164 178
198 179
91 65
121 22
15 1
204 156
6 232
18 235
41 206
193 67
200 239
28 208
44 92
12 105
21 40
141 205
201 24
53 60
106 146
231 62
76 163
113 18
208 225
49 232
239 160
199 198
145 188
78 96
129 95
212 79
218 215
160 146
168 246
249 157
35 220
216 218
190 70
150 39
89 124
109 3
144 20
88 220
84 122
126 229
132 85
61 80
236 99
149 13
89 143
187 14
55 79
249 84
115 16
134 27
66 126
101 242
163 227
5 19
157 136
100 94
74 233
148 43
20 197
5 167
158 22
183 146
38 147
172 85
112 35
218 68
168 28
15 232
26 51
219 119
28 51
243 21
58 149
74 5
193 180
44 183
140 202
84 241
207 6
214 185
88 168
201 42
30 199
42 148
47 99
108 36
123 4
225 180
241 239
106 72
162 209
197 134
44 94
119 186
223 23
212 83
173 172
164 32
118 132
107 116
3 102
63 212
11 64
116 173
152 211
25 216
42 205
176 72
227 226
34 169
63 239
184 125
193 101
73 126
39 107
25 206
129 191
105 35
149 223
34 61
231 152
166 166
14 224
201 191
110 195
141 170
22 184
175 22
134 36
101 245
131 5
37 1
245 211
0 118
129 136
138 73
173 138
158 218
128 94
222 16
219 137
230 33
176 209
36 80
23 29
211 200
94 229
92 46
162 216
167 192
121 65
130 82
175 17
61 137
204 215
182 124
248 4
202 68
102 164
63 205
90 241
224 106
182 119
145 62
66 81
66 215
4 64
45 26
183 163
91 147
158 222
113 33
208 101
216 121
140 46
180 19
171 71
63 55
228 17
165 160
120 184
199 117
230 186
62 156
112 46
61 206
120 133
7 176
201 166
247 59
37 216
110 208
83 40
231 65
86 47
226 176
180 25
214 33
20 234
128 219
171 43
138 27
161 154
226 193
121 82
8 137
175 137
132 74
111 50
232 191
115 179
199 230
118 7
54 62
126 188
102 221
26 53
174 20
78 56
239 116
31 182
136 210
33 217
215 94
188 85
174 198
129 25
87 149
89 44
68 192
179 37
207 97
180 244
35 60
161 63
144 161
210 44
62 208
5 218
141 110
215 26
211 173
117 81
42 203
49 94
185 84
155 234
69 242
119 166
52 170
4 173
247 248
4 101
50 163
69 88
220 104
163 70
136 212
54 106
149 60
76 139
152 56
240 196
142 106
67 28
154 15
19 99
158 232
83 165
106 67
119 232
215 208
90 67
75 74
64 244
147 228
32 108
248 159
99 138
102 171
82 240
212 29
245 249
110 18
48 77
204 8
47 80
57 180
228 212
115 218
108 66
93 20
9 27
232 67
5 176
48 128
0 155
233 157
236 182
14 212
190 126
110 55
178 160
9 63
140 41
190 72
191 224
216 8
213 129
202 163
175 77
168 12
33 165
194 71
57 153
146 121
136 67
56 177
179 78
82 37
227 168
222 142
20 217
83 38
155 248
49 203
17 182
57 237
176 188
208 46
163 142
232 146
179 111
65 29
220 102
181 18
47 55
195 67
178 153
133 15
77 36
209 109
71 83
196 191
124 190
104 108
240 231
57 10
98 132
183 4
178 245
147 30
133 85
189 181
210 40
229 69
181 163
228 70
136 208
75 224
26 63
161 142
50 218
160 223
163 68
230 9
185 146
116 176
139 0
192 230
149 184
33 110
16 35
41 0
79 166
11 239
123 131
127 139
190 230
138 194
37 232
121 237
81 53
16 183
27 243
65 31
217 100
134 40
190 11
114 101
139 108
11 183
153 196
233 193
90 122
82 227
186 203
94 16
168 131
85 250
23 36
90 214
158 177
31 232
112 113
2 56
4 21
132 241
155 120
47 238
183 97
108 112
174 73
12 57
235 35
132 31
220 117
216 28
242 79
43 6
221 23
233 211
0 122
18 66
39 208
107 110
216 245
189 177
2 247
28 184
132 13
233 230
70 114
197 50
241 67
160 65
79 218
35 152
99 193
61 239
59 20
247 78
244 129
141 62
179 215
29 39
132 70
215 172
27 121
127 47
136 214
8 95
57 55
166 178
176 198
184 78
186 161
243 71
145 71
111 151
73 102
190 237
128 172
12 103
69 2
32 183
215 74
138 182
94 89
225 194
99 36
235 158
136 248
152 198
75 107
247 196
83 143
238 44
127 113
104 119
141 50
150 186
65 180
168 235
75 220
152 58
48 39
159 164
15 44
98 134
195 104
72 220
103 203
163 153
233 206
239 25
193 182
22 229
29 8
246 53
96 166
93 15
59 180
241 53
13 249
207 10
210 84
103 219
240 122
146 134
108 118
68 51
98 160
169 132
250 57
25 9
91 238
24 30
57 59
146 212
3 130
225 49
246 155
46 182
6 170
26 98
226 242
188 140
146 180
226 182
154 40
44 185
215 235
215 237
172 178
223 108
13 225
31 243
47 53
193 3
74 3
145 41
119 103
4 155
226 191
