96 0
75 56
50 97
33 96
67 4
96 12
66 39
94 76
87 63
93 48
97 94
60 30
17 67
40 3
11 45
31 14
95 41
63 96
78 93
41 25
31 6
87 88
34 34
91 81
21 47
56 41
30 62
39 42
28 59
86 5
98 3
70 37
38 79
48 97
44 99
44 66
20 28
17 29
69 10
51 22
65 90
19 86
22 75
65 37
46 63
64 98
12 77
26 6
34 78
20 99
61 24
1 31
45 70
78 31
9 80
88 47
8 23
70 35
86 9
2 16
91 86
86 73
92 39
68 61
92 62
58 92
62 30
41 5
32 27
54 48
74 63
27 99
33 39
47 99
48 14
19 56
5 90
14 31
6 81
85 51
65 58
63 83
10 58
5 42
89 59
0 2
33 26
8 12
91 2
70 81
54 72
48 51
1 78
32 10
84 86
35 57
64 31
27 47
17 87
18 12
27 4
62 15
74 70
42 61
102 15
83 62
22 42
88 51
5 56
96 39
32 41
61 88
18 89
60 33
54 61
80 102
27 56
66 8
97 99
53 77
46 40
71 96
89 25
5 30
97 16
29 74
56 100
25 95
1 10
79 79
12 86
53 29
45 1
41 43
41 53
1 0
70 89
27 44
96 72
9 52
44 48
50 42
92 69
61 68
58 99
26 72
25 56
74 91
84 93
2 60
82 33
69 75
6 36
42 37
17 80
46 10
10 78
70 87
23 83
34 32
22 99
71 74
64 55
63 19
40 96
21 8
26 17
71 43
18 14
91 77
99 35
20 33
53 57
29 32
38 97
91 13
41 88
30 24
47 87
33 57
9 7
26 10
72 76
10 100
67 66
77 73
98 33
13 59
73 62
27 32
91 33
85 90
101 8
56 28
51 87
47 55
0 18
100 39
93 84
7 71
14 85
79 43
93 95
58 8
83 17
65 19
25 46
88 64
38 34
59 61
78 64
85 56
79 41
51 45
95 96
75 40
8 94
24 29
88 32
75 81
63 44
16 94
49 69
45 74
44 39
46 91
59 25
57 34
43 8
32 8
38 75
56 51
31 33
11 88
87 42
73 47
79 27
0 96
99 54
99 5
37 72
34 3
24 16
85 95
85 79
58 78
80 1
38 21
45 68
63 62
46 32
12 1
10 94
20 91
16 72
90 71
15 5
24 81
51 29
44 77
72 100
72 48
51 4
12 70
84 19
54 88
77 42
71 50
99 95
3 78
4 45
61 50
60 2
4 60
0 87
44 83
96 92
89 17
29 87
40 83
49 64
45 44
10 66
37 60
59 101
5 62
51 9
76 27
32 70
39 22
61 93
68 97
93 99
20 70
68 27
87 91
26 12
82 82
66 54
77 16
62 17
94 58
42 97
37 46
75 61
24 11
6 47
0 72
34 46
26 74
97 21
1 69
15 96
15 23
99 62
35 86
7 51
66 79
51 91
94 43
97 68
6 88
92 57
42 90
2 84
34 100
84 73
7 15
93 93
51 74
25 97
24 73
49 8
42 78
13 51
44 91
58 74
83 23
36 17
73 51
14 11
11 101
55 1
81 47
69 42
5 26
11 42
60 8
12 90
13 73
85 32
90 35
72 6
73 20
4 4
18 41
87 71
62 100
82 15
93 37
59 64
24 54
5 19
81 58
81 49
47 82
33 1
26 80
87 3
56 69
32 94
41 15
19 49
14 1
93 28
56 96
36 75
6 68
49 35
83 76
10 9
31 21
43 53
68 34
54 2
47 26
76 98
24 38
101 88
35 47
85 29
44 19
11 37
48 6
81 22
3 94
57 6
77 26
3 62
94 25
76 90
51 40
66 86
35 13
93 5
38 89
51 61
88 67
97 76
9 86
40 77
19 84
0 74
2 23
98 60
78 62
97 10
38 27
22 70
64 16
18 78
23 31
7 83
20 40
54 18
54 10
93 14
66 10
59 36
97 35
93 52
50 76
58 19
39 14
45 23
86 68
23 62
24 87
75 36
29 47
13 88
48 16
60 81
92 46
15 33
71 62
82 96
2 72
40 31
87 84
101 67
24 23
94 82
75 94
82 19
0 42
9 0
98 70
99 52
68 14
69 0
50 80
56 71
77 50
71 20
26 29
15 67
3 25
31 57
20 64
47 8
10 75
96 26
1 28
85 84
84 42
61 63
62 71
98 65
69 85
4 37
78 35
60 74
71 10
80 54
19 15
30 75
28 43
76 0
29 3
2 54
58 47
34 55
10 11
77 46
55 35
92 41
76 9
57 56
101 94
91 7
75 23
19 21
26 67
30 64
55 32
17 50
10 96
90 28
55 60
48 32
28 67
68 79
87 45
9 3
32 67
18 61
22 49
86 37
71 53
80 10
14 7
8 28
42 59
93 44
90 102
101 102
21 15
31 88
32 63
29 95
5 5
0 100
62 57
15 93
26 54
57 76
87 69
44 31
69 29
80 12
33 72
87 98
66 68
52 100
51 24
70 14
47 61
16 100
67 20
16 35
23 52
75 54
79 57
28 89
22 1
61 84
25 5
30 89
85 16
16 44
98 26
49 86
24 92
87 25
36 37
29 20
8 14
36 90
64 33
61 26
12 27
53 22
53 20
7 60
97 47
101 17
101 22
79 74
93 30
7 6
96 67
69 51
19 79
46 51
0 51
41 58
7 57
95 29
13 55
56 92
66 70
26 25
3 34
4 66
73 58
54 70
43 57
40 94
7 19
48 67
16 24
22 4
46 76
34 8
8 44
25 64
56 39
57 94
61 65
37 62
64 43
25 19
10 69
63 27
30 101
40 21
97 95
84 38
65 75
41 85
40 66
29 58
7 42
69 95
87 23
61 86
86 82
83 54
82 100
82 86
22 92
83 78
53 9
89 55
40 36
57 86
35 51
70 101
72 18
34 28
87 79
33 85
14 42
26 60
42 67
3 58
12 40
81 3
67 84
32 50
66 50
84 9
6 101
95 10
99 13
95 52
101 29
65 97
78 18
88 36
21 26
95 73
85 35
55 12
48 21
48 25
89 7
57 58
30 82
14 9
46 37
4 92
2 40
39 12
75 65
90 63
62 98
37 23
34 38
102 58
1 80
36 4
54 90
85 25
59 57
30 46
51 33
101 48
46 20
99 80
57 53
52 13
87 1
84 60
74 8
27 94
86 11
36 8
25 44
26 76
4 0
68 53
65 23
43 73
16 78
20 42
41 41
98 97
12 99
61 0
55 45
64 92
71 94
84 47
56 67
13 18
42 47
98 46
49 1
87 50
23 26
7 17
3 14
91 4
84 36
9 35
47 57
53 84
26 78
26 36
98 56
39 16
30 36
99 41
71 78
12 54
31 78
97 86
76 85
68 47
76 83
40 55
66 88
95 17
100 60
41 95
65 3
33 92
95 49
60 48
18 35
93 20
76 100
32 23
22 40
24 60
53 24
42 30
14 63
101 50
16 52
101 36
89 76
87 19
90 93
63 49
56 81
6 76
27 30
80 91
46 24
71 68
43 6
60 21
64 9
19 19
38 77
4 8
11 63
62 92
37 25
23 2
69 44
77 36
82 68
6 64
19 59
54 99
79 71
12 16
100 31
0 54
20 3
77 75
59 76
40 49
69 8
64 39
70 25
80 32
101 79
10 21
2 86
37 64
0 46
6 40
11 26
6 95
35 59
83 29
28 10
71 58
3 12
7 25
8 62
97 24
23 86
93 97
77 78
94 22
72 2
15 21
12 95
14 35
52 89
9 45
34 70
79 22
96 2
75 71
57 32
56 49
99 7
24 67
33 87
73 56
15 50
62 81
39 71
6 28
97 62
69 67
92 9
75 33
72 13
4 54
35 43
33 21
95 99
54 55
43 4
62 69
59 87
68 45
51 96
79 39
74 98
0 4
39 53
82 24
16 0
97 88
17 15
61 12
43 69
25 52
63 14
99 85
50 15
68 25
55 57
94 16
48 63
12 47
76 93
63 90
30 80
38 65
74 5
79 50
60 13
88 62
73 45
65 56
10 28
69 93
69 19
81 84
28 50
60 17
33 69
61 28
92 88
0 83
85 58
98 89
77 14
47 68
88 38
84 100
76 18
7 55
26 38
30 18
47 2
92 35
85 0
9 89
35 72
6 38
20 94
30 97
63 25
48 100
58 63
50 6
53 38
11 35
24 1
20 88
59 44
32 52
90 57
17 33
5 83
32 15
89 78
49 30
90 9
71 29
76 63
59 95
27 13
39 2
49 83
14 83
52 18
34 67
101 44
101 10
14 28
84 14
77 29
63 67
88 44
59 6
59 46
37 101
71 31
81 66
29 45
18 91
99 69
72 4
36 2
51 38
40 7
46 42
95 83
79 66
22 77
44 37
50 53
92 64
4 88
2 100
22 18
49 95
88 27
43 35
17 46
54 79
98 29
26 22
78 2
89 13
42 28
2 67
52 43
32 29
47 45
50 50
13 21
73 74
89 69
17 59
35 68
41 11
65 5
2 89
36 0
83 64
4 68
16 65
48 72
24 36
71 41
37 83
23 50
