96 0
76 56
50 98
34 97
67 4
96 12
66 39
95 77
87 64
93 48
98 93
60 30
17 67
40 4
12 45
31 14
95 41
62 96
78 93
42 25
30 6
87 89
34 34
91 81
21 47
56 41
31 61
39 42
28 59
85 5
99 3
71 37
38 80
48 97
44 99
43 64
20 28
17 29
69 10
51 22
67 91
18 85
22 76
65 37
46 62
64 99
11 77
26 6
34 78
20 99
61 24
1 31
45 70
79 30
10 80
88 46
8 22
70 35
85 9
1 15
91 86
86 74
92 38
67 62
92 62
58 91
62 31
42 5
32 28
54 47
75 63
26 99
33 40
46 98
48 13
19 56
5 90
13 32
6 81
85 52
66 58
64 83
10 58
4 42
89 59
102 2
34 26
8 12
92 2
71 81
54 73
48 51
1 78
32 11
84 86
35 57
65 31
27 47
17 87
18 11
27 3
62 15
74 69
42 61
101 16
82 62
21 42
88 52
5 56
96 39
32 42
61 88
16 89
59 33
54 62
79 101
27 56
66 8
97 99
53 78
47 40
72 96
89 24
5 29
97 16
29 74
56 100
24 96
1 10
79 79
13 87
52 29
44 1
41 43
42 54
0 0
69 88
26 44
96 72
9 51
44 48
50 43
92 68
60 67
58 99
26 72
25 56
73 90
83 93
1 60
81 33
69 75
6 37
41 38
17 80
47 11
9 78
71 86
23 83
34 32
22 99
72 74
63 54
63 20
40 96
22 7
26 17
71 42
18 13
91 77
99 35
20 33
53 57
29 33
38 97
91 13
41 88
30 24
47 87
33 57
10 7
25 10
73 75
10 100
67 65
76 73
97 33
13 59
73 62
27 33
92 33
85 89
101 8
56 29
51 87
46 55
0 19
101 40
94 84
7 71
14 85
79 43
93 95
58 8
83 17
65 19
25 46
89 64
38 33
59 61
78 64
84 56
79 40
51 46
94 96
75 39
7 94
24 29
88 32
75 81
63 44
16 95
49 69
45 74
44 39
47 91
58 24
57 36
43 9
31 8
38 75
56 51
31 33
11 88
87 41
74 47
79 27
0 96
98 54
98 5
38 72
34 2
24 16
85 95
85 79
58 78
80 1
37 21
45 68
63 62
46 33
12 2
10 93
20 91
17 72
89 71
15 6
23 81
50 29
45 77
72 100
72 48
52 5
12 71
85 19
54 88
77 42
71 51
99 95
3 78
4 46
61 50
61 2
4 60
0 88
44 85
96 92
89 17
29 87
40 83
50 64
45 44
9 65
36 60
59 101
4 62
51 9
76 28
32 71
39 22
61 93
68 97
92 99
19 69
68 28
87 91
25 12
81 83
65 54
77 16
62 18
95 59
42 96
37 46
75 61
23 11
6 47
0 72
34 45
25 74
97 21
1 69
16 97
14 23
99 62
35 86
6 50
66 78
50 92
93 43
97 69
6 88
92 57
42 90
2 85
34 100
83 74
6 15
92 91
51 74
26 97
24 72
49 8
42 79
12 51
45 91
58 74
83 23
35 18
73 51
14 12
12 102
56 1
81 46
68 42
5 26
11 41
61 8
11 90
13 74
85 32
90 35
72 6
74 20
3 4
18 41
88 72
63 100
82 15
93 36
59 65
24 55
5 19
81 58
81 48
47 82
32 0
26 81
87 3
56 69
33 95
41 15
19 49
14 1
93 29
56 96
35 76
6 68
49 34
83 76
10 9
31 22
44 54
68 34
53 2
46 27
76 97
24 39
100 87
35 48
85 29
43 19
10 37
48 5
81 22
3 94
57 6
77 26
2 62
93 25
77 89
51 40
64 86
35 13
93 5
37 89
50 60
87 67
98 75
8 86
40 78
20 84
102 74
3 23
98 60
79 61
97 10
38 27
22 69
64 16
18 79
23 32
7 84
20 40
55 18
54 10
93 14
65 10
59 36
97 36
93 52
50 76
59 19
39 14
45 23
85 67
23 62
25 87
74 35
29 47
13 89
47 16
59 81
91 46
15 33
71 62
82 97
2 73
40 30
87 84
101 67
24 23
94 81
75 95
83 19
0 43
9 0
99 71
99 52
68 13
69 0
49 80
56 71
77 49
70 21
26 30
15 68
2 25
31 56
21 64
47 9
10 75
96 25
0 28
85 84
84 42
61 63
62 72
98 66
70 85
4 37
78 35
60 75
71 11
80 54
19 16
31 76
29 43
76 0
29 3
2 54
57 47
34 55
10 11
77 45
55 35
91 42
77 9
57 56
101 93
92 6
76 23
20 22
26 67
30 64
55 32
16 50
11 97
89 29
55 60
47 31
28 68
68 79
86 45
8 3
33 66
18 62
22 48
86 38
72 53
81 11
13 7
8 29
42 60
93 45
90 102
101 101
21 14
31 88
32 63
30 95
5 6
0 100
62 58
15 93
26 55
56 76
86 69
44 31
69 30
80 13
33 72
87 97
66 68
52 100
50 25
70 15
47 61
16 100
67 20
16 35
23 52
76 54
80 57
27 89
22 1
60 84
26 4
30 89
86 15
16 44
99 26
49 85
24 92
87 24
36 37
29 21
9 14
36 92
64 34
61 26
12 27
53 21
53 19
7 60
97 47
101 18
100 22
78 74
94 31
7 6
96 66
69 51
19 80
46 51
1 50
41 58
7 56
95 29
13 55
55 92
66 70
26 26
4 34
3 66
73 59
54 70
43 57
40 94
7 19
49 67
16 25
21 4
47 75
33 8
8 43
25 64
56 39
57 93
62 64
38 62
64 42
25 20
10 69
62 27
29 101
41 21
97 95
83 38
65 75
39 85
40 67
30 58
6 43
70 94
86 22
61 86
86 82
82 53
82 100
82 86
23 90
83 78
54 8
89 55
40 36
57 86
35 51
70 101
73 19
34 28
87 79
33 85
14 42
26 60
42 66
3 58
13 40
81 4
67 83
31 50
66 50
83 9
6 101
95 9
99 13
96 51
101 29
65 97
78 18
87 36
21 26
93 73
84 35
55 12
48 21
48 26
89 6
57 58
29 82
15 9
45 37
4 92
1 40
40 11
75 66
91 64
62 98
36 23
34 37
102 57
1 80
35 4
54 90
85 25
59 57
31 46
51 34
100 48
47 20
98 80
58 52
52 13
87 1
84 60
73 8
28 93
86 11
36 9
24 44
26 77
5 0
69 54
66 23
43 74
15 78
19 43
41 41
99 97
12 100
60 1
55 45
65 92
71 93
84 47
56 67
13 18
42 47
97 45
49 0
87 50
23 26
6 17
3 14
90 4
84 36
9 34
47 57
53 84
26 79
26 35
97 56
39 16
31 35
99 41
71 77
11 55
32 79
97 85
77 86
69 47
77 83
39 55
66 88
96 17
100 58
42 94
64 3
33 91
96 48
60 47
20 36
93 20
76 100
32 23
22 40
24 60
53 25
41 31
14 62
101 50
16 52
100 36
88 76
87 19
89 94
63 50
56 81
7 76
28 31
80 91
46 25
71 68
43 6
59 21
64 8
20 20
38 77
4 7
11 63
62 91
38 25
23 2
69 44
77 36
82 69
5 64
20 60
54 99
79 70
13 16
100 31
0 54
19 3
77 76
60 77
39 48
68 8
63 39
71 25
81 31
101 79
10 21
2 87
37 63
0 47
7 40
10 25
6 95
34 59
83 28
27 9
71 58
4 12
6 24
8 62
97 25
23 87
92 96
77 78
94 22
71 2
15 21
12 95
14 35
52 90
9 46
34 70
79 22
96 2
76 71
57 32
55 49
99 7
23 66
33 87
72 56
14 51
62 81
40 71
6 28
97 63
69 67
92 8
75 32
72 14
4 54
36 43
33 21
93 100
54 54
44 4
63 69
58 87
67 46
51 96
80 39
74 98
101 4
38 53
82 24
16 102
96 87
17 15
62 11
43 68
25 51
64 14
99 84
51 15
68 26
56 57
94 16
48 63
12 48
76 94
64 90
30 80
38 65
74 6
79 49
60 14
88 62
74 44
65 56
10 27
69 92
69 18
80 84
28 50
61 17
33 69
60 28
92 87
0 84
85 58
99 89
78 14
47 68
88 38
84 98
76 18
8 54
27 39
29 18
47 2
92 35
85 1
9 89
35 72
5 38
20 94
30 98
64 26
47 100
57 63
50 6
53 38
12 36
24 0
20 88
58 43
31 52
90 58
17 33
4 82
32 15
89 79
49 30
90 9
71 29
77 62
59 95
28 13
40 2
49 83
14 82
51 18
35 67
101 45
101 10
14 28
84 14
77 30
63 67
88 43
60 6
58 46
38 101
73 31
81 67
29 44
18 91
99 69
71 4
36 2
51 38
41 6
46 42
95 83
79 66
22 78
43 36
51 53
92 66
4 89
2 100
22 18
49 96
88 27
43 34
17 46
55 79
98 30
26 23
78 2
89 13
43 28
1 67
52 44
33 30
48 45
50 50
13 22
74 74
90 69
17 60
36 69
42 12
65 5
2 89
37 0
83 63
4 68
16 65
48 72
24 37
71 40
36 83
22 50
