96 1
75 56
51 98
33 95
66 5
96 11
66 39
94 77
87 63
93 48
99 94
62 31
17 67
39 4
11 46
31 14
94 40
63 97
78 92
41 23
31 6
88 89
33 33
91 82
20 47
55 42
30 62
38 42
27 58
86 5
98 4
71 37
37 79
49 98
45 99
44 66
19 28
17 29
68 9
50 22
64 90
19 85
23 75
66 37
46 63
64 99
12 76
26 6
34 77
19 100
61 24
1 33
45 70
78 31
9 79
87 48
8 22
69 35
86 10
1 16
90 87
86 73
93 39
68 61
92 61
58 92
63 29
40 5
32 28
54 49
75 64
28 97
33 39
47 99
49 13
19 56
4 90
15 31
6 82
84 51
65 58
62 83
10 59
5 42
90 60
0 2
33 26
8 12
92 3
70 79
54 72
49 51
1 78
33 9
83 85
36 57
64 31
27 47
19 87
19 12
28 5
61 15
74 71
42 61
102 16
83 62
22 41
88 52
5 56
94 38
32 41
61 88
18 89
60 32
55 62
80 0
26 57
67 7
95 98
53 76
45 40
71 96
88 25
6 30
97 16
29 75
56 99
25 95
0 11
79 79
12 87
53 29
45 0
39 43
41 54
1 0
70 89
27 45
96 71
9 51
44 47
51 42
91 71
61 69
58 99
26 72
24 56
75 90
84 93
1 59
80 34
69 75
6 37
41 38
17 80
45 9
10 78
71 87
24 83
35 31
21 99
70 74
64 55
63 19
38 96
21 8
26 18
71 42
17 13
90 76
100 35
18 33
53 57
29 32
38 97
91 12
41 88
31 24
48 85
33 57
8 8
26 10
72 75
10 100
67 67
76 74
98 34
14 58
73 63
27 32
91 34
86 91
102 7
56 29
52 87
47 55
0 18
101 39
93 83
9 71
14 85
80 44
93 95
59 8
83 17
65 19
25 46
89 63
39 35
58 61
79 63
84 58
80 42
50 43
95 96
76 40
8 93
26 31
87 31
74 81
63 44
17 95
49 70
43 75
43 39
46 92
59 26
57 34
42 7
31 8
37 75
56 50
30 33
11 88
87 43
74 48
79 29
0 96
100 54
98 6
37 73
34 3
25 16
85 95
85 80
58 79
80 2
39 21
45 68
62 61
46 32
11 1
10 93
21 91
16 72
89 71
16 6
24 81
52 31
44 77
72 100
72 49
51 5
10 70
85 18
55 89
78 43
70 50
99 96
3 79
5 46
61 50
60 2
4 60
0 87
43 85
97 93
91 17
29 88
41 84
48 64
46 44
11 66
36 59
59 101
4 61
50 10
75 27
32 71
39 23
59 93
69 97
92 98
20 71
67 27
88 91
26 12
82 84
66 54
77 16
62 17
94 60
40 97
36 47
75 62
24 11
7 46
101 72
32 47
27 74
97 21
2 70
15 94
14 23
99 61
35 86
7 51
67 79
52 90
94 42
97 67
6 89
92 59
40 90
2 84
35 100
84 74
8 16
93 93
51 76
26 97
25 73
49 8
41 78
13 51
44 91
58 75
84 22
36 17
72 51
14 10
12 101
54 0
81 47
70 41
5 27
12 42
61 8
12 90
14 76
85 32
89 34
73 7
73 20
5 3
19 40
87 72
62 100
82 15
93 37
59 63
23 54
6 19
82 57
79 48
47 82
34 1
25 79
87 4
56 68
32 93
41 16
19 49
13 0
93 28
57 95
36 77
6 68
48 35
83 77
9 10
30 22
43 54
67 35
55 2
46 26
78 97
25 38
101 88
34 46
85 30
45 19
10 37
48 6
81 22
3 93
57 6
78 27
2 61
95 26
76 91
52 41
67 87
35 13
93 5
37 90
53 61
88 68
95 75
8 85
39 79
20 83
0 74
3 23
97 61
78 61
97 9
37 27
21 69
63 16
19 78
24 29
6 84
21 40
55 17
53 12
93 13
66 9
58 36
99 36
93 52
49 76
58 17
41 14
46 22
86 69
23 60
24 85
75 35
29 47
13 89
48 14
60 82
92 46
14 33
71 63
83 96
0 71
40 33
85 84
101 67
24 21
93 81
74 94
83 19
0 43
10 0
97 70
100 52
68 14
70 1
49 80
56 71
77 50
71 19
26 29
15 67
3 25
31 58
20 63
47 8
10 76
97 27
1 29
84 83
85 42
61 63
62 70
99 66
69 86
4 36
78 35
60 76
70 9
82 53
19 14
31 75
28 43
76 1
29 4
1 55
58 48
35 55
10 12
78 45
55 33
93 41
74 9
58 57
100 94
92 7
73 23
19 21
26 67
29 64
56 31
18 50
9 95
89 28
56 61
48 33
27 68
69 77
87 45
9 2
32 67
19 61
21 49
87 36
71 52
81 11
14 7
8 27
42 59
94 44
89 101
101 0
21 14
31 87
31 63
29 95
5 5
0 101
64 57
17 93
25 55
57 77
88 70
44 32
69 28
79 13
33 73
88 98
67 69
53 99
50 24
70 13
46 61
16 100
67 20
15 35
22 52
74 55
80 57
28 90
22 2
60 84
26 4
30 89
84 15
18 44
99 26
50 85
24 93
86 25
37 39
30 20
9 14
35 91
64 34
61 26
12 26
52 21
53 19
6 60
97 48
101 18
99 21
78 74
94 30
7 7
97 65
69 52
19 80
47 51
0 51
41 58
7 57
95 28
13 57
56 91
64 70
24 25
3 33
4 67
74 58
54 70
43 57
39 94
8 20
48 68
16 24
22 4
45 75
34 7
8 43
25 61
54 40
56 93
60 65
38 61
64 42
24 19
10 68
63 27
29 101
41 21
97 95
83 38
64 76
41 86
41 65
29 58
7 42
70 94
87 23
61 86
86 82
83 55
82 101
83 87
22 92
85 78
52 10
89 53
40 37
57 86
34 51
71 102
72 18
34 28
87 80
34 85
12 44
27 60
42 67
3 58
14 42
82 1
67 85
32 50
66 49
84 9
5 0
95 10
101 14
95 51
101 29
65 97
79 17
89 36
20 26
95 73
85 35
55 12
49 20
48 25
90 7
57 59
30 81
15 8
45 38
5 92
1 41
39 13
74 66
90 62
62 98
37 23
35 38
101 59
1 80
36 3
54 90
85 24
59 59
30 46
50 34
101 48
47 20
99 79
57 51
51 13
87 2
84 60
75 7
27 95
84 11
36 8
25 44
27 76
3 101
67 52
65 24
42 73
16 78
20 42
40 41
97 97
12 99
60 0
56 44
63 92
72 94
83 47
57 67
14 19
43 49
98 46
47 102
86 51
22 26
8 18
2 14
91 5
84 36
9 35
45 56
52 85
25 77
26 36
98 55
39 16
30 35
99 39
71 77
12 55
32 78
98 85
77 84
68 46
76 82
39 55
65 88
96 16
99 59
40 95
65 4
31 91
95 49
60 48
17 35
92 20
76 98
32 23
23 39
25 59
52 23
42 31
13 62
101 50
17 52
101 37
88 76
84 20
91 94
62 48
54 80
5 76
28 30
79 91
47 24
70 68
42 5
59 19
65 7
18 19
38 77
1 8
10 64
61 92
38 25
24 3
69 42
77 36
81 68
5 63
19 59
54 100
80 70
12 17
99 30
0 53
20 2
77 76
59 77
41 49
70 8
64 38
68 24
79 33
101 79
10 20
1 86
37 63
102 46
6 40
10 26
7 95
34 59
83 30
28 11
72 58
2 12
7 26
7 62
97 25
22 85
94 97
77 78
94 21
72 3
15 21
11 95
13 35
53 88
10 44
34 71
80 21
97 2
74 73
57 32
56 48
100 8
24 68
33 87
73 56
16 50
62 81
39 72
6 28
98 63
69 66
93 9
76 34
72 14
4 55
36 42
32 21
94 99
55 55
41 3
63 68
59 87
68 44
51 96
80 40
76 96
1 4
39 53
83 24
15 0
97 87
17 15
62 12
43 68
24 51
63 14
100 84
50 15
67 25
55 57
94 15
48 62
12 48
76 93
62 90
30 79
39 65
74 5
79 50
61 13
89 61
73 46
65 56
10 28
70 93
69 19
81 86
30 49
60 17
33 69
61 29
92 87
102 84
86 59
99 89
78 15
47 70
87 38
84 101
78 18
7 55
27 38
30 18
47 2
91 36
86 0
10 90
35 72
5 38
21 95
30 97
63 25
48 100
57 63
50 6
52 39
12 37
24 1
20 89
57 45
32 52
90 58
16 33
4 83
32 15
88 78
50 31
91 8
71 29
77 62
59 95
28 13
38 2
49 83
14 83
53 17
34 67
1 45
102 9
14 27
83 13
77 29
62 67
88 44
59 6
59 46
37 0
72 31
81 66
28 45
19 91
99 69
72 5
36 1
51 40
40 7
46 42
95 82
79 65
23 77
43 37
49 53
92 63
4 88
2 100
23 17
49 96
87 27
45 35
20 44
54 78
98 28
26 20
78 1
90 13
41 29
2 68
52 43
33 30
46 46
51 52
13 21
73 73
90 69
17 60
35 69
41 12
64 6
2 87
35 102
82 64
4 69
16 65
48 71
24 36
72 41
37 83
23 50
