97 2
75 57
51 99
32 93
66 6
95 13
64 37
93 74
88 63
94 46
98 93
63 31
18 69
39 4
12 46
32 14
94 40
64 97
79 93
41 23
30 5
88 90
34 32
90 83
19 49
54 41
31 61
38 39
28 57
86 2
97 4
68 36
37 79
49 98
46 100
45 68
19 25
19 27
69 10
50 22
64 90
19 85
25 75
66 36
45 61
64 99
13 78
26 6
35 78
23 100
61 25
3 34
46 71
78 30
10 77
87 48
9 21
69 34
84 11
2 15
90 87
87 75
92 39
67 60
93 61
56 91
65 29
40 5
32 28
55 49
75 63
28 96
37 38
48 99
48 13
22 58
3 89
13 32
5 82
86 49
62 56
61 81
8 59
6 42
91 60
0 2
33 26
8 11
93 4
72 79
53 72
49 48
0 79
32 8
82 84
34 60
65 31
27 46
21 86
17 12
28 4
62 16
73 71
43 61
0 16
81 62
21 44
87 51
4 57
94 38
34 38
61 88
19 87
62 32
56 63
81 1
26 56
68 8
94 97
52 79
43 41
71 94
88 25
7 29
96 15
28 74
57 100
25 94
100 11
78 77
12 88
50 28
46 0
39 41
42 53
0 0
71 89
27 44
96 70
9 52
43 44
51 41
90 72
62 67
59 101
25 72
24 57
75 91
83 93
2 59
80 32
71 76
6 36
41 37
16 79
47 7
11 78
69 88
22 82
35 30
22 99
70 74
64 53
64 19
40 96
23 10
26 17
71 44
15 14
89 77
99 34
17 31
52 57
29 32
38 96
91 15
42 86
32 24
48 85
32 59
7 8
25 11
72 75
9 100
67 69
76 74
97 35
14 58
74 62
27 32
91 36
87 92
101 8
58 32
52 86
46 53
2 17
101 37
92 84
13 69
13 86
80 44
92 94
59 10
83 17
66 19
25 45
90 64
42 35
58 60
79 64
83 59
78 43
51 43
94 95
72 41
8 92
27 30
86 31
74 80
64 46
17 96
50 69
44 76
42 39
45 88
60 26
56 35
42 6
30 7
38 75
57 49
28 34
11 89
88 44
72 46
79 28
99 96
101 55
98 6
36 75
34 4
24 16
85 91
84 81
59 78
81 3
38 21
46 69
62 63
46 35
11 0
10 93
21 90
16 70
88 73
15 5
23 81
50 30
44 78
72 2
71 48
51 6
11 68
84 19
55 89
77 44
70 50
98 95
1 77
5 44
60 47
62 0
4 59
101 88
43 84
96 92
87 18
29 88
41 83
47 62
46 44
12 66
35 61
60 100
5 61
51 11
76 26
31 71
39 22
58 90
69 93
90 97
21 71
68 26
89 92
25 13
81 82
66 54
77 18
63 18
94 60
39 98
36 47
76 61
23 12
7 44
1 72
32 47
26 74
98 19
3 72
15 97
15 22
99 62
34 88
9 54
71 80
51 88
94 42
97 67
5 89
92 59
40 87
1 84
35 101
85 74
10 15
90 93
54 78
26 96
24 73
50 9
41 77
13 50
44 87
58 75
84 22
34 18
72 50
16 9
11 100
55 101
81 46
71 42
6 25
10 43
60 11
11 91
14 76
85 33
89 36
72 7
71 21
6 2
18 43
86 73
62 100
82 15
92 37
58 64
22 56
8 19
81 57
80 48
47 83
33 2
24 79
86 0
57 70
33 91
43 15
18 51
13 101
94 26
58 92
36 77
5 69
48 36
83 79
9 10
31 22
44 53
67 35
53 0
47 24
77 96
27 37
100 86
34 46
84 31
45 21
10 36
49 7
82 22
5 93
59 7
78 26
3 61
96 25
77 92
52 40
66 90
32 12
94 6
36 88
54 62
87 69
96 74
7 84
39 79
20 84
0 74
4 24
97 61
79 62
96 11
36 24
23 71
64 16
18 77
26 28
5 84
20 42
55 18
51 15
93 15
67 10
58 35
99 36
95 52
52 77
60 16
42 14
47 22
85 70
24 59
24 83
77 36
28 47
13 90
47 15
59 82
93 45
14 34
73 64
86 93
2 74
40 34
84 84
100 69
25 20
92 82
75 94
82 18
0 43
9 102
96 68
101 53
70 11
70 2
49 82
55 72
76 49
69 20
28 28
16 68
4 26
31 57
20 62
48 9
12 76
97 27
0 29
83 83
86 44
60 63
64 68
99 67
68 89
4 37
80 34
60 74
71 9
80 54
17 14
30 73
29 43
77 2
28 6
1 56
58 47
33 58
10 11
79 46
55 34
92 41
73 9
56 57
100 94
93 7
70 22
19 22
24 68
30 63
56 32
17 50
8 94
89 27
56 61
47 34
25 70
71 78
86 46
10 1
31 68
20 60
20 51
87 36
70 52
81 13
14 7
8 27
43 59
92 43
86 101
101 1
19 13
30 89
32 63
29 94
6 4
101 101
62 54
16 95
24 55
58 77
87 71
44 33
68 28
80 15
32 73
87 99
66 70
53 100
50 24
72 11
45 59
13 99
67 21
16 35
22 54
74 55
80 56
27 90
23 2
61 83
26 4
29 90
84 15
19 46
99 26
50 86
24 92
86 26
39 37
30 20
9 13
35 90
64 33
62 27
12 26
52 21
53 19
6 59
96 48
1 18
98 16
78 75
93 27
7 6
98 65
68 51
18 79
47 48
0 52
42 57
7 57
95 27
16 57
54 91
66 68
24 28
4 35
3 68
74 59
55 70
44 57
42 96
10 19
48 68
17 22
24 4
46 77
32 6
9 44
26 60
54 39
56 93
60 65
37 63
64 44
24 18
10 66
64 27
26 0
40 21
96 94
84 39
61 75
41 85
42 67
29 58
8 42
71 92
87 24
61 86
85 83
82 55
83 0
81 86
23 91
86 79
52 13
89 51
39 36
59 84
34 48
70 0
70 19
34 28
86 81
32 87
12 44
28 59
43 68
2 57
12 42
82 2
66 88
32 49
65 47
83 9
4 1
94 11
0 14
95 50
101 28
66 98
79 17
88 38
21 27
94 72
85 35
53 14
49 21
48 25
91 8
56 59
32 82
16 7
44 39
4 91
1 41
40 14
77 65
91 62
62 98
37 22
37 36
100 60
2 79
37 4
53 90
85 24
58 58
30 46
49 34
101 49
47 20
101 81
56 51
50 13
84 1
81 59
74 7
27 94
82 11
34 6
25 42
27 76
2 0
66 52
65 24
45 74
15 77
19 44
40 39
96 96
11 98
60 102
54 43
62 91
73 93
82 48
56 68
16 18
43 46
96 45
48 101
88 49
22 28
10 17
2 13
92 6
84 37
8 37
45 55
51 84
26 77
26 35
99 54
41 16
30 35
99 38
72 77
14 56
33 78
99 84
75 82
66 45
73 81
43 55
64 88
96 17
98 60
41 98
65 5
31 91
94 48
60 45
17 34
96 19
75 98
33 22
22 42
26 58
52 24
42 33
16 59
101 51
16 52
101 35
87 77
83 20
90 95
62 46
54 80
4 78
29 30
78 91
48 23
71 71
42 4
59 18
66 8
18 20
39 77
102 10
14 65
60 90
38 24
25 2
69 44
79 36
82 67
6 63
18 59
55 99
80 68
14 18
100 30
0 54
22 3
76 76
60 76
41 47
70 8
65 35
67 24
78 32
1 81
11 21
0 86
39 63
0 47
7 40
10 26
6 94
33 61
82 30
27 12
72 59
0 12
8 25
7 61
98 25
22 84
92 96
76 78
97 21
71 4
16 20
10 95
14 36
53 88
11 45
33 71
81 20
95 4
74 72
57 34
56 47
99 7
23 69
33 89
73 57
15 50
60 80
37 73
6 27
97 63
69 70
95 9
77 34
72 13
3 56
37 41
32 20
92 98
54 56
40 3
64 66
59 86
68 45
53 98
78 41
75 96
1 4
41 55
83 24
14 100
98 86
16 16
62 12
44 70
24 53
63 14
100 82
49 15
65 26
54 58
94 16
47 60
12 48
77 94
62 89
33 80
40 65
73 5
78 48
61 14
89 62
73 45
64 55
10 28
73 91
68 19
80 84
30 48
61 18
32 70
63 29
92 86
101 84
83 61
99 88
78 16
48 70
86 38
83 100
79 19
5 55
28 36
31 18
48 1
90 37
85 101
9 91
34 73
5 38
23 94
30 96
63 25
50 100
58 62
51 8
52 38
12 36
24 0
21 88
55 45
33 50
91 58
15 33
3 83
33 16
88 79
49 32
93 9
69 27
77 63
60 92
27 14
38 2
49 84
15 84
53 17
33 68
0 45
100 9
12 28
83 13
77 28
62 65
88 46
60 9
57 45
36 0
69 29
82 65
29 45
19 89
98 69
71 6
35 2
51 39
40 7
44 42
94 83
80 66
24 77
43 37
48 50
93 63
3 87
1 101
23 17
51 97
87 27
44 35
20 46
53 81
99 28
26 19
79 2
89 17
41 32
2 70
53 42
33 30
45 46
50 50
14 20
72 73
89 71
18 61
34 69
41 12
64 7
1 88
34 0
81 64
4 70
18 67
50 71
25 37
73 43
38 80
22 52
