96 3
76 59
51 99
31 94
67 6
95 14
63 36
95 74
89 63
95 46
98 93
64 31
18 68
39 3
12 46
33 16
93 41
64 99
78 92
40 24
29 4
88 92
31 31
91 83
19 50
54 41
31 63
38 40
27 57
87 1
97 5
67 37
36 78
49 98
45 101
46 67
20 26
20 28
70 9
51 22
64 91
19 85
25 75
65 37
46 61
63 101
13 78
25 5
34 78
22 101
62 25
4 35
47 71
78 30
9 78
87 47
9 18
68 35
84 11
3 15
90 87
87 75
91 40
65 58
94 62
57 91
66 30
40 5
31 27
55 48
75 63
28 96
37 38
47 100
49 15
22 58
4 89
12 30
6 83
87 49
62 55
62 82
7 59
6 41
92 61
101 2
32 26
8 12
93 5
73 79
56 72
50 48
0 80
31 7
83 85
34 61
66 31
26 45
21 85
16 13
27 4
62 15
72 70
44 60
1 16
81 61
22 42
89 50
4 58
93 39
35 39
61 88
19 87
63 33
57 63
81 1
25 56
69 7
94 97
54 78
43 41
71 94
87 25
8 29
94 17
28 74
56 100
25 94
101 11
76 76
12 88
51 31
46 1
39 41
42 53
0 0
70 89
27 43
96 71
8 50
44 45
50 42
90 73
63 67
58 99
25 72
24 57
74 91
84 94
1 59
80 31
71 76
7 36
41 37
16 79
49 8
11 79
69 88
22 82
33 30
22 99
70 74
65 53
65 18
40 95
23 11
24 16
71 45
15 15
88 77
99 35
16 30
53 58
28 33
38 96
91 16
41 86
33 24
48 85
32 61
8 8
25 11
72 75
9 98
68 69
74 73
98 37
16 58
73 62
26 33
90 36
87 94
0 8
56 33
52 87
46 52
3 17
0 36
92 85
15 67
12 86
81 45
93 94
59 10
83 17
66 20
25 44
91 64
41 35
59 60
78 64
83 58
80 44
51 44
95 95
72 42
7 93
25 31
83 32
75 80
64 46
18 95
51 70
43 75
42 39
42 88
61 27
58 36
42 6
29 6
37 75
57 49
27 35
10 90
89 43
71 47
80 29
100 96
101 55
99 6
35 75
35 5
22 16
86 93
84 81
60 79
82 3
38 21
47 69
63 63
46 35
11 102
9 93
22 89
16 69
88 74
14 8
23 80
51 33
42 77
71 1
71 49
52 7
13 68
84 19
55 90
78 45
69 50
98 95
1 78
5 43
60 48
61 1
3 60
0 88
42 84
96 92
87 17
29 89
40 83
48 61
45 44
13 66
35 63
60 99
4 61
51 12
78 26
31 71
38 23
59 90
69 93
91 97
21 71
68 26
89 94
26 13
81 83
66 55
77 17
63 17
96 61
39 97
35 47
75 61
24 13
7 43
1 72
32 47
26 74
97 19
3 72
16 95
15 22
100 62
34 89
7 49
71 80
51 89
93 43
97 67
6 88
94 60
39 87
1 84
34 101
85 76
8 14
91 93
54 76
26 96
24 73
51 10
40 77
15 49
43 86
58 75
83 22
35 19
71 51
16 11
11 99
54 101
81 47
71 43
6 26
11 42
60 12
11 92
13 76
83 34
88 36
73 7
72 20
5 2
18 42
86 74
61 101
82 15
91 38
59 64
22 55
9 16
81 57
80 49
48 83
33 3
24 79
86 101
58 69
33 92
42 16
18 52
12 100
94 25
58 92
36 76
5 68
47 35
83 79
8 10
32 22
44 52
66 35
53 0
46 23
77 96
26 38
101 86
33 46
81 33
45 19
10 35
51 8
81 22
5 92
59 8
80 27
2 61
96 24
76 92
52 40
66 91
34 15
94 7
36 90
55 63
88 70
96 73
7 85
38 79
20 83
0 73
4 26
98 63
79 62
96 12
35 24
23 72
64 15
17 77
24 29
5 85
20 41
55 18
52 15
92 17
68 9
59 35
100 37
95 51
52 77
60 15
43 14
47 21
86 70
23 59
24 83
78 37
28 46
12 90
48 17
60 83
93 45
12 32
73 64
86 95
2 73
40 34
85 85
100 70
24 20
93 84
74 93
82 18
1 44
9 100
96 69
101 53
72 11
70 3
50 82
58 71
79 51
70 20
26 29
17 67
5 28
31 59
21 62
49 10
11 77
97 26
0 29
84 83
87 42
61 63
65 69
99 68
68 90
6 38
80 34
60 75
72 9
81 53
17 15
30 73
29 42
79 0
27 6
1 56
58 47
33 59
10 11
79 47
56 36
91 42
74 8
56 57
100 94
94 9
71 22
19 24
24 68
30 64
55 34
17 50
8 95
89 27
57 61
47 33
25 70
71 78
87 45
9 0
30 68
21 60
20 51
86 36
69 52
81 13
14 10
9 28
43 58
91 44
86 99
100 0
18 13
30 89
32 64
29 94
6 4
101 101
63 53
17 93
24 55
58 77
87 72
44 33
67 28
80 15
32 73
84 98
67 70
53 100
50 24
74 10
45 59
12 98
68 21
14 33
22 53
76 57
80 55
27 90
22 1
62 84
25 3
29 91
84 15
20 45
99 26
50 86
24 93
85 26
39 38
32 20
10 13
34 91
65 33
63 27
13 26
53 21
53 19
5 60
96 47
2 18
97 17
76 74
93 27
6 6
99 66
67 51
18 79
48 48
0 52
42 56
6 58
95 26
18 57
54 92
67 68
23 31
5 36
3 68
74 60
56 70
44 56
42 94
10 17
49 69
17 23
22 3
44 76
31 5
9 43
25 60
54 39
56 93
61 65
37 64
63 45
23 18
11 67
65 28
25 0
40 22
96 94
83 37
62 76
40 85
43 66
29 58
8 41
71 91
86 24
62 86
86 83
82 55
83 102
82 87
23 91
85 79
53 14
91 49
39 36
60 85
33 48
69 1
70 18
33 28
87 81
32 88
12 44
27 59
44 68
2 58
13 42
83 1
67 88
31 49
66 47
83 10
4 1
94 12
1 14
95 49
101 27
66 101
79 17
87 38
22 27
94 72
85 34
54 15
49 20
48 24
92 9
57 59
32 82
16 9
44 39
5 90
101 43
42 12
76 64
92 63
62 99
36 23
37 36
100 60
2 80
37 4
53 90
84 24
58 58
30 45
49 34
0 50
48 19
0 82
55 50
51 14
85 0
81 59
75 6
27 94
82 11
33 5
25 42
27 76
2 0
67 53
65 24
45 75
15 77
20 43
40 39
96 96
10 97
59 101
54 43
62 91
72 92
82 49
57 68
17 19
43 47
97 46
47 102
89 48
22 29
10 15
3 13
92 7
84 36
9 37
45 54
52 85
26 77
25 36
99 54
41 14
29 35
101 38
72 77
16 56
32 78
100 85
75 82
65 45
73 81
43 54
65 89
95 19
98 61
41 96
66 5
31 91
94 47
60 46
16 32
96 21
75 97
34 22
22 40
25 58
52 23
42 33
18 60
100 51
16 52
101 35
86 77
83 20
91 95
62 46
56 77
3 78
27 31
78 90
48 22
70 72
42 4
59 17
67 8
19 22
38 77
0 10
12 65
61 90
37 25
24 1
69 44
80 36
82 66
5 63
19 59
54 99
80 67
15 18
100 29
1 54
20 3
74 75
60 77
43 49
71 7
64 35
67 24
78 32
2 82
11 19
1 86
39 64
102 48
7 40
11 26
6 94
33 63
81 30
27 11
72 58
1 12
8 26
6 61
98 24
22 84
93 96
74 78
98 21
72 3
17 21
10 95
12 34
53 88
10 44
33 71
81 20
95 5
74 71
57 34
56 47
101 7
22 70
32 90
74 57
15 51
61 81
36 73
7 28
99 64
68 71
95 10
78 35
73 12
3 56
37 42
34 20
93 98
54 56
41 3
65 67
60 87
67 45
52 98
78 42
75 95
1 2
41 55
82 24
14 99
99 87
17 17
62 11
45 69
24 52
63 13
100 83
50 16
66 26
55 59
93 19
48 59
14 47
76 94
63 90
33 80
41 65
73 5
78 49
61 13
91 62
73 46
64 55
11 28
72 90
68 19
81 85
30 47
61 17
32 69
64 29
92 87
102 84
83 60
101 88
78 15
49 71
85 37
82 100
79 19
5 56
27 37
33 18
48 2
89 38
84 100
9 91
34 73
8 38
23 94
30 95
64 26
49 101
59 62
53 9
52 38
11 33
23 102
21 87
56 45
33 50
93 59
14 31
3 83
35 17
87 79
49 32
93 11
69 28
77 62
60 92
28 13
37 2
50 84
14 86
53 17
32 67
0 46
101 9
14 28
83 13
78 28
63 65
89 46
61 10
58 45
36 0
68 30
82 64
28 44
20 89
98 69
71 5
35 3
50 40
40 7
44 43
94 86
80 65
24 77
43 37
49 50
94 64
4 87
1 101
21 18
50 97
87 27
43 35
22 44
56 80
99 28
25 18
80 2
89 16
41 32
2 70
52 43
31 29
45 46
51 50
15 20
72 73
89 72
19 61
34 69
44 12
65 6
2 87
34 1
80 63
4 70
19 66
50 72
24 38
72 44
37 80
22 51
