97 3
77 58
52 100
32 95
68 5
94 14
61 36
97 71
91 64
96 46
98 94
64 31
18 67
39 2
13 46
33 17
93 41
64 0
78 93
42 24
31 5
87 94
31 31
89 85
19 50
55 40
29 65
37 40
25 59
86 0
99 4
65 37
38 76
50 99
47 0
43 66
20 26
19 28
71 8
49 20
63 91
19 85
25 75
63 37
44 61
63 2
14 79
27 6
36 77
22 1
63 25
7 36
44 70
78 30
11 78
89 48
5 16
67 36
84 12
4 12
91 88
88 76
91 41
62 57
96 61
56 91
66 30
40 4
33 27
56 48
76 62
28 95
36 38
49 101
49 14
19 57
4 88
11 29
7 82
89 50
64 52
60 82
7 60
7 41
94 61
1 4
35 27
8 11
95 5
73 78
56 70
55 46
2 80
34 8
85 86
31 62
66 32
26 44
21 85
15 14
29 5
64 17
72 70
42 60
2 13
82 61
22 40
91 50
3 58
92 39
35 36
61 88
20 87
63 33
58 64
80 1
23 57
70 7
94 98
53 79
43 42
71 95
89 23
7 29
93 16
28 75
58 100
26 92
0 10
77 75
13 91
48 30
47 2
39 42
43 53
2 2
70 91
26 42
96 67
12 48
44 43
52 41
90 74
63 70
58 0
26 72
21 57
74 92
84 96
0 61
80 30
71 76
10 36
40 38
16 80
48 8
12 80
68 89
21 82
34 30
23 101
71 74
67 51
66 20
37 94
24 11
25 15
70 45
15 16
89 78
98 36
14 28
57 57
26 34
35 95
90 18
44 87
34 25
48 86
29 63
8 7
26 11
73 74
7 98
68 68
74 73
99 37
14 55
75 61
24 34
90 36
88 96
101 7
57 35
52 86
47 55
4 14
100 33
91 86
15 67
15 90
83 47
93 95
63 11
85 17
68 21
24 43
93 65
41 36
61 61
79 63
85 59
82 45
52 43
94 96
71 41
7 93
23 32
84 30
75 79
65 46
16 98
48 69
41 71
42 40
45 89
61 27
58 39
40 6
32 7
35 73
58 48
25 35
11 92
90 44
70 47
80 28
99 98
100 56
99 6
34 75
36 5
23 14
86 95
86 82
57 79
81 3
39 22
45 68
63 67
46 36
7 0
8 95
23 89
16 68
88 74
11 12
22 80
49 32
41 73
72 1
72 47
51 6
15 70
86 19
55 89
81 46
70 49
98 96
2 78
6 42
61 47
60 3
2 60
1 87
44 85
96 93
87 17
30 89
43 84
46 62
46 43
13 69
33 63
60 0
4 62
51 11
77 26
30 71
40 24
58 90
69 94
90 98
22 70
69 27
89 94
26 13
84 85
67 53
79 19
64 19
97 60
37 97
35 46
77 60
24 13
8 43
2 68
31 46
26 74
97 17
2 70
16 96
16 23
101 61
36 91
10 47
72 80
51 88
93 43
99 65
6 88
95 59
42 88
2 83
33 0
86 77
7 13
91 93
54 77
26 94
24 73
52 9
39 73
16 48
46 87
58 76
85 23
36 19
72 50
15 12
8 100
56 102
83 49
69 43
5 26
12 43
64 13
10 94
15 77
84 32
88 36
74 6
72 24
6 2
18 41
86 75
61 2
83 16
90 39
60 65
20 55
6 14
83 57
82 50
47 85
34 4
24 79
85 100
59 67
33 94
42 16
18 52
9 0
98 23
57 92
36 75
7 71
48 36
85 81
9 9
34 23
45 54
65 35
54 0
45 21
77 96
25 39
0 85
33 45
82 31
44 18
12 35
50 8
83 22
5 92
65 10
79 26
2 62
99 24
76 92
53 40
65 91
35 15
96 7
37 92
57 62
88 71
98 69
6 84
39 75
20 84
0 68
2 26
99 61
80 62
95 12
36 25
24 71
66 18
18 80
22 30
4 85
20 40
53 18
52 15
91 16
69 9
60 37
100 35
97 50
52 77
62 16
44 16
46 19
86 71
20 59
23 81
79 36
27 45
12 93
48 16
58 83
94 45
12 31
74 63
86 97
0 70
40 34
87 86
100 68
24 18
91 84
74 94
84 19
100 49
6 100
97 65
100 54
72 10
71 3
47 83
58 69
80 52
70 24
24 30
16 66
4 27
27 62
17 61
50 10
13 78
98 26
99 32
86 84
88 43
62 65
65 70
101 66
68 91
8 37
80 32
60 76
73 8
80 56
17 15
28 73
28 41
78 0
29 7
0 57
59 47
29 61
10 11
81 48
56 39
91 43
75 8
60 58
100 96
94 8
70 26
19 24
25 68
29 67
56 37
17 50
6 95
91 23
59 62
46 34
26 70
71 78
88 46
5 0
31 68
18 59
20 51
86 35
71 51
81 15
13 13
8 27
42 58
92 45
85 98
0 2
16 13
32 90
31 66
30 94
8 3
1 0
65 51
18 96
22 55
56 77
87 73
44 34
67 29
81 17
30 73
83 98
68 70
54 101
49 22
74 10
44 59
10 100
68 23
14 31
21 53
78 57
81 58
29 90
24 3
60 84
27 4
30 91
85 15
21 44
100 28
50 86
25 90
88 25
38 38
33 21
9 12
35 93
65 33
63 27
11 26
51 19
52 17
4 60
96 48
2 15
95 15
76 73
96 23
7 5
101 64
69 50
17 82
54 44
101 53
42 56
5 58
97 25
16 55
54 91
66 68
21 32
8 35
6 69
75 59
57 68
44 57
39 94
7 16
47 67
17 23
25 4
43 72
33 6
10 43
21 60
54 38
55 92
61 67
35 62
64 44
23 16
13 71
65 28
27 1
41 22
96 95
83 35
60 78
42 86
39 66
26 60
9 41
70 93
87 23
61 86
88 84
82 56
82 101
84 88
22 91
87 80
53 13
93 49
39 36
59 85
33 47
70 1
72 22
34 28
88 82
34 90
13 45
24 60
41 67
1 59
14 43
82 1
66 89
31 48
67 47
82 10
5 3
93 12
2 11
95 49
99 30
65 2
81 19
86 37
21 28
96 69
86 33
54 14
48 18
47 22
92 8
59 60
33 78
13 11
44 40
6 90
100 47
44 14
77 64
95 63
62 0
38 23
37 36
101 59
4 79
38 3
53 89
86 24
61 59
29 44
48 34
101 51
46 17
1 82
56 50
51 13
84 0
83 59
76 6
28 93
82 12
35 6
24 41
27 76
4 2
69 52
67 24
42 70
16 78
20 42
40 40
96 97
9 98
59 2
56 42
61 92
72 93
84 51
58 66
17 19
43 45
98 46
49 0
91 48
20 30
8 14
4 10
94 6
84 34
12 37
45 56
51 84
25 77
24 37
98 56
42 14
27 35
0 35
73 76
15 53
34 77
101 84
76 81
66 45
74 80
44 55
64 89
94 17
99 59
39 96
67 4
32 93
94 47
61 45
15 29
96 19
75 98
36 23
21 38
22 59
51 21
42 34
15 57
99 52
16 52
98 34
87 78
84 21
91 95
63 46
55 79
4 77
25 32
77 91
47 20
70 72
42 4
60 17
68 7
19 22
37 74
0 8
11 70
60 90
39 25
26 3
68 44
81 35
82 67
5 64
17 57
56 99
80 67
15 18
97 31
102 55
23 4
75 75
58 78
44 47
72 7
63 35
69 25
78 32
3 81
6 18
2 85
36 63
99 50
9 39
9 26
5 94
31 64
82 29
27 12
74 57
2 9
7 26
6 62
101 26
22 83
92 97
75 77
98 18
73 3
17 21
8 97
13 33
53 87
11 45
31 72
82 20
97 5
74 71
58 37
57 46
99 8
24 69
34 92
76 57
15 50
58 81
33 73
6 27
100 63
70 70
95 10
79 34
74 12
2 57
37 42
35 21
92 99
59 57
41 2
64 68
59 87
68 46
54 99
81 44
75 96
3 4
42 54
84 24
11 0
100 86
17 17
65 14
43 68
23 53
66 16
101 82
50 16
67 26
58 59
92 18
45 60
14 48
76 94
62 90
34 79
38 65
75 4
80 50
64 15
93 63
72 45
65 53
10 27
72 91
70 22
83 87
29 47
62 18
31 70
64 29
93 87
0 83
84 61
101 87
79 17
46 69
84 36
81 99
80 21
4 56
26 37
34 19
49 2
88 38
83 100
9 93
32 74
10 38
24 92
30 96
65 26
51 101
60 63
52 7
52 38
11 33
25 1
22 87
56 44
32 49
93 59
13 29
4 83
35 17
89 80
47 32
93 10
69 29
78 62
59 92
28 14
37 1
49 84
14 92
54 16
33 69
98 48
101 9
12 28
83 14
78 28
62 69
90 46
65 12
58 45
35 1
68 31
83 65
28 43
21 89
98 67
73 5
36 3
51 39
38 5
45 41
93 85
81 65
23 77
43 38
53 45
97 63
5 86
3 0
21 16
52 98
90 25
43 36
22 42
53 81
98 28
25 17
79 2
89 17
41 33
4 69
54 42
32 29
45 45
54 47
15 20
72 72
89 72
16 59
33 71
46 15
66 6
3 87
34 2
81 63
4 70
18 65
48 71
23 39
71 43
40 77
22 51
