96 3
77 58
52 99
31 95
69 5
92 13
61 36
97 71
93 66
95 46
99 96
64 31
18 67
39 2
13 47
32 18
93 41
65 0
78 93
42 23
31 6
88 93
31 31
90 85
20 50
55 40
29 65
38 40
24 59
86 0
98 4
65 37
38 76
50 99
47 101
44 66
18 26
17 28
71 8
49 20
64 91
19 85
24 75
63 37
44 61
63 2
15 80
27 8
36 77
24 1
62 25
6 37
44 70
78 30
11 79
88 47
5 16
67 36
83 12
4 12
93 86
88 77
91 40
63 58
96 62
56 91
65 30
40 4
33 27
56 48
76 62
28 94
36 39
49 100
49 14
19 57
5 88
10 30
7 83
89 49
63 52
60 82
6 59
7 41
94 62
1 4
35 27
8 10
95 5
73 78
56 69
55 46
2 80
34 8
86 87
31 62
66 32
25 44
21 85
15 14
29 6
63 17
71 70
43 61
2 13
82 61
21 40
91 50
3 58
92 39
35 37
61 88
20 87
62 33
58 64
81 0
23 57
70 6
95 99
52 79
43 41
71 94
89 23
6 30
92 15
28 75
58 99
27 90
0 10
76 75
12 91
47 29
48 1
39 42
44 53
2 2
70 90
25 42
96 67
12 49
44 43
52 42
90 74
63 70
58 102
26 72
21 57
74 92
85 96
0 61
80 30
71 76
10 36
40 38
16 82
51 8
13 81
69 88
20 81
33 31
26 102
70 73
67 52
65 20
37 95
23 11
24 15
70 45
15 16
89 78
99 36
13 28
57 57
25 33
35 96
91 19
44 87
34 25
48 87
29 63
8 7
25 12
72 74
7 98
68 68
74 73
101 36
14 55
74 61
23 33
90 36
89 95
100 7
57 35
52 86
47 55
4 14
99 32
92 85
14 67
14 90
81 46
94 95
62 11
85 17
67 21
23 42
95 66
41 36
61 61
79 63
85 58
80 44
52 44
95 97
71 42
6 93
22 32
84 30
75 79
64 47
16 96
48 69
40 71
42 39
45 89
61 27
58 39
40 6
32 8
35 73
58 48
24 35
10 92
90 44
70 47
80 28
100 99
100 57
99 6
34 75
36 5
22 15
87 95
87 83
56 81
81 2
38 22
45 68
63 67
45 35
7 0
8 94
24 88
16 68
88 74
11 12
21 79
49 31
41 73
72 0
72 48
54 7
15 69
86 19
55 89
79 46
70 49
99 98
3 78
6 43
61 47
60 3
2 60
1 87
45 85
98 94
87 17
31 89
44 83
46 62
46 42
13 69
33 63
60 102
3 62
52 12
77 25
29 71
39 24
59 90
69 93
91 98
22 70
68 27
90 94
26 14
84 85
67 54
79 19
63 20
97 60
37 97
34 46
76 60
24 13
8 43
1 68
30 45
26 74
96 15
3 70
18 95
15 22
100 61
36 92
11 47
72 80
52 88
93 43
99 65
7 88
95 60
42 87
3 83
33 1
86 77
7 12
92 94
54 78
26 92
24 73
53 10
39 73
16 48
46 87
57 77
85 22
35 20
72 50
15 12
8 100
56 101
81 48
69 43
4 27
12 43
62 13
10 94
15 78
84 32
88 35
74 5
72 24
6 2
18 41
86 75
61 1
83 16
90 38
59 65
20 55
6 14
83 57
80 50
47 85
34 5
23 79
86 100
59 67
33 94
41 15
18 52
9 102
99 23
58 92
36 75
7 70
47 35
85 81
9 8
33 24
45 54
65 35
55 0
45 20
77 96
25 38
0 85
32 45
82 31
44 17
12 35
53 8
83 22
5 92
63 10
79 26
1 62
100 25
76 92
53 40
66 91
33 16
95 7
37 93
57 62
87 71
98 69
6 85
39 75
20 83
102 68
1 27
98 62
80 61
94 12
36 25
24 71
65 18
18 81
20 30
4 85
19 39
53 19
53 15
91 17
69 8
60 38
100 34
96 50
52 77
61 17
43 15
46 18
85 72
20 59
22 81
79 36
27 45
12 93
49 16
58 83
94 45
11 32
74 63
87 97
0 70
40 34
88 86
100 69
23 19
90 83
74 94
84 19
100 49
6 100
97 65
99 54
73 9
71 2
48 83
58 69
78 51
70 24
22 30
16 66
3 29
27 61
17 61
51 10
13 79
99 26
97 32
86 85
88 43
62 65
65 70
100 67
68 90
8 38
80 32
59 78
73 7
79 56
17 15
28 73
27 41
79 101
29 8
102 57
59 47
29 61
10 10
79 48
56 39
91 42
76 7
61 58
101 97
93 8
70 26
19 24
25 68
29 67
56 37
17 50
6 95
91 23
59 62
46 33
25 70
71 78
88 45
5 0
30 68
18 59
21 52
86 35
71 51
81 15
13 13
7 28
42 58
92 44
85 98
0 2
17 13
32 91
30 66
30 93
8 3
1 0
65 51
18 97
22 56
56 78
86 73
44 33
67 28
81 17
30 73
83 97
67 70
54 100
49 22
75 9
44 59
10 100
68 23
13 31
22 54
77 56
81 57
29 90
24 3
60 84
27 6
30 91
85 15
20 44
100 28
50 86
25 89
88 24
38 38
32 22
9 12
35 94
64 33
63 27
10 26
51 19
52 17
4 60
96 48
2 15
94 14
76 73
97 23
7 5
101 65
69 51
18 83
54 44
101 53
42 56
5 58
98 25
16 55
54 91
66 68
20 32
8 36
6 68
75 59
57 68
44 57
39 94
7 16
47 68
17 23
25 5
42 72
33 6
10 44
21 61
54 38
56 92
61 67
35 64
64 45
23 17
13 71
65 28
28 2
40 22
97 96
83 35
60 80
43 85
40 66
25 61
9 42
70 92
87 23
61 86
88 84
81 55
82 101
85 89
24 90
87 81
53 13
92 48
39 36
59 85
32 47
70 1
71 22
34 29
89 82
34 90
13 45
23 61
42 66
1 59
14 43
82 0
67 89
30 47
66 47
82 10
5 3
92 11
2 11
94 49
99 30
65 2
81 19
87 37
19 28
95 69
86 32
55 15
48 18
47 22
91 7
60 60
33 78
13 11
44 39
6 90
100 47
44 13
77 64
96 64
62 0
37 24
37 37
101 59
4 79
37 3
53 89
86 24
62 59
29 44
48 33
100 51
47 17
2 82
56 50
51 14
84 101
82 59
76 5
28 92
82 13
35 7
24 40
26 76
4 2
69 53
66 24
42 70
17 80
19 41
40 40
97 98
9 98
59 1
56 42
62 91
72 93
82 50
57 66
17 19
44 44
97 46
49 0
90 48
18 30
8 14
4 10
93 6
84 34
12 37
46 56
51 84
25 77
23 37
98 56
42 14
26 35
101 33
73 76
15 54
34 77
101 84
76 81
66 45
74 80
44 55
65 89
94 16
99 60
38 96
67 3
32 93
94 47
61 45
14 30
96 17
75 98
35 24
21 38
22 59
51 21
42 34
15 57
99 52
16 52
98 34
87 79
84 20
92 96
63 46
54 80
5 78
24 31
78 91
47 20
70 71
42 4
59 18
68 7
18 22
37 74
0 8
11 70
61 90
38 25
26 4
68 44
81 34
82 66
5 63
17 57
56 99
80 67
15 18
96 30
101 55
23 4
74 75
58 79
45 46
72 6
63 35
68 25
78 32
4 81
6 17
2 85
37 64
98 50
9 40
8 27
4 94
31 64
82 29
27 12
73 57
2 9
6 27
6 61
101 27
22 83
93 97
75 77
98 16
73 2
17 21
7 96
13 33
54 87
11 45
31 72
82 20
97 5
73 71
58 37
57 46
99 8
23 69
34 92
75 57
15 50
58 81
33 73
5 29
100 63
69 69
94 10
79 34
74 11
1 57
37 42
34 22
92 99
59 56
41 2
64 68
59 87
68 46
54 98
78 44
75 96
3 4
42 54
84 24
11 101
100 86
17 17
64 14
43 68
24 54
64 16
0 82
51 16
67 26
59 58
93 17
46 60
14 48
76 94
63 90
35 79
39 64
75 3
78 49
63 15
94 64
72 46
65 53
9 28
72 91
69 22
84 87
28 46
61 19
31 70
63 29
94 84
1 83
84 60
102 87
79 17
46 70
85 36
82 99
80 21
3 56
25 37
33 20
50 2
89 37
84 99
8 92
32 74
10 38
25 91
29 95
65 26
51 101
60 63
55 9
52 38
10 33
26 2
22 86
56 44
32 49
93 61
12 30
5 83
34 18
89 80
47 31
92 9
69 29
78 62
60 92
28 14
37 2
49 85
14 92
54 17
32 69
98 48
101 9
11 28
83 14
78 27
62 69
90 46
64 12
58 45
35 1
67 30
83 64
27 43
22 88
98 67
73 4
35 3
51 40
38 5
45 41
92 83
81 65
23 77
43 37
53 46
98 64
5 86
3 0
21 16
52 97
90 25
43 35
21 42
52 81
98 28
25 17
79 1
89 18
41 32
3 68
54 42
32 29
46 44
54 48
15 20
72 72
88 72
16 59
33 71
45 15
66 5
3 87
33 3
81 63
5 70
17 65
47 71
23 39
71 44
40 77
23 52
