97 3
76 58
52 99
32 95
68 3
93 13
62 36
98 72
93 67
95 46
100 95
64 31
17 67
39 1
12 47
32 19
92 41
64 0
76 95
43 23
31 6
89 94
34 31
91 86
18 50
55 40
29 65
38 40
24 59
85 0
98 3
66 37
37 77
50 98
47 101
44 67
17 28
17 30
71 7
49 19
64 91
19 85
24 75
64 37
45 62
63 2
15 81
28 8
35 78
24 1
62 25
7 37
44 71
79 28
11 81
88 48
5 16
67 36
84 12
4 12
95 86
88 78
90 41
63 58
96 63
57 91
65 30
40 3
35 28
56 48
75 62
28 94
37 38
49 99
48 14
19 57
5 88
10 30
8 82
88 50
64 52
59 82
6 59
7 41
94 63
3 4
37 27
8 10
95 4
73 78
56 69
55 46
3 79
34 8
87 88
31 62
66 32
26 44
21 85
15 15
29 6
63 17
71 70
43 61
2 13
81 60
22 40
90 50
2 58
92 39
36 37
61 88
21 87
63 33
58 64
80 102
23 57
69 5
96 99
51 81
43 41
69 93
90 23
6 30
93 15
28 75
58 100
27 91
0 10
76 75
13 91
49 30
47 0
39 42
43 54
3 2
70 89
26 42
97 68
11 49
45 43
52 41
90 74
63 70
58 0
25 72
21 57
73 92
85 96
0 61
80 29
71 76
10 37
41 38
16 82
51 6
13 82
69 88
20 81
36 31
26 0
70 74
67 51
65 20
37 95
23 12
25 15
70 45
15 17
90 79
98 35
13 28
57 56
25 33
35 96
91 18
44 88
36 26
48 87
29 63
9 7
25 12
72 74
7 98
68 68
74 73
100 36
14 56
74 61
23 33
90 36
89 96
101 6
57 35
52 86
47 55
4 14
99 32
93 85
14 69
15 90
81 47
94 95
62 10
85 17
66 21
24 42
95 67
42 36
61 61
79 63
83 57
80 45
53 43
96 97
71 41
7 93
22 32
84 29
76 79
65 47
17 99
48 71
40 72
42 40
46 89
61 27
59 39
41 5
32 8
35 74
58 48
24 35
11 92
89 44
70 47
80 27
101 98
99 57
99 5
33 75
36 5
23 15
87 95
88 84
55 81
80 2
39 21
45 69
63 67
46 36
8 102
8 94
24 88
16 69
88 75
11 13
21 79
50 32
40 74
72 102
72 48
54 7
15 71
86 19
55 89
79 46
71 49
99 97
3 77
5 41
61 47
59 3
2 60
2 87
45 86
98 94
87 17
31 89
43 84
47 63
47 43
13 71
33 63
60 0
3 61
50 11
78 24
29 71
41 23
59 90
68 92
92 98
21 71
68 27
90 95
26 14
86 87
68 53
79 19
63 19
96 61
37 97
34 47
75 60
24 14
7 43
2 68
31 46
26 74
96 14
3 70
18 98
14 23
100 61
36 92
10 48
72 80
52 88
92 43
99 65
7 88
94 61
42 88
3 83
33 1
86 78
7 12
92 94
52 79
27 93
24 73
52 10
38 73
15 48
46 87
55 78
86 22
36 20
73 50
15 13
9 100
56 101
81 48
70 43
4 27
11 43
62 12
10 94
15 79
84 31
88 35
73 4
71 24
7 1
18 41
86 76
61 2
83 16
90 38
59 65
20 56
6 14
82 56
80 50
47 85
34 5
23 79
85 101
59 67
34 94
40 17
17 52
10 101
99 23
58 92
35 76
7 70
48 36
86 83
10 9
35 24
45 55
65 35
54 0
46 21
74 97
25 38
1 85
33 46
82 30
44 17
12 35
52 8
84 22
5 91
64 9
80 25
1 62
100 25
75 93
53 40
66 90
33 17
95 6
38 93
57 62
86 72
98 70
7 84
39 75
20 83
0 68
2 27
98 62
79 61
94 12
38 25
23 71
65 18
18 82
20 30
5 84
20 40
53 17
52 14
91 16
69 7
60 38
99 34
96 50
50 79
61 16
42 16
46 19
85 73
20 59
22 81
79 34
27 45
12 93
48 16
58 84
93 45
12 32
73 63
87 97
1 70
41 34
89 87
100 69
25 19
91 84
73 94
84 18
99 49
6 100
97 66
98 55
72 8
71 1
48 83
58 69
79 52
69 23
22 30
15 67
3 29
27 61
17 61
50 8
13 80
98 26
96 32
87 86
87 43
61 65
65 70
101 67
68 90
9 38
80 31
57 78
73 6
78 55
16 16
27 73
28 41
78 101
30 8
101 57
59 47
29 61
10 11
79 48
57 39
90 43
75 6
61 58
101 96
94 7
70 25
18 25
24 68
28 67
56 37
16 50
6 95
92 23
59 62
47 34
25 70
71 78
87 45
6 0
30 68
18 59
19 52
86 34
71 51
82 15
13 14
7 28
42 59
91 45
85 98
1 3
17 14
33 91
30 66
30 93
9 3
2 1
65 51
19 100
22 55
54 79
86 74
45 34
67 28
82 17
29 73
83 98
67 70
54 100
49 21
74 8
44 60
11 99
67 23
14 31
21 54
76 56
80 56
29 90
25 3
60 84
27 6
31 91
85 15
20 44
99 28
50 87
26 89
89 24
39 38
33 23
9 12
36 94
65 33
63 27
10 26
51 18
51 16
4 59
95 48
2 15
95 14
76 73
97 23
8 5
101 65
69 50
18 84
55 44
100 53
42 57
4 57
98 24
16 56
55 91
66 68
20 32
8 36
6 68
74 59
56 67
44 58
39 95
7 16
47 69
16 24
25 5
42 73
33 7
9 44
21 61
55 38
56 93
61 67
35 63
65 44
24 17
14 73
65 28
28 3
42 21
98 96
82 34
58 80
43 86
40 67
25 61
9 42
70 91
88 23
61 86
89 85
80 54
82 101
87 90
24 90
88 82
52 12
92 49
40 36
58 85
32 48
69 0
70 22
37 29
89 83
35 90
12 45
23 61
42 67
0 59
13 43
82 0
67 88
30 48
67 47
82 11
7 3
92 11
2 11
94 49
98 30
65 2
81 19
86 36
19 29
96 70
86 32
53 13
48 18
47 22
92 7
60 60
32 78
13 12
44 39
7 89
99 47
42 14
77 63
96 65
62 0
39 23
38 36
100 59
5 79
38 3
53 90
87 24
62 60
29 45
49 34
100 51
46 17
2 81
57 50
50 13
83 102
81 58
76 4
29 92
82 13
35 7
25 40
26 76
5 2
69 52
66 24
42 71
17 80
20 42
40 40
98 98
9 98
59 2
56 42
62 91
71 93
82 50
57 66
16 20
44 45
97 47
49 101
90 48
18 31
8 14
4 9
93 5
84 33
13 37
45 57
51 85
24 77
24 37
97 56
41 15
26 34
101 32
73 76
15 54
33 77
102 83
76 81
66 45
74 80
43 56
65 89
95 16
98 60
39 97
67 2
32 93
93 47
61 45
14 29
97 17
72 98
37 24
21 38
22 59
51 20
43 34
15 58
98 53
15 52
97 34
88 80
85 20
92 96
63 46
53 81
5 77
24 31
77 92
47 20
70 72
42 3
59 17
67 5
18 23
37 75
0 7
12 73
61 90
40 25
27 4
68 44
80 33
82 65
5 63
17 58
56 99
80 66
14 19
96 30
100 55
23 5
74 75
56 80
45 47
71 5
63 35
68 25
79 30
4 81
6 17
3 85
37 64
98 51
9 40
8 27
5 93
31 64
82 28
27 12
72 57
2 8
6 27
5 61
100 27
22 83
94 97
75 77
98 15
73 1
16 22
8 96
13 33
54 88
10 46
31 72
83 20
97 5
73 71
58 37
57 46
99 8
23 69
34 92
74 57
14 50
57 82
33 73
5 29
99 63
69 70
94 9
79 32
73 10
0 57
37 42
35 22
94 100
59 56
41 1
64 68
59 87
68 46
54 98
78 44
73 96
5 4
41 55
84 24
12 101
101 85
16 18
64 13
43 69
23 53
64 16
0 81
50 15
66 26
58 58
93 17
46 61
13 48
74 95
63 89
34 79
38 65
74 2
78 50
63 15
94 65
72 46
66 53
9 28
72 91
68 21
86 89
29 47
61 18
31 70
63 29
95 84
1 83
83 59
0 87
80 17
46 71
84 35
82 99
81 21
2 56
26 36
34 21
49 1
88 37
83 100
9 92
31 74
11 39
25 91
30 95
64 26
50 100
60 63
54 9
53 38
11 34
26 2
23 86
57 44
32 50
92 62
12 30
5 82
34 19
90 81
48 32
92 9
69 29
77 61
60 92
28 14
37 1
49 85
14 92
53 15
32 69
97 49
101 9
11 28
84 14
78 26
62 69
89 46
64 11
59 45
35 1
68 30
82 63
28 43
22 88
99 68
72 3
36 3
51 40
39 5
45 41
93 83
80 64
22 77
43 38
53 45
98 64
6 86
4 0
22 17
52 97
91 25
44 36
22 42
51 83
97 28
26 17
78 1
89 17
42 32
4 68
54 42
34 30
46 45
54 47
14 21
72 72
88 73
16 59
33 71
44 15
66 4
4 86
33 3
81 62
5 70
16 66
47 73
23 39
72 43
39 77
22 52
