158 62
3 138
157 186
148 85
38 138
188 144
89 1
78 4
30 73
69 0
4 104
125 166
142 71
114 79
37 22
174 28
13 4
54 41
14 201
11 83
58 26
123 132
76 200
108 3
61 42
159 195
69 182
84 165
131 197
12 112
152 171
25 94
94 191
65 11
67 189
59 169
171 125
168 147
106 8
127 0
24 108
38 174
152 120
112 161
115 183
82 109
181 4
128 147
17 17
106 167
140 0
56 180
19 152
195 68
193 154
146 75
149 35
67 1
139 70
42 170
51 152
30 120
200 100
114 121
72 42
62 67
110 108
62 38
200 43
171 88
184 96
90 134
149 104
193 36
157 120
26 62
141 173
109 23
202 198
129 104
100 2
18 50
178 116
183 75
110 94
104 193
143 184
64 37
175 164
101 27
173 181
41 154
99 61
125 19
76 143
170 0
150 55
30 32
155 33
99 57
139 33
93 107
83 51
84 82
158 138
62 33
185 201
168 173
98 67
32 106
200 61
150 94
72 88
111 34
0 10
103 114
155 90
94 43
187 40
21 150
180 147
21 21
126 177
149 200
156 65
78 88
123 63
94 8
184 6
92 130
97 190
203 123
41 185
6 180
123 145
44 39
203 24
7 66
26 128
32 119
173 80
103 185
91 75
36 35
76 74
149 186
47 23
40 111
181 155
70 44
92 46
10 130
72 175
147 17
137 95
75 196
101 75
140 69
20 136
2 82
192 2
61 151
37 17
14 85
74 51
46 141
73 26
184 169
18 3
98 170
93 150
93 117
107 78
16 40
118 131
172 162
142 116
67 5
9 71
136 86
25 11
61 173
110 186
140 59
184 59
186 0
159 12
138 57
20 127
45 102
113 104
96 110
45 49
154 71
62 135
200 159
187 86
38 162
127 4
91 28
45 127
74 91
151 124
36 91
99 147
36 8
69 97
2 52
108 136
93 138
3 24
23 59
62 147
97 173
198 168
58 151
95 141
203 106
49 112
119 34
76 62
146 168
58 17
109 70
156 181
16 104
39 96
54 167
125 50
118 123
16 127
40 80
179 79
25 40
15 18
173 11
153 166
84 43
115 69
103 152
71 11
88 199
97 54
12 52
21 33
133 97
58 57
120 20
51 88
56 200
164 163
50 1
166 35
40 192
111 155
169 132
191 20
142 31
90 179
138 199
38 195
9 61
177 204
144 155
50 100
150 25
131 139
174 103
125 92
42 83
104 41
194 70
202 130
30 81
184 22
112 110
143 113
167 83
125 142
184 19
176 135
34 90
46 114
77 169
9 43
168 162
123 97
67 203
22 158
11 184
110 89
183 77
180 37
158 203
23 169
116 79
135 79
154 141
94 87
110 124
84 145
113 57
147 136
47 175
126 41
90 102
193 176
163 145
95 22
39 153
19 167
83 99
19 94
166 74
197 202
86 153
132 173
73 135
56 94
203 195
132 72
34 189
162 188
158 143
182 193
97 10
48 55
2 34
116 38
83 6
64 178
112 102
195 113
84 152
145 34
120 149
188 191
50 115
161 175
97 71
63 20
47 61
48 37
46 87
186 15
130 176
96 47
14 169
146 32
4 129
60 152
155 48
143 188
103 116
185 12
192 127
169 102
51 186
69 115
33 183
121 123
145 148
192 150
198 148
148 132
69 165
100 16
15 137
170 123
162 79
17 121
11 127
3 89
198 7
142 2
124 42
19 13
139 90
51 65
156 193
17 32
3 0
3 44
29 23
49 18
102 123
197 74
20 62
45 186
143 51
129 18
157 85
70 137
127 67
34 60
93 115
46 118
8 12
177 132
136 37
171 68
181 50
38 33
108 189
90 191
192 0
167 185
147 162
83 64
50 177
21 203
112 153
2 66
49 182
61 23
69 58
128 33
118 136
64 57
41 1
21 168
64 187
179 156
67 18
203 35
51 60
3 163
95 170
147 106
61 53
33 204
135 172
153 154
134 41
69 141
140 148
45 72
203 188
63 118
180 175
108 177
43 102
109 166
193 136
58 189
56 126
115 12
122 169
28 192
153 129
56 174
51 169
157 167
165 169
78 36
37 184
41 73
197 163
16 156
87 144
92 94
202 116
174 128
76 29
114 146
119 65
90 34
141 84
97 107
186 153
191 170
124 111
46 155
156 39
47 63
59 61
197 132
166 48
27 202
57 90
175 38
50 26
137 161
85 76
152 21
184 27
190 68
89 195
120 40
68 137
42 48
41 69
190 128
163 64
64 27
119 186
36 53
8 17
107 101
64 130
193 42
166 125
108 35
27 90
74 107
172 191
120 161
180 163
63 4
81 19
139 60
47 107
199 64
23 154
195 7
54 121
200 38
29 93
122 82
166 105
100 131
68 29
91 13
12 103
3 97
191 12
37 25
53 35
190 155
45 202
100 186
161 152
156 81
189 138
152 196
116 77
136 73
193 44
154 26
153 49
146 151
105 200
119 198
166 99
173 1
19 44
134 120
115 89
51 143
133 119
79 2
123 138
158 193
111 51
136 15
127 181
174 67
126 72
44 11
91 161
76 175
43 126
109 128
25 3
38 166
108 163
61 96
23 49
79 177
42 145
176 39
76 43
63 40
44 172
189 161
26 16
12 40
181 70
52 58
142 191
74 85
38 112
9 174
24 156
27 65
148 117
44 165
32 160
105 49
52 20
70 197
126 157
31 11
164 128
72 70
54 134
188 79
11 22
76 186
16 143
189 166
184 91
95 0
128 142
192 110
187 118
192 89
35 136
21 56
102 82
110 30
175 35
44 63
5 4
122 103
20 16
137 142
127 154
107 17
163 3
49 172
21 146
141 189
125 80
148 109
54 46
91 105
62 82
199 83
75 3
33 108
97 203
16 87
95 32
87 155
70 180
67 46
6 161
119 92
84 202
26 53
95 91
148 87
157 171
63 153
20 88
199 152
114 114
96 114
131 70
144 83
180 11
28 113
35 5
98 96
183 126
84 4
48 40
147 64
77 39
87 53
46 50
69 68
34 157
177 100
96 68
79 130
43 130
149 74
182 8
43 29
115 139
195 5
1 191
140 153
55 33
39 58
122 27
13 164
92 199
64 176
145 39
129 197
174 111
121 186
78 138
3 58
136 138
204 165
27 37
21 8
101 12
88 70
180 28
90 123
124 149
135 49
42 53
179 90
70 161
69 154
44 196
97 195
186 111
110 197
55 131
103 69
72 63
19 25
12 38
159 164
4 147
178 190
182 101
187 65
133 110
193 27
69 113
62 129
47 169
45 130
181 185
16 149
83 24
119 110
82 107
204 19
59 73
170 51
128 41
158 43
119 200
54 204
48 161
179 138
35 179
72 186
156 3
16 23
51 8
71 191
152 11
4 16
54 125
175 8
121 171
58 180
62 30
22 119
177 186
74 175
169 120
67 55
13 108
21 114
76 160
100 145
161 111
166 160
59 37
170 193
119 75
154 96
137 132
16 38
123 91
121 10
159 84
105 59
34 42
29 124
40 26
50 43
165 85
165 67
173 22
194 180
25 0
143 67
125 56
188 4
196 139
70 76
124 13
15 7
116 18
87 51
8 112
198 40
203 66
112 132
96 61
6 135
199 124
30 155
104 31
62 155
135 91
114 25
61 27
10 193
18 86
54 56
134 4
139 15
40 187
162 84
36 114
108 146
113 134
29 56
204 108
181 118
61 141
98 134
58 40
2 99
30 38
68 93
80 187
26 147
5 34
81 76
192 53
165 109
146 92
138 197
12 35
109 78
183 188
71 182
199 51
32 27
69 105
55 64
203 71
124 44
5 116
47 121
145 185
76 13
134 130
93 112
44 112
42 41
23 200
125 30
102 174
168 19
138 185
52 197
22 192
119 71
46 4
126 110
5 188
145 143
31 202
93 62
162 168
76 7
16 108
141 18
81 145
114 34
89 93
22 30
185 70
77 80
138 7
180 17
183 147
177 8
134 84
136 108
73 171
187 172
65 1
199 18
40 204
48 130
171 72
176 110
159 199
35 169
112 71
22 132
80 27
123 111
173 56
181 48
171 106
140 140
119 196
63 124
86 36
129 36
120 137
158 35
18 157
103 132
57 195
43 79
4 165
131 202
121 93
111 41
96 144
144 170
188 42
132 31
190 112
197 110
82 94
106 125
182 47
56 100
126 23
158 96
159 175
126 132
151 128
168 191
25 20
124 128
165 16
189 159
87 183
12 155
54 161
201 148
67 141
156 12
167 199
62 197
164 121
33 166
19 162
14 81
94 147
133 21
184 48
80 139
1 22
177 119
171 56
111 191
139 106
27 195
82 149
106 82
184 161
149 78
25 135
6 49
38 59
195 65
130 60
35 144
182 32
198 198
16 196
117 5
58 138
184 116
140 128
101 47
52 151
171 47
2 28
85 172
50 113
136 194
49 165
186 164
174 52
177 151
85 29
110 162
200 15
149 203
68 83
42 8
57 79
119 46
12 198
84 110
129 52
2 61
200 58
151 176
48 110
105 163
89 188
5 123
102 180
54 19
100 37
123 189
56 51
47 150
101 20
0 30
33 78
162 135
138 22
89 48
33 123
62 111
197 176
59 124
78 116
94 6
87 201
168 119
172 27
169 27
50 41
191 115
71 124
159 37
115 185
121 30
115 176
160 92
38 118
96 64
60 144
182 43
66 15
145 101
135 19
82 183
175 175
89 73
28 120
125 138
14 32
64 183
55 26
28 31
66 90
197 94
176 59
61 85
106 89
145 130
111 65
195 164
112 129
170 142
71 19
103 197
140 178
29 42
105 135
19 51
174 69
42 16
42 57
174 166
153 16
133 189
34 121
115 61
177 26
175 64
74 148
105 107
109 21
160 21
19 114
176 77
142 90
137 111
78 32
153 65
162 94
127 144
56 24
2 171
162 30
134 64
130 166
25 115
73 145
27 70
4 39
144 162
119 26
73 155
70 100
113 11
51 106
72 119
86 150
48 2
70 151
181 187
134 168
184 149
164 13
138 66
97 115
89 184
143 105
145 78
65 62
103 91
95 160
33 129
74 172
16 173
181 23
69 148
89 52
95 13
179 123
16 91
175 155
106 54
41 97
174 138
160 149
100 120
171 160
175 94
194 33
32 197
120 193
202 97
83 156
127 164
100 100
188 134
144 150
144 29
191 153
169 104
171 60
188 51
140 49
111 67
132 145
181 182
19 184
89 197
56 145
160 142
151 58
179 15
140 166
127 189
86 165
41 6
148 141
51 123
14 117
43 108
141 63
193 120
51 76
99 84
52 17
153 45
204 180
198 85
123 101
89 31
43 175
33 20
5 176
93 134
28 116
37 203
32 84
9 109
149 11
89 141
195 22
113 29
115 47
141 124
200 36
23 191
53 180
159 154
48 191
121 6
122 153
103 126
86 148
16 67
97 101
52 158
203 183
163 45
196 28
173 118
75 88
112 169
199 96
176 180
184 94
157 195
104 34
73 0
59 165
154 0
121 54
73 77
138 159
37 42
36 2
167 78
74 71
113 125
105 138
5 64
104 85
191 95
196 186
76 20
183 197
47 78
38 63
18 57
78 157
119 1
80 115
90 173
88 120
76 106
191 6
170 150
105 130
182 164
130 41
148 91
118 102
201 181
1 140
1 15
24 46
173 94
191 45
50 147
155 83
156 9
27 178
166 188
102 40
129 61
42 20
197 174
9 33
118 143
193 131
82 122
187 102
61 195
173 171
10 170
60 111
113 65
183 133
174 75
119 180
82 203
38 40
14 179
13 68
48 134
97 154
194 93
83 77
8 186
29 14
18 203
11 191
80 83
125 145
139 104
50 120
111 18
69 168
0 38
33 15
165 97
120 81
204 78
85 7
12 73
118 183
196 149
88 63
103 63
42 165
79 125
87 57
189 178
27 57
40 38
113 198
204 55
21 142
154 56
78 111
156 93
53 39
101 141
34 110
119 50
162 70
133 75
88 100
95 57
62 47
56 185
97 5
142 162
155 184
56 71
96 148
152 85
16 51
135 122
154 74
110 5
67 86
147 166
199 103
157 77
98 19
46 54
85 190
157 114
144 65
167 203
8 35
49 77
188 29
157 163
90 40
46 192
90 25
185 68
14 62
60 59
132 183
61 74
197 128
40 121
71 143
187 23
93 84
1 77
5 30
202 163
66 199
17 139
171 114
3 54
34 84
154 80
203 173
167 146
44 43
56 119
169 146
101 164
157 175
144 99
194 104
29 101
25 112
91 187
128 124
47 32
36 31
117 175
165 19
136 101
65 78
53 12
199 31
12 57
46 92
22 175
116 24
62 18
186 92
190 48
87 171
145 160
188 197
25 48
45 139
74 161
191 99
101 200
18 74
195 95
41 125
94 97
130 22
37 10
7 177
34 97
171 169
158 17
160 53
90 164
136 156
174 88
53 53
161 55
132 124
149 51
55 54
127 7
56 148
131 65
8 201
96 102
36 197
125 153
78 101
112 73
161 66
135 75
57 155
101 178
1 130
196 101
202 81
22 66
66 157
191 83
25 178
155 132
189 63
111 60
118 99
178 54
153 33
8 80
138 180
64 110
68 190
157 6
53 103
102 127
86 121
46 182
27 86
14 147
20 109
131 194
11 12
122 133
81 160
79 23
136 181
198 179
129 109
203 135
93 193
190 164
8 5
134 202
78 43
148 70
80 199
162 59
77 146
86 88
184 1
164 200
14 95
40 12
146 172
93 29
163 26
14 154
175 122
40 105
108 74
181 93
96 201
119 90
33 114
146 112
167 166
193 55
76 11
188 128
42 134
151 189
170 197
131 91
148 123
110 84
180 193
116 165
73 140
32 49
25 8
72 59
185 72
31 22
142 123
186 145
18 119
83 15
78 133
43 92
200 21
91 184
23 25
113 14
160 112
138 201
63 68
169 182
124 162
86 191
151 107
190 102
113 77
185 34
18 105
53 132
6 95
90 9
202 15
57 123
57 106
27 143
47 153
34 31
106 188
150 113
60 188
76 16
197 126
172 5
9 118
128 91
169 81
60 0
119 167
67 9
9 90
2 93
169 62
199 136
62 100
94 176
39 52
139 169
204 53
34 154
185 120
104 99
26 185
160 69
94 162
80 74
7 20
187 77
131 157
32 59
53 51
197 31
99 108
162 98
97 188
82 34
112 47
64 101
145 176
13 49
84 185
38 75
107 139
129 193
33 148
108 153
33 131
109 81
25 32
174 31
70 200
123 195
146 69
160 124
154 106
8 184
146 89
13 13
128 130
38 66
82 80
195 78
141 156
78 129
11 124
21 179
5 96
135 46
106 45
31 186
124 87
164 116
42 180
167 41
132 38
55 87
61 63
123 51
192 188
127 29
53 78
126 185
136 204
137 3
34 26
32 192
15 184
84 60
49 85
111 53
163 195
18 70
1 145
102 157
30 137
135 32
0 76
111 175
179 141
32 116
4 118
48 71
7 166
86 136
130 151
92 155
80 95
129 50
104 72
192 31
81 194
187 32
161 103
21 103
138 46
69 91
50 81
162 38
89 84
16 192
130 88
144 107
89 20
89 88
167 6
81 9
132 60
158 141
38 87
147 139
125 105
57 135
188 180
48 155
80 167
54 158
108 110
196 157
27 29
87 128
36 37
136 151
10 78
76 149
101 190
88 3
71 80
115 157
21 44
144 0
98 151
132 100
101 203
199 187
81 189
128 161
89 61
81 121
161 200
61 185
35 20
25 71
126 179
193 197
4 150
105 96
158 103
100 161
177 73
1 54
9 39
129 149
179 130
10 135
96 24
127 196
105 105
66 155
50 71
129 184
123 1
111 1
109 14
80 40
107 107
77 178
179 9
112 150
154 199
23 127
171 154
176 174
136 48
151 162
98 78
146 180
35 22
49 90
134 133
57 132
11 17
58 202
173 176
106 0
195 25
201 59
28 2
70 119
168 14
193 151
175 202
124 21
69 143
3 49
83 130
74 34
63 175
28 51
16 186
178 17
165 198
58 23
70 132
108 56
9 101
90 97
128 94
88 56
71 110
201 129
129 86
159 162
144 200
27 166
9 120
142 159
39 122
60 200
24 90
195 183
18 129
52 94
138 115
14 115
82 16
34 65
24 150
171 45
83 119
120 128
15 101
8 49
147 49
117 19
123 118
181 65
76 70
78 171
98 38
145 37
76 35
26 100
179 112
135 200
26 119
178 181
85 86
127 10
59 184
51 31
95 38
13 173
65 6
72 25
102 154
187 20
114 97
5 172
115 195
114 93
129 188
39 201
145 87
40 114
134 195
52 84
2 104
7 168
70 52
150 172
151 117
171 179
196 17
152 104
51 67
74 189
159 145
114 22
73 19
167 168
74 15
161 14
5 73
85 180
6 44
194 47
113 38
16 162
104 27
109 27
149 58
92 69
167 10
9 28
123 159
117 119
125 2
6 139
23 114
25 160
8 89
28 107
126 115
33 88
119 87
153 35
104 47
151 147
91 156
160 6
31 170
55 156
155 165
48 158
111 56
160 187
22 111
175 42
150 133
63 43
189 152
119 106
139 134
181 178
164 35
173 160
28 161
155 124
64 23
29 151
69 80
99 173
109 158
126 127
200 88
174 148
48 143
202 12
149 177
19 22
163 54
60 9
40 133
151 71
202 153
60 120
82 137
16 73
25 78
37 46
82 197
56 85
196 141
168 63
167 91
74 120
145 125
124 134
71 148
185 40
176 200
92 80
13 47
187 28
36 171
172 13
16 169
1 199
6 107
156 61
165 92
129 100
66 127
6 99
112 106
13 6
6 59
30 168
91 3
36 14
123 122
152 7
138 69
198 117
168 116
37 105
202 6
176 191
33 45
117 162
140 54
45 105
49 98
58 74
123 179
112 172
52 134
45 25
114 202
132 66
99 31
55 171
1 109
43 178
20 74
94 121
146 55
184 154
72 29
29 67
133 15
169 34
86 170
165 148
107 174
179 200
165 175
196 120
96 172
160 32
7 131
87 61
32 141
181 200
136 191
138 43
52 27
95 17
1 120
74 186
73 152
59 54
36 6
177 103
29 7
78 123
19 188
179 51
181 202
64 201
160 41
138 174
159 132
32 178
164 94
190 88
167 56
124 184
135 54
199 56
172 186
195 2
143 77
156 161
6 200
144 123
74 59
82 21
27 153
180 171
20 165
67 49
11 87
176 166
66 193
182 62
87 15
131 169
37 141
3 123
78 13
194 142
1 154
103 79
26 46
104 16
81 179
84 55
141 22
142 177
117 130
44 18
21 186
75 178
114 5
165 204
128 60
53 31
77 198
141 95
109 142
104 148
187 201
2 39
198 38
120 147
82 91
20 80
191 66
193 40
75 5
201 191
186 175
64 190
95 71
176 127
168 32
60 12
145 26
79 45
35 50
11 176
150 45
76 165
163 157
33 126
0 160
54 24
99 169
51 182
46 47
49 16
91 169
61 178
113 164
147 196
26 137
24 6
90 7
122 182
10 113
53 118
37 180
49 141
187 107
84 67
85 46
65 168
141 97
112 119
171 40
165 133
7 126
36 190
117 54
53 146
189 22
22 79
11 106
47 28
178 11
115 116
110 194
141 28
143 119
68 36
117 128
85 92
91 112
105 175
128 72
106 47
85 26
60 66
4 196
18 62
105 121
160 27
114 194
18 27
126 194
117 188
101 71
9 158
33 70
197 79
92 119
19 159
52 166
141 40
141 26
188 36
147 144
189 147
45 27
163 91
126 84
50 48
96 86
163 75
87 134
101 45
16 53
40 150
38 4
167 86
76 99
168 107
112 143
132 1
115 141
117 179
6 42
59 47
200 200
114 71
17 59
75 126
8 91
59 85
130 134
93 18
126 202
154 92
41 77
98 165
75 23
20 116
181 112
34 72
155 146
196 199
70 185
24 133
198 59
140 183
168 130
55 141
165 50
135 175
38 131
126 61
155 24
132 54
89 35
116 15
199 44
2 203
67 72
9 138
104 87
197 195
105 12
93 96
1 60
195 115
171 167
11 188
31 149
53 91
140 10
68 125
34 152
13 18
85 22
28 180
54 164
56 160
49 137
22 123
102 160
57 103
134 9
135 179
56 68
33 82
105 169
106 197
63 7
107 198
98 138
158 134
17 198
77 54
61 191
185 105
55 154
145 15
104 53
134 26
108 131
9 74
173 196
13 128
72 103
145 167
173 100
68 146
197 91
97 28
140 121
134 104
122 157
144 59
36 65
116 201
191 108
147 21
9 190
95 185
98 181
163 118
167 121
153 114
12 133
144 12
198 172
147 190
90 128
183 55
29 40
151 1
94 41
188 169
79 203
114 2
109 115
129 177
53 14
193 95
50 197
55 4
138 3
166 23
30 134
19 197
121 14
153 29
75 154
196 20
11 203
69 26
167 110
14 122
201 108
162 138
67 120
120 77
179 0
110 0
107 112
179 158
165 142
60 99
44 68
201 183
43 151
39 82
6 85
20 181
12 65
149 65
178 44
159 50
157 110
154 128
148 7
22 3
57 4
135 186
67 152
61 164
88 124
82 104
83 70
193 81
196 99
197 113
155 195
161 121
26 88
28 10
139 36
95 125
138 93
157 16
132 163
47 194
73 159
112 91
101 107
35 103
61 10
198 160
189 84
187 10
14 83
64 162
126 69
27 18
151 75
41 44
138 137
19 77
26 73
190 78
92 86
0 12
145 81
184 30
64 106
192 8
67 108
146 66
138 188
39 72
8 53
26 83
199 144
111 202
189 71
149 196
200 93
105 19
193 169
192 17
77 142
18 19
156 156
134 67
69 103
127 107
44 159
181 99
187 34
84 11
127 37
191 72
31 46
106 145
9 97
74 97
159 169
186 140
177 194
99 193
120 116
142 150
72 167
175 131
106 37
85 96
174 13
114 15
0 49
141 102
97 93
83 133
51 5
192 181
24 124
148 97
13 42
127 46
189 104
29 98
145 198
178 80
102 8
134 93
85 0
155 190
64 139
102 117
37 44
151 144
195 56
177 130
65 31
127 102
98 41
118 148
149 156
76 137
31 34
78 49
117 169
184 114
137 24
6 83
7 194
80 93
52 46
164 42
185 16
160 35
125 25
26 34
121 184
34 164
178 92
99 198
79 155
46 89
202 157
147 129
96 177
161 60
25 165
165 155
22 195
153 110
109 45
50 174
36 175
96 75
165 88
63 84
57 21
130 108
41 148
9 93
185 10
82 175
150 181
156 149
49 199
143 111
196 191
101 63
202 29
5 47
29 188
93 181
3 175
172 189
166 158
197 107
24 172
167 183
18 172
60 79
6 112
169 55
7 204
0 163
76 48
63 122
72 200
139 97
12 120
58 130
86 104
78 192
74 94
150 166
41 196
160 116
72 68
91 43
147 157
168 98
104 2
204 62
58 193
161 22
109 47
33 202
196 48
53 139
60 160
0 125
12 162
139 162
115 10
88 44
160 198
110 147
195 61
195 167
133 132
161 107
16 140
157 152
86 82
87 118
128 166
185 157
203 43
53 202
109 135
14 30
98 178
142 83
112 180
90 99
0 87
57 15
40 85
10 140
193 173
33 175
31 162
74 67
15 146
105 180
198 157
177 161
166 80
6 88
101 66
87 189
140 118
129 115
36 124
42 87
201 32
58 32
90 21
129 83
131 48
44 114
203 190
56 193
79 146
59 140
42 128
25 14
133 35
171 127
151 100
153 9
125 89
79 6
6 175
192 193
189 27
66 59
66 32
106 26
19 145
113 8
28 82
31 144
45 66
200 141
186 79
1 197
198 14
190 90
145 49
68 39
88 66
94 25
74 47
1 94
3 7
198 155
64 133
155 116
84 79
89 137
77 118
173 201
29 18
134 17
178 63
155 202
164 102
15 65
89 161
70 15
123 38
173 63
178 3
140 72
144 41
149 130
125 67
78 69
197 84
124 109
52 110
45 200
3 200
90 151
36 57
202 91
22 82
177 172
177 21
180 34
19 28
36 99
152 77
71 194
172 18
73 3
30 52
201 54
149 193
152 90
39 134
184 24
80 60
44 123
5 152
45 79
101 6
88 174
163 181
100 149
184 37
72 23
152 19
106 28
202 3
103 60
134 186
116 167
70 38
110 9
54 106
40 63
99 125
92 51
134 180
129 8
152 40
161 71
82 172
34 13
0 133
103 129
165 184
110 99
53 170
106 67
170 190
103 171
67 135
164 172
175 177
28 147
163 151
14 0
55 59
170 23
151 54
89 168
12 142
24 35
179 165
8 69
130 148
65 52
80 72
134 24
2 72
91 15
10 30
63 75
184 178
182 85
93 49
39 172
38 55
133 154
7 149
183 108
8 3
191 24
115 28
36 79
71 57
194 74
77 108
23 106
189 115
80 52
150 82
158 3
139 19
78 84
36 94
24 57
144 53
22 54
54 43
193 51
1 85
12 181
189 61
200 120
48 11
66 145
86 70
3 79
117 86
194 85
13 100
54 72
55 182
177 5
180 41
91 144
3 36
29 202
24 13
21 199
119 8
101 156
40 21
130 25
101 29
24 182
52 177
77 0
97 3
204 118
91 73
104 143
155 99
101 175
202 200
169 11
152 95
57 115
175 86
186 83
72 39
141 110
5 131
71 73
65 175
39 69
17 166
93 76
9 152
67 26
122 57
43 202
83 113
14 177
55 202
8 171
85 176
144 126
159 178
65 152
83 57
201 171
126 160
93 2
189 195
193 99
98 87
145 57
46 96
130 72
1 127
156 51
113 81
201 70
51 165
145 45
105 153
29 48
15 20
67 43
118 28
83 139
36 153
117 56
181 21
204 82
45 145
88 140
151 34
98 131
175 151
172 91
77 78
190 186
187 45
46 13
182 174
153 179
28 76
131 4
101 50
197 43
22 9
51 129
21 5
11 139
62 158
58 0
42 50
8 102
176 156
54 190
156 22
152 28
128 116
135 58
193 59
144 94
119 83
56 109
4 11
113 116
201 103
32 75
96 162
144 117
202 184
19 34
24 161
113 166
149 175
187 89
48 74
204 5
51 145
80 29
172 156
91 58
110 172
38 168
137 32
68 133
18 175
5 179
156 41
23 148
178 145
158 158
10 67
142 46
15 70
193 167
22 156
194 11
176 141
141 142
34 180
109 85
132 90
89 13
109 52
45 178
88 80
165 3
153 138
138 153
125 198
202 26
147 2
134 150
125 77
111 136
30 85
78 107
161 185
62 169
36 146
200 178
86 160
38 89
29 103
185 193
21 90
32 102
48 148
125 14
65 96
29 90
109 37
141 8
20 86
80 69
100 9
102 147
106 40
108 149
195 136
130 101
171 20
29 181
98 45
26 4
139 167
163 11
51 167
9 82
35 106
194 1
21 50
67 197
157 26
188 1
107 32
115 81
59 113
196 70
54 136
127 121
120 114
130 57
158 109
100 167
71 131
52 156
178 83
124 126
55 114
70 64
92 180
185 173
182 14
70 47
168 69
87 130
127 14
196 118
117 21
45 60
188 186
62 89
165 186
79 118
141 55
41 141
64 115
108 183
5 2
39 24
9 116
111 20
162 132
23 36
27 134
46 162
78 161
100 157
64 72
31 61
182 60
101 139
29 165
1 194
121 141
138 183
15 76
101 32
140 176
96 168
115 192
75 56
57 54
118 114
156 103
55 169
200 80
120 67
139 151
203 100
47 82
114 51
111 62
169 140
164 179
75 131
174 153
98 74
130 127
120 143
45 121
147 43
46 109
39 6
198 34
175 47
115 148
189 131
100 182
169 89
140 132
29 193
162 165
123 107
145 193
115 124
70 188
69 89
168 197
72 100
197 1
161 128
168 202
78 151
190 57
200 189
132 127
198 28
92 98
23 84
105 6
76 111
96 158
168 160
121 203
76 193
49 52
65 191
149 16
20 148
139 25
144 6
201 84
85 142
6 190
126 170
121 23
98 185
187 183
45 136
185 159
166 72
82 47
152 204
192 106
117 154
32 92
190 58
158 73
43 66
123 61
72 13
177 188
190 42
51 99
196 12
199 9
57 164
62 113
9 15
25 163
7 76
108 66
117 34
158 40
123 69
81 24
149 14
130 43
118 194
144 137
97 50
95 48
202 179
87 111
45 76
105 65
47 38
151 98
5 9
100 95
66 35
160 119
182 25
189 188
184 99
150 170
131 83
132 29
194 189
61 106
168 180
180 161
77 27
72 95
98 80
138 76
126 120
161 47
24 65
149 43
112 123
6 71
133 204
195 160
130 96
104 83
17 10
19 122
24 186
127 74
17 68
88 40
156 57
66 116
95 55
113 86
139 186
107 186
85 103
112 158
29 21
104 77
16 97
90 109
170 8
168 50
135 154
18 83
186 4
163 29
203 90
171 77
144 140
160 136
124 191
28 173
14 44
33 162
153 149
31 56
74 128
153 202
178 147
36 127
12 15
80 174
139 195
164 81
69 13
30 78
70 156
96 34
7 26
45 56
72 115
0 3
18 127
18 132
102 95
105 70
131 77
141 6
192 47
159 190
102 187
160 78
95 139
17 45
4 111
97 197
179 56
72 164
67 77
170 135
4 121
172 145
11 167
75 122
182 157
190 125
130 153
0 112
116 40
19 143
99 55
27 200
56 178
142 58
200 113
9 199
41 167
12 159
165 28
203 147
187 97
141 194
74 74
182 52
159 86
85 74
194 102
7 119
132 199
137 117
62 182
106 183
193 13
74 8
155 168
128 176
70 8
85 59
116 105
57 167
43 148
34 195
91 118
199 23
114 152
115 55
177 48
31 3
31 174
130 172
41 160
131 74
168 57
14 59
158 65
89 130
86 106
93 4
81 45
19 38
31 30
30 128
12 30
168 36
96 42
57 88
87 197
193 200
200 71
54 111
41 177
120 191
183 131
80 89
85 116
43 136
169 17
181 75
177 105
103 103
59 103
48 45
152 133
82 201
29 25
74 43
136 99
119 160
18 90
70 113
110 113
58 8
147 147
110 7
151 156
96 166
90 204
19 46
28 157
5 55
102 25
116 109
140 44
172 141
201 132
165 53
78 58
105 128
70 84
162 171
107 23
0 17
143 37
136 10
30 204
77 96
79 136
108 97
186 58
145 62
19 58
118 32
170 112
94 64
79 65
164 90
136 147
1 102
141 200
64 98
32 65
60 81
132 158
152 81
145 120
65 8
54 7
24 140
49 150
61 131
163 9
70 60
0 151
4 193
42 98
124 54
128 170
106 133
61 3
29 142
200 139
184 137
34 200
5 158
127 138
61 50
12 94
96 81
188 16
173 4
131 136
143 145
170 152
146 24
72 65
63 65
147 97
52 193
119 58
187 147
106 156
108 123
135 143
95 188
178 109
126 204
200 68
114 172
146 114
179 66
82 28
98 99
113 44
171 66
197 189
150 145
35 148
133 170
31 112
170 15
137 167
98 52
60 5
17 134
191 159
120 42
134 148
96 31
20 104
171 203
8 57
201 47
52 195
9 143
141 13
144 18
167 67
102 48
114 139
40 137
1 69
183 199
86 66
181 142
8 47
107 61
203 167
13 9
187 178
22 63
162 89
37 157
176 79
65 22
24 74
91 65
172 34
149 40
109 118
116 112
23 71
22 129
175 117
108 196
121 3
165 7
118 204
155 52
162 100
73 127
169 3
185 129
199 42
21 96
199 106
6 14
88 18
200 0
84 159
9 150
27 43
34 116
44 7
68 123
132 115
119 108
185 134
13 158
202 119
6 198
75 183
17 15
109 42
40 99
121 127
195 63
98 175
80 158
92 21
79 196
44 2
169 170
186 166
114 0
104 4
22 139
71 33
123 77
31 96
4 77
185 50
95 153
76 191
23 41
9 147
85 9
33 9
174 77
168 96
11 42
128 81
19 41
92 158
92 24
64 203
12 144
72 173
165 43
7 38
27 94
54 128
150 49
163 153
10 133
158 71
177 32
57 95
149 4
131 86
140 12
169 144
86 162
181 89
177 30
134 126
97 0
99 118
21 100
34 28
41 173
160 58
194 76
21 94
17 8
147 121
56 10
6 144
14 53
47 166
115 122
131 45
93 90
203 46
44 119
72 52
29 197
198 137
9 156
91 196
57 191
114 49
90 149
49 125
59 70
159 9
4 182
2 20
87 152
5 23
151 164
136 127
49 93
0 0
121 99
186 125
54 17
63 54
153 62
133 143
13 87
63 195
128 159
23 23
9 128
0 115
52 115
6 110
152 184
115 101
25 191
92 143
150 37
5 12
166 193
94 78
90 37
16 110
89 77
195 145
87 180
126 32
115 44
34 176
200 95
89 166
59 91
99 24
167 61
10 81
80 165
84 127
161 45
188 7
48 49
80 135
61 92
56 121
116 145
130 191
11 109
44 51
62 171
24 103
36 194
22 171
4 92
54 83
73 82
56 65
164 114
121 174
121 177
33 63
181 190
170 195
191 74
2 150
185 188
164 63
135 117
68 156
92 127
83 31
169 74
42 26
24 122
99 29
161 76
113 128
137 165
101 14
175 113
2 156
173 174
184 175
202 61
76 91
52 121
7 128
8 86
100 111
121 72
40 131
160 134
190 123
157 107
64 128
141 87
0 143
149 62
80 183
184 181
140 159
175 197
82 89
82 102
190 62
15 26
145 3
165 136
49 96
180 167
149 29
24 193
187 120
163 57
129 10
164 38
16 181
108 185
187 130
164 171
169 5
68 79
27 155
37 186
199 5
26 141
81 62
109 64
192 139
142 201
106 172
123 155
175 134
115 198
147 101
150 111
170 117
195 81
80 152
176 88
178 97
106 99
63 14
27 170
6 62
177 37
110 106
158 150
35 69
1 135
186 53
26 110
35 118
114 181
36 165
178 86
30 189
39 194
68 161
77 9
142 181
95 195
171 132
121 48
68 95
19 202
166 190
190 168
90 32
43 33
18 6
194 125
154 11
162 193
84 20
57 42
163 7
133 79
100 34
142 16
66 124
191 14
173 98
66 82
142 80
51 62
11 195
141 169
156 68
43 190
44 140
136 29
157 1
148 168
60 163
38 48
190 157
96 180
159 90
58 111
41 109
148 150
77 66
36 110
160 87
176 170
154 82
81 37
190 146
121 197
139 100
112 146
160 156
13 23
153 25
149 68
200 150
143 142
29 108
10 163
169 37
86 195
62 201
181 150
133 88
124 40
150 8
136 83
184 83
112 84
163 110
198 89
85 84
55 35
137 113
190 144
74 138
23 16
139 39
9 183
116 68
204 154
201 126
158 118
101 89
163 201
70 17
85 182
164 190
187 105
92 56
97 57
149 22
146 103
179 180
2 190
192 35
201 73
111 95
32 42
19 65
80 21
39 50
179 126
190 118
74 103
6 155
161 1
89 202
153 147
151 158
202 64
166 103
40 34
67 101
136 88
48 58
72 10
128 23
128 183
105 159
173 199
40 90
65 119
186 136
89 105
31 67
172 83
68 51
154 76
30 19
86 43
87 97
1 42
17 63
87 27
114 189
71 86
61 44
133 177
194 89
89 175
98 91
68 194
155 6
61 16
147 183
100 201
40 30
93 171
123 33
119 12
97 122
155 109
85 50
122 84
93 9
137 71
54 94
77 130
33 136
120 164
158 183
103 19
71 106
105 78
38 78
34 87
118 151
111 79
93 52
70 175
108 87
120 120
44 20
187 63
17 1
80 193
179 143
192 190
49 21
80 133
73 202
109 192
125 5
123 49
50 10
109 103
13 114
101 102
151 179
20 121
144 22
134 192
88 146
170 30
106 178
52 119
124 103
182 191
93 128
5 142
47 10
188 83
192 38
66 105
136 22
2 117
102 85
144 69
76 53
128 200
169 126
52 174
23 39
35 134
82 165
171 171
143 152
143 115
175 120
66 159
59 159
180 45
84 40
38 191
74 79
99 189
74 40
14 159
152 31
42 11
13 105
43 168
204 176
17 93
70 173
181 134
39 115
64 50
43 77
52 160
203 169
48 68
60 127
116 97
48 8
109 72
37 182
113 182
19 194
16 5
166 70
159 127
103 55
10 92
5 126
135 6
53 33
36 40
91 67
21 190
132 103
10 186
100 154
7 65
10 62
72 122
179 58
146 188
204 141
37 125
