158 59
4 141
157 184
149 87
41 138
187 149
92 2
77 5
30 71
64 2
203 102
126 161
141 70
113 75
37 20
174 26
13 0
56 41
21 0
12 76
58 24
122 135
77 200
110 4
60 42
162 198
69 180
83 165
128 200
14 112
150 174
32 96
91 189
59 10
67 194
58 171
171 126
171 144
105 16
123 203
31 115
38 175
155 120
110 166
118 185
84 107
179 3
125 146
16 16
103 169
138 4
57 179
19 154
193 68
187 156
146 75
153 34
62 3
139 71
42 173
48 149
32 121
198 100
113 119
69 39
63 65
110 106
61 39
198 46
170 91
179 96
90 133
151 102
192 42
157 119
27 62
144 179
111 23
201 201
131 102
97 1
20 48
175 114
182 73
106 96
105 190
145 184
61 37
176 162
102 27
170 186
43 157
106 62
126 24
77 146
172 1
148 60
31 29
157 32
97 54
142 34
94 103
84 52
82 80
155 138
59 36
181 200
173 175
100 72
34 111
200 59
150 95
73 86
107 31
1 13
107 122
158 91
90 42
181 38
18 152
175 148
18 22
128 177
145 193
157 61
78 87
120 65
91 7
183 6
93 131
99 190
203 126
37 183
11 178
123 143
49 42
203 22
6 66
20 127
33 119
177 77
105 188
91 72
37 36
72 75
146 186
53 21
39 109
179 155
70 41
91 44
7 127
71 177
151 12
140 93
70 199
104 74
139 69
18 137
0 88
194 0
61 152
37 15
13 86
68 53
45 137
74 23
187 172
17 1
96 172
96 147
90 118
107 76
20 40
117 125
170 162
139 117
63 7
7 68
138 87
30 15
61 173
114 187
140 60
185 62
185 199
164 11
141 58
19 124
44 106
114 101
97 104
46 46
148 70
68 142
193 161
188 85
42 167
124 0
88 26
43 124
74 88
158 130
39 86
102 147
36 9
64 100
1 54
109 134
91 137
1 21
22 54
62 150
97 174
195 165
59 152
89 137
203 113
49 110
118 32
75 61
143 168
56 20
112 67
159 176
12 103
39 95
55 168
127 47
118 119
15 126
38 81
182 76
27 42
15 18
177 10
152 161
85 45
114 72
108 157
74 14
90 200
93 51
16 47
17 29
135 96
59 60
115 18
46 81
57 203
172 164
45 4
164 37
41 196
111 154
170 130
191 20
142 30
89 180
137 202
39 196
1 63
177 204
140 156
47 94
153 24
129 134
172 107
119 91
43 83
103 38
191 68
201 130
30 84
187 21
111 108
139 113
164 79
124 142
188 18
173 133
37 85
46 112
78 173
15 38
170 164
127 102
65 0
21 159
15 191
110 85
181 74
180 33
159 4
26 171
114 74
134 79
152 141
96 87
111 124
87 141
112 57
154 131
50 176
125 41
91 103
189 174
163 148
91 22
41 158
22 173
86 101
19 93
165 73
198 204
91 146
130 174
76 137
56 92
200 192
134 73
37 193
164 190
160 148
178 189
96 6
48 51
1 36
119 41
79 4
64 176
113 99
198 118
89 146
145 33
118 148
179 187
47 114
160 175
100 75
59 23
47 57
49 40
45 82
188 14
131 176
95 48
14 172
143 32
3 128
60 154
151 51
142 188
105 122
184 8
193 128
172 104
50 194
66 116
32 182
120 120
144 152
188 153
202 147
152 130
74 169
98 9
20 141
169 125
159 77
17 118
8 125
0 90
195 6
139 2
124 43
28 12
143 88
52 65
160 195
15 28
3 1
4 43
29 22
52 17
102 124
192 72
17 63
51 189
146 55
127 22
156 83
73 140
125 65
27 60
90 116
45 120
11 13
174 131
142 36
172 69
185 54
39 37
109 188
89 190
194 202
167 188
143 165
87 62
52 176
21 196
111 152
2 67
52 179
60 25
68 59
122 30
120 138
66 60
42 203
24 172
65 193
178 153
72 19
198 41
50 56
203 160
94 171
150 100
60 58
29 199
133 176
153 154
136 39
70 141
142 151
47 74
199 186
63 117
181 176
110 182
43 105
105 169
194 135
62 194
51 121
115 9
117 168
32 192
154 129
55 174
52 170
154 164
168 172
75 36
34 183
45 75
193 164
17 155
89 140
90 96
0 118
176 128
79 35
113 145
121 66
90 34
144 86
96 102
183 160
191 173
125 111
48 157
153 40
47 59
59 62
200 131
167 46
25 195
57 90
178 31
53 27
138 161
85 77
157 24
189 23
190 70
88 203
120 43
72 138
44 45
45 73
192 126
162 59
60 27
121 186
37 61
9 17
103 101
64 126
191 44
167 125
106 34
27 88
74 105
171 197
115 164
180 160
61 4
80 19
141 61
45 108
199 61
22 156
193 5
50 119
196 41
35 94
121 84
169 105
103 136
70 26
92 14
10 103
4 94
190 6
37 24
52 32
186 158
44 203
103 185
160 153
155 79
193 137
147 194
112 73
135 73
190 46
155 27
150 49
146 152
107 199
116 194
170 101
174 1
21 44
135 119
117 86
46 146
134 117
76 4
124 138
162 196
109 46
135 18
131 179
174 69
128 74
45 9
90 166
74 179
41 124
105 127
26 3
40 170
107 163
59 94
22 47
76 180
42 148
180 31
73 40
59 40
43 174
188 162
28 18
17 37
183 69
48 55
141 189
77 85
36 113
6 176
22 158
31 69
154 116
44 170
29 163
102 49
52 19
68 200
127 153
34 12
160 130
74 67
57 135
191 79
15 22
74 191
16 146
191 169
176 94
94 1
126 143
193 107
187 121
191 88
29 133
21 52
103 85
105 32
177 29
40 66
3 5
125 104
26 14
135 145
127 151
103 19
161 4
52 172
19 148
140 188
128 82
149 102
53 43
92 105
60 83
199 87
74 8
35 109
96 0
15 87
97 33
90 148
71 179
58 44
4 152
121 88
78 0
24 55
95 90
149 89
157 172
63 152
17 88
204 149
118 114
92 115
132 72
148 85
180 8
30 117
38 8
100 91
188 126
77 3
50 38
144 66
70 37
88 52
48 47
73 69
37 158
179 102
98 71
80 132
44 126
148 74
182 8
41 34
116 143
193 3
200 190
140 154
54 33
40 63
119 28
11 162
94 202
62 176
144 41
128 202
175 112
123 185
78 139
3 59
137 143
204 165
26 40
21 4
98 7
89 68
186 25
89 124
123 147
138 42
44 50
175 90
72 169
68 159
44 200
103 191
190 119
111 200
55 132
101 64
73 60
17 23
16 36
158 163
4 148
172 193
179 100
187 69
131 111
193 23
66 114
62 126
49 169
43 127
179 182
15 149
86 21
122 112
83 109
0 17
58 67
169 43
127 42
157 41
117 195
58 2
52 156
173 135
32 178
71 193
157 8
16 25
50 11
68 190
150 10
7 16
53 121
179 7
116 170
57 177
56 33
23 120
174 189
73 178
172 122
64 54
14 110
23 116
74 165
104 146
159 111
172 166
59 38
168 197
122 72
155 93
141 139
21 38
121 90
117 7
157 81
108 63
34 41
31 123
39 24
52 41
163 90
170 70
174 23
190 182
26 0
143 67
128 53
193 1
198 140
68 78
118 14
14 3
114 20
86 51
12 113
195 43
200 63
113 127
95 57
9 136
200 128
26 160
103 33
62 154
137 91
113 24
57 35
11 198
15 85
55 55
134 4
137 16
35 184
159 82
34 113
109 149
113 129
28 56
201 113
173 113
67 144
101 137
58 42
4 96
33 42
63 102
84 186
23 149
3 37
86 75
191 55
160 113
149 93
139 201
14 32
109 75
180 184
71 181
202 51
35 25
70 104
55 66
0 75
126 43
5 120
44 122
143 186
77 18
132 130
90 114
44 112
47 41
19 195
120 32
100 171
170 15
136 183
47 197
27 192
124 71
46 3
127 111
9 191
143 147
27 198
93 63
168 168
77 7
14 108
140 16
77 142
110 34
89 97
19 29
184 71
78 80
135 8
185 16
186 147
180 5
135 88
132 109
75 173
188 174
62 1
197 23
41 202
52 131
167 74
177 112
162 200
38 173
112 69
20 137
79 31
123 110
168 55
184 53
170 106
139 144
117 192
63 122
88 37
124 31
122 139
160 39
19 156
104 131
58 192
45 80
0 161
131 202
119 89
113 42
103 145
141 168
188 42
137 31
192 108
199 109
79 90
104 126
184 51
53 104
128 23
156 95
158 174
123 134
153 128
167 195
28 20
118 123
169 13
187 160
89 182
15 158
57 159
202 145
71 139
153 12
170 198
63 200
162 120
29 167
19 158
12 74
97 145
140 21
186 52
81 140
1 19
176 121
167 57
110 189
140 102
31 193
78 150
107 83
180 158
150 76
22 138
7 45
39 64
192 66
130 55
28 148
182 32
201 199
18 191
113 3
64 141
192 119
139 122
99 50
49 150
171 38
204 20
85 173
48 112
137 196
50 167
189 168
171 42
176 152
87 34
108 165
200 14
145 4
71 84
45 6
57 84
116 44
16 190
81 107
129 47
1 60
202 57
152 175
47 110
108 162
88 188
1 128
106 182
54 18
95 38
124 197
55 46
46 152
105 22
1 24
31 80
160 137
140 23
86 49
38 122
60 113
196 172
55 121
75 114
92 6
92 201
170 122
173 24
172 26
52 39
194 119
71 119
158 40
112 188
118 30
111 171
158 95
36 117
94 65
63 143
177 41
57 11
152 98
138 20
85 184
177 177
90 70
30 121
125 137
13 30
63 180
56 26
30 28
71 89
198 96
175 65
59 85
108 86
149 129
112 63
194 166
111 126
173 140
74 19
105 194
141 180
29 43
103 133
21 50
173 71
41 11
41 61
175 164
158 21
133 185
37 120
114 60
175 24
174 67
76 147
110 102
110 21
162 22
21 116
180 76
145 90
134 113
78 39
148 68
160 95
124 144
56 24
2 160
166 26
134 68
126 163
26 118
75 145
29 69
3 39
143 160
118 27
74 149
67 102
113 9
51 108
72 115
90 144
46 5
71 147
178 183
134 178
184 146
167 13
141 68
92 117
90 184
147 102
146 77
64 61
103 89
91 165
25 133
75 175
17 174
185 22
71 145
88 50
96 8
176 126
15 91
174 152
104 48
41 95
171 134
158 152
103 122
170 160
176 102
197 35
30 195
119 192
2 94
81 162
127 160
101 98
189 132
142 153
144 30
187 154
170 103
176 66
190 51
140 43
112 65
133 144
181 181
20 181
88 201
46 144
161 149
146 61
183 16
139 164
124 194
86 165
43 7
141 145
46 118
18 114
42 107
141 66
196 119
50 75
103 87
53 16
149 47
197 183
197 87
127 104
90 32
43 176
33 22
9 178
93 133
31 119
42 200
32 83
12 111
148 9
86 139
195 23
116 25
113 46
143 123
196 39
28 190
53 177
159 154
52 193
121 3
115 156
102 126
90 142
18 69
97 97
54 157
195 182
165 42
201 36
174 121
75 86
107 170
196 100
178 181
178 94
160 198
102 35
74 5
58 163
149 6
127 51
71 77
140 160
36 42
39 7
164 77
76 67
113 123
108 136
4 67
107 85
194 96
191 180
79 21
181 198
48 78
37 64
14 61
77 164
118 1
77 114
90 170
91 121
76 103
191 2
171 149
105 129
179 162
129 42
147 93
117 100
197 181
4 143
203 16
23 45
174 103
188 46
46 148
155 81
154 11
22 177
165 191
105 38
132 56
42 25
195 170
12 32
121 142
195 128
79 118
181 96
64 199
175 174
4 174
57 112
113 62
187 132
177 74
120 182
77 1
36 40
15 177
15 70
45 131
99 149
198 95
83 76
11 192
32 13
23 196
11 196
79 81
123 145
140 100
47 117
111 19
73 170
2 41
33 14
168 100
119 83
199 77
88 13
18 74
120 184
200 146
91 59
104 63
42 169
79 128
88 54
186 180
26 56
37 38
112 198
202 53
20 145
148 62
78 105
157 93
54 40
100 138
36 111
124 49
156 70
134 77
88 101
93 56
59 46
58 181
92 8
141 161
157 178
56 68
99 146
154 82
18 48
137 118
154 73
112 5
70 87
144 167
199 102
154 75
93 17
46 50
86 189
156 114
143 65
168 202
13 34
50 77
192 25
156 162
89 44
51 191
88 24
185 69
15 67
61 62
131 181
61 67
196 126
37 118
72 141
190 21
95 85
202 78
3 35
202 164
67 204
19 143
175 110
2 56
33 81
153 78
198 172
170 142
47 43
54 117
172 142
97 167
159 173
153 97
194 105
28 102
27 116
90 188
122 123
51 28
36 28
112 169
162 20
135 98
65 80
50 13
199 37
5 57
46 85
24 174
115 24
60 21
177 96
187 48
87 173
143 163
196 197
24 47
45 135
72 165
194 100
99 202
21 74
196 96
40 125
93 97
132 24
36 11
7 177
37 95
172 172
160 24
162 51
88 167
136 156
171 89
57 55
160 53
132 127
147 47
56 57
123 3
57 152
132 70
8 202
97 99
38 198
125 152
71 100
110 70
160 60
136 76
58 154
106 180
0 130
196 103
203 87
20 65
65 159
192 86
22 175
155 133
188 67
112 59
116 98
185 56
155 31
8 75
137 180
62 113
67 192
156 9
52 106
101 128
91 123
54 181
30 86
15 147
29 116
127 195
11 16
122 137
81 164
82 23
136 182
196 179
130 109
201 133
91 191
190 167
5 6
132 201
75 40
144 70
75 202
159 56
78 144
80 83
185 201
166 200
13 92
43 12
149 175
87 27
168 23
15 156
176 123
40 107
109 69
174 94
94 204
119 87
33 115
141 112
170 171
190 57
78 10
190 126
42 134
146 188
173 200
136 94
153 118
112 82
177 191
114 166
74 138
36 46
23 5
70 60
182 71
31 22
141 123
185 148
19 117
80 16
79 136
41 93
198 25
92 185
21 25
115 16
158 113
135 200
64 63
168 186
126 159
85 191
152 104
193 101
111 74
184 36
13 105
55 134
8 96
91 12
202 14
54 119
56 105
27 140
46 156
34 29
107 189
151 106
63 193
78 19
199 126
176 5
8 121
132 93
166 78
61 203
115 168
61 9
10 90
5 93
170 68
201 137
60 101
95 175
42 47
137 167
204 53
39 157
188 123
103 99
24 178
156 72
92 167
85 73
4 18
189 80
131 155
28 58
56 53
199 35
98 101
169 103
98 188
77 40
111 45
61 103
142 182
20 46
86 187
42 73
107 135
125 195
25 149
109 153
25 131
109 77
27 36
178 28
68 202
120 193
144 68
161 128
153 111
13 191
148 91
13 14
121 133
38 68
82 78
192 75
142 157
78 132
10 125
20 176
6 96
136 41
100 47
34 189
123 85
160 115
37 181
164 41
134 40
57 88
60 64
126 49
192 187
120 30
52 80
125 182
134 201
136 5
36 26
35 193
19 182
88 56
48 80
107 48
163 195
19 70
0 143
105 160
27 136
139 31
201 76
109 173
175 143
32 117
4 121
47 72
8 164
90 135
127 149
94 149
78 89
129 46
104 72
198 33
76 199
186 36
165 103
16 103
140 41
72 88
50 81
162 40
93 84
19 193
125 88
148 100
90 19
82 84
164 4
81 5
132 54
161 147
38 83
142 143
125 107
57 133
184 181
48 155
83 168
56 157
108 105
190 159
31 26
90 130
35 37
136 154
9 73
73 147
103 189
90 3
70 78
117 154
23 43
141 2
100 148
133 99
99 0
196 188
84 188
129 159
91 56
77 118
163 202
62 181
35 21
27 69
128 179
197 200
3 149
105 98
154 104
97 165
179 74
203 55
13 36
125 148
176 130
13 137
93 21
120 197
112 102
65 157
49 74
127 181
122 1
112 204
105 18
74 38
109 104
74 181
181 7
113 151
149 2
20 125
173 151
179 176
138 40
152 158
96 83
144 182
35 23
46 83
134 132
57 131
13 19
59 203
175 178
103 2
194 22
202 59
25 199
70 115
168 11
189 155
175 204
128 25
70 143
5 46
82 133
77 35
61 175
25 54
19 184
184 18
168 199
57 22
75 133
105 47
9 98
91 97
134 94
89 53
73 106
199 129
125 86
157 161
140 203
27 170
7 123
143 158
39 120
61 201
26 87
192 182
17 127
53 93
137 115
16 115
81 18
34 68
20 152
173 37
78 116
116 122
11 101
9 45
146 53
116 20
121 117
181 63
78 66
76 174
95 40
146 39
77 37
28 104
176 116
133 199
29 123
179 180
81 82
123 5
60 180
53 29
93 39
15 174
61 6
72 23
106 158
190 18
118 96
5 178
116 190
115 87
125 192
39 200
147 89
37 115
138 198
48 82
0 101
8 162
66 54
148 173
155 118
169 184
200 12
154 102
54 64
73 193
160 151
113 22
75 18
170 173
76 19
165 13
6 72
85 182
6 42
188 50
108 33
11 164
102 25
114 26
146 59
91 68
167 9
9 27
127 155
115 116
122 204
6 143
25 117
26 165
8 88
31 110
130 113
36 84
116 85
155 33
100 49
150 144
92 147
164 8
31 172
57 155
154 162
50 156
114 58
163 191
25 115
175 36
152 132
61 41
185 160
121 110
140 140
183 177
162 38
172 161
28 164
156 129
62 25
24 151
69 80
98 173
113 155
120 124
194 90
173 145
44 147
204 13
153 176
18 19
162 53
57 7
40 134
146 71
202 150
56 117
82 138
18 72
23 80
39 44
78 199
58 86
196 138
168 68
164 95
73 117
144 120
123 136
73 145
182 36
176 202
88 75
18 46
190 25
36 174
178 12
16 170
4 202
9 109
156 59
162 95
129 101
65 123
7 98
112 106
12 2
2 61
29 173
92 4
35 16
121 119
152 8
137 70
201 120
170 120
41 105
202 1
175 193
35 44
113 164
141 56
43 108
49 92
60 69
127 175
107 172
55 136
52 25
114 0
134 71
100 30
56 172
202 115
39 182
20 72
93 120
145 57
184 158
73 25
32 68
136 21
166 36
87 171
164 152
103 171
178 200
166 182
197 120
95 173
168 27
5 128
89 57
31 138
179 201
135 196
143 43
55 27
94 19
2 122
72 191
76 149
58 56
37 10
174 105
24 7
80 130
21 183
183 55
178 202
65 203
157 39
143 177
157 134
34 177
161 97
190 87
164 54
125 184
142 54
201 55
168 189
196 1
147 78
155 160
6 201
142 121
71 59
82 19
26 158
179 164
22 171
63 53
10 88
174 163
69 195
182 61
93 15
134 174
39 138
204 128
79 17
194 138
203 151
105 75
25 44
100 10
83 182
86 53
141 25
143 180
115 126
40 25
22 182
73 180
111 3
165 202
130 57
54 31
77 202
139 96
109 147
105 148
183 198
1 40
197 43
117 146
80 87
20 78
189 69
193 44
76 6
198 189
186 175
66 195
98 74
174 127
168 35
55 8
150 24
76 42
38 46
14 175
148 45
76 172
161 155
36 122
202 162
54 25
98 171
54 179
45 44
51 15
92 171
63 178
112 166
147 190
23 140
24 3
89 11
123 183
14 114
52 117
34 179
44 145
188 108
88 64
84 48
71 173
137 97
113 116
175 38
160 135
4 125
36 195
112 54
48 145
189 20
23 78
12 107
51 26
178 8
116 114
110 191
142 28
141 119
64 36
115 124
88 95
92 113
102 172
130 73
102 47
86 23
61 65
8 198
18 65
105 124
166 22
114 191
19 25
121 195
119 186
102 76
12 158
34 71
193 73
91 119
17 157
53 168
141 40
141 27
183 38
144 146
186 152
50 24
161 93
126 85
49 44
98 87
161 74
88 133
98 48
19 50
42 155
39 10
166 90
73 101
169 107
111 146
131 0
114 143
118 183
4 41
57 47
200 203
112 71
15 63
78 130
8 90
60 87
125 134
92 19
127 203
156 91
43 78
94 167
75 21
23 118
178 116
30 76
154 144
199 199
70 191
22 136
200 57
139 180
168 131
59 136
169 45
133 179
37 137
132 58
155 25
140 54
88 35
117 18
196 47
4 0
64 78
11 138
106 87
201 197
104 17
92 96
0 62
200 118
173 171
11 194
26 151
54 91
135 10
66 121
39 155
15 20
84 19
24 176
54 166
56 161
47 135
21 121
95 166
54 106
133 7
135 180
54 68
31 82
101 168
108 197
59 6
109 199
98 137
155 135
17 192
70 56
64 195
187 106
56 154
138 13
104 50
134 21
106 131
8 71
174 198
9 127
72 102
142 166
178 103
69 144
195 88
98 29
140 121
135 100
126 157
143 61
36 68
116 0
191 106
153 22
9 195
99 184
101 181
161 116
171 124
152 115
13 135
137 11
196 168
143 189
92 129
184 58
31 43
145 6
92 41
189 172
72 4
113 1
107 107
130 177
52 14
195 94
49 195
53 7
136 3
164 21
27 134
17 194
119 16
157 30
75 151
196 22
19 1
71 25
162 112
17 116
202 111
161 139
64 119
123 73
176 1
111 202
109 107
177 155
170 140
59 99
43 68
195 180
44 155
36 82
7 85
18 178
16 69
146 67
173 41
150 52
157 112
156 131
151 6
24 1
54 9
135 185
63 156
59 164
88 125
86 104
85 64
193 84
197 102
199 117
158 197
163 118
28 86
30 13
140 34
95 121
139 91
160 22
133 156
50 192
73 163
117 88
100 102
38 107
57 9
192 162
190 85
186 8
14 76
63 160
125 67
30 18
150 74
45 42
137 145
21 76
28 71
189 78
94 86
0 15
147 87
183 34
58 105
191 4
71 106
144 64
137 185
43 74
3 57
28 84
201 141
113 202
188 71
146 192
199 98
105 20
192 168
188 9
76 144
18 17
155 155
135 69
68 104
128 110
50 158
178 98
185 38
86 12
121 41
189 72
33 44
107 147
10 100
72 99
159 171
188 135
174 195
101 190
117 116
140 152
75 171
172 129
104 36
87 97
179 10
117 16
201 50
138 98
99 89
83 135
50 9
188 181
20 123
152 95
19 39
127 45
190 108
26 102
142 0
181 78
100 6
138 93
79 2
156 186
66 142
106 120
37 44
154 142
189 55
174 129
58 34
129 103
94 41
117 148
150 155
78 137
29 30
74 44
114 169
191 121
138 24
5 86
10 197
80 89
51 45
162 42
187 16
160 41
130 24
28 38
122 183
31 166
174 92
105 192
79 162
44 84
200 150
150 130
95 178
160 58
28 168
163 155
17 196
153 113
111 42
51 174
36 176
98 76
164 92
61 85
55 22
129 111
44 153
10 92
185 6
83 172
154 178
156 151
47 195
140 111
194 187
104 61
203 24
6 44
34 191
92 183
9 180
172 195
172 168
201 109
27 172
166 186
16 172
60 81
10 112
166 55
5 2
203 163
74 42
62 120
70 201
137 99
19 115
56 130
88 104
76 195
73 97
151 159
43 198
159 117
75 65
89 46
150 157
172 102
103 4
203 60
60 193
164 23
112 44
28 197
191 49
58 138
61 161
202 128
10 161
139 162
115 7
86 47
160 200
111 148
192 64
196 166
132 132
159 109
18 141
155 153
85 80
90 122
127 162
182 158
198 48
55 2
107 133
13 28
97 178
146 86
114 185
90 99
0 92
56 18
41 84
10 140
191 175
33 176
29 165
75 64
17 148
108 181
191 160
174 161
162 78
7 87
102 62
87 190
139 120
132 113
37 124
43 85
198 39
55 35
89 20
128 86
131 46
45 114
199 188
59 191
79 142
65 143
42 126
29 16
139 33
170 128
155 100
154 9
123 87
79 6
7 179
190 186
191 23
66 62
60 35
101 24
18 146
113 7
29 82
29 137
42 67
199 141
190 81
4 200
202 13
189 89
144 53
63 38
86 66
90 24
72 41
7 94
3 7
193 159
68 140
154 114
84 78
87 135
74 115
174 202
32 19
137 19
180 62
149 4
167 104
17 67
88 165
74 16
122 43
173 65
177 3
141 72
147 41
151 128
123 66
79 64
198 86
126 110
50 112
45 202
6 203
93 145
38 63
0 94
21 80
177 175
176 22
181 34
20 27
40 97
152 75
68 198
172 15
72 6
27 54
200 53
148 192
157 90
39 136
187 23
84 56
42 122
2 151
47 79
100 4
89 171
164 186
101 146
180 36
73 21
157 22
103 23
203 0
106 64
134 183
113 168
66 37
111 8
54 107
38 66
101 123
89 48
133 181
125 4
155 37
158 71
85 171
35 13
203 133
103 130
165 188
108 97
54 172
101 66
169 195
99 169
74 136
166 171
179 178
21 151
162 151
20 2
57 60
171 25
150 61
92 169
12 141
26 38
178 161
8 66
127 147
62 55
87 73
136 23
4 70
91 15
11 28
62 69
184 176
188 82
91 46
40 174
39 61
133 154
6 149
186 107
5 4
192 21
116 27
36 80
70 58
190 76
76 105
29 114
193 120
84 54
151 77
156 6
138 17
80 80
38 97
23 53
144 55
23 51
54 42
192 56
203 91
13 177
186 65
202 118
47 12
69 146
87 68
204 78
114 86
196 86
9 101
56 70
59 179
178 5
175 40
96 143
1 38
26 196
28 14
19 197
119 3
105 157
43 23
132 22
102 29
20 179
54 175
74 3
94 7
1 120
92 70
106 146
154 95
100 173
201 203
169 9
151 93
55 116
173 88
187 83
67 39
138 112
4 130
75 69
63 174
43 72
13 163
92 74
4 150
72 27
129 51
43 202
79 107
16 175
56 0
4 177
84 174
145 121
161 177
64 154
86 55
197 170
127 157
94 3
195 195
195 102
97 89
144 59
50 91
132 74
203 130
149 51
113 77
1 73
52 167
145 43
108 155
34 45
16 19
65 38
117 29
83 140
41 156
114 54
185 20
203 89
44 149
87 137
153 32
101 134
177 150
172 91
80 78
188 183
187 44
45 11
182 175
155 175
29 80
133 5
103 52
195 45
21 6
54 130
22 2
12 139
61 159
58 0
44 48
8 100
175 154
52 195
158 23
157 28
131 115
139 58
195 64
148 94
119 85
53 109
6 10
114 115
200 100
31 78
93 165
141 117
193 181
18 27
26 167
111 164
151 176
188 87
49 76
204 2
48 147
80 33
172 159
89 55
105 171
40 172
141 32
73 134
18 176
11 180
155 42
19 150
176 146
154 156
7 64
142 44
17 70
194 168
21 157
192 6
176 141
139 146
32 180
110 83
136 92
90 13
107 46
41 182
90 73
163 6
154 140
138 155
119 195
0 22
142 3
135 153
130 83
111 128
34 84
78 103
162 190
60 171
26 148
198 179
85 163
39 84
29 100
177 187
15 89
27 100
46 150
119 12
61 99
29 88
108 35
137 9
16 86
80 62
98 5
104 148
102 37
111 150
192 135
131 100
171 17
26 177
97 49
25 5
139 166
166 11
51 169
10 77
36 107
196 203
22 49
67 202
157 26
183 200
104 34
115 76
58 114
192 70
57 137
124 122
119 116
129 57
157 110
97 169
74 130
55 155
174 86
120 122
57 116
71 61
90 182
186 173
186 18
66 52
167 72
89 131
120 14
199 120
115 22
47 55
188 185
60 90
166 190
76 116
143 57
40 140
62 115
105 183
3 3
37 22
7 120
112 21
158 136
28 40
24 138
52 158
80 166
104 155
63 67
28 61
183 62
100 136
29 169
202 191
120 140
138 182
19 76
101 31
142 179
96 170
114 189
72 57
58 58
120 114
156 102
55 170
201 86
123 68
138 153
201 102
50 79
109 48
112 61
173 138
165 184
77 133
175 150
100 77
130 131
122 141
43 120
148 43
44 110
41 9
197 37
173 39
115 147
190 130
101 183
168 90
142 141
33 193
170 169
127 108
145 190
113 121
69 193
71 86
171 200
69 102
198 1
159 128
169 200
77 151
185 64
197 187
131 129
201 34
92 99
19 80
101 5
77 107
93 163
170 167
118 197
74 195
48 49
68 196
149 13
17 150
139 25
140 3
201 88
88 139
9 193
131 172
117 22
101 186
186 182
46 133
181 156
166 71
76 44
147 5
192 105
115 153
34 96
187 63
160 73
40 68
122 64
76 13
173 191
189 44
50 94
192 9
197 5
58 161
60 115
9 15
28 166
7 73
110 66
116 33
155 40
124 69
83 21
149 11
128 44
118 190
140 143
93 49
93 47
199 182
90 111
47 77
103 65
50 41
153 93
5 8
101 89
62 35
161 118
188 25
190 184
180 98
150 172
130 85
134 23
194 185
57 103
167 184
178 159
78 33
71 97
98 83
137 74
122 121
167 44
21 63
146 45
111 122
6 70
133 203
194 163
133 95
105 84
13 6
19 119
22 180
130 75
20 69
87 45
146 63
64 115
93 53
114 84
138 184
107 186
87 103
109 164
30 20
105 73
13 101
92 111
175 6
171 44
135 155
16 84
192 204
166 24
203 93
166 76
142 145
157 138
122 197
31 174
18 41
31 164
150 146
26 58
76 131
147 3
174 147
38 125
13 17
83 170
138 200
163 76
76 15
29 78
67 160
99 32
9 29
46 52
69 116
1 0
17 125
15 128
102 91
102 73
132 76
137 7
189 48
158 185
103 187
159 75
90 139
20 42
9 111
103 193
183 57
73 167
66 78
170 132
0 126
175 145
13 170
75 117
179 157
191 124
125 150
200 115
117 40
18 144
95 52
27 194
55 177
142 59
201 116
10 201
42 171
11 160
168 25
204 145
180 94
140 199
73 77
187 54
158 83
84 75
194 103
6 121
130 200
135 115
62 179
105 186
190 8
76 11
152 163
129 176
74 10
86 57
116 101
57 170
46 154
36 198
90 120
196 25
113 153
114 56
171 40
23 199
33 174
132 174
44 168
134 75
165 56
7 58
159 62
91 131
89 103
94 5
78 42
22 40
32 27
31 125
11 30
166 38
92 43
59 88
90 202
199 201
204 73
51 110
39 180
123 195
188 130
79 85
81 109
44 133
171 13
180 72
174 107
101 100
55 104
51 43
153 133
76 204
30 24
71 39
133 97
115 162
17 90
68 114
107 109
57 5
143 149
111 6
151 154
95 168
92 0
19 44
24 159
1 58
100 26
119 110
141 42
175 139
202 131
163 55
82 55
103 128
70 82
166 169
109 23
204 18
143 39
133 10
25 197
74 99
80 138
107 98
184 60
142 63
16 61
116 31
176 108
92 65
78 62
163 93
138 151
202 100
138 203
62 101
35 70
58 83
131 157
151 79
143 118
59 8
52 10
25 139
47 151
63 128
165 10
68 61
1 148
10 199
43 94
128 49
133 172
105 133
60 2
29 139
200 139
190 135
30 197
2 153
127 135
60 56
13 90
97 85
189 16
175 3
127 133
145 148
173 149
151 23
73 62
62 63
151 96
51 196
116 55
186 150
110 156
109 123
135 143
99 186
177 114
125 203
1 71
109 171
141 115
179 64
81 32
99 97
115 40
172 67
196 186
152 143
27 150
135 176
32 112
170 11
137 165
95 50
59 3
18 139
189 160
117 42
136 152
98 31
14 103
173 204
5 59
200 52
49 197
8 140
136 14
140 14
169 72
101 51
114 141
41 136
5 68
179 199
88 66
177 142
7 43
108 65
1 163
12 4
183 179
19 63
162 92
39 159
179 78
61 23
26 71
93 67
169 39
153 36
111 118
118 112
25 69
19 126
173 119
110 198
120 1
165 6
117 2
148 52
167 102
76 129
173 3
189 128
197 45
21 91
200 111
9 12
91 17
200 0
83 163
6 151
27 44
34 117
47 7
66 119
133 115
120 112
189 133
13 159
203 120
8 200
76 182
15 15
112 40
42 96
118 121
194 66
97 176
79 164
91 21
75 197
43 1
172 174
189 170
115 2
101 3
20 139
70 28
130 81
36 97
203 76
188 52
98 148
75 193
25 42
8 150
87 11
34 10
178 76
172 100
17 39
128 84
22 42
91 149
89 22
63 204
10 142
73 176
164 43
15 34
33 94
54 133
148 49
162 153
11 136
157 73
177 26
57 94
143 5
126 87
136 12
174 141
87 163
176 92
176 28
133 128
96 2
104 120
15 101
34 27
42 175
159 54
191 74
19 91
15 5
152 117
52 8
8 142
17 49
48 167
111 120
130 44
95 88
199 50
44 118
68 55
29 194
199 138
13 157
86 202
61 192
111 47
94 143
47 120
58 69
163 10
13 179
2 17
92 144
3 19
153 160
134 126
52 91
1 2
125 102
189 124
55 16
62 57
148 66
133 142
11 86
65 201
129 156
19 23
6 125
2 118
49 113
10 110
157 176
115 99
30 190
95 145
155 35
7 12
165 195
90 75
90 36
16 109
89 72
196 140
87 181
122 32
115 42
34 175
197 98
90 168
58 92
93 23
169 66
10 75
81 168
88 123
165 45
191 0
47 45
81 136
60 92
52 119
115 145
126 194
12 109
46 48
59 173
17 101
37 196
26 173
7 92
56 86
71 80
53 66
158 115
125 175
125 177
35 66
175 191
172 198
191 77
3 147
178 185
161 57
136 117
67 158
93 127
86 36
165 75
38 26
22 122
100 28
161 76
113 125
138 163
100 8
177 110
1 150
175 176
184 174
201 61
76 88
48 118
5 127
9 86
98 103
122 70
38 135
156 136
190 122
155 110
63 124
145 88
1 144
146 65
86 185
184 183
142 159
173 197
81 85
85 102
188 65
15 24
141 5
162 137
51 93
177 163
151 25
30 192
189 121
161 55
125 6
164 39
19 180
107 184
191 128
168 170
174 5
67 80
24 157
36 182
195 4
27 138
85 62
110 64
195 136
140 0
101 170
126 154
172 131
113 200
154 98
150 104
172 120
194 86
79 152
173 90
177 101
105 100
56 10
29 171
3 65
179 29
111 104
157 153
32 71
204 131
189 53
27 114
35 119
116 184
38 171
175 88
36 191
40 198
71 167
76 9
140 182
101 192
168 129
123 47
65 102
21 198
166 193
191 171
89 33
43 36
16 3
194 126
152 10
164 197
83 18
56 43
166 8
132 78
101 33
138 15
64 121
188 7
176 104
73 84
148 76
49 57
11 200
139 168
156 74
49 190
43 135
140 29
158 6
145 168
59 162
40 46
188 158
99 182
159 93
56 114
41 109
145 150
77 64
37 109
160 84
179 174
153 80
76 38
188 151
118 194
138 101
113 147
159 156
16 21
153 26
146 69
204 147
141 147
33 110
9 163
168 40
90 204
63 202
178 148
135 90
123 41
150 8
136 87
186 82
112 84
161 111
196 89
83 82
53 34
136 113
189 149
76 139
27 16
142 38
14 189
114 70
202 152
198 128
159 119
105 88
164 200
73 18
87 183
164 193
189 106
91 54
95 55
155 23
153 100
181 179
201 188
191 40
202 74
108 95
33 39
19 67
81 21
42 45
175 125
195 120
74 103
0 152
160 6
92 203
152 145
152 156
202 62
167 106
41 36
59 103
137 89
48 53
74 12
130 22
129 181
107 160
175 200
41 86
65 117
191 133
90 105
33 69
169 89
65 52
152 73
32 21
84 46
88 99
200 48
16 65
86 25
112 190
72 82
57 45
132 178
193 88
91 172
97 90
70 197
155 7
58 21
143 184
97 203
39 35
94 169
121 34
119 18
93 122
155 112
84 50
121 86
91 10
137 72
55 93
79 134
29 135
116 166
159 178
103 21
72 104
107 74
38 79
34 82
118 150
111 76
91 49
71 175
108 84
119 118
41 23
186 67
18 3
77 197
177 144
192 185
54 20
81 134
70 203
108 190
124 2
125 47
49 13
112 100
16 113
99 99
155 177
21 119
143 26
136 198
88 142
168 37
108 183
49 117
127 106
176 189
94 129
6 141
46 10
189 83
190 42
61 105
138 22
3 120
105 86
143 69
70 54
126 201
169 127
53 174
24 41
27 132
82 166
173 173
142 155
139 115
174 123
63 158
59 160
175 42
87 43
38 195
72 79
100 188
68 37
13 161
155 29
43 10
11 105
44 172
199 184
17 92
73 174
186 134
35 115
61 54
45 77
55 159
2 162
49 71
61 124
118 98
48 10
110 68
34 181
116 186
20 192
14 2
168 70
159 127
106 49
11 91
2 126
135 6
52 30
35 39
90 66
26 190
133 101
13 193
106 156
5 65
3 63
71 117
182 59
144 188
2 142
39 124
