157 57
3 141
154 187
146 86
40 138
188 148
92 2
78 5
28 71
63 1
0 103
125 159
140 71
111 75
37 22
175 26
13 203
55 41
20 0
12 77
57 24
123 134
78 200
111 4
59 42
162 198
68 181
83 165
129 198
14 111
151 173
34 98
90 191
59 9
67 193
58 171
171 126
171 144
108 16
123 200
31 115
38 175
156 121
109 164
119 185
83 104
180 2
125 145
15 15
103 167
138 4
57 179
18 154
193 69
188 156
145 75
156 35
62 2
138 72
42 173
46 150
32 121
200 100
112 118
68 39
64 65
109 105
60 39
198 47
170 91
178 97
88 133
151 101
192 43
158 120
28 61
144 178
110 21
202 201
130 102
98 0
20 48
178 112
182 73
105 98
106 190
144 184
60 37
176 161
103 27
171 186
42 158
107 61
126 23
77 147
172 1
149 62
31 31
159 32
98 55
142 34
93 105
85 54
82 79
156 139
58 36
180 198
173 174
99 71
34 111
199 60
150 93
73 85
107 31
202 14
106 122
158 90
90 44
181 38
17 152
175 148
17 20
127 177
145 193
155 59
77 85
119 65
91 7
184 6
91 130
100 190
202 126
38 183
13 179
123 142
48 42
203 23
5 67
22 126
33 119
176 77
106 188
91 71
37 36
73 74
145 185
52 21
39 109
179 154
68 41
91 46
6 127
70 178
153 13
139 95
70 198
102 73
139 70
16 138
204 86
195 204
61 152
38 15
13 86
67 52
44 139
74 23
188 171
16 0
96 171
96 145
90 118
105 76
21 40
116 124
171 161
139 119
62 6
7 69
140 89
31 16
61 172
114 185
141 61
186 63
183 195
163 9
142 59
19 123
44 107
114 101
95 106
45 47
147 72
69 142
194 160
188 86
43 167
124 202
91 26
43 123
74 87
156 130
39 85
102 146
36 10
65 102
0 55
107 134
89 136
1 20
22 54
62 150
96 173
195 164
59 152
87 137
202 112
49 110
117 31
75 60
141 168
56 20
112 67
159 176
11 102
40 95
55 168
127 48
117 119
16 127
37 79
181 77
27 42
14 16
177 9
150 160
85 47
113 72
107 156
75 14
89 200
94 53
16 47
16 28
134 96
59 61
113 17
46 79
57 201
173 163
44 4
164 38
41 197
111 154
172 130
191 21
141 31
90 181
138 202
38 197
1 64
177 203
139 156
50 97
153 25
130 133
172 106
119 90
43 81
104 38
191 69
200 130
30 83
187 22
109 107
140 114
162 79
125 141
188 19
175 132
37 83
46 112
78 175
16 36
171 163
127 102
65 0
19 159
14 191
110 85
181 75
180 32
158 2
26 171
113 74
132 78
155 141
95 90
110 123
86 141
112 57
153 132
50 177
125 42
91 104
190 174
162 147
93 22
41 160
22 173
86 101
18 94
164 73
198 204
91 145
129 173
77 137
56 91
198 193
133 72
36 194
164 189
159 148
178 188
96 6
48 52
1 36
119 41
79 4
64 175
113 99
197 118
89 146
144 34
117 150
179 186
47 114
161 174
99 73
58 23
46 57
48 40
45 80
189 16
130 175
95 50
13 174
143 32
2 128
60 154
150 52
142 187
104 122
185 8
193 128
172 104
49 194
66 115
33 182
119 120
143 151
189 152
202 147
151 131
74 170
98 9
18 141
169 125
157 77
17 117
7 125
0 88
196 6
139 2
124 44
28 14
143 91
52 67
160 195
14 28
3 1
6 42
29 23
51 17
101 124
192 73
16 63
51 188
147 57
127 21
155 82
74 140
124 64
28 59
90 116
44 119
10 12
175 130
141 36
171 70
186 55
38 38
109 187
88 191
195 202
167 187
142 164
87 61
52 176
20 196
110 152
1 68
53 180
59 25
68 58
121 28
121 137
66 60
41 204
24 172
65 193
178 153
73 19
198 42
50 57
0 160
94 170
150 99
60 58
27 200
132 175
152 153
136 39
70 141
141 150
47 72
198 186
63 116
181 176
111 182
43 105
104 168
193 134
62 193
50 119
117 8
116 168
30 193
153 130
55 174
52 171
152 163
168 171
75 37
34 183
45 73
193 164
16 155
88 140
90 97
203 118
177 126
78 36
114 146
121 66
91 32
142 90
94 103
183 159
191 173
125 112
48 157
154 39
46 59
59 63
199 131
169 46
24 196
57 89
178 31
52 27
137 160
85 76
157 24
189 25
190 71
88 203
120 43
73 138
43 46
45 71
191 126
160 57
59 27
122 186
36 61
8 15
102 102
64 126
191 45
167 126
107 33
28 89
74 106
171 196
115 164
180 160
60 3
81 20
142 63
45 108
199 62
21 157
194 5
49 117
196 42
37 95
121 82
169 104
103 135
69 26
93 13
9 102
4 93
190 5
37 26
51 32
187 157
43 204
104 185
159 152
154 78
193 136
147 193
111 73
134 73
190 47
156 28
149 50
145 152
107 199
116 191
171 101
174 0
21 43
135 120
117 85
44 147
134 118
76 4
124 137
162 196
109 47
135 18
130 179
173 70
127 72
45 9
89 165
74 180
41 123
104 127
24 4
40 170
107 162
60 92
22 47
76 182
40 149
180 30
72 40
59 40
44 174
188 161
28 19
18 36
183 70
48 56
141 189
76 84
35 113
8 177
20 159
29 69
155 118
44 170
30 163
103 50
52 19
68 200
127 152
34 13
158 130
74 65
56 136
191 80
14 20
75 192
16 146
191 169
175 97
94 0
126 142
194 105
186 121
191 89
30 136
22 52
103 85
105 32
177 29
38 67
3 5
125 106
27 15
136 143
127 150
105 19
160 2
52 173
18 148
140 187
128 80
149 100
52 44
91 106
56 81
199 89
74 8
35 109
96 204
15 87
98 32
90 147
70 180
58 44
5 149
121 87
79 0
24 55
96 93
147 88
158 172
63 152
17 88
204 147
118 114
92 115
131 71
144 86
180 8
30 117
37 9
100 92
187 126
77 3
50 39
144 68
69 38
88 54
47 48
72 66
37 161
180 102
97 70
81 133
44 125
147 74
183 8
41 35
117 145
194 3
198 191
139 153
53 33
39 63
118 27
9 161
93 201
62 176
144 42
129 200
177 110
124 185
79 140
2 60
137 142
204 164
26 40
20 4
98 6
89 67
185 25
90 125
123 146
137 42
44 50
175 93
72 170
68 159
43 200
104 191
189 119
111 199
55 133
101 62
73 59
17 22
17 35
156 162
4 145
172 192
180 100
187 70
131 112
193 25
65 113
62 126
49 170
43 127
179 181
15 149
86 22
123 112
84 106
203 17
60 68
170 42
127 43
157 41
117 193
58 1
51 156
176 134
33 178
71 193
157 6
16 24
50 11
69 190
151 11
6 15
52 119
180 6
114 169
58 177
56 33
22 119
174 189
72 179
171 122
64 54
14 109
23 115
75 167
104 145
160 112
172 165
58 38
169 196
122 71
155 92
143 139
21 38
121 89
118 7
157 80
109 62
34 41
31 123
39 26
52 41
164 89
169 71
174 22
188 181
25 2
142 68
127 54
193 1
198 138
68 77
117 12
13 2
113 19
87 53
12 112
195 44
200 63
112 126
96 58
10 138
199 128
23 162
103 32
62 154
138 92
111 23
56 35
11 198
15 85
54 57
135 4
136 17
36 184
159 81
33 113
108 148
112 128
28 55
200 113
176 112
67 143
102 137
57 41
3 95
32 42
64 104
85 186
22 149
3 37
86 74
191 56
162 114
149 91
140 201
14 31
107 75
179 183
70 182
202 52
35 26
70 104
56 67
0 71
126 44
4 119
44 121
143 185
78 18
133 131
91 114
44 112
46 41
18 195
119 30
99 170
169 13
136 183
46 196
26 193
124 70
46 3
127 112
9 191
143 147
25 199
93 62
168 166
78 7
14 107
140 16
78 144
111 34
89 98
18 27
184 72
78 78
135 8
185 17
187 146
181 4
136 89
132 111
74 174
188 173
61 0
197 26
40 202
52 132
165 75
179 110
163 200
38 173
112 69
18 137
79 33
124 110
168 55
184 54
170 105
139 143
117 189
63 122
92 36
123 29
123 138
160 41
17 156
102 131
58 191
45 77
2 161
131 201
119 88
114 42
102 144
139 167
188 44
137 32
193 107
197 109
79 89
103 126
185 52
54 104
128 23
156 94
159 174
124 132
151 129
167 195
29 21
117 123
168 11
187 159
89 183
13 157
56 159
201 145
72 139
155 12
170 198
63 199
164 120
30 167
17 158
12 75
97 143
140 22
186 53
81 140
0 19
174 120
166 56
111 188
139 101
30 194
77 151
106 83
181 158
148 76
20 137
9 44
37 65
192 67
128 56
28 149
182 32
202 199
18 191
115 2
65 141
191 119
140 124
99 51
48 151
171 37
204 21
85 172
48 112
138 196
49 168
189 168
172 41
176 151
88 34
107 163
197 17
146 5
70 83
45 6
54 84
116 44
16 190
82 106
129 49
0 60
202 57
153 174
47 110
108 160
87 189
0 128
107 182
53 18
95 40
124 196
55 46
44 153
106 22
2 24
30 79
159 137
139 24
86 51
37 122
59 112
196 172
54 120
75 113
93 6
91 200
169 122
173 24
173 26
52 39
193 119
71 118
159 42
112 187
117 29
110 170
158 94
36 117
94 64
63 142
177 39
57 10
151 97
138 20
85 184
177 176
90 69
30 121
126 135
13 30
64 180
55 26
30 29
70 88
201 96
175 66
56 83
108 86
147 130
112 63
194 166
110 125
172 140
75 20
106 194
141 180
29 44
101 133
21 50
172 72
41 11
40 62
176 163
158 21
133 184
36 120
114 60
176 24
174 68
75 149
110 102
109 20
162 22
21 115
179 76
145 91
134 114
77 40
148 70
160 94
125 143
55 24
4 161
166 25
133 68
125 162
26 118
75 147
27 69
4 39
142 160
116 25
74 150
68 102
115 8
52 108
71 114
89 144
46 5
71 147
177 182
133 177
185 146
166 11
140 69
92 117
91 185
147 100
145 77
64 61
102 89
90 164
28 133
74 176
17 174
185 23
71 145
88 52
96 8
177 124
14 91
174 152
104 49
42 95
174 133
157 151
102 122
171 159
176 102
198 36
29 196
119 189
2 94
79 163
127 158
99 100
189 132
141 152
143 30
187 154
171 103
176 68
191 52
139 43
112 65
134 142
181 180
20 180
88 201
44 145
161 148
147 63
183 17
138 163
124 192
85 165
43 8
141 144
45 117
17 113
42 107
141 67
195 118
50 72
103 87
53 16
148 48
196 183
197 89
127 104
90 31
43 176
33 24
10 180
90 132
31 119
41 200
32 82
12 110
149 12
85 139
195 25
115 24
113 46
144 124
196 40
27 191
54 178
158 153
51 193
122 1
115 155
101 126
90 142
18 68
95 98
53 156
194 182
166 43
201 37
172 120
75 85
106 169
198 99
177 180
177 96
160 197
103 34
74 6
56 163
148 8
127 52
72 76
139 159
36 42
39 8
163 77
75 66
112 122
106 136
3 67
106 85
197 95
190 180
80 22
179 196
48 75
35 65
13 61
76 165
119 204
77 113
90 169
92 121
76 104
192 2
171 149
103 129
180 162
129 43
147 91
117 101
196 181
1 142
201 18
22 45
174 103
188 47
44 149
155 80
155 10
22 177
165 191
106 37
130 56
42 27
195 170
12 32
121 141
195 128
78 117
180 96
64 198
175 173
6 175
57 111
114 62
187 132
177 74
121 183
77 1
36 40
16 178
14 70
46 133
99 148
200 94
83 75
11 191
32 14
22 197
11 196
79 80
123 144
139 99
46 115
109 18
72 172
4 41
34 15
169 100
119 81
200 75
89 13
19 73
121 185
200 146
92 60
105 62
42 169
80 129
88 56
185 180
26 55
36 38
112 198
201 54
19 145
149 64
80 105
157 92
53 40
101 139
36 111
124 49
155 70
132 76
88 102
94 57
58 46
58 181
93 8
140 161
158 177
58 69
98 145
153 82
18 48
137 120
153 72
113 4
70 86
143 166
200 102
152 74
95 17
46 51
85 189
158 115
143 66
168 202
13 33
50 74
192 27
154 161
89 46
51 191
90 24
185 70
14 66
61 62
131 181
62 67
196 126
37 118
72 141
190 23
93 88
202 75
3 35
202 162
67 203
19 143
176 108
2 57
32 80
152 78
198 172
169 142
47 43
53 116
171 142
96 165
160 172
153 95
195 104
26 102
26 116
89 189
121 123
50 28
35 30
110 168
161 20
134 98
65 78
50 13
199 38
5 58
46 83
24 174
114 22
60 22
176 98
188 49
87 172
142 162
196 192
24 46
45 137
73 166
196 98
99 201
21 73
199 95
40 125
93 99
132 24
36 12
9 178
38 96
172 171
160 23
162 50
87 167
136 156
171 90
56 56
160 51
133 128
146 48
56 58
124 1
57 151
132 69
8 202
96 100
38 199
125 151
71 101
110 70
159 58
134 75
58 153
107 180
204 130
197 102
202 87
20 64
64 159
191 88
22 175
154 133
188 68
112 59
117 98
185 57
157 32
8 76
137 179
61 113
67 191
156 8
53 106
100 128
92 124
54 181
30 85
14 147
28 116
127 194
10 14
123 136
81 165
83 24
135 181
196 179
130 111
199 133
89 192
191 167
5 6
133 200
74 41
144 72
77 202
159 54
79 146
80 82
184 197
167 200
12 92
43 12
150 175
90 27
167 22
14 155
176 121
40 107
108 69
173 96
94 203
119 86
33 115
142 114
170 170
191 58
78 9
189 126
42 135
146 187
173 200
136 95
155 120
112 82
177 190
113 165
75 138
36 46
21 6
70 59
181 71
31 24
142 124
186 148
19 116
81 17
80 136
42 92
198 28
92 186
20 24
114 15
160 114
136 200
64 63
168 186
125 157
84 191
152 103
194 100
109 74
184 35
13 104
55 135
7 95
92 11
199 16
54 118
57 106
23 139
45 157
33 30
107 188
151 104
64 192
79 20
198 126
177 4
7 121
132 93
164 79
61 203
114 167
61 8
10 89
5 92
170 69
200 135
61 102
95 174
42 47
136 166
203 53
39 159
187 123
101 100
24 179
155 72
91 166
85 72
2 16
189 81
130 154
29 57
55 55
200 36
96 102
169 102
99 188
76 41
111 45
62 104
142 181
20 46
86 187
41 71
105 134
125 194
24 150
109 153
30 132
107 77
27 36
178 27
68 202
120 191
144 70
159 128
155 112
12 190
148 90
12 13
122 131
37 69
81 77
192 76
141 157
79 132
9 125
20 176
5 95
135 41
100 48
33 190
123 83
161 116
38 181
164 42
134 39
55 87
60 64
126 50
191 187
119 28
52 78
127 183
135 201
136 5
36 28
34 194
18 181
89 58
48 78
108 48
163 195
19 70
204 142
104 159
27 136
139 31
201 73
109 171
175 142
32 117
3 121
47 70
5 162
88 135
127 148
94 148
78 87
129 47
102 71
199 34
77 199
186 35
165 101
16 102
139 41
72 87
50 79
162 41
91 89
18 193
124 86
148 99
91 18
82 83
162 2
81 5
129 54
160 146
37 81
143 143
125 108
57 134
183 181
47 155
83 169
55 157
107 104
191 158
31 27
87 129
35 37
136 153
9 74
73 148
104 189
91 3
70 77
116 154
23 43
141 2
100 146
132 99
99 203
194 189
84 188
128 157
92 58
76 117
164 202
62 181
35 23
25 69
128 179
198 200
3 146
103 99
154 103
96 163
179 74
203 55
15 35
125 147
177 129
12 141
94 20
120 195
112 103
64 157
48 71
127 181
123 204
113 203
107 18
73 39
108 103
74 182
182 6
112 150
150 4
21 124
173 151
179 175
137 40
151 156
94 86
144 182
36 25
46 81
134 133
57 133
12 17
59 202
175 177
103 1
194 24
201 59
24 200
69 114
167 9
189 154
175 203
127 25
71 143
8 45
83 133
76 36
60 174
26 53
18 183
184 19
168 198
56 22
76 133
106 47
8 97
91 99
134 94
90 55
73 107
198 129
124 84
155 160
141 203
28 170
6 123
143 158
38 120
61 201
27 88
190 182
18 127
54 94
137 116
15 114
82 19
33 68
19 152
172 35
77 115
116 122
10 100
11 43
148 55
115 18
121 117
182 64
77 65
76 175
95 42
145 40
77 38
24 103
179 114
134 199
29 123
179 179
81 81
125 3
60 180
52 29
93 41
15 175
60 5
72 23
106 157
190 20
119 97
7 178
117 187
115 86
126 190
39 201
146 90
37 115
139 198
48 80
1 101
6 160
65 53
149 173
157 119
170 184
196 15
153 101
54 66
74 194
159 150
112 21
76 18
170 172
77 20
164 11
5 72
86 182
7 41
189 51
109 32
9 163
104 25
113 24
147 61
91 68
166 8
8 28
127 154
115 116
122 202
3 143
24 116
26 165
8 88
31 110
130 114
35 82
115 84
157 34
101 50
153 144
92 146
163 6
31 173
56 155
152 161
49 156
114 58
163 191
25 114
174 34
151 133
61 41
185 159
122 110
141 140
183 177
162 39
173 161
28 164
155 129
61 26
23 151
69 79
98 171
113 154
119 124
194 91
172 145
42 148
200 14
154 176
17 18
162 52
57 6
40 135
145 73
202 149
55 116
83 139
18 72
24 79
39 44
79 199
55 85
196 137
167 69
164 95
72 116
144 121
124 134
73 146
182 36
176 201
88 74
18 46
190 27
37 174
178 11
13 172
5 203
8 108
155 57
162 94
129 101
65 122
6 97
111 106
12 0
1 62
29 174
93 4
36 16
121 119
152 9
137 71
200 120
168 120
41 105
202 1
175 192
35 44
113 163
143 57
43 109
50 95
61 69
126 175
107 171
54 137
52 25
115 203
133 70
100 29
56 172
201 114
40 182
20 72
94 121
146 59
185 157
73 25
31 68
136 21
165 37
86 170
163 151
103 169
177 199
167 182
196 120
94 172
168 26
5 128
90 59
27 140
179 199
136 196
142 43
54 27
95 19
1 121
73 192
75 151
58 57
38 11
174 105
22 8
81 131
20 182
184 56
178 201
65 202
159 40
143 176
156 134
35 177
161 96
189 88
164 53
126 185
144 55
201 56
168 189
197 0
146 78
153 159
6 201
143 122
71 58
83 20
24 160
180 164
22 171
62 53
10 87
174 162
69 194
182 62
94 15
134 174
38 138
203 128
80 18
195 138
0 149
104 75
25 44
100 10
84 182
87 55
141 25
143 180
114 125
40 27
22 182
72 181
112 2
166 202
128 58
53 31
79 202
138 96
109 146
105 147
181 196
2 41
197 44
117 148
79 86
21 77
189 70
193 44
76 6
196 190
186 174
66 195
97 72
175 125
167 35
55 7
150 26
75 43
38 46
15 177
147 46
76 173
160 154
35 122
203 160
54 25
97 169
55 179
45 45
51 15
92 170
63 178
111 165
147 189
22 138
22 4
90 11
125 183
13 113
51 115
35 179
42 146
188 106
88 63
85 50
71 174
136 97
113 116
174 36
160 135
3 125
35 196
112 55
46 146
189 21
23 77
12 106
50 26
178 7
116 114
112 190
142 29
141 120
63 36
114 123
88 96
93 113
101 171
129 71
102 48
88 24
62 65
8 198
17 64
103 124
165 21
115 189
18 24
121 193
121 187
100 74
10 157
32 72
193 74
92 119
15 157
53 169
141 40
140 27
183 37
145 146
187 152
50 24
161 93
126 83
49 44
97 89
160 74
86 133
99 49
19 50
41 156
39 10
166 89
73 102
169 106
111 146
131 203
115 145
119 183
6 40
57 47
200 202
111 71
14 63
79 130
7 90
57 85
126 133
93 19
127 201
156 90
43 76
93 166
76 22
22 117
181 113
28 76
157 144
200 198
71 191
19 135
200 58
139 179
170 131
57 138
170 44
132 179
37 136
130 58
155 26
142 55
90 34
115 16
196 48
5 0
64 76
10 140
106 87
201 197
106 17
92 97
204 62
199 118
173 170
11 194
25 152
54 92
135 11
66 121
38 157
14 18
85 21
24 177
53 167
54 160
47 137
20 120
94 165
55 106
133 8
134 179
56 69
30 81
100 167
108 197
58 5
109 199
99 139
154 135
16 192
69 55
64 194
188 104
56 153
137 13
105 51
134 21
104 131
7 72
174 198
8 127
72 103
141 166
178 103
69 144
195 89
99 28
141 122
134 100
125 155
144 62
35 68
117 204
192 105
153 23
9 195
100 184
102 181
163 117
171 124
154 116
14 139
137 11
197 168
143 189
89 129
185 59
31 43
145 7
92 43
189 172
72 5
114 0
105 106
129 177
52 14
198 93
48 195
53 7
136 3
163 21
28 135
16 194
118 14
158 30
74 152
196 24
18 0
71 24
164 113
17 115
200 111
161 138
63 118
124 72
176 0
112 201
107 106
177 155
170 140
60 100
41 69
194 180
43 157
35 80
8 84
18 177
15 68
146 69
173 40
149 53
158 113
155 131
150 8
23 2
53 9
135 184
62 156
58 164
88 125
85 105
86 63
192 86
198 101
198 116
158 197
164 118
28 87
30 14
140 35
96 122
140 93
160 21
132 155
49 192
74 165
117 87
98 103
38 107
57 8
192 162
190 86
187 8
14 76
62 160
124 66
30 20
149 74
45 43
137 144
22 75
26 70
189 79
93 90
202 16
145 88
183 34
59 106
192 4
71 106
145 66
137 185
43 72
3 58
28 84
202 138
114 201
188 72
146 191
201 98
107 20
193 168
189 9
77 145
17 16
154 154
135 69
68 104
128 111
50 158
178 99
185 37
87 12
121 42
190 73
33 44
107 146
9 99
73 100
160 170
187 136
174 194
102 190
117 116
139 151
74 172
173 129
105 36
87 98
179 9
116 14
201 50
138 98
98 90
84 135
50 9
186 181
20 122
152 93
19 38
127 46
191 107
24 101
142 0
180 78
100 5
138 94
79 2
156 188
67 141
105 120
37 44
157 142
189 56
175 128
58 34
129 103
94 43
115 150
149 154
79 138
29 31
73 44
112 169
190 121
137 24
6 84
9 197
80 88
51 45
163 43
187 17
161 43
130 25
29 38
123 184
31 166
173 94
106 192
77 164
45 82
201 150
149 131
95 176
159 56
28 168
162 155
16 196
154 114
112 42
51 175
36 176
97 74
165 91
58 83
54 22
129 112
43 155
9 91
186 6
83 172
154 178
155 150
46 194
140 112
192 188
105 60
0 24
8 43
33 192
93 184
10 182
172 194
172 167
199 109
28 172
166 186
15 173
55 80
10 111
166 54
5 2
0 162
73 42
62 120
70 201
136 99
19 114
56 131
87 105
77 195
74 98
149 158
42 198
161 118
75 64
89 48
149 156
173 102
103 3
203 61
60 192
164 23
112 44
27 198
191 50
57 140
60 161
201 128
8 160
138 161
116 6
86 49
161 199
110 148
192 65
196 166
132 133
161 110
17 142
154 152
84 79
90 122
127 161
183 157
197 49
56 0
105 132
12 28
97 177
143 88
115 183
90 100
1 90
55 18
41 82
9 142
191 175
33 176
30 165
75 62
16 148
109 181
192 160
175 160
161 78
7 86
103 61
86 191
139 121
132 114
37 124
43 83
198 40
54 35
90 20
128 84
131 47
45 114
198 189
60 190
80 145
65 143
42 125
30 18
138 33
171 128
154 99
154 9
123 86
80 6
8 180
189 186
191 25
66 62
60 35
102 23
18 146
114 6
28 82
27 138
40 67
200 139
190 82
4 201
198 15
188 90
146 55
62 37
86 65
92 24
70 42
6 93
3 7
193 158
68 140
156 116
83 77
86 135
73 114
174 201
32 20
137 19
180 62
149 6
167 102
16 66
87 165
75 16
122 43
172 67
177 2
140 73
146 42
149 129
122 65
79 64
198 87
126 110
50 111
44 202
6 203
93 144
37 63
3 92
22 79
177 174
176 22
181 34
19 26
42 97
150 75
68 198
171 13
72 7
28 53
199 54
148 191
158 89
39 136
187 24
85 58
42 121
3 148
46 76
100 3
88 170
164 186
100 144
180 36
73 21
156 22
104 23
204 204
107 63
134 183
112 167
65 36
113 7
54 108
36 67
100 122
90 50
133 181
126 1
158 38
157 71
84 170
36 14
201 133
101 129
165 187
107 98
54 172
101 64
170 194
99 168
75 136
166 169
179 177
21 151
161 150
19 2
57 61
171 24
150 63
91 168
9 144
27 38
178 160
7 67
127 146
62 55
88 73
136 23
4 71
92 15
10 28
63 69
184 176
188 82
91 48
40 174
38 61
132 153
6 145
186 106
5 4
192 23
114 26
35 78
70 57
190 77
76 106
29 114
192 121
85 56
150 77
155 5
138 18
80 79
40 97
24 53
145 57
23 51
54 42
193 57
204 90
15 179
186 66
201 118
47 12
69 146
87 67
0 75
114 85
196 87
8 100
57 71
59 179
179 4
175 38
95 142
2 39
25 197
29 16
18 197
120 1
104 157
43 25
132 22
102 29
20 178
54 176
74 3
95 7
0 119
92 69
106 145
154 94
100 172
202 203
168 7
151 92
54 114
173 89
187 84
66 39
138 113
3 130
74 67
63 174
43 70
11 162
92 73
5 147
71 26
129 52
42 202
80 107
17 176
58 203
6 177
84 174
145 123
161 176
64 154
87 57
197 170
127 156
94 3
194 191
196 100
96 91
145 61
50 93
131 73
202 130
148 52
111 77
0 69
51 167
144 44
107 154
34 46
16 17
64 38
116 27
83 141
40 158
113 53
185 21
203 88
42 150
85 137
155 33
101 135
177 149
171 93
79 77
187 183
187 46
45 11
182 175
155 174
28 80
133 5
103 52
194 46
19 6
54 131
21 2
11 142
60 159
59 204
44 48
7 99
176 153
51 195
158 23
158 28
131 116
140 59
195 65
148 93
119 84
53 110
6 10
114 114
202 100
30 77
92 164
141 118
192 181
17 26
26 167
111 163
152 175
187 88
48 73
204 2
46 148
80 35
173 159
90 57
105 170
40 172
140 33
76 135
18 175
12 181
155 41
19 150
176 146
153 155
6 65
141 44
17 70
195 168
19 157
192 6
175 140
139 145
33 180
110 83
136 93
91 13
107 46
42 181
90 73
161 4
157 140
138 154
119 193
1 22
142 4
134 152
130 81
110 127
34 83
78 105
162 189
60 171
26 148
197 180
84 163
39 83
27 101
177 186
15 89
26 100
44 151
117 10
62 100
30 87
109 34
137 9
17 86
81 63
98 4
103 147
103 36
109 150
191 135
130 100
170 14
26 178
97 50
23 6
138 165
165 9
51 169
9 77
36 108
197 203
22 49
66 201
157 26
182 197
105 34
113 77
58 113
192 71
55 138
123 122
119 116
126 57
159 111
97 167
75 131
54 155
175 89
119 122
56 115
72 60
91 183
186 172
186 19
65 51
166 73
87 131
119 12
198 120
114 20
46 55
187 185
59 88
166 189
75 115
144 59
39 140
62 115
105 183
3 3
38 24
6 119
111 19
158 136
28 40
21 136
52 158
80 167
104 155
63 67
30 59
184 63
100 137
29 169
200 192
121 139
137 181
20 75
102 31
142 178
95 169
114 187
71 56
58 59
120 114
155 101
54 170
200 87
122 67
138 152
202 102
50 76
110 49
112 61
172 138
165 184
78 133
175 150
98 75
131 131
123 140
42 119
147 44
44 110
41 9
197 38
173 38
115 148
190 130
102 183
168 90
143 141
32 194
170 168
127 109
145 189
112 120
69 192
71 85
171 200
70 102
199 1
157 128
169 200
76 153
185 65
196 188
132 130
202 36
92 100
20 79
102 4
78 107
92 162
170 166
118 195
75 195
48 50
68 196
152 15
17 150
139 26
140 4
201 88
87 139
9 193
130 172
116 20
102 186
185 182
46 135
181 156
165 72
75 45
147 7
193 104
114 153
36 97
187 64
158 73
39 69
121 64
77 13
173 190
189 45
52 96
192 8
197 5
57 161
60 114
8 13
28 166
7 74
110 66
115 31
156 39
124 68
84 22
151 13
128 45
119 187
141 142
94 51
93 49
197 182
91 112
47 74
103 63
50 41
153 92
5 8
100 90
61 35
162 119
187 26
189 184
180 98
151 171
130 83
134 23
192 185
58 104
167 184
179 158
78 34
72 98
96 85
136 75
121 121
168 44
21 63
145 46
110 121
6 71
133 202
194 162
132 95
104 84
12 3
18 118
22 180
129 73
20 68
87 47
147 65
64 115
94 55
113 83
138 183
107 186
87 103
109 162
31 22
104 72
12 100
93 111
176 6
172 43
134 154
17 84
193 203
166 23
0 92
165 77
143 145
157 138
122 195
31 175
18 40
31 164
153 146
27 57
77 131
148 5
174 147
38 125
12 15
82 170
138 200
161 76
77 15
28 78
66 160
100 31
9 30
46 53
68 115
1 0
17 125
17 129
102 91
100 72
130 75
137 7
190 49
156 186
104 187
158 75
89 138
20 41
8 110
104 193
183 58
73 168
66 76
172 132
0 126
174 145
11 173
74 116
179 156
190 124
125 149
199 114
117 41
17 144
96 54
25 195
56 177
143 61
200 116
10 201
42 171
10 159
168 24
203 143
178 95
140 199
74 76
188 55
157 82
84 74
195 102
5 121
131 199
135 116
62 179
105 185
190 7
76 11
150 162
128 175
74 10
87 59
116 102
56 170
45 155
36 199
90 120
196 27
112 152
113 56
171 39
22 199
33 174
131 173
44 168
132 74
164 55
6 59
157 59
89 131
89 104
94 5
77 43
23 39
32 29
31 125
11 30
166 39
92 45
57 87
90 202
200 200
203 70
51 110
40 180
123 194
187 130
78 84
82 108
44 135
170 11
180 73
174 107
100 102
56 104
50 43
152 134
77 204
30 25
70 40
132 97
114 162
16 90
67 113
106 108
56 4
143 149
112 5
150 152
95 167
92 0
19 44
22 160
1 59
102 25
120 110
141 42
174 139
201 131
162 54
83 57
102 127
70 81
167 167
108 22
202 19
143 40
133 10
24 198
75 100
81 138
105 100
184 61
143 64
15 61
115 29
176 106
92 64
79 62
163 93
138 150
204 101
139 203
63 102
34 70
54 82
130 156
151 79
143 119
59 7
52 10
23 137
46 152
63 128
164 8
68 61
1 146
10 199
44 94
128 50
133 172
103 133
60 1
25 140
200 137
189 135
29 199
4 150
128 134
60 56
13 90
95 87
189 18
175 2
128 132
145 148
173 149
151 25
73 61
62 63
151 95
49 196
115 54
186 150
109 155
108 122
136 141
100 186
180 112
125 200
204 68
108 169
141 116
180 64
81 33
97 99
115 41
172 68
194 186
155 143
26 150
135 175
32 112
169 9
136 164
96 52
58 3
16 140
190 160
118 43
136 151
98 30
14 102
173 203
4 60
200 52
48 197
7 141
136 15
139 14
168 73
101 52
116 143
41 136
5 69
178 198
88 65
177 142
9 42
108 65
1 163
11 2
183 179
19 62
163 91
39 161
178 78
60 24
24 70
93 66
169 38
156 37
111 117
119 112
23 68
20 125
171 118
110 197
121 204
164 4
118 1
147 53
167 100
77 129
173 2
188 128
196 46
20 93
198 111
8 11
93 17
200 0
81 163
7 147
27 44
34 117
46 7
65 119
133 116
121 112
188 134
11 158
202 119
8 200
76 184
14 14
113 40
44 96
117 121
194 67
97 175
78 165
92 20
76 197
43 1
172 173
189 170
116 1
101 2
18 139
70 28
130 79
38 98
203 73
189 53
98 147
76 193
25 42
8 145
88 11
34 11
177 76
173 100
17 38
128 82
22 41
92 148
91 22
63 204
7 143
72 177
165 44
15 33
35 96
53 133
147 50
161 153
12 139
156 73
177 25
58 92
143 5
126 85
136 13
173 141
86 163
175 95
176 27
134 129
96 1
103 120
14 100
34 28
42 175
159 52
191 75
18 92
14 4
153 118
52 8
5 143
17 49
47 168
110 119
130 45
94 91
199 51
43 118
67 54
27 195
198 136
12 156
86 202
62 191
111 47
93 142
47 119
59 70
162 8
14 181
0 17
91 143
2 18
151 158
135 128
52 92
1 2
125 104
188 125
55 16
62 58
148 68
134 140
11 85
64 200
129 155
19 22
5 125
1 118
49 113
10 109
157 175
115 100
29 191
95 144
157 36
6 12
165 195
90 75
92 34
15 108
89 71
196 139
88 182
121 30
116 43
35 175
199 98
89 167
58 90
95 22
168 67
10 75
81 169
88 123
167 45
191 0
47 45
82 137
60 89
51 117
116 146
127 192
12 108
46 49
59 173
16 100
36 197
26 173
7 92
54 86
71 79
54 68
159 116
124 175
125 177
34 66
175 190
172 198
191 78
2 144
178 184
160 55
136 118
66 158
90 127
90 36
163 75
38 28
22 121
101 27
159 76
112 124
136 162
100 7
178 108
1 148
175 175
184 174
201 61
76 87
47 117
4 127
9 86
96 104
122 69
38 134
156 136
189 123
157 112
64 124
144 90
0 144
146 67
87 186
183 183
141 159
173 196
80 84
85 103
188 66
15 22
141 6
161 136
52 94
178 162
152 27
28 193
188 121
160 53
127 3
164 40
18 179
107 184
190 128
168 168
174 4
67 78
23 158
36 182
195 4
25 138
85 60
110 64
195 136
140 0
101 169
125 153
173 131
113 200
154 97
150 102
170 120
193 87
78 153
173 92
178 101
103 101
55 9
29 171
2 66
179 29
110 104
156 152
30 71
203 132
190 54
27 114
35 119
117 184
39 171
175 91
35 192
40 199
71 168
76 9
140 181
102 192
170 129
123 48
66 103
20 198
166 193
191 171
89 33
42 36
15 2
193 126
153 11
164 197
84 19
56 43
165 6
130 77
101 33
138 15
64 120
188 7
176 104
72 83
147 76
48 58
12 200
137 168
154 74
49 190
43 137
139 29
157 4
143 168
58 162
40 46
189 158
100 182
159 92
56 113
41 109
145 150
77 63
37 109
159 83
179 173
153 80
75 39
188 150
118 191
138 100
112 148
158 155
16 19
154 27
146 71
203 145
141 146
33 110
7 162
168 39
90 204
63 201
177 147
136 91
123 42
150 10
138 88
186 83
112 84
162 111
196 91
83 81
52 34
136 114
190 149
77 139
28 17
141 38
14 189
113 70
203 151
197 128
160 120
104 88
165 200
74 18
87 184
164 193
190 105
92 56
96 56
155 24
152 99
181 178
200 190
190 41
202 72
106 96
33 40
19 66
82 22
42 45
175 123
194 120
74 104
2 150
159 4
92 202
155 145
151 154
202 63
167 104
40 37
60 104
138 90
48 54
75 12
130 22
129 181
106 160
175 200
41 84
65 117
190 133
89 106
32 70
170 89
64 52
151 73
33 22
84 48
88 100
199 49
15 64
89 25
113 188
72 81
56 45
131 177
193 89
90 171
98 92
69 196
155 7
58 21
142 183
97 203
39 36
93 168
120 32
118 16
94 123
156 114
85 52
121 85
91 9
136 73
56 93
80 134
29 137
115 166
160 178
105 21
72 105
106 74
37 77
34 81
116 152
109 76
92 50
70 176
108 84
119 118
41 25
186 68
17 2
78 197
176 144
190 184
54 20
82 135
70 203
109 189
125 204
125 48
48 12
112 101
15 112
98 101
156 177
20 117
142 27
137 198
88 142
167 37
109 183
48 115
127 107
176 188
91 128
5 141
46 9
189 84
190 43
61 106
138 22
2 119
104 86
142 70
69 53
127 199
169 127
53 174
24 41
30 134
82 167
173 172
141 155
139 117
174 122
62 158
58 160
175 40
87 45
37 195
72 78
101 188
67 37
11 160
156 30
43 10
11 104
44 172
197 184
16 92
72 175
186 134
35 115
60 54
45 75
54 158
3 163
48 69
61 124
119 99
48 10
110 68
34 181
116 185
20 192
14 0
167 71
157 126
106 49
11 91
2 126
135 6
51 30
34 39
91 66
25 191
132 101
13 192
105 155
4 65
3 64
70 116
183 60
144 187
1 140
39 124
