157 62
3 139
157 187
148 86
38 138
188 144
89 1
78 5
30 72
67 204
4 104
125 166
143 71
114 79
36 22
176 28
13 5
55 41
14 202
11 83
57 25
124 132
77 200
109 4
61 42
159 195
69 181
83 164
131 197
12 112
152 172
25 95
94 191
65 11
66 189
58 170
171 125
168 147
105 10
127 1
24 107
38 173
152 119
112 161
115 182
82 110
181 3
127 147
17 17
107 167
140 0
56 181
19 151
195 68
192 154
145 75
150 35
67 2
140 71
42 170
51 151
30 119
201 100
114 121
73 42
62 67
110 108
62 38
201 43
172 88
184 97
90 134
149 106
194 36
157 121
26 61
141 173
110 23
201 198
129 103
100 2
18 51
178 115
183 75
110 94
104 192
143 184
64 37
176 163
101 28
171 181
41 155
100 62
126 19
76 145
170 0
150 56
30 32
155 33
99 57
139 34
92 106
84 52
84 82
157 137
62 34
185 201
169 173
97 67
32 107
200 61
149 95
72 89
110 33
0 10
102 115
156 91
94 43
187 40
21 149
180 147
21 21
126 176
150 199
157 64
78 88
123 64
94 7
184 8
92 130
97 191
203 123
41 185
6 180
124 144
45 39
203 25
7 67
25 128
32 118
173 81
104 186
91 75
36 35
76 74
149 186
48 23
41 111
180 155
71 44
92 44
10 130
72 176
148 17
137 94
74 196
103 74
140 69
20 136
1 82
192 2
61 151
38 16
14 86
73 51
45 141
73 26
184 169
17 4
97 170
94 150
93 116
107 79
18 39
118 132
172 162
141 117
67 6
8 71
137 86
25 12
60 172
111 186
141 59
184 59
186 0
160 11
138 56
20 126
45 103
113 103
96 110
44 49
153 72
63 135
199 158
187 87
38 162
127 4
92 27
44 127
74 90
153 124
37 91
100 147
35 9
69 97
2 52
108 136
93 139
4 23
23 59
61 148
98 173
197 168
58 150
94 140
204 106
49 111
119 33
76 63
146 169
58 16
110 69
156 180
16 104
38 96
54 167
124 50
118 122
16 128
39 80
179 79
25 40
14 19
173 11
154 165
84 43
115 70
103 152
71 12
88 199
96 54
13 51
21 32
133 97
57 58
119 18
50 87
56 201
166 164
49 2
166 35
41 193
110 155
169 133
191 20
141 30
90 178
139 199
37 195
9 61
176 204
143 154
50 100
149 25
132 138
175 103
124 93
43 83
104 41
194 69
202 131
30 82
183 23
111 110
143 113
167 82
126 142
185 19
177 135
35 89
47 114
77 169
10 42
167 162
123 98
67 202
23 158
11 183
110 88
183 77
180 37
158 204
23 170
116 79
135 79
154 142
94 86
110 124
85 144
114 57
148 135
47 175
125 41
90 103
192 175
163 145
94 23
37 154
20 168
83 100
19 95
167 74
197 202
86 153
130 174
74 135
56 93
203 195
132 72
33 190
162 188
158 143
182 194
96 11
48 55
2 34
117 39
81 6
63 178
112 102
195 114
84 152
145 34
120 149
187 192
50 115
161 175
98 71
63 20
47 61
49 37
46 87
187 15
129 176
97 48
14 169
145 32
5 129
59 152
156 48
143 189
103 117
184 11
191 128
169 102
51 186
69 115
34 183
121 122
144 148
193 151
198 148
148 131
69 165
99 15
16 137
169 124
161 78
17 121
11 128
2 88
198 7
142 1
123 41
19 12
140 89
50 65
156 193
16 33
3 204
4 44
28 23
50 17
102 123
197 73
20 62
45 187
144 51
127 18
157 85
71 137
126 68
34 59
94 114
45 119
9 11
177 132
136 37
172 68
181 51
38 33
108 189
90 191
192 0
168 185
147 162
82 63
50 176
21 203
111 153
2 66
50 183
61 23
70 58
127 33
119 135
64 58
41 1
22 168
64 188
178 155
67 19
203 35
51 60
4 163
95 170
147 107
61 53
33 204
134 171
154 155
134 40
69 142
141 147
46 73
203 188
64 118
178 175
107 177
43 102
109 168
192 136
58 189
56 127
115 11
122 169
27 193
153 129
56 173
52 169
157 166
165 169
78 36
37 184
41 72
196 163
15 156
87 145
91 94
203 116
175 128
75 29
115 146
120 66
90 33
141 86
97 108
187 153
190 170
124 111
46 156
157 39
48 63
60 61
198 132
166 47
28 202
58 90
175 37
50 26
137 161
84 76
151 21
184 27
189 68
89 195
120 41
69 136
43 48
41 70
189 127
162 64
65 27
119 186
35 54
7 17
106 100
64 130
194 43
166 125
109 35
27 91
74 106
172 191
120 162
180 163
63 5
81 19
139 60
47 106
199 64
23 155
194 7
54 121
199 37
29 93
122 82
167 105
99 132
68 29
91 13
13 102
3 96
191 12
37 26
53 35
190 156
46 202
100 185
161 152
156 81
191 138
152 196
116 77
136 73
192 44
154 26
153 48
147 151
106 199
119 198
167 99
174 2
19 43
134 121
116 89
51 144
133 119
79 3
123 137
158 193
110 51
136 15
127 180
173 67
126 73
44 11
91 162
76 176
43 125
110 127
25 3
39 167
107 163
61 95
23 48
78 176
43 145
176 39
76 44
62 40
43 172
189 161
26 17
12 40
180 69
52 58
142 191
75 85
37 113
9 175
24 156
27 65
148 117
43 166
31 160
104 49
52 20
71 198
125 157
32 11
164 129
71 70
54 134
188 79
11 23
76 187
16 143
189 166
185 91
95 203
128 143
192 110
186 118
191 89
35 136
22 56
102 82
110 31
176 35
43 63
5 4
122 102
21 16
136 143
127 154
107 17
163 2
50 172
21 146
141 189
126 79
148 109
54 47
91 105
62 83
199 84
74 3
33 108
97 203
16 88
95 32
86 155
70 180
67 46
6 160
120 92
84 202
26 53
95 90
147 87
157 171
62 153
20 88
199 152
115 114
95 113
131 70
144 84
179 10
30 115
35 5
98 96
184 127
83 5
49 40
148 64
76 39
87 54
46 50
69 68
35 156
177 98
96 68
80 130
43 129
149 74
182 8
42 30
115 138
195 6
0 191
140 152
56 33
39 57
121 27
12 164
93 199
64 176
145 39
130 199
175 111
121 186
78 138
4 58
136 139
204 165
25 38
22 8
101 11
89 70
180 28
89 124
125 149
136 50
42 52
179 89
70 162
69 155
44 197
96 194
186 111
111 198
56 131
103 67
72 63
19 25
13 38
159 164
3 148
177 191
181 101
188 65
133 111
193 26
69 113
62 129
48 168
44 131
181 185
16 149
82 25
120 110
82 108
0 19
60 72
170 50
127 41
158 42
119 200
55 0
48 162
178 137
35 179
72 186
156 4
16 24
50 7
70 190
152 11
5 16
55 125
176 9
121 171
58 180
61 30
22 120
177 187
74 175
169 120
67 54
13 109
21 114
75 160
101 145
161 110
166 160
60 35
170 192
119 74
156 95
138 133
16 38
123 91
121 11
159 83
105 59
35 42
29 124
39 26
49 43
165 86
166 68
174 22
194 181
25 0
144 67
126 57
188 3
196 140
69 76
123 13
16 7
115 19
86 52
8 113
198 40
202 65
112 132
96 59
6 135
200 125
29 155
104 32
61 155
135 91
113 24
61 26
11 193
16 86
54 55
134 4
138 15
40 187
161 85
35 114
107 146
113 134
28 55
203 108
181 118
62 140
98 134
58 40
2 98
30 38
67 94
80 186
26 146
4 34
80 77
191 53
165 109
147 93
139 197
13 34
109 78
183 188
71 182
200 51
33 27
69 104
55 64
202 71
124 43
5 116
47 121
145 185
76 14
134 130
93 113
44 111
42 42
23 201
125 30
103 173
168 19
137 186
52 197
22 192
119 71
47 5
126 109
4 188
145 143
31 203
93 62
162 168
76 6
15 108
141 17
80 145
114 35
89 94
20 30
185 70
78 80
139 8
180 16
183 146
177 7
133 86
135 108
72 170
186 172
65 0
200 18
40 204
48 130
170 73
176 109
160 199
36 168
111 71
22 133
80 27
122 110
172 55
181 49
171 106
139 140
119 196
64 124
85 36
129 37
120 137
159 34
17 156
104 132
57 195
44 80
3 165
132 202
121 93
111 41
96 144
143 170
189 42
132 32
190 111
197 109
82 94
105 125
182 47
56 100
126 22
159 95
159 175
126 132
151 129
168 191
25 20
124 128
165 15
189 159
87 183
12 155
54 161
200 148
67 141
155 12
167 199
62 197
164 122
33 166
19 162
14 81
94 148
134 21
183 49
80 138
2 22
177 119
170 56
110 190
138 105
27 195
82 150
106 82
183 160
150 78
24 135
5 49
38 59
195 65
130 59
36 145
182 32
198 198
16 195
115 5
58 139
184 116
141 128
101 47
53 151
171 46
2 26
84 172
50 113
136 193
49 166
185 164
174 52
177 152
85 29
111 162
200 14
150 203
68 83
43 7
57 80
119 45
12 199
84 109
129 51
2 60
200 57
151 175
48 110
105 162
89 188
5 123
102 180
53 19
100 38
122 190
56 50
47 150
101 20
0 31
33 77
162 135
139 23
88 48
33 123
61 110
198 175
59 125
78 117
94 5
88 201
167 119
172 27
170 26
50 42
191 115
70 124
158 36
114 186
121 30
115 177
159 92
38 118
95 64
60 143
182 43
65 14
146 101
135 18
81 182
175 175
90 74
28 120
125 138
14 32
64 183
55 26
29 31
67 89
197 93
176 60
61 85
107 88
144 129
112 65
195 165
113 129
170 141
71 18
102 196
140 177
28 42
105 134
20 50
173 69
41 16
41 58
173 166
153 17
133 188
34 121
113 61
176 26
175 64
74 148
104 107
109 21
161 20
19 114
176 76
143 91
137 111
79 32
152 64
162 94
126 144
56 24
2 171
162 30
133 65
130 166
25 115
74 144
27 71
4 39
144 162
119 26
73 155
69 100
113 10
52 106
72 120
86 150
48 3
69 149
181 187
135 169
184 148
165 13
138 66
96 115
89 183
143 106
145 79
66 63
103 90
95 160
32 129
73 172
17 174
181 22
69 147
88 52
95 13
179 123
16 92
175 155
106 54
40 97
174 138
160 150
100 122
172 160
175 94
195 34
31 198
121 195
204 97
82 156
126 164
100 100
187 134
143 150
143 29
191 152
170 104
172 60
188 50
140 48
111 67
133 144
182 181
20 184
89 197
56 145
160 143
152 57
178 16
140 166
127 189
85 165
41 6
149 140
51 123
14 118
43 108
142 65
193 120
51 76
100 84
52 16
152 46
203 180
198 85
123 101
89 31
43 174
34 19
5 176
92 133
30 117
37 203
32 84
9 109
150 12
88 141
195 21
113 28
115 48
140 124
199 35
24 191
52 180
159 154
48 191
122 5
122 153
103 126
86 148
17 66
98 101
52 158
203 183
163 45
196 28
173 118
76 88
112 169
199 97
176 181
184 95
157 195
104 34
73 2
60 165
154 0
122 53
72 77
139 160
37 42
36 3
167 79
74 71
113 126
104 138
5 64
105 85
191 96
195 185
75 20
183 197
47 77
38 62
18 56
78 157
119 1
80 116
90 173
88 120
76 107
191 6
170 150
105 130
182 164
130 41
147 91
118 102
201 180
1 141
0 15
24 47
173 94
191 45
49 146
155 84
156 10
26 179
166 188
102 41
129 61
42 19
197 174
9 34
119 142
194 131
82 121
187 101
61 195
172 172
10 170
59 110
114 64
183 133
173 74
119 180
82 203
38 40
13 179
13 68
47 134
96 154
194 93
84 78
8 186
30 14
19 204
11 191
81 84
125 146
139 103
50 120
112 18
69 167
0 39
33 15
165 98
120 81
204 79
85 7
14 73
118 184
196 149
89 63
103 64
42 165
79 125
86 57
190 179
26 55
40 37
112 197
203 54
20 142
153 56
78 110
156 93
53 40
101 141
34 110
120 50
162 70
133 75
88 100
95 58
62 46
55 185
96 6
142 162
155 184
54 70
96 147
153 85
16 51
136 122
154 75
110 5
67 86
147 167
199 102
156 77
98 20
46 54
85 189
157 114
144 65
167 203
8 35
49 76
189 28
157 163
90 41
46 192
89 25
185 68
14 63
60 59
132 182
61 74
197 129
39 120
70 143
187 23
93 84
1 78
5 31
202 163
66 199
17 138
172 114
4 54
34 83
154 80
202 173
166 146
44 43
57 120
168 145
102 163
157 174
145 99
194 104
30 102
24 113
91 187
128 124
47 33
35 30
116 175
165 20
135 101
65 77
52 12
198 32
12 58
46 91
21 175
115 24
62 18
186 93
191 47
87 171
146 161
188 197
25 49
46 139
73 162
190 99
101 200
19 75
195 95
41 125
93 97
130 22
36 10
7 176
34 96
170 169
158 17
161 53
90 164
136 156
174 88
54 53
161 55
133 125
150 51
56 54
128 7
57 148
131 65
7 201
96 103
36 196
125 154
78 101
112 73
161 66
135 75
57 155
102 178
1 129
195 101
202 81
21 66
67 158
191 83
25 178
156 132
188 63
111 59
118 98
178 55
153 32
8 80
137 180
63 110
68 189
157 7
54 103
102 128
86 120
46 182
28 87
14 148
20 109
131 193
11 13
122 133
81 160
79 23
136 181
199 179
130 109
202 135
93 193
190 164
8 5
134 202
78 44
147 70
79 199
162 59
78 146
86 88
183 1
165 201
13 95
40 12
145 172
92 29
163 26
14 154
176 122
40 106
108 72
180 92
96 201
119 90
34 114
146 113
167 166
193 54
76 11
187 127
42 135
150 188
170 197
132 92
149 123
110 84
180 192
118 165
72 139
32 50
24 7
72 59
184 72
30 22
142 122
186 145
18 120
83 14
78 133
44 92
200 21
91 184
23 25
112 14
161 112
138 201
64 68
169 182
125 163
86 191
151 106
190 101
113 77
186 33
18 104
52 133
6 95
91 10
202 14
57 124
58 106
27 143
46 154
33 31
107 188
149 112
60 188
77 16
198 127
172 6
10 118
128 91
169 81
60 204
119 167
67 8
9 90
3 93
169 61
200 136
62 100
94 176
39 52
139 170
0 52
35 154
185 120
103 99
26 185
160 70
93 162
80 74
7 21
187 77
131 158
32 59
52 52
197 30
99 108
163 98
96 189
81 36
113 47
64 101
144 177
14 48
83 185
38 75
106 139
129 193
34 148
107 154
32 131
109 80
25 33
175 31
70 200
122 196
146 69
160 124
155 107
9 184
146 89
13 13
128 131
38 66
82 79
195 78
142 156
78 129
10 123
21 179
5 96
135 47
105 45
31 187
123 87
163 116
41 179
166 41
131 38
55 88
60 63
123 52
193 189
127 29
54 78
125 186
137 203
137 3
35 26
32 192
16 184
83 60
48 84
110 53
164 193
18 70
1 144
103 157
31 137
136 32
0 76
112 175
179 142
32 115
4 118
47 71
8 165
86 136
130 151
93 156
80 95
130 50
104 72
193 33
80 195
187 31
161 102
21 102
138 47
69 91
50 81
162 36
89 84
17 194
129 88
145 107
88 19
90 88
166 6
81 8
132 59
159 141
37 87
147 138
124 105
57 134
188 180
48 155
80 166
54 157
108 110
195 156
28 29
89 129
36 37
137 151
9 78
76 149
100 190
89 3
72 79
116 157
21 43
144 0
98 150
133 101
101 203
199 188
81 188
127 160
90 61
80 120
162 200
61 185
36 20
25 71
126 178
193 198
4 151
105 96
158 102
100 160
177 74
1 54
8 38
128 149
179 129
10 136
96 24
127 195
105 105
66 156
49 72
128 184
123 2
111 2
108 15
80 39
106 108
77 178
180 8
111 151
154 199
22 128
172 153
177 174
136 48
151 162
98 78
145 179
34 21
50 89
135 132
57 132
12 18
58 201
173 176
105 0
194 24
201 59
29 1
70 119
169 13
193 153
175 203
124 21
69 144
3 49
83 131
74 35
64 174
27 51
15 186
178 18
165 199
58 23
69 132
107 56
9 101
91 96
129 94
88 56
71 110
201 129
128 86
158 162
144 200
26 167
9 120
142 158
38 122
59 200
25 90
195 183
18 129
52 93
138 115
13 115
81 16
34 65
23 151
172 44
82 119
120 128
15 101
7 49
146 48
117 20
123 118
180 64
76 70
77 171
99 39
145 37
76 35
26 100
179 112
135 200
26 120
178 181
85 86
128 10
59 185
51 32
95 38
13 174
65 6
72 24
102 154
188 20
114 96
5 172
116 195
113 92
128 188
39 201
145 87
39 114
135 195
51 86
2 104
7 167
70 51
150 172
151 118
170 178
197 16
150 104
52 66
75 189
159 145
114 22
73 18
167 168
75 15
161 13
4 73
85 180
7 44
194 48
113 37
15 162
104 27
110 27
150 58
91 69
167 9
10 28
124 158
117 119
125 2
5 140
23 115
26 160
8 88
28 107
126 116
34 88
118 86
153 34
104 47
151 148
91 155
161 6
32 171
55 156
156 165
48 157
112 57
160 187
22 112
173 42
150 134
63 42
188 152
118 107
139 135
182 178
164 36
173 161
29 162
155 125
64 23
28 149
70 80
100 173
108 157
125 127
199 89
174 148
48 144
202 11
150 177
19 21
163 55
59 9
40 134
151 71
201 153
59 120
82 138
17 72
26 79
37 46
83 196
55 86
195 141
167 63
167 92
75 119
145 125
124 134
71 148
185 39
177 202
92 79
13 46
187 27
35 170
172 13
16 170
2 199
6 108
156 60
164 92
129 100
66 126
6 100
112 107
13 7
5 59
31 169
91 3
36 15
123 122
152 7
138 69
199 117
168 116
38 106
203 7
176 192
33 46
117 162
140 55
45 105
49 98
59 74
122 179
111 172
52 135
45 25
115 203
132 66
99 30
55 171
0 109
43 178
20 74
94 121
144 55
185 153
72 28
28 67
133 15
168 34
85 170
164 149
107 174
179 200
165 175
195 119
96 172
160 31
6 130
88 61
33 140
181 200
136 191
139 43
52 26
95 17
1 119
74 187
73 152
60 54
36 7
177 104
27 7
77 124
19 188
179 50
181 202
65 201
160 41
139 174
158 132
33 178
164 94
190 88
166 55
125 184
134 53
199 55
172 186
196 1
143 77
155 161
6 200
143 123
74 59
82 21
27 153
181 171
20 166
66 50
11 87
175 165
67 193
181 62
87 15
131 170
38 140
2 123
78 13
193 141
1 154
104 79
26 47
103 15
81 179
85 55
141 23
142 177
117 130
44 18
21 187
75 178
113 5
164 203
128 59
53 32
77 198
141 95
108 142
103 148
187 201
2 38
197 38
119 147
82 90
20 79
191 66
194 41
76 4
200 191
186 175
64 190
96 72
176 127
167 32
60 11
145 26
80 45
34 50
13 176
151 45
74 166
163 156
33 125
0 161
54 24
99 168
52 182
44 47
48 15
92 169
62 177
114 164
147 196
26 137
24 5
89 8
122 182
10 113
54 118
36 180
50 142
187 107
84 66
86 46
66 167
141 97
113 119
172 40
164 133
7 126
36 190
116 54
53 146
188 22
22 79
11 106
47 28
177 11
114 116
109 193
141 28
142 119
69 36
117 128
87 93
91 112
105 174
128 72
106 47
85 26
60 65
4 195
19 63
105 121
160 27
115 193
19 27
125 194
118 187
100 73
10 158
33 70
197 78
92 119
19 158
52 167
140 40
142 26
187 35
147 144
190 147
45 27
163 90
127 84
50 48
96 86
164 75
86 134
102 45
16 53
40 150
37 5
167 87
77 99
168 106
112 143
132 1
115 140
117 180
6 42
60 47
200 200
113 71
16 58
74 126
7 90
59 85
129 134
93 18
127 202
154 92
42 77
98 165
75 22
21 116
181 111
34 73
155 146
196 198
70 185
24 133
199 59
140 182
168 131
55 141
166 49
135 175
37 131
127 61
155 24
133 54
89 34
117 15
199 44
2 202
67 72
9 138
104 86
197 194
106 12
93 95
0 60
196 116
171 168
10 187
32 149
53 92
140 10
67 125
34 152
12 20
85 22
28 181
54 165
57 161
47 138
21 122
101 162
57 104
134 10
135 179
55 68
32 82
105 169
106 197
63 7
108 199
98 139
158 134
17 197
76 54
61 190
185 106
55 154
144 15
104 53
134 26
108 132
8 74
174 196
13 128
72 103
145 167
173 100
67 146
195 90
97 28
141 121
134 103
122 157
144 59
36 64
117 203
192 108
148 21
10 190
95 185
98 182
162 119
168 121
153 114
12 133
143 11
197 172
147 189
91 128
182 55
29 40
150 1
94 41
188 170
78 203
113 3
108 114
128 177
52 14
193 95
50 197
56 4
139 3
165 23
30 134
19 198
122 15
153 30
75 154
197 20
12 204
70 26
166 111
15 122
201 108
163 137
66 121
119 76
178 0
110 0
107 112
178 157
165 141
60 100
44 68
200 183
42 151
39 82
6 85
20 181
14 66
150 64
178 43
159 50
157 110
154 128
149 7
23 3
58 4
135 186
66 153
62 164
87 124
83 104
83 69
192 81
195 99
197 114
155 195
161 121
26 89
26 10
139 36
95 125
138 92
157 15
133 163
47 194
73 160
112 91
101 107
35 103
62 10
198 160
189 84
187 10
13 83
65 161
124 69
27 19
151 75
42 44
137 137
19 77
26 73
189 77
92 86
204 12
145 82
183 30
64 106
192 8
69 107
146 65
137 188
39 71
8 55
26 83
200 144
110 203
189 70
149 196
199 94
105 19
194 170
192 16
78 144
18 19
156 156
134 66
70 103
127 107
45 160
181 99
188 33
84 11
126 38
190 72
31 46
106 145
10 98
73 97
158 170
185 140
177 194
99 191
119 116
141 149
71 166
174 132
106 37
86 96
175 13
115 15
204 49
141 100
97 94
83 133
51 5
192 181
23 124
149 97
14 42
126 47
188 104
28 99
145 198
177 80
102 8
135 93
84 0
156 190
62 139
101 117
37 44
151 144
194 56
176 130
65 32
128 102
97 40
118 149
149 155
75 136
31 34
78 48
118 169
184 114
137 25
5 83
7 194
80 93
52 47
164 41
185 17
160 36
125 24
26 34
120 184
33 163
178 91
99 197
80 156
46 89
202 156
146 130
96 176
161 61
26 165
164 155
20 196
153 110
108 44
50 174
36 174
96 75
165 88
63 84
56 22
129 107
42 149
8 92
185 9
83 174
149 180
156 150
50 199
142 112
196 190
101 64
201 28
4 47
29 187
93 181
3 176
171 189
167 158
197 107
24 172
168 183
17 172
62 80
6 112
168 54
7 0
0 163
75 48
64 122
72 199
139 99
13 119
58 130
85 105
78 192
74 95
150 165
42 195
161 117
73 68
91 43
148 157
169 98
104 1
0 62
58 193
161 22
109 46
32 202
196 49
53 138
60 161
1 125
12 162
138 162
114 9
88 45
159 197
111 147
195 61
196 167
133 132
160 108
16 140
156 152
85 82
87 118
128 165
185 157
203 43
53 203
108 134
14 30
98 177
141 84
112 180
90 98
0 88
56 16
40 86
10 139
193 173
33 175
31 162
74 67
16 147
104 180
197 157
177 161
166 81
6 87
101 67
87 189
140 118
127 115
35 124
42 86
200 33
58 32
90 21
128 82
130 47
44 113
202 190
56 193
80 147
60 140
42 127
25 15
134 33
170 127
150 101
154 8
126 88
79 6
6 174
192 193
189 26
66 59
66 33
106 26
19 145
112 8
28 82
31 142
45 66
200 142
186 79
1 197
198 15
190 90
144 49
67 40
87 66
93 25
75 46
2 95
4 6
198 155
64 134
155 114
84 80
88 137
76 117
173 202
29 18
134 16
179 63
155 201
164 102
16 65
89 161
69 16
123 38
174 63
178 2
141 72
145 41
149 130
124 67
78 69
197 84
124 109
52 110
45 200
4 201
90 151
36 56
202 91
22 82
177 172
176 21
180 34
20 28
37 99
151 77
71 195
171 18
72 3
29 52
201 54
149 194
152 90
38 135
184 24
80 59
44 123
6 153
45 78
100 6
88 173
163 181
100 149
184 36
73 22
152 19
106 28
202 3
103 60
133 186
116 167
70 38
111 9
54 106
39 64
99 125
92 50
133 181
129 8
152 40
161 72
82 172
34 14
204 133
103 130
166 184
110 98
53 170
105 67
170 190
103 169
67 135
163 172
176 176
28 147
163 151
15 0
56 60
171 24
152 54
89 168
11 142
24 35
180 165
8 68
130 148
65 52
81 73
135 25
3 72
89 15
10 30
63 75
185 177
182 84
92 48
40 172
37 55
133 154
7 148
184 108
8 3
192 24
115 28
37 80
71 57
194 74
76 109
22 107
189 116
79 53
151 82
158 3
139 18
79 84
36 96
24 57
144 53
22 54
55 43
193 52
2 86
12 181
188 61
201 119
48 11
65 146
87 70
3 79
117 85
194 85
13 100
55 72
55 183
176 5
179 42
91 146
2 36
30 202
23 13
22 199
119 7
101 156
41 20
130 25
101 30
23 182
52 176
77 0
96 4
0 118
92 73
105 143
156 99
101 174
203 200
168 11
151 94
56 116
175 86
185 83
72 38
141 110
4 131
71 72
66 175
39 69
15 165
93 76
8 151
68 27
122 57
44 202
83 113
15 177
55 202
8 172
85 176
144 126
159 178
64 153
83 56
199 171
125 161
92 2
189 195
192 100
97 88
145 57
46 96
130 72
0 127
156 50
113 80
201 69
51 165
145 45
105 153
29 47
14 21
67 43
118 28
83 139
36 152
117 56
181 20
203 82
45 145
88 139
151 34
97 131
175 151
173 90
77 78
190 185
188 44
46 14
182 175
153 178
29 77
132 4
103 50
197 44
24 9
50 130
22 4
12 138
62 158
58 0
42 50
7 101
176 156
54 189
156 21
154 28
128 117
136 57
194 60
145 94
120 83
55 109
5 10
112 116
201 102
32 76
96 162
143 118
202 184
20 34
24 161
114 165
149 176
188 89
48 74
204 5
51 146
80 29
172 158
90 59
109 173
38 168
137 34
67 133
18 176
5 178
156 41
23 149
178 146
157 158
9 67
141 46
15 69
194 168
22 157
193 11
177 141
141 141
34 181
109 85
133 90
89 13
109 52
45 178
89 79
165 2
153 139
138 153
124 198
202 26
147 3
135 150
126 77
111 136
31 86
78 107
161 185
62 169
35 146
201 178
86 160
37 89
30 104
185 193
20 90
32 102
48 148
125 14
64 97
28 89
110 37
141 8
21 86
80 69
100 9
102 146
105 39
108 149
194 135
131 100
171 20
30 181
97 46
26 5
139 168
163 11
50 167
9 82
34 107
194 1
22 50
66 197
156 25
188 0
106 33
115 81
60 112
196 69
53 136
127 122
119 114
129 58
158 108
100 167
71 131
53 156
179 83
123 126
56 114
71 65
92 179
185 173
181 15
70 47
169 70
88 130
127 14
197 118
117 22
45 60
188 186
61 90
166 186
80 118
142 54
39 142
65 115
107 182
6 2
38 24
9 116
111 20
162 132
24 37
26 134
46 162
79 162
99 157
65 73
31 61
183 61
100 139
28 165
0 193
120 140
138 184
13 75
102 31
141 175
96 168
115 191
74 57
58 54
118 113
156 103
55 169
201 79
121 68
139 151
204 101
47 82
112 51
111 61
170 139
163 179
75 131
174 153
98 74
129 128
121 142
45 121
147 42
47 108
39 6
198 34
175 47
116 147
188 131
99 184
170 88
140 133
29 194
162 166
123 107
145 193
115 125
71 187
70 89
168 197
71 101
198 1
161 128
167 201
78 151
189 58
201 189
131 129
197 27
92 98
23 84
105 5
75 111
97 159
168 160
122 202
76 193
49 53
66 192
149 16
20 148
140 25
145 6
202 83
85 142
6 188
126 169
119 23
98 185
189 182
45 135
185 159
166 72
81 47
152 0
193 106
117 155
32 94
190 60
158 73
43 67
123 62
72 12
177 189
191 43
51 98
195 12
199 10
57 164
62 112
8 15
25 163
8 76
109 67
117 34
158 41
122 69
81 23
150 14
130 43
119 194
144 137
96 50
94 48
203 178
88 111
46 75
104 65
47 39
152 98
4 8
99 94
67 35
160 119
182 26
190 187
183 99
151 170
130 82
132 27
195 188
60 105
167 181
181 161
77 27
72 95
98 80
139 76
127 120
162 47
23 65
149 44
112 124
5 71
133 204
196 161
129 96
105 83
17 10
19 122
24 185
127 74
18 68
88 40
155 57
65 117
95 56
113 86
139 187
106 186
85 103
113 158
29 21
104 77
16 97
90 110
171 7
168 50
135 154
18 84
186 4
164 29
203 90
170 76
145 141
160 135
123 192
29 173
15 43
33 161
153 149
30 56
74 128
153 202
178 148
37 127
11 16
81 174
140 195
164 81
70 14
31 78
70 157
97 33
8 27
47 56
73 115
0 3
18 127
18 132
101 94
105 71
132 77
140 6
193 46
158 189
102 186
160 77
95 138
16 45
5 111
97 197
180 56
71 163
67 76
170 135
3 121
173 145
13 167
76 121
182 156
188 125
129 153
204 112
115 40
19 143
98 55
28 200
57 179
143 58
200 113
9 198
41 167
12 160
166 28
202 147
188 97
142 195
74 74
183 51
159 85
83 75
193 102
8 118
132 199
136 116
62 183
105 184
194 13
73 8
155 167
127 175
71 8
83 58
115 103
58 168
44 149
34 195
91 118
199 23
113 152
115 56
177 48
30 3
31 174
130 172
41 160
131 74
168 56
13 59
159 66
90 130
87 106
93 3
82 45
19 38
31 31
29 128
12 30
168 36
96 42
57 89
87 197
193 200
200 71
54 110
41 177
120 190
184 131
80 89
85 116
43 136
169 17
181 74
178 105
102 103
59 104
48 45
152 133
82 201
30 24
74 44
136 99
119 160
18 91
71 114
110 113
59 7
146 148
111 7
151 155
95 166
89 204
18 46
28 157
6 55
103 24
115 110
141 44
172 141
202 133
165 54
79 57
104 128
70 85
161 170
108 23
0 17
143 37
136 10
29 204
77 97
79 136
107 97
185 58
145 61
19 58
118 32
170 112
93 64
79 67
165 90
136 147
1 102
141 200
64 99
32 65
60 81
133 159
152 81
144 120
64 8
53 8
24 141
49 150
62 131
163 9
70 60
0 150
4 193
42 98
124 54
128 170
106 133
61 4
29 142
199 140
185 138
34 200
5 158
127 137
62 51
12 93
96 81
188 16
173 4
131 135
144 145
170 152
147 25
73 65
63 66
147 98
51 193
119 58
188 146
106 155
109 123
134 143
96 187
178 109
126 204
200 68
113 171
145 115
179 66
82 29
98 99
114 43
173 65
197 189
151 146
36 148
133 170
31 111
168 15
138 167
98 51
61 6
16 135
191 160
120 43
134 148
96 30
20 103
172 203
8 57
201 47
51 195
8 143
140 14
143 17
168 68
102 48
113 139
40 137
1 70
183 199
85 65
181 142
7 47
107 60
0 167
12 9
188 178
22 63
163 88
37 156
176 79
65 22
25 74
92 65
172 34
149 39
110 118
116 112
23 71
20 128
174 117
108 197
122 3
164 6
118 204
155 52
161 99
72 127
170 3
185 130
199 42
21 96
199 107
6 14
88 17
199 204
83 160
9 149
26 42
33 116
45 8
67 123
131 115
118 109
185 135
13 158
202 118
7 198
75 183
16 15
109 42
40 99
122 127
196 63
98 175
80 159
91 22
78 195
43 1
168 171
186 166
114 1
104 3
21 138
70 33
124 76
32 96
4 76
185 50
95 152
76 190
24 42
9 147
84 9
34 10
174 76
167 97
12 42
127 80
19 41
91 157
91 24
65 203
11 144
72 174
164 43
7 37
27 94
54 130
149 49
163 153
10 134
159 71
177 31
57 95
150 3
130 86
140 12
169 143
87 161
181 90
176 30
134 126
97 0
99 118
21 100
34 28
41 173
160 57
194 76
21 94
17 8
148 121
54 10
6 143
14 52
47 166
114 123
130 45
93 89
203 47
43 119
72 53
28 197
198 138
10 156
91 196
57 191
113 49
90 149
50 125
58 69
160 9
4 182
2 20
88 152
5 22
152 164
136 126
49 94
0 1
122 99
186 126
54 17
63 53
152 63
132 142
13 88
63 196
129 159
22 23
9 128
1 116
52 115
6 109
153 185
115 102
26 191
92 144
150 37
5 12
166 192
94 78
89 36
15 110
89 77
195 145
87 180
127 31
115 43
35 176
200 95
89 166
60 92
98 24
167 61
10 81
79 164
84 127
161 45
188 5
48 50
79 134
62 92
56 122
116 145
130 192
11 108
44 51
61 171
24 103
36 194
22 172
5 92
54 84
73 81
56 66
163 114
122 174
121 178
35 63
180 190
170 196
192 74
2 150
185 188
163 62
135 118
68 157
92 127
83 31
169 75
41 26
23 122
99 28
162 76
114 128
138 164
100 13
175 113
2 156
173 174
184 175
202 61
76 90
52 121
6 128
8 86
100 112
121 71
39 132
160 133
189 124
156 107
64 128
141 88
204 144
148 62
80 184
185 181
141 160
176 196
82 88
83 102
190 62
14 25
146 4
164 136
49 96
180 167
149 28
24 193
187 120
162 57
129 11
164 38
16 182
107 184
187 129
163 170
170 5
68 78
26 156
38 186
197 6
26 141
80 63
110 65
192 139
142 202
106 172
123 156
175 134
114 199
148 101
149 110
169 118
194 82
80 152
176 88
178 97
105 98
63 15
27 169
6 63
177 37
110 106
158 151
35 69
1 134
187 52
26 111
34 119
115 180
37 167
177 86
30 189
39 194
67 162
76 9
141 181
95 196
170 131
121 48
68 96
19 202
166 190
189 169
90 31
43 33
17 6
193 125
154 10
162 193
84 20
56 42
163 7
133 78
101 33
142 16
66 124
192 14
173 96
66 82
143 79
50 62
11 195
141 169
157 69
44 190
44 139
137 28
158 1
148 169
60 163
38 48
190 158
96 181
159 90
58 111
41 109
149 150
77 67
35 108
160 87
177 170
154 82
80 37
190 145
120 197
139 101
112 147
161 155
12 22
153 24
149 68
199 150
143 142
30 108
10 163
169 37
87 195
63 200
181 149
133 88
124 40
151 8
136 83
184 85
112 84
163 108
197 89
85 84
55 35
137 113
190 143
74 138
23 16
139 39
9 182
117 68
203 154
200 126
159 118
101 90
163 202
69 18
86 182
164 190
187 105
93 55
97 57
149 23
147 103
180 180
2 190
192 35
201 73
110 96
33 42
19 66
80 21
38 50
178 125
190 117
75 103
5 156
162 0
90 202
153 147
151 158
203 63
166 103
40 33
66 102
135 87
47 58
72 10
128 23
128 182
104 158
174 200
39 89
66 119
186 136
89 105
30 66
172 84
68 51
154 77
30 20
86 44
86 98
0 43
16 63
87 26
113 190
71 85
60 45
132 177
193 89
89 175
97 92
69 194
155 6
60 17
147 183
99 202
40 29
94 171
123 33
118 14
96 121
155 109
85 50
122 84
93 9
138 72
54 93
77 131
33 136
120 164
157 184
103 19
71 106
106 77
38 78
33 86
118 152
111 80
93 52
70 175
108 87
121 120
44 20
186 63
16 2
79 193
179 144
191 189
48 21
80 132
74 201
109 191
126 6
122 50
50 10
109 102
12 114
100 102
151 179
20 121
144 23
134 193
88 147
169 31
106 178
52 119
124 103
182 191
93 128
5 142
47 9
187 83
192 37
65 104
136 23
2 117
103 84
144 69
76 52
128 200
169 126
52 174
23 40
36 134
81 164
170 171
142 152
143 116
175 120
65 159
59 159
178 45
84 41
37 191
74 79
98 189
73 40
14 159
151 30
42 11
14 104
43 168
204 177
18 93
70 173
181 134
37 115
64 50
44 77
53 160
204 169
48 68
61 127
116 98
49 9
109 71
36 182
113 182
19 194
15 5
167 70
159 127
104 55
10 92
5 127
135 5
52 34
36 39
91 67
22 191
132 103
10 185
100 154
7 65
10 62
72 124
179 58
146 187
203 142
37 125
