159 62
2 140
157 187
149 86
39 138
188 145
90 2
78 5
28 71
66 204
3 104
125 165
141 70
114 79
36 22
175 27
13 5
54 40
15 204
11 82
56 25
123 133
77 200
109 4
60 41
159 194
71 181
83 163
131 198
12 112
150 173
26 94
93 191
64 10
66 190
59 168
171 126
168 147
108 11
127 1
24 106
38 172
151 119
113 161
115 182
81 110
181 2
127 148
17 16
107 168
141 2
55 181
19 154
195 68
192 155
146 75
152 35
66 1
139 71
41 170
49 149
30 118
200 99
113 120
73 41
61 67
109 109
64 39
201 42
172 89
184 97
90 133
149 105
194 37
157 121
28 61
141 173
111 22
201 200
130 102
98 204
17 50
179 113
183 74
107 96
105 192
146 184
64 37
176 164
102 28
171 181
41 155
102 62
124 20
76 144
171 204
150 56
31 32
155 32
99 57
139 33
91 107
84 52
84 82
158 138
61 35
184 201
170 172
98 67
31 108
200 61
148 95
73 88
110 34
0 11
104 117
156 91
94 42
186 38
22 150
179 147
20 21
126 178
151 198
156 63
78 89
121 64
93 7
183 8
93 131
97 191
0 123
40 184
6 179
125 143
45 40
1 25
8 66
24 128
32 118
173 79
104 186
91 75
38 35
76 74
150 186
49 22
42 109
180 155
73 43
93 43
10 129
72 176
149 17
137 95
72 196
102 75
139 69
20 135
1 83
192 1
60 151
36 16
14 87
73 52
43 139
74 25
184 170
17 4
98 170
94 150
93 117
107 78
17 40
118 130
171 161
141 117
66 6
8 70
136 85
26 14
62 174
111 185
140 58
184 60
185 0
161 10
140 56
20 126
44 104
113 102
98 110
44 50
152 70
63 136
198 158
188 86
39 162
126 3
91 26
44 126
74 90
154 124
36 89
99 147
35 9
68 97
1 54
107 136
92 139
5 24
23 57
62 150
98 173
198 165
57 151
94 140
203 107
50 110
120 33
75 63
144 168
58 17
109 69
156 180
16 102
37 97
55 168
124 51
119 121
16 128
39 80
179 78
25 41
14 19
173 11
154 165
85 42
115 70
104 154
70 12
88 199
97 53
14 52
21 32
131 94
58 59
116 18
48 86
57 201
166 163
48 1
166 36
41 194
109 154
169 133
190 21
141 29
90 180
139 200
38 194
7 61
178 203
143 155
51 99
150 24
130 137
175 104
123 93
44 86
103 39
195 70
202 130
29 84
182 23
111 109
142 113
169 82
126 142
187 19
176 135
35 87
45 112
78 168
10 42
166 161
125 99
66 202
23 158
11 184
111 87
181 76
180 37
158 0
24 169
116 79
134 80
153 142
95 86
112 125
85 144
114 57
149 134
48 175
127 41
89 103
190 175
162 144
94 23
37 154
21 168
85 100
19 95
168 73
197 203
87 152
129 173
74 136
56 92
203 194
132 72
33 191
163 186
158 143
182 194
97 10
48 54
2 33
117 39
80 5
64 179
111 102
196 114
85 152
145 32
120 148
186 190
49 114
160 176
99 73
61 21
48 61
48 38
46 86
186 15
129 176
96 48
13 170
145 30
5 129
59 152
155 47
143 189
102 118
183 10
191 129
171 102
51 187
69 114
34 183
121 122
144 150
193 152
199 149
148 132
71 165
100 16
16 137
169 124
160 78
17 121
11 128
1 87
196 8
143 2
125 42
22 14
141 88
50 66
156 193
15 34
2 204
4 45
29 22
51 17
101 122
196 75
19 62
44 189
145 52
126 19
157 85
71 138
126 68
32 57
93 115
46 119
9 13
176 132
139 37
172 68
181 50
38 33
109 189
90 190
193 204
167 185
147 162
80 64
50 176
21 202
111 153
2 65
51 181
62 23
70 58
129 32
120 135
64 61
42 204
23 168
65 189
178 156
68 19
202 34
52 61
3 163
96 169
147 106
61 54
33 202
132 171
153 155
135 40
68 142
143 148
46 74
202 188
65 118
178 175
108 177
44 102
109 168
193 137
59 190
54 125
115 10
121 168
27 193
152 128
55 174
52 170
157 166
166 171
78 37
36 184
41 73
195 164
16 156
87 145
90 95
203 117
177 128
75 29
115 145
121 66
91 34
140 86
98 108
187 154
189 171
124 111
46 156
156 39
49 62
59 61
197 133
166 47
27 200
58 90
175 37
50 27
138 162
84 76
152 20
185 25
189 69
88 195
119 40
69 138
42 49
41 71
189 128
162 64
64 26
120 186
35 56
7 17
104 101
65 128
193 43
167 125
109 36
27 90
74 106
170 192
119 163
181 162
63 5
80 19
141 60
47 105
198 62
23 154
194 7
54 121
199 37
30 95
122 83
168 105
100 132
68 28
91 12
13 102
3 96
192 11
37 26
55 34
191 156
46 203
100 184
162 152
155 82
191 138
151 196
116 77
137 74
193 45
153 26
153 48
148 151
106 199
118 197
166 99
173 2
20 43
135 120
118 88
50 145
133 119
77 3
124 137
158 193
110 50
136 15
129 181
174 67
127 72
44 10
92 162
76 176
42 124
107 128
25 4
40 167
108 162
59 94
22 49
78 176
43 144
176 38
77 43
62 40
43 171
190 160
26 18
12 40
182 69
52 59
141 190
77 87
37 114
8 174
24 156
27 65
147 117
43 167
31 161
104 50
51 19
70 197
126 157
32 11
165 129
71 69
55 134
189 78
12 22
76 188
18 145
188 167
185 92
95 204
128 143
193 109
185 120
192 88
34 135
22 55
102 84
110 32
175 35
40 63
5 4
123 103
22 16
136 142
126 153
106 17
162 2
51 172
20 147
141 188
126 80
149 107
54 46
90 105
62 82
200 84
74 4
33 107
97 203
16 88
96 33
86 154
71 179
65 47
6 158
119 91
83 202
26 54
95 90
147 87
156 172
62 152
20 88
200 152
116 113
95 114
131 71
143 83
179 10
30 114
35 5
98 94
185 128
81 4
49 40
147 64
75 40
87 54
46 50
70 67
35 157
178 98
98 69
79 130
44 128
148 76
181 9
42 31
116 139
194 5
203 192
141 152
56 32
38 58
121 28
12 162
93 199
64 177
145 39
130 200
174 110
122 185
77 138
3 58
137 140
204 165
24 39
23 7
99 12
89 69
182 27
88 125
125 149
137 50
43 53
178 88
70 163
69 155
42 197
98 194
186 113
110 199
55 131
103 68
74 62
19 25
12 38
159 163
4 150
177 191
179 100
187 65
132 110
195 25
69 112
62 127
49 168
45 129
181 184
17 148
83 23
121 110
82 108
1 19
60 71
170 50
128 43
158 43
116 198
55 204
49 161
177 137
35 179
72 187
156 5
17 25
50 7
69 189
151 11
5 18
55 123
177 9
120 170
57 180
60 30
23 121
178 187
74 176
171 120
68 55
13 110
21 114
75 160
100 145
160 110
166 159
62 37
168 193
119 73
157 94
139 132
17 38
121 92
119 12
158 84
105 60
34 42
28 122
38 25
50 44
165 86
167 67
176 24
194 182
24 2
143 66
123 56
190 3
198 140
70 77
124 15
15 8
114 20
86 53
10 113
197 41
203 65
113 131
95 59
5 134
201 126
29 153
104 33
61 153
136 90
112 24
61 28
9 194
15 86
54 55
134 5
138 15
40 186
160 85
35 113
109 146
114 133
30 54
202 108
179 117
63 139
98 133
58 41
3 98
30 39
66 94
80 187
26 147
4 34
82 74
191 55
165 110
148 93
141 198
11 35
109 78
182 188
73 181
201 50
33 27
70 104
54 65
203 72
126 43
5 116
47 121
145 186
78 14
133 130
93 113
43 113
42 41
22 201
126 31
102 172
168 18
137 185
53 196
23 193
121 72
47 4
126 110
5 188
145 143
31 202
93 63
162 168
77 7
13 108
141 18
80 144
113 35
89 96
20 30
184 70
78 81
139 8
180 16
184 145
178 7
133 87
134 110
73 170
186 172
64 0
198 20
41 202
50 130
170 74
176 110
160 198
38 170
111 70
22 134
79 28
123 110
172 56
181 48
170 106
139 141
118 195
64 123
87 36
129 34
121 137
159 35
17 158
105 132
56 195
43 79
3 165
132 202
120 94
112 43
99 143
142 169
190 42
133 31
191 109
197 108
82 94
105 124
183 47
55 102
126 21
158 96
159 175
125 133
150 128
167 191
27 21
124 126
166 14
190 158
89 181
12 155
54 160
201 148
69 140
154 12
169 200
62 198
164 121
31 165
21 158
12 80
94 148
135 20
183 49
79 138
4 22
175 119
170 56
110 190
139 105
28 194
81 150
106 83
183 158
150 79
24 135
6 48
37 59
196 66
130 59
36 145
182 33
197 198
15 195
115 4
59 139
186 115
140 127
101 48
50 151
173 45
2 26
85 172
49 112
136 193
50 166
187 165
174 52
177 152
84 29
111 162
200 15
150 203
69 83
43 7
56 82
118 44
13 198
84 110
127 50
2 60
201 57
151 174
48 109
106 162
88 189
4 124
104 179
53 18
100 37
123 189
58 48
45 149
101 20
0 30
31 77
162 136
138 23
88 46
35 123
61 111
197 175
57 125
77 116
94 5
89 200
169 119
174 26
172 25
49 42
192 115
71 123
158 37
114 188
121 31
115 176
159 92
37 117
95 64
59 141
179 42
64 12
147 101
135 18
81 183
175 175
90 74
28 120
126 136
13 33
63 183
54 26
29 31
68 89
198 93
174 59
61 84
106 87
145 129
111 65
195 166
113 129
170 142
71 19
101 196
142 177
27 42
104 133
19 51
174 69
42 15
40 56
175 165
154 17
133 187
34 121
113 62
176 26
175 65
75 150
105 107
110 20
160 20
19 115
177 78
142 89
137 112
79 33
151 65
162 92
127 144
55 24
2 169
162 30
133 64
131 166
25 115
74 144
26 70
3 37
143 161
119 27
73 153
69 101
113 10
52 105
72 119
86 151
46 2
68 150
181 186
134 171
184 147
164 13
140 67
95 116
90 183
143 106
145 78
66 63
102 92
95 160
31 128
74 172
17 173
180 22
67 148
88 53
96 12
179 126
16 92
174 155
107 53
39 97
175 137
160 151
102 120
172 160
175 96
195 33
33 198
120 194
2 97
82 157
127 164
101 100
186 133
142 151
143 28
192 153
170 104
172 60
189 53
140 48
110 67
133 144
180 182
20 185
89 197
56 145
160 145
151 58
178 17
139 166
128 191
85 164
41 7
149 140
50 122
13 117
43 106
141 65
193 119
51 76
101 85
53 16
152 47
203 180
198 85
125 102
90 30
43 173
33 21
5 177
92 133
30 116
39 201
31 84
11 111
149 11
87 141
196 23
116 27
115 48
142 124
199 35
24 191
53 178
160 153
48 191
121 5
122 154
105 126
87 149
18 67
97 100
52 157
202 182
163 45
197 30
172 118
76 89
111 169
198 97
176 181
186 96
157 195
104 35
75 3
59 165
154 0
122 54
73 77
139 161
36 43
36 4
169 80
73 70
114 125
105 139
5 64
105 85
192 94
196 185
76 20
185 197
47 77
38 61
17 57
78 157
119 2
79 116
90 171
90 119
75 108
192 5
170 151
106 130
182 164
130 41
147 91
116 102
201 180
1 141
204 16
23 47
173 94
191 45
49 147
155 84
155 10
25 180
165 188
102 41
130 61
43 18
197 173
11 33
119 141
195 128
82 119
185 99
63 196
172 171
9 171
59 110
112 64
184 133
174 75
119 180
81 203
36 41
13 178
14 68
47 134
97 152
196 93
83 78
8 186
30 12
19 203
9 192
80 84
125 145
139 103
50 120
111 18
70 168
1 39
32 13
164 98
121 81
0 78
87 11
15 73
118 185
197 148
89 63
103 64
41 166
78 126
86 56
189 178
28 54
40 37
111 197
202 53
20 141
152 56
77 111
157 92
53 42
102 141
35 109
121 51
162 69
134 76
88 100
95 57
61 46
56 183
95 7
141 162
155 182
56 70
96 148
154 86
16 51
134 122
155 75
110 6
69 88
145 166
200 101
155 77
98 18
46 54
86 189
157 114
143 64
166 203
9 34
49 76
189 28
157 164
90 42
46 190
90 25
184 68
16 64
60 60
131 181
62 72
197 128
38 119
70 143
189 24
93 84
2 78
3 32
203 163
66 200
17 139
172 113
3 54
32 82
154 81
201 172
167 145
43 42
58 121
169 145
101 164
157 174
147 99
193 103
29 102
24 113
90 188
127 124
49 33
35 30
117 175
166 21
135 101
66 77
51 11
197 32
10 57
45 90
21 174
115 24
61 19
186 93
191 47
87 171
145 161
189 197
24 49
45 138
73 161
192 97
100 200
20 75
196 95
40 125
93 97
129 23
34 11
7 176
34 95
169 169
158 18
161 54
91 164
137 154
174 87
54 53
161 56
133 126
150 49
56 54
127 7
55 151
131 65
6 200
98 102
37 196
126 155
77 101
111 72
160 64
135 75
56 153
102 178
0 129
195 100
204 82
21 65
66 158
191 83
24 178
156 133
189 64
112 60
116 100
179 55
153 32
8 80
137 181
63 111
67 189
156 9
54 104
103 128
88 120
49 180
28 87
16 146
23 109
131 191
11 14
122 135
82 159
79 23
136 182
199 180
130 109
203 134
91 192
189 164
7 4
133 201
79 43
147 68
79 200
162 59
78 145
85 87
183 0
165 201
14 94
42 13
146 172
92 28
164 26
14 155
175 121
42 107
109 73
180 92
95 202
120 89
34 115
144 112
168 167
193 54
76 10
187 128
43 134
150 188
171 199
133 93
150 124
110 83
180 193
118 165
73 138
32 49
25 7
70 60
184 72
31 21
142 122
186 146
18 120
81 15
77 133
40 95
200 21
92 183
22 24
114 14
160 112
137 200
63 67
169 182
125 163
86 192
151 105
191 99
114 77
186 34
17 104
54 132
7 96
91 10
202 14
57 123
58 105
26 143
46 153
33 30
107 188
149 111
61 189
76 16
198 127
172 6
9 117
127 93
171 81
59 204
119 167
65 8
9 90
4 93
168 64
199 137
63 100
95 175
40 52
138 169
0 53
35 155
185 122
103 99
25 184
160 69
94 162
80 75
8 22
187 77
131 158
31 59
54 51
196 31
100 107
164 99
97 189
81 34
113 47
65 100
144 178
13 47
83 187
38 76
107 138
130 192
33 148
107 154
33 130
108 80
26 33
175 32
71 199
122 196
145 68
159 125
155 108
9 185
146 89
13 15
126 131
39 65
82 80
194 78
142 156
77 129
11 124
21 180
5 97
135 46
104 46
31 187
124 86
162 115
41 179
166 40
133 39
55 88
59 63
122 52
194 190
128 31
53 79
126 184
135 201
138 5
35 27
31 191
18 185
82 60
48 84
111 52
163 192
18 70
2 144
103 157
31 137
136 31
0 76
111 175
177 141
32 116
4 118
46 72
9 165
88 135
129 150
93 156
80 94
129 50
104 74
194 32
80 195
187 32
164 102
20 102
138 48
70 90
50 83
162 37
91 84
17 195
127 88
145 106
89 19
87 88
167 4
81 7
131 60
160 143
37 86
147 139
124 105
56 133
188 180
48 155
80 165
54 157
108 110
196 155
27 30
89 130
37 37
137 151
9 78
76 148
100 191
89 4
71 78
116 157
21 41
145 2
98 151
133 101
100 202
199 188
82 188
128 160
90 61
80 119
161 200
60 185
35 20
25 71
128 180
194 199
3 151
105 97
156 103
99 161
176 76
204 55
8 38
127 150
182 130
11 136
95 22
126 196
105 105
65 156
48 73
128 184
123 3
112 1
106 15
80 38
107 108
77 178
179 8
111 151
153 201
22 128
173 154
177 174
136 48
151 163
97 80
145 180
34 22
49 88
134 132
57 131
12 18
59 202
173 175
104 0
194 23
201 59
30 204
71 118
167 13
194 154
175 204
124 22
68 144
4 48
81 131
76 36
63 175
27 52
17 187
180 18
166 199
57 23
69 133
107 55
9 99
91 97
129 94
88 56
72 107
200 129
126 86
158 162
143 201
26 166
9 119
142 158
36 121
60 200
25 90
195 183
18 129
53 95
138 116
13 115
80 17
35 65
24 150
172 44
81 118
120 126
15 100
8 48
146 50
116 20
123 119
180 64
75 70
77 170
99 38
144 37
78 35
26 101
179 111
135 199
27 121
178 181
85 85
127 9
59 183
52 32
97 38
14 174
64 7
72 24
102 155
188 19
114 96
6 174
117 194
115 91
128 189
38 199
145 87
38 116
134 194
50 85
1 104
7 166
69 52
148 171
149 117
169 180
197 16
150 103
52 66
75 189
158 146
113 22
71 17
167 169
76 14
162 12
4 72
86 179
6 44
194 48
111 36
13 164
104 28
113 26
149 58
91 69
167 11
9 28
124 158
117 117
125 2
4 139
23 115
26 161
8 88
27 109
126 115
34 86
117 86
153 34
103 48
151 148
91 156
162 7
32 172
55 155
156 165
48 157
112 58
161 187
22 113
172 42
151 134
62 42
189 153
119 108
138 134
181 178
164 35
173 162
29 162
153 126
65 22
29 149
70 79
99 174
109 156
126 126
197 89
174 147
48 145
202 12
150 176
18 20
162 55
61 9
41 135
151 69
201 153
60 121
81 137
19 71
26 78
37 47
82 194
57 86
196 141
166 65
167 91
74 119
146 124
124 135
69 149
185 36
176 202
90 79
14 45
187 27
36 171
173 13
15 170
3 199
5 110
157 61
164 91
129 100
66 125
7 98
110 107
14 7
4 60
30 170
91 3
35 15
123 121
152 9
137 70
198 117
168 117
40 106
203 6
176 193
32 47
117 163
140 54
45 106
49 98
60 73
125 177
112 171
53 134
44 26
114 0
133 66
99 30
55 172
203 109
42 180
20 73
92 122
143 56
185 154
72 26
29 66
135 16
166 34
85 170
165 149
106 174
180 200
165 175
195 119
96 171
160 31
7 130
88 61
32 141
182 201
136 191
140 44
52 26
96 18
1 120
74 187
75 152
60 55
36 7
177 103
27 7
76 125
19 187
179 49
180 202
64 200
160 42
139 174
158 132
34 177
164 93
190 87
166 56
124 184
134 53
200 55
172 186
196 0
143 78
156 163
5 198
144 123
72 60
81 20
27 153
180 168
19 166
66 51
10 88
174 163
66 194
181 62
89 15
131 170
37 138
2 125
79 16
194 141
0 154
104 78
25 47
102 15
82 181
85 54
141 23
143 176
117 129
45 18
21 187
75 178
113 4
164 202
128 60
54 32
78 198
142 96
109 144
103 148
186 200
1 37
198 39
118 146
80 90
20 79
188 67
195 42
76 5
201 191
184 176
64 190
97 71
177 126
167 32
60 11
147 26
79 45
34 50
12 176
150 46
74 166
162 154
34 124
1 161
53 24
99 168
52 180
44 48
51 15
92 170
62 178
116 165
148 195
26 136
24 6
89 9
122 183
12 114
54 118
37 180
49 143
188 107
84 67
86 46
65 167
141 98
113 118
173 40
164 134
7 126
35 190
116 54
52 145
189 22
22 79
11 106
48 27
176 10
116 115
110 192
141 27
142 119
68 38
118 127
88 94
92 111
103 174
129 72
105 48
86 25
61 65
5 194
19 64
103 121
162 26
115 193
20 27
125 194
118 187
100 74
10 158
34 68
196 77
91 120
19 159
53 168
141 40
141 25
187 36
147 145
190 148
46 27
163 90
127 85
49 48
97 86
163 76
87 133
102 46
18 52
40 150
37 5
167 85
77 99
168 107
113 144
132 204
115 140
117 180
5 43
60 48
200 201
113 71
16 59
74 127
7 90
60 86
127 135
94 18
128 202
155 93
41 79
96 164
74 21
21 116
180 110
34 74
154 146
196 199
71 185
24 133
199 59
139 182
167 132
53 140
166 49
134 177
38 132
128 62
153 24
134 55
89 35
116 16
199 43
3 202
69 73
10 138
104 87
196 196
107 13
92 95
1 62
197 115
171 168
9 188
31 148
54 93
140 10
67 124
33 154
13 20
83 21
27 181
54 167
56 162
47 138
21 122
101 162
56 104
135 9
135 180
56 68
30 82
105 168
107 197
62 7
108 199
99 137
158 134
16 197
75 55
63 189
185 106
54 153
141 14
105 52
134 26
107 132
8 74
173 197
13 127
72 103
143 167
174 98
67 146
195 86
97 29
141 121
134 103
122 157
143 60
37 65
116 204
192 107
149 22
9 190
97 185
98 182
162 118
169 121
153 114
11 134
142 10
197 171
145 190
91 129
181 55
29 41
150 1
96 40
187 170
76 204
113 2
109 114
128 178
52 13
194 94
51 196
55 5
140 3
165 22
31 135
18 197
122 15
154 30
74 154
195 21
13 204
70 26
167 110
15 121
201 106
163 138
65 120
119 75
178 1
110 0
109 112
178 158
167 141
61 99
43 68
200 182
42 151
38 82
7 85
20 181
16 66
149 65
177 45
157 50
157 110
154 128
151 7
23 4
56 6
135 187
66 154
61 164
87 126
83 104
83 68
193 82
195 98
198 113
155 195
162 120
27 88
25 12
138 35
96 122
138 93
157 17
133 161
46 192
73 159
113 90
101 105
36 105
62 11
196 160
189 83
187 9
14 82
64 160
124 69
27 19
150 77
42 43
138 138
21 77
27 72
189 76
92 86
204 14
144 85
183 31
64 106
192 7
70 106
145 63
137 187
39 72
7 55
27 83
200 143
111 202
190 71
149 196
200 94
104 18
194 170
192 15
78 143
18 18
155 155
135 65
69 103
126 108
47 160
181 99
188 34
83 10
126 38
191 72
30 46
107 145
10 100
74 98
158 172
185 138
175 195
99 192
118 115
141 149
72 167
174 132
106 36
87 96
175 11
116 14
203 49
141 100
98 92
81 133
51 6
192 182
22 124
149 96
14 42
125 49
189 105
28 100
145 200
178 80
102 8
135 92
83 204
156 189
61 138
102 116
36 45
152 144
195 54
175 130
65 33
128 102
98 40
118 148
149 155
76 136
32 34
77 47
118 169
184 114
137 25
6 83
7 193
81 92
53 47
164 41
185 17
160 37
126 24
27 35
120 184
33 164
178 90
100 198
80 156
46 88
201 155
147 130
96 177
160 61
26 164
164 155
19 198
154 111
109 45
50 174
37 174
97 73
166 87
63 84
55 22
128 109
41 149
9 92
185 9
83 173
149 178
156 151
52 198
142 111
195 191
101 64
202 26
5 46
30 188
93 181
3 177
171 190
167 158
198 107
25 171
167 183
17 171
61 80
9 111
168 55
7 0
0 163
77 45
64 121
72 198
140 99
13 120
57 129
85 105
78 192
74 96
151 165
43 195
160 117
74 68
91 43
149 157
168 99
105 2
204 61
58 194
160 22
110 47
32 200
196 48
54 138
60 161
0 125
10 161
139 163
114 8
87 44
159 196
111 145
194 62
197 167
132 131
161 108
15 138
156 153
86 81
88 118
129 165
186 156
202 44
54 203
108 134
14 32
98 177
142 85
113 180
89 98
0 88
56 16
40 88
10 140
191 173
33 175
31 163
74 66
18 147
104 177
196 157
175 162
167 80
6 87
102 66
88 191
140 119
128 114
35 125
42 87
199 33
58 33
90 21
129 83
130 48
45 114
203 190
56 193
80 146
61 140
42 126
26 16
135 33
170 128
151 101
154 9
125 88
79 7
5 175
191 190
188 26
66 61
65 35
104 26
20 145
112 8
28 82
30 141
44 66
200 141
187 79
1 198
198 14
190 89
144 50
66 38
86 67
92 24
75 44
5 95
6 6
198 156
64 135
155 114
84 80
87 137
76 118
174 202
29 18
137 17
179 63
153 203
165 103
17 65
90 161
70 16
124 38
173 64
179 3
141 72
146 41
149 130
124 67
77 69
198 83
124 109
51 111
45 201
4 200
89 152
36 57
201 89
22 81
175 173
177 22
181 35
22 28
38 99
152 77
70 195
170 18
73 2
29 52
200 53
150 194
152 92
39 136
184 24
82 57
43 122
5 153
45 78
100 8
88 172
163 181
99 149
183 36
73 23
154 19
106 27
203 3
104 62
133 185
117 167
70 38
111 10
54 106
38 63
100 124
91 50
133 182
129 8
152 39
161 71
83 171
34 13
0 134
104 130
165 184
109 97
53 172
105 68
169 191
103 167
68 136
164 171
176 176
28 147
163 150
15 1
56 59
171 23
151 54
91 168
12 141
25 35
180 164
8 68
129 148
65 53
81 73
135 25
3 71
89 13
11 30
63 74
182 176
183 84
92 49
39 171
38 56
133 154
6 149
183 107
7 2
193 24
117 28
37 81
72 58
193 77
75 110
22 107
190 117
81 55
150 81
157 3
139 17
79 83
35 96
24 55
144 54
22 53
55 42
192 53
204 86
12 180
189 62
200 118
48 10
65 146
87 69
3 79
115 85
196 84
12 100
54 71
57 182
178 5
177 43
91 145
2 35
30 200
24 15
20 200
120 6
101 156
41 20
131 24
101 30
22 182
52 177
77 1
96 5
204 118
92 73
105 145
156 97
101 174
202 202
169 11
149 94
56 113
175 86
185 84
72 37
140 110
5 131
71 70
65 175
39 70
15 163
93 77
5 151
70 28
122 58
44 203
84 112
14 176
55 202
8 172
84 174
144 125
158 179
64 153
84 56
199 172
126 162
93 2
189 195
193 99
96 88
144 58
48 96
131 73
1 127
155 49
113 80
202 70
52 166
145 43
106 153
30 48
15 21
67 40
119 29
82 139
35 153
117 56
180 20
203 84
45 145
88 139
151 33
98 131
175 151
174 89
78 79
190 185
190 44
46 11
180 175
152 176
29 77
132 6
103 52
197 43
24 9
52 129
22 6
12 139
62 159
57 203
43 51
7 100
176 156
51 189
154 21
154 28
129 116
137 58
195 60
146 94
120 83
53 107
6 10
115 116
202 100
32 76
96 162
143 117
201 183
20 34
25 163
114 165
149 175
188 88
47 75
204 4
51 147
80 30
174 160
89 59
110 171
40 169
137 33
68 134
18 175
4 179
156 41
22 148
178 145
154 157
10 67
142 47
16 69
195 168
22 156
194 11
176 140
141 141
35 181
109 85
134 91
89 11
108 52
44 179
91 77
164 4
154 140
139 153
123 198
204 24
147 3
135 150
127 78
112 133
31 86
77 109
162 185
60 170
34 146
200 178
86 160
37 88
29 104
184 191
19 89
30 100
47 148
126 15
63 98
29 89
111 38
141 8
21 86
79 69
101 10
102 147
104 38
108 149
193 135
131 101
170 20
28 183
97 46
26 5
139 168
163 11
51 168
9 82
34 105
194 1
21 51
66 198
155 25
187 204
106 33
115 81
59 112
197 69
53 136
128 122
120 114
128 58
159 109
101 168
71 131
53 155
178 84
124 124
58 113
72 63
92 179
185 174
182 15
71 48
169 71
89 132
128 17
196 117
116 22
48 58
188 187
60 90
165 186
78 118
142 54
38 139
65 116
105 182
5 2
37 24
7 116
112 20
162 134
26 37
26 134
48 162
80 161
99 155
64 72
30 61
183 62
100 139
28 166
0 193
120 139
138 184
14 75
102 32
141 175
97 168
114 191
74 58
57 55
118 112
155 104
54 170
202 81
121 68
139 150
202 102
48 82
112 50
111 63
171 140
163 179
76 130
175 153
98 75
131 128
121 141
45 121
147 42
47 107
39 7
197 34
175 44
116 147
187 131
98 184
170 90
140 134
30 193
164 167
124 107
146 194
115 124
70 187
71 88
169 198
71 102
198 0
161 127
167 201
79 152
188 60
201 189
133 128
197 27
92 98
21 83
106 3
76 112
96 159
168 160
122 200
76 193
47 52
65 192
149 15
20 149
139 25
145 4
202 83
86 143
7 188
127 171
118 22
99 186
190 181
46 136
185 158
167 71
80 47
152 0
193 105
118 155
32 95
190 60
159 73
42 66
123 65
72 13
176 189
191 43
51 97
195 13
199 8
58 163
61 113
8 15
27 163
9 76
108 68
119 34
158 40
122 70
81 22
149 13
130 44
118 193
144 136
96 50
94 49
202 178
91 113
45 76
104 66
47 40
151 97
5 8
100 93
66 36
160 119
184 26
190 187
182 98
150 171
129 81
132 26
195 189
59 103
167 181
180 160
77 28
72 96
99 81
137 76
126 122
163 47
23 64
148 44
113 123
6 71
134 203
195 162
128 95
104 83
16 10
19 122
23 184
129 74
19 69
88 40
153 58
67 117
96 55
113 84
139 186
106 186
85 102
113 159
29 20
104 76
16 99
90 111
170 6
169 49
135 155
17 84
188 4
162 28
203 89
170 76
145 141
160 135
125 191
30 172
16 42
32 161
153 150
30 56
74 129
152 202
177 147
36 127
13 17
81 172
140 196
165 80
70 14
30 75
69 157
98 32
7 28
46 56
71 115
0 2
18 127
19 131
100 95
104 72
131 76
140 7
193 47
158 188
102 186
160 76
94 138
18 42
7 111
98 196
179 57
72 162
68 76
169 135
2 123
175 145
14 168
76 120
181 157
188 126
128 152
203 111
115 41
19 143
98 55
28 199
55 179
142 58
200 112
9 197
41 168
12 159
164 28
202 146
186 97
142 197
74 75
183 52
159 86
82 76
193 101
7 118
132 199
137 117
61 183
105 184
193 13
74 10
155 167
127 176
72 9
83 58
115 103
57 168
43 149
35 196
91 118
198 23
113 152
115 56
175 46
29 1
31 174
130 172
41 161
132 74
168 57
12 58
158 64
91 131
86 103
95 3
81 46
19 39
31 30
27 126
12 31
168 36
97 42
57 88
87 197
194 201
201 71
53 109
43 178
122 191
185 132
80 88
85 114
44 136
169 16
181 74
177 105
102 101
57 103
50 46
153 135
81 201
31 23
75 42
134 99
118 162
18 91
71 113
111 113
60 7
144 147
110 8
151 154
96 166
89 0
18 44
27 155
5 54
102 26
117 109
140 46
172 142
203 132
164 54
80 57
105 128
70 81
162 170
109 22
0 17
143 39
137 9
29 202
76 97
78 136
107 98
184 58
144 61
18 59
118 32
170 112
94 65
78 67
165 89
138 147
0 102
141 200
65 98
32 65
60 82
132 160
152 81
144 119
63 9
52 7
25 141
47 150
63 129
162 9
68 60
0 150
7 195
41 98
124 53
129 170
106 133
61 3
28 142
199 139
186 137
34 200
5 157
128 136
62 52
13 92
97 82
188 17
173 4
129 135
145 145
171 152
148 24
74 64
63 65
148 97
52 192
119 57
188 147
106 155
111 123
134 142
97 187
178 109
126 204
201 68
113 170
144 114
180 66
81 28
99 100
114 42
173 66
197 189
152 146
35 147
133 170
31 110
167 15
138 167
98 52
61 5
16 135
192 159
118 42
137 149
97 31
18 103
173 0
9 56
201 48
52 194
8 141
139 14
142 16
169 69
102 50
114 139
41 137
1 70
183 199
85 65
179 141
7 46
107 60
0 166
14 9
187 179
21 63
164 88
37 156
175 79
63 21
25 73
92 67
171 34
150 39
111 119
117 111
23 72
20 128
173 116
109 197
121 3
165 5
117 1
155 51
162 101
72 128
171 2
186 130
199 41
21 95
200 108
7 14
88 17
199 203
84 160
7 151
25 43
34 117
44 8
67 122
131 118
119 110
185 135
12 157
202 119
7 198
76 182
15 15
110 43
40 99
122 125
195 64
97 175
80 158
92 21
78 194
42 1
169 171
186 167
115 1
104 3
22 136
72 29
125 78
33 97
4 77
185 50
96 151
76 191
23 42
8 149
85 10
33 9
175 77
166 97
12 42
127 81
19 41
92 158
90 23
64 202
10 142
73 174
164 43
8 36
28 94
53 130
149 51
164 152
9 134
159 71
177 31
57 94
149 3
128 86
141 12
171 143
88 160
180 89
175 30
135 127
97 0
101 117
22 101
34 29
41 172
160 58
194 76
20 93
17 8
148 122
53 9
7 142
16 53
48 166
114 122
130 46
94 88
203 47
45 118
71 54
28 197
197 138
10 156
91 196
58 192
113 49
90 151
51 123
58 71
160 8
5 181
2 21
88 151
6 22
153 164
136 125
48 94
0 0
123 101
186 126
54 17
63 54
150 63
132 143
12 87
64 198
130 159
20 23
9 128
0 116
51 113
7 110
153 183
114 101
26 191
91 143
151 37
6 12
165 192
92 79
89 37
15 109
89 76
195 143
88 180
127 32
116 43
35 175
200 96
91 166
59 92
97 24
166 63
10 80
79 163
85 127
161 45
190 5
48 50
79 134
61 92
56 121
117 145
130 190
11 108
45 52
61 172
22 103
36 194
23 170
6 92
56 84
72 80
54 67
160 115
122 176
123 178
36 63
181 191
171 196
190 77
2 150
184 189
162 62
135 118
67 157
92 127
84 31
168 75
41 25
23 123
99 28
162 78
114 127
138 165
101 14
172 111
2 153
173 173
182 174
202 61
76 90
52 121
7 128
8 86
100 109
120 70
39 133
159 133
189 125
157 108
64 126
142 87
0 143
148 63
80 185
184 183
141 160
175 197
82 89
83 101
191 62
15 25
147 5
164 136
50 96
181 166
149 26
25 193
187 120
162 57
129 10
164 37
19 183
107 184
188 130
164 169
171 4
68 78
25 154
38 185
196 6
27 141
80 62
109 66
193 139
141 202
105 172
124 156
175 133
112 199
149 100
149 109
170 118
193 84
81 153
176 88
176 97
105 99
63 14
27 168
6 62
176 36
108 107
158 152
35 70
2 133
187 51
26 112
33 119
115 180
38 168
177 86
31 189
39 195
68 163
75 8
141 182
96 195
169 131
121 48
67 95
19 201
166 190
188 169
90 33
43 32
17 6
193 125
153 10
161 194
83 19
56 41
164 7
133 78
102 34
140 16
66 122
191 13
173 96
67 83
144 80
51 62
10 196
140 169
158 69
44 191
42 138
139 29
159 2
146 168
60 163
38 48
192 157
97 183
158 90
57 111
44 108
146 150
76 68
35 107
161 87
176 171
153 83
79 36
190 146
120 196
140 101
113 146
160 155
14 22
151 25
149 69
201 150
143 142
29 108
10 163
169 37
86 195
62 201
180 148
134 89
125 40
150 9
134 85
184 86
111 85
162 110
197 87
85 83
57 34
137 114
190 144
75 138
24 17
140 38
9 183
114 68
203 155
200 127
159 118
103 90
163 200
69 18
87 181
164 190
187 105
94 55
97 57
151 22
149 102
180 180
1 191
192 36
201 73
109 95
33 43
19 66
79 21
40 50
177 124
192 117
74 104
4 155
161 0
89 202
153 148
151 156
203 63
166 105
40 32
65 103
135 87
48 56
72 11
127 23
130 183
104 159
173 200
39 90
67 119
187 135
88 105
30 65
172 87
67 53
153 76
31 19
85 44
87 98
203 43
17 63
88 26
113 190
71 83
59 46
132 177
194 88
91 172
96 92
68 195
155 7
60 18
146 182
98 201
40 30
94 170
125 32
118 14
94 123
155 110
85 51
122 85
93 9
138 72
55 94
77 131
33 137
120 165
156 183
103 20
72 105
106 77
37 79
33 84
116 150
111 80
93 51
71 174
109 87
121 120
44 20
187 63
16 2
80 193
179 143
192 188
50 21
79 132
73 200
109 191
127 5
123 50
50 10
109 103
14 113
100 102
151 178
21 120
143 24
134 192
87 147
168 34
106 179
52 119
125 104
182 192
93 129
6 140
46 9
187 84
192 38
64 104
136 23
1 117
103 85
143 68
74 53
128 200
169 126
52 175
23 40
34 133
81 163
171 170
142 153
143 115
173 120
64 158
60 159
179 45
86 40
36 192
73 79
99 190
74 39
13 158
152 30
42 11
14 104
43 169
0 178
18 93
72 172
183 135
36 115
64 51
43 77
53 159
203 168
48 70
61 126
115 98
48 8
109 71
36 182
113 182
18 193
15 6
167 69
159 127
105 54
11 91
5 127
136 5
53 34
36 38
91 67
22 191
132 102
10 186
101 154
7 64
8 62
72 121
179 59
145 188
203 142
37 126
