159 62
3 140
157 187
148 86
39 138
188 145
91 2
78 5
28 70
66 204
3 103
126 165
141 69
114 78
35 23
175 28
13 5
54 41
15 204
11 82
56 25
123 133
77 201
108 6
60 41
160 195
71 181
84 163
129 199
13 112
150 173
26 95
91 190
65 10
66 190
59 168
171 125
169 146
108 11
126 1
24 107
38 172
151 119
114 162
115 182
81 109
180 3
127 147
16 17
107 167
141 2
55 181
19 154
195 68
192 155
146 75
152 35
65 1
140 71
41 170
49 148
30 118
200 98
113 120
73 41
61 67
109 109
64 39
201 42
172 89
184 98
89 133
149 106
194 38
157 120
28 62
142 175
112 22
202 200
130 102
98 204
17 50
177 113
182 74
108 96
104 192
146 184
64 37
176 164
102 28
170 182
41 155
102 62
124 21
76 144
171 0
149 56
31 32
155 32
98 57
139 34
91 107
84 53
83 82
159 137
62 35
184 201
171 172
97 67
32 108
200 60
147 95
73 89
110 34
204 12
105 117
156 91
94 42
186 38
21 150
179 147
20 21
126 178
151 197
157 63
78 89
121 64
93 7
182 9
92 131
97 191
0 123
40 184
7 179
125 143
46 41
0 25
8 66
23 129
32 118
173 78
104 186
91 75
38 35
76 74
150 186
49 22
42 109
180 155
73 43
92 42
10 129
71 175
149 16
137 94
72 197
102 75
139 69
20 135
0 84
192 1
60 151
36 17
13 87
72 52
43 140
74 24
185 170
17 5
98 170
94 149
93 117
107 78
17 40
118 131
171 162
141 117
66 6
7 70
136 85
26 14
61 174
110 183
140 59
184 60
186 204
161 11
141 57
20 126
45 105
112 102
98 111
45 50
152 69
63 137
198 158
188 87
38 163
125 3
90 26
43 126
74 91
155 125
37 89
100 147
35 9
68 97
1 54
108 136
92 138
4 24
23 56
61 149
98 173
197 165
57 151
93 140
203 107
50 110
119 33
75 64
144 168
58 17
110 68
156 180
16 102
37 97
55 169
124 50
119 121
17 128
39 81
178 78
24 40
14 18
172 11
154 165
86 43
115 69
104 154
70 12
89 199
97 54
14 52
22 31
131 95
59 59
116 18
48 85
57 201
166 163
48 3
165 35
41 194
110 154
169 132
190 21
141 30
89 179
139 200
38 193
6 61
177 204
142 155
51 99
150 24
130 135
175 103
122 93
44 87
103 39
195 70
202 130
29 84
182 23
111 109
142 113
168 82
126 142
187 18
176 135
36 87
44 111
78 168
10 43
166 161
126 100
67 202
23 158
11 185
110 87
181 76
180 36
159 1
24 169
116 79
133 80
153 142
95 86
112 125
86 145
113 57
151 133
48 175
127 41
89 103
190 174
162 144
93 23
37 154
21 168
85 100
19 95
168 73
197 203
88 152
128 173
74 136
56 92
203 194
133 72
33 191
163 186
158 143
182 194
97 12
48 54
2 33
116 40
80 5
64 179
111 101
196 115
86 153
145 32
118 148
185 190
49 114
160 176
99 73
61 22
50 60
48 38
46 86
185 15
128 175
97 49
14 171
145 30
5 129
59 152
155 48
143 188
103 118
183 10
191 128
171 103
52 188
69 113
35 182
120 122
144 150
193 152
199 150
149 132
71 165
100 14
17 138
169 124
159 78
17 121
11 127
0 86
197 8
143 2
125 42
23 13
141 88
50 66
157 193
15 33
2 204
4 44
29 21
51 17
101 122
196 75
19 63
45 189
145 52
126 20
157 85
71 139
126 68
30 58
93 115
46 120
10 13
176 132
139 37
172 67
181 50
38 33
108 189
89 190
192 204
167 185
147 163
80 65
50 176
21 201
111 153
3 63
51 180
62 23
70 58
128 33
120 136
65 62
42 0
22 169
65 188
178 155
68 19
201 34
53 61
2 162
96 170
147 105
61 54
33 202
132 171
153 156
135 40
68 142
142 149
46 74
203 188
65 118
179 175
106 178
43 103
109 168
193 137
59 191
54 124
115 10
121 168
27 193
152 128
54 174
52 170
157 166
166 171
77 36
37 184
42 73
196 163
15 157
88 145
91 95
203 117
176 128
75 31
114 144
122 66
91 35
141 86
98 108
186 154
189 170
124 111
46 157
156 39
49 62
58 62
198 132
165 47
27 200
57 90
174 36
50 27
138 162
84 76
152 20
185 25
189 69
89 195
118 40
69 138
43 49
41 71
189 128
162 63
65 26
120 186
35 56
7 16
105 101
65 128
193 43
167 125
109 36
27 89
74 107
171 192
119 164
181 162
63 5
79 19
142 61
46 105
200 62
23 154
195 7
53 121
199 37
30 94
121 82
168 104
99 133
69 28
90 12
13 102
4 96
191 12
36 26
55 34
190 156
45 204
100 185
162 152
155 81
191 139
151 195
116 77
136 73
193 45
153 26
153 48
147 152
105 198
117 197
166 100
173 2
19 43
135 120
118 88
50 145
134 118
77 3
124 137
159 193
110 51
136 15
130 180
174 67
127 73
44 9
91 163
75 175
42 124
107 128
25 4
39 167
108 161
60 94
22 49
77 175
46 144
176 37
77 43
62 39
43 170
190 160
25 18
12 41
182 70
51 59
141 190
77 87
38 114
8 173
24 156
27 66
147 118
43 166
30 160
104 50
52 19
70 198
126 157
32 12
163 128
71 68
55 134
189 78
13 22
76 189
17 144
188 166
184 92
95 204
129 143
192 108
184 120
192 88
34 136
22 54
102 85
109 32
175 34
40 64
5 4
124 103
22 15
136 142
126 153
106 17
163 2
51 172
20 146
141 188
126 80
148 107
54 47
90 105
62 82
200 84
74 4
34 108
97 203
15 87
96 32
87 154
70 179
65 47
6 157
119 91
83 201
26 54
95 90
146 87
156 171
62 151
19 88
200 151
117 113
94 114
131 71
144 84
179 10
31 114
35 6
98 94
185 128
81 3
49 40
147 64
74 40
87 54
47 50
71 66
35 157
178 98
98 69
78 130
43 128
148 76
181 10
41 31
115 138
194 5
203 192
140 152
56 32
39 57
120 29
12 161
91 201
63 177
144 40
130 201
174 111
122 185
77 138
3 58
136 140
203 164
23 39
23 7
99 12
89 68
182 26
88 125
125 149
137 50
44 53
178 88
70 164
69 155
43 197
98 194
186 113
109 199
56 131
103 67
74 62
19 23
12 39
159 163
4 150
175 191
180 99
188 65
132 110
194 24
69 111
63 127
49 168
44 130
181 183
17 148
83 23
121 109
82 108
1 19
60 71
170 49
128 43
158 43
116 198
56 204
50 160
177 137
35 178
73 187
156 5
18 25
50 8
69 189
151 11
6 18
56 124
178 8
120 169
57 179
60 29
23 121
177 187
73 176
171 120
68 54
13 110
21 114
75 161
102 145
160 111
166 159
62 37
169 193
120 73
157 94
139 132
17 38
121 91
119 11
158 83
104 60
34 42
28 121
38 25
51 43
164 86
168 67
177 24
193 182
23 2
143 66
123 56
191 3
197 140
69 77
125 14
15 8
115 20
86 53
11 112
197 40
0 64
113 131
95 59
7 134
201 127
29 153
104 32
61 153
135 91
113 24
62 28
9 194
15 85
53 54
134 5
138 15
40 186
160 84
35 113
109 147
114 133
30 54
201 109
179 118
63 139
97 133
58 41
4 98
31 40
67 93
81 186
27 148
3 35
83 74
192 55
164 110
148 93
141 199
11 34
109 78
183 187
72 179
201 51
32 27
71 104
54 65
202 72
126 44
5 117
45 122
144 186
78 15
133 129
92 113
44 113
42 41
22 199
125 31
102 172
169 18
136 185
53 196
23 193
121 72
47 4
126 110
5 189
145 143
31 202
94 63
162 168
77 7
14 108
141 17
79 144
113 36
89 96
21 29
184 71
79 80
138 8
180 16
185 145
179 7
133 87
134 108
73 170
185 172
64 204
197 21
41 202
50 129
170 73
176 110
159 198
38 170
111 69
22 134
78 28
123 110
172 56
181 48
170 105
140 142
118 195
64 124
88 36
127 35
122 138
161 36
17 157
105 131
57 195
43 79
2 164
132 201
120 93
112 44
100 145
142 168
190 42
134 32
190 107
197 108
83 93
105 124
182 47
55 102
126 22
158 96
158 175
125 133
151 129
167 191
27 20
124 127
166 14
190 158
89 181
12 156
54 161
200 148
70 140
154 12
168 200
62 199
163 121
30 165
21 157
13 80
94 147
135 21
183 49
79 138
3 22
175 120
170 56
110 190
140 103
29 194
80 150
106 84
182 159
150 78
23 135
7 48
38 59
196 65
130 60
36 146
182 33
197 197
16 193
114 4
59 139
186 115
140 128
101 48
50 150
174 46
2 24
85 172
49 112
136 193
50 166
186 165
175 51
176 154
84 30
112 162
200 16
150 0
68 83
43 7
55 83
117 44
14 197
82 110
127 51
2 60
201 57
151 175
48 109
106 162
88 189
4 124
104 180
53 17
99 37
123 189
58 49
46 149
101 21
0 29
31 77
162 136
138 23
88 47
35 123
61 111
198 175
58 124
77 116
94 5
89 201
169 119
174 26
172 24
51 41
192 116
73 122
159 36
114 189
120 31
115 175
159 92
37 117
95 64
59 141
180 42
64 12
147 101
135 19
81 183
175 175
90 73
28 119
126 136
13 33
63 183
54 26
29 31
70 90
198 94
174 61
61 84
107 88
145 129
111 64
195 165
114 129
170 142
70 19
103 197
142 178
26 41
103 133
19 51
173 69
42 15
40 55
175 165
155 18
133 187
34 121
114 62
176 26
175 65
75 150
105 107
111 20
160 20
19 115
177 77
142 89
136 112
80 34
151 65
163 92
127 144
55 24
2 170
161 29
133 64
130 166
25 115
74 144
26 70
2 37
143 161
119 28
73 153
70 101
112 10
52 105
72 118
86 151
46 3
68 150
181 185
134 171
184 147
164 13
140 67
94 116
90 182
144 105
144 77
66 63
101 92
94 161
30 129
74 172
16 174
180 22
67 148
88 52
96 13
178 127
16 92
174 155
106 52
39 97
175 137
160 151
102 119
172 160
174 96
195 33
32 198
120 194
2 97
82 157
127 164
101 99
186 133
142 151
143 29
192 153
169 103
173 60
187 53
141 48
110 66
132 144
180 181
20 184
90 197
55 145
160 145
150 58
178 17
140 165
128 190
85 164
41 7
148 140
49 122
14 117
43 106
141 65
194 120
50 75
101 87
53 15
152 47
203 180
198 85
126 102
90 31
43 172
33 20
6 177
91 133
30 116
39 202
31 84
11 110
149 10
87 141
195 22
116 26
114 48
142 125
199 35
24 191
53 178
160 153
48 190
122 5
122 153
105 126
87 149
18 68
97 100
52 157
202 182
163 44
198 30
173 119
76 89
110 169
198 98
176 182
185 96
158 194
104 34
75 3
59 164
154 0
123 54
73 77
139 161
36 43
36 4
169 80
72 69
114 125
106 139
5 65
105 86
193 95
196 184
76 20
184 199
47 77
38 61
17 58
78 158
119 3
79 116
90 170
90 120
76 108
192 5
170 152
106 130
181 164
130 42
147 91
116 101
201 180
2 141
203 16
23 47
173 94
191 45
49 146
156 83
155 11
26 180
165 188
103 41
129 62
42 19
197 173
11 32
119 140
193 128
82 119
186 100
63 197
173 172
9 171
59 110
113 64
184 133
174 75
118 180
82 203
36 41
13 178
14 68
47 134
97 152
197 93
83 78
8 187
30 12
20 203
10 192
80 84
125 145
141 102
50 120
112 18
70 167
2 39
32 14
164 99
120 81
204 79
86 10
17 74
119 184
198 148
89 62
103 64
41 165
78 126
86 56
189 179
28 54
39 37
111 197
202 53
20 141
151 56
78 111
157 92
53 42
101 140
35 109
121 51
161 69
134 76
88 99
94 57
60 45
56 183
95 7
141 162
155 182
56 71
96 148
154 85
16 51
133 122
155 74
111 6
70 88
145 166
200 100
156 76
97 18
46 54
86 190
156 113
143 64
166 203
9 34
49 76
188 27
158 164
91 41
46 189
89 24
183 69
16 65
60 61
132 181
61 72
195 127
37 119
70 142
189 23
93 85
2 78
4 33
203 162
67 200
17 140
172 113
3 54
32 82
153 81
201 173
167 145
44 42
56 120
169 144
101 165
157 173
147 99
194 103
28 102
24 113
90 188
126 124
50 33
34 30
117 175
166 21
135 101
65 76
50 12
197 32
10 57
45 91
23 173
115 24
61 20
185 94
190 47
87 172
145 161
189 197
24 49
45 138
73 161
192 98
100 201
20 76
196 95
40 125
93 98
129 24
34 11
7 175
34 94
170 169
158 18
161 54
90 165
137 154
174 88
55 52
160 56
134 125
151 48
55 54
127 6
55 152
132 66
7 200
99 102
37 195
126 155
76 101
111 72
161 63
135 74
56 153
102 179
0 128
194 101
204 82
21 66
66 158
191 84
24 179
156 133
189 64
112 60
115 99
179 54
153 32
9 79
137 181
63 112
67 188
156 9
54 104
103 127
88 121
50 182
28 86
16 146
24 109
131 192
11 15
122 136
82 160
80 23
136 183
199 180
130 109
202 134
91 192
188 164
7 5
133 200
79 43
147 68
79 200
161 59
78 145
84 87
185 1
165 201
13 94
42 13
147 171
92 27
164 27
14 155
175 122
41 107
110 73
178 92
95 202
120 89
34 115
144 112
168 168
194 55
76 9
187 128
43 135
149 188
171 199
132 93
151 123
111 84
180 193
118 166
73 138
33 49
25 7
71 60
184 73
31 21
141 123
186 146
19 120
82 16
77 134
40 95
199 22
92 183
22 25
114 15
160 113
137 200
63 67
168 182
125 163
86 192
151 105
191 100
114 76
186 34
17 104
54 132
7 96
90 10
202 14
57 122
58 105
26 143
46 154
32 30
107 187
149 111
61 189
77 17
197 127
172 6
9 118
128 92
170 81
59 204
119 168
65 8
9 91
4 94
167 64
198 137
62 100
95 175
40 51
138 169
0 52
35 155
185 122
103 99
25 184
159 69
93 163
80 75
7 22
187 77
131 158
32 59
54 50
196 30
99 107
164 101
97 189
82 36
112 48
65 100
144 178
13 46
83 186
39 75
107 137
129 192
33 147
108 154
32 130
109 80
26 34
175 32
70 200
121 196
145 67
159 125
155 108
9 185
146 89
13 15
125 131
38 65
82 80
194 77
143 157
76 130
11 125
22 181
5 97
135 46
104 46
32 187
124 86
162 115
40 180
166 40
133 39
56 87
59 64
122 52
194 190
127 31
54 80
127 184
135 201
138 5
34 27
31 191
18 185
82 60
48 83
111 53
163 192
18 70
2 145
102 158
31 137
136 32
0 77
113 174
177 141
32 116
3 118
46 72
9 165
89 135
129 150
92 156
81 94
128 49
104 74
194 31
80 195
187 32
163 103
20 102
139 48
72 89
50 82
162 37
91 85
18 194
127 88
146 107
90 19
86 87
166 4
81 7
131 61
160 143
37 85
147 138
123 105
56 133
188 181
48 155
80 165
54 157
108 110
196 155
28 29
89 130
37 37
137 152
10 78
76 148
100 191
90 4
71 78
116 157
21 42
145 1
97 150
133 101
100 203
199 189
82 188
128 160
90 61
80 119
161 199
60 184
35 21
25 71
128 179
193 199
3 151
106 96
156 103
99 162
176 75
204 54
8 38
127 149
180 130
12 137
94 22
125 196
106 105
65 156
48 73
128 183
123 3
112 0
107 15
79 38
107 108
77 177
180 8
111 151
152 201
22 127
172 154
177 174
137 48
151 163
97 79
145 180
33 22
49 86
134 131
58 131
12 19
59 202
173 176
104 0
193 22
202 59
30 204
71 117
167 12
194 154
175 204
124 23
68 144
5 48
80 131
76 34
63 175
27 52
17 186
180 18
166 199
57 24
70 133
107 54
9 98
91 97
130 92
88 56
72 107
201 129
126 86
158 162
143 201
26 167
9 120
143 159
36 121
61 201
25 89
194 183
19 129
54 95
138 115
14 115
81 18
34 64
23 149
173 44
80 117
121 127
14 100
9 48
145 50
117 20
123 120
181 64
74 69
78 170
99 39
144 38
78 34
26 102
179 111
135 199
26 120
178 181
85 85
127 9
59 183
52 32
97 39
14 174
64 7
72 24
102 156
188 20
115 96
6 173
117 193
115 92
129 188
38 200
144 88
38 115
134 194
49 84
1 103
8 166
70 53
149 171
149 119
169 180
198 15
150 104
52 67
75 190
158 145
114 22
71 18
168 170
76 15
162 13
4 73
85 180
6 44
194 48
111 36
13 163
104 27
114 26
148 58
90 70
167 10
10 27
124 159
116 117
124 1
5 139
23 114
26 161
8 89
28 109
126 115
34 86
117 86
153 34
103 48
151 147
90 156
162 7
32 172
55 155
156 165
48 157
112 59
161 187
22 112
173 42
153 133
62 41
188 154
119 108
139 134
181 178
163 35
173 162
29 161
154 126
64 22
30 149
70 79
100 173
110 157
126 126
196 88
175 147
48 144
202 12
150 177
19 20
162 55
61 9
40 135
150 69
202 153
58 120
80 136
18 72
25 80
37 47
82 194
58 86
195 141
166 66
167 91
74 119
145 123
124 135
69 149
185 36
176 202
89 79
15 45
186 26
36 171
174 13
16 171
3 200
6 110
157 61
165 92
129 100
66 124
7 98
111 107
14 7
4 59
31 171
92 4
35 15
122 122
152 9
138 70
199 117
169 117
41 105
204 7
175 193
33 47
117 164
140 55
45 107
50 98
60 73
125 177
112 171
53 134
44 27
114 0
134 66
99 30
55 172
203 109
42 181
19 74
93 121
144 56
184 153
73 26
29 67
134 17
167 34
86 170
164 148
106 173
180 200
165 175
196 119
97 172
160 31
6 130
88 61
32 142
182 201
135 191
138 45
52 26
95 17
2 119
75 188
75 152
59 55
36 8
177 103
27 7
76 127
19 186
179 49
180 202
65 200
159 41
140 175
157 133
34 177
164 94
190 87
166 55
124 185
134 53
202 55
172 186
196 0
142 78
156 163
5 199
143 123
73 60
81 20
27 153
179 167
19 166
66 52
10 88
174 164
66 194
181 62
90 15
131 169
37 137
2 125
79 17
193 141
0 155
104 78
25 47
102 14
82 181
85 54
140 24
143 176
118 129
44 18
22 186
75 177
112 4
163 202
128 60
54 32
77 199
141 96
110 145
104 146
186 200
0 37
199 39
117 146
80 90
21 79
188 67
195 42
76 5
201 191
184 176
64 190
98 71
176 126
168 32
61 11
147 26
79 45
35 50
12 176
150 45
74 168
162 154
34 125
0 161
53 24
99 168
53 180
44 48
51 14
92 170
62 178
116 166
147 194
25 136
24 5
88 9
123 183
12 114
54 120
37 180
49 143
187 107
84 67
86 46
66 166
141 98
114 118
174 40
163 134
8 126
35 191
115 55
52 145
188 21
23 79
12 106
48 27
176 10
116 115
110 192
141 28
142 119
68 37
119 127
89 94
92 111
104 173
129 72
105 48
87 25
60 65
5 194
19 65
103 121
163 25
116 191
20 25
125 194
118 186
100 74
10 158
34 69
196 77
92 119
19 159
53 168
141 40
141 26
187 36
147 145
190 148
46 27
163 90
127 84
50 47
97 86
162 75
87 134
102 46
17 52
40 151
37 6
166 86
76 99
169 106
112 145
132 204
115 140
116 181
5 43
59 47
201 202
113 71
16 60
74 127
7 91
59 85
126 134
94 18
128 202
155 93
42 77
95 164
74 20
21 116
180 110
32 74
154 146
195 198
71 186
23 133
200 58
139 182
167 131
53 140
167 48
134 176
38 132
127 62
153 24
135 55
89 35
116 16
199 43
3 202
67 74
10 138
104 88
195 196
107 13
93 96
1 61
198 116
171 168
9 188
32 149
54 93
139 10
68 123
34 154
13 20
83 21
27 182
54 167
56 162
47 138
21 122
100 164
56 104
135 9
135 181
55 69
30 82
105 167
106 197
62 7
107 199
99 137
157 135
16 196
74 55
63 189
185 107
54 153
141 14
104 52
133 26
107 132
7 75
173 198
12 128
73 103
143 166
174 98
68 146
195 86
97 29
141 121
134 103
122 158
144 60
36 65
116 0
192 106
149 22
9 190
96 184
98 181
162 117
169 122
153 114
12 134
141 10
197 171
144 190
91 129
181 55
29 41
151 2
95 40
187 170
75 1
113 2
108 113
128 177
52 13
195 94
51 196
55 4
140 3
164 22
32 135
18 196
123 16
154 30
75 154
195 20
13 0
71 26
166 110
16 120
201 107
163 138
65 120
120 75
177 1
110 204
109 112
178 157
168 143
60 99
43 68
200 182
42 151
38 83
7 86
20 181
16 67
149 64
177 45
156 50
158 110
154 128
151 7
23 4
55 6
135 186
64 154
61 164
86 126
83 104
82 66
192 82
195 99
197 114
156 194
163 119
26 87
25 12
137 35
95 122
138 92
157 17
133 162
47 191
75 159
114 91
101 106
36 105
63 11
197 159
189 83
186 9
13 82
64 160
124 69
27 18
150 76
42 43
138 138
21 77
27 72
189 76
92 87
204 14
144 86
183 32
63 106
193 7
70 106
145 63
137 187
40 73
7 54
27 84
200 143
111 203
190 71
149 196
200 94
105 19
193 169
192 15
77 143
17 19
155 155
135 64
69 103
126 108
48 160
182 99
188 34
82 11
125 38
191 72
31 46
108 145
10 100
74 97
158 171
186 139
175 195
98 192
117 116
141 150
73 167
174 132
105 36
87 95
174 11
116 14
202 49
141 100
98 92
81 133
51 6
191 183
22 125
149 96
14 42
124 48
188 105
27 101
145 200
177 79
101 9
134 93
84 203
156 189
61 138
103 116
37 45
153 144
196 55
176 130
64 32
128 102
98 40
116 148
149 156
76 136
31 34
78 47
117 169
184 115
137 25
6 84
8 192
81 92
52 47
164 41
185 17
160 38
126 24
27 36
121 184
32 164
177 90
101 197
80 157
46 89
202 155
147 131
96 177
161 61
27 165
165 154
20 197
154 110
110 45
50 174
36 173
97 73
166 88
63 84
55 22
128 109
41 150
9 93
184 9
83 173
148 178
156 151
51 198
142 111
196 190
101 64
201 26
5 46
30 188
93 181
4 177
171 190
167 158
199 106
25 171
166 183
15 172
60 80
9 111
168 54
6 1
0 163
77 45
64 121
72 199
139 99
14 119
57 129
85 104
78 192
74 95
152 165
42 195
160 117
73 67
90 43
150 158
168 99
105 1
203 60
58 193
160 22
110 47
32 200
196 48
54 138
61 160
0 125
10 161
140 163
114 8
87 45
159 196
111 147
194 62
196 167
132 131
161 109
15 139
156 153
85 81
88 119
128 165
184 155
201 44
54 203
107 134
14 31
98 177
142 85
113 179
90 98
0 88
57 16
40 87
10 140
191 173
33 175
30 163
74 66
18 146
104 178
196 157
175 162
167 80
6 88
102 65
87 191
140 119
128 113
36 125
42 88
199 33
58 32
89 20
129 83
129 47
46 113
203 190
56 193
80 146
61 140
41 126
26 16
135 34
171 127
151 102
154 9
125 88
79 7
5 175
191 190
188 25
67 62
65 35
105 25
19 145
112 8
28 82
30 141
43 66
199 141
187 79
1 199
199 14
190 89
143 51
66 38
86 67
91 24
75 44
6 95
5 6
198 156
64 135
155 114
84 80
87 137
76 118
174 202
29 17
136 17
179 64
153 203
164 104
18 66
89 163
70 16
123 39
173 63
178 2
141 71
146 41
149 130
124 67
76 69
197 83
124 109
51 111
45 201
5 201
90 152
37 58
200 89
23 81
175 173
176 23
181 35
21 27
38 99
152 77
70 196
171 17
73 2
29 52
200 53
149 194
154 92
39 136
183 24
82 56
43 123
4 153
45 78
99 8
89 172
163 182
99 149
183 36
74 22
153 18
106 27
203 3
104 62
133 185
117 167
70 37
110 9
54 106
38 63
101 124
91 49
134 182
129 7
153 38
161 71
84 171
34 13
0 133
104 129
165 184
109 97
53 172
105 67
169 191
103 168
69 136
164 172
177 176
29 147
163 150
15 1
57 60
171 22
150 55
90 168
12 141
25 35
179 163
8 68
129 148
64 53
81 73
135 25
3 71
89 13
11 29
62 74
182 177
184 83
93 47
39 171
37 56
133 155
6 150
183 106
6 3
192 24
117 28
37 82
72 58
192 76
76 110
22 108
191 118
81 54
151 80
156 3
139 17
80 82
36 96
24 54
144 54
21 53
55 43
193 53
203 87
12 179
189 62
201 118
48 11
66 146
87 69
4 79
115 86
196 84
12 100
54 71
57 182
178 5
178 43
92 145
1 35
29 200
24 15
20 199
120 5
101 157
40 20
131 25
101 30
21 183
52 176
77 1
96 5
0 118
92 74
106 145
156 96
102 174
203 202
169 11
149 94
56 113
175 86
186 84
72 37
140 110
4 131
70 70
65 175
39 71
15 164
92 77
5 151
71 28
123 58
43 203
83 112
15 176
55 202
7 172
84 174
144 125
158 180
63 153
84 56
199 172
127 162
93 2
188 195
193 99
96 88
144 58
48 96
131 73
1 127
154 49
113 80
202 70
52 166
145 43
106 153
31 48
15 20
67 39
118 30
81 138
35 153
117 56
180 20
203 84
46 146
87 139
151 33
98 131
176 152
175 90
77 80
191 185
189 44
46 11
181 176
152 177
29 77
133 6
102 51
197 43
24 9
52 129
22 6
12 139
62 159
57 203
43 51
8 100
176 156
50 188
154 20
154 28
129 115
136 59
196 60
146 94
120 83
53 107
7 9
114 116
202 99
32 76
95 162
143 117
201 184
20 32
26 163
115 164
149 175
188 89
47 75
0 5
51 147
79 30
174 160
89 59
110 171
39 169
137 33
68 134
17 176
5 179
156 42
22 148
178 145
155 157
10 67
142 46
16 69
194 167
22 156
193 11
175 140
142 142
35 180
110 85
133 91
88 11
109 52
44 179
90 77
164 4
155 141
139 153
123 197
203 25
147 2
135 151
126 78
112 133
32 86
78 109
162 185
60 170
34 145
200 178
85 161
38 87
30 104
183 191
19 90
29 101
47 148
127 14
62 98
28 88
110 37
140 8
20 86
79 68
99 10
102 147
103 37
107 148
193 135
131 101
171 19
29 182
98 47
26 5
140 167
163 11
51 168
9 81
34 106
193 0
21 51
66 198
155 25
187 202
106 34
115 80
59 112
197 69
53 136
128 123
119 114
129 58
159 109
101 168
70 131
53 155
177 84
124 125
58 114
72 62
91 180
184 173
182 17
71 49
169 71
88 132
126 16
197 118
116 22
48 58
189 186
59 90
165 186
78 118
142 55
37 140
65 116
104 182
5 2
37 24
7 116
113 20
161 134
25 37
25 134
49 162
80 161
99 156
64 72
30 60
183 62
99 139
28 166
0 193
120 138
138 183
15 75
102 31
141 176
97 168
114 191
74 58
57 55
119 112
155 105
54 170
202 81
122 68
139 151
202 101
48 81
112 51
112 62
170 140
164 180
75 131
174 153
98 75
131 128
121 140
44 121
147 42
47 107
39 6
197 34
175 44
115 146
187 131
98 183
170 89
141 132
29 192
162 166
124 107
145 194
115 123
71 188
72 87
169 198
71 102
198 0
160 126
167 201
80 152
188 60
201 189
133 127
197 28
91 99
22 82
106 3
76 112
96 159
168 160
122 199
76 194
47 52
65 192
150 14
20 148
139 25
145 3
202 83
87 143
7 189
127 171
118 22
98 185
190 182
46 136
183 157
167 71
80 47
152 0
192 104
118 156
32 94
190 60
160 73
41 67
123 65
72 13
176 189
191 43
52 97
195 13
199 8
58 163
61 113
9 15
28 163
9 76
108 67
117 34
157 40
122 70
81 22
150 12
130 44
119 193
145 136
95 50
95 48
202 179
90 113
45 76
104 65
47 40
151 97
5 8
100 93
66 36
161 119
184 26
191 187
183 97
151 171
130 81
131 27
195 188
59 103
167 181
180 160
77 30
72 96
99 80
136 76
126 122
164 46
23 64
149 44
113 123
5 72
134 202
197 161
129 94
104 85
16 10
19 122
22 184
129 74
20 69
89 41
153 58
67 117
96 55
113 84
138 185
106 185
85 102
113 160
29 19
104 76
16 99
90 111
170 6
168 50
135 154
17 85
189 3
162 27
202 89
171 75
146 142
160 136
125 191
30 172
16 41
32 162
152 149
30 56
74 129
151 203
177 147
36 127
13 17
82 171
140 197
165 80
70 14
30 75
69 157
98 32
8 27
46 56
71 115
0 3
18 127
17 131
100 95
102 73
132 76
139 6
192 47
158 189
102 185
160 76
95 138
17 42
7 111
99 196
179 56
72 162
67 76
169 134
3 123
176 145
14 169
76 120
181 157
188 126
127 151
202 111
115 41
18 143
98 55
28 198
55 179
142 59
199 113
9 198
41 167
11 160
163 29
202 146
187 98
142 197
75 76
183 51
159 85
82 76
192 101
7 118
131 199
136 116
61 183
104 184
193 13
74 10
155 167
127 176
72 9
83 58
114 103
57 168
44 150
35 196
91 118
197 23
113 152
115 57
176 46
29 1
31 174
130 171
40 162
133 74
168 56
12 58
159 64
90 131
87 103
94 3
81 46
19 39
30 30
27 126
12 31
167 36
96 42
58 88
88 197
195 200
200 71
52 109
42 179
123 191
185 131
80 88
84 114
44 136
169 16
180 75
177 105
103 101
57 103
51 45
154 135
81 201
30 23
75 42
134 99
118 162
17 91
71 113
110 113
60 8
144 147
110 8
151 155
96 166
90 0
18 44
28 155
5 55
102 26
117 109
140 46
172 141
203 132
164 55
80 55
105 128
70 81
162 170
110 22
204 18
142 39
137 10
28 202
76 97
78 136
107 98
183 58
143 62
18 59
118 32
170 112
94 66
77 67
165 90
137 148
204 102
141 201
64 98
33 65
60 82
132 160
152 82
144 119
63 9
52 8
24 142
48 150
63 129
163 9
69 60
0 150
7 194
41 97
124 52
129 169
105 133
61 4
28 142
199 139
186 137
34 200
5 155
128 136
63 52
13 92
97 81
187 16
172 4
128 133
145 145
172 152
148 24
73 64
62 65
147 97
52 192
119 56
188 147
106 155
111 123
134 143
96 186
178 109
127 204
202 68
113 169
144 114
180 66
80 28
99 100
113 43
173 65
197 189
152 146
35 147
133 169
30 110
168 14
138 167
97 51
60 6
16 136
192 159
117 42
137 150
97 31
18 103
173 0
9 56
200 49
52 194
8 141
139 14
142 16
169 69
101 50
113 139
41 137
2 70
182 199
86 65
179 141
7 46
106 61
0 165
14 9
187 179
21 64
164 88
37 156
175 79
63 21
25 73
92 66
171 35
151 39
112 118
117 111
23 72
20 128
173 117
108 197
121 3
165 5
117 2
155 51
162 101
72 128
171 2
186 130
199 41
21 95
199 108
8 13
89 17
199 203
83 160
7 152
25 42
34 117
45 8
67 121
132 117
119 110
185 135
12 158
203 119
7 198
76 183
15 15
110 43
40 99
122 125
195 64
97 175
80 159
91 21
78 195
41 2
169 171
186 167
115 2
104 2
22 136
72 29
124 79
34 96
3 77
185 49
95 150
76 192
23 42
8 150
84 10
33 10
175 77
166 98
12 43
128 82
19 41
91 158
90 22
65 202
10 142
73 174
165 43
8 36
28 94
54 131
149 50
164 152
10 136
159 71
177 31
58 94
149 3
128 86
140 12
171 143
87 162
179 90
176 30
135 127
97 0
101 117
22 101
33 28
41 172
160 58
194 75
20 93
17 9
148 123
54 8
7 142
15 53
48 166
114 122
130 46
93 88
201 47
44 119
71 54
28 196
197 138
10 156
91 195
57 191
113 50
90 150
50 123
58 71
161 9
5 181
2 20
88 150
5 22
153 164
136 125
49 94
0 0
124 101
186 126
55 16
63 54
151 63
132 142
11 87
64 199
130 159
21 23
9 128
0 116
51 113
8 109
153 182
114 101
26 191
92 143
151 37
7 11
165 192
91 79
90 37
15 109
89 75
194 143
87 180
126 33
116 43
34 175
199 96
89 166
59 92
96 23
165 64
11 80
79 163
85 128
162 46
190 5
48 49
79 134
61 92
55 122
116 144
130 190
12 108
45 52
61 172
22 103
36 194
23 171
6 93
56 85
72 80
54 67
160 115
122 175
123 177
36 63
180 191
171 197
190 77
2 150
184 189
163 60
136 118
67 157
92 128
84 32
169 75
40 24
23 123
100 28
161 77
114 127
138 165
101 12
172 111
2 153
173 174
182 175
202 61
77 91
51 122
7 128
8 87
100 109
120 70
39 134
159 134
189 124
157 109
64 126
142 87
1 143
149 62
82 185
185 184
141 160
175 197
82 89
83 101
191 62
17 23
147 5
164 136
50 96
179 165
149 26
25 193
187 121
162 57
129 9
164 37
19 183
106 183
188 129
164 169
170 4
68 78
26 155
38 185
196 6
26 141
81 63
109 65
193 139
141 203
105 172
124 157
175 134
111 199
149 100
149 109
171 118
193 84
82 152
176 88
176 97
105 99
62 13
28 168
6 63
176 35
109 107
158 152
34 71
2 133
186 51
24 111
33 119
114 180
37 168
177 86
31 189
40 195
69 162
75 8
141 181
97 196
169 130
120 49
67 96
19 201
166 190
188 168
90 33
42 33
17 7
194 125
153 11
161 193
83 18
56 41
164 7
133 78
102 33
140 15
66 122
191 14
172 96
66 83
144 79
51 62
9 196
140 169
157 69
45 191
43 138
140 29
158 3
146 168
60 162
39 47
192 157
97 182
158 90
58 111
43 108
145 151
75 67
36 107
161 86
177 171
154 83
79 36
190 146
119 196
139 101
113 146
161 155
15 22
151 25
149 68
201 150
144 142
30 108
11 163
169 36
87 196
63 201
180 148
134 89
125 40
150 9
134 85
184 85
112 86
162 111
197 87
84 83
57 34
136 114
190 144
75 138
24 17
140 38
10 183
113 68
204 154
199 127
159 118
102 90
163 200
69 18
87 182
164 190
186 105
94 55
96 57
151 22
149 102
180 179
0 191
192 37
200 73
110 95
32 42
20 67
79 21
40 49
177 125
193 118
74 105
3 155
161 1
89 203
153 147
151 157
204 62
166 105
40 32
64 102
135 87
48 56
72 11
128 22
130 183
104 159
174 200
39 89
67 119
187 135
88 105
31 65
172 87
68 52
154 76
31 19
85 45
88 97
203 43
18 64
88 26
112 190
70 83
58 46
132 176
194 88
91 172
96 92
68 194
155 7
59 19
145 182
99 202
40 30
94 169
124 33
118 15
94 123
156 110
85 51
121 84
92 8
138 72
56 94
77 132
33 137
120 166
157 182
103 20
72 105
106 77
37 80
33 84
116 150
111 79
93 49
70 173
108 87
121 120
44 20
187 63
17 2
80 193
178 143
193 188
50 20
79 132
72 201
108 191
126 4
122 49
50 10
109 102
14 113
101 101
150 178
21 120
142 24
134 192
86 147
169 34
106 180
52 120
125 105
182 192
93 129
6 140
46 9
188 84
192 39
65 104
136 23
2 117
103 86
143 68
73 54
128 200
169 126
52 174
22 40
33 134
81 163
171 170
142 153
142 115
173 121
64 158
61 158
179 45
87 41
37 192
73 79
98 190
72 39
13 159
152 30
44 11
15 104
43 168
204 179
18 93
72 172
183 135
36 115
64 51
44 77
54 159
0 167
47 70
62 125
114 97
48 9
110 70
37 182
113 181
18 192
15 6
167 69
158 127
105 54
11 92
5 127
136 5
53 34
36 39
91 68
22 191
132 103
10 186
101 155
7 64
8 62
73 120
180 58
145 188
0 142
38 126
