159 62
3 140
157 186
148 86
39 138
188 145
91 2
78 5
28 70
66 0
2 103
126 164
141 69
114 78
36 22
175 28
13 5
55 41
15 0
11 81
56 26
123 134
77 200
109 6
61 41
160 195
71 181
84 162
130 199
12 112
150 173
27 96
91 189
64 11
66 191
59 169
170 124
169 146
107 11
126 1
25 108
38 172
152 120
113 162
114 182
81 109
180 3
127 148
15 17
107 166
142 1
56 180
20 154
196 67
192 155
146 77
151 35
65 2
140 70
41 170
49 148
30 118
199 98
113 120
73 41
61 67
109 109
63 39
201 42
173 89
184 97
90 134
150 105
194 39
157 120
29 60
142 175
112 22
201 201
129 102
98 204
18 50
177 112
182 75
107 96
102 192
145 184
64 37
176 163
102 28
170 182
40 154
102 62
124 22
76 144
172 0
149 56
30 32
155 32
99 57
139 34
91 107
83 53
83 82
158 137
63 35
184 201
171 172
99 67
33 109
200 60
147 95
74 89
110 34
203 11
105 117
156 91
94 43
185 38
21 151
179 147
19 21
126 178
150 197
157 63
78 90
121 64
92 7
182 9
93 131
97 191
1 123
40 183
7 179
125 144
46 41
0 25
7 66
22 129
32 117
174 78
104 187
91 74
38 36
75 74
148 185
50 22
42 109
180 156
73 43
92 43
10 129
71 176
149 17
137 94
72 196
103 75
140 68
19 135
0 84
192 1
60 151
35 17
13 86
72 53
44 139
75 24
185 169
17 5
98 170
94 149
92 118
107 78
17 40
119 130
170 162
141 117
66 7
7 69
135 86
26 14
62 173
111 182
140 59
184 60
186 203
161 11
141 57
20 126
45 104
112 103
98 110
45 49
151 69
63 137
199 159
188 86
39 163
125 3
90 26
44 126
74 91
155 126
37 89
101 147
35 10
68 97
1 54
108 136
93 138
4 24
23 56
61 149
98 172
197 165
57 151
93 140
202 107
50 110
119 32
75 63
144 168
59 17
110 68
156 180
16 102
37 96
55 169
124 50
119 121
16 129
39 82
179 78
24 41
13 18
173 11
154 165
87 43
115 70
105 155
71 11
89 199
97 53
14 52
22 31
131 94
60 60
116 19
48 85
57 201
166 164
49 3
165 36
41 193
110 155
169 132
190 21
142 29
88 179
139 200
38 193
6 60
178 204
141 155
51 99
150 24
130 135
174 103
123 93
44 87
104 39
196 69
202 130
29 84
183 22
111 109
142 113
168 82
126 142
187 19
176 135
36 87
46 111
77 168
10 41
166 162
125 100
67 202
23 159
11 185
111 87
180 76
180 35
160 2
24 169
116 79
132 80
153 142
95 86
112 125
87 144
112 56
151 133
48 175
127 41
89 104
190 174
162 144
92 23
37 154
20 169
84 100
18 95
167 73
197 204
88 152
129 173
74 136
56 92
202 194
132 72
33 191
164 186
158 143
182 194
98 11
48 54
2 33
117 39
80 5
64 179
111 101
196 116
86 152
144 32
119 148
185 190
49 114
159 177
99 73
60 21
49 60
48 39
46 86
184 16
129 175
97 49
14 170
145 31
5 128
59 152
156 48
143 188
104 118
183 11
191 128
171 103
50 190
69 113
35 183
121 122
144 150
194 151
199 150
150 132
72 165
100 13
17 138
168 123
159 78
17 122
11 127
0 86
197 8
144 1
125 41
23 13
141 88
51 66
157 193
15 32
2 204
4 45
29 22
51 17
102 121
195 74
19 62
44 190
144 52
126 20
156 85
72 139
126 67
29 58
93 115
46 121
10 14
176 133
139 37
173 67
181 50
38 34
108 188
89 190
192 204
167 184
145 163
81 65
50 176
21 201
110 153
4 63
52 179
61 23
69 59
128 34
120 136
65 61
42 0
22 170
65 189
178 155
68 20
201 35
53 60
2 163
96 169
148 104
61 54
32 202
131 171
153 155
134 40
68 141
142 148
46 74
203 188
65 118
179 174
107 178
43 103
108 168
194 137
60 192
54 124
115 10
121 168
27 193
152 128
54 174
52 170
157 166
166 171
77 36
36 184
43 73
195 163
16 156
88 145
91 95
202 117
177 128
76 32
114 145
122 66
91 35
141 86
98 109
186 155
188 171
124 111
46 157
155 40
49 62
59 62
200 131
166 47
27 200
57 90
174 36
50 28
137 163
84 76
152 20
186 24
188 70
89 196
119 40
70 138
43 49
42 72
189 128
163 63
66 24
120 186
36 56
8 17
105 101
64 127
193 42
167 125
109 36
26 89
74 107
171 192
119 164
181 162
63 6
79 18
142 60
47 105
200 62
23 155
195 7
53 122
199 37
31 93
121 82
168 104
100 132
69 27
90 12
14 102
4 96
191 11
36 26
55 34
190 156
44 203
100 185
162 151
155 81
192 138
151 195
116 77
137 73
193 44
153 26
154 47
147 152
105 199
117 196
165 100
173 1
19 43
134 120
117 88
50 145
133 118
77 3
124 137
159 193
110 51
135 15
130 181
175 67
128 75
44 9
92 162
75 176
42 125
107 129
25 3
39 167
109 162
60 94
22 49
77 175
46 144
175 37
77 43
61 39
43 170
190 160
26 18
12 40
182 70
51 59
142 189
77 88
38 114
8 173
24 157
27 67
148 119
43 166
31 161
104 50
52 19
70 198
126 157
32 12
163 126
71 67
54 134
188 78
13 22
77 188
18 145
188 167
184 92
95 203
128 142
192 107
184 121
192 87
34 135
22 55
102 85
110 32
175 34
40 64
5 4
123 103
22 15
136 142
126 154
105 17
164 2
51 172
20 147
141 187
125 82
148 106
54 47
89 106
61 83
199 84
74 5
34 108
97 202
15 88
95 32
87 154
70 180
66 48
6 157
120 91
83 201
26 54
95 90
146 87
156 171
62 151
18 88
201 152
117 113
94 115
130 71
145 84
179 10
31 114
35 7
98 94
185 128
82 4
50 40
147 64
74 40
87 54
47 50
70 66
34 156
177 99
99 69
78 131
44 128
148 76
181 10
41 31
114 138
194 5
203 192
140 151
56 33
39 58
120 28
11 162
92 201
63 177
144 40
130 201
173 110
122 185
77 138
3 57
136 140
202 164
23 39
23 7
100 11
89 69
183 26
87 125
125 149
137 50
44 53
178 88
70 164
69 155
43 197
98 194
187 113
109 199
55 131
103 67
74 62
19 23
10 39
159 163
5 150
175 191
179 99
188 66
132 110
193 23
70 111
62 127
49 168
43 130
181 183
17 148
83 22
120 109
83 109
1 19
60 71
171 50
128 42
158 42
117 198
56 0
49 159
177 137
35 179
73 187
156 5
18 25
50 9
69 188
151 11
6 18
56 124
178 8
120 169
57 179
59 31
22 121
177 188
73 176
171 121
68 54
13 110
21 113
76 161
102 145
160 111
165 160
62 37
169 193
121 74
156 94
139 133
17 38
122 91
118 11
158 84
105 60
34 42
28 122
38 25
51 43
165 86
168 68
176 24
193 182
24 2
143 66
123 55
191 3
197 140
69 77
125 14
15 8
115 20
85 52
10 112
197 41
203 63
113 131
95 59
8 136
201 128
28 153
104 33
61 153
134 90
113 24
59 29
10 194
15 86
53 54
135 5
137 15
40 185
160 84
36 113
109 147
114 132
31 54
201 109
179 118
63 139
98 133
59 42
4 98
30 41
67 93
81 186
27 148
3 35
83 75
191 54
164 111
148 93
141 199
12 34
109 78
182 187
72 179
202 51
34 27
71 104
55 66
202 73
126 43
5 118
46 123
145 186
78 15
134 129
93 113
44 113
42 41
22 199
125 31
102 172
169 18
136 185
52 197
23 193
121 72
47 4
126 110
6 187
144 143
30 202
93 63
162 169
77 7
14 108
140 18
79 143
113 37
90 96
21 29
183 71
79 81
138 8
181 16
185 145
179 6
132 87
133 108
73 171
185 171
64 0
197 21
40 203
50 128
169 73
175 110
160 198
38 170
112 70
21 134
78 28
122 109
172 56
181 48
170 104
140 141
118 194
64 123
88 37
127 35
122 138
161 35
16 158
105 132
57 195
43 78
1 165
132 201
120 93
112 43
100 145
142 168
190 42
135 31
190 107
197 107
82 93
105 124
183 47
55 102
126 22
157 96
158 175
125 133
150 130
167 191
27 21
123 127
166 14
190 158
88 181
13 156
54 161
200 148
70 140
154 13
169 200
62 200
162 121
29 164
21 158
12 80
95 147
136 21
183 49
79 138
3 22
175 121
170 55
110 189
139 103
29 194
82 150
106 84
183 158
150 79
23 136
7 48
38 59
195 65
130 59
36 147
181 34
197 197
16 193
114 4
59 139
187 115
140 127
101 48
50 150
173 46
2 23
85 172
49 112
137 194
50 166
186 166
173 49
176 154
84 31
111 162
200 16
150 0
68 83
43 7
56 83
117 43
14 195
83 111
126 50
2 59
202 57
151 175
48 108
107 162
87 189
4 125
104 181
53 17
99 36
124 189
58 48
46 149
100 20
0 29
31 78
162 136
138 23
88 47
35 122
61 110
196 175
58 124
77 116
93 5
90 201
169 120
173 27
172 25
51 41
191 116
74 122
159 35
112 188
120 30
114 175
159 92
37 117
95 64
59 141
178 41
64 13
148 101
135 19
81 183
175 174
90 73
29 120
126 136
13 32
63 183
54 26
28 31
70 90
198 95
174 61
60 84
107 88
146 130
111 64
195 165
114 129
169 142
70 19
102 196
141 179
26 41
104 133
19 52
174 69
42 14
40 56
175 165
155 18
133 186
35 120
114 62
175 26
175 65
74 149
107 106
111 20
160 20
19 115
177 77
142 89
136 113
81 34
151 66
163 92
127 144
55 24
1 169
161 29
133 66
129 166
25 115
74 145
26 70
2 37
143 161
119 27
73 151
70 101
113 10
52 105
73 118
87 150
47 2
68 149
181 186
133 171
184 147
165 12
141 67
94 117
90 182
144 107
144 77
65 63
101 91
93 162
31 130
74 173
16 174
181 22
68 147
87 52
96 12
177 126
16 92
174 155
107 52
39 97
175 136
160 151
102 119
171 160
175 96
196 32
33 198
120 194
2 97
81 157
127 163
101 99
186 133
142 151
144 29
192 153
169 102
174 59
188 53
141 48
111 66
133 144
181 181
20 184
90 197
55 144
160 145
150 58
179 16
140 165
128 190
86 163
41 6
148 141
49 121
13 117
43 105
141 65
193 119
51 76
101 87
53 15
152 46
203 180
197 85
125 102
90 32
43 172
33 20
6 177
92 133
30 116
39 202
31 84
11 110
149 11
87 141
195 22
115 26
114 49
142 124
199 35
24 191
53 178
161 153
48 189
122 5
121 154
105 126
88 148
18 68
97 100
53 158
202 182
164 44
198 30
173 120
76 89
110 169
197 98
177 182
186 96
158 195
104 35
75 3
59 164
154 204
123 53
73 76
139 161
36 43
35 5
167 80
73 69
114 125
105 137
5 64
106 86
194 95
197 183
77 19
184 199
47 77
38 62
18 58
78 159
119 3
79 116
90 170
91 121
76 108
192 5
170 153
106 130
181 164
131 42
147 91
115 101
201 180
2 142
204 15
23 47
174 94
191 45
49 146
156 83
155 11
24 181
165 188
102 41
130 61
42 18
197 173
11 32
120 141
193 128
81 120
185 99
62 198
173 171
9 171
59 110
113 64
184 134
174 75
118 181
82 203
36 41
14 178
14 68
48 135
97 151
197 93
83 78
8 187
30 13
20 203
10 192
80 83
126 146
141 102
50 120
112 18
71 167
2 39
32 14
164 98
119 82
204 79
86 11
18 74
119 184
198 148
89 62
103 63
41 165
77 125
86 56
189 180
29 54
38 38
111 197
202 53
20 141
151 56
78 111
157 92
53 42
100 141
35 110
121 51
161 69
134 76
89 100
94 57
60 46
56 182
94 7
141 162
155 182
56 71
96 148
154 85
16 51
135 122
154 74
111 6
70 88
145 166
200 100
155 76
97 18
46 53
86 189
156 114
143 64
166 203
10 34
49 76
189 26
157 164
91 41
46 190
89 24
184 70
16 65
61 62
132 182
61 73
195 127
38 119
70 142
189 23
94 84
1 79
4 33
203 162
67 201
18 140
172 113
3 53
32 82
153 81
201 173
167 145
44 41
57 120
169 144
100 165
157 173
148 99
194 103
28 102
24 113
89 188
126 124
51 33
34 30
116 175
165 21
135 101
65 76
50 13
198 32
10 55
45 90
22 173
115 24
61 19
185 94
191 47
87 172
145 161
189 197
24 48
45 138
73 161
192 98
101 201
20 75
196 95
40 126
94 97
129 25
34 12
7 175
34 94
170 169
159 18
161 54
91 164
137 153
174 88
55 52
160 56
134 125
150 48
55 54
128 6
55 152
133 68
7 200
98 102
38 195
125 155
75 101
112 72
161 63
135 74
56 153
102 179
0 128
194 101
203 83
21 65
66 158
191 85
24 179
156 132
189 64
112 60
114 99
179 55
153 31
9 78
137 181
63 111
67 189
156 9
54 104
103 128
89 122
50 181
28 86
16 146
24 109
131 192
10 16
122 136
82 159
79 22
135 183
199 180
130 110
202 134
91 191
188 165
7 5
133 200
79 43
147 68
79 201
161 59
78 145
83 88
185 1
165 201
14 93
41 12
148 173
91 28
163 27
14 155
175 123
42 107
110 72
178 91
95 201
119 89
34 115
144 112
168 168
193 54
76 9
187 128
43 135
149 187
172 199
133 93
150 122
111 84
180 193
118 166
73 137
33 48
25 7
71 60
183 73
31 21
141 122
186 147
18 120
81 15
77 134
40 95
199 22
91 184
22 25
115 16
159 113
137 200
64 67
168 182
125 162
85 192
152 106
191 100
114 76
186 34
17 104
54 132
8 96
90 10
202 14
57 122
58 105
26 143
46 155
32 30
106 187
149 109
61 190
78 17
197 127
172 5
9 118
129 91
169 80
59 204
119 167
65 9
9 90
4 94
168 64
199 136
62 99
96 173
41 51
138 169
0 52
35 154
185 123
103 99
25 184
159 70
93 164
81 74
7 23
186 77
131 158
31 57
53 52
196 30
99 107
163 101
97 189
82 36
113 47
65 99
143 179
14 46
83 186
39 73
106 136
129 192
32 146
108 154
33 129
108 80
26 34
176 32
70 200
121 195
145 67
160 125
155 109
9 185
146 89
12 15
125 131
39 66
82 80
194 78
142 157
76 130
11 125
22 181
6 97
135 47
104 46
31 187
124 86
161 115
41 179
166 40
132 39
56 87
60 64
123 51
194 190
127 32
53 81
126 185
135 201
139 5
35 28
31 191
18 184
84 60
48 83
110 53
163 192
18 70
0 146
102 158
30 136
137 32
0 78
112 174
176 142
32 115
3 117
46 72
9 165
89 136
129 151
91 156
80 94
128 49
104 74
194 31
80 195
187 32
163 102
21 102
139 48
72 90
50 82
162 37
92 84
18 194
127 88
146 106
90 19
85 88
165 3
81 7
132 61
160 143
37 85
147 139
123 105
56 133
187 181
48 156
81 164
55 157
108 110
197 156
28 29
89 130
36 37
137 151
10 77
75 147
101 191
90 4
71 78
116 156
21 42
146 0
98 149
133 101
100 203
199 188
82 188
129 161
90 61
79 120
161 200
59 184
35 20
25 71
128 180
193 199
3 151
105 97
156 104
99 162
176 75
203 54
8 38
127 150
180 131
12 137
93 21
124 197
106 104
66 156
48 73
128 183
123 3
112 0
106 15
78 38
107 108
77 177
180 8
111 151
152 201
22 127
172 154
177 173
137 48
151 163
98 80
145 180
34 22
49 86
134 131
57 131
11 19
59 202
173 175
105 0
193 21
202 59
29 204
71 116
167 12
194 153
176 204
125 24
68 143
5 48
80 131
76 34
62 175
27 53
18 186
180 18
167 199
57 24
70 133
108 54
10 98
92 97
131 92
88 55
72 108
200 129
126 86
158 161
143 201
26 166
9 120
142 159
37 121
61 201
25 88
195 183
18 129
53 94
138 116
13 115
81 17
35 64
23 150
173 44
80 118
121 128
15 100
9 48
145 50
117 21
123 119
182 64
75 69
78 170
98 38
144 38
78 34
26 102
179 111
135 199
27 120
179 181
84 86
128 8
59 182
52 32
96 39
14 174
64 7
73 24
103 156
189 19
115 95
5 173
116 193
115 91
129 188
38 200
144 88
38 116
136 195
50 84
0 101
7 165
70 53
149 171
150 120
169 181
198 15
151 104
53 66
76 190
158 145
114 22
71 17
168 170
76 16
163 12
6 73
84 181
6 44
193 48
111 36
12 163
104 28
113 26
148 57
90 71
168 11
10 27
125 159
115 116
124 1
5 139
23 114
27 161
7 89
29 109
126 115
35 85
116 86
153 33
103 48
151 148
89 156
161 7
32 172
56 155
156 164
49 158
113 58
162 188
22 112
173 42
153 134
63 41
188 155
119 108
141 134
181 177
163 35
173 161
29 161
153 126
64 23
30 149
69 79
100 173
111 156
125 126
196 88
175 146
48 144
201 12
150 176
19 19
162 55
61 9
41 135
149 70
202 153
59 120
80 136
18 72
24 79
37 47
82 194
58 86
195 140
167 66
167 91
74 119
145 123
124 135
69 148
184 36
177 202
89 78
16 46
187 26
36 171
174 12
16 170
4 200
6 108
157 61
165 91
128 100
66 124
8 98
111 107
13 7
4 59
31 171
92 4
36 15
123 121
152 9
138 69
199 117
169 118
41 105
203 6
175 193
32 46
117 164
140 55
45 106
50 98
59 73
125 177
111 171
52 134
44 27
114 0
135 66
99 30
55 172
203 110
43 180
20 73
92 122
144 55
185 153
74 25
29 66
134 17
167 34
85 170
165 148
106 173
180 200
167 175
195 119
96 171
160 31
6 130
88 61
32 141
182 201
137 192
140 44
52 26
95 18
2 119
75 188
75 151
59 55
36 8
176 102
27 7
75 126
20 186
179 49
180 202
65 201
159 40
140 175
158 133
35 177
164 93
190 87
166 55
124 185
134 53
201 55
171 186
196 0
143 79
156 162
6 199
143 123
73 60
81 19
26 154
179 166
20 167
66 53
9 88
174 163
67 192
181 62
90 15
130 170
37 137
2 125
79 16
193 141
1 155
103 77
25 46
102 14
82 181
84 54
140 24
143 177
117 129
44 18
22 186
75 178
112 4
164 203
128 60
54 32
78 199
142 96
110 145
104 145
186 200
0 37
199 39
117 146
80 90
21 79
188 68
195 42
76 5
201 191
184 174
64 191
98 71
175 127
168 33
60 11
147 26
79 45
34 50
13 176
150 45
74 169
163 153
34 124
0 162
53 24
99 168
54 180
44 47
51 15
92 170
62 179
115 166
147 194
24 137
24 5
88 10
123 183
11 114
54 120
37 180
49 143
186 107
84 66
86 46
65 167
140 98
113 118
173 40
163 134
7 126
35 192
115 55
52 145
188 21
22 78
12 106
48 28
177 10
115 114
109 191
142 27
142 119
68 38
119 128
89 94
92 111
104 173
129 73
105 48
87 24
60 65
6 193
19 65
104 120
162 25
115 191
20 25
125 195
118 186
101 74
9 158
34 68
195 76
92 120
18 159
53 169
140 40
141 26
186 36
146 144
190 149
46 27
164 90
127 85
50 47
97 86
162 75
88 134
102 46
17 52
41 152
37 6
167 85
75 99
169 106
112 145
132 204
114 140
116 182
5 43
60 48
200 202
113 71
16 59
75 128
7 91
60 86
126 134
93 17
128 202
155 93
42 77
95 165
75 20
21 115
179 109
31 74
154 146
195 197
72 186
23 134
200 58
139 181
167 131
53 140
167 49
134 176
37 133
128 62
152 24
135 55
89 35
117 17
199 43
3 202
66 74
10 138
105 88
195 195
106 13
93 95
1 60
198 116
171 168
9 189
32 149
54 92
139 10
68 123
34 153
13 20
83 20
27 181
54 167
56 162
47 139
21 123
98 164
56 104
136 8
135 181
55 70
30 82
105 167
106 197
62 8
107 199
98 137
157 134
16 195
73 56
63 189
185 106
54 154
141 14
104 52
133 26
107 132
7 75
174 198
12 129
73 104
143 166
173 98
67 145
196 86
97 28
141 120
133 103
123 159
144 60
37 65
116 0
191 105
149 22
9 191
97 185
98 182
161 117
169 122
152 115
11 135
141 10
198 171
144 190
91 130
181 55
28 41
151 2
95 41
187 170
74 1
113 2
109 112
128 178
52 13
195 93
50 195
55 4
141 3
163 21
32 135
18 196
124 16
154 30
74 153
195 20
14 1
72 26
165 110
15 120
201 107
164 137
66 120
120 76
177 1
110 203
110 111
178 157
167 143
60 99
43 67
200 182
43 152
38 84
7 85
20 181
16 67
149 65
177 45
156 50
158 111
154 128
151 7
23 3
55 6
135 187
65 154
61 164
86 126
83 104
82 67
192 83
195 99
197 114
156 194
162 119
26 87
25 12
137 36
95 122
137 92
157 19
133 161
47 191
75 160
113 91
101 106
37 106
62 11
197 160
189 85
186 9
13 82
64 160
124 69
28 19
150 76
43 42
138 139
21 77
27 72
188 75
93 86
203 13
144 86
183 34
65 106
193 7
70 106
145 63
137 187
41 73
6 54
27 84
200 142
112 203
189 72
149 196
200 95
104 19
193 168
192 15
77 143
17 18
155 154
134 64
69 103
126 108
47 159
182 99
188 34
84 11
124 38
191 71
30 46
108 145
11 100
74 98
158 171
186 139
175 195
99 192
117 115
141 149
73 167
174 132
106 36
88 96
175 10
116 15
203 49
141 100
98 91
81 133
51 7
191 183
21 125
149 96
13 41
123 48
188 106
27 100
145 201
178 79
101 10
134 92
84 203
156 188
61 138
104 116
36 45
153 144
195 55
176 130
64 33
127 102
97 40
117 148
149 156
76 136
31 34
77 47
117 169
185 115
137 25
5 84
8 193
80 92
52 47
164 40
185 18
160 37
127 24
26 36
121 184
31 164
177 89
100 195
79 157
45 88
201 155
148 132
96 175
161 61
27 165
165 154
19 197
154 111
111 45
50 174
36 173
97 73
166 87
62 85
55 22
128 109
42 150
8 92
184 9
83 173
148 178
157 152
50 198
142 111
196 190
101 63
201 27
5 46
30 189
91 182
4 177
171 190
166 158
199 106
26 171
166 182
15 172
61 81
9 111
168 54
5 1
204 164
77 45
64 121
72 198
139 99
14 119
56 129
85 105
78 193
75 96
152 165
42 195
159 117
73 67
90 43
149 158
167 99
106 2
204 60
58 193
160 22
111 47
31 200
195 47
54 138
61 160
0 125
9 161
139 163
114 8
87 45
159 196
111 147
194 62
196 167
132 130
161 109
16 140
157 154
85 82
89 120
128 165
184 156
201 44
54 204
108 134
14 31
98 176
143 85
113 179
90 98
0 88
57 16
40 87
10 140
192 172
33 176
30 162
74 65
18 147
105 179
197 158
175 161
166 81
6 87
102 65
87 191
140 119
128 113
36 124
42 87
199 33
58 33
89 21
129 84
130 48
46 113
203 190
56 193
80 145
61 140
42 127
26 16
135 33
171 126
151 102
154 9
125 88
79 7
5 175
192 190
188 24
67 62
65 35
104 26
20 145
112 8
28 83
30 141
42 65
199 141
186 79
2 198
200 14
190 89
143 51
65 38
85 68
91 24
75 44
6 95
5 6
198 157
64 136
154 113
84 80
88 138
76 117
175 202
30 18
136 17
180 64
153 202
164 104
18 66
90 163
70 16
124 40
173 63
178 2
141 71
146 42
148 130
124 67
77 69
197 83
124 109
51 111
44 201
5 201
90 151
37 58
201 90
22 80
175 172
176 22
182 36
21 27
37 98
152 77
70 196
170 16
73 3
29 52
200 53
149 193
154 91
39 136
184 24
82 56
44 124
4 153
45 78
100 8
89 172
164 182
99 148
183 37
74 22
153 18
106 27
203 3
104 62
134 185
116 167
69 37
111 10
54 106
38 64
100 123
92 48
133 183
129 7
152 39
161 71
83 171
34 14
204 133
104 130
165 184
109 97
53 172
105 67
169 191
103 168
70 136
164 172
177 175
29 147
163 150
16 2
58 60
172 23
150 54
92 168
12 141
24 35
179 162
8 68
129 149
65 54
82 73
135 24
4 72
88 14
11 29
63 73
182 176
184 84
94 47
40 171
38 56
133 155
7 150
183 107
6 3
191 22
117 27
37 82
71 58
192 77
76 110
23 107
189 117
81 54
151 81
156 3
138 17
81 82
36 95
24 55
143 54
21 53
55 43
192 52
203 87
12 178
188 62
201 118
47 11
66 147
87 69
4 79
114 85
196 84
13 100
54 71
57 181
179 4
178 43
93 145
1 35
29 200
24 15
20 199
120 4
101 156
42 20
131 25
101 30
21 182
53 176
76 1
95 5
0 118
92 72
106 146
155 96
102 174
202 202
169 12
149 94
56 113
175 86
185 85
71 37
140 111
4 130
70 69
64 175
40 71
15 163
92 76
5 152
71 27
124 57
42 202
83 113
15 176
55 202
6 172
84 174
144 125
158 180
63 153
84 56
199 172
127 161
93 2
188 196
193 99
96 88
144 58
49 96
131 74
1 126
154 49
112 79
203 71
52 167
144 43
106 154
31 48
15 19
67 40
118 29
81 138
36 152
117 56
181 20
203 85
47 146
87 139
151 33
98 131
176 152
175 89
77 80
191 185
190 44
45 11
180 175
152 176
29 77
133 4
102 52
197 43
24 9
52 129
22 5
12 139
63 159
57 203
43 51
9 100
176 156
50 188
154 20
154 28
129 116
137 58
195 60
146 94
120 84
53 107
7 9
113 115
201 99
32 76
95 163
143 117
201 184
20 32
26 163
114 164
149 174
188 88
48 75
0 4
51 147
79 30
173 160
88 59
109 171
39 169
137 34
69 134
17 176
5 179
156 42
22 148
178 145
154 157
9 66
142 46
16 69
195 167
22 157
193 11
175 140
142 141
35 181
110 85
132 91
88 12
109 52
44 179
90 76
163 4
155 141
139 152
122 197
203 25
147 2
135 150
127 80
112 133
32 86
78 109
162 186
60 171
34 145
200 178
86 161
38 87
30 103
183 191
18 90
29 101
47 148
127 14
62 97
28 88
110 38
140 8
18 86
79 68
99 9
103 147
104 37
109 149
193 135
130 100
171 18
28 183
99 48
26 5
140 167
163 10
51 168
9 80
35 106
194 0
21 51
66 199
154 24
187 202
106 34
114 80
59 112
198 68
53 136
128 124
119 114
129 58
159 109
101 168
71 131
53 156
177 84
124 125
58 113
72 62
90 180
183 172
182 18
70 51
168 71
89 132
126 16
197 117
116 22
50 58
189 186
59 90
166 186
78 118
142 56
38 139
65 116
103 183
4 2
36 24
7 117
113 20
161 134
24 37
25 135
48 161
80 161
100 155
63 71
31 59
183 62
100 138
29 166
0 194
120 139
138 183
16 75
102 32
140 177
97 168
113 190
73 58
57 55
119 112
155 105
54 170
201 82
122 68
139 150
202 101
48 81
112 52
112 62
170 140
162 180
75 132
174 153
99 74
132 128
122 140
44 121
146 44
47 107
39 6
197 34
175 44
115 146
187 131
98 184
171 90
141 132
29 192
161 167
125 107
146 193
115 123
71 188
72 87
170 198
71 102
198 1
160 128
167 201
80 151
188 60
201 189
133 127
197 28
92 99
21 81
105 4
76 112
95 160
167 160
121 199
76 194
47 52
65 192
149 15
20 149
139 25
145 3
201 84
88 143
7 189
127 172
118 23
99 186
189 182
47 137
182 156
166 71
79 48
152 0
192 103
119 156
32 95
190 61
160 73
41 66
123 65
72 13
176 189
191 43
52 97
195 12
199 9
58 162
61 112
8 15
28 163
8 76
109 67
117 33
157 40
123 70
81 21
150 13
130 44
118 192
146 136
96 50
96 48
202 178
91 113
46 76
104 65
48 41
151 95
5 8
100 93
66 37
160 119
185 26
191 187
182 97
151 171
129 82
131 27
195 188
59 103
166 181
181 160
77 30
73 96
99 81
137 75
126 122
164 46
23 64
148 45
113 124
6 71
134 202
195 161
129 94
104 85
15 10
19 122
23 184
130 75
20 69
89 42
152 58
67 117
96 55
113 83
138 185
106 185
85 102
112 161
29 20
105 76
17 100
90 111
170 6
169 51
135 154
17 84
189 3
161 27
203 89
170 75
146 142
160 136
125 191
30 173
15 41
32 162
152 149
30 56
74 130
151 203
177 147
36 126
12 17
81 171
139 198
165 80
70 14
30 76
70 157
98 32
8 28
47 55
70 115
0 2
18 127
17 131
100 95
102 73
132 75
139 7
193 46
158 188
102 186
160 76
95 139
17 42
7 110
98 196
179 57
72 163
67 76
170 134
3 123
176 145
15 169
76 119
181 157
188 126
127 152
201 111
115 41
19 143
98 55
28 198
55 178
142 58
199 113
10 198
41 167
10 160
163 29
202 146
187 98
141 197
75 76
183 51
158 86
82 76
192 101
7 119
131 199
136 117
61 183
104 185
193 13
74 9
155 166
127 176
72 9
83 58
114 103
57 168
44 150
36 195
91 119
197 23
112 152
115 57
175 46
28 1
32 174
129 171
41 163
133 74
168 56
11 57
159 64
91 132
87 103
94 4
81 46
19 39
30 30
27 127
12 31
167 36
96 42
58 88
88 198
195 200
201 71
52 109
42 178
123 191
185 132
79 88
85 112
45 136
168 16
180 74
176 104
103 101
57 103
50 45
155 134
81 201
31 23
75 42
134 99
117 162
18 92
71 113
111 113
60 8
144 148
110 8
151 154
97 166
89 1
17 44
27 155
4 55
102 26
117 109
140 46
171 141
202 132
164 56
80 56
105 128
70 81
162 171
110 21
0 17
142 39
137 10
28 202
76 97
78 136
107 98
183 59
144 62
18 60
118 31
170 112
93 65
78 67
166 89
137 147
203 102
141 201
64 98
33 64
59 82
132 160
152 82
144 119
63 9
52 9
25 141
48 150
63 129
162 9
68 61
1 151
7 195
41 97
125 52
128 170
106 134
61 4
29 143
199 139
187 137
33 200
5 155
128 135
63 53
12 91
97 82
186 16
173 3
128 133
144 145
172 152
148 24
73 64
63 65
147 97
52 193
119 57
188 148
107 155
111 124
134 142
97 187
177 110
127 204
201 69
112 170
144 114
180 65
80 29
99 100
113 42
173 65
197 188
152 146
34 148
132 170
31 110
168 14
138 167
97 52
61 6
18 136
192 159
117 41
137 149
96 30
19 103
174 204
8 55
201 49
52 195
8 141
139 14
142 16
169 69
102 50
112 139
41 137
3 70
182 199
86 66
178 141
8 46
106 61
203 166
13 9
188 179
21 63
164 88
37 156
176 79
62 21
25 73
92 67
171 35
150 38
112 118
117 111
23 73
20 128
173 118
108 197
121 3
165 5
117 2
155 51
161 101
73 128
171 2
186 130
199 41
20 95
199 108
8 13
89 17
199 0
84 160
8 152
25 42
34 117
45 7
67 121
131 117
119 110
185 135
12 158
203 119
8 198
76 182
13 16
110 43
39 99
122 126
195 63
98 174
80 159
91 21
78 195
42 2
170 171
186 168
115 2
104 2
21 136
72 29
124 80
34 96
2 77
185 51
96 150
76 192
23 42
9 150
85 9
33 10
175 77
166 98
11 42
127 82
19 41
90 158
90 22
64 203
10 142
72 174
165 42
10 36
29 95
53 130
149 50
164 152
10 136
159 72
177 30
57 94
149 2
128 86
140 12
171 143
88 162
179 89
175 30
135 127
97 0
102 117
21 100
33 28
41 172
160 58
194 76
19 93
17 9
149 123
54 8
7 143
15 53
48 166
114 122
130 46
94 88
201 47
44 119
72 55
28 196
197 138
11 156
91 195
57 191
112 49
91 150
50 123
58 71
160 9
6 181
3 20
89 150
5 22
153 163
136 125
49 94
1 0
124 101
186 126
55 16
63 55
151 63
132 142
11 87
64 199
130 159
21 23
9 127
204 116
51 113
8 109
153 182
113 101
26 191
92 144
151 37
8 11
165 192
91 78
91 37
15 109
89 74
195 142
86 180
126 33
115 43
35 175
198 97
90 166
58 92
94 23
166 64
10 79
80 163
85 128
163 45
190 5
49 49
79 134
60 92
55 122
116 144
130 190
11 108
45 51
62 171
22 102
36 193
24 171
6 93
57 85
71 80
54 68
159 115
122 176
123 178
36 63
180 192
172 197
190 76
3 149
184 189
163 60
135 119
68 157
92 128
83 32
168 75
40 25
23 123
100 28
161 77
113 127
138 165
102 12
171 111
2 153
173 173
182 174
202 61
76 91
51 122
7 128
8 87
100 109
121 70
39 134
159 135
188 124
157 109
64 125
143 87
0 143
149 63
82 184
187 183
141 160
175 197
81 88
83 102
190 62
17 24
147 4
164 135
51 96
178 164
149 26
25 193
186 121
162 57
129 9
164 37
19 182
105 183
188 129
164 170
171 4
68 78
25 156
38 185
196 6
28 141
80 63
109 65
194 139
141 203
104 171
124 157
175 134
111 199
150 100
150 107
171 119
194 84
82 152
176 88
175 98
105 99
62 13
28 168
6 62
176 35
109 107
159 153
34 70
1 133
186 52
24 111
33 119
114 180
37 168
177 86
32 189
40 195
70 162
75 7
141 181
96 195
168 130
120 49
67 95
19 201
166 190
188 169
90 34
41 33
17 7
194 125
153 11
161 193
83 18
57 42
163 7
132 77
102 34
139 16
66 122
191 13
173 96
66 83
145 78
51 61
9 196
140 169
157 70
45 191
43 137
140 28
158 3
146 168
60 162
39 48
192 157
97 183
158 91
57 111
44 107
146 151
75 67
36 108
160 86
177 171
154 83
79 36
190 147
119 196
139 101
113 146
161 155
15 21
151 26
149 68
202 150
144 141
31 108
10 163
169 37
86 196
63 201
181 147
132 89
126 39
150 9
133 86
183 86
112 85
162 111
198 87
84 84
57 34
137 115
190 144
75 138
24 17
140 38
10 183
114 69
203 155
199 127
158 118
101 89
163 201
69 18
86 182
164 190
186 105
94 55
97 57
151 22
149 102
180 179
0 192
193 38
200 73
109 95
32 41
20 67
79 20
41 49
176 125
191 118
74 105
3 155
162 2
89 203
153 148
151 156
204 62
166 105
39 32
64 102
134 88
49 56
73 11
128 23
130 183
104 158
173 201
39 89
67 119
188 135
87 105
31 65
171 88
68 52
153 76
31 19
85 44
88 98
203 43
18 64
88 26
111 190
70 83
58 46
133 175
194 87
91 172
96 92
68 194
155 7
59 20
144 182
99 202
39 30
94 168
124 33
118 15
93 124
156 111
84 51
122 84
91 9
138 71
55 94
77 132
32 137
120 166
157 182
102 20
72 106
105 78
38 80
33 84
116 150
110 79
94 49
70 174
109 87
121 120
44 20
187 64
18 3
80 193
178 143
193 188
52 21
79 132
72 201
108 190
126 5
122 50
49 11
109 102
14 113
101 101
151 178
20 121
142 24
135 193
87 146
169 35
106 180
52 120
125 104
182 192
93 129
6 141
46 9
187 84
192 40
65 104
136 23
1 117
103 87
143 68
74 54
128 200
169 125
52 174
22 40
33 133
82 162
171 170
142 153
143 115
173 122
64 158
61 158
179 45
87 41
37 191
73 79
99 190
72 39
13 160
152 29
43 11
15 104
43 168
204 178
17 94
72 172
183 135
36 115
65 52
44 76
54 159
204 168
48 71
62 124
115 97
48 9
110 70
37 182
112 181
17 192
15 6
167 69
158 127
105 54
10 92
5 126
137 5
53 34
36 39
91 69
22 192
131 102
10 187
102 155
7 64
7 62
73 120
181 57
145 188
0 141
38 125
