159 62
2 141
156 185
147 86
40 138
188 146
91 2
78 6
29 70
66 0
2 102
126 163
142 69
114 77
36 22
176 28
12 5
55 41
16 0
11 80
56 26
123 134
77 200
110 5
60 41
161 194
71 181
84 162
129 199
12 112
149 173
29 95
91 189
64 10
67 191
59 169
170 124
168 146
107 12
125 0
26 108
39 173
152 121
113 163
115 183
82 110
179 4
126 148
16 17
106 168
141 1
56 180
20 153
196 66
192 155
147 76
152 35
65 2
140 70
41 170
49 148
30 119
199 99
113 119
73 41
62 67
110 108
63 39
201 43
172 89
185 97
90 134
149 105
194 40
157 120
30 60
143 176
112 22
201 201
129 102
99 204
18 50
177 111
181 75
108 96
102 193
145 184
64 37
176 162
102 29
170 182
40 154
102 62
124 23
75 145
172 0
149 56
30 31
155 32
99 56
139 35
92 105
83 52
83 82
158 138
63 35
182 200
171 173
99 67
32 110
199 60
148 96
74 88
109 32
204 12
104 117
155 90
93 42
185 37
20 151
179 147
18 22
126 178
149 197
157 62
78 89
121 65
92 7
182 8
93 131
96 191
1 123
40 183
8 177
124 144
47 42
0 24
6 66
22 129
32 118
174 77
105 186
91 74
38 36
74 74
146 186
50 20
41 109
181 155
73 43
92 44
9 129
71 175
150 16
136 93
72 196
102 75
140 68
20 135
0 84
192 2
59 151
35 17
14 87
71 53
44 140
74 24
185 169
15 4
98 170
95 149
92 118
107 77
17 40
120 129
170 163
142 117
66 7
5 70
136 87
27 13
64 173
111 181
140 60
185 60
186 203
161 11
140 57
20 126
44 104
113 102
99 111
44 49
151 69
64 137
198 159
188 86
39 164
125 2
90 26
43 126
74 90
155 126
37 89
101 148
34 9
69 97
1 53
109 135
94 138
4 23
23 56
60 150
98 172
197 165
57 152
94 140
202 109
50 110
120 32
75 64
144 168
57 18
110 68
157 179
15 102
37 95
55 169
126 50
119 122
17 128
37 83
180 78
25 41
14 18
173 10
154 165
87 43
115 71
106 156
70 11
89 199
97 53
15 52
22 31
130 94
59 60
116 19
47 84
57 201
166 164
48 2
165 35
41 194
110 154
171 132
189 20
142 30
88 180
139 200
39 194
6 61
178 204
141 155
50 99
151 24
130 134
174 103
121 94
44 87
104 40
196 68
201 129
29 85
184 22
112 109
142 113
168 81
126 143
186 19
175 134
36 87
46 111
77 168
10 41
167 162
126 101
66 202
22 159
10 185
110 87
179 76
180 35
160 2
24 167
116 77
131 79
152 143
95 86
111 125
86 144
114 58
151 133
48 175
128 41
89 103
192 174
163 144
92 22
38 156
20 169
85 100
19 96
167 74
198 203
88 151
129 174
74 136
56 92
202 195
133 72
34 191
164 186
159 144
182 192
97 10
48 53
2 33
117 40
80 6
65 178
111 101
196 117
86 151
145 32
119 146
184 190
48 113
158 178
99 73
60 21
49 59
47 40
46 86
186 15
129 176
98 49
14 170
144 31
5 128
59 153
155 48
143 188
103 118
183 10
192 127
172 104
50 191
69 115
34 182
121 123
144 150
193 151
200 150
150 131
72 165
100 13
17 138
168 124
159 77
17 122
11 128
0 86
197 7
143 2
126 42
23 13
141 88
52 67
158 193
15 32
3 0
3 45
29 22
51 16
103 122
194 75
20 63
45 189
144 53
126 21
157 85
72 140
126 68
30 57
92 116
46 121
11 13
175 132
139 37
173 67
181 50
39 34
109 187
89 190
192 204
167 184
143 164
82 65
50 176
21 201
109 152
3 63
52 179
61 23
70 59
127 34
121 137
67 61
40 203
22 168
65 189
179 154
69 19
200 36
52 59
1 163
96 169
148 104
61 54
32 202
132 172
154 155
133 41
68 141
142 149
45 74
203 188
65 117
178 175
107 179
43 103
107 169
192 137
59 192
54 123
115 10
120 168
28 192
152 128
53 174
52 170
158 166
166 170
77 36
36 183
44 74
196 164
16 156
88 146
91 94
203 117
177 128
77 32
114 144
121 67
90 35
141 86
99 109
186 156
188 171
125 111
46 158
156 41
48 61
58 62
200 131
165 49
28 199
57 90
176 35
50 27
137 163
84 77
153 20
187 24
189 69
87 196
118 41
71 138
42 48
44 72
189 128
163 62
65 24
120 185
36 57
9 16
104 100
65 127
194 42
166 125
109 34
26 89
74 107
171 193
119 164
180 161
62 5
79 19
142 61
46 105
200 62
23 155
195 7
53 122
199 38
32 93
121 83
168 104
100 131
69 27
90 12
13 102
4 95
190 11
35 26
54 34
190 156
42 203
101 185
161 152
155 81
192 139
150 195
115 75
137 73
194 44
154 26
153 47
146 151
106 200
117 196
166 100
173 1
19 43
134 119
117 88
50 144
134 117
78 4
124 137
160 192
111 50
135 15
130 180
175 66
128 74
43 8
92 163
75 176
41 125
107 128
25 4
39 167
109 163
59 94
23 49
78 176
46 144
178 35
77 42
61 39
43 170
190 160
26 17
12 40
182 71
51 58
142 189
77 87
37 113
7 172
24 158
27 68
149 120
42 166
31 160
104 49
51 18
70 198
127 156
32 12
163 127
71 67
55 134
188 78
14 22
77 188
18 145
188 167
186 93
95 204
128 143
192 106
184 122
192 87
34 134
22 54
102 85
108 31
175 33
40 65
4 4
124 104
23 15
136 142
126 154
105 17
164 2
51 172
20 148
141 188
125 81
148 106
53 45
90 105
61 82
199 84
74 5
33 108
97 203
15 88
95 32
87 153
71 179
64 48
5 157
120 90
82 200
26 55
95 90
146 88
155 173
62 151
17 89
202 151
117 113
94 115
131 71
145 85
179 9
30 115
35 7
98 93
185 128
81 4
50 40
148 63
74 40
86 54
46 49
69 67
34 157
178 98
98 69
78 131
43 128
148 77
181 10
41 31
115 139
194 5
203 193
140 151
56 33
39 58
120 28
12 161
92 201
63 177
144 40
130 201
175 111
122 184
77 138
4 58
136 140
202 164
24 39
23 7
99 11
89 68
184 25
87 124
124 148
137 49
44 52
177 88
71 164
69 155
43 197
100 194
186 114
110 201
56 131
103 67
74 62
18 24
11 39
160 163
3 149
175 191
180 98
186 66
133 109
192 23
68 113
63 126
49 168
42 129
180 183
16 148
83 23
121 109
84 110
1 19
60 70
171 50
129 43
159 42
118 198
56 0
49 160
175 136
35 178
73 187
157 6
17 26
49 10
69 189
150 11
6 16
56 123
178 7
119 170
57 179
59 32
22 121
178 190
73 176
171 121
67 54
13 110
20 114
75 163
102 146
160 111
166 161
62 37
169 193
120 72
155 94
140 131
17 38
122 92
116 12
158 83
106 60
35 41
28 122
37 25
52 43
165 85
168 68
177 24
193 183
24 2
143 66
124 55
192 4
197 140
70 77
123 15
15 7
115 20
85 52
10 112
198 40
202 63
113 130
96 58
8 136
200 128
28 155
103 33
61 153
134 90
112 24
59 30
10 195
15 86
55 53
136 4
137 15
39 185
160 84
35 113
109 147
114 132
30 53
200 109
180 117
64 139
98 133
58 42
3 97
31 42
66 94
81 186
29 147
3 34
84 75
192 55
164 111
148 94
140 199
12 35
109 77
183 186
72 180
202 51
33 26
71 104
55 68
201 73
128 43
5 118
45 123
144 186
78 16
134 129
92 114
44 113
43 41
22 198
125 31
102 171
168 17
136 185
52 195
24 194
122 73
48 4
127 110
6 188
144 144
30 202
94 63
162 168
77 7
14 108
140 17
79 144
112 35
89 96
22 28
183 72
79 82
138 8
182 17
185 146
180 6
132 87
132 107
74 170
184 171
64 0
196 21
39 201
51 127
169 74
176 109
161 198
38 171
112 69
22 134
78 29
123 110
170 56
181 48
170 105
140 141
118 194
64 123
88 37
125 36
122 138
161 35
17 158
105 131
58 196
43 79
1 165
132 201
120 92
111 43
100 146
142 168
190 42
134 32
190 107
197 107
82 93
104 124
183 48
55 103
126 23
155 96
157 176
124 133
150 129
168 191
27 21
123 126
166 14
190 158
88 182
13 156
56 161
201 148
70 140
153 13
169 199
61 200
161 120
30 164
20 159
12 79
95 147
136 21
183 50
79 138
2 21
175 121
168 56
110 189
139 104
29 194
81 150
107 85
183 158
150 79
23 136
6 48
38 60
194 65
130 59
36 146
181 33
197 197
16 193
114 4
60 139
187 116
141 128
101 47
50 150
174 45
2 24
85 173
49 112
137 194
51 166
187 166
173 50
177 154
85 31
111 164
200 16
150 204
70 83
43 6
56 83
116 44
14 195
83 112
128 50
2 59
201 57
151 174
48 109
108 162
87 188
4 125
104 181
53 17
99 38
125 191
57 48
46 149
100 20
0 28
30 78
162 137
138 24
88 47
36 122
60 111
198 174
58 123
76 115
93 6
90 201
169 120
174 27
172 26
51 41
191 115
73 121
159 35
112 189
120 30
114 175
158 92
37 117
94 65
60 141
178 41
63 12
148 102
135 19
83 183
175 175
89 72
28 120
126 136
12 32
63 181
54 26
28 30
71 91
198 95
175 62
59 83
107 88
146 131
111 63
195 165
114 129
169 142
71 19
101 197
142 179
27 42
103 133
20 51
175 68
43 14
40 56
175 164
155 18
133 187
36 120
114 62
176 26
175 64
75 149
108 105
111 20
161 20
19 115
178 77
142 90
135 113
80 34
150 67
162 91
126 145
55 24
1 169
161 29
133 65
129 166
24 115
74 147
27 70
3 36
142 161
118 27
73 151
70 101
113 10
52 105
73 117
87 150
46 3
68 148
182 185
134 172
185 148
165 13
142 67
94 117
90 183
144 106
145 77
67 63
102 90
93 162
31 130
74 172
16 173
182 23
68 147
87 52
95 11
177 126
15 94
175 155
107 51
38 96
173 135
159 152
102 120
171 161
175 96
195 32
33 199
120 194
2 96
81 157
128 162
101 98
187 133
142 151
144 29
191 153
170 103
176 60
187 53
141 48
111 65
133 143
181 181
20 184
89 197
54 145
161 145
151 58
180 17
139 165
128 190
86 163
41 6
146 140
49 122
13 118
43 105
142 65
193 119
51 76
102 87
52 15
151 46
202 180
197 85
125 103
90 33
44 172
33 21
6 176
92 133
30 117
40 199
31 84
11 110
148 10
87 142
194 22
115 26
114 48
142 124
198 36
24 192
53 178
160 153
49 189
122 5
121 156
104 126
88 148
18 68
97 98
53 158
200 181
164 45
199 30
173 120
76 89
109 170
197 98
177 183
187 95
159 194
103 36
76 3
58 163
154 204
125 54
73 77
138 161
36 42
37 6
167 79
72 69
113 125
106 137
5 65
106 86
194 96
197 184
78 20
183 198
47 77
38 62
17 60
78 158
119 3
78 115
90 170
90 121
76 106
192 6
171 153
106 130
179 163
131 44
146 92
115 100
200 179
2 143
204 16
23 47
173 94
192 45
49 146
156 83
154 11
23 181
165 188
104 42
130 61
42 18
197 172
10 33
120 141
193 129
80 119
186 99
62 198
173 172
8 170
58 110
113 63
185 134
176 74
119 181
82 202
37 40
14 177
15 68
46 135
97 152
197 93
83 78
8 188
30 12
21 203
11 193
81 84
125 146
141 103
50 120
112 18
70 166
2 38
32 14
164 99
119 82
204 80
86 10
17 74
118 183
199 148
89 63
103 64
40 166
78 126
85 56
190 181
28 54
37 38
111 199
202 53
18 142
151 56
77 110
156 92
53 41
100 140
34 109
122 52
161 69
134 76
88 99
95 56
60 47
56 182
94 7
140 162
155 181
56 71
97 148
155 84
16 51
136 120
153 74
112 6
70 89
144 166
199 101
154 76
97 17
46 53
86 189
157 113
143 64
166 203
10 35
49 76
190 26
158 163
91 42
47 189
89 24
184 70
16 65
60 62
131 182
62 70
195 128
37 119
70 142
188 22
93 85
1 79
4 32
203 162
67 200
17 140
173 112
3 54
32 82
153 80
201 172
166 144
45 42
56 120
169 144
100 165
157 174
148 100
194 104
28 102
24 113
89 187
126 125
50 33
34 30
116 175
165 21
135 101
66 77
50 12
197 32
10 55
48 88
22 170
115 24
61 19
185 94
192 47
87 172
143 162
190 197
25 48
45 138
73 161
192 99
101 201
19 75
196 95
39 126
93 97
129 26
34 11
7 174
33 94
170 170
159 19
162 54
90 165
136 153
173 88
57 52
161 55
135 125
150 48
57 54
128 5
55 152
132 67
7 201
98 100
38 196
125 155
74 100
111 71
161 63
136 74
57 154
103 179
2 129
195 102
202 83
22 66
66 158
191 85
24 179
157 133
188 65
113 60
114 98
180 55
153 31
9 77
136 181
62 112
67 188
156 9
54 104
103 128
88 122
50 181
29 87
16 146
24 109
131 193
10 15
122 136
82 159
79 23
135 183
198 179
130 109
201 133
91 191
189 165
6 4
133 200
79 43
147 68
78 201
162 59
77 146
82 87
185 0
165 201
13 93
42 12
147 173
90 28
163 27
14 155
175 123
41 107
109 72
177 92
95 202
118 90
34 115
143 112
168 168
193 56
76 9
187 128
43 136
147 187
172 199
132 93
150 121
111 84
180 193
117 166
73 138
33 47
25 7
71 60
181 73
31 22
141 123
187 147
18 120
81 15
77 134
40 95
198 22
91 184
21 24
115 17
159 113
137 199
64 66
168 182
126 161
86 192
151 106
191 101
112 76
185 33
16 104
54 132
7 96
89 9
202 15
57 121
58 105
26 142
45 156
32 30
107 187
149 109
61 190
78 18
197 127
173 5
9 117
128 91
169 80
59 203
118 168
65 9
9 90
4 93
168 64
198 137
63 100
96 173
41 50
138 169
204 52
36 155
185 124
103 98
24 183
159 70
94 164
82 74
6 21
186 77
131 157
32 56
55 51
196 31
100 107
164 101
96 189
81 36
112 49
65 100
144 180
14 47
83 187
40 72
106 135
129 192
32 147
108 153
33 130
109 79
26 34
176 32
70 200
121 196
145 67
159 125
154 110
9 186
146 90
12 14
124 131
38 66
82 80
194 78
141 157
76 130
13 127
22 180
5 97
135 47
104 46
32 187
123 86
160 115
41 179
167 41
134 39
56 87
59 64
124 52
195 189
127 32
52 81
126 184
135 200
138 5
34 28
32 191
18 184
84 58
49 83
110 52
164 192
19 70
204 146
103 159
31 136
136 32
204 78
112 173
176 142
32 116
3 117
46 72
10 165
89 136
128 151
90 155
80 94
127 48
103 73
194 31
80 196
186 31
163 103
19 102
139 47
72 90
51 83
162 37
91 85
17 194
126 88
146 105
90 19
84 88
165 4
81 8
132 60
161 143
37 85
147 139
123 106
56 133
188 181
47 156
81 164
55 157
108 110
196 155
29 28
89 130
36 37
137 151
10 76
72 148
100 191
90 4
71 78
117 155
21 42
145 0
98 150
133 101
101 203
199 191
82 189
129 161
90 61
78 119
161 200
60 183
35 20
26 71
128 180
194 198
2 151
106 96
156 103
99 163
178 75
203 54
9 37
126 150
177 131
12 136
93 21
124 198
109 104
66 156
47 73
127 182
123 3
112 0
106 16
78 38
108 107
76 178
180 8
111 150
152 200
22 127
173 154
177 174
137 47
151 164
97 80
146 180
34 22
48 86
134 131
58 131
12 19
59 201
173 176
104 0
192 21
201 59
29 203
73 115
167 12
194 153
176 204
125 25
68 143
4 48
80 131
76 34
62 175
27 53
18 186
181 19
167 199
57 24
71 132
108 53
9 97
91 96
130 92
87 56
72 108
199 129
125 86
158 161
142 201
27 167
9 119
141 159
37 121
61 202
25 87
195 183
19 129
53 94
137 116
13 116
81 18
34 64
23 151
173 43
79 117
121 126
14 100
8 47
144 51
117 21
122 119
182 63
74 69
77 170
97 38
144 38
78 34
26 102
179 110
135 198
26 121
179 181
84 86
127 7
60 181
52 31
95 38
14 173
64 7
72 23
104 157
188 19
114 96
5 172
117 192
114 89
130 189
39 198
144 89
38 115
136 196
49 84
0 102
9 163
69 54
148 171
151 119
168 180
199 15
151 104
54 66
76 190
159 146
114 22
72 17
168 170
76 17
163 13
5 74
84 181
5 44
193 48
111 34
13 163
103 28
113 26
149 58
90 70
167 10
11 27
127 158
115 116
123 1
4 141
22 115
27 161
8 89
29 109
128 116
35 85
115 87
154 33
103 47
150 148
89 154
161 8
31 171
56 156
156 164
48 158
115 60
163 188
22 113
173 41
153 133
62 41
188 156
119 108
141 133
181 178
163 35
172 162
29 161
153 126
63 23
31 149
70 79
100 171
112 154
125 126
196 88
175 146
48 144
202 13
150 176
18 20
163 55
61 9
41 135
150 70
201 154
58 120
80 136
17 72
23 79
36 46
82 195
58 86
195 140
168 66
167 90
74 119
145 122
124 135
70 148
184 35
177 202
90 78
16 46
188 26
37 172
174 12
16 170
3 200
6 108
158 60
165 91
129 100
66 123
7 98
112 107
13 7
4 60
30 170
92 4
35 15
123 121
152 9
138 69
199 119
169 118
41 104
0 5
176 192
31 46
117 164
140 55
45 106
50 97
60 72
125 177
110 172
53 134
46 26
114 0
134 66
99 31
55 173
201 111
42 181
19 73
92 122
144 55
185 155
73 25
29 66
134 17
166 34
85 171
164 150
105 172
179 200
168 175
195 118
96 171
160 31
7 129
88 61
32 140
181 201
136 192
141 44
51 26
96 19
2 118
75 188
75 151
59 54
36 9
175 102
27 7
76 127
20 185
179 49
179 202
65 201
160 40
141 175
159 134
34 176
164 93
190 86
165 55
124 184
135 55
201 55
169 186
196 0
144 79
156 162
5 200
143 122
73 60
81 20
26 154
179 165
21 167
66 53
10 88
174 163
68 192
181 61
89 15
131 170
38 138
2 125
79 17
193 140
0 155
103 76
25 45
102 13
82 181
84 54
140 25
143 178
118 129
44 18
22 185
74 178
111 4
164 202
129 60
54 32
79 199
142 97
110 145
104 145
184 199
1 37
199 40
117 145
80 90
19 79
188 67
196 41
76 5
201 192
184 175
65 191
98 71
175 127
168 32
60 11
148 26
79 45
35 48
13 175
149 46
73 168
162 154
34 124
0 162
53 24
100 169
54 180
44 47
50 14
92 170
63 179
115 165
147 193
24 138
24 5
87 9
122 182
12 114
54 120
37 179
49 142
186 107
84 65
86 46
66 167
141 99
114 117
175 42
162 135
8 125
35 192
115 56
52 145
187 21
21 78
12 106
48 27
177 8
115 114
109 191
142 28
143 119
67 39
119 127
89 93
92 112
103 172
129 73
105 48
87 24
60 65
7 193
20 65
104 120
162 25
115 191
19 25
123 196
118 185
100 75
10 158
34 68
195 77
92 120
18 160
53 169
140 40
140 27
186 35
146 145
190 149
46 28
163 89
127 85
50 46
97 86
161 75
88 134
102 46
18 52
41 152
37 8
167 85
76 99
168 106
112 145
132 203
114 141
117 182
4 43
59 49
199 202
113 71
18 62
75 129
7 91
60 85
126 134
94 19
128 202
154 92
41 77
96 164
75 22
21 116
180 109
30 74
154 147
195 197
71 186
24 134
199 58
138 181
168 131
55 140
167 49
134 176
37 133
128 62
153 24
136 53
88 35
117 17
199 44
3 202
66 74
10 137
105 88
196 195
106 14
93 95
0 60
198 117
171 168
10 189
33 149
54 92
139 10
68 122
35 154
14 20
83 21
25 181
55 167
56 163
47 139
21 123
98 164
56 105
136 8
134 181
54 70
30 83
104 168
107 198
61 7
108 200
98 138
157 135
16 195
72 56
63 190
185 105
55 154
140 14
105 51
132 25
107 132
7 74
174 198
11 130
73 104
142 166
174 98
67 145
196 86
98 29
142 121
133 103
125 159
144 60
36 65
116 0
190 105
150 22
10 191
97 185
99 182
161 116
169 122
154 115
12 134
141 10
197 170
144 189
91 130
182 56
29 42
151 1
94 40
186 170
75 1
113 2
108 112
128 178
52 13
195 94
51 194
55 5
140 3
163 20
32 134
18 196
123 17
155 30
74 153
194 20
14 2
71 25
165 110
16 120
200 107
164 138
66 119
119 74
177 1
111 203
110 110
179 156
167 142
60 99
42 68
198 181
44 152
36 84
7 85
20 180
17 67
149 65
177 44
156 50
158 111
154 128
151 7
23 4
53 7
135 186
64 154
61 164
86 126
84 103
83 67
191 83
196 100
198 115
157 195
162 118
27 87
25 12
137 35
94 122
136 91
157 19
133 159
48 191
75 161
115 91
102 108
35 105
62 11
196 160
190 84
186 9
12 81
65 159
124 69
28 19
150 76
43 43
138 141
20 77
28 72
188 76
93 87
204 14
145 87
183 33
63 105
193 7
71 106
145 63
138 186
42 73
6 54
27 85
201 142
113 203
187 70
148 195
200 96
104 19
193 169
192 14
76 144
18 18
156 155
135 64
70 103
127 108
47 160
182 99
187 33
84 10
125 39
190 71
29 47
108 146
10 99
75 98
157 172
186 137
175 194
98 192
117 115
140 149
72 167
174 131
105 36
87 95
175 10
116 15
203 48
141 101
98 91
81 133
50 8
191 183
22 125
150 97
13 42
125 48
188 106
27 100
144 202
178 79
101 9
134 92
84 202
156 187
62 138
102 117
36 44
153 145
193 58
176 130
63 34
127 102
96 40
117 147
150 155
76 136
30 33
77 47
117 169
185 116
136 25
6 84
9 193
81 92
52 46
165 42
185 17
160 37
127 25
26 36
120 183
32 164
176 90
102 195
79 157
45 88
201 156
148 132
97 175
161 61
27 165
164 154
18 198
153 111
110 45
49 174
37 174
97 73
166 87
61 84
56 22
128 109
42 150
8 92
184 9
83 173
150 178
157 152
50 196
141 111
197 190
101 63
202 28
4 46
31 189
92 182
4 176
172 191
166 159
199 106
26 169
166 182
15 172
61 80
9 111
167 55
5 0
204 164
77 45
64 121
72 198
139 100
14 119
57 129
86 104
78 193
75 96
152 166
42 195
159 117
73 67
90 44
150 157
167 98
105 2
203 59
58 194
161 22
111 47
32 200
195 47
54 138
62 160
0 125
10 162
139 163
114 8
87 45
160 196
111 147
193 63
196 167
132 130
161 109
15 139
156 153
85 82
88 120
128 164
184 157
200 45
54 204
108 134
13 31
99 176
143 85
114 179
89 98
0 88
56 16
40 87
10 139
192 172
33 174
30 162
74 65
18 147
105 179
196 157
174 161
166 81
6 87
102 65
87 191
141 119
129 114
36 124
42 88
199 34
58 33
89 20
129 84
129 48
46 113
203 190
56 194
79 146
62 140
41 127
26 15
136 34
170 126
151 102
154 9
124 88
79 8
5 174
193 189
189 24
68 62
65 35
102 26
20 145
112 8
28 83
29 140
42 65
199 141
186 79
3 198
200 14
190 89
142 52
65 39
85 67
91 24
75 44
6 95
4 6
198 156
66 137
155 113
84 80
88 138
75 117
175 202
30 18
136 17
180 63
153 202
165 103
18 66
89 163
71 16
124 41
173 63
177 3
141 71
146 41
148 130
123 67
76 69
197 83
125 109
51 111
43 201
5 202
90 151
37 58
202 91
21 80
175 173
177 22
182 35
21 26
37 97
152 78
70 196
170 16
73 3
29 52
200 53
149 193
153 90
39 136
185 24
81 56
43 123
3 153
45 78
100 7
89 171
164 183
99 148
183 37
73 22
153 18
104 26
203 3
105 62
134 185
116 167
69 39
111 9
55 106
38 64
101 122
92 47
133 183
129 7
152 39
160 71
83 171
33 13
204 133
104 129
165 184
109 97
53 172
105 67
170 191
102 169
71 136
164 171
177 176
29 149
162 150
16 2
57 60
170 25
150 55
92 168
11 140
24 36
178 162
6 68
128 149
64 54
84 73
134 24
3 73
88 13
11 29
62 73
182 176
184 84
94 46
40 171
38 56
133 156
5 149
183 106
5 2
190 22
117 28
36 82
72 58
192 78
76 108
24 107
189 117
82 54
151 80
157 4
138 17
81 82
35 96
24 55
142 54
21 52
54 43
193 54
203 87
12 177
188 63
201 119
46 11
66 147
87 68
3 78
113 87
195 84
12 100
54 72
58 181
178 5
179 43
94 146
1 35
30 200
25 14
20 199
120 5
102 157
40 20
131 26
101 31
21 181
52 176
77 2
95 6
0 118
91 72
106 146
153 95
101 173
201 203
168 11
150 95
54 112
175 86
186 85
71 38
139 112
5 130
70 69
64 175
42 71
15 164
92 75
4 151
71 27
124 57
41 201
84 113
15 175
55 202
6 170
85 175
144 124
159 180
63 153
83 56
199 171
127 160
93 2
188 196
193 100
96 88
144 57
50 95
131 73
1 127
154 49
113 79
202 72
53 167
144 42
106 154
31 48
16 19
66 41
118 29
81 138
37 154
117 56
182 21
203 85
47 146
88 140
152 33
98 130
176 152
174 90
80 81
192 185
190 44
44 10
180 176
152 176
28 78
135 6
102 51
197 42
24 9
52 129
22 5
12 138
63 159
57 203
43 50
8 99
177 156
51 189
155 20
154 28
130 116
138 58
195 62
146 94
120 84
53 107
7 9
114 115
201 99
31 76
95 162
144 117
199 183
20 29
26 163
115 163
149 175
188 88
47 75
0 3
51 146
79 31
172 160
89 59
108 171
39 169
138 33
71 134
17 175
6 178
157 43
21 149
178 145
154 157
8 67
142 46
17 69
194 167
21 157
192 10
175 140
142 141
35 180
110 85
132 91
88 11
109 51
44 180
90 76
163 4
154 143
138 152
122 198
204 26
146 1
135 149
127 81
112 132
33 86
78 108
162 186
60 171
34 146
200 177
86 161
38 87
30 102
182 190
17 91
29 101
47 148
125 14
62 98
28 89
110 36
140 8
17 87
78 69
98 9
103 147
104 38
109 149
191 135
131 101
170 18
26 182
99 47
26 5
140 167
163 11
51 168
9 79
33 106
194 1
22 51
65 199
155 24
186 201
105 34
115 79
58 112
198 66
54 136
128 124
119 114
129 58
158 109
100 167
71 130
54 156
176 84
124 125
56 113
72 62
90 181
184 173
183 19
70 52
168 72
89 132
125 16
197 119
116 22
49 57
190 186
59 90
166 186
77 117
142 56
38 140
65 115
103 182
3 2
36 24
7 117
113 20
160 135
25 38
25 136
48 162
81 161
102 155
64 71
32 59
183 62
100 138
29 166
0 194
120 139
137 183
18 76
101 33
141 177
98 168
113 190
74 58
57 56
119 112
155 105
54 171
200 82
122 69
138 150
201 101
50 81
112 52
112 62
170 140
164 181
74 132
175 153
98 75
132 128
122 140
44 121
146 43
47 107
39 6
196 34
175 44
115 146
188 131
99 184
170 89
142 131
30 192
163 166
125 107
146 192
114 123
71 188
72 88
170 198
72 102
198 1
161 127
168 201
79 150
188 61
201 189
133 127
198 29
91 98
19 81
104 4
75 110
95 160
168 160
123 199
76 194
47 51
66 193
148 14
19 150
138 26
145 2
201 84
88 144
8 190
128 172
118 22
99 186
189 183
47 137
182 156
166 72
79 47
152 204
192 104
119 156
31 95
190 62
160 73
40 67
123 65
72 12
177 190
192 43
52 97
194 11
199 8
58 161
60 113
9 14
28 163
8 75
109 66
118 33
158 41
123 71
81 22
149 12
129 45
119 192
145 138
96 49
96 47
202 178
90 112
45 76
104 65
49 42
151 96
6 8
100 91
66 37
160 118
186 26
193 186
184 98
150 171
129 82
132 27
197 188
59 104
166 180
181 159
77 30
73 96
99 80
138 74
127 123
164 47
23 64
148 44
112 123
5 72
134 202
197 162
129 93
105 85
16 9
19 122
22 183
130 75
20 69
89 43
153 58
67 116
96 54
113 85
138 184
106 185
85 102
111 162
29 20
104 75
16 100
91 110
171 6
169 50
135 155
17 85
190 3
161 27
203 89
170 75
146 142
160 138
123 192
30 172
15 42
32 162
151 150
30 55
73 130
151 202
177 146
37 126
12 16
81 172
139 198
165 79
71 13
29 76
70 157
97 32
9 28
46 55
71 116
204 1
18 127
17 130
100 94
101 73
132 75
139 6
193 46
158 187
102 186
159 75
96 139
17 43
7 110
100 196
180 57
73 163
68 75
169 133
3 123
176 144
15 168
76 119
181 157
188 126
126 152
199 111
115 40
19 143
98 54
29 198
55 178
142 58
198 113
9 199
41 168
11 160
163 29
203 147
187 97
141 197
75 75
182 52
159 85
82 76
193 102
7 119
131 199
135 115
62 182
104 184
192 12
74 9
156 166
127 176
72 8
82 58
115 102
57 170
44 150
36 196
90 119
196 23
111 152
116 58
176 46
28 1
32 173
130 172
41 164
134 74
166 56
11 56
159 64
91 132
87 102
94 4
81 46
19 39
30 29
27 127
11 31
167 36
95 42
58 88
87 198
196 199
200 71
52 109
43 179
123 190
186 132
79 88
85 112
45 136
168 15
180 74
176 103
102 100
57 103
51 45
155 133
80 201
30 24
75 42
134 99
118 162
17 93
70 113
110 112
59 8
144 148
110 7
152 154
97 166
90 0
18 45
27 156
4 56
101 27
117 109
140 46
171 142
202 131
164 57
80 54
105 128
70 81
162 170
109 22
1 17
142 39
137 10
28 201
77 97
78 136
107 98
183 60
144 62
19 61
118 31
172 111
92 64
77 67
165 89
138 147
203 103
140 201
64 98
33 66
59 81
131 159
152 82
145 119
63 9
51 9
25 140
48 150
64 128
162 9
69 60
0 151
8 195
40 97
126 52
129 170
106 133
61 4
28 142
199 139
188 137
34 201
5 155
128 135
62 53
12 92
98 82
187 17
173 3
128 133
145 146
173 152
149 24
73 64
62 65
148 98
52 192
118 58
189 148
108 155
110 124
134 142
97 187
178 109
127 203
202 70
111 170
144 114
180 65
80 30
99 98
113 41
173 65
198 188
152 146
34 148
133 170
30 110
168 13
138 167
97 51
60 6
19 137
192 159
116 42
137 149
97 30
17 102
174 204
8 55
201 49
53 193
8 140
138 14
141 16
169 70
101 49
113 139
41 137
3 71
181 199
86 66
177 141
6 46
107 62
204 166
14 9
189 179
21 64
164 87
36 157
176 78
62 21
26 73
92 66
171 34
150 38
112 118
117 111
24 72
20 128
173 118
109 199
121 3
164 5
117 2
155 51
162 101
73 128
171 2
187 130
199 42
21 95
198 108
9 12
90 17
200 204
84 160
6 151
25 43
34 117
45 7
68 120
132 116
119 110
187 135
12 158
203 119
7 199
76 180
14 16
109 43
39 98
122 125
195 64
98 174
80 159
91 20
78 195
42 0
170 172
186 168
115 2
103 2
21 136
71 29
126 79
33 96
1 77
184 52
96 150
76 192
23 43
7 149
85 8
32 10
176 76
166 98
11 42
127 83
19 41
88 156
90 22
64 203
9 141
73 174
166 43
11 37
30 93
53 131
149 50
163 152
10 135
158 72
177 30
57 94
149 1
128 87
140 12
171 144
87 162
178 90
175 30
135 127
97 0
101 119
18 100
32 28
42 172
160 57
193 76
19 94
17 7
149 123
51 7
8 142
17 53
49 166
112 121
128 47
94 88
201 47
44 119
71 55
30 196
197 138
10 156
88 195
57 192
113 50
91 149
50 124
58 71
160 10
7 179
3 19
89 149
4 21
153 164
137 126
51 93
1 1
124 102
186 126
54 15
63 55
151 65
132 141
12 88
63 199
129 159
20 23
9 127
204 116
50 113
8 109
154 179
113 100
26 191
93 143
152 37
9 10
166 191
92 77
90 37
15 110
89 74
195 142
86 181
125 34
114 43
35 174
198 97
90 167
58 92
94 22
166 65
10 78
80 162
86 128
162 46
190 5
48 48
79 134
60 92
55 122
116 143
130 191
12 108
45 51
62 172
20 101
37 194
24 169
6 93
56 85
71 80
53 68
158 115
123 177
124 179
36 63
178 192
172 197
190 77
1 149
183 188
163 60
136 118
68 157
92 128
85 33
168 75
39 27
23 123
100 29
161 77
113 127
137 165
101 11
173 110
1 153
173 174
182 174
201 61
76 91
51 122
7 127
8 87
101 109
121 71
39 134
158 136
187 124
156 109
65 125
143 88
1 145
150 63
83 185
187 183
140 160
174 196
81 88
83 101
190 64
16 25
147 3
164 136
52 95
177 164
150 26
26 193
186 122
162 57
129 9
164 37
19 182
105 183
189 129
164 169
171 4
68 78
25 156
38 183
196 5
27 140
82 63
109 64
194 138
142 203
104 171
125 157
173 133
112 201
150 101
149 107
171 119
193 84
81 152
175 88
176 98
105 98
61 13
28 168
5 63
177 33
110 106
158 153
35 70
0 131
186 51
24 111
34 119
115 181
37 169
177 86
33 189
40 196
71 162
75 7
140 179
98 195
170 130
122 50
68 95
19 201
166 189
188 169
89 33
42 33
16 6
193 127
152 11
162 192
83 19
56 43
163 7
133 77
101 35
139 16
66 121
190 13
172 96
69 85
146 78
50 60
9 197
140 170
157 71
46 191
43 138
140 29
158 3
146 167
60 162
38 47
192 157
97 183
157 90
56 111
43 107
146 149
75 67
35 107
161 86
177 172
154 82
79 36
190 147
119 196
139 102
113 146
161 155
15 21
152 26
149 68
202 149
144 142
31 108
11 163
170 36
85 197
63 201
180 148
132 89
126 40
150 9
134 86
184 86
111 86
162 111
197 87
85 84
56 35
137 114
190 145
75 138
25 16
140 38
9 183
114 69
203 154
198 128
158 118
103 88
163 200
70 17
86 183
164 190
187 105
94 54
97 56
152 22
150 103
180 180
0 192
192 39
199 73
110 95
33 41
20 67
79 21
40 48
176 125
192 117
75 105
2 155
162 2
91 203
152 148
152 156
203 62
166 104
40 32
63 102
134 88
49 55
72 10
128 24
129 182
105 159
174 200
39 89
67 118
189 135
88 104
31 66
171 87
68 52
152 76
31 20
85 44
87 97
202 45
18 64
88 26
111 190
71 82
58 46
132 176
194 87
91 172
96 92
69 194
155 7
59 19
145 182
99 202
39 31
94 169
123 33
118 15
93 124
155 111
84 51
122 85
90 7
138 71
55 94
76 132
33 136
119 166
157 181
102 20
73 106
105 76
37 81
33 84
117 149
111 79
94 48
71 173
108 86
121 121
42 20
186 64
17 4
80 194
178 143
195 187
52 20
78 132
72 201
108 189
126 4
124 50
48 12
110 102
14 114
100 100
152 178
20 121
142 26
135 194
86 146
169 34
106 181
52 120
125 105
180 191
93 129
6 141
45 9
188 84
192 41
64 103
136 23
1 116
104 86
143 68
73 54
128 200
168 126
51 174
23 41
32 132
82 163
171 171
142 153
142 115
173 122
64 157
61 159
179 45
88 41
37 192
73 79
98 190
72 39
13 159
153 29
42 10
14 104
43 168
204 179
17 95
72 172
185 136
36 115
64 52
43 77
54 159
0 167
48 71
63 124
116 98
47 9
110 70
36 181
113 181
17 192
14 5
167 70
159 128
106 53
10 92
6 126
137 6
52 33
35 39
91 68
22 193
131 103
10 187
104 155
7 64
7 62
72 119
182 58
145 187
0 144
38 124
