159 60
3 141
157 190
148 87
40 137
187 150
92 1
78 5
31 70
64 2
203 103
126 162
142 69
112 76
36 20
177 28
13 2
56 41
20 1
9 78
57 24
122 136
78 199
109 4
60 42
162 197
69 180
82 164
127 200
14 112
149 174
31 93
91 188
61 10
68 193
58 171
171 126
172 145
106 16
122 203
30 115
38 174
155 121
111 165
117 183
85 109
179 3
124 147
16 16
103 168
139 3
56 179
19 153
193 67
189 157
146 75
152 35
63 3
140 70
42 172
48 148
32 120
198 100
113 119
70 40
63 65
108 107
62 39
199 45
172 87
181 96
90 135
149 104
193 41
156 120
31 61
144 179
113 23
200 201
131 103
98 204
21 49
176 114
181 74
106 94
102 192
145 184
62 37
175 162
102 27
170 184
42 155
107 62
125 24
76 146
172 0
150 60
30 29
156 32
97 54
141 34
92 104
85 52
82 81
156 138
60 35
183 202
172 174
100 72
35 111
201 60
149 94
73 87
107 31
0 14
106 120
158 92
90 42
186 38
19 152
176 149
17 21
127 179
145 193
157 61
77 88
117 66
91 6
182 7
93 132
97 192
0 125
38 182
10 176
122 144
48 42
204 23
7 67
22 128
33 118
175 78
103 188
90 73
35 36
73 77
146 186
52 21
40 109
181 155
72 41
91 44
8 129
70 177
152 11
138 92
70 198
103 74
140 68
18 135
0 86
194 1
60 152
36 14
14 87
69 53
44 138
74 23
186 171
16 3
97 172
97 149
89 117
107 77
20 41
118 125
169 161
139 118
64 7
8 69
134 87
29 14
61 172
113 183
141 60
185 60
186 203
162 10
141 58
19 126
45 107
113 103
99 105
46 47
149 70
67 142
195 162
188 85
42 166
123 0
92 25
43 124
74 89
156 130
38 87
102 148
34 9
65 100
0 54
110 132
92 138
2 21
23 55
61 150
97 174
196 166
58 153
90 139
202 110
50 110
117 33
75 62
144 168
56 20
112 67
158 176
13 103
37 95
55 168
127 49
122 120
16 129
38 82
181 78
27 42
14 17
175 10
153 165
85 45
114 73
108 156
73 13
90 198
94 51
17 49
16 29
134 96
60 60
117 19
47 84
58 200
171 163
43 5
165 36
42 195
111 153
170 130
189 19
140 30
88 180
136 201
40 195
4 62
177 203
140 155
48 94
152 24
129 136
171 104
119 93
43 85
104 38
191 67
201 129
30 84
184 22
108 109
140 113
164 80
124 143
186 18
173 133
36 86
47 112
76 171
15 39
169 163
128 102
66 0
22 159
13 189
110 86
180 76
183 33
160 2
26 171
114 75
134 78
153 141
95 86
113 125
87 143
113 57
153 132
50 175
126 43
90 103
188 174
162 146
94 21
40 156
22 173
86 100
19 95
165 73
197 0
90 149
129 175
75 136
57 91
203 192
134 71
37 192
164 188
159 148
180 189
96 6
49 52
3 34
119 41
80 4
63 176
112 101
197 117
88 148
143 33
119 147
181 187
48 113
159 174
100 74
59 23
48 57
48 40
45 84
185 14
130 177
96 48
14 171
142 32
4 129
60 154
152 50
142 188
104 121
183 9
193 128
170 102
50 192
68 116
33 181
123 122
143 151
189 153
202 149
151 131
72 168
97 9
19 138
169 125
159 77
17 121
10 128
0 88
196 7
139 1
124 44
26 12
142 86
52 66
160 194
14 29
2 0
3 43
28 21
51 17
102 124
193 73
18 63
46 189
144 54
125 22
155 84
72 140
123 65
30 59
90 115
45 120
10 13
173 131
141 36
171 69
183 53
37 37
107 188
90 189
193 204
167 186
144 164
85 63
52 175
21 198
111 151
3 66
52 179
59 25
68 59
126 34
120 139
66 60
44 201
24 172
66 192
179 154
72 20
200 39
51 57
0 162
95 171
148 102
60 58
30 200
133 177
155 155
136 39
69 141
141 150
45 74
202 186
65 117
180 176
107 181
44 105
105 169
194 135
62 193
51 121
114 9
118 168
31 192
153 130
55 173
52 170
157 165
167 171
76 35
35 182
44 75
194 165
18 155
89 143
90 96
204 117
176 128
79 33
114 144
119 67
89 34
143 85
98 103
184 160
190 172
125 112
47 156
156 43
48 59
59 62
200 131
167 47
25 197
58 89
181 32
52 27
137 162
84 78
155 24
187 23
190 69
89 201
121 43
71 138
44 47
43 73
192 127
162 60
60 27
120 185
36 58
8 16
105 100
67 127
193 43
167 125
107 33
26 88
75 105
171 196
117 164
179 161
61 4
80 20
143 61
47 108
201 62
23 155
194 6
50 119
197 40
34 92
122 86
167 103
104 135
69 27
92 12
11 103
5 95
190 8
36 24
53 33
188 158
46 201
101 185
161 151
155 80
193 137
147 193
112 74
136 72
193 45
154 27
151 48
144 151
106 199
117 194
167 100
174 0
21 44
135 119
118 88
47 145
134 117
76 4
124 139
162 195
110 47
135 17
130 180
173 68
129 72
44 9
89 166
75 178
41 124
105 127
25 3
40 169
108 163
60 93
22 47
76 179
43 146
183 31
75 39
60 39
44 173
189 162
27 17
17 38
182 71
50 56
141 189
76 86
36 113
6 173
23 157
32 68
152 119
44 169
30 163
103 50
52 19
68 200
127 154
32 12
158 130
72 67
55 135
190 79
14 21
75 190
16 146
190 168
179 92
94 204
126 144
192 105
186 122
191 88
30 132
22 53
104 84
105 32
180 30
40 63
3 4
125 105
25 14
136 144
127 152
104 18
162 3
51 172
19 148
140 187
125 82
147 104
53 44
91 105
60 82
199 85
74 6
36 109
96 203
15 88
98 32
89 150
71 179
58 44
5 152
121 90
80 202
26 55
95 90
147 88
157 172
62 152
17 89
0 150
118 115
92 115
133 70
147 85
179 9
30 117
36 8
99 90
188 127
78 3
50 39
146 66
71 38
88 52
48 48
70 67
37 156
178 101
98 71
79 132
44 126
148 75
181 9
39 34
116 142
193 4
203 190
139 153
55 32
39 59
119 30
13 162
94 200
61 176
144 41
128 202
175 112
122 185
78 139
4 58
136 142
202 166
25 41
21 4
98 7
88 69
184 25
87 123
123 149
138 42
45 51
178 87
71 167
69 157
45 197
101 193
189 118
110 199
55 131
101 64
73 61
16 23
15 36
158 162
5 148
173 192
179 99
187 68
131 112
191 23
67 114
64 126
49 168
43 127
180 182
16 149
85 22
123 112
86 110
0 17
59 68
170 46
128 44
159 42
119 195
56 203
51 156
172 135
33 177
72 191
157 6
15 25
50 11
69 189
151 9
6 15
53 121
178 7
117 170
57 177
57 32
22 121
176 189
73 177
173 122
65 55
15 110
22 114
74 165
104 147
160 111
170 165
60 37
169 195
121 73
155 93
140 135
20 39
120 92
116 8
157 83
109 63
33 41
31 122
38 24
52 42
164 87
169 70
176 24
192 182
26 1
144 67
126 55
193 2
198 139
68 79
122 15
14 5
116 21
86 51
12 113
197 42
203 63
115 127
95 57
6 135
199 127
27 159
103 32
62 154
135 90
114 24
59 34
10 196
16 86
55 55
135 4
137 16
36 183
158 84
34 113
109 148
115 129
30 55
201 111
174 114
66 144
102 136
58 42
4 97
32 42
65 102
84 186
26 149
4 36
85 76
192 56
161 113
148 92
138 200
13 33
109 76
181 183
71 181
201 52
34 24
71 104
55 67
204 75
126 45
4 118
44 122
144 186
77 18
134 127
91 113
45 112
47 42
20 197
122 34
100 171
167 15
137 184
52 196
27 193
123 71
44 4
127 112
7 189
143 146
27 199
91 64
165 167
77 7
15 108
141 17
77 143
110 34
88 97
18 28
183 73
78 81
137 8
182 17
187 148
179 5
131 89
132 110
73 172
186 173
62 1
196 22
42 200
52 130
166 75
177 112
162 199
38 172
112 69
20 134
79 30
124 110
169 57
181 52
169 104
138 141
118 192
65 123
86 35
126 36
122 140
162 39
20 156
105 131
58 194
45 79
1 164
130 202
119 91
114 43
102 146
142 168
189 42
136 32
190 107
197 109
79 92
104 125
181 50
54 104
127 23
155 95
158 174
124 135
151 129
168 194
27 19
121 125
167 13
189 160
88 182
16 158
58 160
202 147
70 139
154 11
170 197
63 200
161 120
29 167
20 158
10 77
97 147
138 22
183 51
80 139
1 19
176 121
167 58
109 189
140 103
31 194
77 150
108 83
182 158
149 76
22 136
7 45
38 61
192 66
130 59
30 144
185 32
199 199
19 193
113 3
63 141
191 118
140 122
99 50
50 150
173 43
0 21
86 174
49 111
135 195
50 166
188 168
172 46
177 152
86 31
109 165
199 15
146 2
70 85
43 7
57 84
117 45
17 192
84 110
129 50
2 59
203 57
151 174
48 110
110 161
88 188
3 128
103 182
53 18
94 37
126 196
55 47
46 151
105 22
2 24
31 80
160 136
138 24
86 49
38 122
61 113
196 173
55 122
77 116
92 5
92 199
170 122
175 26
175 28
52 40
193 118
72 119
161 40
111 188
118 31
111 170
157 96
36 116
92 65
62 143
179 44
59 11
149 100
137 20
84 184
176 176
89 71
30 120
126 138
12 31
63 180
56 26
29 27
70 91
200 97
174 64
59 84
108 87
147 131
112 63
194 167
113 127
173 141
74 20
103 196
141 180
28 43
105 133
22 51
173 71
41 12
40 58
174 164
157 21
134 186
37 120
114 60
177 26
173 66
74 148
109 104
112 21
161 23
20 114
178 77
143 88
134 113
80 37
149 68
162 93
124 145
55 24
3 164
164 27
135 67
126 164
25 117
74 146
30 68
2 37
143 160
118 28
73 149
69 101
112 8
53 107
73 116
89 147
45 6
70 147
179 183
134 179
185 148
165 13
142 67
91 117
90 183
145 104
145 77
64 61
103 88
91 165
27 131
74 174
17 173
182 22
70 145
88 50
95 7
176 126
15 92
175 153
105 49
39 95
171 133
159 151
102 122
170 159
175 100
197 34
30 196
120 191
3 96
82 160
127 161
102 98
189 132
141 152
142 30
188 155
168 102
175 66
187 48
140 43
112 65
135 145
181 180
21 183
89 199
48 142
161 148
148 61
180 17
140 165
126 192
83 165
42 9
142 142
46 119
16 116
43 107
142 65
195 117
49 72
103 86
53 16
150 46
200 183
197 86
127 104
91 32
44 175
32 22
8 176
92 134
31 118
43 198
32 83
12 111
149 9
86 141
194 23
117 26
114 47
144 123
198 38
28 191
53 177
160 153
50 190
120 3
115 155
102 126
90 145
19 68
97 98
54 159
198 182
167 44
200 32
174 121
75 88
107 169
196 99
178 182
181 94
160 196
103 34
74 4
60 164
150 4
126 53
72 78
139 161
35 42
38 7
164 77
74 68
114 123
110 134
5 66
107 85
196 95
194 181
79 22
184 200
48 76
36 62
15 61
78 159
118 0
79 117
91 170
90 121
77 104
191 4
172 150
105 129
178 163
130 45
146 92
116 101
199 181
3 143
202 17
22 45
173 101
191 46
47 147
155 82
155 9
22 180
166 190
106 37
132 59
41 25
196 171
11 32
120 143
195 128
79 121
182 97
64 199
174 173
4 171
59 113
114 62
187 132
176 75
120 181
79 204
35 40
14 177
15 70
47 133
101 151
199 95
82 78
9 189
30 12
23 198
9 194
79 83
122 146
140 101
47 117
113 19
71 169
1 39
32 14
165 99
120 85
200 79
88 11
19 74
119 183
200 148
92 59
105 63
42 168
78 128
88 54
188 181
28 55
35 38
111 198
201 54
19 142
150 62
79 106
157 94
54 40
101 138
37 111
123 50
156 71
134 75
88 100
94 55
59 46
57 180
93 7
141 161
156 177
57 68
99 148
153 83
19 49
138 119
154 73
111 4
70 89
145 166
199 102
153 75
94 15
47 51
86 189
157 113
144 64
168 201
12 34
49 74
191 25
157 163
89 44
48 189
91 23
184 71
15 67
61 62
131 182
61 67
196 126
38 118
71 141
188 21
94 84
202 79
5 34
201 164
67 203
18 140
174 110
2 55
32 81
153 79
198 174
170 143
47 44
54 118
172 143
97 166
159 172
150 98
194 104
28 101
25 115
89 187
124 125
51 29
34 28
113 169
161 21
135 99
65 80
50 13
199 34
5 55
45 88
24 174
116 24
60 21
179 95
191 48
88 173
143 162
189 194
24 47
46 136
72 164
194 99
100 201
21 74
198 96
40 125
92 98
130 24
34 11
7 175
35 94
170 171
159 24
163 52
88 168
136 156
174 86
57 55
161 53
133 124
148 46
57 57
122 3
56 153
133 68
7 200
98 99
39 197
125 153
72 101
111 70
160 61
136 74
58 155
103 180
1 129
195 103
202 85
21 65
66 158
191 86
22 178
154 133
188 66
113 59
115 99
183 55
154 32
6 76
137 180
63 113
68 191
156 8
54 105
101 128
89 123
53 180
29 86
15 147
27 115
129 194
10 15
122 138
81 162
82 23
136 182
199 179
130 110
201 133
91 190
189 166
5 4
131 201
77 39
145 70
77 201
160 57
77 145
79 85
185 1
167 199
13 93
43 13
147 175
91 27
166 24
16 156
177 123
41 107
109 69
176 91
94 202
119 89
33 115
142 113
169 170
191 55
77 9
190 127
43 134
146 188
173 199
135 94
153 121
113 84
179 191
115 166
73 138
36 46
23 6
70 60
181 72
30 21
142 123
185 149
18 119
80 16
78 135
40 94
197 24
91 184
20 25
118 17
159 113
135 199
64 63
168 184
126 160
86 191
151 106
193 100
110 75
188 35
15 105
54 133
8 97
91 10
201 15
54 120
58 105
27 139
46 155
32 28
105 188
150 107
63 191
78 20
198 126
175 4
8 119
131 94
166 79
60 203
116 168
62 8
10 91
5 93
170 68
201 137
61 100
96 175
42 48
139 168
203 53
39 155
187 123
104 98
24 181
156 73
91 167
84 74
4 17
188 79
131 156
31 57
56 53
198 32
99 101
165 101
96 190
79 39
112 46
63 102
142 182
20 47
86 187
40 74
108 133
127 194
28 148
109 152
27 129
109 78
26 36
180 28
69 202
121 193
146 68
159 129
155 109
11 188
146 90
12 14
122 134
39 65
81 79
192 76
141 157
77 131
12 129
21 179
6 97
136 41
101 47
34 190
123 88
160 115
38 180
166 42
134 41
57 87
60 64
125 51
195 187
124 33
52 84
125 183
133 201
137 4
35 26
35 193
19 184
88 56
49 83
108 48
164 194
20 70
204 143
104 158
28 135
138 31
201 77
110 172
176 143
32 117
4 120
45 72
9 165
90 137
126 150
92 152
78 90
129 48
103 72
196 32
77 197
190 34
163 101
17 102
140 41
72 89
50 85
164 40
92 84
19 195
127 89
146 102
91 18
82 85
164 3
81 6
131 57
160 146
37 84
144 142
125 107
56 133
186 182
48 154
79 166
56 159
106 106
192 159
30 25
89 131
33 37
136 154
8 74
72 147
100 191
90 2
70 80
117 153
23 43
141 0
101 149
133 100
99 203
199 188
84 188
129 159
92 56
77 120
164 201
61 181
34 20
28 68
128 180
196 200
3 149
105 96
153 106
96 164
178 75
203 55
13 36
125 149
175 130
10 135
95 19
122 196
111 105
65 156
47 72
127 182
122 1
111 203
106 18
76 37
108 105
75 180
180 7
112 150
150 0
21 126
174 152
178 175
138 40
151 162
95 83
144 182
35 22
46 86
135 129
57 131
12 18
60 201
174 177
106 3
192 21
203 59
26 201
72 115
166 11
190 155
175 203
126 26
69 143
5 47
81 132
77 34
60 174
27 53
19 186
182 18
168 197
57 22
74 132
106 47
9 98
90 98
133 94
90 53
74 107
199 129
125 87
157 161
140 201
27 170
7 121
143 158
39 120
61 202
25 87
194 183
18 130
54 93
137 115
14 116
81 18
35 66
21 152
175 41
79 119
119 123
12 102
9 44
144 52
118 21
126 119
182 62
76 68
75 173
95 39
145 39
78 35
27 103
177 116
133 199
29 122
179 180
81 83
123 5
59 180
53 29
93 39
15 173
62 6
72 23
106 157
188 18
116 97
5 175
116 190
116 88
128 191
41 199
145 88
37 115
137 197
48 85
0 102
9 163
67 54
147 173
154 119
169 182
198 13
151 104
54 65
74 191
160 149
115 23
75 18
169 172
76 20
163 12
5 72
84 182
5 42
192 49
109 32
13 165
103 25
115 26
149 59
90 69
166 9
7 28
127 156
115 117
121 204
5 142
23 115
26 164
9 89
32 109
130 114
35 84
116 86
154 34
101 49
151 144
91 150
163 7
31 172
57 157
155 164
49 155
115 58
163 190
24 113
176 40
151 133
61 41
187 160
122 111
138 136
181 177
164 38
171 161
28 164
154 129
61 25
28 150
69 81
99 172
113 154
122 126
195 89
173 146
45 145
203 13
151 177
17 19
163 54
58 7
41 133
147 71
202 151
56 118
81 137
18 72
24 80
39 44
79 197
58 85
197 138
168 69
166 92
74 118
144 119
124 137
72 145
186 36
176 202
87 76
18 46
189 25
37 173
176 12
15 169
3 201
10 107
157 59
164 93
129 101
67 123
7 99
110 108
12 4
4 60
29 173
92 3
34 15
125 121
152 7
138 69
201 119
170 120
42 105
201 1
175 192
34 44
115 164
141 56
45 109
49 92
60 69
126 177
108 171
53 135
52 25
114 204
135 69
100 29
56 171
202 112
40 181
20 72
92 120
144 56
186 158
73 25
33 66
135 19
167 35
86 172
164 149
104 170
179 200
165 181
197 119
95 173
166 28
6 130
90 58
31 137
180 202
133 196
143 43
55 27
95 17
1 120
73 189
75 150
59 57
36 10
172 103
25 7
78 130
21 185
181 54
178 202
65 203
159 40
143 177
156 134
35 176
163 95
189 87
165 55
124 184
141 54
201 56
168 188
196 1
147 79
155 162
5 199
143 121
72 60
82 20
27 157
178 165
22 171
63 53
11 89
173 162
69 194
182 60
93 14
134 175
38 136
1 127
79 18
195 138
0 152
105 75
24 45
98 11
82 183
86 53
139 25
143 180
117 126
39 26
23 184
73 179
111 2
166 201
130 60
54 31
79 200
139 98
110 146
106 147
185 202
0 37
199 41
117 145
79 88
21 78
189 68
195 42
76 6
201 189
185 174
66 194
98 73
174 127
168 34
57 9
148 24
78 41
38 46
14 175
149 45
75 170
162 153
35 122
202 162
54 25
98 170
54 179
45 45
51 15
93 171
63 178
113 166
147 190
23 138
23 4
89 10
123 183
13 114
52 117
35 178
46 143
187 105
86 65
85 48
69 173
137 98
113 117
177 42
160 134
6 126
36 194
114 55
49 144
187 20
23 78
14 107
50 27
177 8
116 115
108 191
141 28
141 119
65 37
117 124
88 95
93 113
102 171
131 71
103 48
89 23
61 65
6 196
19 65
104 123
164 23
114 189
17 25
123 194
118 185
101 75
13 158
35 69
194 74
91 119
18 157
53 168
141 40
139 27
188 37
145 145
187 153
50 25
163 91
126 85
49 44
97 86
161 75
88 135
99 48
19 51
42 153
38 9
166 87
74 101
167 105
112 145
131 0
114 143
118 181
3 41
57 47
199 203
112 72
16 63
76 129
8 91
60 85
126 136
93 17
126 203
156 92
43 79
93 167
75 21
21 116
179 116
30 76
154 144
197 199
71 189
23 134
201 58
139 180
168 131
56 137
169 48
133 180
38 134
133 61
154 25
139 55
87 33
119 19
197 45
4 203
64 78
8 136
106 87
199 197
104 16
92 96
2 61
200 117
172 170
9 191
30 149
55 91
137 10
68 121
39 153
14 19
84 20
24 178
54 166
57 162
48 137
20 122
95 166
56 105
135 7
135 180
55 69
30 82
101 167
107 197
60 6
108 199
99 137
154 135
17 194
70 56
64 192
186 103
56 155
139 13
105 51
133 22
107 130
7 72
174 197
10 130
73 103
143 166
176 101
68 144
195 87
98 28
141 121
135 101
125 158
144 60
37 65
116 0
190 105
152 22
7 193
97 186
98 183
161 117
171 124
152 113
10 133
139 10
197 170
143 189
92 131
183 57
30 44
146 4
92 41
188 172
73 3
112 1
104 108
129 179
52 14
197 94
51 194
52 6
137 2
163 22
28 133
18 196
122 17
155 30
73 151
194 21
18 2
70 25
163 113
17 118
200 109
162 137
65 119
123 74
176 0
111 201
106 109
179 156
171 141
60 99
43 64
197 180
44 154
36 82
8 86
19 180
16 68
148 67
176 45
151 52
158 111
154 131
151 6
24 2
53 9
136 186
63 155
62 164
85 123
85 104
84 65
192 84
197 101
198 115
159 195
162 118
27 86
28 12
140 35
93 122
137 90
159 22
133 157
48 192
74 163
117 90
102 101
39 107
59 9
193 163
190 85
185 9
11 79
64 160
123 67
29 18
150 74
45 43
138 143
22 76
29 70
189 78
93 86
203 15
146 87
187 34
60 104
192 6
72 106
146 64
138 186
42 74
4 56
27 84
202 140
113 202
188 69
146 192
200 99
105 20
193 169
190 11
75 144
17 17
157 155
136 68
69 103
128 110
49 157
179 97
190 36
86 11
122 41
189 71
32 44
108 146
11 100
73 99
159 170
188 136
174 194
99 193
117 117
139 151
72 170
172 129
104 36
86 97
178 10
120 17
201 50
139 100
98 88
82 134
49 9
190 181
21 124
151 95
18 39
127 47
188 106
26 101
141 203
179 79
100 7
136 92
81 204
158 188
65 142
105 119
37 44
155 142
192 54
174 129
61 33
129 103
94 41
117 147
152 157
77 137
28 29
77 43
115 169
190 120
136 24
6 86
8 195
80 90
51 45
164 42
185 16
162 41
128 25
28 38
121 183
31 166
176 88
103 194
80 158
44 86
201 152
149 132
96 177
160 59
28 168
164 153
18 198
154 111
112 43
51 173
37 175
98 75
165 89
61 84
55 22
129 112
44 152
10 93
184 8
84 175
151 179
157 151
49 196
140 111
197 188
105 61
0 24
5 44
33 192
91 182
7 178
172 194
169 167
199 108
27 172
166 185
16 171
59 80
10 111
167 56
4 0
203 164
76 41
64 121
70 200
137 100
18 117
56 130
87 104
77 193
75 97
151 164
43 196
159 117
74 66
89 46
153 159
169 100
104 5
0 60
60 193
163 24
113 45
29 198
194 48
55 139
63 161
203 126
11 161
139 163
114 7
86 47
161 198
111 147
192 64
196 168
133 130
161 109
17 139
156 153
84 81
88 121
128 163
184 158
199 47
54 202
108 131
11 29
99 178
145 85
114 181
89 99
0 90
55 18
40 85
8 138
190 175
33 175
29 165
75 64
17 148
105 181
193 161
173 160
162 78
8 88
103 63
88 190
139 120
132 113
36 124
42 87
199 36
57 34
90 20
128 85
130 49
46 114
202 188
59 192
79 144
64 143
42 125
28 16
138 33
170 128
153 102
154 7
125 89
79 6
6 176
193 186
189 23
66 62
62 35
101 23
18 146
112 6
28 82
29 136
42 63
200 141
189 81
3 199
200 13
189 89
143 53
64 38
85 67
93 23
74 41
7 95
4 6
194 160
66 140
155 113
83 79
88 137
75 117
174 201
31 18
137 18
180 62
150 2
165 103
18 67
87 166
74 16
122 43
172 65
177 2
142 72
146 41
149 130
121 66
78 67
197 84
126 110
51 111
46 199
5 202
92 149
37 60
1 92
22 80
176 174
178 23
185 34
19 27
37 97
151 76
68 198
169 16
72 5
29 53
199 55
148 192
157 90
40 135
185 23
85 56
42 122
3 151
46 78
101 5
89 172
164 185
100 147
184 36
73 21
155 22
103 23
203 204
107 64
135 184
114 167
67 38
110 8
55 107
37 63
100 123
90 48
134 182
124 4
154 38
158 72
84 173
34 13
203 132
103 129
165 186
108 94
54 171
101 66
170 194
100 169
73 136
165 171
178 177
26 151
162 149
20 3
58 60
173 27
152 61
92 169
10 139
26 38
177 161
9 67
126 148
63 55
86 74
134 23
4 70
91 14
9 29
62 69
183 175
187 82
91 46
40 173
38 58
132 155
7 149
185 105
5 2
190 21
116 28
36 80
70 58
190 76
77 106
28 113
193 120
85 54
151 78
156 4
139 17
80 81
35 96
25 53
143 55
24 51
54 43
191 57
203 89
12 176
186 64
202 117
46 12
68 146
86 69
0 78
114 87
195 85
10 102
56 70
58 179
177 5
177 44
95 146
1 35
27 197
27 14
20 199
118 2
104 156
42 23
131 22
102 29
21 181
54 175
74 2
94 6
0 118
91 71
106 145
153 95
101 173
201 203
168 10
150 93
56 116
176 84
186 84
68 40
138 112
5 131
72 69
62 174
41 73
14 163
91 74
5 150
71 27
128 53
44 199
83 112
16 175
56 201
4 173
86 176
145 121
160 176
64 153
86 55
198 172
127 158
94 2
189 192
195 101
96 88
144 58
50 91
133 72
204 128
150 50
112 78
0 73
52 166
145 43
108 154
33 46
15 18
65 39
117 30
82 139
40 154
116 54
183 20
203 87
45 147
88 139
152 33
102 134
178 150
174 88
79 79
190 183
189 44
44 11
181 175
153 175
29 80
134 5
103 52
196 44
21 6
54 130
22 2
10 137
62 159
58 202
44 49
9 100
177 154
52 191
157 23
155 28
131 115
139 59
195 64
147 94
120 87
54 109
6 8
114 115
200 101
31 78
93 165
141 117
196 181
16 27
26 167
113 164
149 176
188 87
47 74
203 1
49 146
80 32
172 159
90 55
106 171
40 171
140 32
73 134
18 175
9 178
158 43
20 150
177 147
156 157
8 65
142 44
17 70
195 169
22 156
193 8
176 141
140 142
33 179
111 84
134 92
90 12
108 46
42 181
89 74
162 5
155 140
138 155
121 195
1 22
143 1
134 153
127 81
113 129
33 85
79 104
162 189
60 171
28 146
201 179
84 164
38 85
30 100
179 187
15 90
27 99
46 149
124 14
62 98
28 88
108 34
139 8
17 87
80 66
98 5
104 149
102 36
110 149
192 136
131 101
168 17
26 179
97 49
25 5
140 167
164 11
51 168
7 78
37 107
195 204
23 49
67 201
155 26
184 203
105 34
114 77
60 115
192 69
54 137
126 125
119 117
128 60
159 109
97 168
73 130
55 157
177 83
122 124
58 116
71 62
90 181
185 172
184 18
67 52
167 73
89 133
124 16
199 119
117 23
48 55
191 186
60 89
166 188
77 118
143 57
39 138
64 115
102 184
3 2
37 22
6 118
114 21
158 135
27 40
24 136
51 158
79 162
104 154
63 67
32 59
184 61
100 136
29 169
0 190
120 141
138 182
20 76
101 31
142 178
96 170
112 190
72 57
58 58
120 115
154 104
54 170
200 84
121 68
137 153
201 103
51 83
110 49
112 61
173 139
165 183
76 133
176 151
100 76
132 128
122 142
43 120
148 43
46 110
40 8
197 36
175 43
115 146
190 130
99 185
170 86
140 137
33 194
167 167
127 108
145 190
114 121
70 191
71 87
171 199
71 102
198 2
157 128
169 199
75 152
186 62
200 187
132 126
199 30
91 100
20 79
102 4
78 108
92 163
168 165
120 197
75 193
48 50
68 195
151 13
18 150
137 26
141 2
201 86
89 141
7 191
131 173
119 22
99 187
188 183
47 135
182 156
165 71
79 43
148 3
192 103
115 153
33 94
188 62
159 73
41 65
119 65
75 12
174 190
191 44
50 94
193 10
197 5
59 162
62 115
8 14
28 166
6 74
110 66
115 33
157 41
123 69
83 22
150 11
128 46
118 190
143 140
94 49
94 47
201 181
92 111
46 76
103 65
50 41
152 93
6 6
100 88
64 36
160 118
187 25
192 184
180 98
149 172
128 83
132 24
196 186
58 103
167 183
180 159
78 32
73 97
97 83
138 73
125 123
168 46
22 63
147 45
112 123
6 70
132 203
195 164
132 96
106 84
14 8
19 121
23 182
131 73
21 69
87 45
148 63
66 116
94 53
115 85
139 184
105 186
86 102
110 163
30 20
105 73
14 101
94 111
174 6
171 48
134 155
17 85
192 0
164 25
204 91
166 77
143 144
158 137
124 196
31 174
18 41
31 164
150 146
29 57
75 131
148 1
175 148
38 125
12 16
82 173
137 199
162 76
74 14
29 78
68 159
100 32
8 30
47 53
70 116
0 204
18 127
17 131
101 90
102 73
133 74
138 6
192 47
156 188
101 187
159 75
91 140
19 43
9 109
101 195
182 56
72 166
66 78
169 132
2 126
175 145
13 169
75 119
180 157
191 125
125 151
201 113
117 41
18 144
96 52
26 195
55 177
143 59
200 115
8 199
42 170
13 160
166 26
204 145
183 95
139 198
74 79
185 52
157 85
83 76
193 102
6 119
129 200
135 115
61 179
103 186
191 9
75 10
155 167
128 177
73 9
86 58
115 102
57 169
46 153
37 198
89 119
195 24
113 152
115 56
174 45
24 200
33 173
131 175
44 167
134 73
165 57
7 56
159 62
91 133
88 102
94 4
80 41
22 40
31 27
30 124
10 31
167 37
92 43
59 87
90 200
198 201
202 73
52 109
40 179
125 194
188 131
78 86
85 112
45 134
169 14
179 74
173 105
103 100
56 103
50 43
153 134
78 202
29 23
73 39
134 98
116 162
17 91
69 114
105 110
58 5
142 149
110 6
152 155
95 168
92 203
19 45
25 158
2 57
101 25
119 111
141 42
175 140
202 131
163 56
83 56
103 127
69 83
164 169
111 23
204 19
143 39
135 9
25 199
75 99
79 137
107 96
183 59
144 62
17 61
116 32
175 108
90 65
78 65
165 91
137 151
202 101
138 202
63 100
36 67
58 82
131 158
151 80
143 118
60 8
51 10
25 137
48 150
65 128
164 9
68 61
1 148
8 197
41 96
127 51
133 173
106 132
61 2
29 138
200 139
190 136
31 198
3 153
128 137
61 56
14 91
96 84
187 16
175 2
128 135
144 147
174 150
150 23
73 63
62 63
150 96
52 193
117 56
186 151
109 154
111 124
135 143
98 188
178 114
124 203
203 71
109 170
141 115
180 64
81 30
100 98
115 41
172 67
198 186
153 143
30 147
135 177
33 111
168 12
138 166
96 50
59 4
18 137
191 161
118 43
135 152
98 30
15 103
173 203
5 57
199 51
53 195
6 139
137 14
141 14
169 72
101 51
115 140
42 135
6 68
181 200
87 67
178 143
7 43
109 65
0 166
12 6
186 180
20 63
163 89
39 157
177 79
61 23
27 70
91 67
171 36
152 37
111 118
119 113
26 68
20 128
173 119
109 197
120 1
164 5
116 2
149 52
164 99
74 129
172 2
189 129
198 43
21 94
199 110
8 12
91 16
199 0
83 162
7 151
26 44
34 116
45 8
68 119
133 115
121 113
189 134
14 159
203 118
7 198
77 181
14 15
113 41
39 97
121 123
194 65
98 176
80 160
93 19
76 195
46 203
170 173
188 170
114 1
104 3
20 136
70 29
125 80
33 96
203 77
185 50
99 150
76 191
25 43
9 150
87 9
33 10
176 77
168 98
16 40
126 83
21 42
90 152
92 21
64 0
8 140
72 175
165 44
14 35
32 91
53 131
149 48
163 151
8 134
157 74
179 27
58 93
144 3
127 87
138 12
174 142
85 165
178 89
178 29
134 125
96 0
103 120
16 101
33 26
42 174
160 55
191 74
19 93
16 7
151 121
51 8
6 141
17 51
48 167
112 121
130 47
94 88
200 48
44 118
68 55
29 195
199 137
14 157
87 200
61 191
112 48
93 147
47 121
58 70
162 8
11 178
2 17
91 147
3 19
153 163
135 123
52 91
1 1
126 103
189 125
55 16
63 57
149 66
133 144
12 87
65 201
129 157
18 23
8 127
1 116
51 113
11 109
156 175
114 101
30 191
95 148
154 36
8 10
166 194
89 76
88 35
17 110
88 73
196 140
86 181
124 35
116 43
35 174
198 98
90 168
59 91
96 21
168 67
8 76
78 164
86 121
166 46
191 2
47 46
80 136
61 91
52 119
116 144
129 193
13 109
46 49
59 173
18 100
38 196
26 173
8 93
56 85
71 82
53 67
158 115
124 177
125 178
35 64
176 190
172 197
191 78
3 147
180 185
162 58
136 117
67 157
92 129
85 33
164 75
37 26
22 123
100 27
161 77
115 125
138 164
99 9
176 110
1 150
174 175
183 173
203 61
76 90
48 119
6 128
10 87
100 103
121 70
39 133
156 136
189 123
157 109
66 125
144 87
1 144
148 65
86 185
187 184
141 159
173 196
80 86
84 102
189 64
14 23
142 3
162 135
51 93
176 163
150 25
29 193
188 121
161 55
125 6
166 38
19 182
104 184
191 128
166 169
173 4
67 81
25 156
37 181
195 5
27 137
83 63
110 64
195 136
139 203
102 169
125 156
171 131
112 200
151 100
148 106
172 120
193 85
77 152
176 86
177 99
106 98
57 11
29 171
4 64
182 30
110 106
158 153
33 69
204 131
187 51
26 113
35 118
116 181
38 170
178 85
35 191
41 197
70 165
75 8
140 182
99 195
168 129
123 48
67 101
22 200
167 192
190 170
89 32
41 35
16 5
194 126
153 9
164 196
83 18
56 43
165 7
133 76
101 33
139 15
66 121
189 9
174 102
72 85
147 77
50 58
10 198
141 169
155 75
46 191
44 136
139 29
158 4
146 168
61 162
40 46
190 159
97 184
159 94
57 114
42 109
144 149
76 66
38 109
159 86
178 173
153 81
78 37
188 151
119 193
138 102
113 146
161 155
15 20
152 26
147 69
204 147
141 144
34 109
11 164
169 38
90 202
63 202
178 148
133 91
124 42
150 7
132 87
185 82
113 86
162 111
197 88
83 83
54 34
136 113
190 150
76 138
26 15
142 38
12 187
114 71
203 153
197 128
158 119
105 88
165 199
73 18
86 183
165 192
188 104
92 54
95 55
153 23
150 102
180 178
0 188
191 39
202 75
107 93
32 40
20 67
81 22
42 46
175 125
195 119
75 103
2 153
160 4
92 201
152 145
154 157
0 62
165 105
39 36
61 102
133 89
49 54
73 11
129 23
129 182
106 159
175 199
40 87
67 117
191 134
89 105
34 67
172 85
65 52
152 74
32 20
84 46
87 99
201 47
17 65
90 25
110 190
72 84
57 45
131 179
193 87
91 172
97 90
69 196
155 6
58 21
143 184
98 202
37 35
94 169
122 36
121 19
91 122
156 111
85 50
121 88
91 8
138 71
56 93
78 133
30 134
117 166
158 178
103 21
73 105
107 74
38 80
34 83
118 149
110 77
92 48
70 175
109 85
124 120
40 24
185 66
18 4
78 195
177 145
194 185
54 20
80 134
71 202
107 190
124 2
125 48
48 13
111 103
15 114
101 99
153 177
20 120
141 26
135 197
88 145
169 36
105 183
50 117
127 106
178 189
93 130
5 140
46 10
188 83
191 41
62 104
136 22
2 118
105 86
144 69
70 54
126 201
169 127
53 173
23 41
29 130
80 164
172 172
141 154
139 116
175 123
64 157
61 160
178 46
87 43
38 194
72 80
98 190
69 38
14 161
154 29
42 11
13 105
44 171
201 183
17 94
71 173
186 134
35 115
61 54
44 77
56 161
2 166
46 70
64 124
117 99
48 11
111 68
35 180
115 183
21 193
14 3
167 71
159 127
106 49
12 92
4 127
136 6
52 31
33 39
89 67
26 192
133 102
11 190
106 155
6 65
6 63
72 117
182 58
144 188
1 142
39 124
